node1.planetlab.albany.edu_node1.planetlab.albany.edu_32 0	0.213000	70.578000	0.013000	0.000000	70.804000	1285	32
planetlab2.umassd.edu_node1.planetlab.albany.edu_2 2	76.749000	0.166000	0.053000	0.000000	76.968000	1260	64
node1.planetlab.albany.edu_node1.planetlab.albany.edu_47 0	0.200000	105.633000	0.011000	0.000000	105.844000	1299	32
planetlab2.netlab.uky.edu_node1.planetlab.albany.edu_3 1	120.996000	0.228000	0.018000	0.000000	121.242000	1266	544
planetlab4.rutgers.edu_node1.planetlab.albany.edu_9 2	185.315000	0.028000	0.022000	0.000000	185.365000	1278	1024
pluto.cs.brown.edu_node1.planetlab.albany.edu_2 3	200.310000	0.030000	0.074000	0.000000	200.414000	1262	768
planetlab2.cs.cornell.edu_node1.planetlab.albany.edu_2 4	205.122000	0.032000	0.101000	0.000000	205.255000	1275	448
planetlab1.rutgers.edu_node1.planetlab.albany.edu_8 2	269.504000	0.173000	0.086000	0.000000	269.763000	1314	512
planetlab4.rutgers.edu_node1.planetlab.albany.edu_33 2	271.711000	0.044000	0.014000	0.000000	271.769000	1309	1024
planetlab1.rutgers.edu_node1.planetlab.albany.edu_14 2	323.422000	0.144000	0.034000	0.000000	323.600000	1332	512
planetlab7.flux.utah.edu_node1.planetlab.albany.edu_2 3	325.497000	0.029000	0.065000	0.000000	325.591000	1257	1536
planetlab2.acis.ufl.edu_node1.planetlab.albany.edu_19 1	350.042000	0.023000	0.014000	0.000000	350.079000	1328	1056
node1.planetlab.albany.edu_node1.planetlab.albany.edu_131 0	0.298000	367.203000	0.010000	0.000000	367.511000	1382	32
planet2.cs.rochester.edu_node1.planetlab.albany.edu_2 2	368.471000	0.023000	0.055000	0.000000	368.549000	1343	672
planetlab1.cs.uoregon.edu_node1.planetlab.albany.edu_2 2	393.080000	0.285000	0.080000	0.000000	393.445000	1305	256
planetlab03.cs.washington.edu_node1.planetlab.albany.edu_9 3	371.780000	63.301000	0.013000	0.000000	435.094000	1286	320
planetlab03.cs.washington.edu_node1.planetlab.albany.edu_10 3	406.385000	30.042000	0.014000	0.000000	436.441000	1298	320
planetlab03.cs.washington.edu_node1.planetlab.albany.edu_11 3	407.345000	29.232000	0.014000	0.000000	436.591000	1300	320
planetlab03.cs.washington.edu_node1.planetlab.albany.edu_12 3	423.801000	12.783000	0.012000	0.000000	436.596000	1303	320
planetlab03.cs.washington.edu_node1.planetlab.albany.edu_13 3	425.254000	11.381000	0.012000	0.000000	436.647000	1302	320
planetlab03.cs.washington.edu_node1.planetlab.albany.edu_15 3	439.183000	1.359000	0.030000	0.000000	440.572000	1310	320
planetlab7.flux.utah.edu_node1.planetlab.albany.edu_4 3	444.217000	0.060000	0.024000	0.000000	444.301000	1306	1536
node1.planetlab.albany.edu_node1.planetlab.albany.edu_159 0	0.143000	444.973000	0.010000	0.000000	445.126000	1409	32
planetlab1.cs.uoregon.edu_node1.planetlab.albany.edu_12 2	446.623000	0.266000	0.011000	0.000000	446.900000	1321	256
node1.planetlab.albany.edu_node1.planetlab.albany.edu_163 0	0.137000	448.175000	0.011000	0.000000	448.323000	1412	32
node1.planetlab.albany.edu_node1.planetlab.albany.edu_165 0	0.132000	448.210000	0.010000	0.000000	448.352000	1413	32
node1.planetlab.albany.edu_node1.planetlab.albany.edu_168 0	0.299000	453.458000	0.011000	0.000000	453.768000	1415	32
planetlab-2.cmcl.cs.cmu.edu_node1.planetlab.albany.edu_21 2	467.136000	0.528000	0.049000	0.000000	467.713000	1377	560
node1.planetlab.albany.edu_node1.planetlab.albany.edu_175 0	0.193000	471.111000	0.011000	0.000000	471.315000	1421	32
planetlab1.cs.uoregon.edu_node1.planetlab.albany.edu_16 2	473.280000	0.027000	0.026000	0.000000	473.333000	1329	256
planetlab1.cs.uoregon.edu_node1.planetlab.albany.edu_18 2	493.628000	0.427000	0.030000	0.000000	494.085000	1336	256
planetlab1.cs.uoregon.edu_node1.planetlab.albany.edu_20 2	494.588000	0.288000	0.013000	0.000000	494.889000	1337	256
node1.planetlab.albany.edu_node1.planetlab.albany.edu_184 0	0.194000	498.493000	0.012000	0.000000	498.699000	1429	32
planetlab1.cs.uoregon.edu_node1.planetlab.albany.edu_22 2	496.389000	10.271000	0.024000	0.000000	506.684000	1339	256
planetlab03.cs.washington.edu_node1.planetlab.albany.edu_17 3	511.125000	0.283000	0.031000	0.000000	511.439000	1334	320
planetlab1.rutgers.edu_node1.planetlab.albany.edu_38 2	512.948000	0.163000	0.048000	0.000000	513.159000	1367	512
planetlab1.cs.uoregon.edu_node1.planetlab.albany.edu_24 2	511.334000	3.151000	0.027000	0.000000	514.512000	1341	256
planetlab1.cs.uoregon.edu_node1.planetlab.albany.edu_26 2	535.445000	0.077000	0.024000	0.000000	535.546000	1349	256
node1.planetlab.albany.edu_node1.planetlab.albany.edu_201 0	0.201000	548.859000	0.011000	0.000000	549.071000	1445	32
planetlab4.rutgers.edu_node1.planetlab.albany.edu_61 2	552.297000	0.118000	0.013000	0.000000	552.428000	1384	1024
planetlab4.rutgers.edu_node1.planetlab.albany.edu_72 2	564.890000	0.081000	0.024000	0.000000	564.995000	1406	1024
pluto.cs.brown.edu_node1.planetlab.albany.edu_6 3	578.593000	0.031000	0.025000	0.000000	578.649000	1390	768
planetlab4.rutgers.edu_node1.planetlab.albany.edu_79 2	586.743000	0.027000	0.022000	0.000000	586.792000	1410	1024
planetlab03.cs.washington.edu_node1.planetlab.albany.edu_20 3	607.436000	0.167000	0.032000	0.000000	607.635000	1366	320
planetlab1.cs.cornell.edu_node1.planetlab.albany.edu_4 3	619.871000	0.158000	0.036000	0.000000	620.065000	1420	1280
planetlab1.rutgers.edu_node1.planetlab.albany.edu_83 2	614.847000	19.626000	0.054000	0.000000	634.527000	1428	512
node1.planetlab.albany.edu_node1.planetlab.albany.edu_234 0	0.248000	648.535000	0.011000	0.000000	648.794000	1477	32
aguila2.lsi.upc.edu_node1.planetlab.albany.edu_4 3	664.625000	0.127000	0.014000	0.000000	664.766000	1293	576
planetlab2.uta.edu_node1.planetlab.albany.edu_2 4	671.261000	0.027000	0.074000	0.000000	671.362000	1348	1664
planetlab1.rutgers.edu_node1.planetlab.albany.edu_99 2	665.782000	6.491000	0.041000	0.000000	672.314000	1444	512
planetlab1.cs.uoregon.edu_node1.planetlab.albany.edu_44 2	688.271000	0.025000	0.023000	0.000000	688.319000	1401	256
plgmu2.ite.gmu.edu_node1.planetlab.albany.edu_2 4	688.381000	1.032000	0.120000	0.000000	689.533000	1411	896
planetlab1.rutgers.edu_node1.planetlab.albany.edu_107 2	697.966000	0.277000	0.044000	0.000000	698.287000	1456	512
planetlab1.rutgers.edu_node1.planetlab.albany.edu_109 2	698.025000	0.224000	0.035000	0.000000	698.284000	1460	512
planetlab1.rutgers.edu_node1.planetlab.albany.edu_111 2	705.417000	0.214000	0.041000	0.000000	705.672000	1461	512
planetlab1.rutgers.edu_node1.planetlab.albany.edu_115 2	717.181000	0.190000	0.048000	0.000000	717.419000	1462	512
planetlab1.rutgers.edu_node1.planetlab.albany.edu_117 2	730.980000	0.054000	0.044000	0.000000	731.078000	1468	512
planetlab4.rutgers.edu_node1.planetlab.albany.edu_136 2	749.836000	6.323000	0.013000	0.000000	756.172000	1470	1024
planetlab1.rutgers.edu_node1.planetlab.albany.edu_129 2	771.757000	0.191000	0.034000	0.000000	771.982000	1480	512
planetlab2.netlab.uky.edu_node1.planetlab.albany.edu_29 1	780.720000	0.139000	0.025000	0.000000	780.884000	1490	544
planetlab03.cs.washington.edu_node1.planetlab.albany.edu_26 3	798.016000	0.038000	0.036000	0.000000	798.090000	1430	320
node1.planetlab.albany.edu_node1.planetlab.albany.edu_287 0	0.193000	837.360000	0.010000	0.000000	837.563000	1529	32
planetlab4.rutgers.edu_node1.planetlab.albany.edu_163 2	866.200000	0.020000	0.015000	0.000000	866.235000	1502	1024
planetlab7.flux.utah.edu_node1.planetlab.albany.edu_8 3	873.698000	0.026000	0.023000	0.000000	873.747000	1449	1536
node1.planetlab.albany.edu_node1.planetlab.albany.edu_308 0	0.202000	913.494000	0.011000	0.000000	913.707000	1549	32
planetlab4.rutgers.edu_node1.planetlab.albany.edu_178 2	924.718000	0.021000	0.014000	0.000000	924.753000	1518	1024
node1.planetlab.albany.edu_node1.planetlab.albany.edu_315 0	0.365000	926.344000	0.010000	0.000000	926.719000	1555	32
planetlab1.rutgers.edu_node1.planetlab.albany.edu_190 2	931.663000	0.046000	0.033000	0.000000	931.742000	1524	512
planetlab4.rutgers.edu_node1.planetlab.albany.edu_196 2	961.364000	0.022000	0.015000	0.000000	961.401000	1526	1024
planetlab4.rutgers.edu_node1.planetlab.albany.edu_198 2	972.082000	0.077000	0.020000	0.000000	972.179000	1530	1024
planetlab4.rutgers.edu_node1.planetlab.albany.edu_200 2	978.223000	0.025000	0.027000	0.000000	978.275000	1532	1024
node1.planetlab.albany.edu_node1.planetlab.albany.edu_334 0	0.203000	993.752000	0.010000	0.000000	993.965000	1573	32
planetlab4.rutgers.edu_node1.planetlab.albany.edu_212 2	992.986000	13.330000	0.015000	0.000000	1006.331000	1534	1024
aguila2.lsi.upc.edu_node1.planetlab.albany.edu_15 3	1010.108000	0.099000	0.014000	0.000000	1010.221000	1400	576
node1.planetlab.albany.edu_node1.planetlab.albany.edu_339 0	0.282000	1007.931000	0.010000	0.000000	1008.223000	1577	32
planetlab4.rutgers.edu_node1.planetlab.albany.edu_214 2	994.731000	14.193000	0.020000	0.000000	1008.944000	1535	1024
node1.planetlab.albany.edu_node1.planetlab.albany.edu_343 0	0.247000	1015.457000	0.011000	0.000000	1015.715000	1580	32
node1.planetlab.albany.edu_node1.planetlab.albany.edu_345 0	0.328000	1015.608000	0.011000	0.000000	1015.947000	1581	32
node1.planetlab.albany.edu_node1.planetlab.albany.edu_348 0	0.145000	1021.112000	0.010000	0.000000	1021.267000	1583	32
planetlab1.cs.unc.edu_node1.planetlab.albany.edu_97 3	1033.076000	0.024000	0.017000	0.000000	1033.117000	1539	528
planetlab1.cs.unc.edu_node1.planetlab.albany.edu_100 3	1046.477000	0.369000	0.020000	0.000000	1046.866000	1541	528
planetlab1.cs.unc.edu_node1.planetlab.albany.edu_103 3	1050.273000	0.216000	0.022000	0.000000	1050.511000	1542	528
planetlab-2.cs.uh.edu_node1.planetlab.albany.edu_15 4	1061.372000	0.056000	0.028000	0.000000	1061.456000	1501	784
planetlab1.cs.unc.edu_node1.planetlab.albany.edu_105 3	1063.454000	0.035000	0.020000	0.000000	1063.509000	1543	528
planetlab4.rutgers.edu_node1.planetlab.albany.edu_253 2	1071.794000	2.363000	0.022000	0.000000	1074.179000	1558	1024
planetlab1.cs.unc.edu_node1.planetlab.albany.edu_110 3	1077.586000	0.134000	0.015000	0.000000	1077.735000	1551	528
node1.planetlab.albany.edu_node1.planetlab.albany.edu_363 0	0.263000	1076.921000	0.011000	0.000000	1077.195000	1597	32
planetlab1.cs.unc.edu_node1.planetlab.albany.edu_119 3	1095.515000	0.535000	0.018000	0.000000	1096.068000	1559	528
planetlab4.rutgers.edu_node1.planetlab.albany.edu_266 2	1103.944000	6.202000	0.022000	0.000000	1110.168000	1565	1024
planetlab-01.bu.edu_node1.planetlab.albany.edu_12 3	1138.894000	0.055000	0.019000	0.000000	1138.968000	1561	640
planetlab1.cs.cornell.edu_node1.planetlab.albany.edu_32 3	1147.892000	0.035000	0.026000	0.000000	1147.953000	1572	1280
planetlab4.rutgers.edu_node1.planetlab.albany.edu_282 2	1159.879000	0.059000	0.025000	0.000000	1159.963000	1585	1024
planetlab1.rutgers.edu_node1.planetlab.albany.edu_271 2	1165.619000	3.161000	0.032000	0.000000	1168.812000	1588	512
planetlab1.cs.unc.edu_node1.planetlab.albany.edu_132 3	1178.345000	0.033000	0.024000	0.000000	1178.402000	1575	528
vn5.cse.wustl.edu_node1.planetlab.albany.edu_17 4	1197.810000	0.023000	0.016000	0.000000	1197.849000	1547	1344
node1.planetlab.albany.edu_node1.planetlab.albany.edu_405 0	0.208000	1219.325000	0.011000	0.000000	1219.544000	1638	32
node1.planetlab.albany.edu_node1.planetlab.albany.edu_413 0	0.153000	1237.589000	0.011000	0.000000	1237.753000	1645	32
planetlab4.rutgers.edu_node1.planetlab.albany.edu_310 2	1241.349000	0.019000	0.016000	0.000000	1241.384000	1606	1024
planetlab4.rutgers.edu_node1.planetlab.albany.edu_318 2	1267.640000	0.146000	0.016000	0.000000	1267.802000	1618	1024
planetlab1.cs.unc.edu_node1.planetlab.albany.edu_145 3	1270.420000	0.182000	0.041000	0.000000	1270.643000	1607	528
planetlab4.rutgers.edu_node1.planetlab.albany.edu_326 2	1279.368000	0.453000	0.010000	0.000000	1279.831000	1620	1024
planetlab4.rutgers.edu_node1.planetlab.albany.edu_330 2	1287.771000	0.022000	0.020000	0.000000	1287.813000	1622	1024
planetlab-01.bu.edu_node1.planetlab.albany.edu_33 3	1292.238000	0.074000	0.019000	0.000000	1292.331000	1609	640
planetlab4.rutgers.edu_node1.planetlab.albany.edu_334 2	1295.093000	0.041000	0.017000	0.000000	1295.151000	1623	1024
planetlab-01.bu.edu_node1.planetlab.albany.edu_35 3	1314.436000	0.076000	0.018000	0.000000	1314.530000	1617	640
planetlab4.rutgers.edu_node1.planetlab.albany.edu_345 2	1336.815000	0.604000	0.058000	0.000000	1337.477000	1630	1024
planetlab-01.bu.edu_node1.planetlab.albany.edu_42 3	1341.173000	0.057000	0.025000	0.000000	1341.255000	1624	640
planetlab-01.bu.edu_node1.planetlab.albany.edu_44 3	1354.760000	0.079000	0.019000	0.000000	1354.858000	1625	640
planetlab-01.bu.edu_node1.planetlab.albany.edu_47 3	1355.871000	0.057000	0.101000	0.000000	1356.029000	1627	640
planetlab4.rutgers.edu_node1.planetlab.albany.edu_357 2	1373.082000	0.070000	0.016000	0.000000	1373.168000	1640	1024
planetlab-01.bu.edu_node1.planetlab.albany.edu_50 3	1376.112000	0.080000	0.020000	0.000000	1376.212000	1629	640
aguila2.lsi.upc.edu_node1.planetlab.albany.edu_38 3	1385.957000	0.106000	0.010000	0.000000	1386.073000	1511	576
node1.planetlab.albany.edu_node1.planetlab.albany.edu_478 0	0.243000	1431.263000	0.012000	0.000000	1431.518000	1709	32
pluto.cs.brown.edu_node1.planetlab.albany.edu_53 3	1436.778000	0.030000	0.023000	0.000000	1436.831000	1646	768
planetlab-01.bu.edu_node1.planetlab.albany.edu_60 3	1460.114000	0.077000	0.017000	0.000000	1460.208000	1657	640
planetlab4.rutgers.edu_node1.planetlab.albany.edu_385 2	1571.568000	0.233000	0.015000	0.000000	1571.816000	1654	1024
planetlab4.rutgers.edu_node1.planetlab.albany.edu_409 2	1616.747000	3.544000	0.026000	0.000000	1620.317000	1666	1024
node1.planetlab.albany.edu_node1.planetlab.albany.edu_555 0	0.195000	1640.529000	0.011000	0.000000	1640.735000	1785	32
node1.planetlab.albany.edu_node1.planetlab.albany.edu_566 0	0.186000	1671.089000	0.012000	0.000000	1671.287000	1795	32
node1.planetlab.albany.edu_node1.planetlab.albany.edu_581 0	0.249000	1720.803000	0.011000	0.000000	1721.063000	1809	32
node1.planetlab.albany.edu_node1.planetlab.albany.edu_583 0	0.322000	1720.959000	0.012000	0.000000	1721.293000	1810	32
node1.planetlab.albany.edu_node1.planetlab.albany.edu_585 0	0.369000	1721.066000	0.011000	0.000000	1721.446000	1811	32
node1.planetlab.albany.edu_node1.planetlab.albany.edu_590 0	0.192000	1731.743000	0.011000	0.000000	1731.946000	1815	32
planetlab2.acis.ufl.edu_node1.planetlab.albany.edu_205 1	1524.940000	209.150000	0.014000	0.000000	1734.104000	1688	1056
node1.planetlab.albany.edu_node1.planetlab.albany.edu_595 0	0.387000	1740.903000	0.011000	0.000000	1741.301000	1819	32
node1.planetlab.albany.edu_node1.planetlab.albany.edu_607 0	0.203000	1791.558000	0.011000	0.000000	1791.772000	1830	32
node1.planetlab.albany.edu_node1.planetlab.albany.edu_615 0	0.220000	1822.122000	0.012000	0.000000	1822.354000	1837	32
planetlab4.rutgers.edu_node1.planetlab.albany.edu_473 2	1827.818000	0.147000	0.031000	0.000000	1827.996000	1710	1024
node1.planetlab.albany.edu_node1.planetlab.albany.edu_622 0	0.198000	1838.909000	0.012000	0.000000	1839.119000	1843	32
node1.planetlab.albany.edu_node1.planetlab.albany.edu_642 0	0.231000	1895.673000	0.011000	0.000000	1895.915000	1862	32
node1.planetlab.albany.edu_node1.planetlab.albany.edu_656 0	0.144000	1928.527000	0.012000	0.000000	1928.683000	1875	32
planetlab7.flux.utah.edu_node1.planetlab.albany.edu_82 3	1989.586000	0.021000	0.016000	0.000000	1989.623000	1705	1536
planetlab4.rutgers.edu_node1.planetlab.albany.edu_561 2	2042.324000	7.114000	0.017000	0.000000	2049.455000	1750	1024
pl2.cs.unm.edu_node1.planetlab.albany.edu_181 2	2023.892000	50.907000	0.010000	0.000000	2074.809000	1719	1120
planetlab4.rutgers.edu_node1.planetlab.albany.edu_571 2	2080.568000	0.028000	0.024000	0.000000	2080.620000	1755	1024
planetlab4.rutgers.edu_node1.planetlab.albany.edu_665 2	2247.502000	2.349000	0.026000	0.000000	2249.877000	1794	1024
planetlab4.rutgers.edu_node1.planetlab.albany.edu_698 2	2339.628000	16.615000	0.027000	0.000000	2356.270000	1805	1024
planetlab4.rutgers.edu_node1.planetlab.albany.edu_709 2	2362.016000	14.972000	0.018000	0.000000	2377.006000	1813	1024
planetlab4.rutgers.edu_node1.planetlab.albany.edu_718 2	2394.543000	0.050000	0.019000	0.000000	2394.612000	1817	1024
planetlab4.rutgers.edu_node1.planetlab.albany.edu_725 2	2594.801000	12.672000	0.016000	0.000000	2607.489000	1820	1024
planetlab4.rutgers.edu_node1.planetlab.albany.edu_727 2	2598.455000	16.723000	0.038000	0.000000	2615.216000	1821	1024
planetlab4.rutgers.edu_node1.planetlab.albany.edu_740 2	2592.260000	28.039000	0.015000	0.000000	2620.314000	1823	1024
planetlab4.rutgers.edu_node1.planetlab.albany.edu_744 2	2471.401000	155.002000	0.017000	0.000000	2626.420000	1832	1024
planetlab4.rutgers.edu_node1.planetlab.albany.edu_797 2	2664.062000	181.828000	0.018000	0.000000	2845.908000	1853	1024
planetlab6.cs.duke.edu_node1.planetlab.albany.edu_682 1	874.205000	2087.641000	0.035000	0.000000	2961.881000	1527	288
planetlab4.rutgers.edu_node1.planetlab.albany.edu_836 2	2721.276000	312.709000	0.025000	0.000000	3034.010000	1864	1024
planetlab4.rutgers.edu_node1.planetlab.albany.edu_851 2	2755.069000	303.349000	0.011000	0.000000	3058.429000	1878	1024
roam2.cs.ou.edu_node1.planetlab.albany.edu_905 1	1231.762000	1851.502000	0.017000	0.000000	3083.281000	1610	48
earth.cs.brown.edu_node1.planetlab.albany.edu_646 1	217.664000	2896.077000	0.028000	0.000000	3113.769000	1322	96
earth.cs.brown.edu_node1.planetlab.albany.edu_670 1	581.831000	2576.562000	0.080000	0.000000	3158.473000	1442	96
earth.cs.brown.edu_node1.planetlab.albany.edu_673 1	590.135000	2568.327000	0.019000	0.000000	3158.481000	1448	96
earth.cs.brown.edu_node1.planetlab.albany.edu_667 1	505.598000	2656.302000	0.019000	0.000000	3161.919000	1418	96
earth.cs.brown.edu_node1.planetlab.albany.edu_682 1	594.146000	2577.141000	0.023000	0.000000	3171.310000	1450	96
earth.cs.brown.edu_node1.planetlab.albany.edu_685 1	604.547000	2566.766000	0.020000	0.000000	3171.333000	1454	96
earth.cs.brown.edu_node1.planetlab.albany.edu_683 1	594.333000	2577.097000	0.009000	0.000000	3171.439000	1451	96
earth.cs.brown.edu_node1.planetlab.albany.edu_687 1	639.345000	2536.721000	0.025000	0.000000	3176.091000	1466	96
earth.cs.brown.edu_node1.planetlab.albany.edu_711 1	810.489000	2376.772000	0.062000	0.000000	3187.323000	1514	96
planetlab6.cs.duke.edu_node1.planetlab.albany.edu_716 1	1248.587000	2017.998000	0.017000	0.000000	3266.602000	1631	288
roam2.cs.ou.edu_node1.planetlab.albany.edu_991 1	1514.047000	1856.200000	0.014000	0.000000	3370.261000	1696	48
roam2.cs.ou.edu_node1.planetlab.albany.edu_1047 1	1661.373000	1900.464000	0.018000	0.000000	3561.855000	1749	48
planetlab6.cs.cornell.edu_node1.planetlab.albany.edu_851 2	3297.426000	1124.288000	0.020000	0.000000	4421.734000	1648	352
planetlab1.rutgers.edu_node1.planetlab.albany.edu_989 2	1318.235000	4367.087000	0.036000	0.000000	5685.358000	1632	512
planetlab1.rutgers.edu_node1.planetlab.albany.edu_1047 2	1574.460000	4218.449000	0.037000	0.000000	5792.946000	1674	512
planetlab1.cs.unc.edu_node1.planetlab.albany.edu_1101 3	5835.207000	9.375000	0.031000	0.000000	5844.613000	1671	528
planetlab2.netlab.uky.edu_node1.planetlab.albany.edu_789 1	1644.755000	4518.060000	0.016000	0.000000	6162.831000	1746	544
planetlab1.cs.uoregon.edu_node1.planetlab.albany.edu_724 2	839.929000	5739.857000	0.029000	0.000000	6579.815000	1455	256
pl1.rcc.uottawa.ca_node1.planetlab.albany.edu_3615 1	57.047000	6539.304000	0.008000	0.000000	6596.359000	1258	0
pl1.rcc.uottawa.ca_node1.planetlab.albany.edu_3616 1	56.735000	6539.530000	0.012000	0.000000	6596.277000	1259	0
planetlab1.cs.uoregon.edu_node1.planetlab.albany.edu_730 2	870.159000	5738.552000	0.026000	0.000000	6608.737000	1465	256
pl1.rcc.uottawa.ca_node1.planetlab.albany.edu_3621 1	74.871000	6542.192000	0.007000	0.000000	6617.070000	1265	0
pl1.rcc.uottawa.ca_node1.planetlab.albany.edu_3622 1	75.166000	6542.488000	0.008000	0.000000	6617.662000	1267	0
pl1.rcc.uottawa.ca_node1.planetlab.albany.edu_3625 1	87.040000	6532.345000	0.008000	0.000000	6619.393000	1268	0
pl1.rcc.uottawa.ca_node1.planetlab.albany.edu_3627 1	88.956000	6547.485000	0.009000	0.000000	6636.450000	1269	0
pl1.rcc.uottawa.ca_node1.planetlab.albany.edu_3628 1	90.962000	6547.402000	0.009000	0.000000	6638.373000	1271	0
pl1.rcc.uottawa.ca_node1.planetlab.albany.edu_3631 1	108.580000	6548.345000	0.009000	0.000000	6656.934000	1277	0
pl1.rcc.uottawa.ca_node1.planetlab.albany.edu_3632 1	112.619000	6548.152000	0.007000	0.000000	6660.778000	1279	0
pl1.rcc.uottawa.ca_node1.planetlab.albany.edu_3633 1	116.976000	6550.670000	0.009000	0.000000	6667.655000	1280	0
pl1.rcc.uottawa.ca_node1.planetlab.albany.edu_3634 1	131.396000	6536.316000	0.008000	0.000000	6667.720000	1281	0
pl1.rcc.uottawa.ca_node1.planetlab.albany.edu_3635 1	130.328000	6537.440000	0.008000	0.000000	6667.776000	1282	0
pl1.rcc.uottawa.ca_node1.planetlab.albany.edu_3637 1	127.595000	6540.219000	0.008000	0.000000	6667.822000	1284	0
pl1.rcc.uottawa.ca_node1.planetlab.albany.edu_3636 1	127.774000	6540.149000	0.007000	0.000000	6667.930000	1283	0
pl1.rcc.uottawa.ca_node1.planetlab.albany.edu_3638 1	130.478000	6546.765000	0.009000	0.000000	6677.252000	1288	0
pl1.rcc.uottawa.ca_node1.planetlab.albany.edu_3640 1	144.592000	6536.061000	0.008000	0.000000	6680.661000	1289	0
pl1.rcc.uottawa.ca_node1.planetlab.albany.edu_3641 1	143.009000	6539.371000	1.412000	0.000000	6683.792000	1290	0
pl1.rcc.uottawa.ca_node1.planetlab.albany.edu_3642 1	144.027000	6539.811000	0.008000	0.000000	6683.846000	1291	0
pl1.rcc.uottawa.ca_node1.planetlab.albany.edu_3644 1	160.370000	6525.250000	0.009000	0.000000	6685.629000	1295	0
planetlab-01.bu.edu_node1.planetlab.albany.edu_1283 3	6250.400000	433.095000	0.017000	0.000000	6683.512000	1753	640
pl1.rcc.uottawa.ca_node1.planetlab.albany.edu_3645 1	161.657000	6534.784000	0.009000	0.000000	6696.450000	1296	0
pl1.rcc.uottawa.ca_node1.planetlab.albany.edu_3649 1	181.353000	6520.996000	0.008000	0.000000	6702.357000	1307	0
pl1.rcc.uottawa.ca_node1.planetlab.albany.edu_3652 1	196.368000	6526.668000	0.010000	0.000000	6723.046000	1311	0
pl1.rcc.uottawa.ca_node1.planetlab.albany.edu_3653 1	197.121000	6526.712000	0.008000	0.000000	6723.841000	1312	0
pl1.rcc.uottawa.ca_node1.planetlab.albany.edu_3659 1	246.121000	6501.954000	0.009000	0.000000	6748.084000	1323	0
pl1.rcc.uottawa.ca_node1.planetlab.albany.edu_3660 1	265.727000	6501.209000	0.007000	0.000000	6766.943000	1333	0
pl1.rcc.uottawa.ca_node1.planetlab.albany.edu_3664 1	298.077000	6486.731000	0.009000	0.000000	6784.817000	1342	0
pl1.rcc.uottawa.ca_node1.planetlab.albany.edu_3665 1	300.652000	6485.660000	0.008000	0.000000	6786.320000	1344	0
pl1.rcc.uottawa.ca_node1.planetlab.albany.edu_3667 1	304.669000	6486.570000	0.009000	0.000000	6791.248000	1345	0
pl1.rcc.uottawa.ca_node1.planetlab.albany.edu_3668 1	308.434000	6493.523000	0.010000	0.000000	6801.967000	1346	0
pl1.rcc.uottawa.ca_node1.planetlab.albany.edu_3669 1	310.893000	6492.599000	0.008000	0.000000	6803.500000	1347	0
pl1.rcc.uottawa.ca_node1.planetlab.albany.edu_3671 1	319.149000	6493.083000	0.008000	0.000000	6812.240000	1351	0
pl1.rcc.uottawa.ca_node1.planetlab.albany.edu_3672 1	322.566000	6490.114000	0.012000	0.000000	6812.692000	1352	0
pl1.rcc.uottawa.ca_node1.planetlab.albany.edu_3673 1	326.607000	6493.889000	0.008000	0.000000	6820.504000	1353	0
pl1.rcc.uottawa.ca_node1.planetlab.albany.edu_3674 1	330.084000	6496.591000	0.008000	0.000000	6826.683000	1354	0
pl1.rcc.uottawa.ca_node1.planetlab.albany.edu_3675 1	331.975000	6499.369000	0.009000	0.000000	6831.353000	1355	0
pl1.rcc.uottawa.ca_node1.planetlab.albany.edu_3676 1	336.338000	6495.479000	0.008000	0.000000	6831.825000	1357	0
pl1.rcc.uottawa.ca_node1.planetlab.albany.edu_3677 1	337.725000	6496.238000	0.008000	0.000000	6833.971000	1358	0
pl1.rcc.uottawa.ca_node1.planetlab.albany.edu_3678 1	340.774000	6500.207000	0.008000	0.000000	6840.989000	1359	0
pl1.rcc.uottawa.ca_node1.planetlab.albany.edu_3681 1	354.786000	6498.445000	0.008000	0.000000	6853.239000	1363	0
pl1.rcc.uottawa.ca_node1.planetlab.albany.edu_3683 1	359.357000	6500.785000	0.009000	0.000000	6860.151000	1365	0
pl1.rcc.uottawa.ca_node1.planetlab.albany.edu_3684 1	372.818000	6491.808000	0.007000	0.000000	6864.633000	1369	0
pl1.rcc.uottawa.ca_node1.planetlab.albany.edu_3685 1	378.376000	6493.079000	0.007000	0.000000	6871.462000	1370	0
pl1.rcc.uottawa.ca_node1.planetlab.albany.edu_3687 1	379.574000	6493.950000	0.009000	0.000000	6873.533000	1371	0
pl1.rcc.uottawa.ca_node1.planetlab.albany.edu_3689 1	396.906000	6482.277000	0.009000	0.000000	6879.192000	1375	0
pl1.rcc.uottawa.ca_node1.planetlab.albany.edu_3693 1	405.526000	6486.624000	0.009000	0.000000	6892.159000	1379	0
pl1.rcc.uottawa.ca_node1.planetlab.albany.edu_3694 1	417.961000	6477.731000	0.009000	0.000000	6895.701000	1381	0
planetlab1.cs.pitt.edu_node1.planetlab.albany.edu_1700 3	5460.470000	1444.609000	0.014000	0.000000	6905.093000	1591	384
pl1.rcc.uottawa.ca_node1.planetlab.albany.edu_3696 1	426.007000	6485.495000	0.040000	0.000000	6911.542000	1385	0
pl1.rcc.uottawa.ca_node1.planetlab.albany.edu_3697 1	425.988000	6489.473000	0.008000	0.000000	6915.469000	1386	0
pl1.rcc.uottawa.ca_node1.planetlab.albany.edu_3698 1	431.823000	6484.610000	0.010000	0.000000	6916.443000	1387	0
planetlab1.cs.pitt.edu_node1.planetlab.albany.edu_1707 3	5464.959000	1465.190000	0.012000	0.000000	6930.161000	1602	384
pl1.rcc.uottawa.ca_node1.planetlab.albany.edu_3703 1	444.571000	6490.345000	0.008000	0.000000	6934.924000	1391	0
pl1.rcc.uottawa.ca_node1.planetlab.albany.edu_3704 1	449.947000	6485.719000	0.008000	0.000000	6935.674000	1393	0
pl1.rcc.uottawa.ca_node1.planetlab.albany.edu_3705 1	462.450000	6478.576000	0.009000	0.000000	6941.035000	1396	0
pl1.rcc.uottawa.ca_node1.planetlab.albany.edu_3706 1	464.906000	6476.810000	0.010000	0.000000	6941.726000	1397	0
pl1.rcc.uottawa.ca_node1.planetlab.albany.edu_3707 1	469.693000	6477.313000	0.009000	0.000000	6947.015000	1399	0
pl1.rcc.uottawa.ca_node1.planetlab.albany.edu_3711 1	482.818000	6477.418000	0.008000	0.000000	6960.244000	1403	0
pl1.rcc.uottawa.ca_node1.planetlab.albany.edu_3713 1	487.525000	6480.582000	0.010000	0.000000	6968.117000	1405	0
pl1.rcc.uottawa.ca_node1.planetlab.albany.edu_3716 1	499.851000	6479.364000	0.009000	0.000000	6979.224000	1408	0
pl1.rcc.uottawa.ca_node1.planetlab.albany.edu_3720 1	518.184000	6477.495000	0.008000	0.000000	6995.687000	1419	0
pl1.rcc.uottawa.ca_node1.planetlab.albany.edu_3722 1	536.891000	6461.388000	0.008000	0.000000	6998.287000	1423	0
pl1.rcc.uottawa.ca_node1.planetlab.albany.edu_3725 1	564.054000	6454.845000	0.008000	0.000000	7018.907000	1431	0
pl1.rcc.uottawa.ca_node1.planetlab.albany.edu_3726 1	576.270000	6446.215000	0.009000	0.000000	7022.494000	1435	0
planetlab-01.bu.edu_node1.planetlab.albany.edu_1379 3	6807.158000	216.347000	0.019000	0.000000	7023.524000	1881	640
pl1.rcc.uottawa.ca_node1.planetlab.albany.edu_3728 1	580.251000	6450.859000	0.015000	0.000000	7031.125000	1437	0
pl1.rcc.uottawa.ca_node1.planetlab.albany.edu_3729 1	589.201000	6449.524000	0.014000	0.000000	7038.739000	1438	0
pl1.rcc.uottawa.ca_node1.planetlab.albany.edu_3730 1	594.680000	6449.834000	0.009000	0.000000	7044.523000	1439	0
pl1.rcc.uottawa.ca_node1.planetlab.albany.edu_3731 1	601.692000	6443.027000	0.008000	0.000000	7044.727000	1441	0
pl1.rcc.uottawa.ca_node1.planetlab.albany.edu_3739 1	675.682000	6412.565000	0.009000	0.000000	7088.256000	1471	0
pl1.rcc.uottawa.ca_node1.planetlab.albany.edu_3741 1	690.534000	6408.681000	0.008000	0.000000	7099.223000	1475	0
planetlab2.umassd.edu_node1.planetlab.albany.edu_1426 2	3194.637000	3906.780000	0.019000	0.000000	7101.436000	1380	64
pl1.rcc.uottawa.ca_node1.planetlab.albany.edu_3742 1	709.700000	6400.391000	0.009000	0.000000	7110.100000	1481	0
pl1.rcc.uottawa.ca_node1.planetlab.albany.edu_3743 1	712.486000	6397.746000	0.010000	0.000000	7110.242000	1482	0
pl1.rcc.uottawa.ca_node1.planetlab.albany.edu_3744 1	712.987000	6401.047000	0.010000	0.000000	7114.044000	1483	0
pl1.rcc.uottawa.ca_node1.planetlab.albany.edu_3745 1	728.165000	6390.383000	0.015000	0.000000	7118.563000	1487	0
pl1.rcc.uottawa.ca_node1.planetlab.albany.edu_3746 1	743.798000	6381.493000	0.008000	0.000000	7125.299000	1492	0
pl1.rcc.uottawa.ca_node1.planetlab.albany.edu_3749 1	781.087000	6352.644000	0.009000	0.000000	7133.740000	1499	0
planetlab2.umassd.edu_node1.planetlab.albany.edu_1438 2	3225.661000	3916.773000	0.020000	0.000000	7142.454000	1484	64
pl1.rcc.uottawa.ca_node1.planetlab.albany.edu_3755 1	790.126000	6360.971000	0.184000	0.000000	7151.281000	1503	0
pl1.rcc.uottawa.ca_node1.planetlab.albany.edu_3757 1	810.056000	6343.069000	0.010000	0.000000	7153.135000	1507	0
pl1.rcc.uottawa.ca_node1.planetlab.albany.edu_3762 1	839.117000	6356.676000	0.010000	0.000000	7195.803000	1515	0
planetlab2.umassd.edu_node1.planetlab.albany.edu_1453 2	3243.227000	3959.752000	0.014000	0.000000	7202.993000	1548	64
planetlab1.cs.pitt.edu_node1.planetlab.albany.edu_1788 3	5603.855000	1618.892000	0.013000	0.000000	7222.760000	1704	384
pl1.rcc.uottawa.ca_node1.planetlab.albany.edu_3770 1	875.369000	6359.988000	0.013000	0.000000	7235.370000	1525	0
planetlab2.umassd.edu_node1.planetlab.albany.edu_1462 2	3260.879000	3980.951000	0.019000	0.000000	7241.849000	1574	64
pl1.rcc.uottawa.ca_node1.planetlab.albany.edu_3775 1	912.201000	6353.657000	0.009000	0.000000	7265.867000	1536	0
pl1.rcc.uottawa.ca_node1.planetlab.albany.edu_3778 1	927.989000	6348.057000	0.352000	0.000000	7276.398000	1537	0
pl1.rcc.uottawa.ca_node1.planetlab.albany.edu_3779 1	930.438000	6351.601000	0.011000	0.000000	7282.050000	1538	0
pl1.rcc.uottawa.ca_node1.planetlab.albany.edu_3780 1	935.469000	6353.316000	0.009000	0.000000	7288.794000	1540	0
planetlab2.umassd.edu_node1.planetlab.albany.edu_1483 2	3292.262000	4016.183000	0.015000	0.000000	7308.460000	1604	64
planetlab2.umassd.edu_node1.planetlab.albany.edu_1486 2	3295.565000	4023.019000	0.015000	0.000000	7318.599000	1608	64
planetlab2.umassd.edu_node1.planetlab.albany.edu_1489 2	3299.962000	4020.535000	0.015000	0.000000	7320.512000	1612	64
planetlab2.umassd.edu_node1.planetlab.albany.edu_1493 2	3300.309000	4027.677000	0.015000	0.000000	7328.001000	1614	64
planetlab2.umassd.edu_node1.planetlab.albany.edu_1494 2	3300.172000	4036.538000	0.009000	0.000000	7336.719000	1613	64
pl1.rcc.uottawa.ca_node1.planetlab.albany.edu_3860 1	952.179000	6386.900000	0.010000	0.000000	7339.089000	1544	0
pl1.rcc.uottawa.ca_node1.planetlab.albany.edu_3862 1	953.914000	6385.205000	0.017000	0.000000	7339.136000	1545	0
planetlab2.umassd.edu_node1.planetlab.albany.edu_1499 2	3307.498000	4039.233000	0.015000	0.000000	7346.746000	1619	64
planetlab2.umassd.edu_node1.planetlab.albany.edu_1502 2	3320.355000	4028.175000	0.015000	0.000000	7348.545000	1628	64
pl1.rcc.uottawa.ca_node1.planetlab.albany.edu_3864 1	977.144000	6374.067000	0.008000	0.000000	7351.219000	1552	0
planetlab2.umassd.edu_node1.planetlab.albany.edu_1508 2	3333.284000	4031.561000	0.015000	0.000000	7364.860000	1644	64
pl1.rcc.uottawa.ca_node1.planetlab.albany.edu_3868 1	1031.759000	6344.476000	0.009000	0.000000	7376.244000	1567	0
pl1.rcc.uottawa.ca_node1.planetlab.albany.edu_3869 1	1040.169000	6338.759000	0.010000	0.000000	7378.938000	1568	0
pl1.rcc.uottawa.ca_node1.planetlab.albany.edu_3870 1	1046.392000	6339.721000	0.009000	0.000000	7386.122000	1571	0
planetlab2.umassd.edu_node1.planetlab.albany.edu_1515 2	3350.314000	4042.632000	0.015000	0.000000	7392.961000	1668	64
planetlab2.umassd.edu_node1.planetlab.albany.edu_1517 2	3356.360000	4048.658000	0.016000	0.000000	7405.034000	1672	64
planetlab2.umassd.edu_node1.planetlab.albany.edu_1519 2	3357.660000	4047.707000	0.015000	0.000000	7405.382000	1676	64
planetlab2.umassd.edu_node1.planetlab.albany.edu_1522 2	3361.481000	4044.531000	0.015000	0.000000	7406.027000	1677	64
planetlab2.umassd.edu_node1.planetlab.albany.edu_1529 2	3364.421000	4057.088000	0.013000	0.000000	7421.522000	1678	64
pl1.rcc.uottawa.ca_node1.planetlab.albany.edu_3876 1	1101.416000	6327.465000	0.010000	0.000000	7428.891000	1589	0
planetlab2.umassd.edu_node1.planetlab.albany.edu_1537 2	3373.130000	4060.939000	0.015000	0.000000	7434.084000	1692	64
planetlab2.umassd.edu_node1.planetlab.albany.edu_1539 2	3374.501000	4074.774000	0.015000	0.000000	7449.290000	1708	64
pl1.rcc.uottawa.ca_node1.planetlab.albany.edu_3879 1	1136.261000	6321.109000	0.010000	0.000000	7457.380000	1600	0
pl1.rcc.uottawa.ca_node1.planetlab.albany.edu_3882 1	1155.299000	6309.631000	0.009000	0.000000	7464.939000	1603	0
planetlab2.umassd.edu_node1.planetlab.albany.edu_1543 2	3380.903000	4082.261000	0.015000	0.000000	7463.179000	1721	64
planetlab2.umassd.edu_node1.planetlab.albany.edu_1545 2	3384.958000	4084.379000	0.014000	0.000000	7469.351000	1728	64
pl1.rcc.uottawa.ca_node1.planetlab.albany.edu_3884 1	1174.482000	6300.227000	0.010000	0.000000	7474.719000	1611	0
planetlab2.umassd.edu_node1.planetlab.albany.edu_1548 2	3391.575000	4085.556000	0.013000	0.000000	7477.144000	1732	64
planetlab2.umassd.edu_node1.planetlab.albany.edu_1550 2	3392.394000	4085.200000	0.014000	0.000000	7477.608000	1733	64
planetlab2.umassd.edu_node1.planetlab.albany.edu_1552 2	3396.787000	4094.771000	0.014000	0.000000	7491.572000	1734	64
planetlab2.umassd.edu_node1.planetlab.albany.edu_1554 2	3397.434000	4095.113000	0.013000	0.000000	7492.560000	1736	64
planetlab2.umassd.edu_node1.planetlab.albany.edu_1556 2	3399.531000	4098.345000	0.014000	0.000000	7497.890000	1737	64
pl1.rcc.uottawa.ca_node1.planetlab.albany.edu_3890 1	1207.788000	6303.732000	0.009000	0.000000	7511.529000	1621	0
planetlab2.umassd.edu_node1.planetlab.albany.edu_1559 2	3406.349000	4105.177000	0.013000	0.000000	7511.539000	1738	64
planetlab2.umassd.edu_node1.planetlab.albany.edu_1562 2	3408.607000	4103.025000	0.015000	0.000000	7511.647000	1741	64
planetlab2.umassd.edu_node1.planetlab.albany.edu_1563 2	3406.941000	4104.769000	0.010000	0.000000	7511.720000	1740	64
planetlab2.umassd.edu_node1.planetlab.albany.edu_1566 2	3404.303000	4115.546000	0.018000	0.000000	7519.867000	1742	64
planetlab2.umassd.edu_node1.planetlab.albany.edu_1569 2	3405.953000	4120.224000	0.014000	0.000000	7526.191000	1743	64
planetlab1.cs.uoregon.edu_node1.planetlab.albany.edu_916 2	2607.051000	4926.019000	0.011000	0.000000	7533.081000	1498	256
pl1.rcc.uottawa.ca_node1.planetlab.albany.edu_3893 1	1259.357000	6273.095000	0.009000	0.000000	7532.461000	1633	0
pl1.rcc.uottawa.ca_node1.planetlab.albany.edu_3894 1	1258.807000	6278.419000	0.010000	0.000000	7537.236000	1634	0
pl1.rcc.uottawa.ca_node1.planetlab.albany.edu_3895 1	1262.394000	6278.233000	0.010000	0.000000	7540.637000	1635	0
planetlab2.umassd.edu_node1.planetlab.albany.edu_1572 2	3407.476000	4132.238000	0.014000	0.000000	7539.728000	1748	64
planetlab2.umassd.edu_node1.planetlab.albany.edu_1575 2	3409.017000	4130.721000	0.014000	0.000000	7539.752000	1752	64
pl1.rcc.uottawa.ca_node1.planetlab.albany.edu_3896 1	1269.979000	6280.746000	0.249000	0.000000	7550.974000	1637	0
pl1.rcc.uottawa.ca_node1.planetlab.albany.edu_3899 1	1275.629000	6276.958000	0.013000	0.000000	7552.600000	1639	0
planetlab2.umassd.edu_node1.planetlab.albany.edu_1580 2	3411.362000	4141.371000	0.012000	0.000000	7552.745000	1756	64
planetlab2.umassd.edu_node1.planetlab.albany.edu_1582 2	3414.379000	4141.054000	0.012000	0.000000	7555.445000	1757	64
planetlab2.umassd.edu_node1.planetlab.albany.edu_1584 2	3414.093000	4154.195000	0.013000	0.000000	7568.301000	1758	64
planetlab2.umassd.edu_node1.planetlab.albany.edu_1589 2	3418.287000	4160.487000	0.015000	0.000000	7578.789000	1764	64
pl1.rcc.uottawa.ca_node1.planetlab.albany.edu_3922 1	1288.599000	6297.380000	0.187000	0.000000	7586.166000	1643	0
planetlab2.umassd.edu_node1.planetlab.albany.edu_1594 2	3421.934000	4166.247000	0.014000	0.000000	7588.195000	1768	64
pl1.rcc.uottawa.ca_node1.planetlab.albany.edu_3925 1	1300.951000	6297.388000	0.010000	0.000000	7598.349000	1649	0
pl1.rcc.uottawa.ca_node1.planetlab.albany.edu_3927 1	1308.200000	6297.721000	0.009000	0.000000	7605.930000	1651	0
planetlab2.umassd.edu_node1.planetlab.albany.edu_1598 2	3424.964000	4181.760000	0.016000	0.000000	7606.740000	1772	64
planetlab2.umassd.edu_node1.planetlab.albany.edu_1602 2	3429.307000	4188.494000	0.015000	0.000000	7617.816000	1773	64
pl1.rcc.uottawa.ca_node1.planetlab.albany.edu_3929 1	1315.861000	6310.605000	0.010000	0.000000	7626.476000	1652	0
planetlab2.umassd.edu_node1.planetlab.albany.edu_1604 2	3430.956000	4193.936000	0.014000	0.000000	7624.906000	1774	64
pl1.rcc.uottawa.ca_node1.planetlab.albany.edu_3930 1	1322.764000	6304.565000	0.014000	0.000000	7627.343000	1653	0
pl1.rcc.uottawa.ca_node1.planetlab.albany.edu_3933 1	1327.092000	6318.243000	0.014000	0.000000	7645.349000	1655	0
planetlab2.umassd.edu_node1.planetlab.albany.edu_1611 2	3444.834000	4201.423000	0.014000	0.000000	7646.271000	1788	64
pl1.rcc.uottawa.ca_node1.planetlab.albany.edu_3942 1	1338.958000	6347.023000	0.013000	0.000000	7685.994000	1660	0
pl1.rcc.uottawa.ca_node1.planetlab.albany.edu_3944 1	1345.615000	6342.955000	0.009000	0.000000	7688.579000	1661	0
planetlab2.umassd.edu_node1.planetlab.albany.edu_1626 2	3461.745000	4246.443000	0.014000	0.000000	7708.202000	1816	64
pl1.rcc.uottawa.ca_node1.planetlab.albany.edu_3957 1	1362.837000	6352.656000	0.015000	0.000000	7715.508000	1664	0
pl1.rcc.uottawa.ca_node1.planetlab.albany.edu_3963 1	1367.723000	6366.432000	0.017000	0.000000	7734.172000	1667	0
pl1.rcc.uottawa.ca_node1.planetlab.albany.edu_3990 1	1408.736000	6426.668000	0.015000	0.000000	7835.419000	1679	0
pl1.rcc.uottawa.ca_node1.planetlab.albany.edu_3996 1	1423.527000	6429.208000	0.015000	0.000000	7852.750000	1686	0
planetlab2.umassd.edu_node1.planetlab.albany.edu_1673 2	3548.080000	4304.375000	0.014000	0.000000	7852.469000	1868	64
pl1.rcc.uottawa.ca_node1.planetlab.albany.edu_3999 1	1429.220000	6434.871000	0.016000	0.000000	7864.107000	1687	0
pl1.rcc.uottawa.ca_node1.planetlab.albany.edu_4001 1	1433.546000	6434.895000	0.013000	0.000000	7868.454000	1691	0
pl1.rcc.uottawa.ca_node1.planetlab.albany.edu_4007 1	1448.495000	6436.548000	0.011000	0.000000	7885.054000	1693	0
pl1.rcc.uottawa.ca_node1.planetlab.albany.edu_4009 1	1448.790000	6440.680000	0.011000	0.000000	7889.481000	1694	0
pl1.rcc.uottawa.ca_node1.planetlab.albany.edu_4011 1	1449.922000	6453.684000	0.009000	0.000000	7903.615000	1695	0
pl1.rcc.uottawa.ca_node1.planetlab.albany.edu_4014 1	1449.999000	6457.387000	0.012000	0.000000	7907.398000	1697	0
pl1.rcc.uottawa.ca_node1.planetlab.albany.edu_4016 1	1451.205000	6457.016000	0.019000	0.000000	7908.240000	1698	0
pl1.rcc.uottawa.ca_node1.planetlab.albany.edu_4017 1	1465.994000	6461.591000	0.009000	0.000000	7927.594000	1699	0
pl1.rcc.uottawa.ca_node1.planetlab.albany.edu_4018 1	1468.870000	6460.385000	0.008000	0.000000	7929.263000	1703	0
pl1.rcc.uottawa.ca_node1.planetlab.albany.edu_4024 1	1486.849000	6481.468000	0.009000	0.000000	7968.326000	1707	0
pl1.rcc.uottawa.ca_node1.planetlab.albany.edu_4027 1	1508.121000	6484.215000	0.008000	0.000000	7992.344000	1715	0
pl1.rcc.uottawa.ca_node1.planetlab.albany.edu_4035 1	1555.921000	6506.489000	0.011000	0.000000	8062.421000	1727	0
pl1.rcc.uottawa.ca_node1.planetlab.albany.edu_4042 1	1571.895000	6531.170000	0.014000	0.000000	8103.079000	1730	0
pl1.rcc.uottawa.ca_node1.planetlab.albany.edu_4043 1	1572.655000	6534.641000	0.009000	0.000000	8107.305000	1729	0
pl1.rcc.uottawa.ca_node1.planetlab.albany.edu_4045 1	1573.880000	6547.989000	0.008000	0.000000	8121.877000	1731	0
pl1.rcc.uottawa.ca_node1.planetlab.albany.edu_4046 1	1579.588000	6547.824000	0.010000	0.000000	8127.422000	1735	0
pl1.rcc.uottawa.ca_node1.planetlab.albany.edu_4049 1	1587.619000	6553.212000	0.009000	0.000000	8140.840000	1739	0
pl1.rcc.uottawa.ca_node1.planetlab.albany.edu_4054 1	1600.837000	6573.743000	0.009000	0.000000	8174.589000	1747	0
pl1.rcc.uottawa.ca_node1.planetlab.albany.edu_4065 1	1639.797000	6625.130000	0.009000	0.000000	8264.936000	1759	0
pl1.rcc.uottawa.ca_node1.planetlab.albany.edu_4066 1	1640.860000	6625.410000	0.009000	0.000000	8266.279000	1760	0
pl1.rcc.uottawa.ca_node1.planetlab.albany.edu_4067 1	1643.909000	6632.895000	0.009000	0.000000	8276.813000	1761	0
pl1.rcc.uottawa.ca_node1.planetlab.albany.edu_4068 1	1642.856000	6638.441000	0.009000	0.000000	8281.306000	1762	0
pl1.rcc.uottawa.ca_node1.planetlab.albany.edu_4070 1	1653.270000	6646.854000	0.009000	0.000000	8300.133000	1763	0
pl1.rcc.uottawa.ca_node1.planetlab.albany.edu_4071 1	1655.417000	6645.458000	0.010000	0.000000	8300.885000	1765	0
pl1.rcc.uottawa.ca_node1.planetlab.albany.edu_4072 1	1657.127000	6644.333000	0.008000	0.000000	8301.468000	1766	0
pl1.rcc.uottawa.ca_node1.planetlab.albany.edu_4075 1	1659.209000	6660.961000	0.009000	0.000000	8320.179000	1767	0
pl1.rcc.uottawa.ca_node1.planetlab.albany.edu_4077 1	1660.074000	6677.301000	0.233000	0.000000	8337.608000	1769	0
pl1.rcc.uottawa.ca_node1.planetlab.albany.edu_4078 1	1661.489000	6678.361000	0.009000	0.000000	8339.859000	1770	0
pl1.rcc.uottawa.ca_node1.planetlab.albany.edu_4080 1	1668.598000	6684.489000	0.013000	0.000000	8353.100000	1771	0
pl1.rcc.uottawa.ca_node1.planetlab.albany.edu_4085 1	1677.190000	6696.378000	0.010000	0.000000	8373.578000	1775	0
pl1.rcc.uottawa.ca_node1.planetlab.albany.edu_4086 1	1679.418000	6713.100000	0.010000	0.000000	8392.528000	1777	0
pl1.rcc.uottawa.ca_node1.planetlab.albany.edu_4087 1	1682.142000	6716.454000	0.009000	0.000000	8398.605000	1778	0
pl1.rcc.uottawa.ca_node1.planetlab.albany.edu_4088 1	1680.942000	6722.964000	0.010000	0.000000	8403.916000	1779	0
pl1.rcc.uottawa.ca_node1.planetlab.albany.edu_4090 1	1684.114000	6727.951000	0.010000	0.000000	8412.075000	1781	0
pl1.rcc.uottawa.ca_node1.planetlab.albany.edu_4093 1	1694.523000	6735.942000	0.010000	0.000000	8430.475000	1783	0
pl1.rcc.uottawa.ca_node1.planetlab.albany.edu_4094 1	1699.398000	6749.886000	0.010000	0.000000	8449.294000	1787	0
pl1.rcc.uottawa.ca_node1.planetlab.albany.edu_4095 1	1717.665000	6733.325000	0.010000	0.000000	8451.000000	1792	0
pl1.rcc.uottawa.ca_node1.planetlab.albany.edu_4099 1	1748.188000	6729.076000	0.008000	0.000000	8477.272000	1803	0
planetlab1.cs.uoregon.edu_node1.planetlab.albany.edu_1093 2	3239.247000	5272.286000	0.028000	0.000000	8511.561000	1553	256
planetlab1.cs.uoregon.edu_node1.planetlab.albany.edu_1157 2	3438.227000	5385.764000	0.027000	0.000000	8824.018000	1605	256
pl1.rcc.uottawa.ca_node1.planetlab.albany.edu_4134 1	1902.014000	6987.315000	0.009000	0.000000	8889.338000	1847	0
pl1.rcc.uottawa.ca_node1.planetlab.albany.edu_4148 1	1948.456000	7045.439000	0.010000	0.000000	8993.905000	1859	0
planetlab1.cs.uoregon.edu_node1.planetlab.albany.edu_1192 2	3532.114000	5505.190000	0.018000	0.000000	9037.322000	1665	256
planetlab1.cs.uoregon.edu_node1.planetlab.albany.edu_1207 2	3578.884000	5484.278000	0.021000	0.000000	9063.183000	1680	256
pl1.rcc.uottawa.ca_node1.planetlab.albany.edu_4154 1	1964.101000	7100.289000	0.009000	0.000000	9064.399000	1865	0
pl1.rcc.uottawa.ca_node1.planetlab.albany.edu_4156 1	1968.058000	7103.400000	0.009000	0.000000	9071.467000	1866	0
pl1.rcc.uottawa.ca_node1.planetlab.albany.edu_4157 1	1969.137000	7107.593000	0.009000	0.000000	9076.739000	1867	0
pl1.rcc.uottawa.ca_node1.planetlab.albany.edu_4158 1	1979.326000	7103.812000	0.008000	0.000000	9083.146000	1871	0
planetlab1.cs.uoregon.edu_node1.planetlab.albany.edu_1215 2	3591.690000	5517.134000	0.036000	0.000000	9108.860000	1681	256
planetlab1.cs.uoregon.edu_node1.planetlab.albany.edu_1222 2	3612.763000	5523.382000	0.030000	0.000000	9136.175000	1683	256
planetlab1.cs.uoregon.edu_node1.planetlab.albany.edu_1224 2	3615.818000	5544.836000	0.021000	0.000000	9160.675000	1685	256
planetlab1.cs.uoregon.edu_node1.planetlab.albany.edu_1229 2	3643.793000	5538.117000	0.035000	0.000000	9181.945000	1711	256
planetlab1.cs.uoregon.edu_node1.planetlab.albany.edu_1227 2	3622.908000	5559.702000	0.033000	0.000000	9182.643000	1689	256
pl1.rcc.uottawa.ca_node1.planetlab.albany.edu_4165 1	2004.121000	7179.104000	0.009000	0.000000	9183.234000	1883	0
planetlab1.cs.uoregon.edu_node1.planetlab.albany.edu_1236 2	3666.916000	5567.216000	0.041000	0.000000	9234.173000	1713	256
planetlab1.cs.uoregon.edu_node1.planetlab.albany.edu_1246 2	3703.722000	5573.907000	0.026000	0.000000	9277.655000	1745	256
planetlab1.cs.uoregon.edu_node1.planetlab.albany.edu_1260 2	3755.276000	5608.362000	0.040000	0.000000	9363.678000	1754	256
planetlab1.rutgers.edu_node1.planetlab.albany.edu_2105 2	6031.061000	3395.123000	0.030000	0.000000	9426.214000	1684	512
planetlab1.rutgers.edu_node1.planetlab.albany.edu_2127 2	6064.819000	3417.426000	0.034000	0.000000	9482.279000	1700	512
planetlab1.rutgers.edu_node1.planetlab.albany.edu_2142 2	6213.768000	3435.962000	0.031000	0.000000	9649.761000	1712	512
planetlab1.cs.uoregon.edu_node1.planetlab.albany.edu_1311 2	3883.774000	5836.684000	0.023000	0.000000	9720.481000	1797	256
planetlab1.rutgers.edu_node1.planetlab.albany.edu_2181 2	6131.799000	3616.072000	0.032000	0.000000	9747.903000	1716	512
planetlab1.rutgers.edu_node1.planetlab.albany.edu_2187 2	6131.810000	3655.593000	0.030000	0.000000	9787.433000	1717	512
planetlab1.rutgers.edu_node1.planetlab.albany.edu_2189 2	6135.200000	3660.469000	0.043000	0.000000	9795.712000	1718	512
planetlab03.cs.washington.edu_node1.planetlab.albany.edu_1215 3	4889.149000	5012.151000	0.022000	0.000000	9901.322000	1814	320
planetlab1.rutgers.edu_node1.planetlab.albany.edu_2223 2	6153.299000	3775.144000	0.048000	0.000000	9928.491000	1724	512
planetlab1.cs.uoregon.edu_node1.planetlab.albany.edu_1338 2	3949.569000	5991.686000	0.014000	0.000000	9941.269000	1839	256
planetlab1.cs.uoregon.edu_node1.planetlab.albany.edu_1351 2	3974.630000	6041.989000	0.019000	0.000000	10016.638000	1849	256
planetlab1.cs.uoregon.edu_node1.planetlab.albany.edu_1367 2	4023.279000	6136.749000	0.033000	0.000000	10160.061000	1857	256
planetlab1.cs.uoregon.edu_node1.planetlab.albany.edu_1369 2	4026.283000	6134.480000	0.030000	0.000000	10160.793000	1860	256
planetlab1.cs.uoregon.edu_node1.planetlab.albany.edu_1373 2	4037.656000	6172.585000	0.032000	0.000000	10210.273000	1861	256
planetlab1.cs.uoregon.edu_node1.planetlab.albany.edu_1377 2	4037.292000	6176.376000	0.049000	0.000000	10213.717000	1863	256
planetlab1.rutgers.edu_node1.planetlab.albany.edu_2331 2	6307.037000	3924.706000	0.033000	0.000000	10231.776000	1780	512
planetlab1.cs.uoregon.edu_node1.planetlab.albany.edu_1385 2	4065.392000	6222.268000	0.017000	0.000000	10287.677000	1869	256
planetlab1.cs.uoregon.edu_node1.planetlab.albany.edu_1389 2	4071.019000	6218.458000	0.045000	0.000000	10289.522000	1877	256
planetlab1.rutgers.edu_node1.planetlab.albany.edu_2363 2	6327.706000	3986.019000	0.036000	0.000000	10313.761000	1791	512
planetlab1.cs.uoregon.edu_node1.planetlab.albany.edu_1412 2	4112.715000	6309.103000	0.022000	0.000000	10421.840000	1882	256
planetlab1.cs.unc.edu_node1.planetlab.albany.edu_1798 3	10428.856000	0.280000	0.024000	0.000000	10429.160000	1799	528
planetlab1.rutgers.edu_node1.planetlab.albany.edu_2424 2	6415.207000	4074.741000	0.051000	0.000000	10489.999000	1812	512
planetlab1.rutgers.edu_node1.planetlab.albany.edu_2476 2	6497.364000	4281.859000	0.038000	0.000000	10779.261000	1828	512
planetlab1.rutgers.edu_node1.planetlab.albany.edu_2486 2	6576.840000	4225.179000	0.040000	0.000000	10802.059000	1835	512
planetlab1.rutgers.edu_node1.planetlab.albany.edu_2493 2	6661.498000	4154.676000	0.037000	0.000000	10816.211000	1840	512
planetlab1.rutgers.edu_node1.planetlab.albany.edu_2506 2	6692.069000	4183.453000	0.044000	0.000000	10875.566000	1844	512
planetlab1.rutgers.edu_node1.planetlab.albany.edu_2515 2	6704.198000	4192.353000	0.039000	0.000000	10896.590000	1845	512
planetlab1.rutgers.edu_node1.planetlab.albany.edu_2521 2	6707.053000	4221.751000	0.035000	0.000000	10928.839000	1846	512
planetlab1.rutgers.edu_node1.planetlab.albany.edu_2530 2	6724.674000	4233.067000	0.049000	0.000000	10957.790000	1852	512
planetlab-03.cs.princeton.edu_node1.planetlab.albany.edu_2150 3	7092.969000	3906.886000	0.024000	0.000000	10999.879000	1407	80
planetlab-03.cs.princeton.edu_node1.planetlab.albany.edu_2249 3	7373.014000	4066.307000	0.013000	0.000000	11439.334000	1663	80
planetlab1.mnlab.cti.depaul.edu_node1.planetlab.albany.edu_1115 3	591.656000	11101.641000	0.008000	0.000000	11693.305000	1361	1088
planetlab2.mnlab.cti.depaul.edu_node1.planetlab.albany.edu_1102 3	1543.268000	10160.131000	0.010000	0.000000	11703.409000	1647	1152
planetlab2.mnlab.cti.depaul.edu_node1.planetlab.albany.edu_1110 3	1765.687000	9963.635000	0.010000	0.000000	11729.332000	1669	1152
planetlab1.mnlab.cti.depaul.edu_node1.planetlab.albany.edu_1119 3	782.147000	10966.619000	0.010000	0.000000	11748.776000	1425	1088
planetlab1.mnlab.cti.depaul.edu_node1.planetlab.albany.edu_1124 3	932.267000	10850.410000	0.009000	0.000000	11782.686000	1473	1088
planetlab1.mnlab.cti.depaul.edu_node1.planetlab.albany.edu_1126 3	974.353000	10828.684000	0.009000	0.000000	11803.046000	1488	1088
planetlab1.mnlab.cti.depaul.edu_node1.planetlab.albany.edu_1127 3	975.244000	10828.854000	0.009000	0.000000	11804.107000	1489	1088
planetlab1.mnlab.cti.depaul.edu_node1.planetlab.albany.edu_1128 3	996.401000	10820.124000	0.009000	0.000000	11816.534000	1491	1088
planetlab1.mnlab.cti.depaul.edu_node1.planetlab.albany.edu_1129 3	996.306000	10827.033000	0.008000	0.000000	11823.347000	1493	1088
planetlab1.mnlab.cti.depaul.edu_node1.planetlab.albany.edu_1130 3	1018.883000	10806.232000	0.008000	0.000000	11825.123000	1497	1088
planetlab1.mnlab.cti.depaul.edu_node1.planetlab.albany.edu_1132 3	1104.440000	10766.414000	0.010000	0.000000	11870.864000	1521	1088
planetlab2.mnlab.cti.depaul.edu_node1.planetlab.albany.edu_1128 3	2309.143000	9599.663000	0.009000	0.000000	11908.815000	1776	1152
planetlab-03.cs.princeton.edu_node1.planetlab.albany.edu_2359 3	7794.930000	4127.626000	0.014000	0.000000	11922.570000	1855	80
plonk.cs.uwaterloo.ca_node1.planetlab.albany.edu_774 2	6412.301000	5699.422000	0.025000	0.000000	12111.748000	1800	800
planetlab4.wail.wisc.edu_node1.planetlab.albany.edu_3156 2	6652.027000	8356.519000	0.024000	0.000000	15008.570000	1256	16
planetlab4.wail.wisc.edu_node1.planetlab.albany.edu_3166 2	6673.061000	8343.642000	0.019000	0.000000	15016.722000	1264	16
planetlab4.wail.wisc.edu_node1.planetlab.albany.edu_3176 2	6695.007000	8356.067000	0.028000	0.000000	15051.102000	1272	16
planetlab4.wail.wisc.edu_node1.planetlab.albany.edu_3177 2	6694.736000	8356.437000	0.011000	0.000000	15051.184000	1273	16
planetlab4.wail.wisc.edu_node1.planetlab.albany.edu_3180 2	6699.198000	8352.032000	0.018000	0.000000	15051.248000	1274	16
planetlab4.wail.wisc.edu_node1.planetlab.albany.edu_3183 2	6708.878000	8356.914000	0.016000	0.000000	15065.808000	1276	16
planetlab4.wail.wisc.edu_node1.planetlab.albany.edu_3192 2	6738.173000	8360.861000	0.017000	0.000000	15099.051000	1292	16
planetlab4.wail.wisc.edu_node1.planetlab.albany.edu_3214 2	6786.315000	8366.445000	0.022000	0.000000	15152.782000	1316	16
planetlab4.wail.wisc.edu_node1.planetlab.albany.edu_3221 2	6804.330000	8361.688000	0.014000	0.000000	15166.032000	1320	16
planetlab4.wail.wisc.edu_node1.planetlab.albany.edu_3222 2	6804.489000	8362.557000	0.013000	0.000000	15167.059000	1324	16
planetlab4.wail.wisc.edu_node1.planetlab.albany.edu_3227 2	6810.947000	8379.024000	0.018000	0.000000	15189.989000	1325	16
planetlab4.wail.wisc.edu_node1.planetlab.albany.edu_3231 2	6815.777000	8384.454000	0.024000	0.000000	15200.255000	1326	16
planetlab4.wail.wisc.edu_node1.planetlab.albany.edu_3232 2	6816.917000	8394.590000	0.018000	0.000000	15211.525000	1331	16
planetlab4.wail.wisc.edu_node1.planetlab.albany.edu_3239 2	6833.601000	8400.178000	0.021000	0.000000	15233.800000	1340	16
planetlab4.wail.wisc.edu_node1.planetlab.albany.edu_3248 2	6864.172000	8410.001000	0.022000	0.000000	15274.195000	1350	16
planetlab4.wail.wisc.edu_node1.planetlab.albany.edu_3265 2	6904.550000	8509.274000	0.020000	0.000000	15413.844000	1360	16
planetlab4.wail.wisc.edu_node1.planetlab.albany.edu_3284 2	6973.808000	8609.775000	0.018000	0.000000	15583.601000	1388	16
planetlab4.wail.wisc.edu_node1.planetlab.albany.edu_3298 2	7043.008000	8625.142000	0.019000	0.000000	15668.169000	1414	16
planetlab4.wail.wisc.edu_node1.planetlab.albany.edu_3305 2	7069.869000	8631.882000	0.028000	0.000000	15701.779000	1427	16
planetlab4.wail.wisc.edu_node1.planetlab.albany.edu_3314 2	7094.517000	8630.551000	0.019000	0.000000	15725.087000	1443	16
planetlab4.wail.wisc.edu_node1.planetlab.albany.edu_3317 2	7105.105000	8620.856000	0.029000	0.000000	15725.990000	1452	16
planetlab4.wail.wisc.edu_node1.planetlab.albany.edu_3331 2	7121.749000	8636.400000	0.020000	0.000000	15758.169000	1457	16
planetlab4.wail.wisc.edu_node1.planetlab.albany.edu_3333 2	7130.482000	8628.864000	0.026000	0.000000	15759.372000	1458	16
planetlab4.wail.wisc.edu_node1.planetlab.albany.edu_3335 2	7136.494000	8632.677000	0.029000	0.000000	15769.200000	1459	16
planetlab4.wail.wisc.edu_node1.planetlab.albany.edu_3340 2	7144.003000	8641.855000	0.014000	0.000000	15785.872000	1463	16
planetlab4.wail.wisc.edu_node1.planetlab.albany.edu_3342 2	7140.519000	8650.786000	0.013000	0.000000	15791.318000	1467	16
planetlab4.wail.wisc.edu_node1.planetlab.albany.edu_3345 2	7147.373000	8644.370000	0.017000	0.000000	15791.760000	1474	16
planetlab4.wail.wisc.edu_node1.planetlab.albany.edu_3354 2	7157.334000	8667.140000	0.013000	0.000000	15824.487000	1476	16
planetlab4.wail.wisc.edu_node1.planetlab.albany.edu_3357 2	7160.985000	8664.991000	0.014000	0.000000	15825.990000	1479	16
planetlab4.wail.wisc.edu_node1.planetlab.albany.edu_3359 2	7161.444000	8677.348000	0.014000	0.000000	15838.806000	1478	16
planetlab4.wail.wisc.edu_node1.planetlab.albany.edu_3361 2	7169.683000	8675.711000	0.018000	0.000000	15845.412000	1486	16
planetlab4.wail.wisc.edu_node1.planetlab.albany.edu_3367 2	7183.737000	8688.453000	0.627000	0.000000	15872.817000	1494	16
planetlab4.wail.wisc.edu_node1.planetlab.albany.edu_3376 2	7215.280000	8686.522000	0.019000	0.000000	15901.821000	1510	16
planetlab4.wail.wisc.edu_node1.planetlab.albany.edu_3388 2	7266.038000	8675.598000	0.018000	0.000000	15941.654000	1523	16
planetlab4.wail.wisc.edu_node1.planetlab.albany.edu_3400 2	7300.209000	8657.058000	0.051000	0.000000	15957.318000	1528	16
planetlab4.wail.wisc.edu_node1.planetlab.albany.edu_3462 2	7541.561000	8593.071000	0.032000	0.000000	16134.664000	1616	16
vn4.cse.wustl.edu_node1.planetlab.albany.edu_1768 3	8683.186000	7834.953000	0.019000	0.000000	16518.158000	1564	272
vn4.cse.wustl.edu_node1.planetlab.albany.edu_1863 3	9061.696000	7884.868000	0.022000	0.000000	16946.586000	1641	272
planetlab4.wail.wisc.edu_node1.planetlab.albany.edu_3754 2	8486.241000	8582.489000	0.029000	0.000000	17068.759000	1784	16
planetlab4.wail.wisc.edu_node1.planetlab.albany.edu_3783 2	8550.701000	8628.339000	0.022000	0.000000	17179.062000	1808	16
planetlab4.wail.wisc.edu_node1.planetlab.albany.edu_3874 2	8741.497000	8645.111000	0.013000	0.000000	17386.621000	1836	16
vn4.cse.wustl.edu_node1.planetlab.albany.edu_1979 3	9625.218000	7853.526000	0.018000	0.000000	17478.762000	1782	272
planetlab4.wail.wisc.edu_node1.planetlab.albany.edu_3981 2	9007.044000	8621.399000	0.025000	0.000000	17628.468000	1856	16
planetlab4.wail.wisc.edu_node1.planetlab.albany.edu_4033 2	9145.223000	8616.152000	0.022000	0.000000	17761.397000	1872	16
planetlab4.wail.wisc.edu_node1.planetlab.albany.edu_4038 2	9150.658000	8630.079000	0.014000	0.000000	17780.751000	1873	16
planetlab4.wail.wisc.edu_node1.planetlab.albany.edu_4044 2	9156.599000	8647.239000	0.016000	0.000000	17803.854000	1874	16
planetlab4.wail.wisc.edu_node1.planetlab.albany.edu_4049 2	9169.485000	8641.487000	0.021000	0.000000	17810.993000	1876	16
vn4.cse.wustl.edu_node1.planetlab.albany.edu_2035 3	10025.751000	7796.002000	0.020000	0.000000	17821.773000	1826	272
planetlab4.wail.wisc.edu_node1.planetlab.albany.edu_4071 2	9215.503000	8659.592000	0.024000	0.000000	17875.119000	1880	16
plab4.eece.ksu.edu_node1.planetlab.albany.edu_2446 1	103.949000	20891.807000	0.060000	0.000000	20995.816000	1263	2080
plab4.eece.ksu.edu_node1.planetlab.albany.edu_2448 1	242.339000	20753.438000	0.008000	0.000000	20995.785000	1308	2080
plab4.eece.ksu.edu_node1.planetlab.albany.edu_2449 1	380.056000	20710.700000	0.009000	0.000000	21090.765000	1356	2080
plab4.eece.ksu.edu_node1.planetlab.albany.edu_2450 1	403.488000	20713.619000	0.010000	0.000000	21117.117000	1364	2080
plab4.eece.ksu.edu_node1.planetlab.albany.edu_2451 1	418.289000	20700.277000	0.008000	0.000000	21118.574000	1368	2080
plab4.eece.ksu.edu_node1.planetlab.albany.edu_2452 1	429.425000	20721.442000	0.008000	0.000000	21150.875000	1372	2080
plab4.eece.ksu.edu_node1.planetlab.albany.edu_2454 1	438.476000	20714.831000	0.008000	0.000000	21153.315000	1373	2080
plab4.eece.ksu.edu_node1.planetlab.albany.edu_2455 1	439.137000	20738.619000	0.009000	0.000000	21177.765000	1374	2080
plab4.eece.ksu.edu_node1.planetlab.albany.edu_2456 1	531.335000	20667.967000	0.009000	0.000000	21199.311000	1404	2080
plab4.eece.ksu.edu_node1.planetlab.albany.edu_2458 1	830.093000	20592.857000	0.009000	0.000000	21422.959000	1500	2080
planetlab2.eecs.umich.edu_node1.planetlab.albany.edu_4524 2	21167.921000	7164.494000	0.071000	0.000000	28332.486000	1338	2048
planetlab2.eecs.umich.edu_node1.planetlab.albany.edu_4567 2	21346.870000	7131.903000	0.071000	0.000000	28478.844000	1417	2048
planetlab2.eecs.umich.edu_node1.planetlab.albany.edu_4572 2	21360.704000	7130.439000	0.060000	0.000000	28491.203000	1426	2048
planetlab2.eecs.umich.edu_node1.planetlab.albany.edu_4634 2	21674.401000	7040.912000	0.045000	0.000000	28715.358000	1546	2048
planetlab2.eecs.umich.edu_node1.planetlab.albany.edu_4680 2	21933.388000	6991.735000	0.072000	0.000000	28925.195000	1554	2048
planetlab1.williams.edu_node1.planetlab.albany.edu_2557 3	21457.181000	7535.592000	0.016000	0.000000	28992.789000	1495	2176
planetlab2.eecs.umich.edu_node1.planetlab.albany.edu_4693 2	22015.947000	6983.388000	0.122000	0.000000	28999.457000	1560	2048
planetlab1.williams.edu_node1.planetlab.albany.edu_2584 3	22059.808000	6963.072000	0.022000	0.000000	29022.902000	1636	2176
planetlab2.eecs.umich.edu_node1.planetlab.albany.edu_4713 2	22163.353000	6938.111000	0.075000	0.000000	29101.539000	1562	2048
planetlab1.williams.edu_node1.planetlab.albany.edu_2624 3	25564.212000	3535.258000	0.017000	0.000000	29099.487000	1751	2176
planetlab2.eecs.umich.edu_node1.planetlab.albany.edu_4715 2	22172.449000	6934.650000	0.073000	0.000000	29107.172000	1563	2048
planetlab1.williams.edu_node1.planetlab.albany.edu_2655 3	27017.043000	2148.093000	0.019000	0.000000	29165.155000	1879	2176
planetlab2.eecs.umich.edu_node1.planetlab.albany.edu_4729 2	22268.414000	6928.093000	0.079000	0.000000	29196.586000	1566	2048
planetlab2.eecs.umich.edu_node1.planetlab.albany.edu_4740 2	22365.352000	6890.099000	0.070000	0.000000	29255.521000	1570	2048
planetlab2.eecs.umich.edu_node1.planetlab.albany.edu_4745 2	22406.697000	6883.768000	0.084000	0.000000	29290.549000	1576	2048
planetlab2.eecs.umich.edu_node1.planetlab.albany.edu_4747 2	22411.520000	6881.763000	0.073000	0.000000	29293.356000	1578	2048
planetlab2.eecs.umich.edu_node1.planetlab.albany.edu_4751 2	22433.613000	6883.080000	0.073000	0.000000	29316.766000	1579	2048
planetlab2.eecs.umich.edu_node1.planetlab.albany.edu_4759 2	22474.016000	6871.779000	0.071000	0.000000	29345.866000	1582	2048
planetlab2.eecs.umich.edu_node1.planetlab.albany.edu_4761 2	22484.464000	6868.698000	0.062000	0.000000	29353.224000	1584	2048
planetlab2.eecs.umich.edu_node1.planetlab.albany.edu_4776 2	22607.836000	6854.807000	0.074000	0.000000	29462.717000	1586	2048
planetlab2.eecs.umich.edu_node1.planetlab.albany.edu_4788 2	22680.070000	6851.067000	0.076000	0.000000	29531.213000	1590	2048
planetlab2.eecs.umich.edu_node1.planetlab.albany.edu_4786 2	22681.650000	6850.240000	0.075000	0.000000	29531.965000	1587	2048
planetlab2.eecs.umich.edu_node1.planetlab.albany.edu_4791 2	22687.463000	6858.128000	0.073000	0.000000	29545.664000	1592	2048
planetlab2.eecs.umich.edu_node1.planetlab.albany.edu_4797 2	22717.439000	6849.609000	0.093000	0.000000	29567.141000	1593	2048
planetlab2.eecs.umich.edu_node1.planetlab.albany.edu_4799 2	22728.298000	6847.848000	0.074000	0.000000	29576.220000	1594	2048
planetlab2.eecs.umich.edu_node1.planetlab.albany.edu_4816 2	22816.660000	6852.418000	0.075000	0.000000	29669.153000	1595	2048
planetlab2.eecs.umich.edu_node1.planetlab.albany.edu_4821 2	22854.773000	6834.010000	0.079000	0.000000	29688.862000	1596	2048
planetlab2.eecs.umich.edu_node1.planetlab.albany.edu_4826 2	22873.997000	6834.384000	0.069000	0.000000	29708.450000	1598	2048
planetlab2.eecs.umich.edu_node1.planetlab.albany.edu_4830 2	22898.657000	6826.438000	0.078000	0.000000	29725.173000	1599	2048
planetlab2.eecs.umich.edu_node1.planetlab.albany.edu_4856 2	23059.386000	6804.467000	0.076000	0.000000	29863.929000	1615	2048
planetlab2.eecs.umich.edu_node1.planetlab.albany.edu_4868 2	23142.373000	6780.373000	0.075000	0.000000	29922.821000	1626	2048
planetlab2.eecs.umich.edu_node1.planetlab.albany.edu_4928 2	23484.148000	6769.866000	0.077000	0.000000	30254.091000	1656	2048
planetlab2.eecs.umich.edu_node1.planetlab.albany.edu_5029 2	25150.514000	5724.954000	0.071000	0.000000	30875.539000	1642	2048
planetlab2.eecs.umich.edu_node1.planetlab.albany.edu_5056 2	25255.722000	5776.788000	0.082000	0.000000	31032.592000	1650	2048
planetlab2.eecs.umich.edu_node1.planetlab.albany.edu_5069 2	25314.132000	5776.006000	0.075000	0.000000	31090.213000	1662	2048
planetlab2.eecs.umich.edu_node1.planetlab.albany.edu_5081 2	25397.195000	5759.340000	0.079000	0.000000	31156.614000	1673	2048
planetlab2.eecs.umich.edu_node1.planetlab.albany.edu_5132 2	25749.842000	5696.534000	0.071000	0.000000	31446.447000	1658	2048
planetlab2.eecs.umich.edu_node1.planetlab.albany.edu_5146 2	25794.735000	5734.217000	0.077000	0.000000	31529.029000	1690	2048
planetlab2.eecs.umich.edu_node1.planetlab.albany.edu_5161 2	25855.240000	5745.349000	0.074000	0.000000	31600.663000	1659	2048
planetlab2.eecs.umich.edu_node1.planetlab.albany.edu_5182 2	25923.503000	5812.004000	0.083000	0.000000	31735.590000	1701	2048
planetlab2.eecs.umich.edu_node1.planetlab.albany.edu_5187 2	25957.643000	5798.775000	0.107000	0.000000	31756.525000	1706	2048
planetlab2.eecs.umich.edu_node1.planetlab.albany.edu_5194 2	25984.306000	5792.970000	0.067000	0.000000	31777.343000	1714	2048
planetlab2.eecs.umich.edu_node1.planetlab.albany.edu_5208 2	26027.610000	5838.675000	0.071000	0.000000	31866.356000	1720	2048
planetlab2.eecs.umich.edu_node1.planetlab.albany.edu_5213 2	26066.872000	5830.774000	0.078000	0.000000	31897.724000	1722	2048
planetlab2.eecs.umich.edu_node1.planetlab.albany.edu_5216 2	26073.198000	5829.792000	0.062000	0.000000	31903.052000	1723	2048
planetlab2.eecs.umich.edu_node1.planetlab.albany.edu_5225 2	26099.995000	5850.162000	0.077000	0.000000	31950.234000	1726	2048
planetlab2.eecs.umich.edu_node1.planetlab.albany.edu_5263 2	26243.037000	5935.729000	0.076000	0.000000	32178.842000	1744	2048
planetlab2.eecs.umich.edu_node1.planetlab.albany.edu_5318 2	26448.262000	5985.558000	0.074000	0.000000	32433.894000	1786	2048
planetlab2.eecs.umich.edu_node1.planetlab.albany.edu_5334 2	26537.624000	5975.305000	0.102000	0.000000	32513.031000	1818	2048
planetlab2.eecs.umich.edu_node1.planetlab.albany.edu_5384 2	26719.634000	5993.263000	0.068000	0.000000	32712.965000	1796	2048
planetlab2.eecs.umich.edu_node1.planetlab.albany.edu_5407 2	26822.109000	5977.567000	0.369000	0.000000	32800.045000	1834	2048
planetlab2.eecs.umich.edu_node1.planetlab.albany.edu_5413 2	26829.495000	6009.764000	0.077000	0.000000	32839.336000	1842	2048
planetlab2.eecs.umich.edu_node1.planetlab.albany.edu_5448 2	26946.572000	6036.355000	1.604000	0.000000	32984.531000	1848	2048
planetlab2.eecs.umich.edu_node1.planetlab.albany.edu_5458 2	26985.790000	6046.701000	0.067000	0.000000	33032.558000	1850	2048
planetlab2.eecs.umich.edu_node1.planetlab.albany.edu_5460 2	26977.741000	6061.163000	0.073000	0.000000	33038.977000	1851	2048
planetlab2.eecs.umich.edu_node1.planetlab.albany.edu_5480 2	27048.570000	6099.755000	0.077000	0.000000	33148.402000	1854	2048
planetlab2.eecs.umich.edu_node1.planetlab.albany.edu_5911 2	28867.038000	5988.778000	0.075000	0.000000	34855.891000	1801	2048
planetlab4.csee.usf.edu_node1.planetlab.albany.edu_1246 4	35339.187000	0.027000	0.031000	0.000000	35339.245000	1858	2624
planetlab-1.cse.ohio-state.edu_node1.planetlab.albany.edu_1977 3	35227.254000	2840.532000	0.033000	0.000000	38067.819000	1297	2560
planetlab-1.cse.ohio-state.edu_node1.planetlab.albany.edu_1980 3	35256.997000	2845.697000	0.051000	0.000000	38102.745000	1422	2560
planetlab-1.cse.ohio-state.edu_node1.planetlab.albany.edu_1982 3	35215.487000	2885.968000	0.028000	0.000000	38101.483000	1531	2560
planetlab5.williams.edu_node1.planetlab.albany.edu_3472 3	28794.715000	14259.482000	0.023000	0.000000	43054.220000	1270	2112
planetlab5.williams.edu_node1.planetlab.albany.edu_3474 3	28864.647000	14188.060000	0.023000	0.000000	43052.730000	1469	2112
