planetlabpc2.upf.edu_planetlabpc2.upf.edu_2555 0	4.055000	3889.215000	0.027000	0.000000	3893.297000	S	70376	2592
planetlabpc2.upf.edu_planetlabpc2.upf.edu_2640 0	0.807000	5656.130000	0.020000	0.000000	5656.957000	S	70460	2592
planetlab2.cs.uoregon.edu_planetlabpc2.upf.edu_2845 2	656.296000	8806.625000	0.060000	0.005000	9462.986000	S	70350	3104
planetlab2.cs.uoregon.edu_planetlabpc2.upf.edu_2847 2	794.985000	8674.105000	0.060000	0.005000	9469.155000	S	70358	3104
planetlab2.cs.uoregon.edu_planetlabpc2.upf.edu_2849 2	827.780000	8802.322000	0.463000	0.005000	9630.570000	S	70362	3104
planetlab2.cs.uoregon.edu_planetlabpc2.upf.edu_2851 2	822.225000	8808.715000	0.037000	0.004000	9630.981000	S	70364	3104
planetlab2.cs.uoregon.edu_planetlabpc2.upf.edu_2853 2	804.880000	8826.187000	0.070000	0.006000	9631.143000	S	70366	3104
planetlab2.cs.uoregon.edu_planetlabpc2.upf.edu_2857 2	799.073000	8832.171000	0.040000	0.006000	9631.290000	S	70367	3104
planetlab2.cs.uoregon.edu_planetlabpc2.upf.edu_2859 2	761.859000	8918.219000	0.051000	0.006000	9680.135000	S	70398	3104
planetlab2.cs.uoregon.edu_planetlabpc2.upf.edu_2862 2	650.277000	9033.811000	0.053000	0.006000	9684.147000	S	70509	3104
nodea.howard.edu_planetlabpc2.upf.edu_2023 3	708.059000	9023.806000	0.113000	0.013000	9731.991000	S	70451	3232
planetlab2.cs.uoregon.edu_planetlabpc2.upf.edu_2864 2	688.751000	9215.590000	0.074000	0.006000	9904.421000	S	70622	3104
planetlab2.cs.uoregon.edu_planetlabpc2.upf.edu_2893 2	679.928000	11594.915000	0.070000	0.007000	12274.920000	S	70717	3104
planetlabpc2.upf.edu_planetlabpc2.upf.edu_2956 0	2.098000	12791.760000	0.016000	0.000000	12793.874000	S	70775	2592
planetlab-01.bu.edu_planetlabpc2.upf.edu_7454 3	535.536000	13727.598000	0.054000	0.011000	14263.199000	S	70342	640
node1.planetlab.albany.edu_planetlabpc2.upf.edu_35581 2	494.043000	13803.726000	0.065000	0.006000	14297.840000	S	70343	32
planetlab2.netlab.uky.edu_planetlabpc2.upf.edu_11487 1	488.945000	13940.024000	0.037000	0.003000	14429.009000	S	70349	544
node1.planetlab.albany.edu_planetlabpc2.upf.edu_35600 2	503.545000	13938.667000	0.048000	0.004000	14442.264000	S	70348	32
node1.planetlab.albany.edu_planetlabpc2.upf.edu_35637 2	509.635000	14102.254000	0.041000	0.003000	14611.933000	S	70354	32
planetlab2.netlab.uky.edu_planetlabpc2.upf.edu_11600 1	554.092000	14267.085000	0.032000	0.002000	14821.211000	S	70363	544
planetlab-3.cmcl.cs.cmu.edu_planetlabpc2.upf.edu_4029 6	903.774000	13937.699000	0.242000	0.023000	14841.738000	S	70371	1568
node1.planetlab.albany.edu_planetlabpc2.upf.edu_35758 2	567.695000	14401.404000	0.047000	0.008000	14969.154000	S	70361	32
planetlab-3.cmcl.cs.cmu.edu_planetlabpc2.upf.edu_4037 6	814.567000	14275.394000	0.214000	0.017000	15090.192000	S	70416	1568
planetlab2.williams.edu_planetlabpc2.upf.edu_4258 4	662.816000	14549.612000	0.074000	0.084000	15212.586000	S	70462	1312
node1.planetlab.albany.edu_planetlabpc2.upf.edu_35862 2	560.498000	14680.940000	0.041000	0.005000	15241.484000	S	70370	32
planetlab2.williams.edu_planetlabpc2.upf.edu_4260 4	697.333000	14541.303000	0.082000	0.009000	15238.727000	S	70475	1312
planetlab2.williams.edu_planetlabpc2.upf.edu_4262 4	682.321000	14653.908000	0.183000	0.008000	15336.420000	S	70561	1312
planetlab-3.cmcl.cs.cmu.edu_planetlabpc2.upf.edu_4042 6	907.690000	14493.050000	0.194000	0.017000	15400.951000	S	70464	1568
planetlab-3.cmcl.cs.cmu.edu_planetlabpc2.upf.edu_4050 6	870.791000	14557.463000	0.128000	0.018000	15428.400000	S	70482	1568
planetlab-3.cmcl.cs.cmu.edu_planetlabpc2.upf.edu_4048 6	877.284000	14551.277000	0.137000	0.016000	15428.714000	S	70481	1568
planetlab5.csee.usf.edu_planetlabpc2.upf.edu_8479 2	622.876000	14849.227000	0.035000	0.005000	15472.143000	S	70388	608
planetlab-3.cmcl.cs.cmu.edu_planetlabpc2.upf.edu_4051 6	919.522000	14550.131000	0.163000	0.018000	15469.834000	S	70480	1568
planetlab-3.cmcl.cs.cmu.edu_planetlabpc2.upf.edu_4057 6	803.821000	14665.491000	0.150000	0.016000	15469.478000	S	70512	1568
planetlab-3.cmcl.cs.cmu.edu_planetlabpc2.upf.edu_4054 6	938.508000	14531.675000	0.229000	0.016000	15470.428000	S	70484	1568
node1.planetlab.albany.edu_planetlabpc2.upf.edu_35974 2	528.761000	14982.201000	0.039000	0.006000	15511.007000	S	70374	32
planetlab-3.cmcl.cs.cmu.edu_planetlabpc2.upf.edu_4055 6	872.564000	14635.378000	0.120000	0.016000	15508.078000	S	70488	1568
node1.planetlab.albany.edu_planetlabpc2.upf.edu_35998 2	525.666000	15044.937000	0.041000	0.005000	15570.649000	S	70377	32
planetlab-3.cmcl.cs.cmu.edu_planetlabpc2.upf.edu_4061 6	822.673000	14808.228000	0.171000	0.015000	15631.087000	S	70608	1568
planetlab1.cs.cornell.edu_planetlabpc2.upf.edu_5273 3	690.856000	14980.039000	0.081000	0.005000	15670.981000	S	70744	1280
node1.planetlab.albany.edu_planetlabpc2.upf.edu_36165 2	540.051000	15592.697000	0.044000	0.004000	16132.796000	S	70384	32
node1.planetlab.albany.edu_planetlabpc2.upf.edu_36177 2	536.596000	15631.303000	0.032000	0.005000	16167.936000	S	70386	32
node1.planetlab.albany.edu_planetlabpc2.upf.edu_36179 2	530.536000	15637.787000	0.045000	0.004000	16168.372000	S	70387	32
node1.planetlab.albany.edu_planetlabpc2.upf.edu_36187 2	545.212000	15668.894000	0.032000	0.004000	16214.142000	S	70385	32
plonk.cs.uwaterloo.ca_planetlabpc2.upf.edu_5035 2	566.842000	15754.878000	0.090000	0.005000	16321.815000	S	70423	800
node1.planetlab.albany.edu_planetlabpc2.upf.edu_36259 2	558.629000	15878.146000	0.049000	0.007000	16436.831000	S	70390	32
node1.planetlab.albany.edu_planetlabpc2.upf.edu_36321 2	514.790000	16085.270000	0.068000	0.004000	16600.132000	S	70393	32
node1.planetlab.albany.edu_planetlabpc2.upf.edu_36338 2	482.839000	16135.043000	0.033000	0.005000	16617.920000	S	70394	32
node1.planetlab.albany.edu_planetlabpc2.upf.edu_36330 2	504.258000	16118.721000	0.042000	0.005000	16623.026000	S	70395	32
node1.planetlab.albany.edu_planetlabpc2.upf.edu_36335 2	504.001000	16131.716000	0.036000	0.005000	16635.758000	S	70392	32
node1.planetlab.albany.edu_planetlabpc2.upf.edu_36371 2	493.553000	16266.172000	0.062000	0.005000	16759.792000	S	70397	32
node1.planetlab.albany.edu_planetlabpc2.upf.edu_36472 2	495.239000	16518.735000	0.039000	0.005000	17014.018000	S	70404	32
node1.planetlab.albany.edu_planetlabpc2.upf.edu_36576 2	538.872000	16750.422000	0.037000	0.007000	17289.338000	S	70406	32
node1.planetlab.albany.edu_planetlabpc2.upf.edu_36609 2	591.415000	16847.356000	0.034000	0.005000	17438.810000	S	70412	32
node1.planetlab.albany.edu_planetlabpc2.upf.edu_36605 2	610.942000	16828.216000	0.031000	0.005000	17439.194000	S	70408	32
node1.planetlab.albany.edu_planetlabpc2.upf.edu_36600 2	627.500000	16811.814000	0.035000	0.034000	17439.383000	S	70410	32
planetlab2.netlab.uky.edu_planetlabpc2.upf.edu_12284 1	569.262000	16869.447000	0.144000	0.003000	17438.856000	S	70477	544
node1.planetlab.albany.edu_planetlabpc2.upf.edu_36651 2	547.129000	17004.386000	0.038000	0.005000	17551.558000	S	70413	32
node1.planetlab.albany.edu_planetlabpc2.upf.edu_36699 2	504.954000	17129.123000	0.049000	0.006000	17634.132000	S	70414	32
node1.planetlab.albany.edu_planetlabpc2.upf.edu_36746 2	514.606000	17251.724000	0.037000	0.004000	17766.371000	S	70419	32
node1.planetlab.albany.edu_planetlabpc2.upf.edu_36742 2	539.043000	17263.357000	0.042000	0.004000	17802.446000	S	70418	32
node1.planetlab.albany.edu_planetlabpc2.upf.edu_36874 2	488.303000	17649.832000	0.057000	0.004000	18138.196000	S	70424	32
node1.planetlab.albany.edu_planetlabpc2.upf.edu_36879 2	527.181000	17666.991000	0.042000	0.005000	18194.219000	S	70426	32
node1.planetlab.albany.edu_planetlabpc2.upf.edu_36902 2	515.667000	17752.091000	0.042000	0.005000	18267.805000	S	70427	32
node1.planetlab.albany.edu_planetlabpc2.upf.edu_36940 2	505.793000	17892.616000	0.033000	0.006000	18398.448000	S	70428	32
node1.planetlab.albany.edu_planetlabpc2.upf.edu_36981 2	489.332000	17997.135000	0.050000	0.006000	18486.523000	S	70430	32
node1.planetlab.albany.edu_planetlabpc2.upf.edu_37075 2	519.856000	18239.206000	0.034000	0.004000	18759.100000	S	70434	32
node1.planetlab.albany.edu_planetlabpc2.upf.edu_37118 2	551.216000	18397.125000	0.047000	0.006000	18948.394000	S	70436	32
node1.planetlab.albany.edu_planetlabpc2.upf.edu_37256 2	616.731000	18781.171000	0.038000	0.006000	19397.946000	S	70439	32
node1.planetlab.albany.edu_planetlabpc2.upf.edu_37216 2	738.793000	18659.611000	0.038000	0.005000	19398.447000	S	70438	32
node1.planetlab.albany.edu_planetlabpc2.upf.edu_37306 2	633.583000	18929.163000	0.039000	0.005000	19562.790000	S	70444	32
node1.planetlab.albany.edu_planetlabpc2.upf.edu_37398 2	522.560000	19171.992000	0.043000	0.006000	19694.601000	S	70446	32
node1.planetlab.albany.edu_planetlabpc2.upf.edu_37422 2	514.732000	19266.792000	0.052000	0.006000	19781.582000	S	70450	32
node1.planetlab.albany.edu_planetlabpc2.upf.edu_37451 2	484.705000	19354.315000	0.043000	0.006000	19839.069000	S	70454	32
node1.planetlab.albany.edu_planetlabpc2.upf.edu_37468 2	542.354000	19391.679000	0.033000	0.007000	19934.073000	S	70457	32
node1.planetlab.albany.edu_planetlabpc2.upf.edu_37471 2	519.027000	19415.376000	0.038000	0.006000	19934.447000	S	70458	32
node1.planetlab.albany.edu_planetlabpc2.upf.edu_37534 2	499.678000	19621.653000	0.054000	0.006000	20121.391000	S	70468	32
node1.planetlab.albany.edu_planetlabpc2.upf.edu_37530 2	523.565000	19599.795000	0.040000	0.006000	20123.406000	S	70466	32
node1.planetlab.albany.edu_planetlabpc2.upf.edu_37571 2	506.380000	19737.159000	0.044000	0.006000	20243.589000	S	70470	32
node1.planetlab.albany.edu_planetlabpc2.upf.edu_37580 2	542.591000	19773.904000	0.054000	0.010000	20316.559000	S	70471	32
node1.planetlab.albany.edu_planetlabpc2.upf.edu_37591 2	514.305000	19808.495000	0.050000	0.006000	20322.856000	S	70476	32
node1.planetlab.albany.edu_planetlabpc2.upf.edu_37609 2	495.824000	19877.339000	0.035000	0.004000	20373.202000	S	70478	32
planetlab-1.cse.ohio-state.edu_planetlabpc2.upf.edu_4368 1	486.411000	19919.350000	0.049000	0.004000	20405.814000	S	70929	2560
node1.planetlab.albany.edu_planetlabpc2.upf.edu_37685 2	506.574000	20132.179000	0.038000	0.006000	20638.797000	S	70486	32
node1.planetlab.albany.edu_planetlabpc2.upf.edu_37738 2	501.415000	20285.835000	0.054000	0.006000	20787.310000	S	70490	32
node1.planetlab.albany.edu_planetlabpc2.upf.edu_37740 2	504.767000	20288.458000	0.049000	0.005000	20793.279000	S	70489	32
node1.planetlab.albany.edu_planetlabpc2.upf.edu_37824 2	1558.197000	19509.873000	0.044000	0.005000	21068.119000	S	70500	32
node1.planetlab.albany.edu_planetlabpc2.upf.edu_37808 2	565.546000	20503.145000	0.044000	0.005000	21068.740000	S	70498	32
node1.planetlab.albany.edu_planetlabpc2.upf.edu_37815 2	1601.178000	19467.941000	0.050000	0.006000	21069.175000	S	70496	32
node1.planetlab.albany.edu_planetlabpc2.upf.edu_37818 2	1599.479000	19469.993000	0.031000	0.004000	21069.507000	S	70499	32
node1.planetlab.albany.edu_planetlabpc2.upf.edu_37828 2	1539.343000	19530.589000	0.035000	0.005000	21069.972000	S	70501	32
node1.planetlab.albany.edu_planetlabpc2.upf.edu_37830 2	1538.057000	19534.677000	0.040000	0.005000	21072.779000	S	70502	32
node1.planetlab.albany.edu_planetlabpc2.upf.edu_37838 2	1517.570000	19629.633000	0.064000	0.005000	21147.272000	S	70503	32
ebb.colgate.edu_planetlabpc2.upf.edu_4520 4	981.453000	20270.320000	0.092000	0.008000	21251.873000	S	70634	1184
node1.planetlab.albany.edu_planetlabpc2.upf.edu_37863 2	1482.982000	19801.315000	0.042000	0.006000	21284.345000	S	70508	32
node1.planetlab.albany.edu_planetlabpc2.upf.edu_37859 2	1494.237000	19793.332000	0.037000	0.004000	21287.610000	S	70506	32
node1.planetlab.albany.edu_planetlabpc2.upf.edu_37870 2	1448.122000	19839.565000	0.034000	0.005000	21287.726000	S	70510	32
ebb.colgate.edu_planetlabpc2.upf.edu_4522 4	1211.733000	20072.308000	0.067000	0.009000	21284.117000	S	70665	1184
pl1.planet.cs.kent.edu_planetlabpc2.upf.edu_4422 3	1043.407000	20251.081000	0.053000	0.045000	21294.586000	S	70597	1248
node1.planetlab.albany.edu_planetlabpc2.upf.edu_37878 2	1437.535000	19867.784000	0.045000	0.004000	21305.368000	S	70505	32
node1.planetlab.albany.edu_planetlabpc2.upf.edu_37924 2	1283.127000	20209.355000	0.045000	0.008000	21492.535000	S	70511	32
node1.planetlab.albany.edu_planetlabpc2.upf.edu_37980 2	1334.260000	20439.301000	0.047000	0.004000	21773.612000	S	70516	32
node1.planetlab.albany.edu_planetlabpc2.upf.edu_37982 2	1332.297000	20441.652000	0.036000	0.004000	21773.989000	S	70513	32
node1.planetlab.albany.edu_planetlabpc2.upf.edu_37978 2	1346.591000	20427.541000	0.052000	0.004000	21774.188000	S	70514	32
ebb.colgate.edu_planetlabpc2.upf.edu_4526 4	1053.184000	20713.355000	0.062000	0.010000	21766.611000	S	70842	1184
plonk.cs.uwaterloo.ca_planetlabpc2.upf.edu_5359 2	537.978000	21380.210000	0.051000	0.006000	21918.245000	S	70535	800
ebb.colgate.edu_planetlabpc2.upf.edu_4536 4	1138.086000	21193.120000	0.125000	0.009000	22331.340000	S	70925	1184
ebb.colgate.edu_planetlabpc2.upf.edu_4530 4	1167.847000	21163.827000	0.045000	0.009000	22331.728000	S	70921	1184
ebb.colgate.edu_planetlabpc2.upf.edu_4532 4	1208.778000	21123.087000	0.049000	0.010000	22331.924000	S	70920	1184
ebb.colgate.edu_planetlabpc2.upf.edu_4528 4	1192.779000	21139.467000	0.085000	0.009000	22332.340000	S	70913	1184
ebb.colgate.edu_planetlabpc2.upf.edu_4534 4	1155.764000	21176.451000	0.067000	0.008000	22332.290000	S	70923	1184
ebb.colgate.edu_planetlabpc2.upf.edu_4538 4	1083.424000	21248.638000	0.069000	0.009000	22332.140000	S	70937	1184
ebb.colgate.edu_planetlabpc2.upf.edu_4540 4	1102.656000	21229.110000	0.079000	0.010000	22331.855000	S	70953	1184
node1.planetlab.albany.edu_planetlabpc2.upf.edu_38153 2	3645.314000	18697.135000	0.045000	0.006000	22342.500000	S	70518	32
plonk.cs.uwaterloo.ca_planetlabpc2.upf.edu_5364 2	770.371000	21571.434000	0.098000	0.006000	22341.909000	S	70547	800
plonk.cs.uwaterloo.ca_planetlabpc2.upf.edu_5370 2	720.353000	21621.592000	0.040000	0.019000	22342.004000	S	70551	800
plonk.cs.uwaterloo.ca_planetlabpc2.upf.edu_5366 2	759.684000	21582.472000	0.029000	0.005000	22342.190000	S	70550	800
plonk.cs.uwaterloo.ca_planetlabpc2.upf.edu_5368 2	751.237000	21591.139000	0.029000	0.004000	22342.409000	S	70549	800
node1.planetlab.albany.edu_planetlabpc2.upf.edu_38187 2	542.065000	21801.174000	0.048000	0.008000	22343.295000	S	70525	32
plonk.cs.uwaterloo.ca_planetlabpc2.upf.edu_5378 2	680.728000	21859.083000	0.047000	0.006000	22539.864000	S	70559	800
node1.planetlab.albany.edu_planetlabpc2.upf.edu_38247 2	3563.974000	18977.264000	0.055000	0.006000	22541.299000	S	70519	32
node1.planetlab.albany.edu_planetlabpc2.upf.edu_38245 2	553.572000	21987.729000	0.045000	0.005000	22541.351000	S	70526	32
planet2.cs.rochester.edu_planetlabpc2.upf.edu_6575 2	550.013000	21990.661000	0.037000	0.006000	22540.717000	S	70560	672
node1.planetlab.albany.edu_planetlabpc2.upf.edu_38309 2	3481.615000	19203.642000	0.041000	0.005000	22685.303000	S	70521	32
node1.planetlab.albany.edu_planetlabpc2.upf.edu_38321 2	3554.917000	19243.753000	0.048000	0.006000	22798.724000	S	70523	32
node1.planetlab.albany.edu_planetlabpc2.upf.edu_38314 2	3574.844000	19224.321000	0.031000	0.006000	22799.202000	S	70520	32
plonk.cs.uwaterloo.ca_planetlabpc2.upf.edu_5387 2	653.883000	22182.318000	0.048000	0.008000	22836.257000	S	70583	800
planetlab5.csee.usf.edu_planetlabpc2.upf.edu_8782 2	622.129000	22360.586000	0.038000	0.006000	22982.759000	S	70602	608
node1.planetlab.albany.edu_planetlabpc2.upf.edu_38386 2	525.845000	22498.660000	0.041000	0.011000	23024.557000	S	70534	32
node1.planetlab.albany.edu_planetlabpc2.upf.edu_38407 2	586.295000	22506.701000	0.056000	0.006000	23093.058000	S	70528	32
node1.planetlab.albany.edu_planetlabpc2.upf.edu_38414 2	564.605000	22552.403000	0.036000	0.004000	23117.048000	S	70533	32
node1.planetlab.albany.edu_planetlabpc2.upf.edu_38412 2	577.772000	22539.723000	0.034000	0.014000	23117.543000	S	70532	32
plonk.cs.uwaterloo.ca_planetlabpc2.upf.edu_5395 2	697.008000	22475.379000	0.049000	0.004000	23172.440000	S	70615	800
planetlab2.netlab.uky.edu_planetlabpc2.upf.edu_13064 1	520.329000	22713.677000	0.031000	0.003000	23234.040000	S	70629	544
node1.planetlab.albany.edu_planetlabpc2.upf.edu_38527 2	529.434000	22983.295000	0.055000	0.007000	23512.791000	S	70536	32
node1.planetlab.albany.edu_planetlabpc2.upf.edu_38530 2	523.522000	22989.619000	0.030000	0.003000	23513.174000	S	70538	32
node1.planetlab.albany.edu_planetlabpc2.upf.edu_38548 2	494.954000	23055.929000	0.032000	0.005000	23550.920000	S	70542	32
node1.planetlab.albany.edu_planetlabpc2.upf.edu_38551 2	486.818000	23064.432000	0.043000	0.005000	23551.298000	S	70540	32
node1.planetlab.albany.edu_planetlabpc2.upf.edu_38540 2	528.667000	23024.076000	0.030000	0.005000	23552.778000	S	70541	32
node1.planetlab.albany.edu_planetlabpc2.upf.edu_38553 2	518.578000	23078.316000	0.033000	0.006000	23596.933000	S	70537	32
planetlab-2.cmcl.cs.cmu.edu_planetlabpc2.upf.edu_5026 2	497.676000	23096.762000	0.073000	0.005000	23594.516000	S	70654	560
planetlab2.netlab.uky.edu_planetlabpc2.upf.edu_13234 1	472.634000	23236.539000	0.030000	0.003000	23709.206000	S	70662	544
node1.planetlab.albany.edu_planetlabpc2.upf.edu_38594 2	501.628000	23254.757000	0.040000	0.005000	23756.430000	S	70543	32
planetlab2.netlab.uky.edu_planetlabpc2.upf.edu_13268 1	477.531000	23343.707000	0.039000	0.004000	23821.281000	S	70669	544
node1.planetlab.albany.edu_planetlabpc2.upf.edu_38653 2	538.037000	23449.378000	0.039000	0.004000	23987.458000	S	70548	32
node1.planetlab.albany.edu_planetlabpc2.upf.edu_38666 2	501.775000	23486.065000	0.041000	0.007000	23987.888000	S	70546	32
planetlab2.netlab.uky.edu_planetlabpc2.upf.edu_13346 1	582.219000	23465.631000	0.031000	0.002000	24047.883000	S	70680	544
planetlab2.netlab.uky.edu_planetlabpc2.upf.edu_13425 1	599.426000	23819.698000	0.028000	0.005000	24419.157000	S	70696	544
node1.planetlab.albany.edu_planetlabpc2.upf.edu_38814 2	688.229000	23932.923000	0.079000	0.004000	24621.235000	S	70553	32
node1.planetlab.albany.edu_planetlabpc2.upf.edu_38819 2	665.071000	23957.020000	0.031000	0.006000	24622.128000	S	70552	32
node1.planetlab.albany.edu_planetlabpc2.upf.edu_38829 2	634.156000	23988.573000	0.029000	0.005000	24622.763000	S	70558	32
node1.planetlab.albany.edu_planetlabpc2.upf.edu_38827 2	638.823000	23984.146000	0.033000	0.006000	24623.008000	S	70556	32
planetlab1.rutgers.edu_planetlabpc2.upf.edu_17504 2	588.203000	24038.957000	0.067000	0.004000	24627.231000	S	70411	512
node1.planetlab.albany.edu_planetlabpc2.upf.edu_38821 2	664.760000	23958.828000	0.033000	0.003000	24623.624000	S	70554	32
node1.planetlab.albany.edu_planetlabpc2.upf.edu_38825 2	654.485000	23969.200000	6.004000	0.006000	24629.695000	S	70557	32
planetlab2.netlab.uky.edu_planetlabpc2.upf.edu_13468 1	640.946000	23985.391000	0.034000	0.002000	24626.373000	S	70704	544
planetlab2.netlab.uky.edu_planetlabpc2.upf.edu_13512 1	515.398000	24117.721000	0.030000	0.005000	24633.154000	S	70712	544
planetlab2.netlab.uky.edu_planetlabpc2.upf.edu_13516 1	495.095000	24138.243000	0.019000	0.002000	24633.359000	S	70713	544
planetlab2.netlab.uky.edu_planetlabpc2.upf.edu_13517 1	489.822000	24143.711000	0.019000	0.003000	24633.555000	S	70714	544
planetlab2.netlab.uky.edu_planetlabpc2.upf.edu_13534 1	613.364000	24205.129000	0.034000	0.004000	24818.531000	S	70716	544
planetlab2.netlab.uky.edu_planetlabpc2.upf.edu_13576 1	596.265000	24370.531000	0.047000	0.004000	24966.847000	S	70725	544
planetlab2.netlab.uky.edu_planetlabpc2.upf.edu_13577 1	576.244000	24391.472000	0.022000	0.002000	24967.740000	S	70729	544
planetlab2.netlab.uky.edu_planetlabpc2.upf.edu_13594 1	598.035000	24461.955000	0.039000	0.004000	25060.033000	S	70732	544
planetlab1.rutgers.edu_planetlabpc2.upf.edu_17596 2	766.635000	24301.139000	0.112000	0.006000	25067.892000	S	70435	512
planetlab1.rutgers.edu_planetlabpc2.upf.edu_17645 2	675.140000	24393.419000	0.052000	0.003000	25068.614000	S	70441	512
planetlab1.rutgers.edu_planetlabpc2.upf.edu_17643 2	675.224000	24393.467000	0.063000	0.003000	25068.757000	S	70442	512
planetlab1.rutgers.edu_planetlabpc2.upf.edu_17647 2	669.756000	24408.121000	0.074000	0.006000	25077.957000	S	70443	512
node1.planetlab.albany.edu_planetlabpc2.upf.edu_38968 2	528.817000	24549.560000	0.047000	0.005000	25078.429000	S	70562	32
node1.planetlab.albany.edu_planetlabpc2.upf.edu_38970 2	528.739000	24550.112000	0.040000	0.005000	25078.896000	S	70564	32
planetlab1.rutgers.edu_planetlabpc2.upf.edu_17668 2	572.021000	24523.980000	0.086000	0.005000	25096.092000	S	70447	512
planetlab1.rutgers.edu_planetlabpc2.upf.edu_17674 2	550.916000	24548.013000	0.085000	0.004000	25099.018000	S	70459	512
planetlab2.netlab.uky.edu_planetlabpc2.upf.edu_13610 1	556.113000	24549.604000	0.039000	0.002000	25105.758000	S	70738	544
planetlab2.netlab.uky.edu_planetlabpc2.upf.edu_13621 1	516.593000	24589.809000	0.026000	0.002000	25106.430000	S	70735	544
planetlab2.netlab.uky.edu_planetlabpc2.upf.edu_13612 1	547.801000	24558.933000	0.025000	0.004000	25106.763000	S	70733	544
roam2.cs.ou.edu_planetlabpc2.upf.edu_18113 3	785.169000	24499.516000	0.054000	0.006000	25284.745000	S	70341	48
node1.planetlab.albany.edu_planetlabpc2.upf.edu_39011 2	556.505000	24722.152000	0.038000	0.006000	25278.701000	S	70566	32
roam2.cs.ou.edu_planetlabpc2.upf.edu_18149 3	638.744000	24646.463000	0.053000	0.009000	25285.269000	S	70346	48
roam2.cs.ou.edu_planetlabpc2.upf.edu_18161 3	623.438000	24661.866000	0.054000	0.015000	25285.373000	S	70353	48
node1.planetlab.albany.edu_planetlabpc2.upf.edu_39032 2	767.577000	24789.387000	0.051000	0.006000	25557.021000	S	70568	32
node1.planetlab.albany.edu_planetlabpc2.upf.edu_39042 2	726.376000	24831.294000	0.032000	0.004000	25557.706000	S	70569	32
node1.planetlab.albany.edu_planetlabpc2.upf.edu_39063 2	708.040000	24849.753000	0.041000	0.006000	25557.840000	S	70572	32
node1.planetlab.albany.edu_planetlabpc2.upf.edu_39070 2	638.586000	24919.321000	0.059000	0.006000	25557.972000	S	70573	32
planetlab2.netlab.uky.edu_planetlabpc2.upf.edu_13680 1	651.257000	24902.565000	0.177000	0.003000	25554.002000	S	70749	544
roam2.cs.ou.edu_planetlabpc2.upf.edu_18170 3	846.261000	24718.173000	0.050000	0.007000	25564.491000	S	70357	48
roam2.cs.ou.edu_planetlabpc2.upf.edu_18163 3	891.882000	24672.787000	0.048000	0.006000	25564.723000	S	70356	48
node1.planetlab.albany.edu_planetlabpc2.upf.edu_39072 2	617.952000	24940.743000	0.033000	0.004000	25558.732000	S	70574	32
node1.planetlab.albany.edu_planetlabpc2.upf.edu_39103 2	640.154000	25061.223000	0.049000	0.007000	25701.433000	S	70578	32
node1.planetlab.albany.edu_planetlabpc2.upf.edu_39106 2	633.654000	25068.006000	0.036000	0.004000	25701.700000	S	70577	32
planetlab1.rutgers.edu_planetlabpc2.upf.edu_17912 2	542.050000	25161.698000	0.084000	0.004000	25703.836000	S	70507	512
node1.planetlab.albany.edu_planetlabpc2.upf.edu_39108 2	627.862000	25074.498000	0.037000	0.006000	25702.403000	S	70576	32
node1.planetlab.albany.edu_planetlabpc2.upf.edu_39136 2	514.880000	25187.563000	0.048000	0.006000	25702.497000	S	70579	32
planetlab2.netlab.uky.edu_planetlabpc2.upf.edu_13749 1	552.118000	25149.577000	0.031000	0.004000	25701.730000	S	70765	544
roam2.cs.ou.edu_planetlabpc2.upf.edu_18268 3	662.241000	25066.814000	0.086000	0.007000	25729.148000	S	70359	48
node1.planetlab.albany.edu_planetlabpc2.upf.edu_39150 2	674.590000	25242.877000	0.115000	0.005000	25917.587000	S	70582	32
planetlab2.netlab.uky.edu_planetlabpc2.upf.edu_13780 1	637.572000	25275.747000	0.041000	0.004000	25913.364000	S	70776	544
roam2.cs.ou.edu_planetlabpc2.upf.edu_18276 3	799.085000	25125.164000	0.054000	0.006000	25924.309000	S	70365	48
node1.planetlab.albany.edu_planetlabpc2.upf.edu_39181 2	548.891000	25369.502000	0.033000	0.006000	25918.432000	S	70584	32
node1.planetlab.albany.edu_planetlabpc2.upf.edu_39195 2	691.883000	25432.105000	0.042000	0.005000	26124.035000	S	70586	32
node1.planetlab.albany.edu_planetlabpc2.upf.edu_39207 2	654.028000	25470.248000	0.036000	0.006000	26124.318000	S	70587	32
node1.planetlab.albany.edu_planetlabpc2.upf.edu_39212 2	620.354000	25504.165000	0.033000	0.005000	26124.557000	S	70589	32
node1.planetlab.albany.edu_planetlabpc2.upf.edu_39197 2	694.576000	25430.221000	0.037000	0.004000	26124.838000	S	70585	32
node1.planetlab.albany.edu_planetlabpc2.upf.edu_39201 2	682.410000	25442.496000	0.036000	0.008000	26124.950000	S	70588	32
planetlab5.csee.usf.edu_planetlabpc2.upf.edu_8803 2	717.442000	25402.931000	0.046000	0.004000	26120.423000	S	70785	608
roam2.cs.ou.edu_planetlabpc2.upf.edu_18388 3	608.143000	25522.329000	0.077000	0.007000	26130.556000	S	70389	48
node1.planetlab.albany.edu_planetlabpc2.upf.edu_39252 2	650.878000	25678.658000	0.038000	0.005000	26329.579000	S	70596	32
node1.planetlab.albany.edu_planetlabpc2.upf.edu_39275 2	546.693000	25782.972000	0.034000	0.075000	26329.774000	S	70598	32
planetlab2.netlab.uky.edu_planetlabpc2.upf.edu_13903 1	497.007000	25828.149000	0.035000	0.004000	26325.195000	S	70802	544
planetlab02.sys.virginia.edu_planetlabpc2.upf.edu_2128 3	1267.675000	25269.596000	0.105000	0.009000	26537.385000	S	70674	3168
node1.planetlab.albany.edu_planetlabpc2.upf.edu_39308 2	662.833000	25876.438000	0.034000	0.006000	26539.311000	S	70604	32
node1.planetlab.albany.edu_planetlabpc2.upf.edu_39329 2	583.492000	25955.894000	0.035000	0.008000	26539.429000	S	70606	32
node1.planetlab.albany.edu_planetlabpc2.upf.edu_39302 2	772.214000	25767.477000	0.042000	0.006000	26539.739000	S	70600	32
node1.planetlab.albany.edu_planetlabpc2.upf.edu_39312 2	689.383000	25850.459000	0.034000	0.009000	26539.885000	S	70601	32
node1.planetlab.albany.edu_planetlabpc2.upf.edu_39310 2	648.989000	25890.958000	0.060000	0.004000	26540.011000	S	70605	32
roam2.cs.ou.edu_planetlabpc2.upf.edu_18497 3	679.567000	25865.940000	0.063000	0.005000	26545.575000	S	70401	48
roam2.cs.ou.edu_planetlabpc2.upf.edu_18505 3	661.796000	25883.796000	0.050000	0.007000	26545.649000	S	70405	48
roam2.cs.ou.edu_planetlabpc2.upf.edu_18491 3	708.785000	25837.085000	0.046000	0.006000	26545.922000	S	70400	48
roam2.cs.ou.edu_planetlabpc2.upf.edu_18500 3	679.886000	25866.115000	0.046000	0.006000	26546.053000	S	70403	48
node1.planetlab.albany.edu_planetlabpc2.upf.edu_39338 2	814.141000	26019.871000	0.047000	0.005000	26834.064000	S	70609	32
roam2.cs.ou.edu_planetlabpc2.upf.edu_18527 3	777.447000	26062.114000	0.073000	0.005000	26839.639000	S	70409	48
node1.planetlab.albany.edu_planetlabpc2.upf.edu_39443 2	790.232000	26289.063000	0.039000	0.006000	27079.340000	S	70616	32
node1.planetlab.albany.edu_planetlabpc2.upf.edu_39445 2	697.382000	26382.092000	0.154000	0.006000	27079.634000	S	70621	32
node1.planetlab.albany.edu_planetlabpc2.upf.edu_39452 2	761.152000	26318.664000	0.033000	0.005000	27079.854000	S	70620	32
node1.planetlab.albany.edu_planetlabpc2.upf.edu_39462 2	734.326000	26345.754000	0.034000	0.005000	27080.119000	S	70617	32
node1.planetlab.albany.edu_planetlabpc2.upf.edu_39457 2	750.291000	26329.892000	0.038000	0.006000	27080.227000	S	70619	32
planetlab2.netlab.uky.edu_planetlabpc2.upf.edu_14084 1	654.396000	26420.994000	0.029000	0.003000	27075.422000	S	70830	544
roam2.cs.ou.edu_planetlabpc2.upf.edu_18590 3	783.991000	26301.944000	0.059000	0.010000	27086.004000	S	70417	48
planetlab-2.cmcl.cs.cmu.edu_planetlabpc2.upf.edu_5120 2	590.954000	26644.035000	0.071000	0.003000	27235.063000	S	70837	560
planetlab1.rutgers.edu_planetlabpc2.upf.edu_18427 2	659.422000	26582.142000	0.082000	0.005000	27241.651000	S	70571	512
planetlab2.netlab.uky.edu_planetlabpc2.upf.edu_14178 1	526.554000	26708.907000	0.114000	0.004000	27235.579000	S	70840	544
node1.planetlab.albany.edu_planetlabpc2.upf.edu_39570 2	613.022000	26816.488000	0.071000	0.005000	27429.586000	S	70630	32
node1.planetlab.albany.edu_planetlabpc2.upf.edu_39572 2	610.073000	26819.847000	0.034000	0.004000	27429.958000	S	70628	32
node1.planetlab.albany.edu_planetlabpc2.upf.edu_39574 2	603.192000	26827.020000	0.032000	0.004000	27430.248000	S	70626	32
node1.planetlab.albany.edu_planetlabpc2.upf.edu_39566 2	627.439000	26802.985000	0.031000	0.005000	27430.460000	S	70625	32
planetlab2.netlab.uky.edu_planetlabpc2.upf.edu_14249 1	647.994000	26991.833000	0.072000	0.002000	27639.901000	S	70850	544
node1.planetlab.albany.edu_planetlabpc2.upf.edu_39623 2	585.078000	27060.622000	0.040000	0.006000	27645.746000	S	70635	32
roam2.cs.ou.edu_planetlabpc2.upf.edu_18785 3	750.385000	26900.531000	0.045000	0.006000	27650.967000	S	70433	48
node1.planetlab.albany.edu_planetlabpc2.upf.edu_39628 2	575.211000	27071.027000	0.033000	0.005000	27646.276000	S	70631	32
node1.planetlab.albany.edu_planetlabpc2.upf.edu_39650 2	682.206000	27157.643000	0.035000	0.003000	27839.887000	S	70636	32
node1.planetlab.albany.edu_planetlabpc2.upf.edu_39660 2	623.890000	27216.352000	0.036000	0.005000	27840.283000	S	70637	32
node1.planetlab.albany.edu_planetlabpc2.upf.edu_39638 2	727.755000	27112.688000	0.031000	0.004000	27840.478000	S	70638	32
node1.planetlab.albany.edu_planetlabpc2.upf.edu_39644 2	707.444000	27133.344000	0.041000	0.004000	27840.833000	S	70632	32
node1.planetlab.albany.edu_planetlabpc2.upf.edu_39648 2	694.337000	27146.665000	0.032000	0.005000	27841.039000	S	70633	32
planetlab2.netlab.uky.edu_planetlabpc2.upf.edu_14337 1	544.700000	27291.210000	0.028000	0.004000	27835.942000	S	70864	544
planetlab2.netlab.uky.edu_planetlabpc2.upf.edu_14317 1	626.357000	27209.816000	0.039000	0.003000	27836.215000	S	70861	544
planetlab2.netlab.uky.edu_planetlabpc2.upf.edu_14339 1	526.895000	27309.419000	0.034000	0.003000	27836.351000	S	70866	544
planetlab2.netlab.uky.edu_planetlabpc2.upf.edu_14342 1	521.888000	27314.573000	0.110000	0.003000	27836.574000	S	70867	544
node1.planetlab.albany.edu_planetlabpc2.upf.edu_39715 2	541.877000	27503.165000	0.056000	0.005000	28045.103000	S	70641	32
node1.planetlab.albany.edu_planetlabpc2.upf.edu_39719 2	533.073000	27512.297000	0.032000	0.052000	28045.454000	S	70643	32
planetlab2.netlab.uky.edu_planetlabpc2.upf.edu_14385 1	525.852000	27514.410000	0.032000	0.002000	28040.296000	S	70870	544
node1.planetlab.albany.edu_planetlabpc2.upf.edu_39725 2	522.346000	27523.360000	0.037000	0.004000	28045.747000	S	70646	32
node1.planetlab.albany.edu_planetlabpc2.upf.edu_39730 2	509.088000	27536.946000	0.031000	0.005000	28046.070000	S	70640	32
node1.planetlab.albany.edu_planetlabpc2.upf.edu_39727 2	523.073000	27523.171000	0.039000	0.005000	28046.288000	S	70642	32
planetlab2.netlab.uky.edu_planetlabpc2.upf.edu_14398 1	485.422000	27555.530000	0.042000	0.003000	28040.997000	S	70874	544
node1.planetlab.albany.edu_planetlabpc2.upf.edu_39734 2	630.401000	27554.573000	0.038000	0.004000	28185.016000	S	70645	32
roam2.cs.ou.edu_planetlabpc2.upf.edu_19009 3	701.539000	27517.261000	0.060000	0.007000	28218.867000	S	70463	48
roam2.cs.ou.edu_planetlabpc2.upf.edu_19034 3	633.971000	27585.187000	0.051000	0.006000	28219.215000	S	70465	48
node1.planetlab.albany.edu_planetlabpc2.upf.edu_39783 2	538.705000	27775.214000	0.038000	0.006000	28313.963000	S	70648	32
node1.planetlab.albany.edu_planetlabpc2.upf.edu_39786 2	538.343000	27788.430000	0.034000	0.005000	28326.812000	S	70650	32
node1.planetlab.albany.edu_planetlabpc2.upf.edu_39793 2	508.908000	27818.216000	0.033000	0.005000	28327.162000	S	70652	32
roam2.cs.ou.edu_planetlabpc2.upf.edu_19088 3	614.706000	27754.526000	0.055000	0.005000	28369.292000	S	70474	48
node1.planetlab.albany.edu_planetlabpc2.upf.edu_39803 2	512.957000	27852.425000	0.034000	0.004000	28365.420000	S	70649	32
node1.planetlab.albany.edu_planetlabpc2.upf.edu_39825 2	489.008000	27964.714000	0.041000	0.004000	28453.767000	S	70653	32
node1.planetlab.albany.edu_planetlabpc2.upf.edu_39828 2	484.384000	27969.809000	0.032000	0.005000	28454.230000	S	70651	32
planet2.cs.rochester.edu_planetlabpc2.upf.edu_6631 2	536.434000	28109.016000	0.077000	0.004000	28645.531000	S	70891	672
node1.planetlab.albany.edu_planetlabpc2.upf.edu_39916 2	502.761000	28231.203000	0.050000	0.005000	28734.019000	S	70655	32
planetlab2.netlab.uky.edu_planetlabpc2.upf.edu_14583 1	488.961000	28373.124000	0.117000	0.003000	28862.205000	S	70898	544
node1.planetlab.albany.edu_planetlabpc2.upf.edu_40088 2	563.468000	28610.382000	0.316000	0.004000	29174.170000	S	70673	32
node1.planetlab.albany.edu_planetlabpc2.upf.edu_40146 2	603.533000	28727.708000	0.032000	0.004000	29331.277000	S	70682	32
planetlab2.netlab.uky.edu_planetlabpc2.upf.edu_14691 1	492.657000	28893.938000	0.029000	0.002000	29386.626000	S	70914	544
planetlab2.netlab.uky.edu_planetlabpc2.upf.edu_14714 1	536.368000	28961.985000	0.024000	0.004000	29498.381000	S	70916	544
planetlab2.netlab.uky.edu_planetlabpc2.upf.edu_14721 1	499.601000	28998.975000	0.026000	0.003000	29498.605000	S	70919	544
planetlab2.netlab.uky.edu_planetlabpc2.upf.edu_14719 1	524.337000	28974.445000	0.023000	0.003000	29498.808000	S	70918	544
planetlab2.netlab.uky.edu_planetlabpc2.upf.edu_14747 1	526.728000	29131.016000	0.033000	0.002000	29657.779000	S	70926	544
planetlab6.cs.duke.edu_planetlabpc2.upf.edu_14160 3	534.310000	29233.140000	0.128000	0.008000	29767.586000	S	70336	288
planetlab6.cs.duke.edu_planetlabpc2.upf.edu_14165 3	553.815000	29245.005000	0.115000	0.005000	29798.940000	S	70337	288
node1.planetlab.albany.edu_planetlabpc2.upf.edu_40315 2	507.141000	29281.775000	0.243000	0.006000	29789.165000	S	70701	32
planetlab6.cs.duke.edu_planetlabpc2.upf.edu_14174 3	517.692000	29289.018000	0.060000	0.010000	29806.780000	S	70338	288
planetlab2.netlab.uky.edu_planetlabpc2.upf.edu_14781 1	479.990000	29315.563000	0.032000	0.003000	29795.588000	S	70934	544
planetlab6.cs.duke.edu_planetlabpc2.upf.edu_14176 3	539.123000	29299.196000	0.442000	0.005000	29838.766000	S	70340	288
planetlab6.cs.duke.edu_planetlabpc2.upf.edu_14205 3	521.962000	29413.034000	0.179000	0.008000	29935.183000	S	70344	288
planetlab6.cs.cornell.edu_planetlabpc2.upf.edu_11334 4	545.910000	29441.442000	0.101000	0.010000	29987.463000	S	70351	352
planetlab6.cs.duke.edu_planetlabpc2.upf.edu_14228 3	556.146000	29505.755000	0.054000	0.006000	30061.961000	S	70352	288
planetlab2.netlab.uky.edu_planetlabpc2.upf.edu_14860 1	593.548000	29569.866000	0.063000	0.003000	30163.480000	S	70950	544
node1.planetlab.albany.edu_planetlabpc2.upf.edu_40505 2	500.661000	29811.647000	0.039000	0.003000	30312.350000	S	70721	32
planetlab6.cs.duke.edu_planetlabpc2.upf.edu_14289 3	577.549000	29822.384000	0.059000	0.005000	30399.997000	S	70368	288
planetlab6.cs.cornell.edu_planetlabpc2.upf.edu_11346 4	628.502000	29972.471000	0.078000	0.009000	30601.060000	S	70375	352
planetlab6.cs.cornell.edu_planetlabpc2.upf.edu_11348 4	622.293000	29978.789000	0.065000	0.007000	30601.154000	S	70379	352
planetlab6.cs.cornell.edu_planetlabpc2.upf.edu_11350 4	593.153000	30057.812000	0.068000	0.009000	30651.042000	S	70381	352
planetlab6.cs.cornell.edu_planetlabpc2.upf.edu_11352 4	569.333000	30111.199000	0.083000	0.010000	30680.625000	S	70382	352
node1.planetlab.albany.edu_planetlabpc2.upf.edu_40625 2	503.176000	30172.826000	0.036000	0.008000	30676.046000	S	70736	32
node1.planetlab.albany.edu_planetlabpc2.upf.edu_40658 2	508.274000	30235.412000	0.045000	0.004000	30743.735000	S	70737	32
node1.planetlab.albany.edu_planetlabpc2.upf.edu_40677 2	483.036000	30300.812000	0.040000	0.005000	30783.893000	S	70739	32
planetlab6.cs.cornell.edu_planetlabpc2.upf.edu_11356 4	555.859000	30244.545000	0.088000	0.017000	30800.509000	S	70383	352
planetlab6.cs.cornell.edu_planetlabpc2.upf.edu_11381 4	577.281000	30523.102000	0.074000	0.010000	31100.467000	S	70399	352
planetlab3.cs.columbia.edu_planetlabpc2.upf.edu_8222 5	638.616000	30543.989000	0.144000	0.166000	31182.915000	S	70402	480
node1.planetlab.albany.edu_planetlabpc2.upf.edu_40809 2	518.381000	30723.501000	0.058000	0.007000	31241.947000	S	70741	32
node1.planetlab.albany.edu_planetlabpc2.upf.edu_40813 2	531.690000	30752.132000	0.036000	0.005000	31283.863000	S	70745	32
planetlab6.cs.duke.edu_planetlabpc2.upf.edu_14704 3	1449.593000	30088.081000	0.349000	0.015000	31538.038000	S	70504	288
planetlab-02.bu.edu_planetlabpc2.upf.edu_3915 5	558.583000	30980.574000	0.127000	0.011000	31539.295000	S	70492	368
planetlab5.eecs.umich.edu_planetlabpc2.upf.edu_9048 4	647.533000	30912.468000	0.081000	0.016000	31560.098000	S	70445	416
roam2.cs.ou.edu_planetlabpc2.upf.edu_19413 3	671.488000	30956.240000	0.050000	0.004000	31627.782000	S	70529	48
planetlab2.cs.pitt.edu_planetlabpc2.upf.edu_5854 4	3581.428000	28086.627000	0.080000	0.010000	31668.145000	S	70515	304
node1.planetlab.albany.edu_planetlabpc2.upf.edu_40985 2	485.093000	31337.708000	0.051000	0.004000	31822.856000	S	70767	32
node1.planetlab.albany.edu_planetlabpc2.upf.edu_40988 2	481.806000	31341.206000	0.036000	0.004000	31823.052000	S	70769	32
planetlab6.cs.duke.edu_planetlabpc2.upf.edu_14927 3	519.107000	31454.821000	0.057000	0.057000	31974.042000	S	70592	288
node1.planetlab.albany.edu_planetlabpc2.upf.edu_41047 2	496.878000	31556.154000	0.045000	0.006000	32053.083000	S	70777	32
roam2.cs.ou.edu_planetlabpc2.upf.edu_19647 3	626.455000	31514.957000	0.049000	0.006000	32141.467000	S	70613	48
planetlab6.cs.cornell.edu_planetlabpc2.upf.edu_11419 4	578.927000	31784.696000	0.271000	0.009000	32363.903000	S	70639	352
planetlab6.cs.duke.edu_planetlabpc2.upf.edu_15027 3	533.326000	31895.996000	0.071000	0.006000	32429.399000	S	70657	288
planetlab6.cs.duke.edu_planetlabpc2.upf.edu_15029 3	533.862000	31895.837000	0.068000	0.006000	32429.773000	S	70659	288
planetlab6.cs.duke.edu_planetlabpc2.upf.edu_15031 3	529.830000	31900.122000	0.043000	0.004000	32429.999000	S	70658	288
planetlab6.cs.duke.edu_planetlabpc2.upf.edu_15037 3	534.228000	31914.286000	0.069000	0.008000	32448.591000	S	70663	288
planetlab6.cs.duke.edu_planetlabpc2.upf.edu_15039 3	558.648000	31890.126000	0.066000	0.007000	32448.847000	S	70667	288
planetlab6.cs.duke.edu_planetlabpc2.upf.edu_15048 3	578.316000	31907.401000	0.057000	0.007000	32485.781000	S	70675	288
planetlab6.cs.cornell.edu_planetlabpc2.upf.edu_11423 4	631.052000	31909.934000	0.070000	0.009000	32541.065000	S	70668	352
planetlab6.cs.duke.edu_planetlabpc2.upf.edu_15060 3	556.948000	31984.174000	0.066000	0.006000	32541.194000	S	70688	288
planetlab6.cs.duke.edu_planetlabpc2.upf.edu_15062 3	553.550000	31987.780000	0.039000	0.007000	32541.376000	S	70690	288
planetlab6.cs.duke.edu_planetlabpc2.upf.edu_15066 3	536.870000	32026.068000	0.043000	0.005000	32562.986000	S	70689	288
planetlab6.cs.duke.edu_planetlabpc2.upf.edu_15068 3	533.079000	32037.881000	0.047000	0.006000	32571.013000	S	70691	288
planetlab6.cs.duke.edu_planetlabpc2.upf.edu_15074 3	611.230000	32034.198000	0.071000	0.008000	32645.507000	S	70693	288
planetlab6.cs.duke.edu_planetlabpc2.upf.edu_15078 3	602.447000	32043.231000	0.051000	0.005000	32645.734000	S	70697	288
planetlab6.cs.duke.edu_planetlabpc2.upf.edu_15082 3	571.707000	32074.274000	0.047000	0.007000	32646.035000	S	70694	288
planetlab6.cs.duke.edu_planetlabpc2.upf.edu_15080 3	598.041000	32047.968000	0.038000	0.005000	32646.052000	S	70699	288
planetlab6.cs.duke.edu_planetlabpc2.upf.edu_15086 3	617.226000	32129.087000	0.052000	0.007000	32746.372000	S	70695	288
planetlab6.cs.duke.edu_planetlabpc2.upf.edu_15084 3	616.019000	32130.425000	0.078000	0.006000	32746.528000	S	70698	288
node1.planetlab.albany.edu_planetlabpc2.upf.edu_41185 2	577.097000	32171.441000	0.040000	0.006000	32748.584000	S	70789	32
planetlab6.cs.duke.edu_planetlabpc2.upf.edu_15094 3	553.546000	32197.325000	0.052000	0.005000	32750.928000	S	70703	288
planetlab6.cs.duke.edu_planetlabpc2.upf.edu_15100 3	568.921000	32210.272000	0.056000	0.004000	32779.253000	S	70707	288
planetlab6.cs.duke.edu_planetlabpc2.upf.edu_15098 3	578.447000	32201.043000	0.051000	0.009000	32779.550000	S	70705	288
planetlab6.cs.duke.edu_planetlabpc2.upf.edu_15102 3	546.310000	32234.023000	0.053000	0.006000	32780.392000	S	70706	288
planetlab6.cs.duke.edu_planetlabpc2.upf.edu_15109 3	533.182000	32247.677000	0.048000	0.005000	32780.912000	S	70711	288
planetlab6.cs.duke.edu_planetlabpc2.upf.edu_15111 3	528.522000	32254.427000	0.053000	0.006000	32783.008000	S	70715	288
planetlab6.cs.duke.edu_planetlabpc2.upf.edu_15125 3	587.635000	32290.460000	0.057000	0.008000	32878.160000	S	70723	288
roam2.cs.ou.edu_planetlabpc2.upf.edu_19829 3	701.209000	32207.188000	0.057000	0.010000	32908.464000	S	70666	48
planetlab6.cs.duke.edu_planetlabpc2.upf.edu_15168 3	569.214000	32368.252000	0.060000	0.005000	32937.531000	S	70742	288
planetlab6.cs.duke.edu_planetlabpc2.upf.edu_15172 3	561.087000	32421.397000	0.056000	0.004000	32982.544000	S	70753	288
planetlab6.cs.duke.edu_planetlabpc2.upf.edu_15178 3	540.527000	32442.140000	0.056000	0.008000	32982.731000	S	70755	288
planetlab6.cs.duke.edu_planetlabpc2.upf.edu_15174 3	541.172000	32441.684000	0.054000	0.004000	32982.914000	S	70754	288
roam2.cs.ou.edu_planetlabpc2.upf.edu_19885 3	596.534000	32447.761000	0.061000	0.012000	33044.368000	S	70710	48
planetlab6.cs.duke.edu_planetlabpc2.upf.edu_15191 3	520.029000	32562.303000	0.064000	0.006000	33082.402000	S	70759	288
planetlab6.cs.duke.edu_planetlabpc2.upf.edu_15195 3	574.115000	32548.087000	0.069000	0.006000	33122.277000	S	70763	288
roam2.cs.ou.edu_planetlabpc2.upf.edu_19908 3	670.200000	32522.876000	0.054000	0.005000	33193.135000	S	70722	48
planetlab6.cs.duke.edu_planetlabpc2.upf.edu_15201 3	571.126000	32621.044000	0.051000	0.005000	33192.226000	S	70771	288
planetlab6.cs.duke.edu_planetlabpc2.upf.edu_15207 3	530.334000	32661.977000	0.066000	0.005000	33192.382000	S	70787	288
roam2.cs.ou.edu_planetlabpc2.upf.edu_19922 3	624.999000	32582.729000	0.057000	0.006000	33207.791000	S	70730	48
roam2.cs.ou.edu_planetlabpc2.upf.edu_19926 3	608.959000	32599.214000	0.063000	0.007000	33208.243000	S	70731	48
roam2.cs.ou.edu_planetlabpc2.upf.edu_19918 3	631.982000	32577.345000	0.061000	0.006000	33209.394000	S	70728	48
planetlab2.cs.pitt.edu_planetlabpc2.upf.edu_5955 4	620.600000	32731.372000	0.077000	0.013000	33352.062000	S	70800	304
roam2.cs.ou.edu_planetlabpc2.upf.edu_19949 3	601.726000	32756.707000	0.079000	0.060000	33358.572000	S	70734	48
planetlab05.cs.washington.edu_planetlabpc2.upf.edu_3316 5	873.612000	32673.613000	0.200000	0.011000	33547.436000	S	70781	432
roam2.cs.ou.edu_planetlabpc2.upf.edu_19997 3	616.322000	32932.603000	0.139000	0.004000	33549.068000	S	70746	48
planetlab6.cs.duke.edu_planetlabpc2.upf.edu_15224 3	544.099000	33460.377000	0.065000	0.009000	34004.550000	S	70817	288
planetlab6.cs.duke.edu_planetlabpc2.upf.edu_15226 3	533.020000	33491.840000	0.078000	0.004000	34024.942000	S	70818	288
planetlab6.cs.duke.edu_planetlabpc2.upf.edu_15228 3	611.478000	33489.790000	0.055000	0.008000	34101.331000	S	70819	288
planetlab6.cs.duke.edu_planetlabpc2.upf.edu_15233 3	706.793000	33774.158000	0.064000	0.007000	34481.022000	S	70823	288
planetlab6.cs.duke.edu_planetlabpc2.upf.edu_15235 3	556.598000	33924.635000	0.059000	0.006000	34481.298000	S	70827	288
node1.planetlab.albany.edu_planetlabpc2.upf.edu_41904 2	1260.149000	34479.353000	0.048000	0.006000	35739.556000	S	70834	32
planetlab6.cs.duke.edu_planetlabpc2.upf.edu_15244 3	1219.522000	34520.408000	0.074000	0.006000	35740.010000	S	70835	288
node1.planetlab.albany.edu_planetlabpc2.upf.edu_42290 2	522.468000	35690.216000	0.037000	0.005000	36212.726000	S	70855	32
planetlab6.cs.duke.edu_planetlabpc2.upf.edu_15259 3	548.203000	35817.710000	0.065000	0.005000	36365.983000	S	70857	288
planetlab5.eecs.umich.edu_planetlabpc2.upf.edu_9082 4	617.225000	35976.958000	0.105000	0.008000	36594.296000	S	70862	416
roam2.cs.ou.edu_planetlabpc2.upf.edu_20036 3	629.171000	35991.172000	0.066000	0.008000	36620.417000	S	70762	48
node1.planetlab.albany.edu_planetlabpc2.upf.edu_42409 2	544.635000	36154.654000	0.042000	0.005000	36699.336000	S	70865	32
node1.planetlab.albany.edu_planetlabpc2.upf.edu_42540 2	996.866000	36212.978000	0.034000	0.006000	37209.884000	S	70873	32
roam2.cs.ou.edu_planetlabpc2.upf.edu_20268 3	595.975000	37023.344000	0.052000	0.006000	37619.377000	S	70825	48
planetlab6.cs.duke.edu_planetlabpc2.upf.edu_15269 3	756.724000	37051.625000	0.057000	0.009000	37808.415000	S	70883	288
roam2.cs.ou.edu_planetlabpc2.upf.edu_20386 3	621.984000	37366.548000	0.068000	0.006000	37988.606000	S	70858	48
node1.planetlab.albany.edu_planetlabpc2.upf.edu_42741 2	501.267000	37587.405000	0.077000	0.004000	38088.753000	S	70897	32
node1.planetlab.albany.edu_planetlabpc2.upf.edu_42775 2	495.899000	37677.619000	0.040000	0.011000	38173.569000	S	70905	32
node1.planetlab.albany.edu_planetlabpc2.upf.edu_42777 2	515.333000	37683.204000	0.053000	0.004000	38198.594000	S	70907	32
node1.planetlab.albany.edu_planetlabpc2.upf.edu_42769 2	520.193000	37678.717000	0.040000	0.005000	38198.955000	S	70904	32
node1.planetlab.albany.edu_planetlabpc2.upf.edu_42788 2	491.412000	37776.670000	0.041000	0.004000	38268.127000	S	70909	32
planetlab6.cs.duke.edu_planetlabpc2.upf.edu_15276 3	526.483000	37848.882000	0.059000	0.005000	38375.429000	S	70915	288
node1.planetlab.albany.edu_planetlabpc2.upf.edu_42824 2	522.636000	37895.466000	0.047000	0.005000	38418.154000	S	70917	32
earth.cs.brown.edu_planetlabpc2.upf.edu_25107 3	539.912000	37947.536000	0.068000	0.006000	38487.522000	S	70421	96
node1.planetlab.albany.edu_planetlabpc2.upf.edu_42833 2	507.446000	37968.121000	0.046000	0.007000	38475.620000	S	70922	32
roam2.cs.ou.edu_planetlabpc2.upf.edu_20554 3	934.971000	37559.030000	0.049000	0.008000	38494.058000	S	70876	48
node1.planetlab.albany.edu_planetlabpc2.upf.edu_42101 2	3548.079000	35006.963000	0.041000	0.007000	38555.090000	S	70841	32
node1.planetlab.albany.edu_planetlabpc2.upf.edu_42851 2	499.886000	38075.237000	0.074000	0.004000	38575.201000	S	70930	32
planetlab2.cs.pitt.edu_planetlabpc2.upf.edu_5981 4	564.514000	38070.149000	0.083000	0.009000	38634.755000	S	70928	304
node1.planetlab.albany.edu_planetlabpc2.upf.edu_42864 2	534.005000	38100.902000	0.043000	0.006000	38634.956000	S	70931	32
earth.cs.brown.edu_planetlabpc2.upf.edu_25323 3	509.383000	38240.056000	0.060000	0.007000	38749.506000	S	70437	96
node1.planetlab.albany.edu_planetlabpc2.upf.edu_42889 2	483.366000	38254.366000	0.038000	0.007000	38737.777000	S	70936	32
node1.planetlab.albany.edu_planetlabpc2.upf.edu_42896 2	468.459000	38271.257000	0.036000	0.006000	38739.758000	S	70938	32
node1.planetlab.albany.edu_planetlabpc2.upf.edu_42901 2	525.999000	38293.124000	0.045000	0.007000	38819.175000	S	70939	32
node1.planetlab.albany.edu_planetlabpc2.upf.edu_42904 2	479.410000	38340.032000	0.037000	0.008000	38819.487000	S	70942	32
planetlab6.cs.duke.edu_planetlabpc2.upf.edu_15255 3	3527.283000	35294.691000	0.054000	0.007000	38822.035000	S	70844	288
planetlab6.cs.duke.edu_planetlabpc2.upf.edu_15281 3	516.710000	38324.800000	0.071000	0.005000	38841.586000	S	70941	288
planetlab6.cs.duke.edu_planetlabpc2.upf.edu_15283 3	521.198000	38376.118000	0.065000	0.005000	38897.386000	S	70945	288
node1.planetlab.albany.edu_planetlabpc2.upf.edu_42924 2	576.701000	38371.685000	0.040000	0.004000	38948.430000	S	70959	32
planetlab6.cs.duke.edu_planetlabpc2.upf.edu_15287 3	559.807000	38391.734000	0.048000	0.007000	38951.596000	S	70947	288
planetlab6.cs.duke.edu_planetlabpc2.upf.edu_15285 3	600.997000	38359.490000	0.071000	0.006000	38960.564000	S	70946	288
planetlab6.cs.duke.edu_planetlabpc2.upf.edu_15289 3	633.059000	38330.833000	0.073000	0.007000	38963.972000	S	70951	288
earth.cs.brown.edu_planetlabpc2.upf.edu_25479 3	491.804000	38485.457000	0.055000	0.006000	38977.322000	S	70449	96
planetlab6.cs.duke.edu_planetlabpc2.upf.edu_15291 3	589.722000	38387.204000	0.148000	0.007000	38977.081000	S	70955	288
earth.cs.brown.edu_planetlabpc2.upf.edu_25510 3	492.841000	38529.144000	0.056000	0.007000	39022.048000	S	70453	96
planetlab6.cs.duke.edu_planetlabpc2.upf.edu_15295 3	528.122000	38482.008000	0.065000	0.007000	39010.202000	S	70963	288
earth.cs.brown.edu_planetlabpc2.upf.edu_25494 3	521.513000	38501.315000	0.047000	0.007000	39022.882000	S	70452	96
earth.cs.brown.edu_planetlabpc2.upf.edu_25523 3	570.375000	38545.685000	0.048000	0.007000	39116.115000	S	70455	96
earth.cs.brown.edu_planetlabpc2.upf.edu_25538 3	517.654000	38607.075000	0.057000	0.007000	39124.793000	S	70461	96
earth.cs.brown.edu_planetlabpc2.upf.edu_25598 3	509.934000	38728.889000	0.054000	0.010000	39238.887000	S	70473	96
node1.planetlab.albany.edu_planetlabpc2.upf.edu_43115 2	3509.127000	36565.880000	0.038000	0.006000	40075.051000	S	70889	32
earth.cs.brown.edu_planetlabpc2.upf.edu_26219 3	533.961000	39862.166000	0.061000	0.005000	40396.193000	S	70563	96
earth.cs.brown.edu_planetlabpc2.upf.edu_26344 3	551.451000	40074.472000	0.049000	0.006000	40625.978000	S	70581	96
earth.cs.brown.edu_planetlabpc2.upf.edu_26490 3	541.684000	40365.348000	0.064000	0.008000	40907.104000	S	70614	96
planetlab2.cs.columbia.edu_planetlabpc2.upf.edu_8476 4	611.297000	40646.487000	0.133000	0.014000	41257.931000	S	70681	112
earth.cs.brown.edu_planetlabpc2.upf.edu_26674 3	566.223000	40777.334000	0.070000	0.006000	41343.633000	S	70709	96
earth.cs.brown.edu_planetlabpc2.upf.edu_26682 3	556.545000	40787.083000	0.057000	0.005000	41343.690000	S	70720	96
earth.cs.brown.edu_planetlabpc2.upf.edu_26680 3	557.424000	40786.529000	0.070000	0.007000	41344.030000	S	70718	96
earth.cs.brown.edu_planetlabpc2.upf.edu_26703 3	552.709000	40915.985000	0.055000	0.005000	41468.754000	S	70750	96
earth.cs.brown.edu_planetlabpc2.upf.edu_26713 3	544.042000	40937.506000	0.086000	0.006000	41481.640000	S	70766	96
earth.cs.brown.edu_planetlabpc2.upf.edu_26719 3	533.818000	40972.670000	0.063000	0.006000	41506.557000	S	70774	96
earth.cs.brown.edu_planetlabpc2.upf.edu_26721 3	535.682000	40970.928000	0.084000	0.007000	41506.701000	S	70778	96
earth.cs.brown.edu_planetlabpc2.upf.edu_26725 3	545.877000	40962.120000	0.062000	0.006000	41508.065000	S	70780	96
earth.cs.brown.edu_planetlabpc2.upf.edu_26727 3	537.762000	40970.755000	0.070000	0.007000	41508.594000	S	70782	96
earth.cs.brown.edu_planetlabpc2.upf.edu_26731 3	597.072000	41045.401000	0.069000	0.007000	41642.549000	S	70783	96
planetlab2.cs.columbia.edu_planetlabpc2.upf.edu_8489 4	531.775000	41110.878000	0.123000	0.010000	41642.786000	S	70790	112
earth.cs.brown.edu_planetlabpc2.upf.edu_26746 3	545.113000	41116.489000	0.061000	0.007000	41661.670000	S	70826	96
planetlab2.cs.columbia.edu_planetlabpc2.upf.edu_8500 4	540.589000	41137.285000	0.212000	0.007000	41678.093000	S	70899	112
earth.cs.brown.edu_planetlabpc2.upf.edu_26765 3	604.082000	41148.715000	0.063000	0.007000	41752.867000	S	70910	96
earth.cs.brown.edu_planetlabpc2.upf.edu_26767 3	599.507000	41153.611000	0.065000	0.007000	41753.190000	S	70912	96
earth.cs.brown.edu_planetlabpc2.upf.edu_26771 3	575.147000	41177.643000	0.053000	0.011000	41752.854000	S	70933	96
earth.cs.brown.edu_planetlabpc2.upf.edu_26779 3	591.024000	41258.546000	0.060000	0.008000	41849.638000	S	70954	96
earth.cs.brown.edu_planetlabpc2.upf.edu_26777 3	728.485000	41121.552000	0.055000	0.010000	41850.102000	S	70949	96
earth.cs.brown.edu_planetlabpc2.upf.edu_26781 3	673.251000	41176.633000	0.072000	0.008000	41849.964000	S	70961	96
earth.cs.brown.edu_planetlabpc2.upf.edu_25922 3	6528.669000	36266.803000	0.048000	0.007000	42795.527000	S	70517	96
plab4.eece.ksu.edu_planetlabpc2.upf.edu_11261 1	508.030000	61003.165000	0.159000	0.003000	61511.357000	S	70339	2080
planetlab2.eecs.umich.edu_planetlabpc2.upf.edu_22134 2	1379.008000	61476.758000	0.157000	0.005000	62855.928000	S	70373	2048
planetlab-01.ece.uprm.edu_planetlabpc2.upf.edu_7148 2	653.753000	62670.856000	0.064000	0.005000	63324.678000	S	70415	2144
planetlab5.cs.uiuc.edu_planetlabpc2.upf.edu_4390 2	529.827000	62901.282000	0.089000	0.004000	63431.202000	S	70425	2336
plab4.eece.ksu.edu_planetlabpc2.upf.edu_11788 1	515.667000	63060.163000	0.032000	0.003000	63575.865000	S	70432	2080
planetlab2.eecs.umich.edu_planetlabpc2.upf.edu_22303 2	1411.398000	62809.738000	0.133000	0.005000	64221.274000	S	70422	2048
pl1.rcc.uottawa.ca_planetlabpc2.upf.edu_59769 3	594.581000	63728.023000	0.054000	0.004000	64322.662000	S	70378	0
plab4.eece.ksu.edu_planetlabpc2.upf.edu_11988 1	499.637000	63830.912000	0.028000	0.004000	64330.581000	S	70467	2080
planetlab1.williams.edu_planetlabpc2.upf.edu_6643 3	592.838000	64066.043000	0.066000	0.007000	64658.954000	S	70472	2176
plab4.eece.ksu.edu_planetlabpc2.upf.edu_12066 1	508.424000	64259.465000	0.038000	0.002000	64767.929000	S	70485	2080
planetlab2.umassd.edu_planetlabpc2.upf.edu_28897 4	560.566000	64492.226000	0.074000	0.012000	65052.878000	S	70355	64
plab4.eece.ksu.edu_planetlabpc2.upf.edu_12132 1	596.105000	64504.816000	0.044000	0.003000	65100.968000	S	70531	2080
planetlab-01.ece.uprm.edu_planetlabpc2.upf.edu_7220 2	663.332000	64514.427000	0.074000	0.007000	65177.840000	S	70522	2144
planetlab5.cs.uiuc.edu_planetlabpc2.upf.edu_4410 2	561.769000	64703.678000	0.108000	0.004000	65265.559000	S	70570	2336
planetlab-01.ece.uprm.edu_planetlabpc2.upf.edu_7224 2	685.988000	64654.983000	0.067000	0.007000	65341.045000	S	70544	2144
plab4.eece.ksu.edu_planetlabpc2.upf.edu_12184 1	543.234000	64797.353000	0.034000	0.003000	65340.624000	S	70594	2080
plab4.eece.ksu.edu_planetlabpc2.upf.edu_12182 1	515.682000	64825.962000	0.028000	0.003000	65341.675000	S	70591	2080
plab4.eece.ksu.edu_planetlabpc2.upf.edu_12188 1	521.951000	64838.172000	0.030000	0.003000	65360.156000	S	70595	2080
plab4.eece.ksu.edu_planetlabpc2.upf.edu_12186 1	597.060000	64813.018000	0.024000	0.002000	65410.104000	S	70593	2080
plab4.eece.ksu.edu_planetlabpc2.upf.edu_12194 1	627.510000	64782.772000	0.035000	0.003000	65410.320000	S	70599	2080
plab4.eece.ksu.edu_planetlabpc2.upf.edu_12198 1	582.241000	64828.146000	0.029000	0.003000	65410.419000	S	70603	2080
plab4.eece.ksu.edu_planetlabpc2.upf.edu_12200 1	513.610000	64914.450000	0.059000	0.002000	65428.121000	S	70611	2080
plab4.eece.ksu.edu_planetlabpc2.upf.edu_12222 1	545.374000	65048.941000	0.035000	0.003000	65594.353000	S	70664	2080
plab4.eece.ksu.edu_planetlabpc2.upf.edu_12210 1	601.486000	64994.084000	0.036000	0.003000	65595.609000	S	70627	2080
plab4.eece.ksu.edu_planetlabpc2.upf.edu_12220 1	540.795000	65054.160000	0.029000	0.004000	65594.988000	S	70661	2080
planetlab3.rutgers.edu_planetlabpc2.upf.edu_2992 3	592.159000	65031.722000	0.127000	0.006000	65624.014000	S	70644	2464
planetlab2.eecs.umich.edu_planetlabpc2.upf.edu_22526 2	1109.938000	64715.403000	0.106000	0.004000	65825.451000	S	70565	2048
planetlab1.cs.purdue.edu_planetlabpc2.upf.edu_4789 2	570.448000	65281.116000	0.061000	0.007000	65851.632000	S	70702	2208
plab4.eece.ksu.edu_planetlabpc2.upf.edu_12396 1	530.643000	65735.005000	0.027000	0.004000	66265.679000	S	70748	2080
planetlab1.cs.purdue.edu_planetlabpc2.upf.edu_4791 2	607.882000	65708.449000	0.063000	0.005000	66316.399000	S	70747	2208
plab4.eece.ksu.edu_planetlabpc2.upf.edu_12478 1	519.557000	65963.167000	0.037000	0.003000	66482.764000	S	70768	2080
planetlab2.eecs.umich.edu_planetlabpc2.upf.edu_22624 2	945.463000	65559.240000	0.098000	0.007000	66504.808000	S	70726	2048
planetlab5.williams.edu_planetlabpc2.upf.edu_8008 3	697.843000	65873.544000	0.100000	0.020000	66571.507000	S	70761	2112
plab4.eece.ksu.edu_planetlabpc2.upf.edu_12555 1	505.500000	66191.490000	0.039000	0.004000	66697.033000	S	70784	2080
planetlab2.umassd.edu_planetlabpc2.upf.edu_29213 4	556.670000	66218.787000	0.061000	0.007000	66775.525000	S	70483	64
plab4.eece.ksu.edu_planetlabpc2.upf.edu_12593 1	516.632000	66284.791000	0.028000	0.003000	66801.454000	S	70793	2080
plab4.eece.ksu.edu_planetlabpc2.upf.edu_12595 1	514.410000	66287.278000	0.022000	0.005000	66801.715000	S	70792	2080
plab4.eece.ksu.edu_planetlabpc2.upf.edu_12607 1	522.722000	66308.496000	0.027000	0.003000	66831.248000	S	70794	2080
plab4.eece.ksu.edu_planetlabpc2.upf.edu_12621 1	529.046000	66402.252000	0.030000	0.004000	66931.332000	S	70796	2080
plab4.eece.ksu.edu_planetlabpc2.upf.edu_12681 1	516.999000	66610.646000	0.039000	0.003000	67127.687000	S	70808	2080
plab4.eece.ksu.edu_planetlabpc2.upf.edu_12750 1	633.960000	66678.682000	0.028000	0.004000	67312.674000	S	70824	2080
planetlab1.cs.purdue.edu_planetlabpc2.upf.edu_4793 2	571.821000	66743.681000	0.048000	0.007000	67315.557000	S	70833	2208
plab4.eece.ksu.edu_planetlabpc2.upf.edu_12825 1	503.635000	66816.459000	0.027000	0.005000	67320.126000	S	70838	2080
pl1.rcc.uottawa.ca_planetlabpc2.upf.edu_60726 3	617.639000	66910.988000	0.055000	0.006000	67528.688000	S	70396	0
plab4.eece.ksu.edu_planetlabpc2.upf.edu_12878 1	509.012000	67008.680000	0.035000	0.003000	67517.730000	S	70851	2080
plab4.eece.ksu.edu_planetlabpc2.upf.edu_12911 1	606.542000	67069.068000	0.030000	0.004000	67675.644000	S	70856	2080
planetlab2.csee.usf.edu_planetlabpc2.upf.edu_3970 3	651.914000	67201.313000	0.091000	0.008000	67853.326000	S	70869	2400
plab4.eece.ksu.edu_planetlabpc2.upf.edu_13030 1	500.406000	67598.388000	0.026000	0.004000	68098.824000	S	70895	2080
planetlab5.cs.uiuc.edu_planetlabpc2.upf.edu_4434 2	533.119000	67777.938000	0.052000	0.004000	68311.113000	S	70906	2336
planetlab-01.ece.uprm.edu_planetlabpc2.upf.edu_7289 2	674.706000	68012.587000	0.076000	0.005000	68687.374000	S	70927	2144
plab4.eece.ksu.edu_planetlabpc2.upf.edu_13192 1	500.998000	68323.782000	0.029000	0.003000	68824.812000	S	70940	2080
plab4.eece.ksu.edu_planetlabpc2.upf.edu_13200 1	505.408000	68374.552000	0.034000	0.004000	68879.998000	S	70944	2080
planetlab1.cs.uoregon.edu_planetlabpc2.upf.edu_20772 4	887.727000	68841.772000	0.192000	0.008000	69729.699000	S	70448	256
planetlab1.cs.uoregon.edu_planetlabpc2.upf.edu_20777 4	875.737000	68853.664000	0.077000	0.009000	69729.487000	S	70469	256
planetlab-03.cs.princeton.edu_planetlabpc2.upf.edu_15489 5	723.100000	69155.861000	0.066000	0.016000	69879.043000	S	70624	80
planetlab2.umassd.edu_planetlabpc2.upf.edu_29808 4	669.298000	69205.094000	0.065000	0.008000	69874.465000	S	70832	64
planetlab1.cs.uoregon.edu_planetlabpc2.upf.edu_20842 4	918.630000	69410.608000	0.073000	0.007000	70329.318000	S	70618	256
pl1.rcc.uottawa.ca_planetlabpc2.upf.edu_64504 3	3544.995000	77847.482000	0.045000	0.006000	81392.528000	S	70524	0
pl1.rcc.uottawa.ca_planetlabpc2.upf.edu_67306 3	566.457000	90198.228000	0.046000	0.008000	90764.739000	S	70612	0
planetlab4.wail.wisc.edu_planetlabpc2.upf.edu_47210 4	584.492000	90221.503000	0.059000	0.008000	90806.062000	S	70607	16
pl1.rcc.uottawa.ca_planetlabpc2.upf.edu_68871 3	590.980000	96246.835000	0.056000	0.007000	96837.878000	S	70656	0
pl1.rcc.uottawa.ca_planetlabpc2.upf.edu_69166 3	641.224000	97124.515000	0.047000	0.007000	97765.793000	S	70671	0
pl1.rcc.uottawa.ca_planetlabpc2.upf.edu_69230 3	645.396000	97288.496000	0.061000	0.005000	97933.958000	S	70679	0
pl1.rcc.uottawa.ca_planetlabpc2.upf.edu_69264 3	644.953000	97418.908000	0.042000	0.004000	98063.907000	S	70683	0
pl1.rcc.uottawa.ca_planetlabpc2.upf.edu_69361 3	575.586000	97846.917000	0.316000	0.006000	98422.825000	S	70686	0
pl1.rcc.uottawa.ca_planetlabpc2.upf.edu_69370 3	571.048000	97883.110000	0.054000	0.007000	98454.219000	S	70687	0
pl1.rcc.uottawa.ca_planetlabpc2.upf.edu_69378 3	548.051000	97925.813000	0.042000	0.006000	98473.912000	S	70685	0
planetlab4.wail.wisc.edu_planetlabpc2.upf.edu_48015 4	606.412000	98151.588000	0.077000	0.009000	98758.086000	S	70700	16
pl1.rcc.uottawa.ca_planetlabpc2.upf.edu_69666 3	528.752000	98991.122000	0.060000	0.008000	99519.942000	S	70719	0
pl1.rcc.uottawa.ca_planetlabpc2.upf.edu_70036 3	548.307000	100220.405000	0.043000	0.005000	100768.760000	S	70751	0
pl1.rcc.uottawa.ca_planetlabpc2.upf.edu_70393 3	551.718000	101240.294000	0.057000	0.004000	101792.073000	S	70773	0
pl1.rcc.uottawa.ca_planetlabpc2.upf.edu_70831 3	530.247000	102635.166000	0.050000	0.007000	103165.470000	S	70791	0
pl1.rcc.uottawa.ca_planetlabpc2.upf.edu_70846 3	595.585000	102675.651000	0.053000	0.006000	103271.295000	S	70795	0
pl1.rcc.uottawa.ca_planetlabpc2.upf.edu_70909 3	589.288000	102912.287000	0.053000	0.006000	103501.634000	S	70797	0
pl1.rcc.uottawa.ca_planetlabpc2.upf.edu_70920 3	566.032000	102955.903000	0.043000	0.006000	103521.984000	S	70798	0
pl1.rcc.uottawa.ca_planetlabpc2.upf.edu_70986 3	584.410000	103222.254000	0.052000	0.007000	103806.723000	S	70799	0
pl1.rcc.uottawa.ca_planetlabpc2.upf.edu_71132 3	665.068000	103730.358000	0.062000	0.006000	104395.494000	S	70803	0
pl1.rcc.uottawa.ca_planetlabpc2.upf.edu_71184 3	639.633000	103935.229000	0.047000	0.006000	104574.915000	S	70805	0
pl1.rcc.uottawa.ca_planetlabpc2.upf.edu_71171 3	702.656000	103872.567000	0.061000	0.006000	104575.290000	S	70806	0
pl1.rcc.uottawa.ca_planetlabpc2.upf.edu_71228 3	589.640000	104151.827000	0.096000	0.009000	104741.572000	S	70807	0
pl1.rcc.uottawa.ca_planetlabpc2.upf.edu_71234 3	603.722000	104205.908000	0.063000	0.004000	104809.697000	S	70810	0
pl1.rcc.uottawa.ca_planetlabpc2.upf.edu_71281 3	560.671000	104619.651000	0.065000	0.007000	105180.394000	S	70809	0
pl1.rcc.uottawa.ca_planetlabpc2.upf.edu_71294 3	590.748000	104681.029000	0.043000	0.005000	105271.825000	S	70811	0
pl1.rcc.uottawa.ca_planetlabpc2.upf.edu_71354 3	543.971000	104917.735000	0.068000	0.010000	105461.784000	S	70812	0
pl1.rcc.uottawa.ca_planetlabpc2.upf.edu_71366 3	566.447000	104974.469000	0.072000	0.005000	105540.993000	S	70814	0
pl1.rcc.uottawa.ca_planetlabpc2.upf.edu_71363 3	569.121000	104974.733000	0.050000	0.008000	105543.912000	S	70813	0
pl1.rcc.uottawa.ca_planetlabpc2.upf.edu_71499 3	593.708000	105527.160000	0.066000	0.008000	106120.942000	S	70815	0
pl1.rcc.uottawa.ca_planetlabpc2.upf.edu_72009 3	530.998000	107311.802000	0.079000	0.047000	107842.926000	S	70831	0
pl1.rcc.uottawa.ca_planetlabpc2.upf.edu_72222 3	567.307000	108152.028000	0.046000	0.007000	108719.388000	S	70839	0
pl1.rcc.uottawa.ca_planetlabpc2.upf.edu_72250 3	589.293000	108251.961000	0.057000	0.005000	108841.316000	S	70843	0
pl1.rcc.uottawa.ca_planetlabpc2.upf.edu_72340 3	542.557000	108567.850000	0.057000	0.007000	109110.471000	S	70845	0
pl1.rcc.uottawa.ca_planetlabpc2.upf.edu_72361 3	570.316000	108630.104000	0.072000	0.009000	109200.501000	S	70846	0
pl1.rcc.uottawa.ca_planetlabpc2.upf.edu_72366 3	562.842000	108638.002000	0.046000	0.006000	109200.896000	S	70847	0
pl1.rcc.uottawa.ca_planetlabpc2.upf.edu_72688 3	688.166000	109718.482000	0.064000	0.006000	110406.718000	S	70863	0
pl1.rcc.uottawa.ca_planetlabpc2.upf.edu_73014 3	689.697000	110951.569000	0.048000	0.004000	111641.318000	S	70871	0
pl1.rcc.uottawa.ca_planetlabpc2.upf.edu_73047 3	1080.080000	110561.523000	0.047000	0.007000	111641.657000	S	70875	0
pl1.rcc.uottawa.ca_planetlabpc2.upf.edu_73228 3	908.776000	111369.504000	0.058000	0.006000	112278.344000	S	70877	0
pl1.rcc.uottawa.ca_planetlabpc2.upf.edu_73277 3	837.587000	111588.545000	0.058000	0.004000	112426.194000	S	70879	0
pl1.rcc.uottawa.ca_planetlabpc2.upf.edu_73270 3	856.485000	111570.099000	0.065000	0.008000	112426.657000	S	70878	0
pl1.rcc.uottawa.ca_planetlabpc2.upf.edu_73355 3	606.019000	112153.579000	0.065000	0.012000	112759.675000	S	70890	0
pl1.rcc.uottawa.ca_planetlabpc2.upf.edu_73456 3	624.003000	112515.847000	0.065000	0.006000	113139.921000	S	70911	0
planetlab4.wail.wisc.edu_planetlabpc2.upf.edu_50152 4	684.517000	112795.211000	0.063000	0.010000	113479.801000	S	70924	16
pl1.rcc.uottawa.ca_planetlabpc2.upf.edu_73715 3	564.689000	113730.954000	0.060000	0.007000	114295.710000	S	70943	0
planetlab4.wail.wisc.edu_planetlabpc2.upf.edu_50212 4	746.169000	113796.284000	0.083000	0.008000	114542.544000	S	70948	16
planetlab4.wail.wisc.edu_planetlabpc2.upf.edu_50214 4	665.474000	113877.908000	0.055000	0.022000	114543.459000	S	70952	16
planetlab4.wail.wisc.edu_planetlabpc2.upf.edu_50223 4	633.904000	114051.196000	0.108000	0.007000	114685.215000	S	70958	16
planetlab4.wail.wisc.edu_planetlabpc2.upf.edu_50225 4	737.280000	113960.728000	0.181000	0.007000	114698.196000	S	70956	16
planetlab4.wail.wisc.edu_planetlabpc2.upf.edu_50227 4	724.763000	113974.099000	0.063000	0.009000	114698.934000	S	70957	16
planetlab4.rutgers.edu_planetlabpc2.upf.edu_23585 4	1192.981000	244333.765000	0.074000	0.007000	245526.827000	S	70345	1024
planetlab2.acis.ufl.edu_planetlabpc2.upf.edu_16612 5	1240.811000	244754.769000	0.088000	0.009000	245995.677000	S	70372	1056
planetlab4.rutgers.edu_planetlabpc2.upf.edu_23626 4	1063.543000	245001.200000	0.075000	0.008000	246064.826000	S	70429	1024
planetlab2.acis.ufl.edu_planetlabpc2.upf.edu_16628 5	1166.225000	244938.734000	0.068000	0.016000	246105.043000	S	70407	1056
planetlab4.rutgers.edu_planetlabpc2.upf.edu_23630 4	1148.930000	245089.343000	0.079000	0.008000	246238.360000	S	70530	1024
pl2.cs.unm.edu_planetlabpc2.upf.edu_7710 4	1236.705000	245076.880000	0.069000	0.007000	246313.661000	S	70440	1120
planetlab4.rutgers.edu_planetlabpc2.upf.edu_23634 4	1125.583000	245208.465000	0.084000	0.009000	246334.141000	S	70647	1024
planetlab2.acis.ufl.edu_planetlabpc2.upf.edu_16636 5	1201.188000	245152.102000	0.109000	0.012000	246353.411000	S	70575	1056
pl2.cs.unm.edu_planetlabpc2.upf.edu_7712 4	1266.765000	245123.917000	0.067000	0.006000	246390.755000	S	70555	1120
planetlab2.acis.ufl.edu_planetlabpc2.upf.edu_16638 5	1334.116000	245134.669000	0.088000	0.007000	246468.880000	S	70580	1056
planetlab2.acis.ufl.edu_planetlabpc2.upf.edu_16640 5	1375.157000	245097.308000	0.085000	0.009000	246472.559000	S	70670	1056
planetlab2.acis.ufl.edu_planetlabpc2.upf.edu_16644 5	1225.091000	245279.144000	0.080000	0.007000	246504.322000	S	70724	1056
planetlab2.acis.ufl.edu_planetlabpc2.upf.edu_16643 5	1293.389000	245235.699000	0.135000	0.011000	246529.234000	S	70692	1056
planetlab2.acis.ufl.edu_planetlabpc2.upf.edu_16648 5	1165.305000	245391.628000	0.133000	0.009000	246557.075000	S	70752	1056
planetlab2.acis.ufl.edu_planetlabpc2.upf.edu_16647 5	1181.452000	245376.357000	0.102000	0.014000	246557.925000	S	70743	1056
planetlab2.acis.ufl.edu_planetlabpc2.upf.edu_16651 5	1212.544000	245372.551000	0.084000	0.010000	246585.189000	S	70758	1056
planetlab2.acis.ufl.edu_planetlabpc2.upf.edu_16652 5	1180.852000	245404.599000	0.081000	0.012000	246585.544000	S	70756	1056
