planetlab2.williams.edu_planetlab-5.eecs.cwru.edu_1105 3	3831.501000	0.039000	0.022000	0.000000	3831.562000	79360	1312
planetlab2.acis.ufl.edu_planetlab-5.eecs.cwru.edu_1813 2	1144.991000	3573.729000	0.017000	0.000000	4718.737000	79136	1056
planetlab2.acis.ufl.edu_planetlab-5.eecs.cwru.edu_1825 2	1169.180000	3604.292000	0.023000	0.000000	4773.495000	79151	1056
planetlab2.acis.ufl.edu_planetlab-5.eecs.cwru.edu_1827 2	1171.603000	3602.416000	0.016000	0.000000	4774.035000	79152	1056
planetlab2.acis.ufl.edu_planetlab-5.eecs.cwru.edu_1830 2	1179.147000	3602.412000	0.019000	0.000000	4781.578000	79153	1056
planetlab2.acis.ufl.edu_planetlab-5.eecs.cwru.edu_1834 2	1179.364000	3628.332000	0.015000	0.000000	4807.711000	79154	1056
planetlab2.acis.ufl.edu_planetlab-5.eecs.cwru.edu_1840 2	1202.799000	3628.753000	0.020000	0.000000	4831.572000	79156	1056
planetlab2.acis.ufl.edu_planetlab-5.eecs.cwru.edu_1847 2	1208.021000	3655.272000	0.216000	0.000000	4863.509000	79160	1056
planetlab7.flux.utah.edu_planetlab-5.eecs.cwru.edu_1221 2	1622.769000	3250.488000	0.023000	0.000000	4873.280000	79229	1536
planetlab2.acis.ufl.edu_planetlab-5.eecs.cwru.edu_1866 2	1264.421000	3665.324000	0.017000	0.000000	4929.762000	79180	1056
planetlab2.acis.ufl.edu_planetlab-5.eecs.cwru.edu_1928 2	1422.366000	3720.832000	0.027000	0.000000	5143.225000	79191	1056
planetlab2.acis.ufl.edu_planetlab-5.eecs.cwru.edu_1944 2	1450.629000	3739.835000	0.018000	0.000000	5190.482000	79194	1056
planetlab1.clemson.edu_planetlab-5.eecs.cwru.edu_878 2	3440.559000	1898.515000	0.018000	0.000000	5339.092000	79344	2656
planetlab2.acis.ufl.edu_planetlab-5.eecs.cwru.edu_2017 2	1527.373000	3925.436000	0.018000	0.000000	5452.827000	79216	1056
planetlab4.rutgers.edu_planetlab-5.eecs.cwru.edu_3496 1	4050.946000	1409.608000	0.023000	0.000000	5460.577000	79446	1024
planetlab2.acis.ufl.edu_planetlab-5.eecs.cwru.edu_2077 2	1637.334000	4013.432000	0.023000	0.000000	5650.789000	79247	1056
planetlab2.williams.edu_planetlab-5.eecs.cwru.edu_1278 3	5727.675000	0.087000	0.030000	0.000000	5727.792000	79477	1312
planetlab2.acis.ufl.edu_planetlab-5.eecs.cwru.edu_2130 2	1758.850000	4103.758000	0.022000	0.000000	5862.630000	79258	1056
planetlab-3.cmcl.cs.cmu.edu_planetlab-5.eecs.cwru.edu_1407 3	5877.256000	0.190000	0.036000	0.000000	5877.482000	79371	1568
planetlab-3.cmcl.cs.cmu.edu_planetlab-5.eecs.cwru.edu_1416 3	5982.066000	0.138000	0.054000	0.000000	5982.258000	79379	1568
planetlab-3.cmcl.cs.cmu.edu_planetlab-5.eecs.cwru.edu_1418 3	6017.220000	0.195000	0.050000	0.000000	6017.465000	79385	1568
planetlab-3.cmcl.cs.cmu.edu_planetlab-5.eecs.cwru.edu_1420 3	6024.338000	0.192000	0.046000	0.000000	6024.576000	79386	1568
planetlab-3.cmcl.cs.cmu.edu_planetlab-5.eecs.cwru.edu_1425 3	6060.625000	1.303000	0.039000	0.000000	6061.967000	79387	1568
planetlab-3.cmcl.cs.cmu.edu_planetlab-5.eecs.cwru.edu_1428 3	6073.086000	0.139000	0.043000	0.000000	6073.268000	79391	1568
planetlab2.acis.ufl.edu_planetlab-5.eecs.cwru.edu_2186 2	1925.865000	4170.342000	0.016000	0.000000	6096.223000	79271	1056
planetlab-3.cmcl.cs.cmu.edu_planetlab-5.eecs.cwru.edu_1434 3	6164.537000	0.498000	0.036000	0.000000	6165.071000	79419	1568
planetlab2.acis.ufl.edu_planetlab-5.eecs.cwru.edu_2214 2	1985.898000	4205.579000	0.026000	0.000000	6191.503000	79275	1056
planetlab2.acis.ufl.edu_planetlab-5.eecs.cwru.edu_2228 2	2011.097000	4227.269000	0.014000	0.000000	6238.380000	79277	1056
planetlab2.acis.ufl.edu_planetlab-5.eecs.cwru.edu_2230 2	2015.441000	4231.641000	0.022000	0.000000	6247.104000	79278	1056
planetlab2.acis.ufl.edu_planetlab-5.eecs.cwru.edu_2236 2	2020.851000	4256.673000	0.017000	0.000000	6277.541000	79279	1056
planetlab2.acis.ufl.edu_planetlab-5.eecs.cwru.edu_2238 2	2027.241000	4265.739000	0.022000	0.000000	6293.002000	79280	1056
planetlab-3.cmcl.cs.cmu.edu_planetlab-5.eecs.cwru.edu_1447 3	6319.041000	0.157000	0.048000	0.000000	6319.246000	79451	1568
planetlab-3.cmcl.cs.cmu.edu_planetlab-5.eecs.cwru.edu_1449 3	6350.265000	0.133000	0.048000	0.000000	6350.446000	79515	1568
planetlab4.rutgers.edu_planetlab-5.eecs.cwru.edu_3860 1	5426.723000	1090.299000	0.020000	0.000000	6517.042000	79548	1024
planetlab2.acis.ufl.edu_planetlab-5.eecs.cwru.edu_2322 2	2258.863000	4388.774000	0.020000	0.000000	6647.657000	79295	1056
planetlab4.rutgers.edu_planetlab-5.eecs.cwru.edu_3957 1	5554.366000	1164.351000	0.024000	0.000000	6718.741000	79561	1024
planetlab3.rutgers.edu_planetlab-5.eecs.cwru.edu_1108 2	6840.361000	0.719000	0.042000	0.000000	6841.122000	79551	2464
planetlab2.williams.edu_planetlab-5.eecs.cwru.edu_1382 3	7216.297000	0.026000	0.019000	0.000000	7216.342000	79594	1312
nodea.howard.edu_planetlab-5.eecs.cwru.edu_733 4	7329.674000	0.192000	0.022000	0.000000	7329.888000	79480	3232
planetlab2.acis.ufl.edu_planetlab-5.eecs.cwru.edu_2496 2	2844.430000	4633.786000	0.020000	0.000000	7478.236000	79306	1056
planetlab2.acis.ufl.edu_planetlab-5.eecs.cwru.edu_2519 2	2890.172000	4678.544000	0.019000	0.000000	7568.735000	79314	1056
planetlab2.acis.ufl.edu_planetlab-5.eecs.cwru.edu_2523 2	2920.209000	4678.004000	0.023000	0.000000	7598.236000	79320	1056
planetlab2.acis.ufl.edu_planetlab-5.eecs.cwru.edu_2532 2	2940.747000	4687.756000	0.023000	0.000000	7628.526000	79322	1056
planetlab2.acis.ufl.edu_planetlab-5.eecs.cwru.edu_2551 2	2974.136000	4740.348000	0.018000	0.000000	7714.502000	79323	1056
planetlab2.acis.ufl.edu_planetlab-5.eecs.cwru.edu_2586 2	3040.609000	4817.462000	0.028000	0.000000	7858.099000	79326	1056
planetlab2.acis.ufl.edu_planetlab-5.eecs.cwru.edu_2618 2	3133.717000	4830.397000	0.022000	0.000000	7964.136000	79332	1056
planetlab-3.cmcl.cs.cmu.edu_planetlab-5.eecs.cwru.edu_1512 3	7966.831000	0.044000	0.052000	0.000000	7966.927000	79643	1568
planetlab1.cs.purdue.edu_planetlab-5.eecs.cwru.edu_1439 3	8235.539000	0.922000	0.015000	0.000000	8236.476000	79141	2208
planetlab1.cs.purdue.edu_planetlab-5.eecs.cwru.edu_1443 3	8358.489000	0.033000	0.031000	0.000000	8358.553000	79173	2208
planetlab1.cs.purdue.edu_planetlab-5.eecs.cwru.edu_1447 3	8396.482000	0.030000	0.024000	0.000000	8396.536000	79201	2208
planetlab1.cs.purdue.edu_planetlab-5.eecs.cwru.edu_1449 3	8408.077000	0.153000	0.017000	0.000000	8408.247000	79204	2208
planetlab1.cs.purdue.edu_planetlab-5.eecs.cwru.edu_1451 3	8422.406000	0.028000	0.021000	0.000000	8422.455000	79205	2208
planetlab1.cs.purdue.edu_planetlab-5.eecs.cwru.edu_1453 3	8450.592000	0.131000	0.026000	0.000000	8450.749000	79207	2208
planetlab1.cs.purdue.edu_planetlab-5.eecs.cwru.edu_1455 3	8453.498000	0.024000	0.015000	0.000000	8453.537000	79213	2208
planetlab1.cs.purdue.edu_planetlab-5.eecs.cwru.edu_1457 3	8474.785000	0.174000	0.026000	0.000000	8474.985000	79221	2208
planetlab2.acis.ufl.edu_planetlab-5.eecs.cwru.edu_2767 2	3663.039000	4906.985000	0.023000	0.000000	8570.047000	79343	1056
planetlab2.williams.edu_planetlab-5.eecs.cwru.edu_1485 3	8599.754000	0.026000	0.017000	0.000000	8599.797000	79678	1312
planetlab1.cs.purdue.edu_planetlab-5.eecs.cwru.edu_1475 3	8787.282000	0.025000	0.019000	0.000000	8787.326000	79333	2208
planetlab2.acis.ufl.edu_planetlab-5.eecs.cwru.edu_2834 2	3895.864000	4917.927000	0.027000	0.000000	8813.818000	79354	1056
planetlab4.rutgers.edu_planetlab-5.eecs.cwru.edu_4942 1	7831.144000	1396.845000	0.022000	0.000000	9228.011000	79746	1024
planetlab1.cs.purdue.edu_planetlab-5.eecs.cwru.edu_1516 3	9665.870000	0.042000	0.028000	0.000000	9665.940000	79717	2208
planetlab2.acis.ufl.edu_planetlab-5.eecs.cwru.edu_3300 2	5483.875000	5081.850000	0.024000	0.000000	10565.749000	79436	1056
planetlab6.cs.cornell.edu_planetlab-5.eecs.cwru.edu_4251 3	9888.301000	990.736000	0.034000	0.000000	10879.071000	79268	352
ebb.colgate.edu_planetlab-5.eecs.cwru.edu_2030 3	11078.777000	0.101000	0.013000	0.000000	11078.891000	79521	1184
planetlab2.acis.ufl.edu_planetlab-5.eecs.cwru.edu_3761 2	7204.281000	5140.592000	0.109000	0.000000	12344.982000	79588	1056
planetlab2.acis.ufl.edu_planetlab-5.eecs.cwru.edu_3881 2	7674.569000	5232.170000	0.019000	0.000000	12906.758000	79615	1056
planetlab2.acis.ufl.edu_planetlab-5.eecs.cwru.edu_3891 2	7752.814000	5197.975000	0.029000	0.000000	12950.818000	79628	1056
planetlab6.cs.duke.edu_planetlab-5.eecs.cwru.edu_4101 4	9420.899000	3785.569000	0.039000	0.000000	13206.507000	79129	288
planetlab6.cs.duke.edu_planetlab-5.eecs.cwru.edu_4102 4	9421.070000	3785.863000	0.010000	0.000000	13206.943000	79132	288
planetlab6.cs.duke.edu_planetlab-5.eecs.cwru.edu_4104 4	9435.368000	3782.715000	0.046000	0.000000	13218.129000	79133	288
planetlab6.cs.duke.edu_planetlab-5.eecs.cwru.edu_4112 4	9470.584000	3774.144000	0.023000	0.000000	13244.751000	79135	288
planetlab6.cs.duke.edu_planetlab-5.eecs.cwru.edu_4117 4	9514.246000	3756.255000	0.022000	0.000000	13270.523000	79139	288
planetlab6.cs.duke.edu_planetlab-5.eecs.cwru.edu_4123 4	9534.449000	3763.985000	0.034000	0.000000	13298.468000	79144	288
planetlab2.acis.ufl.edu_planetlab-5.eecs.cwru.edu_4025 2	8220.042000	5178.125000	0.020000	0.000000	13398.187000	79664	1056
planetlab6.cs.duke.edu_planetlab-5.eecs.cwru.edu_4145 4	9703.500000	3724.767000	0.020000	0.000000	13428.287000	79165	288
planetlab6.cs.duke.edu_planetlab-5.eecs.cwru.edu_4161 4	9842.544000	3695.282000	0.021000	0.000000	13537.847000	79176	288
planetlab3.cs.columbia.edu_planetlab-5.eecs.cwru.edu_3293 2	13606.050000	0.688000	0.078000	0.000000	13606.816000	79433	480
planetlab6.cs.duke.edu_planetlab-5.eecs.cwru.edu_4190 4	10106.606000	3583.602000	0.029000	0.000000	13690.237000	79197	288
planetlab6.cs.duke.edu_planetlab-5.eecs.cwru.edu_4208 4	10175.581000	3582.185000	0.023000	0.000000	13757.789000	79200	288
planetlab6.cs.duke.edu_planetlab-5.eecs.cwru.edu_4224 4	10266.764000	3552.519000	0.038000	0.000000	13819.321000	79208	288
planetlab6.cs.duke.edu_planetlab-5.eecs.cwru.edu_4230 4	10311.466000	3527.340000	0.029000	0.000000	13838.835000	79209	288
planetlab6.cs.duke.edu_planetlab-5.eecs.cwru.edu_4232 4	10309.688000	3532.384000	0.015000	0.000000	13842.087000	79210	288
planetlab2.acis.ufl.edu_planetlab-5.eecs.cwru.edu_4154 2	8721.838000	5144.027000	0.022000	0.000000	13865.887000	79684	1056
planetlab6.cs.duke.edu_planetlab-5.eecs.cwru.edu_4239 4	10333.429000	3542.763000	0.036000	0.000000	13876.228000	79212	288
planetlab2.acis.ufl.edu_planetlab-5.eecs.cwru.edu_4159 2	8766.697000	5111.980000	0.022000	0.000000	13878.699000	79688	1056
planetlab2.acis.ufl.edu_planetlab-5.eecs.cwru.edu_4189 2	8851.241000	5111.938000	0.026000	0.000000	13963.205000	79692	1056
planetlab2.acis.ufl.edu_planetlab-5.eecs.cwru.edu_4191 2	8853.072000	5110.168000	0.014000	0.000000	13963.254000	79693	1056
planetlab2.acis.ufl.edu_planetlab-5.eecs.cwru.edu_4195 2	8860.093000	5121.761000	0.018000	0.000000	13981.872000	79694	1056
planetlab6.cs.duke.edu_planetlab-5.eecs.cwru.edu_4270 4	10491.541000	3519.386000	0.016000	0.000000	14010.943000	79223	288
planetlab6.cs.duke.edu_planetlab-5.eecs.cwru.edu_4284 4	10529.547000	3531.300000	0.019000	0.000000	14060.866000	79224	288
planetlab2.acis.ufl.edu_planetlab-5.eecs.cwru.edu_4219 2	8952.258000	5120.181000	0.024000	0.000000	14072.463000	79708	1056
plab3.eece.ksu.edu_planetlab-5.eecs.cwru.edu_286 4	5589.405000	8527.890000	0.011000	0.000000	14117.306000	79297	1824
planetlab2.acis.ufl.edu_planetlab-5.eecs.cwru.edu_4237 2	9048.791000	5087.986000	0.021000	0.000000	14136.798000	79724	1056
planetlab2.cs.pitt.edu_planetlab-5.eecs.cwru.edu_2024 5	14285.487000	0.024000	0.016000	0.000000	14285.527000	79248	304
planetlab6.cs.duke.edu_planetlab-5.eecs.cwru.edu_4342 4	10674.970000	3616.785000	0.022000	0.000000	14291.777000	79243	288
planetlab6.cs.duke.edu_planetlab-5.eecs.cwru.edu_4391 4	10810.170000	3598.994000	0.023000	0.000000	14409.187000	79261	288
planetlab6.cs.duke.edu_planetlab-5.eecs.cwru.edu_4456 4	11073.305000	3514.863000	0.023000	0.000000	14588.191000	79287	288
planetlab6.cs.duke.edu_planetlab-5.eecs.cwru.edu_4510 4	11353.011000	3357.723000	0.018000	0.000000	14710.752000	79319	288
planetlab6.cs.duke.edu_planetlab-5.eecs.cwru.edu_4521 4	11463.430000	3279.614000	0.021000	0.000000	14743.065000	79335	288
planetlab6.cs.duke.edu_planetlab-5.eecs.cwru.edu_4523 4	11479.722000	3265.476000	0.029000	0.000000	14745.227000	79336	288
planetlab6.cs.duke.edu_planetlab-5.eecs.cwru.edu_4532 4	11596.993000	3176.169000	0.028000	0.000000	14773.190000	79347	288
planetlab6.cs.duke.edu_planetlab-5.eecs.cwru.edu_4534 4	11626.693000	3146.760000	0.023000	0.000000	14773.476000	79349	288
planetlab6.cs.duke.edu_planetlab-5.eecs.cwru.edu_4536 4	11628.293000	3154.218000	0.017000	0.000000	14782.528000	79350	288
planetlab6.cs.duke.edu_planetlab-5.eecs.cwru.edu_4540 4	11653.488000	3139.279000	0.028000	0.000000	14792.795000	79351	288
planetlab6.cs.duke.edu_planetlab-5.eecs.cwru.edu_4546 4	11793.062000	3023.632000	0.033000	0.000000	14816.727000	79359	288
planetlab6.cs.duke.edu_planetlab-5.eecs.cwru.edu_4701 4	12551.125000	2618.573000	0.020000	0.000000	15169.718000	79395	288
planetlab2.cs.pitt.edu_planetlab-5.eecs.cwru.edu_2100 5	15454.911000	1.021000	0.018000	0.000000	15455.950000	79416	304
planetlab6.cs.cornell.edu_planetlab-5.eecs.cwru.edu_5094 3	16322.054000	0.925000	0.035000	0.000000	16323.014000	79524	352
planetlab6.cs.duke.edu_planetlab-5.eecs.cwru.edu_5281 4	15668.256000	1265.606000	0.018000	0.000000	16933.880000	79499	288
planetlab5.csee.usf.edu_planetlab-5.eecs.cwru.edu_3699 3	16948.248000	0.028000	0.024000	0.000000	16948.300000	79145	608
planet6.cs.ucsb.edu_planetlab-5.eecs.cwru.edu_980 4	17388.181000	0.037000	0.666000	0.000000	17388.884000	79192	688
pl1.planet.cs.kent.edu_planetlab-5.eecs.cwru.edu_1896 4	17806.799000	0.510000	0.031000	0.000000	17807.340000	79502	1248
planetlab6.cs.cornell.edu_planetlab-5.eecs.cwru.edu_5296 3	18048.824000	0.421000	0.062000	0.000000	18049.307000	79652	352
planetlab6.csail.mit.edu_planetlab-5.eecs.cwru.edu_2538 2	18152.207000	0.067000	0.044000	0.000000	18152.318000	79665	928
planet2.cs.rochester.edu_planetlab-5.eecs.cwru.edu_2552 3	18324.460000	0.024000	0.016000	0.000000	18324.500000	79339	672
planetlab6.cs.duke.edu_planetlab-5.eecs.cwru.edu_5633 4	17830.076000	494.689000	0.032000	0.000000	18324.797000	79627	288
planetlab6.cs.duke.edu_planetlab-5.eecs.cwru.edu_5642 4	18044.298000	304.470000	0.030000	0.000000	18348.798000	79645	288
planetlab6.cs.duke.edu_planetlab-5.eecs.cwru.edu_5656 4	18517.265000	0.028000	0.030000	0.000000	18517.323000	79720	288
planetlab6.cs.cornell.edu_planetlab-5.eecs.cwru.edu_5315 3	18687.981000	0.298000	0.270000	0.000000	18688.549000	79748	352
planetlab6.cs.duke.edu_planetlab-5.eecs.cwru.edu_5666 4	18708.902000	0.098000	0.029000	0.000000	18709.029000	79747	288
planetlab6.cs.duke.edu_planetlab-5.eecs.cwru.edu_5669 4	18748.461000	0.659000	0.027000	0.000000	18749.147000	79753	288
planetlab6.cs.duke.edu_planetlab-5.eecs.cwru.edu_5671 4	18751.972000	0.409000	0.014000	0.000000	18752.395000	79754	288
planetlab6.cs.duke.edu_planetlab-5.eecs.cwru.edu_5676 4	18767.451000	0.046000	0.030000	0.000000	18767.527000	79755	288
pluto.cs.brown.edu_planetlab-5.eecs.cwru.edu_3104 4	18885.369000	0.401000	0.026000	0.000000	18885.796000	79290	768
plonk.cs.uwaterloo.ca_planetlab-5.eecs.cwru.edu_2284 3	18940.425000	0.023000	0.019000	0.000000	18940.467000	79452	800
plonk.cs.uwaterloo.ca_planetlab-5.eecs.cwru.edu_2292 3	19002.410000	0.115000	0.026000	0.000000	19002.551000	79516	800
plonk.cs.uwaterloo.ca_planetlab-5.eecs.cwru.edu_2302 3	19072.412000	0.031000	0.023000	0.000000	19072.466000	79564	800
plonk.cs.uwaterloo.ca_planetlab-5.eecs.cwru.edu_2305 3	19090.108000	0.077000	0.021000	0.000000	19090.206000	79572	800
plonk.cs.uwaterloo.ca_planetlab-5.eecs.cwru.edu_2307 3	19102.878000	0.028000	0.018000	0.000000	19102.924000	79576	800
plonk.cs.uwaterloo.ca_planetlab-5.eecs.cwru.edu_2309 3	19110.320000	0.027000	0.016000	0.000000	19110.363000	79580	800
plonk.cs.uwaterloo.ca_planetlab-5.eecs.cwru.edu_2311 3	19112.332000	0.172000	0.014000	0.000000	19112.518000	79581	800
plonk.cs.uwaterloo.ca_planetlab-5.eecs.cwru.edu_2313 3	19121.198000	0.023000	0.017000	0.000000	19121.238000	79582	800
plonk.cs.uwaterloo.ca_planetlab-5.eecs.cwru.edu_2315 3	19141.932000	0.218000	0.018000	0.000000	19142.168000	79612	800
planetlab-01.cs.princeton.edu_planetlab-5.eecs.cwru.edu_944 4	19198.522000	2.325000	0.152000	0.000000	19200.999000	79727	816
planetlab2.cs.uoregon.edu_planetlab-5.eecs.cwru.edu_1224 5	19290.528000	0.116000	0.021000	0.000000	19290.665000	79253	3104
planetlab5.eecs.umich.edu_planetlab-5.eecs.cwru.edu_4171 3	10831.278000	8600.028000	0.028000	0.000000	19431.334000	79310	416
planetlab2.cs.uoregon.edu_planetlab-5.eecs.cwru.edu_1240 5	19440.082000	0.179000	0.057000	0.000000	19440.318000	79398	3104
planetlab2.cs.uoregon.edu_planetlab-5.eecs.cwru.edu_1242 5	19438.989000	0.145000	0.016000	0.000000	19439.150000	79509	3104
planetlab2.cs.uoregon.edu_planetlab-5.eecs.cwru.edu_1244 5	19471.263000	0.067000	0.029000	0.000000	19471.359000	79637	3104
planetlab5.csee.usf.edu_planetlab-5.eecs.cwru.edu_4088 3	19488.075000	1.854000	0.039000	0.000000	19489.968000	79489	608
planetlab2.cs.uoregon.edu_planetlab-5.eecs.cwru.edu_1249 5	19559.216000	0.253000	0.031000	0.000000	19559.500000	79749	3104
planetlab-01.ece.uprm.edu_planetlab-5.eecs.cwru.edu_2381 3	9179.296000	10429.168000	0.040000	0.000000	19608.504000	79409	2144
planetlab5.eecs.umich.edu_planetlab-5.eecs.cwru.edu_4255 3	14403.754000	5225.771000	0.030000	0.000000	19629.555000	79462	416
planetlab-01.ece.uprm.edu_planetlab-5.eecs.cwru.edu_2384 3	9196.001000	10441.216000	0.044000	0.000000	19637.261000	79428	2144
planet2.cs.rochester.edu_planetlab-5.eecs.cwru.edu_2642 3	19829.466000	0.027000	0.019000	0.000000	19829.512000	79595	672
pl2.eecs.utk.edu_planetlab-5.eecs.cwru.edu_5159 3	9104.090000	10887.410000	0.018000	0.000000	19991.518000	79235	224
planetlab5.csee.usf.edu_planetlab-5.eecs.cwru.edu_4179 3	20126.513000	0.415000	0.019000	0.000000	20126.947000	79701	608
pl2.eecs.utk.edu_planetlab-5.eecs.cwru.edu_5224 3	9416.023000	10893.199000	0.021000	0.000000	20309.243000	79249	224
planetlab-01.ece.uprm.edu_planetlab-5.eecs.cwru.edu_2447 3	9662.539000	10652.309000	0.033000	0.000000	20314.881000	79579	2144
pl2.eecs.utk.edu_planetlab-5.eecs.cwru.edu_5233 3	9441.282000	10904.941000	0.016000	0.000000	20346.239000	79250	224
pl2.eecs.utk.edu_planetlab-5.eecs.cwru.edu_5237 3	9466.011000	10898.807000	0.018000	0.000000	20364.836000	79251	224
planetlab-01.ece.uprm.edu_planetlab-5.eecs.cwru.edu_2454 3	9745.634000	10641.232000	0.045000	0.000000	20386.911000	79631	2144
pl2.eecs.utk.edu_planetlab-5.eecs.cwru.edu_5260 3	9594.974000	10877.666000	0.019000	0.000000	20472.659000	79255	224
pl2.eecs.utk.edu_planetlab-5.eecs.cwru.edu_5265 3	9671.825000	10811.616000	0.025000	0.000000	20483.466000	79259	224
planetlab2.netlab.uky.edu_planetlab-5.eecs.cwru.edu_6003 4	16858.110000	4010.488000	0.021000	0.000000	20868.619000	79134	544
planetlab2.netlab.uky.edu_planetlab-5.eecs.cwru.edu_6022 4	16923.363000	4014.680000	0.030000	0.000000	20938.073000	79140	544
planetlab2.netlab.uky.edu_planetlab-5.eecs.cwru.edu_6023 4	16922.677000	4020.700000	0.012000	0.000000	20943.389000	79138	544
planetlab2.netlab.uky.edu_planetlab-5.eecs.cwru.edu_6025 4	16935.938000	4017.491000	0.024000	0.000000	20953.453000	79142	544
planetlab2.netlab.uky.edu_planetlab-5.eecs.cwru.edu_6030 4	16955.113000	4003.346000	0.023000	0.000000	20958.482000	79143	544
earth.cs.brown.edu_planetlab-5.eecs.cwru.edu_10373 4	17511.223000	3450.408000	0.024000	0.000000	20961.655000	79157	96
pl2.eecs.utk.edu_planetlab-5.eecs.cwru.edu_5366 3	10234.575000	10741.562000	0.024000	0.000000	20976.161000	79283	224
earth.cs.brown.edu_planetlab-5.eecs.cwru.edu_10419 4	17739.785000	3284.838000	0.031000	0.000000	21024.654000	79166	96
earth.cs.brown.edu_planetlab-5.eecs.cwru.edu_10421 4	17748.169000	3280.905000	0.023000	0.000000	21029.097000	79168	96
planetlab2.netlab.uky.edu_planetlab-5.eecs.cwru.edu_6051 4	17032.330000	4004.232000	0.034000	0.000000	21036.596000	79150	544
planetlab2.netlab.uky.edu_planetlab-5.eecs.cwru.edu_6066 4	17098.214000	4012.777000	0.023000	0.000000	21111.014000	79158	544
planetlab2.netlab.uky.edu_planetlab-5.eecs.cwru.edu_6074 4	17154.137000	3997.629000	0.040000	0.000000	21151.806000	79170	544
planetlab2.netlab.uky.edu_planetlab-5.eecs.cwru.edu_6081 4	17185.644000	3984.479000	0.023000	0.000000	21170.146000	79172	544
planetlab2.netlab.uky.edu_planetlab-5.eecs.cwru.edu_6086 4	17192.090000	3999.292000	0.027000	0.000000	21191.409000	79174	544
planetlab2.netlab.uky.edu_planetlab-5.eecs.cwru.edu_6095 4	17218.945000	4016.892000	0.019000	0.000000	21235.856000	79175	544
planetlab2.netlab.uky.edu_planetlab-5.eecs.cwru.edu_6100 4	17244.239000	4004.556000	0.036000	0.000000	21248.831000	79182	544
earth.cs.brown.edu_planetlab-5.eecs.cwru.edu_10585 4	18665.821000	2605.137000	0.028000	0.000000	21270.986000	79198	96
planetlab2.netlab.uky.edu_planetlab-5.eecs.cwru.edu_6110 4	17309.701000	3975.664000	0.032000	0.000000	21285.397000	79190	544
planetlab2.netlab.uky.edu_planetlab-5.eecs.cwru.edu_6134 4	17481.943000	3887.284000	0.029000	0.000000	21369.256000	79206	544
planetlab2.netlab.uky.edu_planetlab-5.eecs.cwru.edu_6157 4	17570.592000	3876.516000	0.024000	0.000000	21447.132000	79219	544
earth.cs.brown.edu_planetlab-5.eecs.cwru.edu_10715 4	19287.171000	2186.227000	0.022000	0.000000	21473.420000	79214	96
planetlab2.netlab.uky.edu_planetlab-5.eecs.cwru.edu_6182 4	17694.066000	3896.231000	0.026000	0.000000	21590.323000	79234	544
planetlab2.netlab.uky.edu_planetlab-5.eecs.cwru.edu_6184 4	17713.512000	3890.664000	0.028000	0.000000	21604.204000	79236	544
planetlab2.netlab.uky.edu_planetlab-5.eecs.cwru.edu_6192 4	17741.225000	3871.914000	0.019000	0.000000	21613.158000	79238	544
planetlab2.netlab.uky.edu_planetlab-5.eecs.cwru.edu_6194 4	17752.455000	3863.304000	0.023000	0.000000	21615.782000	79239	544
earth.cs.brown.edu_planetlab-5.eecs.cwru.edu_10789 4	19576.946000	2053.757000	0.028000	0.000000	21630.731000	79222	96
planetlab2.netlab.uky.edu_planetlab-5.eecs.cwru.edu_6202 4	17798.148000	3864.207000	0.021000	0.000000	21662.376000	79246	544
earth.cs.brown.edu_planetlab-5.eecs.cwru.edu_10825 4	19773.928000	1926.939000	0.028000	0.000000	21700.895000	79226	96
planetlab2.netlab.uky.edu_planetlab-5.eecs.cwru.edu_6217 4	17855.132000	3849.677000	0.028000	0.000000	21704.837000	79254	544
planetlab2.netlab.uky.edu_planetlab-5.eecs.cwru.edu_6219 4	17869.581000	3835.267000	0.033000	0.000000	21704.881000	79257	544
earth.cs.brown.edu_planetlab-5.eecs.cwru.edu_10833 4	19815.774000	1903.321000	0.049000	0.000000	21719.144000	79228	96
earth.cs.brown.edu_planetlab-5.eecs.cwru.edu_10843 4	19849.848000	1886.275000	0.023000	0.000000	21736.146000	79230	96
planetlab2.netlab.uky.edu_planetlab-5.eecs.cwru.edu_6229 4	17972.273000	3768.207000	0.024000	0.000000	21740.504000	79270	544
planetlab-2.cmcl.cs.cmu.edu_planetlab-5.eecs.cwru.edu_1914 5	21753.965000	0.575000	0.054000	0.000000	21754.594000	79285	560
pl2.eecs.utk.edu_planetlab-5.eecs.cwru.edu_5521 3	10981.381000	10774.726000	0.018000	0.000000	21756.125000	79315	224
earth.cs.brown.edu_planetlab-5.eecs.cwru.edu_10857 4	19917.074000	1850.989000	0.022000	0.000000	21768.085000	79231	96
planetlab1.williams.edu_planetlab-5.eecs.cwru.edu_2336 4	8900.094000	12923.575000	0.019000	0.000000	21823.688000	79363	2176
planetlab2.netlab.uky.edu_planetlab-5.eecs.cwru.edu_6266 4	18267.900000	3594.994000	0.032000	0.000000	21862.926000	79302	544
planetlab2.netlab.uky.edu_planetlab-5.eecs.cwru.edu_6316 4	18432.301000	3584.073000	0.023000	0.000000	22016.397000	79340	544
planetlab2.cs.columbia.edu_planetlab-5.eecs.cwru.edu_3051 5	21998.112000	60.546000	0.092000	0.000000	22058.750000	79181	112
earth.cs.brown.edu_planetlab-5.eecs.cwru.edu_11071 4	20949.246000	1133.883000	0.039000	0.000000	22083.168000	79274	96
planetlab2.netlab.uky.edu_planetlab-5.eecs.cwru.edu_6344 4	18593.446000	3536.505000	0.021000	0.000000	22129.972000	79366	544
planetlab-02.bu.edu_planetlab-5.eecs.cwru.edu_1433 4	12379.312000	9855.844000	0.032000	0.000000	22235.188000	79383	368
planetlab2.cs.columbia.edu_planetlab-5.eecs.cwru.edu_3111 5	22292.256000	72.742000	0.117000	0.000000	22365.115000	79245	112
planetlab2.cs.columbia.edu_planetlab-5.eecs.cwru.edu_3119 5	22345.221000	94.753000	0.074000	0.000000	22440.048000	79301	112
planetlab2.cs.columbia.edu_planetlab-5.eecs.cwru.edu_3120 5	22344.168000	114.278000	0.092000	0.000000	22458.538000	79305	112
planetlab2.cs.columbia.edu_planetlab-5.eecs.cwru.edu_3123 5	22341.921000	116.646000	0.089000	0.000000	22458.656000	79308	112
planetlab2.cs.columbia.edu_planetlab-5.eecs.cwru.edu_3124 5	22346.015000	121.772000	0.118000	0.000000	22467.905000	79309	112
planetlab2.cs.columbia.edu_planetlab-5.eecs.cwru.edu_3125 5	22347.431000	125.616000	0.095000	0.000000	22473.142000	79311	112
planetlab2.cs.columbia.edu_planetlab-5.eecs.cwru.edu_3129 5	22394.158000	113.353000	0.045000	0.000000	22507.556000	79325	112
planetlab2.cs.columbia.edu_planetlab-5.eecs.cwru.edu_3131 5	22462.218000	69.951000	0.126000	0.000000	22532.295000	79341	112
earth.cs.brown.edu_planetlab-5.eecs.cwru.edu_11466 4	22787.297000	0.032000	0.030000	0.000000	22787.359000	79358	96
earth.cs.brown.edu_planetlab-5.eecs.cwru.edu_11475 4	22844.163000	0.756000	0.098000	0.000000	22845.017000	79362	96
planetlab-2.cmcl.cs.cmu.edu_planetlab-5.eecs.cwru.edu_2045 5	22930.467000	1.094000	0.056000	0.000000	22931.617000	79541	560
planetlab2.netlab.uky.edu_planetlab-5.eecs.cwru.edu_6564 4	19763.379000	3180.873000	0.025000	0.000000	22944.277000	79534	544
planetlab2.netlab.uky.edu_planetlab-5.eecs.cwru.edu_6617 4	19981.530000	3137.636000	0.017000	0.000000	23119.183000	79618	544
planetlab2.netlab.uky.edu_planetlab-5.eecs.cwru.edu_6625 4	20011.467000	3126.678000	0.043000	0.000000	23138.188000	79620	544
planetlab2.netlab.uky.edu_planetlab-5.eecs.cwru.edu_6629 4	20041.238000	3114.072000	0.025000	0.000000	23155.335000	79622	544
planetlab2.netlab.uky.edu_planetlab-5.eecs.cwru.edu_6633 4	20046.719000	3115.258000	0.021000	0.000000	23161.998000	79623	544
planetlab2.netlab.uky.edu_planetlab-5.eecs.cwru.edu_6638 4	20047.857000	3133.729000	0.016000	0.000000	23181.602000	79630	544
planetlab2.netlab.uky.edu_planetlab-5.eecs.cwru.edu_6659 4	20112.189000	3127.891000	0.018000	0.000000	23240.098000	79638	544
planetlab2.netlab.uky.edu_planetlab-5.eecs.cwru.edu_6663 4	20139.102000	3114.913000	0.034000	0.000000	23254.049000	79654	544
planetlab2.netlab.uky.edu_planetlab-5.eecs.cwru.edu_6667 4	20156.720000	3114.610000	0.022000	0.000000	23271.352000	79686	544
planetlab2.netlab.uky.edu_planetlab-5.eecs.cwru.edu_6670 4	20202.687000	3081.682000	0.026000	0.000000	23284.395000	79738	544
planetlab2.netlab.uky.edu_planetlab-5.eecs.cwru.edu_6674 4	20220.118000	3068.221000	0.020000	0.000000	23288.359000	79750	544
earth.cs.brown.edu_planetlab-5.eecs.cwru.edu_11718 4	24348.028000	0.029000	0.025000	0.000000	24348.082000	79422	96
planetlabpc2.upf.edu_planetlab-5.eecs.cwru.edu_1045 3	5908.832000	18642.739000	0.039000	0.000000	24551.610000	79327	2592
planetlabpc2.upf.edu_planetlab-5.eecs.cwru.edu_1046 3	5906.673000	18643.638000	0.014000	0.000000	24550.325000	79479	2592
earth.cs.brown.edu_planetlab-5.eecs.cwru.edu_11871 4	25301.580000	0.110000	0.029000	0.000000	25301.719000	79454	96
earth.cs.brown.edu_planetlab-5.eecs.cwru.edu_11921 4	25634.095000	0.032000	0.027000	0.000000	25634.154000	79470	96
earth.cs.brown.edu_planetlab-5.eecs.cwru.edu_11953 4	25824.757000	0.030000	0.030000	0.000000	25824.817000	79478	96
earth.cs.brown.edu_planetlab-5.eecs.cwru.edu_11968 4	25911.320000	0.780000	0.032000	0.000000	25912.132000	79482	96
earth.cs.brown.edu_planetlab-5.eecs.cwru.edu_11971 4	25917.353000	0.163000	0.022000	0.000000	25917.538000	79484	96
earth.cs.brown.edu_planetlab-5.eecs.cwru.edu_11975 4	25948.189000	0.409000	0.027000	0.000000	25948.625000	79486	96
earth.cs.brown.edu_planetlab-5.eecs.cwru.edu_11989 4	26018.288000	0.657000	0.033000	0.000000	26018.978000	79487	96
planetlabpc2.upf.edu_planetlab-5.eecs.cwru.edu_1109 3	7603.582000	18721.139000	0.037000	0.000000	26324.758000	79676	2592
planetlabpc2.upf.edu_planetlab-5.eecs.cwru.edu_1116 3	7818.113000	18506.618000	0.033000	0.000000	26324.764000	79689	2592
earth.cs.brown.edu_planetlab-5.eecs.cwru.edu_12124 4	26838.876000	0.070000	0.034000	0.000000	26838.980000	79517	96
earth.cs.brown.edu_planetlab-5.eecs.cwru.edu_12210 4	27464.712000	0.720000	0.035000	0.000000	27465.467000	79592	96
earth.cs.brown.edu_planetlab-5.eecs.cwru.edu_12228 4	27592.614000	0.064000	0.024000	0.000000	27592.702000	79614	96
earth.cs.brown.edu_planetlab-5.eecs.cwru.edu_12287 4	28056.153000	0.030000	0.030000	0.000000	28056.213000	79742	96
planetlab1.rutgers.edu_planetlab-5.eecs.cwru.edu_8150 5	22214.368000	9019.151000	0.038000	0.000000	31233.557000	79392	512
planetlab1.rutgers.edu_planetlab-5.eecs.cwru.edu_8211 5	22400.836000	8915.085000	0.073000	0.000000	31315.994000	79424	512
planetlab1.rutgers.edu_planetlab-5.eecs.cwru.edu_8260 5	22683.164000	8696.768000	0.056000	0.000000	31379.988000	79456	512
planetlab1.rutgers.edu_planetlab-5.eecs.cwru.edu_8262 5	22687.850000	8694.202000	0.047000	0.000000	31382.099000	79457	512
planetlab1.rutgers.edu_planetlab-5.eecs.cwru.edu_8264 5	22691.284000	8696.418000	0.059000	0.000000	31387.761000	79458	512
planetlab1.rutgers.edu_planetlab-5.eecs.cwru.edu_8266 5	22696.400000	8691.427000	0.043000	0.000000	31387.870000	79460	512
planetlab1.rutgers.edu_planetlab-5.eecs.cwru.edu_8270 5	22692.872000	8696.444000	0.038000	0.000000	31389.354000	79464	512
planetlab1.rutgers.edu_planetlab-5.eecs.cwru.edu_8277 5	22723.968000	8691.368000	0.054000	0.000000	31415.390000	79472	512
planetlab1.rutgers.edu_planetlab-5.eecs.cwru.edu_8344 5	23178.851000	8500.475000	0.054000	0.000000	31679.380000	79584	512
planetlab1.rutgers.edu_planetlab-5.eecs.cwru.edu_8358 5	23299.743000	8405.360000	0.051000	0.000000	31705.154000	79712	512
node1.planetlab.albany.edu_planetlab-5.eecs.cwru.edu_14357 5	20705.329000	19756.999000	0.019000	0.000000	40462.347000	79130	32
node1.planetlab.albany.edu_planetlab-5.eecs.cwru.edu_14481 5	20845.778000	19977.870000	0.019000	0.000000	40823.667000	79149	32
node1.planetlab.albany.edu_planetlab-5.eecs.cwru.edu_14618 5	21015.687000	20145.890000	0.020000	0.000000	41161.597000	79169	32
node1.planetlab.albany.edu_planetlab-5.eecs.cwru.edu_14722 5	21122.463000	20303.350000	0.019000	0.000000	41425.832000	79184	32
node1.planetlab.albany.edu_planetlab-5.eecs.cwru.edu_14724 5	21124.003000	20303.518000	0.018000	0.000000	41427.539000	79185	32
node1.planetlab.albany.edu_planetlab-5.eecs.cwru.edu_14728 5	21129.545000	20308.427000	0.020000	0.000000	41437.992000	79187	32
node1.planetlab.albany.edu_planetlab-5.eecs.cwru.edu_14750 5	21166.261000	20323.726000	0.019000	0.000000	41490.006000	79189	32
node1.planetlab.albany.edu_planetlab-5.eecs.cwru.edu_14768 5	21223.810000	20318.023000	0.024000	0.000000	41541.857000	79193	32
node1.planetlab.albany.edu_planetlab-5.eecs.cwru.edu_14896 5	21522.113000	20309.621000	0.019000	0.000000	41831.753000	79215	32
node1.planetlab.albany.edu_planetlab-5.eecs.cwru.edu_14901 5	21530.235000	20310.195000	0.032000	0.000000	41840.462000	79217	32
node1.planetlab.albany.edu_planetlab-5.eecs.cwru.edu_14950 5	21686.704000	20287.566000	0.020000	0.000000	41974.290000	79225	32
node1.planetlab.albany.edu_planetlab-5.eecs.cwru.edu_15053 5	21860.441000	20253.057000	0.018000	0.000000	42113.516000	79237	32
node1.planetlab.albany.edu_planetlab-5.eecs.cwru.edu_15266 5	22103.991000	20434.127000	0.022000	0.000000	42538.140000	79282	32
planetlab2.umassd.edu_planetlab-5.eecs.cwru.edu_8830 5	20730.961000	21830.830000	0.062000	0.000000	42561.853000	79128	64
node1.planetlab.albany.edu_planetlab-5.eecs.cwru.edu_15278 5	22123.512000	20437.312000	0.017000	0.000000	42560.841000	79289	32
node1.planetlab.albany.edu_planetlab-5.eecs.cwru.edu_15368 5	22209.198000	20481.135000	0.021000	0.000000	42690.354000	79303	32
node1.planetlab.albany.edu_planetlab-5.eecs.cwru.edu_15441 5	22301.287000	20499.113000	0.021000	0.000000	42800.421000	79313	32
node1.planetlab.albany.edu_planetlab-5.eecs.cwru.edu_15478 5	22348.951000	20508.928000	0.019000	0.000000	42857.898000	79321	32
node1.planetlab.albany.edu_planetlab-5.eecs.cwru.edu_15554 5	22441.148000	20571.332000	0.022000	0.000000	43012.502000	79337	32
node1.planetlab.albany.edu_planetlab-5.eecs.cwru.edu_15594 5	22528.724000	20542.870000	0.027000	0.000000	43071.621000	79345	32
node1.planetlab.albany.edu_planetlab-5.eecs.cwru.edu_15621 5	22632.117000	20486.249000	0.022000	0.000000	43118.388000	79352	32
node1.planetlab.albany.edu_planetlab-5.eecs.cwru.edu_15653 5	22728.107000	20445.925000	0.022000	0.000000	43174.054000	79353	32
node1.planetlab.albany.edu_planetlab-5.eecs.cwru.edu_15658 5	22743.904000	20434.211000	0.020000	0.000000	43178.135000	79355	32
node1.planetlab.albany.edu_planetlab-5.eecs.cwru.edu_15660 5	22745.302000	20435.756000	0.019000	0.000000	43181.077000	79357	32
node1.planetlab.albany.edu_planetlab-5.eecs.cwru.edu_15692 5	22924.786000	20327.498000	0.024000	0.000000	43252.308000	79365	32
node1.planetlab.albany.edu_planetlab-5.eecs.cwru.edu_15703 5	22946.525000	20332.413000	0.026000	0.000000	43278.964000	79367	32
node1.planetlab.albany.edu_planetlab-5.eecs.cwru.edu_15714 5	22978.492000	20318.205000	0.023000	0.000000	43296.720000	79369	32
node1.planetlab.albany.edu_planetlab-5.eecs.cwru.edu_15747 5	23047.772000	20333.207000	0.023000	0.000000	43381.002000	79372	32
node1.planetlab.albany.edu_planetlab-5.eecs.cwru.edu_15767 5	23104.298000	20298.225000	0.021000	0.000000	43402.544000	79373	32
node1.planetlab.albany.edu_planetlab-5.eecs.cwru.edu_15785 5	23141.879000	20299.170000	0.025000	0.000000	43441.074000	79375	32
node1.planetlab.albany.edu_planetlab-5.eecs.cwru.edu_15797 5	23205.349000	20258.772000	0.022000	0.000000	43464.143000	79377	32
node1.planetlab.albany.edu_planetlab-5.eecs.cwru.edu_15806 5	23238.393000	20237.403000	0.022000	0.000000	43475.818000	79378	32
node1.planetlab.albany.edu_planetlab-5.eecs.cwru.edu_15840 5	23384.737000	20170.447000	0.026000	0.000000	43555.210000	79389	32
node1.planetlab.albany.edu_planetlab-5.eecs.cwru.edu_15859 5	23429.740000	20168.644000	0.021000	0.000000	43598.405000	79393	32
node1.planetlab.albany.edu_planetlab-5.eecs.cwru.edu_15868 5	23443.147000	20172.384000	0.019000	0.000000	43615.550000	79394	32
node1.planetlab.albany.edu_planetlab-5.eecs.cwru.edu_15878 5	23507.742000	20133.253000	0.023000	0.000000	43641.018000	79396	32
node1.planetlab.albany.edu_planetlab-5.eecs.cwru.edu_15886 5	23535.362000	20115.398000	0.021000	0.000000	43650.781000	79397	32
node1.planetlab.albany.edu_planetlab-5.eecs.cwru.edu_15910 5	23607.939000	20094.547000	0.026000	0.000000	43702.512000	79399	32
node1.planetlab.albany.edu_planetlab-5.eecs.cwru.edu_15927 5	23651.460000	20100.331000	0.020000	0.000000	43751.811000	79400	32
node1.planetlab.albany.edu_planetlab-5.eecs.cwru.edu_15936 5	23681.980000	20082.797000	0.034000	0.000000	43764.811000	79401	32
node1.planetlab.albany.edu_planetlab-5.eecs.cwru.edu_15952 5	23760.095000	20057.697000	0.020000	0.000000	43817.812000	79403	32
node1.planetlab.albany.edu_planetlab-5.eecs.cwru.edu_15959 5	23768.605000	20055.532000	0.026000	0.000000	43824.163000	79404	32
node1.planetlab.albany.edu_planetlab-5.eecs.cwru.edu_15963 5	23802.454000	20031.360000	0.022000	0.000000	43833.836000	79405	32
node1.planetlab.albany.edu_planetlab-5.eecs.cwru.edu_15977 5	23854.955000	19996.421000	0.022000	0.000000	43851.398000	79406	32
node1.planetlab.albany.edu_planetlab-5.eecs.cwru.edu_15994 5	23919.546000	19957.139000	0.022000	0.000000	43876.707000	79407	32
node1.planetlab.albany.edu_planetlab-5.eecs.cwru.edu_15996 5	23931.556000	19950.125000	0.029000	0.000000	43881.710000	79408	32
node1.planetlab.albany.edu_planetlab-5.eecs.cwru.edu_16014 5	23968.132000	19937.459000	0.020000	0.000000	43905.611000	79410	32
node1.planetlab.albany.edu_planetlab-5.eecs.cwru.edu_16032 5	24024.488000	19917.555000	0.024000	0.000000	43942.067000	79411	32
node1.planetlab.albany.edu_planetlab-5.eecs.cwru.edu_16042 5	24066.714000	19889.742000	0.025000	0.000000	43956.481000	79413	32
node1.planetlab.albany.edu_planetlab-5.eecs.cwru.edu_16046 5	24070.473000	19895.702000	0.019000	0.000000	43966.194000	79414	32
node1.planetlab.albany.edu_planetlab-5.eecs.cwru.edu_16074 5	24189.662000	19838.225000	0.022000	0.000000	44027.909000	79417	32
node1.planetlab.albany.edu_planetlab-5.eecs.cwru.edu_16082 5	24222.768000	19834.011000	0.025000	0.000000	44056.804000	79418	32
roam2.cs.ou.edu_planetlab-5.eecs.cwru.edu_7938 6	41707.254000	2363.427000	0.031000	0.000000	44070.712000	79202	48
node1.planetlab.albany.edu_planetlab-5.eecs.cwru.edu_16096 5	24286.159000	19824.831000	0.021000	0.000000	44111.011000	79420	32
roam2.cs.ou.edu_planetlab-5.eecs.cwru.edu_7952 6	41963.763000	2159.009000	0.018000	0.000000	44122.790000	79220	48
node1.planetlab.albany.edu_planetlab-5.eecs.cwru.edu_16100 5	24290.887000	19829.209000	0.017000	0.000000	44120.113000	79421	32
roam2.cs.ou.edu_planetlab-5.eecs.cwru.edu_7968 6	42396.764000	1757.676000	0.034000	0.000000	44154.474000	79262	48
node1.planetlab.albany.edu_planetlab-5.eecs.cwru.edu_16116 5	24340.850000	19814.667000	0.026000	0.000000	44155.543000	79423	32
roam2.cs.ou.edu_planetlab-5.eecs.cwru.edu_7974 6	42468.669000	1697.960000	0.031000	0.000000	44166.660000	79266	48
roam2.cs.ou.edu_planetlab-5.eecs.cwru.edu_7986 6	42722.287000	1473.430000	0.041000	0.000000	44195.758000	79298	48
roam2.cs.ou.edu_planetlab-5.eecs.cwru.edu_8000 6	42987.774000	1242.642000	0.029000	0.000000	44230.445000	79328	48
roam2.cs.ou.edu_planetlab-5.eecs.cwru.edu_8002 6	42999.576000	1247.725000	0.027000	0.000000	44247.328000	79330	48
roam2.cs.ou.edu_planetlab-5.eecs.cwru.edu_8004 6	43003.380000	1250.486000	0.019000	0.000000	44253.885000	79331	48
roam2.cs.ou.edu_planetlab-5.eecs.cwru.edu_8008 6	43037.957000	1224.392000	0.030000	0.000000	44262.379000	79334	48
roam2.cs.ou.edu_planetlab-5.eecs.cwru.edu_8018 6	43093.549000	1179.703000	0.025000	0.000000	44273.277000	79338	48
roam2.cs.ou.edu_planetlab-5.eecs.cwru.edu_8028 6	43167.732000	1137.529000	0.033000	0.000000	44305.294000	79346	48
node1.planetlab.albany.edu_planetlab-5.eecs.cwru.edu_16162 5	24438.835000	19895.396000	0.024000	0.000000	44334.255000	79425	32
roam2.cs.ou.edu_planetlab-5.eecs.cwru.edu_8050 6	43284.910000	1068.426000	0.024000	0.000000	44353.360000	79361	48
roam2.cs.ou.edu_planetlab-5.eecs.cwru.edu_8062 6	43409.044000	978.459000	0.031000	0.000000	44387.534000	79370	48
node1.planetlab.albany.edu_planetlab-5.eecs.cwru.edu_16187 5	24524.160000	19890.389000	0.019000	0.000000	44414.568000	79427	32
node1.planetlab.albany.edu_planetlab-5.eecs.cwru.edu_16206 5	24574.088000	19880.174000	0.025000	0.000000	44454.287000	79429	32
node1.planetlab.albany.edu_planetlab-5.eecs.cwru.edu_16214 5	24599.043000	19867.807000	0.019000	0.000000	44466.869000	79430	32
node1.planetlab.albany.edu_planetlab-5.eecs.cwru.edu_16218 5	24626.049000	19844.432000	0.021000	0.000000	44470.502000	79431	32
node1.planetlab.albany.edu_planetlab-5.eecs.cwru.edu_16288 5	24863.101000	19755.263000	0.023000	0.000000	44618.387000	79437	32
roam2.cs.ou.edu_planetlab-5.eecs.cwru.edu_8146 6	44444.706000	176.556000	0.030000	0.000000	44621.292000	79426	48
node1.planetlab.albany.edu_planetlab-5.eecs.cwru.edu_16295 5	24884.091000	19751.844000	0.017000	0.000000	44635.952000	79440	32
node1.planetlab.albany.edu_planetlab-5.eecs.cwru.edu_16302 5	24912.278000	19747.662000	0.021000	0.000000	44659.961000	79439	32
node1.planetlab.albany.edu_planetlab-5.eecs.cwru.edu_16307 5	24943.676000	19716.731000	0.019000	0.000000	44660.426000	79441	32
roam2.cs.ou.edu_planetlab-5.eecs.cwru.edu_8160 6	44575.410000	85.544000	0.031000	0.000000	44660.985000	79432	48
roam2.cs.ou.edu_planetlab-5.eecs.cwru.edu_8166 6	44617.264000	67.186000	0.024000	0.000000	44684.474000	79434	48
roam2.cs.ou.edu_planetlab-5.eecs.cwru.edu_8168 6	44651.029000	41.685000	0.029000	0.000000	44692.743000	79435	48
roam2.cs.ou.edu_planetlab-5.eecs.cwru.edu_8170 6	44694.593000	0.071000	0.035000	0.000000	44694.699000	79438	48
node1.planetlab.albany.edu_planetlab-5.eecs.cwru.edu_16333 5	25041.846000	19657.783000	0.023000	0.000000	44699.652000	79443	32
node1.planetlab.albany.edu_planetlab-5.eecs.cwru.edu_16355 5	25142.504000	19600.386000	0.026000	0.000000	44742.916000	79445	32
node1.planetlab.albany.edu_planetlab-5.eecs.cwru.edu_16361 5	25185.013000	19570.165000	0.026000	0.000000	44755.204000	79447	32
node1.planetlab.albany.edu_planetlab-5.eecs.cwru.edu_16365 5	25187.959000	19576.204000	0.018000	0.000000	44764.181000	79448	32
node1.planetlab.albany.edu_planetlab-5.eecs.cwru.edu_16367 5	25188.375000	19576.761000	0.017000	0.000000	44765.153000	79449	32
roam2.cs.ou.edu_planetlab-5.eecs.cwru.edu_8194 6	44848.234000	0.138000	0.035000	0.000000	44848.407000	79450	48
node1.planetlab.albany.edu_planetlab-5.eecs.cwru.edu_16433 5	25453.274000	19560.774000	0.025000	0.000000	45014.073000	79461	32
node1.planetlab.albany.edu_planetlab-5.eecs.cwru.edu_16440 5	25476.571000	19549.222000	0.019000	0.000000	45025.812000	79463	32
node1.planetlab.albany.edu_planetlab-5.eecs.cwru.edu_16469 5	25527.015000	19552.345000	0.025000	0.000000	45079.385000	79465	32
planetlab2.umassd.edu_planetlab-5.eecs.cwru.edu_9436 5	23370.056000	21735.754000	0.034000	0.000000	45105.844000	79384	64
node1.planetlab.albany.edu_planetlab-5.eecs.cwru.edu_16491 5	25584.363000	19540.535000	0.021000	0.000000	45124.919000	79468	32
node1.planetlab.albany.edu_planetlab-5.eecs.cwru.edu_16499 5	25600.420000	19538.986000	0.023000	0.000000	45139.429000	79469	32
node1.planetlab.albany.edu_planetlab-5.eecs.cwru.edu_16515 5	25641.086000	19505.427000	0.022000	0.000000	45146.535000	79471	32
roam2.cs.ou.edu_planetlab-5.eecs.cwru.edu_8226 6	45163.471000	0.096000	0.033000	0.000000	45163.600000	79466	48
node1.planetlab.albany.edu_planetlab-5.eecs.cwru.edu_16562 5	25739.855000	19498.789000	0.031000	0.000000	45238.675000	79473	32
node1.planetlab.albany.edu_planetlab-5.eecs.cwru.edu_16564 5	25743.937000	19499.648000	0.020000	0.000000	45243.605000	79474	32
node1.planetlab.albany.edu_planetlab-5.eecs.cwru.edu_16608 5	25845.691000	19470.798000	0.023000	0.000000	45316.512000	79481	32
roam2.cs.ou.edu_planetlab-5.eecs.cwru.edu_8238 6	45336.325000	0.079000	0.033000	0.000000	45336.437000	79476	48
node1.planetlab.albany.edu_planetlab-5.eecs.cwru.edu_16628 5	25902.000000	19464.290000	0.030000	0.000000	45366.320000	79485	32
node1.planetlab.albany.edu_planetlab-5.eecs.cwru.edu_16704 5	26092.317000	19412.938000	0.024000	0.000000	45505.279000	79490	32
node1.planetlab.albany.edu_planetlab-5.eecs.cwru.edu_16706 5	26099.052000	19412.856000	0.020000	0.000000	45511.928000	79491	32
node1.planetlab.albany.edu_planetlab-5.eecs.cwru.edu_16713 5	26108.397000	19409.054000	0.019000	0.000000	45517.470000	79493	32
node1.planetlab.albany.edu_planetlab-5.eecs.cwru.edu_16715 5	26109.541000	19414.243000	0.018000	0.000000	45523.802000	79494	32
node1.planetlab.albany.edu_planetlab-5.eecs.cwru.edu_16728 5	26149.387000	19384.678000	0.024000	0.000000	45534.089000	79495	32
node1.planetlab.albany.edu_planetlab-5.eecs.cwru.edu_16803 5	26336.411000	19364.148000	0.043000	0.000000	45700.602000	79501	32
node1.planetlab.albany.edu_planetlab-5.eecs.cwru.edu_16811 5	26373.265000	19343.153000	0.026000	0.000000	45716.444000	79503	32
node1.planetlab.albany.edu_planetlab-5.eecs.cwru.edu_16817 5	26377.249000	19347.724000	0.018000	0.000000	45724.991000	79504	32
node1.planetlab.albany.edu_planetlab-5.eecs.cwru.edu_16834 5	26427.122000	19324.413000	0.026000	0.000000	45751.561000	79506	32
node1.planetlab.albany.edu_planetlab-5.eecs.cwru.edu_16856 5	26506.761000	19270.104000	0.025000	0.000000	45776.890000	79507	32
node1.planetlab.albany.edu_planetlab-5.eecs.cwru.edu_16893 5	26632.955000	19212.542000	0.026000	0.000000	45845.523000	79510	32
node1.planetlab.albany.edu_planetlab-5.eecs.cwru.edu_16901 5	26664.384000	19189.729000	0.025000	0.000000	45854.138000	79511	32
node1.planetlab.albany.edu_planetlab-5.eecs.cwru.edu_16946 5	26765.244000	19169.465000	0.023000	0.000000	45934.732000	79514	32
node1.planetlab.albany.edu_planetlab-5.eecs.cwru.edu_16984 5	26922.055000	19102.701000	0.028000	0.000000	46024.784000	79520	32
node1.planetlab.albany.edu_planetlab-5.eecs.cwru.edu_16991 5	26931.195000	19108.156000	0.019000	0.000000	46039.370000	79522	32
node1.planetlab.albany.edu_planetlab-5.eecs.cwru.edu_16996 5	26944.042000	19101.856000	0.023000	0.000000	46045.921000	79523	32
node1.planetlab.albany.edu_planetlab-5.eecs.cwru.edu_17000 5	26971.097000	19098.990000	0.042000	0.000000	46070.129000	79525	32
node1.planetlab.albany.edu_planetlab-5.eecs.cwru.edu_17002 5	26984.265000	19087.518000	0.032000	0.000000	46071.815000	79526	32
roam2.cs.ou.edu_planetlab-5.eecs.cwru.edu_8308 6	46076.636000	0.099000	0.022000	0.000000	46076.757000	79518	48
node1.planetlab.albany.edu_planetlab-5.eecs.cwru.edu_17004 5	26992.416000	19086.840000	0.022000	0.000000	46079.278000	79527	32
node1.planetlab.albany.edu_planetlab-5.eecs.cwru.edu_17010 5	27021.116000	19068.857000	0.023000	0.000000	46089.996000	79529	32
node1.planetlab.albany.edu_planetlab-5.eecs.cwru.edu_17012 5	27026.529000	19069.923000	0.019000	0.000000	46096.471000	79530	32
node1.planetlab.albany.edu_planetlab-5.eecs.cwru.edu_17019 5	27057.088000	19050.432000	0.020000	0.000000	46107.540000	79532	32
node1.planetlab.albany.edu_planetlab-5.eecs.cwru.edu_17021 5	27062.275000	19053.767000	0.020000	0.000000	46116.062000	79533	32
node1.planetlab.albany.edu_planetlab-5.eecs.cwru.edu_17025 5	27081.896000	19049.373000	0.020000	0.000000	46131.289000	79535	32
node1.planetlab.albany.edu_planetlab-5.eecs.cwru.edu_17027 5	27081.866000	19049.501000	0.017000	0.000000	46131.384000	79536	32
node1.planetlab.albany.edu_planetlab-5.eecs.cwru.edu_17031 5	27092.412000	19042.831000	0.025000	0.000000	46135.268000	79537	32
node1.planetlab.albany.edu_planetlab-5.eecs.cwru.edu_17037 5	27126.387000	19022.815000	0.021000	0.000000	46149.223000	79538	32
node1.planetlab.albany.edu_planetlab-5.eecs.cwru.edu_17040 5	27131.823000	19024.356000	0.019000	0.000000	46156.198000	79539	32
node1.planetlab.albany.edu_planetlab-5.eecs.cwru.edu_17044 5	27150.492000	19016.565000	0.019000	0.000000	46167.076000	79540	32
node1.planetlab.albany.edu_planetlab-5.eecs.cwru.edu_17046 5	27151.867000	19015.262000	0.018000	0.000000	46167.147000	79542	32
node1.planetlab.albany.edu_planetlab-5.eecs.cwru.edu_17051 5	27159.550000	19011.246000	0.018000	0.000000	46170.814000	79543	32
node1.planetlab.albany.edu_planetlab-5.eecs.cwru.edu_17054 5	27164.452000	19013.966000	0.020000	0.000000	46178.438000	79544	32
node1.planetlab.albany.edu_planetlab-5.eecs.cwru.edu_17058 5	27180.517000	19007.895000	0.020000	0.000000	46188.432000	79545	32
node1.planetlab.albany.edu_planetlab-5.eecs.cwru.edu_17068 5	27210.803000	18986.063000	0.019000	0.000000	46196.885000	79549	32
node1.planetlab.albany.edu_planetlab-5.eecs.cwru.edu_17064 5	27211.523000	18987.712000	0.024000	0.000000	46199.259000	79546	32
node1.planetlab.albany.edu_planetlab-5.eecs.cwru.edu_17066 5	27212.612000	18989.128000	0.021000	0.000000	46201.761000	79547	32
node1.planetlab.albany.edu_planetlab-5.eecs.cwru.edu_17070 5	27229.555000	18972.332000	0.018000	0.000000	46201.905000	79550	32
node1.planetlab.albany.edu_planetlab-5.eecs.cwru.edu_17077 5	27268.675000	18948.481000	0.023000	0.000000	46217.179000	79553	32
node1.planetlab.albany.edu_planetlab-5.eecs.cwru.edu_17079 5	27270.982000	18946.279000	0.016000	0.000000	46217.277000	79554	32
node1.planetlab.albany.edu_planetlab-5.eecs.cwru.edu_17081 5	27286.531000	18938.819000	0.023000	0.000000	46225.373000	79555	32
node1.planetlab.albany.edu_planetlab-5.eecs.cwru.edu_17085 5	27292.159000	18945.087000	0.020000	0.000000	46237.266000	79556	32
node1.planetlab.albany.edu_planetlab-5.eecs.cwru.edu_17095 5	27328.212000	18916.743000	0.018000	0.000000	46244.973000	79559	32
node1.planetlab.albany.edu_planetlab-5.eecs.cwru.edu_17090 5	27326.084000	18922.916000	0.024000	0.000000	46249.024000	79558	32
node1.planetlab.albany.edu_planetlab-5.eecs.cwru.edu_17091 5	27322.524000	18926.596000	0.016000	0.000000	46249.136000	79557	32
node1.planetlab.albany.edu_planetlab-5.eecs.cwru.edu_17100 5	27367.067000	18895.740000	0.021000	0.000000	46262.828000	79563	32
node1.planetlab.albany.edu_planetlab-5.eecs.cwru.edu_17101 5	27367.149000	18897.683000	0.016000	0.000000	46264.848000	79565	32
node1.planetlab.albany.edu_planetlab-5.eecs.cwru.edu_17104 5	27369.194000	18895.730000	0.019000	0.000000	46264.943000	79566	32
node1.planetlab.albany.edu_planetlab-5.eecs.cwru.edu_17106 5	27374.136000	18892.415000	0.019000	0.000000	46266.570000	79567	32
node1.planetlab.albany.edu_planetlab-5.eecs.cwru.edu_17108 5	27380.613000	18902.275000	0.020000	0.000000	46282.908000	79569	32
node1.planetlab.albany.edu_planetlab-5.eecs.cwru.edu_17110 5	27380.404000	18902.682000	0.017000	0.000000	46283.103000	79570	32
node1.planetlab.albany.edu_planetlab-5.eecs.cwru.edu_17112 5	27389.781000	18893.374000	0.019000	0.000000	46283.174000	79571	32
node1.planetlab.albany.edu_planetlab-5.eecs.cwru.edu_17116 5	27399.340000	18892.927000	0.019000	0.000000	46292.286000	79573	32
node1.planetlab.albany.edu_planetlab-5.eecs.cwru.edu_17121 5	27417.649000	18880.395000	0.033000	0.000000	46298.077000	79574	32
node1.planetlab.albany.edu_planetlab-5.eecs.cwru.edu_17123 5	27419.326000	18880.084000	0.019000	0.000000	46299.429000	79575	32
node1.planetlab.albany.edu_planetlab-5.eecs.cwru.edu_17125 5	27424.451000	18879.699000	0.019000	0.000000	46304.169000	79577	32
node1.planetlab.albany.edu_planetlab-5.eecs.cwru.edu_17127 5	27431.965000	18872.202000	0.018000	0.000000	46304.185000	79583	32
node1.planetlab.albany.edu_planetlab-5.eecs.cwru.edu_17129 5	27435.253000	18873.265000	0.019000	0.000000	46308.537000	79586	32
node1.planetlab.albany.edu_planetlab-5.eecs.cwru.edu_17131 5	27436.968000	18878.506000	0.018000	0.000000	46315.492000	79587	32
node1.planetlab.albany.edu_planetlab-5.eecs.cwru.edu_17133 5	27445.805000	18871.109000	0.020000	0.000000	46316.934000	79590	32
node1.planetlab.albany.edu_planetlab-5.eecs.cwru.edu_17137 5	27470.453000	18850.434000	0.017000	0.000000	46320.904000	79589	32
node1.planetlab.albany.edu_planetlab-5.eecs.cwru.edu_17139 5	27477.053000	18843.897000	0.016000	0.000000	46320.966000	79591	32
node1.planetlab.albany.edu_planetlab-5.eecs.cwru.edu_17141 5	27481.628000	18840.755000	0.017000	0.000000	46322.400000	79593	32
roam2.cs.ou.edu_planetlab-5.eecs.cwru.edu_8356 6	46329.921000	0.196000	0.030000	0.000000	46330.147000	79562	48
node1.planetlab.albany.edu_planetlab-5.eecs.cwru.edu_17144 5	27487.963000	18841.820000	0.017000	0.000000	46329.800000	79597	32
node1.planetlab.albany.edu_planetlab-5.eecs.cwru.edu_17146 5	27493.927000	18844.472000	0.022000	0.000000	46338.421000	79599	32
node1.planetlab.albany.edu_planetlab-5.eecs.cwru.edu_17148 5	27495.763000	18842.719000	0.016000	0.000000	46338.498000	79600	32
node1.planetlab.albany.edu_planetlab-5.eecs.cwru.edu_17150 5	27504.248000	18834.384000	0.018000	0.000000	46338.650000	79601	32
node1.planetlab.albany.edu_planetlab-5.eecs.cwru.edu_17153 5	27518.553000	18820.365000	0.017000	0.000000	46338.935000	79602	32
node1.planetlab.albany.edu_planetlab-5.eecs.cwru.edu_17155 5	27519.570000	18820.257000	0.016000	0.000000	46339.843000	79603	32
node1.planetlab.albany.edu_planetlab-5.eecs.cwru.edu_17157 5	27532.303000	18813.939000	0.031000	0.000000	46346.273000	79606	32
node1.planetlab.albany.edu_planetlab-5.eecs.cwru.edu_17159 5	27537.544000	18812.472000	0.019000	0.000000	46350.035000	79607	32
node1.planetlab.albany.edu_planetlab-5.eecs.cwru.edu_17161 5	27546.468000	18804.424000	0.017000	0.000000	46350.909000	79608	32
node1.planetlab.albany.edu_planetlab-5.eecs.cwru.edu_17163 5	27550.461000	18802.366000	0.020000	0.000000	46352.847000	79609	32
node1.planetlab.albany.edu_planetlab-5.eecs.cwru.edu_17165 5	27554.567000	18800.974000	0.018000	0.000000	46355.559000	79610	32
node1.planetlab.albany.edu_planetlab-5.eecs.cwru.edu_17167 5	27567.409000	18789.879000	0.019000	0.000000	46357.307000	79611	32
node1.planetlab.albany.edu_planetlab-5.eecs.cwru.edu_17169 5	27576.405000	18787.149000	0.021000	0.000000	46363.575000	79613	32
node1.planetlab.albany.edu_planetlab-5.eecs.cwru.edu_17176 5	27639.927000	18735.094000	0.033000	0.000000	46375.054000	79629	32
node1.planetlab.albany.edu_planetlab-5.eecs.cwru.edu_17179 5	27664.085000	18717.153000	0.019000	0.000000	46381.257000	79635	32
node1.planetlab.albany.edu_planetlab-5.eecs.cwru.edu_17185 5	27733.212000	18673.434000	0.032000	0.000000	46406.678000	79653	32
node1.planetlab.albany.edu_planetlab-5.eecs.cwru.edu_17188 5	27745.917000	18665.251000	0.037000	0.000000	46411.205000	79657	32
node1.planetlab.albany.edu_planetlab-5.eecs.cwru.edu_17192 5	27761.360000	18654.928000	0.020000	0.000000	46416.308000	79660	32
node1.planetlab.albany.edu_planetlab-5.eecs.cwru.edu_17194 5	27761.486000	18659.482000	0.018000	0.000000	46420.986000	79661	32
node1.planetlab.albany.edu_planetlab-5.eecs.cwru.edu_17196 5	27772.135000	18652.719000	0.018000	0.000000	46424.872000	79663	32
node1.planetlab.albany.edu_planetlab-5.eecs.cwru.edu_17198 5	27780.644000	18646.582000	0.019000	0.000000	46427.245000	79666	32
roam2.cs.ou.edu_planetlab-5.eecs.cwru.edu_8372 6	46439.695000	0.085000	0.032000	0.000000	46439.812000	79616	48
node1.planetlab.albany.edu_planetlab-5.eecs.cwru.edu_17206 5	27832.129000	18611.658000	0.021000	0.000000	46443.808000	79673	32
roam2.cs.ou.edu_planetlab-5.eecs.cwru.edu_8374 6	46445.920000	0.197000	0.021000	0.000000	46446.138000	79617	48
roam2.cs.ou.edu_planetlab-5.eecs.cwru.edu_8377 6	46448.581000	0.197000	0.014000	0.000000	46448.792000	79619	48
roam2.cs.ou.edu_planetlab-5.eecs.cwru.edu_8378 6	46448.910000	0.141000	0.012000	0.000000	46449.063000	79621	48
roam2.cs.ou.edu_planetlab-5.eecs.cwru.edu_8380 6	46449.158000	0.020000	0.017000	0.000000	46449.195000	79625	48
node1.planetlab.albany.edu_planetlab-5.eecs.cwru.edu_17209 5	27842.578000	18609.112000	0.016000	0.000000	46451.706000	79677	32
roam2.cs.ou.edu_planetlab-5.eecs.cwru.edu_8382 6	46454.546000	0.154000	0.020000	0.000000	46454.720000	79633	48
node1.planetlab.albany.edu_planetlab-5.eecs.cwru.edu_17212 5	27861.352000	18598.039000	0.032000	0.000000	46459.423000	79687	32
node1.planetlab.albany.edu_planetlab-5.eecs.cwru.edu_17216 5	27890.154000	18572.785000	0.021000	0.000000	46462.960000	79697	32
node1.planetlab.albany.edu_planetlab-5.eecs.cwru.edu_17219 5	27901.098000	18569.224000	0.020000	0.000000	46470.342000	79705	32
roam2.cs.ou.edu_planetlab-5.eecs.cwru.edu_8386 6	46477.646000	0.169000	0.023000	0.000000	46477.838000	79646	48
node1.planetlab.albany.edu_planetlab-5.eecs.cwru.edu_17223 5	27938.398000	18542.316000	0.021000	0.000000	46480.735000	79718	32
node1.planetlab.albany.edu_planetlab-5.eecs.cwru.edu_17225 5	27940.259000	18540.607000	0.017000	0.000000	46480.883000	79721	32
roam2.cs.ou.edu_planetlab-5.eecs.cwru.edu_8388 6	46485.066000	0.101000	0.021000	0.000000	46485.188000	79649	48
node1.planetlab.albany.edu_planetlab-5.eecs.cwru.edu_17229 5	27973.042000	18519.520000	0.033000	0.000000	46492.595000	79725	32
node1.planetlab.albany.edu_planetlab-5.eecs.cwru.edu_17231 5	27977.011000	18521.283000	0.020000	0.000000	46498.314000	79729	32
roam2.cs.ou.edu_planetlab-5.eecs.cwru.edu_8392 6	46513.510000	0.187000	0.028000	0.000000	46513.725000	79668	48
node1.planetlab.albany.edu_planetlab-5.eecs.cwru.edu_17237 5	28037.880000	18476.134000	0.022000	0.000000	46514.036000	79737	32
node1.planetlab.albany.edu_planetlab-5.eecs.cwru.edu_17239 5	28038.134000	18477.114000	0.019000	0.000000	46515.267000	79739	32
roam2.cs.ou.edu_planetlab-5.eecs.cwru.edu_8394 6	46533.886000	0.354000	0.028000	0.000000	46534.268000	79681	48
node1.planetlab.albany.edu_planetlab-5.eecs.cwru.edu_17241 5	28040.784000	18492.878000	0.014000	0.000000	46533.676000	79736	32
node1.planetlab.albany.edu_planetlab-5.eecs.cwru.edu_17244 5	28040.414000	18493.266000	0.016000	0.000000	46533.696000	79741	32
roam2.cs.ou.edu_planetlab-5.eecs.cwru.edu_8396 6	46535.150000	0.096000	0.028000	0.000000	46535.274000	79690	48
roam2.cs.ou.edu_planetlab-5.eecs.cwru.edu_8398 6	46545.307000	0.112000	0.025000	0.000000	46545.444000	79700	48
node1.planetlab.albany.edu_planetlab-5.eecs.cwru.edu_17249 5	28102.540000	18442.334000	0.026000	0.000000	46544.900000	79751	32
roam2.cs.ou.edu_planetlab-5.eecs.cwru.edu_8402 6	46551.669000	0.023000	0.018000	0.000000	46551.710000	79716	48
roam2.cs.ou.edu_planetlab-5.eecs.cwru.edu_8408 6	46573.784000	0.082000	0.018000	0.000000	46573.884000	79728	48
roam2.cs.ou.edu_planetlab-5.eecs.cwru.edu_8406 6	46574.854000	0.030000	0.026000	0.000000	46574.910000	79732	48
roam2.cs.ou.edu_planetlab-5.eecs.cwru.edu_8410 6	46581.789000	0.041000	0.024000	0.000000	46581.854000	79733	48
roam2.cs.ou.edu_planetlab-5.eecs.cwru.edu_8412 6	46586.999000	0.026000	0.020000	0.000000	46587.045000	79734	48
roam2.cs.ou.edu_planetlab-5.eecs.cwru.edu_8414 6	46608.487000	0.706000	0.042000	0.000000	46609.235000	79740	48
roam2.cs.ou.edu_planetlab-5.eecs.cwru.edu_8420 6	46614.775000	0.084000	0.015000	0.000000	46614.874000	79745	48
planetlab-03.cs.princeton.edu_planetlab-5.eecs.cwru.edu_6451 6	49527.026000	0.718000	0.864000	0.000000	49528.608000	79531	80
planetlab2.umassd.edu_planetlab-5.eecs.cwru.edu_10262 5	27652.846000	22030.967000	0.019000	0.000000	49683.832000	79624	64
planetlab2.umassd.edu_planetlab-5.eecs.cwru.edu_10267 5	27689.711000	22021.549000	0.016000	0.000000	49711.276000	79632	64
planetlab2.umassd.edu_planetlab-5.eecs.cwru.edu_10270 5	27710.891000	22033.319000	0.019000	0.000000	49744.229000	79640	64
planetlab2.umassd.edu_planetlab-5.eecs.cwru.edu_10272 5	27715.139000	22032.178000	0.016000	0.000000	49747.333000	79641	64
planetlab2.umassd.edu_planetlab-5.eecs.cwru.edu_10274 5	27716.704000	22030.720000	0.016000	0.000000	49747.440000	79642	64
planetlab2.umassd.edu_planetlab-5.eecs.cwru.edu_10276 5	27719.114000	22028.366000	0.020000	0.000000	49747.500000	79644	64
planetlab2.umassd.edu_planetlab-5.eecs.cwru.edu_10283 5	27850.761000	21934.245000	0.015000	0.000000	49785.021000	79672	64
planetlab2.umassd.edu_planetlab-5.eecs.cwru.edu_10291 5	27923.004000	21899.951000	0.018000	0.000000	49822.973000	79704	64
plab4.eece.ksu.edu_planetlab-5.eecs.cwru.edu_4558 4	18784.315000	34241.466000	0.022000	0.000000	53025.803000	79131	2080
plab4.eece.ksu.edu_planetlab-5.eecs.cwru.edu_4563 4	18821.221000	34244.135000	0.019000	0.000000	53065.375000	79147	2080
plab4.eece.ksu.edu_planetlab-5.eecs.cwru.edu_4565 4	18818.609000	34256.534000	0.030000	0.000000	53075.173000	79155	2080
plab4.eece.ksu.edu_planetlab-5.eecs.cwru.edu_4567 4	18859.794000	34219.279000	0.023000	0.000000	53079.096000	79161	2080
plab4.eece.ksu.edu_planetlab-5.eecs.cwru.edu_4569 4	18864.433000	34215.424000	0.015000	0.000000	53079.872000	79162	2080
plab4.eece.ksu.edu_planetlab-5.eecs.cwru.edu_4571 4	18893.106000	34190.520000	0.020000	0.000000	53083.646000	79163	2080
plab4.eece.ksu.edu_planetlab-5.eecs.cwru.edu_4573 4	18894.114000	34199.956000	0.017000	0.000000	53094.087000	79167	2080
plab4.eece.ksu.edu_planetlab-5.eecs.cwru.edu_4578 4	18939.768000	34194.129000	0.018000	0.000000	53133.915000	79196	2080
plab4.eece.ksu.edu_planetlab-5.eecs.cwru.edu_4584 4	19010.868000	34144.437000	0.019000	0.000000	53155.324000	79232	2080
plab4.eece.ksu.edu_planetlab-5.eecs.cwru.edu_4586 4	19011.795000	34169.818000	0.014000	0.000000	53181.627000	79227	2080
plab4.eece.ksu.edu_planetlab-5.eecs.cwru.edu_4592 4	19043.802000	34162.767000	0.024000	0.000000	53206.593000	79240	2080
plab4.eece.ksu.edu_planetlab-5.eecs.cwru.edu_4593 4	19047.883000	34166.393000	0.012000	0.000000	53214.288000	79241	2080
plab4.eece.ksu.edu_planetlab-5.eecs.cwru.edu_4598 4	19090.753000	34144.867000	0.020000	0.000000	53235.640000	79242	2080
plab4.eece.ksu.edu_planetlab-5.eecs.cwru.edu_4610 4	19251.337000	34063.321000	0.025000	0.000000	53314.683000	79244	2080
plab4.eece.ksu.edu_planetlab-5.eecs.cwru.edu_4613 4	19274.120000	34050.775000	0.019000	0.000000	53324.914000	79256	2080
plab4.eece.ksu.edu_planetlab-5.eecs.cwru.edu_4621 4	19348.781000	34029.485000	0.020000	0.000000	53378.286000	79272	2080
plab4.eece.ksu.edu_planetlab-5.eecs.cwru.edu_4623 4	19375.092000	34003.101000	0.030000	0.000000	53378.223000	79286	2080
plab4.eece.ksu.edu_planetlab-5.eecs.cwru.edu_4625 4	19402.293000	33992.210000	0.028000	0.000000	53394.531000	79291	2080
plab4.eece.ksu.edu_planetlab-5.eecs.cwru.edu_4630 4	19423.317000	33984.866000	0.030000	0.000000	53408.213000	79299	2080
plab4.eece.ksu.edu_planetlab-5.eecs.cwru.edu_4631 4	19423.929000	33995.050000	0.013000	0.000000	53418.992000	79304	2080
planetlab2.eecs.umich.edu_planetlab-5.eecs.cwru.edu_10098 5	53464.328000	0.573000	0.085000	0.000000	53464.986000	79342	2048
plab4.eece.ksu.edu_planetlab-5.eecs.cwru.edu_4641 4	19529.264000	33953.695000	0.020000	0.000000	53482.979000	79368	2080
plab4.eece.ksu.edu_planetlab-5.eecs.cwru.edu_4654 4	19649.689000	33926.859000	0.022000	0.000000	53576.570000	79390	2080
planetlab2.eecs.umich.edu_planetlab-5.eecs.cwru.edu_10130 5	53714.271000	4.757000	0.048000	0.000000	53719.076000	79453	2048
plab4.eece.ksu.edu_planetlab-5.eecs.cwru.edu_4712 4	20149.686000	33774.535000	0.020000	0.000000	53924.241000	79467	2080
plab4.eece.ksu.edu_planetlab-5.eecs.cwru.edu_4718 4	20193.546000	33763.296000	0.024000	0.000000	53956.866000	79488	2080
plab4.eece.ksu.edu_planetlab-5.eecs.cwru.edu_4726 4	20215.625000	33763.933000	0.016000	0.000000	53979.574000	79496	2080
plab4.eece.ksu.edu_planetlab-5.eecs.cwru.edu_4728 4	20225.064000	33771.397000	0.026000	0.000000	53996.487000	79497	2080
plab4.eece.ksu.edu_planetlab-5.eecs.cwru.edu_4731 4	20231.580000	33772.963000	0.017000	0.000000	54004.560000	79498	2080
plab4.eece.ksu.edu_planetlab-5.eecs.cwru.edu_4733 4	20236.664000	33776.280000	0.017000	0.000000	54012.961000	79500	2080
plab4.eece.ksu.edu_planetlab-5.eecs.cwru.edu_4739 4	20269.335000	33782.212000	0.017000	0.000000	54051.564000	79512	2080
plab4.eece.ksu.edu_planetlab-5.eecs.cwru.edu_4743 4	20300.435000	33758.031000	0.019000	0.000000	54058.485000	79528	2080
plab4.eece.ksu.edu_planetlab-5.eecs.cwru.edu_4769 4	20379.526000	33765.772000	0.019000	0.000000	54145.317000	79560	2080
plab4.eece.ksu.edu_planetlab-5.eecs.cwru.edu_4783 4	20453.141000	33745.583000	0.042000	0.000000	54198.766000	79604	2080
planetlab2.eecs.umich.edu_planetlab-5.eecs.cwru.edu_10154 5	54246.850000	1.744000	0.078000	0.000000	54248.672000	79598	2048
plab4.eece.ksu.edu_planetlab-5.eecs.cwru.edu_4797 4	20497.258000	33770.784000	0.021000	0.000000	54268.063000	79648	2080
plab4.eece.ksu.edu_planetlab-5.eecs.cwru.edu_4801 4	20516.910000	33756.458000	0.014000	0.000000	54273.382000	79675	2080
plab4.eece.ksu.edu_planetlab-5.eecs.cwru.edu_4812 4	20544.393000	33784.790000	0.029000	0.000000	54329.212000	79752	2080
planetlab2.eecs.umich.edu_planetlab-5.eecs.cwru.edu_10157 5	54380.473000	1.701000	0.071000	0.000000	54382.245000	79726	2048
planetlab5.cs.uiuc.edu_planetlab-5.eecs.cwru.edu_867 3	6055.207000	50085.175000	0.011000	0.000000	56140.393000	79186	2336
planetlab5.cs.uiuc.edu_planetlab-5.eecs.cwru.edu_871 3	6602.554000	49599.941000	0.011000	0.000000	56202.506000	79442	2336
planetlab5.cs.uiuc.edu_planetlab-5.eecs.cwru.edu_876 3	6900.142000	49334.665000	0.011000	0.000000	56234.818000	79585	2336
planetlab5.cs.uiuc.edu_planetlab-5.eecs.cwru.edu_885 3	7022.343000	49242.747000	0.010000	0.000000	56265.100000	79634	2336
planetlab5.cs.uiuc.edu_planetlab-5.eecs.cwru.edu_890 3	7281.795000	49027.413000	0.011000	0.000000	56309.219000	79682	2336
planetlab5.cs.uiuc.edu_planetlab-5.eecs.cwru.edu_891 3	7402.675000	48910.996000	0.011000	0.000000	56313.682000	79696	2336
planetlab5.cs.uiuc.edu_planetlab-5.eecs.cwru.edu_893 3	7475.380000	48842.992000	0.010000	0.000000	56318.382000	79699	2336
planetlab5.cs.uiuc.edu_planetlab-5.eecs.cwru.edu_892 3	7447.717000	48870.835000	0.009000	0.000000	56318.561000	79698	2336
planetlab5.cs.uiuc.edu_planetlab-5.eecs.cwru.edu_894 3	7476.808000	48843.261000	0.010000	0.000000	56320.079000	79702	2336
planetlab5.cs.uiuc.edu_planetlab-5.eecs.cwru.edu_895 3	7527.403000	48794.520000	0.009000	0.000000	56321.932000	79706	2336
planetlab5.cs.uiuc.edu_planetlab-5.eecs.cwru.edu_897 3	7789.565000	48538.060000	0.012000	0.000000	56327.637000	79730	2336
planetlab1.cs.uoregon.edu_planetlab-5.eecs.cwru.edu_7861 5	15190.210000	42094.499000	0.049000	0.000000	57284.758000	79374	256
planetlab1.cs.uoregon.edu_planetlab-5.eecs.cwru.edu_8183 5	16710.222000	43083.714000	0.038000	0.000000	59793.974000	79483	256
planetlab1.cs.uoregon.edu_planetlab-5.eecs.cwru.edu_8230 5	17278.545000	42911.501000	0.028000	0.000000	60190.074000	79505	256
planetlab1.cs.uoregon.edu_planetlab-5.eecs.cwru.edu_8360 5	18633.450000	42584.339000	0.024000	0.000000	61217.813000	79685	256
flow.colgate.edu_planetlab-5.eecs.cwru.edu_6978 4	27516.802000	42705.871000	0.022000	0.000000	70222.695000	79605	192
pl1.rcc.uottawa.ca_planetlab-5.eecs.cwru.edu_27483 6	40607.328000	79739.013000	0.019000	0.000000	120346.360000	79137	0
planetlab4.wail.wisc.edu_planetlab-5.eecs.cwru.edu_20804 7	120516.161000	0.079000	0.033000	0.000000	120516.273000	79148	16
pl1.rcc.uottawa.ca_planetlab-5.eecs.cwru.edu_27597 6	41095.607000	79560.207000	0.028000	0.000000	120655.842000	79159	0
pl1.rcc.uottawa.ca_planetlab-5.eecs.cwru.edu_27640 6	41232.152000	79522.696000	0.020000	0.000000	120754.868000	79171	0
pl1.rcc.uottawa.ca_planetlab-5.eecs.cwru.edu_27660 6	41315.113000	79515.449000	0.021000	0.000000	120830.583000	79177	0
pl1.rcc.uottawa.ca_planetlab-5.eecs.cwru.edu_27663 6	41319.160000	79526.175000	0.015000	0.000000	120845.350000	79179	0
pl1.rcc.uottawa.ca_planetlab-5.eecs.cwru.edu_27665 6	41320.410000	79525.063000	0.014000	0.000000	120845.487000	79178	0
pl1.rcc.uottawa.ca_planetlab-5.eecs.cwru.edu_27694 6	41439.847000	79481.770000	0.039000	0.000000	120921.656000	79183	0
pl1.rcc.uottawa.ca_planetlab-5.eecs.cwru.edu_27705 6	41482.056000	79490.190000	0.025000	0.000000	120972.271000	79188	0
pl1.rcc.uottawa.ca_planetlab-5.eecs.cwru.edu_27742 6	41598.379000	79479.181000	0.020000	0.000000	121077.580000	79195	0
pl1.rcc.uottawa.ca_planetlab-5.eecs.cwru.edu_27817 6	41819.146000	79516.663000	0.033000	0.000000	121335.842000	79211	0
pl1.rcc.uottawa.ca_planetlab-5.eecs.cwru.edu_27896 6	42088.641000	79500.832000	0.034000	0.000000	121589.507000	79233	0
pl1.rcc.uottawa.ca_planetlab-5.eecs.cwru.edu_27950 6	42330.283000	79476.587000	0.035000	0.000000	121806.905000	79252	0
pl1.rcc.uottawa.ca_planetlab-5.eecs.cwru.edu_27961 6	42368.959000	79467.870000	0.021000	0.000000	121836.850000	79263	0
pl1.rcc.uottawa.ca_planetlab-5.eecs.cwru.edu_27966 6	42390.968000	79456.832000	0.035000	0.000000	121847.835000	79264	0
pl1.rcc.uottawa.ca_planetlab-5.eecs.cwru.edu_27972 6	42408.646000	79449.275000	0.025000	0.000000	121857.946000	79265	0
pl1.rcc.uottawa.ca_planetlab-5.eecs.cwru.edu_27979 6	42441.805000	79451.191000	0.036000	0.000000	121893.032000	79267	0
pl1.rcc.uottawa.ca_planetlab-5.eecs.cwru.edu_27989 6	42497.691000	79432.126000	0.028000	0.000000	121929.845000	79269	0
pl1.rcc.uottawa.ca_planetlab-5.eecs.cwru.edu_28010 6	42547.073000	79453.999000	0.023000	0.000000	122001.095000	79273	0
pl1.rcc.uottawa.ca_planetlab-5.eecs.cwru.edu_28019 6	42567.258000	79463.058000	0.041000	0.000000	122030.357000	79281	0
pl1.rcc.uottawa.ca_planetlab-5.eecs.cwru.edu_28065 6	42706.395000	79484.174000	0.044000	0.000000	122190.613000	79300	0
pl1.rcc.uottawa.ca_planetlab-5.eecs.cwru.edu_28080 6	42781.703000	79467.749000	0.029000	0.000000	122249.481000	79307	0
