node2.planetlab.albany.edu_pl1.cs.yale.edu_906 2	5518.666000	0.064000	0.018000	0.000000	5518.748000	58728	1792
planetlab1.cs.cornell.edu_pl1.cs.yale.edu_2138 3	12322.662000	0.080000	0.033000	0.000000	12322.775000	58431	1280
planetlab-2.cs.uh.edu_pl1.cs.yale.edu_1297 4	15368.366000	0.386000	0.042000	0.000000	15368.794000	58485	784
planetlab1.cs.cornell.edu_pl1.cs.yale.edu_2217 3	15679.904000	0.156000	0.038000	0.000000	15680.098000	58947	1280
planetlab-01.cs.princeton.edu_pl1.cs.yale.edu_923 5	18457.426000	0.880000	0.020000	0.000000	18458.326000	58643	816
planetlab-2.cs.uh.edu_pl1.cs.yale.edu_1337 4	18823.237000	0.071000	0.040000	0.000000	18823.348000	58933	784
planetlab-2.cs.uh.edu_pl1.cs.yale.edu_1339 4	18839.515000	0.091000	0.031000	0.000000	18839.637000	58965	784
planetlab-2.cs.uh.edu_pl1.cs.yale.edu_1341 4	18861.172000	0.139000	0.040000	0.000000	18861.351000	58981	784
planetlab-2.cs.uh.edu_pl1.cs.yale.edu_1343 4	18872.562000	0.061000	0.025000	0.000000	18872.648000	58993	784
planetlab-2.cs.uh.edu_pl1.cs.yale.edu_1345 4	18889.290000	0.387000	0.047000	0.000000	18889.724000	58996	784
planetlab-2.cs.uh.edu_pl1.cs.yale.edu_1347 4	18907.095000	0.454000	0.035000	0.000000	18907.584000	58997	784
planetlab-2.cs.uh.edu_pl1.cs.yale.edu_1349 4	18908.946000	0.080000	0.021000	0.000000	18909.047000	58999	784
planetlab-2.cs.uh.edu_pl1.cs.yale.edu_1351 4	18914.966000	0.067000	0.024000	0.000000	18915.057000	59005	784
planetlab2.mnlab.cti.depaul.edu_pl1.cs.yale.edu_2438 3	19413.294000	0.081000	0.053000	0.000000	19413.428000	58484	1152
planetlab2.mnlab.cti.depaul.edu_pl1.cs.yale.edu_2441 3	19577.559000	0.040000	0.026000	0.000000	19577.625000	58526	1152
planetlab2.mnlab.cti.depaul.edu_pl1.cs.yale.edu_2445 3	19748.119000	0.164000	0.025000	0.000000	19748.308000	58603	1152
planetlab2.mnlab.cti.depaul.edu_pl1.cs.yale.edu_2467 3	21167.090000	0.074000	0.029000	0.000000	21167.193000	58784	1152
planetlab2.mnlab.cti.depaul.edu_pl1.cs.yale.edu_2471 3	21693.940000	0.031000	0.031000	0.000000	21694.002000	58888	1152
planetlabpc1.upf.edu_pl1.cs.yale.edu_1525 2	15803.725000	5955.315000	0.022000	0.000000	21759.062000	58919	1216
planetlab-1.cs.colostate.edu_pl1.cs.yale.edu_1156 4	17549.668000	6723.311000	0.055000	0.000000	24273.034000	58432	656
planetlab-1.cs.colostate.edu_pl1.cs.yale.edu_1158 4	17561.310000	6715.976000	0.030000	0.000000	24277.316000	58434	656
planetlab-1.cs.colostate.edu_pl1.cs.yale.edu_1160 4	17624.740000	6659.834000	0.042000	0.000000	24284.616000	58435	656
planetlab-1.cs.colostate.edu_pl1.cs.yale.edu_1162 4	17643.803000	6650.663000	0.034000	0.000000	24294.500000	58438	656
planetlab-1.cs.colostate.edu_pl1.cs.yale.edu_1164 4	17727.981000	6585.152000	0.078000	0.000000	24313.211000	58442	656
planetlab-1.cs.colostate.edu_pl1.cs.yale.edu_1168 4	17806.245000	6512.081000	0.028000	0.000000	24318.354000	58450	656
planetlab-1.cs.colostate.edu_pl1.cs.yale.edu_1171 4	18123.365000	6194.797000	0.031000	0.000000	24318.193000	58466	656
planetlab-1.cs.colostate.edu_pl1.cs.yale.edu_1253 4	20483.621000	4139.423000	0.037000	0.000000	24623.081000	58562	656
planetlab-02.bu.edu_pl1.cs.yale.edu_1629 5	27716.471000	0.671000	0.059000	0.000000	27717.201000	58475	368
planetlab-1.cs.colostate.edu_pl1.cs.yale.edu_1400 4	28548.678000	0.081000	0.039000	0.000000	28548.798000	58690	656
planetlab3.williams.edu_pl1.cs.yale.edu_1307 4	7734.408000	21908.840000	0.015000	0.000000	29643.263000	58412	400
planetlab3.williams.edu_pl1.cs.yale.edu_1309 4	7747.120000	21900.383000	0.015000	0.000000	29647.518000	58457	400
planetlab3.williams.edu_pl1.cs.yale.edu_1324 4	8063.135000	21628.353000	0.019000	0.000000	29691.507000	58547	400
planetlab3.williams.edu_pl1.cs.yale.edu_1493 4	14034.233000	15947.548000	0.036000	0.000000	29981.817000	58727	400
plgmu1.ite.gmu.edu_pl1.cs.yale.edu_2277 4	32068.529000	1.786000	0.058000	0.000000	32070.373000	58426	208
planetlab4.williams.edu_pl1.cs.yale.edu_1958 4	33409.806000	0.118000	0.027000	0.000000	33409.951000	58637	336
planetlab1.williams.edu_pl1.cs.yale.edu_2729 3	33652.302000	0.079000	0.025000	0.000000	33652.406000	58495	2176
planetlab2.eecs.umich.edu_pl1.cs.yale.edu_7135 2	32002.528000	2700.703000	0.110000	0.000000	34703.341000	58405	2048
planetlab2.eecs.umich.edu_pl1.cs.yale.edu_7145 2	32039.211000	2733.978000	0.079000	0.000000	34773.268000	58407	2048
planetlab2.eecs.umich.edu_pl1.cs.yale.edu_7147 2	32041.826000	2738.686000	0.074000	0.000000	34780.586000	58404	2048
planetlab2.eecs.umich.edu_pl1.cs.yale.edu_7170 2	32127.310000	2723.435000	0.073000	0.000000	34850.818000	58409	2048
planetlab2.eecs.umich.edu_pl1.cs.yale.edu_7184 2	32176.733000	2711.838000	0.079000	0.000000	34888.650000	58408	2048
planetlab2.eecs.umich.edu_pl1.cs.yale.edu_7190 2	32198.775000	2703.184000	0.080000	0.000000	34902.039000	58411	2048
planetlab2.eecs.umich.edu_pl1.cs.yale.edu_7206 2	32253.566000	2705.578000	0.079000	0.000000	34959.223000	58413	2048
planetlab2.eecs.umich.edu_pl1.cs.yale.edu_7268 2	32520.153000	2708.892000	0.078000	0.000000	35229.123000	58416	2048
planetlab2.eecs.umich.edu_pl1.cs.yale.edu_7270 2	32520.616000	2714.012000	0.076000	0.000000	35234.704000	58417	2048
flow.colgate.edu_pl1.cs.yale.edu_3732 3	7802.726000	27564.714000	0.017000	0.000000	35367.457000	58505	192
planetlab2.eecs.umich.edu_pl1.cs.yale.edu_7312 2	32676.410000	2745.526000	0.083000	0.000000	35422.019000	58419	2048
planetlab2.eecs.umich.edu_pl1.cs.yale.edu_7358 2	32901.227000	2760.559000	0.076000	0.000000	35661.862000	58433	2048
planetlab2.eecs.umich.edu_pl1.cs.yale.edu_7371 2	32955.122000	2746.104000	0.067000	0.000000	35701.293000	58421	2048
planetlab2.eecs.umich.edu_pl1.cs.yale.edu_7381 2	32990.895000	2755.917000	0.079000	0.000000	35746.891000	58425	2048
planetlab-01.bu.edu_pl1.cs.yale.edu_3404 3	35864.884000	0.113000	0.024000	0.000000	35865.021000	58865	640
planetlab2.eecs.umich.edu_pl1.cs.yale.edu_7457 2	33405.124000	2718.736000	0.105000	0.000000	36123.965000	58452	2048
planetlab2.eecs.umich.edu_pl1.cs.yale.edu_7499 2	33563.544000	2687.898000	0.111000	0.000000	36251.553000	58464	2048
planetlab2.eecs.umich.edu_pl1.cs.yale.edu_7505 2	33589.062000	2676.521000	0.082000	0.000000	36265.665000	58465	2048
planetlab2.eecs.umich.edu_pl1.cs.yale.edu_7512 2	33625.976000	2676.804000	0.078000	0.000000	36302.858000	58467	2048
planetlab2.eecs.umich.edu_pl1.cs.yale.edu_7518 2	33658.003000	2656.916000	0.078000	0.000000	36314.997000	58469	2048
planetlab2.eecs.umich.edu_pl1.cs.yale.edu_7556 2	33793.156000	2661.865000	0.076000	0.000000	36455.097000	58473	2048
planetlab-1.cs.colostate.edu_pl1.cs.yale.edu_1451 4	36539.793000	0.083000	0.036000	0.000000	36539.912000	58946	656
planetlab2.eecs.umich.edu_pl1.cs.yale.edu_7618 2	34015.562000	2699.917000	0.079000	0.000000	36715.558000	58481	2048
planetlab2.eecs.umich.edu_pl1.cs.yale.edu_7672 2	34522.661000	2331.551000	0.093000	0.000000	36854.305000	58497	2048
planetlab2.eecs.umich.edu_pl1.cs.yale.edu_7780 2	35477.590000	1683.196000	0.076000	0.000000	37160.862000	58514	2048
planetlab1.williams.edu_pl1.cs.yale.edu_2774 3	37648.778000	0.105000	0.019000	0.000000	37648.902000	58572	2176
planetlab2.eecs.umich.edu_pl1.cs.yale.edu_7873 2	36156.007000	1523.571000	0.073000	0.000000	37679.651000	58528	2048
planetlab2.eecs.umich.edu_pl1.cs.yale.edu_7882 2	36204.765000	1539.996000	0.080000	0.000000	37744.841000	58531	2048
planetlab2.eecs.umich.edu_pl1.cs.yale.edu_7946 2	36708.651000	1402.830000	0.081000	0.000000	38111.562000	58537	2048
planetlab2.eecs.umich.edu_pl1.cs.yale.edu_7984 2	36978.698000	1293.814000	0.079000	0.000000	38272.591000	58545	2048
planetlab2.eecs.umich.edu_pl1.cs.yale.edu_8048 2	37197.334000	1474.618000	0.079000	0.000000	38672.031000	58558	2048
planetlab2.eecs.umich.edu_pl1.cs.yale.edu_8123 2	37556.724000	1472.750000	0.082000	0.000000	39029.556000	58529	2048
planetlab2.eecs.umich.edu_pl1.cs.yale.edu_8141 2	37653.120000	1513.424000	0.079000	0.000000	39166.623000	58571	2048
planetlab2.eecs.umich.edu_pl1.cs.yale.edu_8157 2	37717.490000	1527.234000	0.066000	0.000000	39244.790000	58533	2048
planetlab2.eecs.umich.edu_pl1.cs.yale.edu_8295 2	38345.768000	1454.960000	0.088000	0.000000	39800.816000	58593	2048
plab4.eece.ksu.edu_pl1.cs.yale.edu_2867 1	3063.659000	36818.891000	0.011000	0.000000	39882.561000	58695	2080
planetlab2.eecs.umich.edu_pl1.cs.yale.edu_8361 2	38614.515000	1381.369000	0.101000	0.000000	39995.985000	58625	2048
planetlab1.williams.edu_pl1.cs.yale.edu_2784 3	39995.072000	0.027000	0.024000	0.000000	39995.123000	58700	2176
planetlab2.eecs.umich.edu_pl1.cs.yale.edu_8373 2	38655.918000	1372.681000	0.082000	0.000000	40028.681000	58642	2048
planetlab2.eecs.umich.edu_pl1.cs.yale.edu_8379 2	38684.461000	1359.761000	0.074000	0.000000	40044.296000	58655	2048
planetlab2.eecs.umich.edu_pl1.cs.yale.edu_8385 2	38721.576000	1339.563000	0.100000	0.000000	40061.239000	58656	2048
planetlab2.eecs.umich.edu_pl1.cs.yale.edu_8387 2	38722.241000	1341.062000	0.115000	0.000000	40063.418000	58657	2048
planetlab2.eecs.umich.edu_pl1.cs.yale.edu_8391 2	38746.895000	1322.895000	0.079000	0.000000	40069.869000	58659	2048
planetlab2.eecs.umich.edu_pl1.cs.yale.edu_8393 2	38751.021000	1323.049000	0.109000	0.000000	40074.179000	58661	2048
planetlab2.eecs.umich.edu_pl1.cs.yale.edu_8395 2	38758.628000	1335.925000	0.078000	0.000000	40094.631000	58665	2048
planetlab2.eecs.umich.edu_pl1.cs.yale.edu_8400 2	38783.135000	1326.784000	0.076000	0.000000	40109.995000	58673	2048
planetlab1.williams.edu_pl1.cs.yale.edu_2786 3	40422.132000	0.081000	0.025000	0.000000	40422.238000	58764	2176
planetlab2.eecs.umich.edu_pl1.cs.yale.edu_8477 2	40142.100000	310.265000	0.079000	0.000000	40452.444000	58721	2048
planetlab4.csee.usf.edu_pl1.cs.yale.edu_1327 4	40534.959000	0.093000	0.032000	0.000000	40535.084000	58713	2624
planetlab2.eecs.umich.edu_pl1.cs.yale.edu_8493 2	40224.881000	322.353000	0.084000	0.000000	40547.318000	58730	2048
planetlab2.eecs.umich.edu_pl1.cs.yale.edu_8508 2	40370.506000	250.071000	0.079000	0.000000	40620.656000	58754	2048
planetlab2.eecs.umich.edu_pl1.cs.yale.edu_8522 2	40459.108000	218.725000	0.081000	0.000000	40677.914000	58768	2048
planetlab2.eecs.umich.edu_pl1.cs.yale.edu_8526 2	40456.585000	266.862000	0.080000	0.000000	40723.527000	58770	2048
planetlab2.eecs.umich.edu_pl1.cs.yale.edu_8528 2	40457.489000	274.233000	0.069000	0.000000	40731.791000	58771	2048
planetlab2.eecs.umich.edu_pl1.cs.yale.edu_8534 2	40493.291000	257.319000	0.076000	0.000000	40750.686000	58778	2048
planetlab2.eecs.umich.edu_pl1.cs.yale.edu_8532 2	40491.189000	267.747000	0.065000	0.000000	40759.001000	58774	2048
planetlab-1.cse.ohio-state.edu_pl1.cs.yale.edu_1998 3	40762.993000	0.145000	0.049000	0.000000	40763.187000	58742	2560
planetlab2.eecs.umich.edu_pl1.cs.yale.edu_8544 2	40535.666000	261.680000	0.038000	0.000000	40797.384000	58785	2048
planetlab2.eecs.umich.edu_pl1.cs.yale.edu_8568 2	40797.801000	131.527000	0.081000	0.000000	40929.409000	58802	2048
planetlab1.williams.edu_pl1.cs.yale.edu_2788 3	41037.438000	0.085000	0.055000	0.000000	41037.578000	58820	2176
planetlab1.williams.edu_pl1.cs.yale.edu_2790 3	41051.770000	0.073000	0.016000	0.000000	41051.859000	58824	2176
planetlab1.williams.edu_pl1.cs.yale.edu_2794 3	41756.360000	0.108000	0.019000	0.000000	41756.487000	58828	2176
planetlab1.williams.edu_pl1.cs.yale.edu_2796 3	41757.357000	0.021000	0.013000	0.000000	41757.391000	58829	2176
planetlab4.williams.edu_pl1.cs.yale.edu_2060 4	41763.013000	0.090000	0.045000	0.000000	41763.148000	58893	336
planetlab1.williams.edu_pl1.cs.yale.edu_2798 3	41792.386000	0.182000	0.015000	0.000000	41792.583000	58830	2176
planetlab2.eecs.umich.edu_pl1.cs.yale.edu_8616 2	41841.844000	2.048000	0.094000	0.000000	41843.986000	58834	2048
planetlab1.williams.edu_pl1.cs.yale.edu_2800 3	41954.572000	0.077000	0.021000	0.000000	41954.670000	58844	2176
planetlab1.williams.edu_pl1.cs.yale.edu_2804 3	42403.818000	0.133000	0.019000	0.000000	42403.970000	58860	2176
planetlab2.eecs.umich.edu_pl1.cs.yale.edu_8690 2	42567.485000	21.976000	0.080000	0.000000	42589.541000	58869	2048
planetlab2.eecs.umich.edu_pl1.cs.yale.edu_8696 2	42690.405000	2.885000	0.077000	0.000000	42693.367000	58881	2048
planetlab2.eecs.umich.edu_pl1.cs.yale.edu_8760 2	43113.440000	0.074000	0.079000	0.000000	43113.593000	58912	2048
planetlab2.eecs.umich.edu_pl1.cs.yale.edu_8762 2	43124.055000	2.919000	0.078000	0.000000	43127.052000	58913	2048
planetlab2.eecs.umich.edu_pl1.cs.yale.edu_8772 2	43567.495000	1.426000	0.079000	0.000000	43569.000000	58915	2048
planetlab2.eecs.umich.edu_pl1.cs.yale.edu_8776 2	43579.147000	6.841000	0.036000	0.000000	43586.024000	58917	2048
planetlab2.eecs.umich.edu_pl1.cs.yale.edu_8778 2	43627.787000	1.055000	0.066000	0.000000	43628.908000	58921	2048
planetlab2.eecs.umich.edu_pl1.cs.yale.edu_8785 2	43725.839000	1.329000	0.066000	0.000000	43727.234000	58929	2048
plab4.eece.ksu.edu_pl1.cs.yale.edu_3309 1	5730.410000	38117.970000	0.012000	0.000000	43848.392000	58951	2080
planetlab2.eecs.umich.edu_pl1.cs.yale.edu_8855 2	44235.721000	1.025000	0.081000	0.000000	44236.827000	58973	2048
planetlab2.eecs.umich.edu_pl1.cs.yale.edu_8867 2	44785.952000	0.127000	0.069000	0.000000	44786.148000	58977	2048
planetlab5.williams.edu_pl1.cs.yale.edu_3666 3	44882.337000	0.121000	0.030000	0.000000	44882.488000	58994	2112
planetlab1.rutgers.edu_pl1.cs.yale.edu_9146 4	46718.378000	0.095000	0.068000	0.000000	46718.541000	58428	512
planetlab1.cs.unc.edu_pl1.cs.yale.edu_5521 5	46730.967000	0.064000	0.032000	0.000000	46731.063000	58415	528
planetlab1.rutgers.edu_pl1.cs.yale.edu_9156 4	47258.814000	0.298000	0.058000	0.000000	47259.170000	58460	512
planetlab1.cs.unc.edu_pl1.cs.yale.edu_5543 5	48125.097000	0.058000	0.177000	0.000000	48125.332000	58491	528
plgmu1.ite.gmu.edu_pl1.cs.yale.edu_2399 4	48300.041000	0.139000	0.060000	0.000000	48300.240000	58650	208
planetlab1.rutgers.edu_pl1.cs.yale.edu_9212 4	48374.860000	0.530000	0.061000	0.000000	48375.451000	58524	512
planetlab1.cs.unc.edu_pl1.cs.yale.edu_5562 5	48403.891000	0.051000	0.027000	0.000000	48403.969000	58511	528
planetlab1.cs.unc.edu_pl1.cs.yale.edu_5564 5	48407.434000	0.063000	0.027000	0.000000	48407.524000	58513	528
planetlab1.cs.unc.edu_pl1.cs.yale.edu_5570 5	48625.770000	0.357000	0.021000	0.000000	48626.148000	58535	528
planetlab1.cs.unc.edu_pl1.cs.yale.edu_5572 5	48625.229000	0.885000	0.009000	0.000000	48626.123000	58542	528
planetlab1.cs.unc.edu_pl1.cs.yale.edu_5571 5	48625.517000	0.679000	0.011000	0.000000	48626.207000	58539	528
planetlab1.cs.unc.edu_pl1.cs.yale.edu_5574 5	48625.738000	0.461000	0.015000	0.000000	48626.214000	58543	528
planetlab1.cs.unc.edu_pl1.cs.yale.edu_5577 5	48628.984000	0.234000	0.025000	0.000000	48629.243000	58541	528
planetlab1.cs.unc.edu_pl1.cs.yale.edu_5586 5	48757.269000	0.101000	0.025000	0.000000	48757.395000	58559	528
planetlab-2.cmcl.cs.cmu.edu_pl1.cs.yale.edu_2509 6	48843.235000	0.052000	0.052000	0.000000	48843.339000	58569	560
plgmu1.ite.gmu.edu_pl1.cs.yale.edu_2422 4	49228.008000	0.484000	0.055000	0.000000	49228.547000	58666	208
planetlab1.cs.unc.edu_pl1.cs.yale.edu_5626 5	49602.114000	0.060000	0.038000	0.000000	49602.212000	58596	528
planetlab1.cs.unc.edu_pl1.cs.yale.edu_5645 5	49733.372000	0.193000	0.030000	0.000000	49733.595000	58607	528
plgmu1.ite.gmu.edu_pl1.cs.yale.edu_2432 4	49844.056000	0.105000	0.050000	0.000000	49844.211000	58674	208
plgmu1.ite.gmu.edu_pl1.cs.yale.edu_2450 4	51716.201000	0.093000	0.051000	0.000000	51716.345000	58680	208
plgmu1.ite.gmu.edu_pl1.cs.yale.edu_2453 4	52022.344000	0.078000	0.052000	0.000000	52022.474000	58682	208
plgmu1.ite.gmu.edu_pl1.cs.yale.edu_2456 4	52114.417000	1.815000	0.049000	0.000000	52116.281000	58683	208
planetlab1.cs.unc.edu_pl1.cs.yale.edu_5750 5	52240.588000	0.067000	0.367000	0.000000	52241.022000	58639	528
plgmu1.ite.gmu.edu_pl1.cs.yale.edu_2460 4	52455.097000	0.067000	0.050000	0.000000	52455.214000	58686	208
planetlab1.rutgers.edu_pl1.cs.yale.edu_9438 4	52606.786000	0.186000	0.039000	0.000000	52607.011000	58652	512
planetlab1.cs.unc.edu_pl1.cs.yale.edu_5771 5	52800.948000	1.889000	0.040000	0.000000	52802.877000	58667	528
planetlab1.cs.unc.edu_pl1.cs.yale.edu_5772 5	52801.748000	1.254000	0.012000	0.000000	52803.014000	58663	528
planetlab1.cs.unc.edu_pl1.cs.yale.edu_5775 5	52811.414000	0.079000	0.042000	0.000000	52811.535000	58669	528
planetlab1.cs.unc.edu_pl1.cs.yale.edu_5777 5	52836.866000	0.041000	0.049000	0.000000	52836.956000	58670	528
planetlab1.cs.unc.edu_pl1.cs.yale.edu_5779 5	52937.383000	0.059000	0.033000	0.000000	52937.475000	58672	528
planetlab1.cs.unc.edu_pl1.cs.yale.edu_5781 5	52939.846000	0.051000	0.022000	0.000000	52939.919000	58671	528
planetlab1.cs.unc.edu_pl1.cs.yale.edu_5787 5	53223.011000	0.498000	0.020000	0.000000	53223.529000	58687	528
planetlab1.cs.unc.edu_pl1.cs.yale.edu_5803 5	53624.350000	0.222000	0.044000	0.000000	53624.616000	58693	528
planetlab-03.cs.princeton.edu_pl1.cs.yale.edu_6481 5	53944.648000	0.353000	0.052000	0.000000	53945.053000	58429	80
planetlab-03.cs.princeton.edu_pl1.cs.yale.edu_6483 5	53960.519000	0.950000	0.018000	0.000000	53961.487000	58439	80
planetlab-03.cs.princeton.edu_pl1.cs.yale.edu_6487 5	53997.860000	0.572000	0.018000	0.000000	53998.450000	58440	80
planetlab-03.cs.princeton.edu_pl1.cs.yale.edu_6491 5	54138.872000	0.421000	0.028000	0.000000	54139.321000	58451	80
planetlab1.cs.unc.edu_pl1.cs.yale.edu_5805 5	54385.232000	0.399000	0.037000	0.000000	54385.668000	58735	528
aguila1.lsi.upc.edu_pl1.cs.yale.edu_1805 4	54975.474000	0.081000	0.017000	0.000000	54975.572000	58752	592
planetlab-03.cs.princeton.edu_pl1.cs.yale.edu_6513 5	55207.177000	0.226000	0.031000	0.000000	55207.434000	58463	80
planetlab2.umassd.edu_pl1.cs.yale.edu_10969 4	34692.181000	20543.864000	0.057000	0.000000	55236.102000	58468	64
planetlab1.cs.unc.edu_pl1.cs.yale.edu_5857 5	55245.950000	0.208000	0.022000	0.000000	55246.180000	58759	528
planetlab1.cs.unc.edu_pl1.cs.yale.edu_5864 5	55383.852000	0.032000	0.032000	0.000000	55383.916000	58763	528
planetlab1.cs.unc.edu_pl1.cs.yale.edu_5866 5	55384.012000	0.020000	0.038000	0.000000	55384.070000	58765	528
planetlab1.cs.unc.edu_pl1.cs.yale.edu_5870 5	55448.641000	0.290000	0.029000	0.000000	55448.960000	58766	528
planetlab1.cs.unc.edu_pl1.cs.yale.edu_5875 5	55632.955000	0.562000	0.015000	0.000000	55633.532000	58767	528
planetlab-03.cs.princeton.edu_pl1.cs.yale.edu_6538 5	55805.070000	0.439000	0.029000	0.000000	55805.538000	58454	80
planetlab-03.cs.princeton.edu_pl1.cs.yale.edu_6541 5	55820.298000	0.641000	0.018000	0.000000	55820.957000	58487	80
planetlab-03.cs.princeton.edu_pl1.cs.yale.edu_6543 5	55833.972000	0.148000	0.016000	0.000000	55834.136000	58453	80
planetlab-03.cs.princeton.edu_pl1.cs.yale.edu_6545 5	55966.605000	0.093000	0.027000	0.000000	55966.725000	58503	80
planetlab1.cs.unc.edu_pl1.cs.yale.edu_5904 5	55970.681000	0.037000	0.034000	0.000000	55970.752000	58783	528
planetlab-03.cs.princeton.edu_pl1.cs.yale.edu_6547 5	56062.445000	0.234000	0.025000	0.000000	56062.704000	58515	80
planetlab-03.cs.princeton.edu_pl1.cs.yale.edu_6549 5	56159.994000	0.109000	0.023000	0.000000	56160.126000	58517	80
planetlab-03.cs.princeton.edu_pl1.cs.yale.edu_6551 5	56170.779000	0.378000	0.015000	0.000000	56171.172000	58518	80
planetlab-03.cs.princeton.edu_pl1.cs.yale.edu_6553 5	56200.335000	0.925000	0.019000	0.000000	56201.279000	58519	80
planetlab1.cs.unc.edu_pl1.cs.yale.edu_5912 5	56233.857000	0.260000	0.035000	0.000000	56234.152000	58789	528
planetlab1.cs.unc.edu_pl1.cs.yale.edu_5914 5	56243.509000	0.064000	0.021000	0.000000	56243.594000	58787	528
planetlab-03.cs.princeton.edu_pl1.cs.yale.edu_6557 5	56257.982000	0.122000	0.018000	0.000000	56258.122000	58527	80
planetlab1.cs.unc.edu_pl1.cs.yale.edu_5916 5	56262.781000	0.193000	0.029000	0.000000	56263.003000	58790	528
planetlab1.cs.unc.edu_pl1.cs.yale.edu_5918 5	56264.975000	0.603000	0.019000	0.000000	56265.597000	58791	528
planetlab-03.cs.princeton.edu_pl1.cs.yale.edu_6559 5	56268.861000	1.521000	0.021000	0.000000	56270.403000	58530	80
planetlab1.cs.unc.edu_pl1.cs.yale.edu_5922 5	56332.071000	0.468000	0.035000	0.000000	56332.574000	58793	528
planetlab1.cs.unc.edu_pl1.cs.yale.edu_5924 5	56383.339000	0.695000	0.035000	0.000000	56384.069000	58794	528
planetlab1.cs.unc.edu_pl1.cs.yale.edu_5926 5	56390.266000	0.331000	0.034000	0.000000	56390.631000	58795	528
planetlab1.cs.unc.edu_pl1.cs.yale.edu_5928 5	56408.448000	0.103000	0.041000	0.000000	56408.592000	58796	528
planetlab1.cs.unc.edu_pl1.cs.yale.edu_5930 5	56408.741000	0.161000	0.014000	0.000000	56408.916000	58797	528
planetlab1.cs.unc.edu_pl1.cs.yale.edu_5932 5	56410.681000	0.246000	0.026000	0.000000	56410.953000	58799	528
planetlab1.cs.unc.edu_pl1.cs.yale.edu_5934 5	56470.760000	0.062000	0.030000	0.000000	56470.852000	58798	528
planetlab-03.cs.princeton.edu_pl1.cs.yale.edu_6563 5	56585.355000	0.030000	0.025000	0.000000	56585.410000	58551	80
planetlab1.cs.unc.edu_pl1.cs.yale.edu_5937 5	56690.321000	0.183000	0.037000	0.000000	56690.541000	58807	528
planetlab1.cs.unc.edu_pl1.cs.yale.edu_5941 5	56830.005000	0.073000	0.031000	0.000000	56830.109000	58811	528
planetlab-03.cs.princeton.edu_pl1.cs.yale.edu_6567 5	56833.574000	0.062000	0.029000	0.000000	56833.665000	58563	80
planetlab1.cs.unc.edu_pl1.cs.yale.edu_5945 5	56833.224000	0.507000	0.031000	0.000000	56833.762000	58813	528
planetlab1.cs.unc.edu_pl1.cs.yale.edu_5943 5	56834.226000	0.167000	0.027000	0.000000	56834.420000	58814	528
planetlab-03.cs.princeton.edu_pl1.cs.yale.edu_6569 5	56893.499000	0.202000	0.026000	0.000000	56893.727000	58565	80
planetlab-03.cs.princeton.edu_pl1.cs.yale.edu_6571 5	56909.929000	0.028000	0.021000	0.000000	56909.978000	58566	80
planetlab-03.cs.princeton.edu_pl1.cs.yale.edu_6575 5	56939.518000	0.230000	0.022000	0.000000	56939.770000	58567	80
planetlab1.cs.unc.edu_pl1.cs.yale.edu_5947 5	56965.862000	0.031000	0.037000	0.000000	56965.930000	58815	528
planetlab1.cs.unc.edu_pl1.cs.yale.edu_5949 5	57105.134000	0.127000	0.033000	0.000000	57105.294000	58831	528
planetlab1.cs.unc.edu_pl1.cs.yale.edu_5951 5	57113.566000	0.053000	0.024000	0.000000	57113.643000	58842	528
plgmu1.ite.gmu.edu_pl1.cs.yale.edu_2478 4	57184.410000	0.162000	0.049000	0.000000	57184.621000	58746	208
planetlab1.cs.unc.edu_pl1.cs.yale.edu_5955 5	57250.696000	0.249000	0.027000	0.000000	57250.972000	58855	528
planetlab-03.cs.princeton.edu_pl1.cs.yale.edu_6579 5	57382.537000	0.078000	0.024000	0.000000	57382.639000	58575	80
planetlab1.cs.unc.edu_pl1.cs.yale.edu_5957 5	57390.035000	0.055000	0.030000	0.000000	57390.120000	58859	528
planetlab1.cs.unc.edu_pl1.cs.yale.edu_5959 5	57393.168000	0.030000	0.021000	0.000000	57393.219000	58861	528
planetlab-03.cs.princeton.edu_pl1.cs.yale.edu_6583 5	57466.409000	0.048000	0.024000	0.000000	57466.481000	58577	80
planetlab-03.cs.princeton.edu_pl1.cs.yale.edu_6587 5	57546.876000	0.202000	0.026000	0.000000	57547.104000	58578	80
planetlab-03.cs.princeton.edu_pl1.cs.yale.edu_6589 5	57618.352000	0.060000	0.025000	0.000000	57618.437000	58579	80
planetlab1.cs.unc.edu_pl1.cs.yale.edu_5961 5	57629.250000	0.652000	0.042000	0.000000	57629.944000	58862	528
planetlab1.cs.unc.edu_pl1.cs.yale.edu_5963 5	57650.543000	0.040000	0.031000	0.000000	57650.614000	58863	528
planetlab1.cs.unc.edu_pl1.cs.yale.edu_5965 5	57698.131000	0.055000	0.029000	0.000000	57698.215000	58879	528
planetlab-03.cs.princeton.edu_pl1.cs.yale.edu_6595 5	57770.726000	0.115000	0.024000	0.000000	57770.865000	58580	80
planetlab1.rutgers.edu_pl1.cs.yale.edu_9715 4	57783.512000	0.057000	0.071000	0.000000	57783.640000	58908	512
aguila1.lsi.upc.edu_pl1.cs.yale.edu_1856 4	57792.315000	0.060000	0.084000	0.000000	57792.459000	58920	592
planetlab-03.cs.princeton.edu_pl1.cs.yale.edu_6597 5	57821.307000	0.119000	0.025000	0.000000	57821.451000	58581	80
planetlab1.cs.unc.edu_pl1.cs.yale.edu_5967 5	57819.309000	0.903000	0.056000	0.000000	57820.268000	58887	528
planetlab-03.cs.princeton.edu_pl1.cs.yale.edu_6603 5	58009.729000	0.730000	0.028000	0.000000	58010.487000	58582	80
planetlab-2.cmcl.cs.cmu.edu_pl1.cs.yale.edu_2596 6	58020.531000	0.210000	0.141000	0.000000	58020.882000	58953	560
planetlab-2.cmcl.cs.cmu.edu_pl1.cs.yale.edu_2604 6	58174.841000	0.971000	0.057000	0.000000	58175.869000	59017	560
planetlab5.cs.uiuc.edu_pl1.cs.yale.edu_1015 2	34385.100000	24346.200000	0.011000	0.000000	58731.311000	58525	2336
planetlab-03.cs.princeton.edu_pl1.cs.yale.edu_6659 5	58865.335000	0.187000	0.029000	0.000000	58865.551000	58455	80
planetlab7.cs.duke.edu_pl1.cs.yale.edu_1588 4	59027.875000	0.141000	0.104000	0.000000	59028.120000	58902	2432
planetlab1.eecs.umich.edu_pl1.cs.yale.edu_2457 3	59209.492000	12.016000	0.071000	0.000000	59221.579000	58875	2304
planetlab1.eecs.umich.edu_pl1.cs.yale.edu_2461 3	59235.258000	6.769000	0.099000	0.000000	59242.126000	58952	2304
planetlab-03.cs.princeton.edu_pl1.cs.yale.edu_6705 5	59813.207000	0.215000	0.028000	0.000000	59813.450000	58583	80
planetlab-03.cs.princeton.edu_pl1.cs.yale.edu_6707 5	59909.854000	0.314000	0.029000	0.000000	59910.197000	58587	80
planetlab-03.cs.princeton.edu_pl1.cs.yale.edu_6709 5	60042.357000	0.720000	0.027000	0.000000	60043.104000	58589	80
planetlab-03.cs.princeton.edu_pl1.cs.yale.edu_6711 5	60094.266000	0.306000	0.026000	0.000000	60094.598000	58590	80
planetlab-03.cs.princeton.edu_pl1.cs.yale.edu_6713 5	60138.071000	0.598000	0.025000	0.000000	60138.694000	58591	80
planetlab-03.cs.princeton.edu_pl1.cs.yale.edu_6715 5	60444.153000	0.191000	0.031000	0.000000	60444.375000	58599	80
planetlab-03.cs.princeton.edu_pl1.cs.yale.edu_6736 5	60828.337000	0.387000	0.027000	0.000000	60828.751000	58611	80
planetlab-03.cs.princeton.edu_pl1.cs.yale.edu_6740 5	60902.471000	0.290000	0.025000	0.000000	60902.786000	58613	80
planetlab-03.cs.princeton.edu_pl1.cs.yale.edu_6748 5	61005.567000	0.114000	0.024000	0.000000	61005.705000	58614	80
planetlab-03.cs.princeton.edu_pl1.cs.yale.edu_6752 5	61033.512000	0.651000	0.016000	0.000000	61034.179000	58615	80
plgmu1.ite.gmu.edu_pl1.cs.yale.edu_2491 4	61469.380000	0.975000	0.071000	0.000000	61470.426000	58810	208
planetlab6.flux.utah.edu_pl1.cs.yale.edu_1531 5	62873.491000	0.097000	0.035000	0.000000	62873.623000	58972	240
planetlab-03.cs.princeton.edu_pl1.cs.yale.edu_6782 5	62980.752000	0.266000	0.028000	0.000000	62981.046000	58623	80
planetlab-03.cs.princeton.edu_pl1.cs.yale.edu_6785 5	63128.141000	0.058000	0.026000	0.000000	63128.225000	58627	80
planetlab2.umassd.edu_pl1.cs.yale.edu_12707 4	48930.726000	15876.420000	0.021000	0.000000	64807.167000	58660	64
planetlab2.cs.pitt.edu_pl1.cs.yale.edu_2772 6	65959.266000	0.024000	0.021000	0.000000	65959.311000	58436	304
planetlab1.cs.uoregon.edu_pl1.cs.yale.edu_8941 4	27714.236000	38330.481000	0.042000	0.000000	66044.759000	58482	256
vn4.cse.wustl.edu_pl1.cs.yale.edu_5363 5	66090.891000	0.030000	0.030000	0.000000	66090.951000	58462	272
vn4.cse.wustl.edu_pl1.cs.yale.edu_5377 5	66238.175000	0.028000	0.022000	0.000000	66238.225000	58498	272
vn4.cse.wustl.edu_pl1.cs.yale.edu_5379 5	66250.471000	0.102000	0.029000	0.000000	66250.602000	58504	272
vn4.cse.wustl.edu_pl1.cs.yale.edu_5382 5	66287.737000	0.131000	0.035000	0.000000	66287.903000	58506	272
vn4.cse.wustl.edu_pl1.cs.yale.edu_5385 5	66306.567000	0.224000	0.029000	0.000000	66306.820000	58507	272
vn4.cse.wustl.edu_pl1.cs.yale.edu_5387 5	66322.941000	0.073000	0.029000	0.000000	66323.043000	58510	272
planetlab2.umassd.edu_pl1.cs.yale.edu_13001 4	53083.418000	13260.962000	0.021000	0.000000	66344.401000	58692	64
vn4.cse.wustl.edu_pl1.cs.yale.edu_5391 5	66358.199000	0.056000	0.030000	0.000000	66358.285000	58522	272
vn4.cse.wustl.edu_pl1.cs.yale.edu_5397 5	66433.310000	0.086000	0.023000	0.000000	66433.419000	58538	272
vn4.cse.wustl.edu_pl1.cs.yale.edu_5401 5	66447.677000	0.181000	0.028000	0.000000	66447.886000	58548	272
vn4.cse.wustl.edu_pl1.cs.yale.edu_5407 5	66541.736000	0.383000	0.036000	0.000000	66542.155000	58561	272
vn4.cse.wustl.edu_pl1.cs.yale.edu_5411 5	66572.729000	0.066000	0.033000	0.000000	66572.828000	58570	272
planetlab1.cs.uoregon.edu_pl1.cs.yale.edu_9069 4	31891.994000	35362.821000	0.052000	0.000000	67254.867000	58605	256
vn4.cse.wustl.edu_pl1.cs.yale.edu_5549 5	69063.243000	0.166000	0.036000	0.000000	69063.445000	58654	272
planetlab-03.cs.princeton.edu_pl1.cs.yale.edu_6957 5	69193.002000	0.780000	0.033000	0.000000	69193.815000	58711	80
vn4.cse.wustl.edu_pl1.cs.yale.edu_5555 5	69264.347000	0.067000	0.034000	0.000000	69264.448000	58658	272
planetlab2.umassd.edu_pl1.cs.yale.edu_13110 4	53669.986000	15844.660000	0.018000	0.000000	69514.664000	58720	64
planetlab2.umassd.edu_pl1.cs.yale.edu_13122 4	53743.647000	15903.703000	0.018000	0.000000	69647.368000	58724	64
planetlab1.cs.uoregon.edu_pl1.cs.yale.edu_9314 4	36011.573000	33651.079000	0.037000	0.000000	69662.689000	58681	256
vn4.cse.wustl.edu_pl1.cs.yale.edu_5566 5	69670.482000	0.150000	0.032000	0.000000	69670.664000	58676	272
planetlab2.umassd.edu_pl1.cs.yale.edu_13127 4	53774.592000	15925.089000	0.018000	0.000000	69699.699000	58725	64
planetlab2.umassd.edu_pl1.cs.yale.edu_13130 4	53778.524000	15937.696000	0.017000	0.000000	69716.237000	58726	64
planetlab2.umassd.edu_pl1.cs.yale.edu_13158 4	53921.321000	15929.553000	0.018000	0.000000	69850.892000	58732	64
vn4.cse.wustl.edu_pl1.cs.yale.edu_5575 5	69923.982000	0.521000	0.043000	0.000000	69924.546000	58689	272
planetlab2.umassd.edu_pl1.cs.yale.edu_13199 4	57114.589000	12945.985000	0.021000	0.000000	70060.595000	58740	64
vn4.cse.wustl.edu_pl1.cs.yale.edu_5587 5	70118.788000	0.327000	0.038000	0.000000	70119.153000	58702	272
vn4.cse.wustl.edu_pl1.cs.yale.edu_5591 5	70165.942000	0.300000	0.033000	0.000000	70166.275000	58710	272
vn4.cse.wustl.edu_pl1.cs.yale.edu_5593 5	70166.137000	0.145000	0.016000	0.000000	70166.298000	58714	272
vn4.cse.wustl.edu_pl1.cs.yale.edu_5595 5	70173.121000	0.162000	0.029000	0.000000	70173.312000	58716	272
vn4.cse.wustl.edu_pl1.cs.yale.edu_5597 5	70175.299000	0.071000	0.025000	0.000000	70175.395000	58718	272
vn4.cse.wustl.edu_pl1.cs.yale.edu_5599 5	70226.469000	0.033000	0.034000	0.000000	70226.536000	58719	272
planetlab-03.cs.princeton.edu_pl1.cs.yale.edu_6965 5	70755.769000	0.250000	0.028000	0.000000	70756.047000	58775	80
planetlab-03.cs.princeton.edu_pl1.cs.yale.edu_6967 5	70853.564000	0.211000	0.021000	0.000000	70853.796000	58780	80
vn4.cse.wustl.edu_pl1.cs.yale.edu_5652 5	70888.705000	0.031000	0.033000	0.000000	70888.769000	58750	272
vn4.cse.wustl.edu_pl1.cs.yale.edu_5654 5	70921.403000	0.068000	0.032000	0.000000	70921.503000	58753	272
planetlab2.cs.columbia.edu_pl1.cs.yale.edu_3969 6	71079.387000	3.559000	0.093000	0.000000	71083.039000	58801	112
vn4.cse.wustl.edu_pl1.cs.yale.edu_5671 5	71175.794000	0.137000	0.034000	0.000000	71175.965000	58762	272
planetlab-03.cs.princeton.edu_pl1.cs.yale.edu_6973 5	71387.106000	0.364000	0.025000	0.000000	71387.495000	58823	80
planetlab-03.cs.princeton.edu_pl1.cs.yale.edu_6979 5	71512.898000	0.320000	0.020000	0.000000	71513.238000	58835	80
planetlab-03.cs.princeton.edu_pl1.cs.yale.edu_6981 5	71529.934000	0.334000	0.017000	0.000000	71530.285000	58837	80
vn4.cse.wustl.edu_pl1.cs.yale.edu_5694 5	71543.034000	0.065000	0.030000	0.000000	71543.129000	58772	272
planetlab-03.cs.princeton.edu_pl1.cs.yale.edu_6983 5	71566.755000	0.588000	0.018000	0.000000	71567.361000	58838	80
planetlab-03.cs.princeton.edu_pl1.cs.yale.edu_6985 5	71569.820000	0.324000	0.016000	0.000000	71570.160000	58839	80
planetlab-03.cs.princeton.edu_pl1.cs.yale.edu_6987 5	71624.371000	0.326000	0.019000	0.000000	71624.716000	58847	80
planetlab2.umassd.edu_pl1.cs.yale.edu_13564 4	62032.151000	9611.606000	0.019000	0.000000	71643.776000	58852	64
planetlab-03.cs.princeton.edu_pl1.cs.yale.edu_6989 5	71722.857000	0.295000	0.020000	0.000000	71723.172000	58857	80
planetlab-03.cs.princeton.edu_pl1.cs.yale.edu_6991 5	71757.160000	0.128000	0.019000	0.000000	71757.307000	58871	80
earth.cs.brown.edu_pl1.cs.yale.edu_13349 5	71760.915000	0.032000	0.925000	0.000000	71761.872000	58882	96
vn4.cse.wustl.edu_pl1.cs.yale.edu_5704 5	71835.378000	0.056000	0.030000	0.000000	71835.464000	58788	272
planetlab-03.cs.princeton.edu_pl1.cs.yale.edu_6993 5	71981.811000	0.185000	0.023000	0.000000	71982.019000	58932	80
vn4.cse.wustl.edu_pl1.cs.yale.edu_5707 5	72018.234000	0.031000	0.032000	0.000000	72018.297000	58800	272
planetlab-03.cs.princeton.edu_pl1.cs.yale.edu_6995 5	72055.314000	0.519000	0.020000	0.000000	72055.853000	58945	80
vn4.cse.wustl.edu_pl1.cs.yale.edu_5709 5	72090.427000	0.030000	0.031000	0.000000	72090.488000	58804	272
vn4.cse.wustl.edu_pl1.cs.yale.edu_5711 5	72094.864000	0.067000	0.026000	0.000000	72094.957000	58805	272
vn4.cse.wustl.edu_pl1.cs.yale.edu_5713 5	72095.310000	0.021000	0.014000	0.000000	72095.345000	58806	272
planetlab-03.cs.princeton.edu_pl1.cs.yale.edu_6997 5	72121.891000	0.229000	0.019000	0.000000	72122.139000	58967	80
vn4.cse.wustl.edu_pl1.cs.yale.edu_5716 5	72175.983000	0.029000	0.030000	0.000000	72176.042000	58812	272
vn4.cse.wustl.edu_pl1.cs.yale.edu_5718 5	72200.556000	0.064000	0.030000	0.000000	72200.650000	58816	272
vn4.cse.wustl.edu_pl1.cs.yale.edu_5720 5	72202.871000	0.105000	0.024000	0.000000	72203.000000	58817	272
vn4.cse.wustl.edu_pl1.cs.yale.edu_5722 5	72215.367000	0.026000	0.046000	0.000000	72215.439000	58819	272
vn4.cse.wustl.edu_pl1.cs.yale.edu_5724 5	72283.616000	0.574000	0.036000	0.000000	72284.226000	58821	272
vn4.cse.wustl.edu_pl1.cs.yale.edu_5726 5	72291.560000	0.026000	0.022000	0.000000	72291.608000	58825	272
vn4.cse.wustl.edu_pl1.cs.yale.edu_5728 5	72306.119000	0.030000	0.028000	0.000000	72306.177000	58833	272
vn4.cse.wustl.edu_pl1.cs.yale.edu_5730 5	72359.417000	0.031000	0.031000	0.000000	72359.479000	58846	272
vn4.cse.wustl.edu_pl1.cs.yale.edu_5732 5	72396.817000	0.030000	0.031000	0.000000	72396.878000	58849	272
planetlab-03.cs.princeton.edu_pl1.cs.yale.edu_7003 5	72464.058000	0.505000	0.022000	0.000000	72464.585000	59031	80
vn4.cse.wustl.edu_pl1.cs.yale.edu_5746 5	72596.341000	0.079000	0.036000	0.000000	72596.456000	58868	272
vn4.cse.wustl.edu_pl1.cs.yale.edu_5750 5	72641.652000	0.024000	0.020000	0.000000	72641.696000	58914	272
planetlab2.cs.pitt.edu_pl1.cs.yale.edu_2940 6	72644.864000	0.024000	0.014000	0.000000	72644.902000	58936	304
planetlab1.cs.uoregon.edu_pl1.cs.yale.edu_9606 4	42211.465000	30466.028000	0.036000	0.000000	72677.529000	59025	256
vn4.cse.wustl.edu_pl1.cs.yale.edu_5760 5	72787.844000	2.028000	0.032000	0.000000	72789.904000	59018	272
planetlab7.flux.utah.edu_pl1.cs.yale.edu_2446 3	90375.873000	0.033000	0.040000	0.000000	90375.946000	58546	1536
planetlab7.flux.utah.edu_pl1.cs.yale.edu_2468 3	91876.858000	0.428000	0.029000	0.000000	91877.315000	58930	1536
planetlab7.flux.utah.edu_pl1.cs.yale.edu_2470 3	91877.980000	0.030000	0.015000	0.000000	91878.025000	59026	1536
planetlab-3.cmcl.cs.cmu.edu_pl1.cs.yale.edu_2214 4	91884.590000	0.900000	0.075000	0.000000	91885.565000	58836	1568
planetlab1.cs.uiuc.edu_pl1.cs.yale.edu_8580 4	35662.582000	89871.225000	0.016000	0.000000	125533.823000	58534	128
planetlab4.wail.wisc.edu_pl1.cs.yale.edu_22358 6	130429.089000	0.096000	0.030000	0.000000	130429.215000	58414	16
planetlab4.wail.wisc.edu_pl1.cs.yale.edu_22365 6	130509.603000	0.105000	0.037000	0.000000	130509.745000	58424	16
roam2.cs.ou.edu_pl1.cs.yale.edu_10712 7	130518.325000	0.093000	0.031000	0.000000	130518.449000	58420	48
roam2.cs.ou.edu_pl1.cs.yale.edu_10714 7	130520.682000	0.022000	0.053000	0.000000	130520.757000	58422	48
roam2.cs.ou.edu_pl1.cs.yale.edu_10718 7	130558.372000	0.028000	0.028000	0.000000	130558.428000	58423	48
planetlab4.wail.wisc.edu_pl1.cs.yale.edu_22373 6	130606.935000	0.029000	0.035000	0.000000	130606.999000	58427	16
pl1.rcc.uottawa.ca_pl1.cs.yale.edu_30376 5	54118.021000	76581.754000	0.024000	0.000000	130699.799000	58443	0
node1.planetlab.albany.edu_pl1.cs.yale.edu_22355 6	130722.255000	0.463000	0.024000	0.000000	130722.742000	58449	32
roam2.cs.ou.edu_pl1.cs.yale.edu_10732 7	130728.117000	0.028000	0.029000	0.000000	130728.174000	58430	48
roam2.cs.ou.edu_pl1.cs.yale.edu_10734 7	130733.152000	0.034000	0.017000	0.000000	130733.203000	58406	48
planetlab4.wail.wisc.edu_pl1.cs.yale.edu_22383 6	130755.464000	0.117000	0.032000	0.000000	130755.613000	58446	16
planetlab4.wail.wisc.edu_pl1.cs.yale.edu_22385 6	130765.694000	0.089000	0.032000	0.000000	130765.815000	58448	16
planetlab4.wail.wisc.edu_pl1.cs.yale.edu_22414 6	131398.899000	0.128000	0.035000	0.000000	131399.062000	58456	16
planetlab4.wail.wisc.edu_pl1.cs.yale.edu_22418 6	131448.383000	0.471000	0.036000	0.000000	131448.890000	58459	16
planetlab4.wail.wisc.edu_pl1.cs.yale.edu_22422 6	131529.479000	0.036000	0.030000	0.000000	131529.545000	58470	16
planetlab4.wail.wisc.edu_pl1.cs.yale.edu_22426 6	131545.711000	0.227000	0.030000	0.000000	131545.968000	58471	16
planetlab4.wail.wisc.edu_pl1.cs.yale.edu_22428 6	131593.477000	0.102000	0.037000	0.000000	131593.616000	58472	16
planetlab4.wail.wisc.edu_pl1.cs.yale.edu_22430 6	131610.261000	0.161000	0.036000	0.000000	131610.458000	58474	16
planetlab4.wail.wisc.edu_pl1.cs.yale.edu_22432 6	131616.029000	0.028000	0.029000	0.000000	131616.086000	58476	16
planetlab4.wail.wisc.edu_pl1.cs.yale.edu_22436 6	131654.398000	0.029000	0.030000	0.000000	131654.457000	58478	16
planetlab4.wail.wisc.edu_pl1.cs.yale.edu_22438 6	131668.894000	0.724000	0.029000	0.000000	131669.647000	58479	16
planetlab4.wail.wisc.edu_pl1.cs.yale.edu_22442 6	131674.697000	0.022000	0.018000	0.000000	131674.737000	58480	16
roam2.cs.ou.edu_pl1.cs.yale.edu_10825 7	131747.856000	0.023000	0.023000	0.000000	131747.902000	58418	48
planetlab4.wail.wisc.edu_pl1.cs.yale.edu_22458 6	131764.944000	0.094000	0.030000	0.000000	131765.068000	58488	16
planetlab4.wail.wisc.edu_pl1.cs.yale.edu_22460 6	131770.698000	0.026000	0.022000	0.000000	131770.746000	58489	16
planetlab4.wail.wisc.edu_pl1.cs.yale.edu_22462 6	131774.705000	0.097000	0.023000	0.000000	131774.825000	58490	16
planetlab4.wail.wisc.edu_pl1.cs.yale.edu_22470 6	131811.064000	0.044000	0.029000	0.000000	131811.137000	58492	16
planetlab4.wail.wisc.edu_pl1.cs.yale.edu_22474 6	131818.628000	0.110000	0.015000	0.000000	131818.753000	58494	16
planetlab4.wail.wisc.edu_pl1.cs.yale.edu_22487 6	131853.474000	0.731000	0.030000	0.000000	131854.235000	58500	16
planetlab4.wail.wisc.edu_pl1.cs.yale.edu_22488 6	131853.728000	2.941000	0.013000	0.000000	131856.682000	58496	16
planetlab4.wail.wisc.edu_pl1.cs.yale.edu_22491 6	131856.572000	32.101000	0.023000	0.000000	131888.696000	58501	16
planetlab4.wail.wisc.edu_pl1.cs.yale.edu_22494 6	131865.933000	47.343000	0.038000	0.000000	131913.314000	58502	16
planetlab4.wail.wisc.edu_pl1.cs.yale.edu_22498 6	131905.435000	10.892000	0.029000	0.000000	131916.356000	58508	16
planetlab4.wail.wisc.edu_pl1.cs.yale.edu_22501 6	131914.769000	8.664000	0.017000	0.000000	131923.450000	58509	16
roam2.cs.ou.edu_pl1.cs.yale.edu_10835 7	131939.867000	0.040000	0.022000	0.000000	131939.929000	58486	48
planetlab4.wail.wisc.edu_pl1.cs.yale.edu_22503 6	131942.353000	6.709000	0.029000	0.000000	131949.091000	58516	16
roam2.cs.ou.edu_pl1.cs.yale.edu_10843 7	131978.421000	0.092000	0.022000	0.000000	131978.535000	58493	48
planetlab4.wail.wisc.edu_pl1.cs.yale.edu_22509 6	131999.625000	0.692000	0.020000	0.000000	132000.337000	58520	16
planetlab4.wail.wisc.edu_pl1.cs.yale.edu_22513 6	132002.669000	0.047000	0.026000	0.000000	132002.742000	58523	16
planetlab4.wail.wisc.edu_pl1.cs.yale.edu_22516 6	132045.398000	0.127000	0.033000	0.000000	132045.558000	58532	16
planetlab4.wail.wisc.edu_pl1.cs.yale.edu_22518 6	132077.069000	0.098000	0.032000	0.000000	132077.199000	58536	16
planetlab4.wail.wisc.edu_pl1.cs.yale.edu_22520 6	132094.768000	0.227000	0.031000	0.000000	132095.026000	58544	16
planetlab4.wail.wisc.edu_pl1.cs.yale.edu_22525 6	132190.654000	0.081000	0.025000	0.000000	132190.760000	58552	16
planetlab4.wail.wisc.edu_pl1.cs.yale.edu_22527 6	132217.315000	0.024000	0.024000	0.000000	132217.363000	58553	16
planetlab4.wail.wisc.edu_pl1.cs.yale.edu_22529 6	132246.505000	0.030000	0.032000	0.000000	132246.567000	58554	16
node1.planetlab.albany.edu_pl1.cs.yale.edu_22862 6	132278.957000	44.086000	0.030000	0.000000	132323.073000	58555	32
planetlab4.wail.wisc.edu_pl1.cs.yale.edu_22533 6	132326.033000	0.027000	0.030000	0.000000	132326.090000	58556	16
roam2.cs.ou.edu_pl1.cs.yale.edu_10873 7	132345.621000	0.025000	0.021000	0.000000	132345.667000	58550	48
planetlab4.wail.wisc.edu_pl1.cs.yale.edu_22535 6	132348.656000	0.027000	0.048000	0.000000	132348.731000	58564	16
planetlab4.wail.wisc.edu_pl1.cs.yale.edu_22539 6	132392.487000	0.083000	0.027000	0.000000	132392.597000	58568	16
node1.planetlab.albany.edu_pl1.cs.yale.edu_22956 6	132529.747000	15.070000	0.021000	0.000000	132544.838000	58574	32
planetlab4.wail.wisc.edu_pl1.cs.yale.edu_22547 6	132596.737000	0.092000	0.034000	0.000000	132596.863000	58576	16
planetlab4.wail.wisc.edu_pl1.cs.yale.edu_22695 6	133828.337000	0.036000	0.026000	0.000000	133828.399000	58584	16
planetlab4.wail.wisc.edu_pl1.cs.yale.edu_22706 6	133886.730000	0.027000	0.029000	0.000000	133886.786000	58585	16
planetlab4.wail.wisc.edu_pl1.cs.yale.edu_22709 6	133892.302000	0.127000	0.028000	0.000000	133892.457000	58586	16
planetlab4.wail.wisc.edu_pl1.cs.yale.edu_22728 6	133949.817000	0.079000	0.021000	0.000000	133949.917000	58588	16
planetlab4.wail.wisc.edu_pl1.cs.yale.edu_22758 6	134154.533000	0.082000	0.027000	0.000000	134154.642000	58592	16
pl1.rcc.uottawa.ca_pl1.cs.yale.edu_31822 5	60342.285000	73902.584000	0.030000	0.000000	134244.899000	58595	0
roam2.cs.ou.edu_pl1.cs.yale.edu_11029 7	134358.212000	0.114000	0.032000	0.000000	134358.358000	58594	48
planetlab4.wail.wisc.edu_pl1.cs.yale.edu_22784 6	134395.243000	0.027000	0.030000	0.000000	134395.300000	58600	16
planetlab1.cs.uiuc.edu_pl1.cs.yale.edu_8851 4	62498.293000	71897.930000	0.017000	0.000000	134396.240000	58928	128
planetlab4.wail.wisc.edu_pl1.cs.yale.edu_22786 6	134417.515000	0.219000	0.027000	0.000000	134417.761000	58601	16
planetlab4.wail.wisc.edu_pl1.cs.yale.edu_22788 6	134434.634000	0.028000	0.025000	0.000000	134434.687000	58602	16
planetlab4.wail.wisc.edu_pl1.cs.yale.edu_22790 6	134449.767000	0.026000	0.032000	0.000000	134449.825000	58604	16
planetlab4.wail.wisc.edu_pl1.cs.yale.edu_22795 6	134530.799000	0.092000	0.032000	0.000000	134530.923000	58606	16
planetlab1.cs.uiuc.edu_pl1.cs.yale.edu_8852 4	62617.029000	71913.842000	0.017000	0.000000	134530.888000	58949	128
planetlab4.wail.wisc.edu_pl1.cs.yale.edu_22809 6	134622.661000	0.099000	0.031000	0.000000	134622.791000	58608	16
planetlab4.wail.wisc.edu_pl1.cs.yale.edu_22811 6	134647.047000	0.028000	0.031000	0.000000	134647.106000	58609	16
planetlab4.wail.wisc.edu_pl1.cs.yale.edu_22813 6	134647.985000	0.082000	0.020000	0.000000	134648.087000	58610	16
planetlab4.wail.wisc.edu_pl1.cs.yale.edu_22817 6	134686.530000	0.232000	0.030000	0.000000	134686.792000	58612	16
planetlab4.wail.wisc.edu_pl1.cs.yale.edu_22831 6	134892.972000	0.027000	0.026000	0.000000	134893.025000	58617	16
planetlab4.wail.wisc.edu_pl1.cs.yale.edu_22840 6	134946.892000	0.831000	0.030000	0.000000	134947.753000	58616	16
planetlab4.wail.wisc.edu_pl1.cs.yale.edu_22854 6	135395.787000	0.148000	0.023000	0.000000	135395.958000	58619	16
planetlab4.wail.wisc.edu_pl1.cs.yale.edu_22858 6	135402.144000	0.082000	0.020000	0.000000	135402.246000	58618	16
planetlab4.wail.wisc.edu_pl1.cs.yale.edu_22860 6	135418.785000	0.080000	0.027000	0.000000	135418.892000	58620	16
planetlab4.wail.wisc.edu_pl1.cs.yale.edu_22866 6	135461.570000	0.158000	0.022000	0.000000	135461.750000	58621	16
planetlab4.wail.wisc.edu_pl1.cs.yale.edu_22877 6	135532.738000	0.029000	0.034000	0.000000	135532.801000	58622	16
pl1.rcc.uottawa.ca_pl1.cs.yale.edu_32471 5	63869.495000	71917.057000	0.037000	0.000000	135786.589000	58635	0
planetlab4.wail.wisc.edu_pl1.cs.yale.edu_22947 6	135945.705000	0.030000	0.030000	0.000000	135945.765000	58640	16
planetlab4.wail.wisc.edu_pl1.cs.yale.edu_22973 6	136110.463000	0.170000	0.019000	0.000000	136110.652000	58651	16
roam2.cs.ou.edu_pl1.cs.yale.edu_11164 7	136139.325000	0.047000	0.033000	0.000000	136139.405000	58624	48
roam2.cs.ou.edu_pl1.cs.yale.edu_11186 7	136381.117000	0.029000	0.034000	0.000000	136381.180000	58632	48
roam2.cs.ou.edu_pl1.cs.yale.edu_11192 7	136413.599000	0.032000	0.032000	0.000000	136413.663000	58633	48
planetlab4.wail.wisc.edu_pl1.cs.yale.edu_23018 6	136460.364000	0.139000	0.175000	0.000000	136460.678000	58668	16
roam2.cs.ou.edu_pl1.cs.yale.edu_11198 7	136492.499000	0.065000	0.031000	0.000000	136492.595000	58634	48
roam2.cs.ou.edu_pl1.cs.yale.edu_11203 7	136608.553000	0.161000	0.032000	0.000000	136608.746000	58636	48
pl1.rcc.uottawa.ca_pl1.cs.yale.edu_32807 5	65621.787000	71010.175000	0.037000	0.000000	136631.999000	58679	0
planetlab4.wail.wisc.edu_pl1.cs.yale.edu_23062 6	136943.144000	0.032000	0.032000	0.000000	136943.208000	58688	16
roam2.cs.ou.edu_pl1.cs.yale.edu_11233 7	136966.840000	0.029000	0.035000	0.000000	136966.904000	58648	48
pl1.rcc.uottawa.ca_pl1.cs.yale.edu_32949 5	66897.673000	70104.372000	0.018000	0.000000	137002.063000	58691	0
pl1.rcc.uottawa.ca_pl1.cs.yale.edu_33042 5	66911.677000	70319.767000	0.016000	0.000000	137231.460000	58697	0
pl1.rcc.uottawa.ca_pl1.cs.yale.edu_33070 5	67590.367000	69714.012000	0.022000	0.000000	137304.401000	58698	0
roam2.cs.ou.edu_pl1.cs.yale.edu_11264 7	137355.960000	0.030000	0.031000	0.000000	137356.021000	58664	48
pl1.rcc.uottawa.ca_pl1.cs.yale.edu_33144 5	68896.866000	68558.552000	0.035000	0.000000	137455.453000	58703	0
planetlab4.wail.wisc.edu_pl1.cs.yale.edu_23100 6	137495.074000	0.266000	0.045000	0.000000	137495.385000	58704	16
planetlab4.wail.wisc.edu_pl1.cs.yale.edu_23102 6	137499.950000	0.306000	0.174000	0.000000	137500.430000	58705	16
planetlab4.wail.wisc.edu_pl1.cs.yale.edu_23104 6	137513.567000	0.113000	0.033000	0.000000	137513.713000	58706	16
planetlab4.wail.wisc.edu_pl1.cs.yale.edu_23106 6	137517.569000	0.271000	0.041000	0.000000	137517.881000	58708	16
pl1.rcc.uottawa.ca_pl1.cs.yale.edu_33173 5	69276.919000	68248.051000	0.035000	0.000000	137525.005000	58715	0
planetlab4.wail.wisc.edu_pl1.cs.yale.edu_23111 6	137556.535000	0.086000	0.026000	0.000000	137556.647000	58712	16
pl1.rcc.uottawa.ca_pl1.cs.yale.edu_33229 5	69816.059000	67862.739000	0.031000	0.000000	137678.829000	58699	0
pl1.rcc.uottawa.ca_pl1.cs.yale.edu_33250 5	69913.055000	67823.749000	0.019000	0.000000	137736.823000	58731	0
roam2.cs.ou.edu_pl1.cs.yale.edu_11294 7	137796.171000	0.118000	0.046000	0.000000	137796.335000	58678	48
planetlab4.wail.wisc.edu_pl1.cs.yale.edu_23126 6	137799.686000	0.028000	0.033000	0.000000	137799.747000	58734	16
planetlab4.wail.wisc.edu_pl1.cs.yale.edu_23128 6	137805.210000	0.093000	0.030000	0.000000	137805.333000	58736	16
planetlab4.wail.wisc.edu_pl1.cs.yale.edu_23143 6	137882.440000	0.165000	0.032000	0.000000	137882.637000	58744	16
roam2.cs.ou.edu_pl1.cs.yale.edu_11320 7	137972.431000	0.027000	0.026000	0.000000	137972.484000	58685	48
planetlab4.wail.wisc.edu_pl1.cs.yale.edu_23153 6	138017.265000	0.334000	0.042000	0.000000	138017.641000	58756	16
roam2.cs.ou.edu_pl1.cs.yale.edu_11354 7	138242.350000	0.028000	0.029000	0.000000	138242.407000	58696	48
pl1.rcc.uottawa.ca_pl1.cs.yale.edu_33464 5	71064.866000	67202.171000	0.034000	0.000000	138267.071000	58792	0
planetlab4.wail.wisc.edu_pl1.cs.yale.edu_23188 6	138359.973000	0.152000	0.044000	0.000000	138360.169000	58803	16
planetlab4.wail.wisc.edu_pl1.cs.yale.edu_23192 6	138383.093000	0.083000	0.023000	0.000000	138383.199000	58808	16
roam2.cs.ou.edu_pl1.cs.yale.edu_11370 7	138434.644000	0.024000	0.023000	0.000000	138434.691000	58717	48
roam2.cs.ou.edu_pl1.cs.yale.edu_11374 7	138476.032000	0.040000	0.127000	0.000000	138476.199000	58722	48
pl1.rcc.uottawa.ca_pl1.cs.yale.edu_33561 5	71510.521000	66988.585000	0.023000	0.000000	138499.129000	58827	0
planetlab4.wail.wisc.edu_pl1.cs.yale.edu_23200 6	138499.572000	0.089000	0.031000	0.000000	138499.692000	58822	16
planetlab4.wail.wisc.edu_pl1.cs.yale.edu_23204 6	138556.345000	0.080000	0.022000	0.000000	138556.447000	58832	16
pl1.rcc.uottawa.ca_pl1.cs.yale.edu_33596 5	71684.565000	66896.664000	0.029000	0.000000	138581.258000	58845	0
planetlab4.wail.wisc.edu_pl1.cs.yale.edu_23208 6	138595.188000	0.082000	0.052000	0.000000	138595.322000	58840	16
roam2.cs.ou.edu_pl1.cs.yale.edu_11387 7	138632.217000	0.030000	0.031000	0.000000	138632.278000	58733	48
planetlab4.wail.wisc.edu_pl1.cs.yale.edu_23220 6	138655.102000	0.028000	0.026000	0.000000	138655.156000	58856	16
planetlab4.wail.wisc.edu_pl1.cs.yale.edu_23222 6	138666.238000	0.095000	0.031000	0.000000	138666.364000	58864	16
planetlab4.wail.wisc.edu_pl1.cs.yale.edu_23224 6	138673.288000	0.093000	0.033000	0.000000	138673.414000	58873	16
planetlab4.wail.wisc.edu_pl1.cs.yale.edu_23227 6	138678.410000	0.144000	0.019000	0.000000	138678.573000	58872	16
planetlab4.wail.wisc.edu_pl1.cs.yale.edu_23228 6	138678.379000	0.230000	0.013000	0.000000	138678.622000	58874	16
planetlab4.wail.wisc.edu_pl1.cs.yale.edu_23230 6	138680.927000	0.078000	0.018000	0.000000	138681.023000	58876	16
planetlab4.wail.wisc.edu_pl1.cs.yale.edu_23232 6	138692.139000	0.086000	0.030000	0.000000	138692.255000	58880	16
planetlab4.wail.wisc.edu_pl1.cs.yale.edu_23234 6	138696.238000	0.082000	0.022000	0.000000	138696.342000	58883	16
planetlab4.wail.wisc.edu_pl1.cs.yale.edu_23236 6	138700.841000	0.116000	0.024000	0.000000	138700.981000	58884	16
planetlab4.wail.wisc.edu_pl1.cs.yale.edu_23238 6	138700.843000	0.192000	0.014000	0.000000	138701.049000	58885	16
planetlab4.wail.wisc.edu_pl1.cs.yale.edu_23240 6	138702.686000	5.451000	0.020000	0.000000	138708.157000	58886	16
planetlab4.wail.wisc.edu_pl1.cs.yale.edu_23242 6	138704.094000	8.965000	0.017000	0.000000	138713.076000	58889	16
planetlab4.wail.wisc.edu_pl1.cs.yale.edu_23244 6	138708.888000	5.178000	0.018000	0.000000	138714.084000	58890	16
planetlab4.wail.wisc.edu_pl1.cs.yale.edu_23246 6	138713.302000	1.806000	0.018000	0.000000	138715.126000	58891	16
roam2.cs.ou.edu_pl1.cs.yale.edu_11403 7	138725.796000	0.024000	0.021000	0.000000	138725.841000	58741	48
planetlab4.wail.wisc.edu_pl1.cs.yale.edu_23248 6	138717.403000	8.981000	0.020000	0.000000	138726.404000	58892	16
planetlab4.wail.wisc.edu_pl1.cs.yale.edu_23250 6	138718.351000	12.122000	0.016000	0.000000	138730.489000	58894	16
planetlab4.wail.wisc.edu_pl1.cs.yale.edu_23253 6	138723.296000	11.744000	0.017000	0.000000	138735.057000	58895	16
planetlab4.wail.wisc.edu_pl1.cs.yale.edu_23254 6	138723.206000	11.911000	0.013000	0.000000	138735.130000	58896	16
planetlab4.wail.wisc.edu_pl1.cs.yale.edu_23256 6	138730.101000	15.682000	0.023000	0.000000	138745.806000	58897	16
planetlab4.wail.wisc.edu_pl1.cs.yale.edu_23258 6	138732.407000	18.578000	0.017000	0.000000	138751.002000	58898	16
planetlab4.wail.wisc.edu_pl1.cs.yale.edu_23260 6	138737.783000	13.268000	0.021000	0.000000	138751.072000	58899	16
planetlab4.wail.wisc.edu_pl1.cs.yale.edu_23263 6	138743.004000	8.905000	0.015000	0.000000	138751.924000	58900	16
planetlab4.wail.wisc.edu_pl1.cs.yale.edu_23264 6	138740.851000	19.916000	0.014000	0.000000	138760.781000	58903	16
planetlab4.wail.wisc.edu_pl1.cs.yale.edu_23268 6	138746.169000	18.595000	0.023000	0.000000	138764.787000	58904	16
planetlab4.wail.wisc.edu_pl1.cs.yale.edu_23270 6	138745.895000	23.439000	0.022000	0.000000	138769.356000	58906	16
planetlab4.wail.wisc.edu_pl1.cs.yale.edu_23269 6	138747.208000	23.143000	0.013000	0.000000	138770.364000	58905	16
roam2.cs.ou.edu_pl1.cs.yale.edu_11407 7	138773.469000	0.151000	0.024000	0.000000	138773.644000	58745	48
planetlab4.wail.wisc.edu_pl1.cs.yale.edu_23272 6	138747.864000	31.676000	0.020000	0.000000	138779.560000	58907	16
pl1.rcc.uottawa.ca_pl1.cs.yale.edu_33674 5	72071.417000	66709.276000	0.036000	0.000000	138780.729000	58935	0
planetlab4.wail.wisc.edu_pl1.cs.yale.edu_23276 6	138758.663000	26.964000	0.017000	0.000000	138785.644000	58910	16
planetlab4.wail.wisc.edu_pl1.cs.yale.edu_23274 6	138753.476000	32.815000	0.019000	0.000000	138786.310000	58909	16
planetlab4.wail.wisc.edu_pl1.cs.yale.edu_23279 6	138763.061000	23.287000	0.017000	0.000000	138786.365000	58911	16
planetlab4.wail.wisc.edu_pl1.cs.yale.edu_23282 6	138766.786000	32.079000	0.019000	0.000000	138798.884000	58916	16
planetlab4.wail.wisc.edu_pl1.cs.yale.edu_23284 6	138767.963000	36.047000	0.017000	0.000000	138804.027000	58918	16
planetlab4.wail.wisc.edu_pl1.cs.yale.edu_23286 6	138767.800000	36.757000	0.014000	0.000000	138804.571000	58922	16
planetlab4.wail.wisc.edu_pl1.cs.yale.edu_23293 6	138785.546000	34.577000	0.036000	0.000000	138820.159000	58924	16
planetlab4.wail.wisc.edu_pl1.cs.yale.edu_23290 6	138774.962000	45.592000	0.026000	0.000000	138820.580000	58923	16
planetlab4.wail.wisc.edu_pl1.cs.yale.edu_23294 6	138786.818000	34.862000	0.015000	0.000000	138821.695000	58926	16
planetlab4.wail.wisc.edu_pl1.cs.yale.edu_23296 6	138789.604000	34.031000	0.033000	0.000000	138823.668000	58927	16
planetlab4.wail.wisc.edu_pl1.cs.yale.edu_23298 6	138790.659000	43.105000	0.017000	0.000000	138833.781000	58931	16
planetlab4.wail.wisc.edu_pl1.cs.yale.edu_23303 6	138811.819000	27.032000	0.020000	0.000000	138838.871000	58938	16
planetlab4.wail.wisc.edu_pl1.cs.yale.edu_23309 6	138820.301000	36.445000	0.030000	0.000000	138856.776000	58942	16
planetlab4.wail.wisc.edu_pl1.cs.yale.edu_23307 6	138817.666000	39.259000	0.019000	0.000000	138856.944000	58939	16
planetlab4.wail.wisc.edu_pl1.cs.yale.edu_23305 6	138815.131000	42.183000	0.016000	0.000000	138857.330000	58937	16
planetlab4.wail.wisc.edu_pl1.cs.yale.edu_23313 6	138833.992000	23.652000	0.018000	0.000000	138857.662000	58944	16
planetlab4.wail.wisc.edu_pl1.cs.yale.edu_23311 6	138829.900000	28.264000	0.022000	0.000000	138858.186000	58943	16
planetlab4.wail.wisc.edu_pl1.cs.yale.edu_23315 6	138835.403000	24.351000	0.018000	0.000000	138859.772000	58948	16
planetlab4.wail.wisc.edu_pl1.cs.yale.edu_23317 6	138838.683000	29.699000	0.017000	0.000000	138868.399000	58950	16
planetlab4.wail.wisc.edu_pl1.cs.yale.edu_23319 6	138842.057000	31.297000	0.018000	0.000000	138873.372000	58954	16
planetlab4.wail.wisc.edu_pl1.cs.yale.edu_23331 6	138856.963000	36.809000	0.019000	0.000000	138893.791000	58961	16
planetlab4.wail.wisc.edu_pl1.cs.yale.edu_23325 6	138849.874000	44.630000	0.024000	0.000000	138894.528000	58958	16
planetlab4.wail.wisc.edu_pl1.cs.yale.edu_23329 6	138858.652000	35.914000	0.023000	0.000000	138894.589000	58959	16
planetlab4.wail.wisc.edu_pl1.cs.yale.edu_23327 6	138855.353000	39.470000	0.022000	0.000000	138894.845000	58960	16
planetlab4.wail.wisc.edu_pl1.cs.yale.edu_23321 6	138847.720000	48.231000	0.017000	0.000000	138895.968000	58955	16
planetlab4.wail.wisc.edu_pl1.cs.yale.edu_23323 6	138848.762000	47.671000	0.018000	0.000000	138896.451000	58956	16
planetlab4.wail.wisc.edu_pl1.cs.yale.edu_23333 6	138864.385000	38.045000	0.021000	0.000000	138902.451000	58962	16
roam2.cs.ou.edu_pl1.cs.yale.edu_11411 7	138910.435000	0.036000	0.032000	0.000000	138910.503000	58748	48
planetlab4.wail.wisc.edu_pl1.cs.yale.edu_23336 6	138867.172000	40.886000	0.021000	0.000000	138908.079000	58963	16
roam2.cs.ou.edu_pl1.cs.yale.edu_11413 7	138922.544000	0.025000	0.022000	0.000000	138922.591000	58749	48
planetlab4.wail.wisc.edu_pl1.cs.yale.edu_23341 6	138881.140000	49.563000	0.029000	0.000000	138930.732000	58968	16
planetlab4.wail.wisc.edu_pl1.cs.yale.edu_23343 6	138882.039000	49.054000	0.017000	0.000000	138931.110000	58970	16
planetlab4.wail.wisc.edu_pl1.cs.yale.edu_23337 6	138869.675000	61.574000	0.012000	0.000000	138931.261000	58964	16
planetlab4.wail.wisc.edu_pl1.cs.yale.edu_23347 6	138886.600000	50.611000	0.019000	0.000000	138937.230000	58969	16
node1.planetlab.albany.edu_pl1.cs.yale.edu_25127 6	137976.631000	965.959000	0.020000	0.000000	138942.610000	58757	32
planetlab4.wail.wisc.edu_pl1.cs.yale.edu_23351 6	138890.397000	51.922000	0.020000	0.000000	138942.339000	58971	16
planetlab4.wail.wisc.edu_pl1.cs.yale.edu_23352 6	138890.888000	59.032000	0.014000	0.000000	138949.934000	58974	16
planetlab4.wail.wisc.edu_pl1.cs.yale.edu_23353 6	138889.809000	62.550000	0.012000	0.000000	138952.371000	58975	16
planetlab4.wail.wisc.edu_pl1.cs.yale.edu_23355 6	138901.099000	52.267000	0.035000	0.000000	138953.401000	58978	16
pl1.rcc.uottawa.ca_pl1.cs.yale.edu_33743 5	72400.515000	66557.508000	0.033000	0.000000	138958.056000	58979	0
planetlab4.wail.wisc.edu_pl1.cs.yale.edu_23357 6	138905.567000	60.201000	0.042000	0.000000	138965.810000	58984	16
planetlab4.wail.wisc.edu_pl1.cs.yale.edu_23359 6	138911.911000	53.944000	0.032000	0.000000	138965.887000	58986	16
roam2.cs.ou.edu_pl1.cs.yale.edu_11417 7	138972.496000	0.026000	0.023000	0.000000	138972.545000	58751	48
planetlab4.wail.wisc.edu_pl1.cs.yale.edu_23363 6	138913.970000	57.728000	0.023000	0.000000	138971.721000	58987	16
planetlab4.wail.wisc.edu_pl1.cs.yale.edu_23365 6	138928.875000	47.936000	0.030000	0.000000	138976.841000	58988	16
planetlab4.wail.wisc.edu_pl1.cs.yale.edu_23367 6	138934.582000	49.841000	0.027000	0.000000	138984.450000	58989	16
planetlab4.wail.wisc.edu_pl1.cs.yale.edu_23371 6	138937.687000	48.730000	0.026000	0.000000	138986.443000	58991	16
planetlab4.wail.wisc.edu_pl1.cs.yale.edu_23373 6	138940.540000	46.532000	0.025000	0.000000	138987.097000	58992	16
planetlab4.wail.wisc.edu_pl1.cs.yale.edu_23369 6	138935.738000	51.435000	0.022000	0.000000	138987.195000	58990	16
planetlab4.wail.wisc.edu_pl1.cs.yale.edu_23377 6	138955.391000	45.188000	0.028000	0.000000	139000.607000	58998	16
planetlab4.wail.wisc.edu_pl1.cs.yale.edu_23379 6	138959.781000	49.527000	0.016000	0.000000	139009.324000	59000	16
planetlab4.wail.wisc.edu_pl1.cs.yale.edu_23381 6	138958.947000	52.630000	0.024000	0.000000	139011.601000	59002	16
planetlab4.wail.wisc.edu_pl1.cs.yale.edu_23383 6	138964.949000	54.107000	0.031000	0.000000	139019.087000	59003	16
planetlab4.wail.wisc.edu_pl1.cs.yale.edu_23385 6	138966.484000	55.724000	0.016000	0.000000	139022.224000	59004	16
planetlab4.wail.wisc.edu_pl1.cs.yale.edu_23391 6	138982.269000	40.330000	0.022000	0.000000	139022.621000	58980	16
planetlab4.wail.wisc.edu_pl1.cs.yale.edu_23389 6	138969.034000	53.548000	0.022000	0.000000	139022.604000	59007	16
planetlab4.wail.wisc.edu_pl1.cs.yale.edu_23387 6	138969.659000	53.578000	0.019000	0.000000	139023.256000	59006	16
planetlab4.wail.wisc.edu_pl1.cs.yale.edu_23393 6	138986.203000	48.426000	0.020000	0.000000	139034.649000	58983	16
planetlab4.wail.wisc.edu_pl1.cs.yale.edu_23395 6	138990.544000	51.853000	0.024000	0.000000	139042.421000	58982	16
planetlab4.wail.wisc.edu_pl1.cs.yale.edu_23398 6	138995.742000	57.766000	0.019000	0.000000	139053.527000	59008	16
planetlab4.wail.wisc.edu_pl1.cs.yale.edu_23402 6	139008.474000	48.646000	0.017000	0.000000	139057.137000	59010	16
planetlab4.wail.wisc.edu_pl1.cs.yale.edu_23400 6	139008.544000	49.089000	0.025000	0.000000	139057.658000	59009	16
planetlab4.wail.wisc.edu_pl1.cs.yale.edu_23406 6	139012.308000	45.331000	0.016000	0.000000	139057.655000	59015	16
planetlab4.wail.wisc.edu_pl1.cs.yale.edu_23404 6	139010.252000	47.499000	0.020000	0.000000	139057.771000	59012	16
planetlab4.wail.wisc.edu_pl1.cs.yale.edu_23408 6	139018.302000	48.984000	0.027000	0.000000	139067.313000	59014	16
planetlab4.wail.wisc.edu_pl1.cs.yale.edu_23410 6	139020.690000	48.699000	0.017000	0.000000	139069.406000	59016	16
planetlab4.wail.wisc.edu_pl1.cs.yale.edu_23412 6	139034.626000	41.838000	0.033000	0.000000	139076.497000	59019	16
roam2.cs.ou.edu_pl1.cs.yale.edu_11421 7	139083.743000	0.030000	0.032000	0.000000	139083.805000	58760	48
planetlab4.wail.wisc.edu_pl1.cs.yale.edu_23415 6	139035.016000	53.190000	0.015000	0.000000	139088.221000	59020	16
planetlab4.wail.wisc.edu_pl1.cs.yale.edu_23420 6	139038.146000	54.012000	0.027000	0.000000	139092.185000	59024	16
planetlab4.wail.wisc.edu_pl1.cs.yale.edu_23416 6	139036.334000	56.535000	0.013000	0.000000	139092.882000	59022	16
planetlab4.wail.wisc.edu_pl1.cs.yale.edu_23418 6	139038.036000	54.911000	0.021000	0.000000	139092.968000	59021	16
planetlab4.wail.wisc.edu_pl1.cs.yale.edu_23424 6	139052.911000	48.470000	0.032000	0.000000	139101.413000	59027	16
planetlab4.wail.wisc.edu_pl1.cs.yale.edu_23426 6	139057.941000	45.513000	0.019000	0.000000	139103.473000	59028	16
planetlab4.wail.wisc.edu_pl1.cs.yale.edu_23428 6	139059.318000	51.298000	0.017000	0.000000	139110.633000	59029	16
planetlab4.wail.wisc.edu_pl1.cs.yale.edu_23430 6	139060.670000	60.167000	0.017000	0.000000	139120.854000	59030	16
planetlab4.wail.wisc.edu_pl1.cs.yale.edu_23452 6	139123.062000	26.647000	0.022000	0.000000	139149.731000	59013	16
roam2.cs.ou.edu_pl1.cs.yale.edu_11441 7	139492.332000	0.029000	0.193000	0.000000	139492.554000	58782	48
roam2.cs.ou.edu_pl1.cs.yale.edu_11445 7	139526.723000	0.029000	0.033000	0.000000	139526.785000	58786	48
roam2.cs.ou.edu_pl1.cs.yale.edu_11449 7	139779.190000	0.030000	0.033000	0.000000	139779.253000	58818	48
node1.planetlab.albany.edu_pl1.cs.yale.edu_25437 6	138742.690000	1255.852000	0.031000	0.000000	139998.573000	58925	32
roam2.cs.ou.edu_pl1.cs.yale.edu_11457 7	140032.457000	0.029000	0.030000	0.000000	140032.516000	58848	48
roam2.cs.ou.edu_pl1.cs.yale.edu_11459 7	140053.263000	0.560000	0.032000	0.000000	140053.855000	58851	48
roam2.cs.ou.edu_pl1.cs.yale.edu_11461 7	140055.502000	0.024000	0.023000	0.000000	140055.549000	58850	48
roam2.cs.ou.edu_pl1.cs.yale.edu_11463 7	140075.657000	0.030000	0.031000	0.000000	140075.718000	58854	48
roam2.cs.ou.edu_pl1.cs.yale.edu_11467 7	140091.895000	0.025000	0.024000	0.000000	140091.944000	58858	48
roam2.cs.ou.edu_pl1.cs.yale.edu_11469 7	140092.040000	0.110000	0.018000	0.000000	140092.168000	58866	48
roam2.cs.ou.edu_pl1.cs.yale.edu_11471 7	140099.530000	1.163000	0.034000	0.000000	140100.727000	58877	48
roam2.cs.ou.edu_pl1.cs.yale.edu_11473 7	140123.395000	0.282000	0.030000	0.000000	140123.707000	58934	48
planetlab01.sys.virginia.edu_pl1.cs.yale.edu_4628 5	126183.368000	63242.852000	0.031000	0.000000	189426.251000	58557	144
planetlab01.sys.virginia.edu_pl1.cs.yale.edu_4717 5	129167.702000	62226.385000	0.065000	0.000000	191394.152000	58629	144
planetlab01.sys.virginia.edu_pl1.cs.yale.edu_4725 5	129398.165000	62118.882000	0.091000	0.000000	191517.138000	58641	144
planetlab01.sys.virginia.edu_pl1.cs.yale.edu_4727 5	129483.498000	62149.654000	0.053000	0.000000	191633.205000	58644	144
planetlab01.sys.virginia.edu_pl1.cs.yale.edu_4729 5	129461.281000	62171.988000	0.030000	0.000000	191633.299000	58645	144
planetlab01.sys.virginia.edu_pl1.cs.yale.edu_4737 5	129960.257000	61818.384000	0.054000	0.000000	191778.695000	58653	144
planetlab01.sys.virginia.edu_pl1.cs.yale.edu_4735 5	129928.565000	61850.253000	0.054000	0.000000	191778.872000	58647	144
planetlab01.sys.virginia.edu_pl1.cs.yale.edu_4761 5	130486.031000	61730.641000	0.031000	0.000000	192216.703000	58677	144
planetlab01.sys.virginia.edu_pl1.cs.yale.edu_4799 5	131723.798000	61247.487000	0.060000	0.000000	192971.345000	58709	144
planetlab01.sys.virginia.edu_pl1.cs.yale.edu_4803 5	131648.760000	61322.364000	0.057000	0.000000	192971.181000	58729	144
planetlab01.sys.virginia.edu_pl1.cs.yale.edu_4826 5	132823.807000	60618.059000	0.056000	0.000000	193441.922000	58755	144
planetlab01.sys.virginia.edu_pl1.cs.yale.edu_4838 5	133011.331000	60564.631000	0.061000	0.000000	193576.023000	58773	144
planetlab01.sys.virginia.edu_pl1.cs.yale.edu_4915 5	134964.040000	60215.120000	0.057000	0.000000	195179.217000	58870	144
planetlab01.sys.virginia.edu_pl1.cs.yale.edu_4924 5	135266.258000	60014.342000	0.059000	0.000000	195280.659000	58941	144
planetlab01.sys.virginia.edu_pl1.cs.yale.edu_4934 5	135718.221000	59835.531000	0.063000	0.000000	195553.815000	58985	144
planetlab01.sys.virginia.edu_pl1.cs.yale.edu_4938 5	135769.402000	59846.376000	0.049000	0.000000	195615.827000	59011	144
planetlab4.rutgers.edu_pl1.cs.yale.edu_10873 4	236729.125000	0.111000	0.030000	0.000000	236729.266000	58410	1024
planetlab4.rutgers.edu_pl1.cs.yale.edu_10877 4	236744.284000	0.214000	0.025000	0.000000	236744.523000	58444	1024
planetlab4.rutgers.edu_pl1.cs.yale.edu_10879 4	236748.179000	0.642000	0.033000	0.000000	236748.854000	58437	1024
planetlab4.rutgers.edu_pl1.cs.yale.edu_10883 4	236759.464000	0.029000	0.038000	0.000000	236759.531000	58441	1024
planetlab4.rutgers.edu_pl1.cs.yale.edu_10885 4	236768.873000	0.030000	0.029000	0.000000	236768.932000	58445	1024
planetlab4.rutgers.edu_pl1.cs.yale.edu_10887 4	236772.579000	0.023000	0.022000	0.000000	236772.624000	58447	1024
planetlab4.rutgers.edu_pl1.cs.yale.edu_10897 4	236801.441000	0.147000	0.038000	0.000000	236801.626000	58461	1024
planetlab4.rutgers.edu_pl1.cs.yale.edu_10903 4	236816.140000	0.205000	0.040000	0.000000	236816.385000	58477	1024
planetlab4.rutgers.edu_pl1.cs.yale.edu_10907 4	236829.295000	0.137000	0.027000	0.000000	236829.459000	58483	1024
planetlab4.rutgers.edu_pl1.cs.yale.edu_10914 4	236861.910000	0.022000	0.028000	0.000000	236861.960000	58521	1024
planetlab2.acis.ufl.edu_pl1.cs.yale.edu_7779 5	236947.040000	0.084000	0.037000	0.000000	236947.161000	58499	1056
planetlab4.rutgers.edu_pl1.cs.yale.edu_10924 4	236947.160000	0.027000	0.019000	0.000000	236947.206000	58549	1024
planetlab4.rutgers.edu_pl1.cs.yale.edu_10926 4	237037.718000	0.220000	0.038000	0.000000	237037.976000	58560	1024
planetlab4.rutgers.edu_pl1.cs.yale.edu_10928 4	237050.400000	0.067000	0.035000	0.000000	237050.502000	58573	1024
pl2.cs.unm.edu_pl1.cs.yale.edu_3783 4	237096.334000	0.147000	0.027000	0.000000	237096.508000	58540	1120
planetlab4.rutgers.edu_pl1.cs.yale.edu_10945 4	237106.734000	0.083000	0.031000	0.000000	237106.848000	58626	1024
planetlab4.rutgers.edu_pl1.cs.yale.edu_10947 4	237107.006000	14.609000	0.016000	0.000000	237121.631000	58628	1024
planetlab4.rutgers.edu_pl1.cs.yale.edu_10952 4	237110.515000	24.705000	0.018000	0.000000	237135.238000	58630	1024
planetlab4.rutgers.edu_pl1.cs.yale.edu_10953 4	237110.457000	25.875000	0.011000	0.000000	237136.343000	58631	1024
planetlab4.rutgers.edu_pl1.cs.yale.edu_10955 4	237136.525000	14.272000	0.034000	0.000000	237150.831000	58638	1024
planetlab4.rutgers.edu_pl1.cs.yale.edu_10957 4	237136.456000	15.114000	0.014000	0.000000	237151.584000	58646	1024
planetlab4.rutgers.edu_pl1.cs.yale.edu_10962 4	237138.966000	21.307000	0.015000	0.000000	237160.288000	58662	1024
planetlab4.rutgers.edu_pl1.cs.yale.edu_10963 4	237139.336000	22.590000	0.010000	0.000000	237161.936000	58649	1024
planetlab4.rutgers.edu_pl1.cs.yale.edu_10971 4	237192.330000	7.681000	0.032000	0.000000	237200.043000	58675	1024
planetlab4.rutgers.edu_pl1.cs.yale.edu_10978 4	237220.833000	0.025000	0.032000	0.000000	237220.890000	58694	1024
planetlab4.rutgers.edu_pl1.cs.yale.edu_10981 4	237222.458000	13.045000	0.012000	0.000000	237235.515000	58701	1024
planetlab4.rutgers.edu_pl1.cs.yale.edu_10985 4	237251.896000	0.027000	0.032000	0.000000	237251.955000	58707	1024
planetlab4.rutgers.edu_pl1.cs.yale.edu_10990 4	237271.511000	0.223000	0.041000	0.000000	237271.775000	58723	1024
planetlab4.rutgers.edu_pl1.cs.yale.edu_10994 4	237280.588000	0.168000	0.034000	0.000000	237280.790000	58738	1024
planetlab4.rutgers.edu_pl1.cs.yale.edu_10996 4	237281.752000	0.458000	0.021000	0.000000	237282.231000	58737	1024
planetlab4.rutgers.edu_pl1.cs.yale.edu_11001 4	237310.511000	0.089000	0.020000	0.000000	237310.620000	58739	1024
planetlab4.rutgers.edu_pl1.cs.yale.edu_11005 4	237338.062000	0.027000	0.029000	0.000000	237338.118000	58743	1024
