planetlab7.flux.utah.edu_planetlab7.flux.utah.edu_372 0	0.240000	327.102000	0.013000	0.000000	327.355000	49657	1536
planetlab7.flux.utah.edu_planetlab7.flux.utah.edu_454 0	0.581000	1145.746000	0.012000	0.000000	1146.339000	49738	1536
planetlab7.flux.utah.edu_planetlab7.flux.utah.edu_630 0	0.129000	2868.358000	0.010000	0.000000	2868.497000	49913	1536
planetlab1.rutgers.edu_planetlab7.flux.utah.edu_1332 1	251.146000	2641.430000	0.032000	0.000000	2892.608000	49623	512
planetlab1.cs.unc.edu_planetlab7.flux.utah.edu_1322 2	2965.243000	0.160000	0.025000	0.000000	2965.428000	49626	528
planetlab1.cs.unc.edu_planetlab7.flux.utah.edu_1328 2	3022.719000	0.188000	0.026000	0.000000	3022.933000	49632	528
planetlab1.cs.unc.edu_planetlab7.flux.utah.edu_1334 2	3060.007000	0.046000	0.032000	0.000000	3060.085000	49636	528
planetlab1.cs.unc.edu_planetlab7.flux.utah.edu_1338 2	3076.887000	0.203000	0.020000	0.000000	3077.110000	49637	528
planetlab1.cs.unc.edu_planetlab7.flux.utah.edu_1340 2	3076.562000	1.057000	0.028000	0.000000	3077.647000	49638	528
planetlab1.cs.unc.edu_planetlab7.flux.utah.edu_1342 2	3095.672000	0.029000	0.026000	0.000000	3095.727000	49644	528
planetlab1.cs.unc.edu_planetlab7.flux.utah.edu_1347 2	3146.887000	0.196000	0.028000	0.000000	3147.111000	49652	528
planetlab4.rutgers.edu_planetlab7.flux.utah.edu_2000 1	217.782000	2955.452000	0.032000	0.000000	3173.266000	49618	1024
planetlab4.rutgers.edu_planetlab7.flux.utah.edu_2016 1	557.259000	2623.202000	0.038000	0.000000	3180.499000	49662	1024
planetlab4.rutgers.edu_planetlab7.flux.utah.edu_2036 1	1083.742000	2126.589000	0.025000	0.000000	3210.356000	49710	1024
planetlab4.rutgers.edu_planetlab7.flux.utah.edu_2048 1	1149.454000	2076.981000	0.016000	0.000000	3226.451000	49720	1024
planetlab4.rutgers.edu_planetlab7.flux.utah.edu_2057 1	1336.685000	1896.997000	0.030000	0.000000	3233.712000	49741	1024
planetlab1.cs.unc.edu_planetlab7.flux.utah.edu_1371 2	3243.983000	0.029000	0.036000	0.000000	3244.048000	49671	528
planetlab4.rutgers.edu_planetlab7.flux.utah.edu_2119 1	2121.328000	1201.315000	0.038000	0.000000	3322.681000	49806	1024
planetlab4.rutgers.edu_planetlab7.flux.utah.edu_2148 1	2307.630000	1080.343000	0.028000	0.000000	3388.001000	49830	1024
planetlab4.rutgers.edu_planetlab7.flux.utah.edu_2152 1	2340.451000	1054.343000	0.038000	0.000000	3394.832000	49834	1024
planetlab4.rutgers.edu_planetlab7.flux.utah.edu_2154 1	2351.078000	1045.907000	0.022000	0.000000	3397.007000	49836	1024
planetlab4.rutgers.edu_planetlab7.flux.utah.edu_2156 1	2364.131000	1033.887000	0.029000	0.000000	3398.047000	49838	1024
planetlab4.rutgers.edu_planetlab7.flux.utah.edu_2159 1	2370.702000	1030.735000	0.026000	0.000000	3401.463000	49839	1024
planetlab4.rutgers.edu_planetlab7.flux.utah.edu_2177 1	2464.090000	985.818000	0.033000	0.000000	3449.941000	49854	1024
planetlab4.rutgers.edu_planetlab7.flux.utah.edu_2187 1	2609.750000	851.279000	0.028000	0.000000	3461.057000	49874	1024
planetlab2.uta.edu_planetlab7.flux.utah.edu_753 1	661.278000	2831.977000	0.018000	0.000000	3493.273000	49684	1664
planetlab4.rutgers.edu_planetlab7.flux.utah.edu_2215 1	2999.335000	561.677000	0.018000	0.000000	3561.030000	49902	1024
planetlab4.rutgers.edu_planetlab7.flux.utah.edu_2238 1	3259.909000	450.555000	0.027000	0.000000	3710.491000	49926	1024
planetlab4.rutgers.edu_planetlab7.flux.utah.edu_2255 1	3449.544000	318.240000	0.030000	0.000000	3767.814000	49949	1024
planetlab7.flux.utah.edu_planetlab7.flux.utah.edu_761 0	0.172000	3916.476000	0.012000	0.000000	3916.660000	50041	1536
planetlab7.flux.utah.edu_planetlab7.flux.utah.edu_826 0	0.168000	4429.123000	0.010000	0.000000	4429.301000	50105	1536
planetlab4.rutgers.edu_planetlab7.flux.utah.edu_2461 1	4716.805000	106.537000	0.024000	0.000000	4823.366000	50094	1024
planetlab7.flux.utah.edu_planetlab7.flux.utah.edu_859 0	0.195000	4840.664000	0.043000	0.000000	4840.902000	50137	1536
planetlab1.cs.unc.edu_planetlab7.flux.utah.edu_1588 2	4897.954000	0.338000	0.031000	0.000000	4898.323000	49764	528
planetlab7.flux.utah.edu_planetlab7.flux.utah.edu_876 0	0.166000	4968.252000	0.010000	0.000000	4968.428000	50153	1536
planetlab7.flux.utah.edu_planetlab7.flux.utah.edu_885 0	0.184000	5027.342000	0.011000	0.000000	5027.537000	50161	1536
planetlab7.flux.utah.edu_planetlab7.flux.utah.edu_893 0	0.134000	5087.854000	0.012000	0.000000	5088.000000	50168	1536
planetlab7.flux.utah.edu_planetlab7.flux.utah.edu_895 0	0.121000	5087.894000	0.010000	0.000000	5088.025000	50169	1536
planetlab7.flux.utah.edu_planetlab7.flux.utah.edu_898 0	0.114000	5089.356000	0.011000	0.000000	5089.481000	50171	1536
planetlab7.flux.utah.edu_planetlab7.flux.utah.edu_901 0	0.165000	5103.725000	0.011000	0.000000	5103.901000	50173	1536
planetlab1.cs.unc.edu_planetlab7.flux.utah.edu_1612 2	5122.550000	0.099000	0.028000	0.000000	5122.677000	49778	528
planetlab1.cs.cornell.edu_planetlab7.flux.utah.edu_1415 2	3522.358000	1912.186000	0.054000	0.000000	5434.598000	49884	1280
planetlab1.cs.cornell.edu_planetlab7.flux.utah.edu_1429 2	3599.957000	1847.733000	0.044000	0.000000	5447.734000	49928	1280
planetlab1.cs.cornell.edu_planetlab7.flux.utah.edu_1517 2	4341.699000	1344.405000	0.048000	0.000000	5686.152000	50071	1280
planetlab1.cs.unc.edu_planetlab7.flux.utah.edu_1657 2	5781.058000	0.033000	0.029000	0.000000	5781.120000	49816	528
planetlab1.cs.cornell.edu_planetlab7.flux.utah.edu_1692 2	5891.113000	208.208000	0.029000	0.000000	6099.350000	50146	1280
planetlab1.cs.unc.edu_planetlab7.flux.utah.edu_1735 2	6144.704000	0.301000	0.069000	0.000000	6145.074000	49828	528
planetlab4.rutgers.edu_planetlab7.flux.utah.edu_3012 1	5342.472000	917.835000	0.014000	0.000000	6260.321000	50181	1024
planetlab4.rutgers.edu_planetlab7.flux.utah.edu_3053 1	5392.358000	952.804000	0.028000	0.000000	6345.190000	50185	1024
planetlab4.rutgers.edu_planetlab7.flux.utah.edu_3065 1	5405.439000	968.966000	0.016000	0.000000	6374.421000	50188	1024
planetlab4.rutgers.edu_planetlab7.flux.utah.edu_3073 1	5415.487000	974.006000	0.017000	0.000000	6389.510000	50189	1024
planetlab4.rutgers.edu_planetlab7.flux.utah.edu_3076 1	5419.237000	971.503000	0.034000	0.000000	6390.774000	50191	1024
planet6.cs.ucsb.edu_planetlab7.flux.utah.edu_908 4	6521.125000	0.080000	0.027000	0.000000	6521.232000	49775	688
planetlab1.cs.unc.edu_planetlab7.flux.utah.edu_1800 2	6548.078000	0.210000	0.038000	0.000000	6548.326000	49860	528
planetlab4.rutgers.edu_planetlab7.flux.utah.edu_3138 1	5640.622000	1039.145000	0.028000	0.000000	6679.795000	50205	1024
planetlab2.acis.ufl.edu_planetlab7.flux.utah.edu_1736 2	3310.661000	3431.221000	0.020000	0.000000	6741.902000	49760	1056
planetlab4.rutgers.edu_planetlab7.flux.utah.edu_3183 1	5664.927000	1249.263000	0.039000	0.000000	6914.229000	50221	1024
planetlab4.rutgers.edu_planetlab7.flux.utah.edu_3227 1	5834.356000	1245.957000	0.019000	0.000000	7080.332000	50232	1024
planetlab1.cs.unc.edu_planetlab7.flux.utah.edu_1838 2	7175.533000	0.025000	0.021000	0.000000	7175.579000	49888	528
planetlab1.cs.unc.edu_planetlab7.flux.utah.edu_1844 2	7246.614000	0.216000	0.042000	0.000000	7246.872000	49892	528
planetlab1.cs.unc.edu_planetlab7.flux.utah.edu_1846 2	7247.216000	0.474000	0.018000	0.000000	7247.708000	49893	528
planetlab1.cs.unc.edu_planetlab7.flux.utah.edu_1848 2	7254.930000	0.246000	0.026000	0.000000	7255.202000	49894	528
planetlab1.cs.unc.edu_planetlab7.flux.utah.edu_1861 2	7439.868000	0.195000	0.030000	0.000000	7440.093000	49900	528
planetlab1.cs.unc.edu_planetlab7.flux.utah.edu_1865 2	7460.250000	0.437000	0.035000	0.000000	7460.722000	49908	528
planetlab2.acis.ufl.edu_planetlab7.flux.utah.edu_1974 2	3854.639000	3796.669000	0.013000	0.000000	7651.321000	49963	1056
planetlab2.acis.ufl.edu_planetlab7.flux.utah.edu_2056 2	3970.350000	3980.222000	0.037000	0.000000	7950.609000	50014	1056
planetlab2.netlab.uky.edu_planetlab7.flux.utah.edu_2268 2	3876.141000	4703.332000	0.032000	0.000000	8579.505000	49713	544
planetlab7.cs.duke.edu_planetlab7.flux.utah.edu_1244 3	8591.286000	0.028000	0.025000	0.000000	8591.339000	50013	2432
planetlab1.cs.unc.edu_planetlab7.flux.utah.edu_1986 2	8873.069000	0.927000	0.033000	0.000000	8874.029000	49996	528
planetlab1.rutgers.edu_planetlab7.flux.utah.edu_3019 1	3924.458000	5124.254000	0.071000	0.000000	9048.783000	50007	512
planetlab2.acis.ufl.edu_planetlab7.flux.utah.edu_2415 2	4968.425000	4455.819000	0.019000	0.000000	9424.263000	50100	1056
planetlab2.mnlab.cti.depaul.edu_planetlab7.flux.utah.edu_1530 2	3169.059000	6703.607000	0.013000	0.000000	9872.679000	49621	1152
planetlab-2.cs.uh.edu_planetlab7.flux.utah.edu_1088 3	9926.746000	0.363000	0.047000	0.000000	9927.156000	49726	784
planetlab-2.cmcl.cs.cmu.edu_planetlab7.flux.utah.edu_1346 3	10113.766000	0.081000	0.050000	0.000000	10113.897000	49794	560
planetlab2.mnlab.cti.depaul.edu_planetlab7.flux.utah.edu_1555 2	3836.552000	6562.877000	0.012000	0.000000	10399.441000	49987	1152
planetlab1.cs.purdue.edu_planetlab7.flux.utah.edu_1473 3	11207.748000	0.185000	0.028000	0.000000	11207.961000	50145	2208
planetlab1.cs.unc.edu_planetlab7.flux.utah.edu_2325 2	11701.215000	0.161000	0.026000	0.000000	11701.402000	50148	528
pluto.cs.brown.edu_planetlab7.flux.utah.edu_1823 2	5488.541000	6511.924000	0.019000	0.000000	12000.484000	49805	768
planetlab1.cs.unc.edu_planetlab7.flux.utah.edu_2422 2	12329.119000	0.208000	0.113000	0.000000	12329.440000	50183	528
planetlab1.cs.unc.edu_planetlab7.flux.utah.edu_2455 2	12548.747000	0.208000	0.035000	0.000000	12548.990000	50193	528
planetlab2.mnlab.cti.depaul.edu_planetlab7.flux.utah.edu_1906 2	6450.326000	6171.776000	0.011000	0.000000	12622.113000	50195	1152
planetlab1.rutgers.edu_planetlab7.flux.utah.edu_3886 1	5566.198000	7098.971000	0.048000	0.000000	12665.217000	50204	512
planetlab-2.cmcl.cs.cmu.edu_planetlab7.flux.utah.edu_1477 3	13227.508000	0.056000	0.061000	0.000000	13227.625000	49922	560
planetlab1.cs.unc.edu_planetlab7.flux.utah.edu_2568 2	13338.831000	0.180000	0.028000	0.000000	13339.039000	50235	528
planetlab3.eecs.northwestern.edu_planetlab7.flux.utah.edu_806 4	13351.635000	0.199000	0.361000	0.000000	13352.195000	49875	912
planetlab-2.cs.uh.edu_planetlab7.flux.utah.edu_1155 3	13523.853000	1.234000	0.197000	0.000000	13525.284000	49950	784
planetlab-2.cs.uh.edu_planetlab7.flux.utah.edu_1169 3	13687.259000	0.036000	0.022000	0.000000	13687.317000	49966	784
planetlab-2.cs.uh.edu_planetlab7.flux.utah.edu_1184 3	13790.914000	0.451000	0.035000	0.000000	13791.400000	49974	784
planetlab-2.cs.uh.edu_planetlab7.flux.utah.edu_1188 3	13807.165000	0.485000	0.020000	0.000000	13807.670000	49978	784
planetlab-2.cs.uh.edu_planetlab7.flux.utah.edu_1186 3	13807.948000	0.841000	0.034000	0.000000	13808.823000	49980	784
planetlab-2.cs.uh.edu_planetlab7.flux.utah.edu_1190 3	13840.979000	0.343000	0.039000	0.000000	13841.361000	49982	784
planetlab-2.cs.uh.edu_planetlab7.flux.utah.edu_1192 3	13861.095000	0.386000	0.049000	0.000000	13861.530000	49983	784
planetlab-2.cs.uh.edu_planetlab7.flux.utah.edu_1204 3	13975.752000	0.385000	0.027000	0.000000	13976.164000	50046	784
planetlab-2.cs.uh.edu_planetlab7.flux.utah.edu_1250 3	14160.341000	0.348000	0.028000	0.000000	14160.717000	50110	784
planetlab-2.cmcl.cs.cmu.edu_planetlab7.flux.utah.edu_1561 3	15058.081000	0.102000	0.049000	0.000000	15058.232000	50048	560
planetlab-2.cmcl.cs.cmu.edu_planetlab7.flux.utah.edu_1565 3	15149.086000	0.094000	0.051000	0.000000	15149.231000	50050	560
planetlab-2.cmcl.cs.cmu.edu_planetlab7.flux.utah.edu_1567 3	15154.565000	0.046000	0.038000	0.000000	15154.649000	50051	560
planetlab-2.cmcl.cs.cmu.edu_planetlab7.flux.utah.edu_1571 3	15196.993000	0.286000	0.056000	0.000000	15197.335000	50054	560
planetlab-2.cmcl.cs.cmu.edu_planetlab7.flux.utah.edu_1573 3	15229.040000	0.168000	0.053000	0.000000	15229.261000	50058	560
planetlab-2.cmcl.cs.cmu.edu_planetlab7.flux.utah.edu_1580 3	15344.507000	0.057000	0.048000	0.000000	15344.612000	50066	560
planetlab-2.cmcl.cs.cmu.edu_planetlab7.flux.utah.edu_1590 3	15527.579000	0.098000	0.052000	0.000000	15527.729000	50082	560
planetlab-2.cmcl.cs.cmu.edu_planetlab7.flux.utah.edu_1603 3	16066.972000	0.185000	0.153000	0.000000	16067.310000	50114	560
planetlabpc1.upf.edu_planetlab7.flux.utah.edu_1278 3	11074.946000	7054.071000	0.025000	0.000000	18129.042000	50028	1216
aguila1.lsi.upc.edu_planetlab7.flux.utah.edu_1234 3	19424.332000	0.100000	0.016000	0.000000	19424.448000	49704	592
aguila1.lsi.upc.edu_planetlab7.flux.utah.edu_1254 3	21728.136000	0.090000	0.022000	0.000000	21728.248000	49757	592
planetlab1.williams.edu_planetlab7.flux.utah.edu_2311 4	10554.152000	13548.354000	0.018000	0.000000	24102.524000	49799	2176
planetlab1.williams.edu_planetlab7.flux.utah.edu_2339 4	11365.153000	12887.947000	0.031000	0.000000	24253.131000	50200	2176
planetlab-1.cs.colostate.edu_planetlab7.flux.utah.edu_945 3	8425.289000	15966.743000	0.017000	0.000000	24392.049000	49929	656
aguila1.lsi.upc.edu_planetlab7.flux.utah.edu_1319 3	25114.662000	0.049000	0.015000	0.000000	25114.726000	49847	592
pl1.rcc.uottawa.ca_planetlab7.flux.utah.edu_7367 2	3216.661000	22636.546000	0.020000	0.000000	25853.227000	49664	0
pl1.rcc.uottawa.ca_planetlab7.flux.utah.edu_7458 2	3309.568000	22812.374000	0.022000	0.000000	26121.964000	49686	0
pl1.rcc.uottawa.ca_planetlab7.flux.utah.edu_8155 2	3975.374000	24021.388000	0.025000	0.000000	27996.787000	49724	0
pl1.rcc.uottawa.ca_planetlab7.flux.utah.edu_8956 2	4822.842000	26295.986000	0.028000	0.000000	31118.856000	49756	0
pl1.rcc.uottawa.ca_planetlab7.flux.utah.edu_9039 2	4893.107000	26829.144000	0.024000	0.000000	31722.275000	49763	0
pl1.rcc.uottawa.ca_planetlab7.flux.utah.edu_9085 2	4944.431000	27108.270000	0.020000	0.000000	32052.721000	49772	0
planetlab-1.cse.ohio-state.edu_planetlab7.flux.utah.edu_1703 6	23177.869000	9317.256000	0.029000	0.000000	32495.154000	49729	2560
aguila1.lsi.upc.edu_planetlab7.flux.utah.edu_1429 3	32810.612000	0.179000	0.024000	0.000000	32810.815000	50019	592
pl1.rcc.uottawa.ca_planetlab7.flux.utah.edu_9288 2	5125.970000	27796.164000	0.019000	0.000000	32922.153000	49780	0
pl1.rcc.uottawa.ca_planetlab7.flux.utah.edu_9303 2	5144.135000	27860.422000	0.024000	0.000000	33004.581000	49784	0
pl1.rcc.uottawa.ca_planetlab7.flux.utah.edu_9377 2	5198.776000	28125.242000	0.017000	0.000000	33324.035000	49788	0
pl1.rcc.uottawa.ca_planetlab7.flux.utah.edu_9402 2	5224.356000	28174.673000	0.018000	0.000000	33399.047000	49789	0
pl1.rcc.uottawa.ca_planetlab7.flux.utah.edu_9407 2	5229.359000	28183.353000	0.016000	0.000000	33412.728000	49790	0
planetlab-1.cse.ohio-state.edu_planetlab7.flux.utah.edu_1965 6	30809.656000	3244.494000	0.034000	0.000000	34054.184000	49835	2560
planetlab-1.cse.ohio-state.edu_planetlab7.flux.utah.edu_1967 6	30829.919000	3230.581000	0.052000	0.000000	34060.552000	50069	2560
planetlab-1.cse.ohio-state.edu_planetlab7.flux.utah.edu_1969 6	30890.544000	3238.143000	0.045000	0.000000	34128.732000	49886	2560
pl1.rcc.uottawa.ca_planetlab7.flux.utah.edu_9604 2	5420.040000	28833.860000	0.023000	0.000000	34253.923000	49798	0
pl1.rcc.uottawa.ca_planetlab7.flux.utah.edu_9702 2	5547.031000	29216.193000	0.018000	0.000000	34763.242000	49810	0
pl1.rcc.uottawa.ca_planetlab7.flux.utah.edu_9721 2	5571.789000	29323.987000	0.053000	0.000000	34895.829000	49812	0
pl1.rcc.uottawa.ca_planetlab7.flux.utah.edu_9862 2	5756.841000	30833.435000	0.027000	0.000000	36590.303000	49814	0
pl1.rcc.uottawa.ca_planetlab7.flux.utah.edu_9876 2	5767.213000	31012.593000	0.020000	0.000000	36779.826000	49815	0
pl1.rcc.uottawa.ca_planetlab7.flux.utah.edu_10068 2	6024.013000	32428.826000	0.031000	0.000000	38452.870000	49822	0
planetlab5.williams.edu_planetlab7.flux.utah.edu_3397 4	21180.126000	17746.016000	0.020000	0.000000	38926.162000	49901	2112
planetlab5.williams.edu_planetlab7.flux.utah.edu_3402 4	21325.791000	17602.458000	0.023000	0.000000	38928.272000	49977	2112
planetlab5.williams.edu_planetlab7.flux.utah.edu_3418 4	21728.728000	17244.243000	0.017000	0.000000	38972.988000	50086	2112
planetlab5.williams.edu_planetlab7.flux.utah.edu_3426 4	21803.866000	17181.825000	0.013000	0.000000	38985.704000	50131	2112
planetlab2.eecs.umich.edu_planetlab7.flux.utah.edu_7996 5	37705.100000	1325.459000	0.082000	0.000000	39030.641000	49634	2048
pl1.rcc.uottawa.ca_planetlab7.flux.utah.edu_10160 2	6143.248000	32934.892000	0.020000	0.000000	39078.160000	49827	0
planetlab2.eecs.umich.edu_planetlab7.flux.utah.edu_8024 5	37807.616000	1415.817000	1.000000	0.000000	39224.433000	49640	2048
planetlab2.eecs.umich.edu_planetlab7.flux.utah.edu_8072 5	38017.090000	1466.043000	2.869000	0.000000	39486.002000	49642	2048
pl1.rcc.uottawa.ca_planetlab7.flux.utah.edu_10252 2	6245.194000	33282.097000	0.023000	0.000000	39527.314000	49832	0
planetlab2.eecs.umich.edu_planetlab7.flux.utah.edu_8110 5	38182.695000	1497.916000	0.081000	0.000000	39680.692000	49643	2048
planetlab2.eecs.umich.edu_planetlab7.flux.utah.edu_8159 5	38413.024000	1526.851000	0.075000	0.000000	39939.950000	49646	2048
planetlab2.eecs.umich.edu_planetlab7.flux.utah.edu_8269 5	38935.632000	1471.056000	0.090000	0.000000	40406.778000	49625	2048
pl1.rcc.uottawa.ca_planetlab7.flux.utah.edu_10395 2	6378.235000	34078.677000	0.020000	0.000000	40456.932000	49846	0
planetlab2.eecs.umich.edu_planetlab7.flux.utah.edu_8341 5	39237.870000	1371.946000	0.091000	0.000000	40609.907000	49653	2048
planetlab2.eecs.umich.edu_planetlab7.flux.utah.edu_8343 5	39245.084000	1393.492000	0.105000	0.000000	40638.681000	49658	2048
pl1.rcc.uottawa.ca_planetlab7.flux.utah.edu_10559 2	6548.402000	34918.515000	0.022000	0.000000	41466.939000	49859	0
aguila1.lsi.upc.edu_planetlab7.flux.utah.edu_1576 3	42604.952000	0.158000	0.024000	0.000000	42605.134000	50216	592
pl1.rcc.uottawa.ca_planetlab7.flux.utah.edu_10965 2	6934.965000	37360.577000	0.030000	0.000000	44295.572000	49878	0
node1.planetlab.albany.edu_planetlab7.flux.utah.edu_15783 3	25562.797000	20290.771000	0.020000	0.000000	45853.588000	49648	32
pl1.rcc.uottawa.ca_planetlab7.flux.utah.edu_11226 2	7187.999000	38696.317000	0.044000	0.000000	45884.360000	49889	0
plab4.eece.ksu.edu_planetlab7.flux.utah.edu_3473 4	9219.303000	36687.449000	0.015000	0.000000	45906.767000	49668	2080
pl1.rcc.uottawa.ca_planetlab7.flux.utah.edu_11238 2	7206.556000	38755.258000	0.031000	0.000000	45961.845000	49890	0
plab4.eece.ksu.edu_planetlab7.flux.utah.edu_3476 4	9306.026000	36674.137000	0.013000	0.000000	45980.176000	49672	2080
plab4.eece.ksu.edu_planetlab7.flux.utah.edu_3478 4	9336.123000	36682.027000	0.013000	0.000000	46018.163000	49676	2080
plab4.eece.ksu.edu_planetlab7.flux.utah.edu_3482 4	9404.421000	36648.941000	0.012000	0.000000	46053.374000	49677	2080
pl1.rcc.uottawa.ca_planetlab7.flux.utah.edu_11257 2	7223.344000	38837.232000	0.021000	0.000000	46060.597000	49891	0
plab4.eece.ksu.edu_planetlab7.flux.utah.edu_3483 4	9429.153000	36634.248000	0.015000	0.000000	46063.416000	49678	2080
pl1.rcc.uottawa.ca_planetlab7.flux.utah.edu_11287 2	7259.453000	38988.260000	0.038000	0.000000	46247.751000	49895	0
plab4.eece.ksu.edu_planetlab7.flux.utah.edu_3508 4	10004.684000	36631.865000	0.013000	0.000000	46636.562000	49692	2080
roam2.cs.ou.edu_planetlab7.flux.utah.edu_8090 4	45998.148000	832.470000	0.029000	0.000000	46830.647000	49661	48
plab4.eece.ksu.edu_planetlab7.flux.utah.edu_3527 4	10337.009000	36580.399000	0.012000	0.000000	46917.420000	49708	2080
planetlab-03.cs.princeton.edu_planetlab7.flux.utah.edu_6263 4	46968.186000	1.163000	0.022000	0.000000	46969.371000	49612	80
planetlab-03.cs.princeton.edu_planetlab7.flux.utah.edu_6271 4	47087.664000	0.391000	0.024000	0.000000	47088.079000	49620	80
planetlab-03.cs.princeton.edu_planetlab7.flux.utah.edu_6273 4	47134.770000	0.352000	0.024000	0.000000	47135.146000	49624	80
planetlab-03.cs.princeton.edu_planetlab7.flux.utah.edu_6277 4	47181.035000	1.582000	0.019000	0.000000	47182.636000	49629	80
planetlab-03.cs.princeton.edu_planetlab7.flux.utah.edu_6280 4	47199.399000	1.009000	0.021000	0.000000	47200.429000	49628	80
planetlab-03.cs.princeton.edu_planetlab7.flux.utah.edu_6281 4	47199.312000	2.230000	0.011000	0.000000	47201.553000	49630	80
planetlab-03.cs.princeton.edu_planetlab7.flux.utah.edu_6291 4	47362.416000	0.276000	0.023000	0.000000	47362.715000	49641	80
roam2.cs.ou.edu_planetlab7.flux.utah.edu_8228 4	47548.535000	0.416000	0.034000	0.000000	47548.985000	49718	48
planetlab-03.cs.princeton.edu_planetlab7.flux.utah.edu_6299 4	47594.468000	0.729000	0.025000	0.000000	47595.222000	49660	80
pl1.rcc.uottawa.ca_planetlab7.flux.utah.edu_11412 2	7380.582000	40216.060000	0.014000	0.000000	47596.656000	49899	0
roam2.cs.ou.edu_planetlab7.flux.utah.edu_8246 4	47782.912000	0.062000	0.028000	0.000000	47783.002000	49731	48
roam2.cs.ou.edu_planetlab7.flux.utah.edu_8358 4	48694.834000	0.123000	0.024000	0.000000	48694.981000	49749	48
pl1.rcc.uottawa.ca_planetlab7.flux.utah.edu_11512 2	7464.061000	41797.800000	0.033000	0.000000	49261.894000	49907	0
roam2.cs.ou.edu_planetlab7.flux.utah.edu_8550 4	49347.240000	25.607000	0.023000	0.000000	49372.870000	49813	48
roam2.cs.ou.edu_planetlab7.flux.utah.edu_8596 4	49649.479000	0.042000	0.046000	0.000000	49649.567000	49833	48
planetlab2.umassd.edu_planetlab7.flux.utah.edu_9868 3	27651.804000	22243.008000	0.071000	0.000000	49894.883000	49711	64
roam2.cs.ou.edu_planetlab7.flux.utah.edu_8654 4	50148.070000	0.846000	0.026000	0.000000	50148.942000	49861	48
planetlab-03.cs.princeton.edu_planetlab7.flux.utah.edu_6399 4	50443.711000	1.461000	0.031000	0.000000	50445.203000	49716	80
roam2.cs.ou.edu_planetlab7.flux.utah.edu_8819 4	51024.411000	0.692000	0.155000	0.000000	51025.258000	49873	48
roam2.cs.ou.edu_planetlab7.flux.utah.edu_8831 4	51065.103000	0.095000	0.034000	0.000000	51065.232000	49876	48
roam2.cs.ou.edu_planetlab7.flux.utah.edu_8835 4	51068.598000	0.089000	0.019000	0.000000	51068.706000	49877	48
roam2.cs.ou.edu_planetlab7.flux.utah.edu_8837 4	51074.154000	0.087000	0.048000	0.000000	51074.289000	49879	48
roam2.cs.ou.edu_planetlab7.flux.utah.edu_8889 4	51419.550000	0.064000	0.024000	0.000000	51419.638000	49885	48
plab4.eece.ksu.edu_planetlab7.flux.utah.edu_3888 4	16973.689000	34731.825000	0.012000	0.000000	51705.526000	49740	2080
planetlab4.wail.wisc.edu_planetlab7.flux.utah.edu_9430 3	24613.930000	27341.066000	0.030000	0.000000	51955.026000	49613	16
planetlab4.wail.wisc.edu_planetlab7.flux.utah.edu_9431 3	24614.142000	27344.100000	0.013000	0.000000	51958.255000	49614	16
planetlab4.wail.wisc.edu_planetlab7.flux.utah.edu_9454 3	24727.094000	27357.759000	0.030000	0.000000	52084.883000	49616	16
planetlab4.wail.wisc.edu_planetlab7.flux.utah.edu_9456 3	24730.399000	27368.177000	0.039000	0.000000	52098.615000	49615	16
planetlab4.wail.wisc.edu_planetlab7.flux.utah.edu_9477 3	24878.674000	27302.304000	0.026000	0.000000	52181.004000	49619	16
roam2.cs.ou.edu_planetlab7.flux.utah.edu_8893 4	52327.718000	0.035000	0.035000	0.000000	52327.788000	49909	48
planetlab4.wail.wisc.edu_planetlab7.flux.utah.edu_9532 3	25187.914000	27209.033000	0.047000	0.000000	52396.994000	49631	16
planetlab4.wail.wisc.edu_planetlab7.flux.utah.edu_9583 3	25366.946000	27361.867000	0.031000	0.000000	52728.844000	49635	16
planetlab4.wail.wisc.edu_planetlab7.flux.utah.edu_9630 3	25534.954000	27493.120000	0.017000	0.000000	53028.091000	49647	16
planetlab4.wail.wisc.edu_planetlab7.flux.utah.edu_9656 3	25579.364000	27596.683000	0.028000	0.000000	53176.075000	49649	16
planetlab4.wail.wisc.edu_planetlab7.flux.utah.edu_9669 3	25622.343000	27664.165000	0.020000	0.000000	53286.528000	49650	16
planetlab4.wail.wisc.edu_planetlab7.flux.utah.edu_9677 3	25628.522000	27695.386000	0.019000	0.000000	53323.927000	49651	16
planetlab4.wail.wisc.edu_planetlab7.flux.utah.edu_9705 3	25712.873000	27827.952000	0.029000	0.000000	53540.854000	49655	16
planetlab4.wail.wisc.edu_planetlab7.flux.utah.edu_9711 3	25737.240000	27842.133000	0.414000	0.000000	53579.787000	49659	16
planetlab4.wail.wisc.edu_planetlab7.flux.utah.edu_9780 3	26129.903000	28185.488000	0.017000	0.000000	54315.408000	49667	16
planetlab4.wail.wisc.edu_planetlab7.flux.utah.edu_9797 3	25929.398000	28405.703000	0.029000	0.000000	54335.130000	49669	16
planetlab4.wail.wisc.edu_planetlab7.flux.utah.edu_9819 3	25979.393000	28737.438000	0.030000	0.000000	54716.861000	49673	16
planetlab4.wail.wisc.edu_planetlab7.flux.utah.edu_9829 3	26002.143000	28817.579000	0.026000	0.000000	54819.748000	49674	16
planetlab2.cs.columbia.edu_planetlab7.flux.utah.edu_3788 5	55011.560000	2.368000	0.118000	0.000000	55014.046000	49786	112
plab4.eece.ksu.edu_planetlab7.flux.utah.edu_4541 4	20908.468000	34336.043000	0.020000	0.000000	55244.531000	49804	2080
planetlab2.eecs.umich.edu_planetlab7.flux.utah.edu_10038 5	55311.077000	1.910000	0.142000	0.000000	55313.129000	49770	2048
planetlab4.wail.wisc.edu_planetlab7.flux.utah.edu_9839 3	26028.914000	29320.176000	0.030000	0.000000	55349.120000	49675	16
plab4.eece.ksu.edu_planetlab7.flux.utah.edu_4576 4	21248.136000	34194.653000	0.021000	0.000000	55442.810000	49932	2080
planetlab2.eecs.umich.edu_planetlab7.flux.utah.edu_10065 5	55472.992000	1.738000	0.082000	0.000000	55474.812000	49858	2048
planetlab2.eecs.umich.edu_planetlab7.flux.utah.edu_10069 5	55524.214000	1.740000	0.097000	0.000000	55526.051000	49881	2048
planetlab2.eecs.umich.edu_planetlab7.flux.utah.edu_10072 5	55610.160000	6.806000	0.080000	0.000000	55617.046000	49942	2048
planetlab2.eecs.umich.edu_planetlab7.flux.utah.edu_10075 5	55624.530000	5.922000	0.078000	0.000000	55630.530000	49962	2048
planetlab2.eecs.umich.edu_planetlab7.flux.utah.edu_10077 5	55682.374000	0.078000	0.068000	0.000000	55682.520000	50018	2048
plab4.eece.ksu.edu_planetlab7.flux.utah.edu_4627 4	21718.146000	33994.022000	0.026000	0.000000	55712.194000	50111	2080
planetlab2.eecs.umich.edu_planetlab7.flux.utah.edu_10079 5	55714.593000	0.575000	0.148000	0.000000	55715.316000	50024	2048
planetlab2.eecs.umich.edu_planetlab7.flux.utah.edu_10083 5	55748.238000	2.962000	0.084000	0.000000	55751.284000	50026	2048
planetlab2.eecs.umich.edu_planetlab7.flux.utah.edu_10085 5	55765.981000	0.072000	0.153000	0.000000	55766.206000	50027	2048
planetlab2.eecs.umich.edu_planetlab7.flux.utah.edu_10087 5	55776.720000	0.816000	0.079000	0.000000	55777.615000	50030	2048
planetlab2.eecs.umich.edu_planetlab7.flux.utah.edu_10090 5	55802.262000	3.510000	0.068000	0.000000	55805.840000	50042	2048
planetlab2.eecs.umich.edu_planetlab7.flux.utah.edu_10094 5	55836.534000	4.601000	0.078000	0.000000	55841.213000	50057	2048
planetlab2.eecs.umich.edu_planetlab7.flux.utah.edu_10096 5	55915.922000	2.663000	0.080000	0.000000	55918.665000	50154	2048
planetlab2.eecs.umich.edu_planetlab7.flux.utah.edu_10100 5	55935.212000	0.075000	0.069000	0.000000	55935.356000	50172	2048
planetlab2.eecs.umich.edu_planetlab7.flux.utah.edu_10102 5	55952.045000	1.157000	0.110000	0.000000	55953.312000	50177	2048
planetlab2.eecs.umich.edu_planetlab7.flux.utah.edu_10104 5	55980.965000	1.978000	1.906000	0.000000	55984.849000	50207	2048
planetlab2.eecs.umich.edu_planetlab7.flux.utah.edu_10106 5	56004.958000	1.868000	0.079000	0.000000	56006.905000	50208	2048
planetlab2.eecs.umich.edu_planetlab7.flux.utah.edu_10108 5	56006.953000	0.854000	0.077000	0.000000	56007.884000	50209	2048
planetlab2.eecs.umich.edu_planetlab7.flux.utah.edu_10111 5	56025.437000	2.765000	0.079000	0.000000	56028.281000	50211	2048
planetlab2.eecs.umich.edu_planetlab7.flux.utah.edu_10112 5	56024.420000	6.761000	0.032000	0.000000	56031.213000	50213	2048
planetlab2.eecs.umich.edu_planetlab7.flux.utah.edu_10114 5	56040.405000	0.532000	1.883000	0.000000	56042.820000	50217	2048
planetlab2.eecs.umich.edu_planetlab7.flux.utah.edu_10116 5	56052.660000	2.768000	0.075000	0.000000	56055.503000	50225	2048
planetlab4.wail.wisc.edu_planetlab7.flux.utah.edu_9880 3	26119.322000	30784.502000	0.020000	0.000000	56903.844000	49681	16
planetlab4.wail.wisc.edu_planetlab7.flux.utah.edu_9882 3	26119.864000	30823.084000	0.016000	0.000000	56942.964000	49680	16
planetlab4.wail.wisc.edu_planetlab7.flux.utah.edu_9885 3	26122.701000	30881.662000	0.013000	0.000000	57004.376000	49682	16
planetlab4.wail.wisc.edu_planetlab7.flux.utah.edu_9891 3	26134.033000	31002.147000	0.021000	0.000000	57136.201000	49683	16
planetlab4.wail.wisc.edu_planetlab7.flux.utah.edu_9933 3	26222.262000	31325.676000	0.025000	0.000000	57547.963000	49688	16
planetlab5.cs.uiuc.edu_planetlab7.flux.utah.edu_807 3	298.929000	57464.548000	0.010000	0.000000	57763.487000	49622	2336
planetlab4.wail.wisc.edu_planetlab7.flux.utah.edu_9939 3	26229.985000	31690.455000	0.020000	0.000000	57920.460000	49687	16
planetlab4.wail.wisc.edu_planetlab7.flux.utah.edu_9948 3	26241.181000	31768.345000	0.021000	0.000000	58009.547000	49690	16
planetlab4.wail.wisc.edu_planetlab7.flux.utah.edu_9952 3	26245.143000	31799.690000	0.023000	0.000000	58044.856000	49689	16
planetlab1.eecs.umich.edu_planetlab7.flux.utah.edu_2149 4	58161.027000	23.830000	0.085000	0.000000	58184.942000	49712	2304
planetlab2.eecs.umich.edu_planetlab7.flux.utah.edu_10259 5	58235.260000	2.281000	0.072000	0.000000	58237.613000	49994	2048
planetlab4.wail.wisc.edu_planetlab7.flux.utah.edu_9982 3	26310.844000	32000.357000	0.031000	0.000000	58311.232000	49691	16
planetlab4.wail.wisc.edu_planetlab7.flux.utah.edu_9984 3	26314.156000	32015.716000	0.029000	0.000000	58329.901000	49693	16
planetlab4.wail.wisc.edu_planetlab7.flux.utah.edu_9870 3	29098.959000	29676.837000	0.040000	0.000000	58775.836000	49679	16
planetlab1.eecs.umich.edu_planetlab7.flux.utah.edu_2249 4	58770.856000	9.210000	0.075000	0.000000	58780.141000	49808	2304
planetlab1.eecs.umich.edu_planetlab7.flux.utah.edu_2263 4	58842.384000	8.411000	0.076000	0.000000	58850.871000	49824	2304
planetlab1.eecs.umich.edu_planetlab7.flux.utah.edu_2265 4	58857.221000	3.709000	0.074000	0.000000	58861.004000	49840	2304
planetlab1.eecs.umich.edu_planetlab7.flux.utah.edu_2267 4	58871.457000	1.096000	0.073000	0.000000	58872.626000	49841	2304
planetlab1.eecs.umich.edu_planetlab7.flux.utah.edu_2269 4	58879.741000	14.311000	0.078000	0.000000	58894.130000	49842	2304
planetlab1.eecs.umich.edu_planetlab7.flux.utah.edu_2271 4	58893.414000	4.541000	0.074000	0.000000	58898.029000	49844	2304
planetlab1.eecs.umich.edu_planetlab7.flux.utah.edu_2273 4	58908.293000	9.735000	0.103000	0.000000	58918.131000	49848	2304
planetlab1.eecs.umich.edu_planetlab7.flux.utah.edu_2281 4	58948.116000	5.796000	0.073000	0.000000	58953.985000	49904	2304
planetlab1.eecs.umich.edu_planetlab7.flux.utah.edu_2283 4	58962.569000	5.616000	0.079000	0.000000	58968.264000	49923	2304
planetlab4.wail.wisc.edu_planetlab7.flux.utah.edu_10028 3	26532.753000	32439.019000	0.029000	0.000000	58971.801000	49695	16
planetlab1.eecs.umich.edu_planetlab7.flux.utah.edu_2287 4	58986.906000	4.453000	0.075000	0.000000	58991.434000	50096	2304
planetlab4.wail.wisc.edu_planetlab7.flux.utah.edu_10033 3	26540.565000	32471.060000	0.021000	0.000000	59011.646000	49697	16
planetlab4.wail.wisc.edu_planetlab7.flux.utah.edu_10041 3	26579.226000	32502.997000	0.018000	0.000000	59082.241000	49700	16
planetlab-03.cs.princeton.edu_planetlab7.flux.utah.edu_6629 4	59239.969000	0.848000	0.033000	0.000000	59240.850000	49820	80
planetlab4.wail.wisc.edu_planetlab7.flux.utah.edu_10059 3	26629.106000	32630.914000	0.019000	0.000000	59260.039000	49701	16
pl1.rcc.uottawa.ca_planetlab7.flux.utah.edu_11641 2	7589.740000	51760.193000	0.016000	0.000000	59349.949000	49916	0
planetlab4.wail.wisc.edu_planetlab7.flux.utah.edu_10082 3	26785.903000	32867.256000	0.022000	0.000000	59653.181000	49703	16
planetlab2.cs.columbia.edu_planetlab7.flux.utah.edu_3883 5	61213.984000	2.857000	0.088000	0.000000	61216.929000	49850	112
planetlab4.wail.wisc.edu_planetlab7.flux.utah.edu_9987 3	29334.678000	32012.721000	0.030000	0.000000	61347.429000	49694	16
planetlab4.wail.wisc.edu_planetlab7.flux.utah.edu_10108 3	29923.682000	33180.905000	0.034000	0.000000	63104.621000	49707	16
planetlab2.cs.columbia.edu_planetlab7.flux.utah.edu_3916 5	64377.834000	5.640000	0.110000	0.000000	64383.584000	49882	112
planetlab4.wail.wisc.edu_planetlab7.flux.utah.edu_10237 3	27507.642000	37231.593000	0.023000	0.000000	64739.258000	49709	16
planetlab2.cs.columbia.edu_planetlab7.flux.utah.edu_3925 5	64971.473000	7.776000	0.101000	0.000000	64979.350000	49898	112
planetlab4.wail.wisc.edu_planetlab7.flux.utah.edu_10286 3	27676.093000	37343.562000	0.033000	0.000000	65019.688000	49715	16
planetlab2.cs.columbia.edu_planetlab7.flux.utah.edu_3929 5	65329.414000	5.225000	0.108000	0.000000	65334.747000	49906	112
planetlab4.wail.wisc.edu_planetlab7.flux.utah.edu_10359 3	27892.847000	37588.045000	0.024000	0.000000	65480.916000	49717	16
vn4.cse.wustl.edu_planetlab7.flux.utah.edu_5291 4	65571.522000	0.065000	0.034000	0.000000	65571.621000	49617	272
planetlab4.wail.wisc.edu_planetlab7.flux.utah.edu_10376 3	27957.863000	37667.241000	0.023000	0.000000	65625.127000	49721	16
planetlab4.wail.wisc.edu_planetlab7.flux.utah.edu_10380 3	27962.810000	37700.182000	0.019000	0.000000	65663.011000	49722	16
planetlab4.wail.wisc.edu_planetlab7.flux.utah.edu_10385 3	27979.651000	37744.041000	0.020000	0.000000	65723.712000	49723	16
vn4.cse.wustl.edu_planetlab7.flux.utah.edu_5297 4	65752.925000	0.066000	0.031000	0.000000	65753.022000	49633	272
planetlab4.williams.edu_planetlab7.flux.utah.edu_2202 5	65853.537000	0.032000	0.032000	0.000000	65853.601000	49670	336
planetlab3.williams.edu_planetlab7.flux.utah.edu_1980 5	65855.608000	0.032000	0.026000	0.000000	65855.666000	49656	400
vn4.cse.wustl.edu_planetlab7.flux.utah.edu_5307 4	65914.782000	0.095000	0.032000	0.000000	65914.909000	49663	272
vn4.cse.wustl.edu_planetlab7.flux.utah.edu_5311 4	65969.465000	0.033000	0.032000	0.000000	65969.530000	49685	272
planetlab4.wail.wisc.edu_planetlab7.flux.utah.edu_10428 3	28100.557000	37990.144000	0.879000	0.000000	66091.580000	49727	16
vn4.cse.wustl.edu_planetlab7.flux.utah.edu_5339 4	66222.286000	0.069000	0.033000	0.000000	66222.388000	49705	272
planetlab4.wail.wisc.edu_planetlab7.flux.utah.edu_10452 3	28150.989000	38098.669000	0.058000	0.000000	66249.716000	49728	16
planetlab4.williams.edu_planetlab7.flux.utah.edu_2208 5	67365.777000	0.028000	0.016000	0.000000	67365.821000	49734	336
planetlab4.williams.edu_planetlab7.flux.utah.edu_2206 5	67366.605000	0.307000	0.018000	0.000000	67366.930000	49732	336
planetlab4.williams.edu_planetlab7.flux.utah.edu_2204 5	67366.471000	0.628000	0.033000	0.000000	67367.132000	49730	336
planetlab4.williams.edu_planetlab7.flux.utah.edu_2210 5	67366.856000	0.336000	0.014000	0.000000	67367.206000	49735	336
pl1.rcc.uottawa.ca_planetlab7.flux.utah.edu_11989 2	8140.320000	59365.517000	0.025000	0.000000	67505.862000	49960	0
planetlab4.williams.edu_planetlab7.flux.utah.edu_2216 5	67528.317000	0.230000	0.026000	0.000000	67528.573000	49742	336
planetlab4.williams.edu_planetlab7.flux.utah.edu_2218 5	67545.390000	0.065000	0.026000	0.000000	67545.481000	49750	336
vn4.cse.wustl.edu_planetlab7.flux.utah.edu_5425 4	67552.626000	0.030000	0.030000	0.000000	67552.686000	49737	272
vn4.cse.wustl.edu_planetlab7.flux.utah.edu_5434 4	67686.586000	0.072000	0.044000	0.000000	67686.702000	49761	272
planetlab4.williams.edu_planetlab7.flux.utah.edu_2222 5	67723.964000	0.034000	0.028000	0.000000	67724.026000	49766	336
vn4.cse.wustl.edu_planetlab7.flux.utah.edu_5438 4	67794.719000	0.066000	0.036000	0.000000	67794.821000	49768	272
vn4.cse.wustl.edu_planetlab7.flux.utah.edu_5440 4	67798.930000	0.030000	0.023000	0.000000	67798.983000	49771	272
vn4.cse.wustl.edu_planetlab7.flux.utah.edu_5442 4	67799.747000	0.083000	0.018000	0.000000	67799.848000	49769	272
vn4.cse.wustl.edu_planetlab7.flux.utah.edu_5444 4	67829.210000	0.030000	0.031000	0.000000	67829.271000	49773	272
vn4.cse.wustl.edu_planetlab7.flux.utah.edu_5490 4	68463.452000	0.102000	0.033000	0.000000	68463.587000	49785	272
vn4.cse.wustl.edu_planetlab7.flux.utah.edu_5531 4	69044.305000	0.031000	0.031000	0.000000	69044.367000	49802	272
planetlab4.wail.wisc.edu_planetlab7.flux.utah.edu_10825 3	29418.879000	40450.086000	0.017000	0.000000	69868.982000	49739	16
planetlab4.wail.wisc.edu_planetlab7.flux.utah.edu_10833 3	29486.799000	40420.818000	0.037000	0.000000	69907.654000	49743	16
planetlab4.wail.wisc.edu_planetlab7.flux.utah.edu_10841 3	29539.201000	40435.287000	0.033000	0.000000	69974.521000	49744	16
planetlab4.wail.wisc.edu_planetlab7.flux.utah.edu_10847 3	29597.558000	40416.028000	0.027000	0.000000	70013.613000	49745	16
planetlab4.wail.wisc.edu_planetlab7.flux.utah.edu_10859 3	29656.617000	40431.174000	0.033000	0.000000	70087.824000	49746	16
planetlab4.wail.wisc.edu_planetlab7.flux.utah.edu_10861 3	29666.485000	40427.005000	0.033000	0.000000	70093.523000	49747	16
planetlab4.wail.wisc.edu_planetlab7.flux.utah.edu_10863 3	29669.171000	40457.675000	0.023000	0.000000	70126.869000	49748	16
planetlab4.wail.wisc.edu_planetlab7.flux.utah.edu_10877 3	29806.131000	40408.538000	0.027000	0.000000	70214.696000	49752	16
planetlab4.wail.wisc.edu_planetlab7.flux.utah.edu_10883 3	29877.315000	40409.033000	0.032000	0.000000	70286.380000	49753	16
planetlab4.wail.wisc.edu_planetlab7.flux.utah.edu_10910 3	30176.841000	40266.633000	0.035000	0.000000	70443.509000	49755	16
planetlab4.wail.wisc.edu_planetlab7.flux.utah.edu_10994 3	31398.011000	39575.729000	0.029000	0.000000	70973.769000	49759	16
planetlab4.wail.wisc.edu_planetlab7.flux.utah.edu_11020 3	31938.249000	39126.361000	0.030000	0.000000	71064.640000	49765	16
planetlab4.wail.wisc.edu_planetlab7.flux.utah.edu_11032 3	32228.791000	38927.882000	0.024000	0.000000	71156.697000	49774	16
planetlab4.wail.wisc.edu_planetlab7.flux.utah.edu_11040 3	32273.079000	38963.907000	0.034000	0.000000	71237.020000	49776	16
node1.planetlab.albany.edu_planetlab7.flux.utah.edu_18602 3	71481.135000	0.034000	0.032000	0.000000	71481.201000	50022	32
planetlab4.wail.wisc.edu_planetlab7.flux.utah.edu_11118 3	33258.866000	38299.639000	0.016000	0.000000	71558.521000	49787	16
planetlab2.cs.columbia.edu_planetlab7.flux.utah.edu_3961 5	71642.215000	2.793000	0.090000	0.000000	71645.098000	49912	112
planetlab2.cs.columbia.edu_planetlab7.flux.utah.edu_3963 5	71674.333000	4.155000	2.567000	0.000000	71681.055000	49914	112
planetlab2.cs.columbia.edu_planetlab7.flux.utah.edu_3965 5	71712.489000	2.148000	0.090000	0.000000	71714.727000	49915	112
planetlab2.cs.columbia.edu_planetlab7.flux.utah.edu_3967 5	71777.097000	1.127000	0.108000	0.000000	71778.332000	49918	112
planetlab4.wail.wisc.edu_planetlab7.flux.utah.edu_11186 3	33950.862000	37995.924000	0.018000	0.000000	71946.804000	49796	16
planetlab4.wail.wisc.edu_planetlab7.flux.utah.edu_11226 3	34529.393000	37644.201000	0.029000	0.000000	72173.623000	49803	16
planetlab2.cs.pitt.edu_planetlab7.flux.utah.edu_2919 5	72201.183000	0.533000	0.025000	0.000000	72201.741000	49831	304
planetlab4.wail.wisc.edu_planetlab7.flux.utah.edu_11250 3	34713.645000	37710.798000	0.029000	0.000000	72424.472000	49807	16
pl1.rcc.uottawa.ca_planetlab7.flux.utah.edu_13087 2	9546.864000	62894.788000	0.029000	0.000000	72441.681000	50044	0
roam2.cs.ou.edu_planetlab7.flux.utah.edu_9018 4	72524.655000	0.245000	0.040000	0.000000	72524.940000	50045	48
planetlab4.wail.wisc.edu_planetlab7.flux.utah.edu_11272 3	34832.244000	37699.767000	0.024000	0.000000	72532.035000	49811	16
planetlab-03.cs.princeton.edu_planetlab7.flux.utah.edu_6999 4	72892.979000	0.374000	0.022000	0.000000	72893.375000	49930	80
planetlab-03.cs.princeton.edu_planetlab7.flux.utah.edu_7001 4	73095.138000	0.654000	0.022000	0.000000	73095.814000	49948	80
planetlab4.wail.wisc.edu_planetlab7.flux.utah.edu_11376 3	37159.924000	36142.331000	0.047000	0.000000	73302.302000	49817	16
planetlab4.wail.wisc.edu_planetlab7.flux.utah.edu_11378 3	37182.865000	36124.445000	0.030000	0.000000	73307.340000	49818	16
planetlab4.wail.wisc.edu_planetlab7.flux.utah.edu_11380 3	37191.721000	36135.005000	0.020000	0.000000	73326.746000	49819	16
planetlab4.williams.edu_planetlab7.flux.utah.edu_2246 5	73390.663000	1.356000	0.043000	0.000000	73392.062000	49862	336
planetlab4.wail.wisc.edu_planetlab7.flux.utah.edu_10897 3	33076.507000	40320.646000	0.024000	0.000000	73397.177000	49754	16
pl1.rcc.uottawa.ca_planetlab7.flux.utah.edu_13394 2	9947.313000	63562.032000	0.028000	0.000000	73509.373000	50056	0
planetlab4.wail.wisc.edu_planetlab7.flux.utah.edu_11447 3	38504.636000	35062.145000	0.027000	0.000000	73566.808000	49823	16
planetlab4.wail.wisc.edu_planetlab7.flux.utah.edu_11525 3	39212.429000	34563.995000	0.022000	0.000000	73776.446000	49829	16
planetlab4.wail.wisc.edu_planetlab7.flux.utah.edu_11613 3	40225.508000	33832.129000	0.034000	0.000000	74057.671000	49843	16
planetlab4.wail.wisc.edu_planetlab7.flux.utah.edu_11637 3	40661.226000	33441.962000	0.031000	0.000000	74103.219000	49851	16
earth.cs.brown.edu_planetlab7.flux.utah.edu_13434 4	74118.503000	0.090000	0.022000	0.000000	74118.615000	49993	96
pl1.rcc.uottawa.ca_planetlab7.flux.utah.edu_13631 2	10273.176000	63935.924000	0.031000	0.000000	74209.131000	50070	0
planetlab4.wail.wisc.edu_planetlab7.flux.utah.edu_11709 3	42074.780000	32217.952000	0.029000	0.000000	74292.761000	49863	16
planetlab4.wail.wisc.edu_planetlab7.flux.utah.edu_11813 3	43828.134000	30774.446000	0.032000	0.000000	74602.612000	49867	16
planetlab4.wail.wisc.edu_planetlab7.flux.utah.edu_11827 3	43979.114000	30688.959000	0.032000	0.000000	74668.105000	49869	16
planetlab4.wail.wisc.edu_planetlab7.flux.utah.edu_11837 3	44045.555000	30648.442000	0.020000	0.000000	74694.017000	49870	16
planetlab4.wail.wisc.edu_planetlab7.flux.utah.edu_11839 3	44070.988000	30633.643000	0.027000	0.000000	74704.658000	49871	16
planetlab4.wail.wisc.edu_planetlab7.flux.utah.edu_11841 3	44077.741000	30630.157000	0.034000	0.000000	74707.932000	49872	16
pl1.rcc.uottawa.ca_planetlab7.flux.utah.edu_13808 2	10449.382000	64450.479000	0.021000	0.000000	74899.882000	50080	0
planetlab4.wail.wisc.edu_planetlab7.flux.utah.edu_11927 3	45654.344000	29307.287000	0.027000	0.000000	74961.658000	49883	16
planetlab4.wail.wisc.edu_planetlab7.flux.utah.edu_11945 3	45826.393000	29173.189000	0.031000	0.000000	74999.613000	49887	16
planetlab-03.cs.princeton.edu_planetlab7.flux.utah.edu_7028 4	75407.826000	0.236000	0.024000	0.000000	75408.086000	50047	80
pl1.rcc.uottawa.ca_planetlab7.flux.utah.edu_13970 2	10604.789000	64928.249000	0.033000	0.000000	75533.071000	50088	0
pl1.rcc.uottawa.ca_planetlab7.flux.utah.edu_13977 2	10611.992000	64940.608000	0.019000	0.000000	75552.619000	50089	0
pl1.rcc.uottawa.ca_planetlab7.flux.utah.edu_13988 2	10627.488000	64969.106000	0.018000	0.000000	75596.612000	50090	0
vn4.cse.wustl.edu_planetlab7.flux.utah.edu_5977 4	75659.153000	0.580000	0.028000	0.000000	75659.761000	49897	272
pl1.rcc.uottawa.ca_planetlab7.flux.utah.edu_14009 2	10638.855000	65028.686000	0.021000	0.000000	75667.562000	50092	0
planetlab4.wail.wisc.edu_planetlab7.flux.utah.edu_12140 3	49218.988000	26479.258000	0.028000	0.000000	75698.274000	49903	16
planetlab4.wail.wisc.edu_planetlab7.flux.utah.edu_12144 3	49260.349000	26450.971000	0.017000	0.000000	75711.337000	49905	16
planetlab-03.cs.princeton.edu_planetlab7.flux.utah.edu_7040 4	75760.286000	0.278000	0.021000	0.000000	75760.585000	50060	80
planetlab-03.cs.princeton.edu_planetlab7.flux.utah.edu_7042 4	75768.885000	0.512000	0.018000	0.000000	75769.415000	50068	80
planetlab-03.cs.princeton.edu_planetlab7.flux.utah.edu_7048 4	75784.444000	0.454000	0.017000	0.000000	75784.915000	50072	80
planetlab-03.cs.princeton.edu_planetlab7.flux.utah.edu_7050 4	75787.303000	0.392000	0.016000	0.000000	75787.711000	50076	80
planetlab-03.cs.princeton.edu_planetlab7.flux.utah.edu_7052 4	75788.062000	0.338000	0.013000	0.000000	75788.413000	50077	80
planetlab-03.cs.princeton.edu_planetlab7.flux.utah.edu_7056 4	75799.197000	0.375000	0.016000	0.000000	75799.588000	50078	80
pl1.rcc.uottawa.ca_planetlab7.flux.utah.edu_14286 2	10991.048000	65942.582000	0.018000	0.000000	76933.648000	50104	0
planetlab-03.cs.princeton.edu_planetlab7.flux.utah.edu_7086 4	77088.313000	0.600000	0.022000	0.000000	77088.935000	50108	80
vn4.cse.wustl.edu_planetlab7.flux.utah.edu_6179 4	77773.519000	0.037000	0.040000	0.000000	77773.596000	49919	272
roam2.cs.ou.edu_planetlab7.flux.utah.edu_9110 4	78063.279000	4.528000	0.034000	0.000000	78067.841000	50133	48
planetlab-03.cs.princeton.edu_planetlab7.flux.utah.edu_7104 4	78270.892000	0.480000	0.025000	0.000000	78271.397000	50140	80
pl1.rcc.uottawa.ca_planetlab7.flux.utah.edu_14683 2	11674.246000	66599.256000	0.063000	0.000000	78273.565000	50147	0
planetlab-03.cs.princeton.edu_planetlab7.flux.utah.edu_7106 4	78331.701000	0.331000	0.022000	0.000000	78332.054000	50144	80
planetlab4.williams.edu_planetlab7.flux.utah.edu_2299 5	78341.227000	0.063000	0.029000	0.000000	78341.319000	49990	336
pl1.rcc.uottawa.ca_planetlab7.flux.utah.edu_14766 2	11846.414000	66671.533000	0.030000	0.000000	78517.977000	50152	0
vn4.cse.wustl.edu_planetlab7.flux.utah.edu_6214 4	78836.006000	0.709000	0.044000	0.000000	78836.759000	50025	272
planetlab2.cs.pitt.edu_planetlab7.flux.utah.edu_3011 5	78874.839000	0.027000	0.027000	0.000000	78874.893000	50035	304
planetlab4.wail.wisc.edu_planetlab7.flux.utah.edu_12458 3	63044.300000	16043.156000	0.025000	0.000000	79087.481000	49920	16
planetlab4.wail.wisc.edu_planetlab7.flux.utah.edu_12470 3	63259.914000	15886.036000	0.033000	0.000000	79145.983000	49921	16
planetlab2.cs.columbia.edu_planetlab7.flux.utah.edu_4025 5	79162.347000	3.185000	0.099000	0.000000	79165.631000	50170	112
pl1.rcc.uottawa.ca_planetlab7.flux.utah.edu_14992 2	12167.263000	66998.873000	0.015000	0.000000	79166.151000	50176	0
planetlab3.williams.edu_planetlab7.flux.utah.edu_2043 5	79217.710000	0.032000	0.035000	0.000000	79217.777000	50052	400
planetlab2.cs.pitt.edu_planetlab7.flux.utah.edu_3022 5	79292.183000	0.054000	0.021000	0.000000	79292.258000	50073	304
planetlab4.wail.wisc.edu_planetlab7.flux.utah.edu_12500 3	64279.181000	15022.324000	0.031000	0.000000	79301.536000	49924	16
planetlab4.wail.wisc.edu_planetlab7.flux.utah.edu_12512 3	64565.922000	14800.295000	0.033000	0.000000	79366.250000	49925	16
cs-planetlab4.cs.surrey.sfu.ca_planetlab7.flux.utah.edu_1556 6	79423.516000	0.031000	0.031000	0.000000	79423.578000	50091	464
planetlab4.wail.wisc.edu_planetlab7.flux.utah.edu_12529 3	64765.568000	14692.599000	0.033000	0.000000	79458.200000	49927	16
planetlab-03.cs.princeton.edu_planetlab7.flux.utah.edu_7123 4	79503.676000	0.284000	0.024000	0.000000	79503.984000	50179	80
roam2.cs.ou.edu_planetlab7.flux.utah.edu_9143 4	79570.648000	0.034000	0.033000	0.000000	79570.715000	50182	48
planetlab4.wail.wisc.edu_planetlab7.flux.utah.edu_12560 3	65265.665000	14312.645000	0.035000	0.000000	79578.345000	49931	16
planetlab4.wail.wisc.edu_planetlab7.flux.utah.edu_12571 3	65481.739000	14124.051000	0.033000	0.000000	79605.823000	49935	16
planetlab4.wail.wisc.edu_planetlab7.flux.utah.edu_12575 3	65505.841000	14112.970000	0.036000	0.000000	79618.847000	49936	16
planetlab4.wail.wisc.edu_planetlab7.flux.utah.edu_12578 3	65526.961000	14094.918000	0.031000	0.000000	79621.910000	49937	16
planetlab4.wail.wisc.edu_planetlab7.flux.utah.edu_12580 3	65573.314000	14061.710000	0.035000	0.000000	79635.059000	49938	16
planetlab4.wail.wisc.edu_planetlab7.flux.utah.edu_12585 3	65617.211000	14040.509000	0.028000	0.000000	79657.748000	49939	16
planetlab4.wail.wisc.edu_planetlab7.flux.utah.edu_12592 3	65704.318000	13974.363000	0.033000	0.000000	79678.714000	49940	16
planetlab4.wail.wisc.edu_planetlab7.flux.utah.edu_12601 3	65844.668000	13865.861000	0.030000	0.000000	79710.559000	49941	16
planetlab4.wail.wisc.edu_planetlab7.flux.utah.edu_12611 3	66002.635000	13737.741000	0.035000	0.000000	79740.411000	49944	16
planetlab4.wail.wisc.edu_planetlab7.flux.utah.edu_12613 3	66023.030000	13726.231000	0.035000	0.000000	79749.296000	49945	16
planetlab4.wail.wisc.edu_planetlab7.flux.utah.edu_12616 3	66110.216000	13646.834000	0.032000	0.000000	79757.082000	49946	16
vn4.cse.wustl.edu_planetlab7.flux.utah.edu_6229 4	79754.788000	0.029000	0.033000	0.000000	79754.850000	50113	272
planetlab4.wail.wisc.edu_planetlab7.flux.utah.edu_12618 3	66133.254000	13629.820000	0.033000	0.000000	79763.107000	49947	16
planetlab4.wail.wisc.edu_planetlab7.flux.utah.edu_12646 3	66337.706000	13515.139000	0.030000	0.000000	79852.875000	49951	16
planetlab1.cs.uoregon.edu_planetlab7.flux.utah.edu_10202 3	78139.917000	1712.732000	0.046000	0.000000	79852.695000	50138	256
planetlab4.wail.wisc.edu_planetlab7.flux.utah.edu_12657 3	66423.331000	13491.320000	0.030000	0.000000	79914.681000	49952	16
planetlab4.wail.wisc.edu_planetlab7.flux.utah.edu_12661 3	66480.416000	13457.714000	0.030000	0.000000	79938.160000	49953	16
planetlab4.wail.wisc.edu_planetlab7.flux.utah.edu_12666 3	66557.634000	13399.597000	0.040000	0.000000	79957.271000	49955	16
planetlab03.cs.washington.edu_planetlab7.flux.utah.edu_5625 4	79969.529000	0.041000	0.052000	0.000000	79969.622000	50165	320
planetlab4.wail.wisc.edu_planetlab7.flux.utah.edu_12678 3	66721.519000	13292.123000	0.030000	0.000000	80013.672000	49956	16
roam2.cs.ou.edu_planetlab7.flux.utah.edu_9153 4	80026.174000	0.030000	0.024000	0.000000	80026.228000	50194	48
roam2.cs.ou.edu_planetlab7.flux.utah.edu_9155 4	80040.996000	0.601000	0.023000	0.000000	80041.620000	50196	48
planetlab4.wail.wisc.edu_planetlab7.flux.utah.edu_12686 3	66813.976000	13242.041000	0.033000	0.000000	80056.050000	49957	16
roam2.cs.ou.edu_planetlab7.flux.utah.edu_9157 4	80059.112000	0.023000	0.018000	0.000000	80059.153000	50198	48
planetlab4.wail.wisc.edu_planetlab7.flux.utah.edu_12690 3	66900.283000	13170.335000	0.030000	0.000000	80070.648000	49958	16
planetlab2.cs.pitt.edu_planetlab7.flux.utah.edu_3026 5	80081.662000	0.025000	0.018000	0.000000	80081.705000	50156	304
planetlab4.wail.wisc.edu_planetlab7.flux.utah.edu_12721 3	67480.624000	12701.073000	0.033000	0.000000	80181.730000	49959	16
planetlab4.wail.wisc.edu_planetlab7.flux.utah.edu_12723 3	67502.811000	12697.897000	0.038000	0.000000	80200.746000	49961	16
vn4.cse.wustl.edu_planetlab7.flux.utah.edu_6236 4	80224.824000	0.031000	0.042000	0.000000	80224.897000	50178	272
roam2.cs.ou.edu_planetlab7.flux.utah.edu_9160 4	80238.555000	0.104000	0.032000	0.000000	80238.691000	50199	48
planetlab4.wail.wisc.edu_planetlab7.flux.utah.edu_12734 3	67816.240000	12426.827000	0.029000	0.000000	80243.096000	49964	16
planetlab4.wail.wisc.edu_planetlab7.flux.utah.edu_12750 3	68184.470000	12113.850000	0.034000	0.000000	80298.354000	49965	16
planetlab4.wail.wisc.edu_planetlab7.flux.utah.edu_12755 3	68261.246000	12054.307000	0.031000	0.000000	80315.584000	49967	16
vn4.cse.wustl.edu_planetlab7.flux.utah.edu_6240 4	80332.566000	0.064000	0.033000	0.000000	80332.663000	50184	272
planetlab4.wail.wisc.edu_planetlab7.flux.utah.edu_12766 3	68344.486000	11999.753000	0.026000	0.000000	80344.265000	49933	16
planetlab2.cs.columbia.edu_planetlab7.flux.utah.edu_4027 5	80347.933000	0.132000	0.089000	0.000000	80348.154000	50201	112
roam2.cs.ou.edu_planetlab7.flux.utah.edu_9164 4	80347.971000	0.194000	0.023000	0.000000	80348.188000	50206	48
planetlab4.wail.wisc.edu_planetlab7.flux.utah.edu_12784 3	68557.791000	11845.924000	0.030000	0.000000	80403.745000	49968	16
vn4.cse.wustl.edu_planetlab7.flux.utah.edu_6242 4	80405.610000	0.602000	0.036000	0.000000	80406.248000	50186	272
vn4.cse.wustl.edu_planetlab7.flux.utah.edu_6244 4	80415.990000	0.067000	0.025000	0.000000	80416.082000	50187	272
vn4.cse.wustl.edu_planetlab7.flux.utah.edu_6246 4	80442.184000	0.030000	0.030000	0.000000	80442.244000	50190	272
planetlab4.wail.wisc.edu_planetlab7.flux.utah.edu_12799 3	68641.268000	11815.758000	0.031000	0.000000	80457.057000	49971	16
planetlab4.wail.wisc.edu_planetlab7.flux.utah.edu_12804 3	68661.891000	11819.381000	0.021000	0.000000	80481.293000	49973	16
vn4.cse.wustl.edu_planetlab7.flux.utah.edu_6248 4	80512.960000	6.974000	0.031000	0.000000	80519.965000	50197	272
planetlab4.wail.wisc.edu_planetlab7.flux.utah.edu_12818 3	68733.551000	11797.142000	0.023000	0.000000	80530.716000	49975	16
vn4.cse.wustl.edu_planetlab7.flux.utah.edu_6250 4	80556.064000	0.034000	0.032000	0.000000	80556.130000	50202	272
planetlab4.wail.wisc.edu_planetlab7.flux.utah.edu_12834 3	68799.865000	11776.920000	0.025000	0.000000	80576.810000	49979	16
planetlab4.wail.wisc.edu_planetlab7.flux.utah.edu_12788 3	68817.418000	11843.848000	0.025000	0.000000	80661.291000	49969	16
planetlab4.wail.wisc.edu_planetlab7.flux.utah.edu_12874 3	69011.315000	11719.017000	0.036000	0.000000	80730.368000	49981	16
planetlab4.wail.wisc.edu_planetlab7.flux.utah.edu_12899 3	69159.762000	11648.761000	0.028000	0.000000	80808.551000	49984	16
planetlab4.wail.wisc.edu_planetlab7.flux.utah.edu_12945 3	69461.945000	11523.858000	0.032000	0.000000	80985.835000	49985	16
planetlab4.wail.wisc.edu_planetlab7.flux.utah.edu_12949 3	69487.482000	11508.897000	0.029000	0.000000	80996.408000	49986	16
planetlab4.wail.wisc.edu_planetlab7.flux.utah.edu_12953 3	69501.691000	11499.775000	0.023000	0.000000	81001.489000	49988	16
planetlab4.wail.wisc.edu_planetlab7.flux.utah.edu_12957 3	69566.161000	11462.986000	0.032000	0.000000	81029.179000	49989	16
roam2.cs.ou.edu_planetlab7.flux.utah.edu_9172 4	81035.338000	0.037000	0.037000	0.000000	81035.412000	50210	48
roam2.cs.ou.edu_planetlab7.flux.utah.edu_9174 4	81060.688000	0.490000	0.033000	0.000000	81061.211000	50212	48
planetlab4.wail.wisc.edu_planetlab7.flux.utah.edu_12968 3	69608.560000	11467.066000	0.032000	0.000000	81075.658000	49991	16
roam2.cs.ou.edu_planetlab7.flux.utah.edu_9176 4	81094.419000	0.031000	0.031000	0.000000	81094.481000	50214	48
roam2.cs.ou.edu_planetlab7.flux.utah.edu_9178 4	81132.872000	0.065000	0.027000	0.000000	81132.964000	50215	48
roam2.cs.ou.edu_planetlab7.flux.utah.edu_9182 4	81269.009000	0.037000	0.036000	0.000000	81269.082000	50222	48
planetlab2.umassd.edu_planetlab7.flux.utah.edu_14371 3	81303.220000	0.162000	0.020000	0.000000	81303.402000	50223	64
roam2.cs.ou.edu_planetlab7.flux.utah.edu_9184 4	81359.376000	0.223000	0.032000	0.000000	81359.631000	50224	48
vn4.cse.wustl.edu_planetlab7.flux.utah.edu_6253 4	81406.550000	0.081000	0.034000	0.000000	81406.665000	50218	272
planetlab4.wail.wisc.edu_planetlab7.flux.utah.edu_13053 3	70046.127000	11371.940000	0.033000	0.000000	81418.100000	49992	16
planetlab4.wail.wisc.edu_planetlab7.flux.utah.edu_13059 3	70072.730000	11376.925000	0.026000	0.000000	81449.681000	49995	16
planetlab4.wail.wisc.edu_planetlab7.flux.utah.edu_13063 3	70097.031000	11359.794000	0.029000	0.000000	81456.854000	49997	16
planetlab4.wail.wisc.edu_planetlab7.flux.utah.edu_13090 3	70262.367000	11302.931000	0.036000	0.000000	81565.334000	49998	16
roam2.cs.ou.edu_planetlab7.flux.utah.edu_9191 4	81636.746000	0.196000	0.027000	0.000000	81636.969000	50226	48
roam2.cs.ou.edu_planetlab7.flux.utah.edu_9192 4	81636.781000	0.270000	0.013000	0.000000	81637.064000	50227	48
roam2.cs.ou.edu_planetlab7.flux.utah.edu_9194 4	81652.467000	0.411000	0.028000	0.000000	81652.906000	50228	48
roam2.cs.ou.edu_planetlab7.flux.utah.edu_9196 4	81657.757000	0.023000	0.020000	0.000000	81657.800000	50229	48
planetlab4.wail.wisc.edu_planetlab7.flux.utah.edu_13113 3	70388.612000	11280.552000	0.019000	0.000000	81669.183000	49999	16
planetlab4.wail.wisc.edu_planetlab7.flux.utah.edu_13125 3	70470.619000	11236.655000	0.033000	0.000000	81707.307000	50003	16
roam2.cs.ou.edu_planetlab7.flux.utah.edu_9198 4	81727.410000	0.128000	0.033000	0.000000	81727.571000	50230	48
roam2.cs.ou.edu_planetlab7.flux.utah.edu_9200 4	81728.577000	0.118000	0.017000	0.000000	81728.712000	50231	48
planetlab4.wail.wisc.edu_planetlab7.flux.utah.edu_13131 3	70493.551000	11241.414000	0.026000	0.000000	81734.991000	50005	16
planetlab4.wail.wisc.edu_planetlab7.flux.utah.edu_13133 3	70493.821000	11252.228000	0.015000	0.000000	81746.064000	50004	16
planetlab4.wail.wisc.edu_planetlab7.flux.utah.edu_13141 3	70655.749000	11124.928000	0.036000	0.000000	81780.713000	50006	16
planetlab4.wail.wisc.edu_planetlab7.flux.utah.edu_13111 3	70629.414000	11269.434000	0.026000	0.000000	81898.874000	50000	16
planetlab1.cs.uoregon.edu_planetlab7.flux.utah.edu_10231 3	81920.028000	0.471000	0.042000	0.000000	81920.541000	50233	256
planetlab4.wail.wisc.edu_planetlab7.flux.utah.edu_13165 3	70862.321000	11073.939000	0.028000	0.000000	81936.288000	50008	16
roam2.cs.ou.edu_planetlab7.flux.utah.edu_9212 4	81948.849000	0.094000	0.028000	0.000000	81948.971000	50234	48
roam2.cs.ou.edu_planetlab7.flux.utah.edu_9214 4	82024.747000	0.104000	0.033000	0.000000	82024.884000	50236	48
planetlab4.wail.wisc.edu_planetlab7.flux.utah.edu_13175 3	70922.110000	11113.988000	0.032000	0.000000	82036.130000	50009	16
roam2.cs.ou.edu_planetlab7.flux.utah.edu_9216 4	82033.695000	0.028000	0.022000	0.000000	82033.745000	50238	48
planetlab4.wail.wisc.edu_planetlab7.flux.utah.edu_13177 3	70960.184000	11087.412000	0.030000	0.000000	82047.626000	50010	16
roam2.cs.ou.edu_planetlab7.flux.utah.edu_9218 4	82054.384000	0.029000	0.024000	0.000000	82054.437000	50239	48
planetlab4.wail.wisc.edu_planetlab7.flux.utah.edu_13185 3	70987.701000	11116.330000	0.029000	0.000000	82104.060000	50011	16
planetlab4.wail.wisc.edu_planetlab7.flux.utah.edu_13196 3	71036.588000	11120.884000	0.033000	0.000000	82157.505000	50012	16
planetlab4.wail.wisc.edu_planetlab7.flux.utah.edu_13211 3	71132.988000	11103.357000	0.041000	0.000000	82236.386000	50015	16
planetlab4.wail.wisc.edu_planetlab7.flux.utah.edu_13231 3	71313.010000	11046.914000	0.025000	0.000000	82359.949000	50016	16
planetlab4.wail.wisc.edu_planetlab7.flux.utah.edu_13233 3	71320.600000	11077.067000	0.025000	0.000000	82397.692000	50017	16
planetlab4.wail.wisc.edu_planetlab7.flux.utah.edu_13235 3	71330.559000	11068.022000	0.022000	0.000000	82398.603000	50020	16
planetlab4.wail.wisc.edu_planetlab7.flux.utah.edu_13257 3	71458.783000	11062.674000	0.034000	0.000000	82521.491000	50021	16
planetlab4.wail.wisc.edu_planetlab7.flux.utah.edu_13272 3	71551.555000	11050.798000	0.033000	0.000000	82602.386000	50023	16
planetlab4.wail.wisc.edu_planetlab7.flux.utah.edu_13288 3	71640.705000	11045.129000	0.030000	0.000000	82685.864000	49972	16
planetlab4.wail.wisc.edu_planetlab7.flux.utah.edu_13299 3	71812.044000	10932.953000	0.033000	0.000000	82745.030000	50029	16
planetlab4.wail.wisc.edu_planetlab7.flux.utah.edu_13303 3	71834.172000	10929.720000	0.024000	0.000000	82763.916000	50031	16
planetlab4.wail.wisc.edu_planetlab7.flux.utah.edu_13305 3	71852.161000	10924.967000	0.033000	0.000000	82777.161000	50032	16
planetlab4.wail.wisc.edu_planetlab7.flux.utah.edu_13309 3	71875.132000	10908.696000	0.032000	0.000000	82783.860000	50033	16
planetlab4.wail.wisc.edu_planetlab7.flux.utah.edu_13313 3	71918.545000	10897.021000	0.034000	0.000000	82815.600000	50034	16
planetlab4.wail.wisc.edu_planetlab7.flux.utah.edu_13334 3	72039.772000	10897.113000	0.045000	0.000000	82936.930000	50036	16
planetlab4.wail.wisc.edu_planetlab7.flux.utah.edu_13361 3	72211.867000	10876.764000	0.029000	0.000000	83088.660000	50002	16
planetlab4.wail.wisc.edu_planetlab7.flux.utah.edu_13363 3	72238.265000	10849.993000	0.029000	0.000000	83088.287000	50037	16
planetlab4.wail.wisc.edu_planetlab7.flux.utah.edu_13382 3	72434.715000	10745.498000	0.033000	0.000000	83180.246000	50040	16
planetlab4.wail.wisc.edu_planetlab7.flux.utah.edu_13510 3	73413.272000	10269.084000	0.025000	0.000000	83682.381000	50053	16
planetlab4.wail.wisc.edu_planetlab7.flux.utah.edu_13532 3	73474.915000	10293.416000	0.025000	0.000000	83768.356000	50055	16
planetlab4.wail.wisc.edu_planetlab7.flux.utah.edu_13564 3	73601.115000	10282.405000	0.027000	0.000000	83883.547000	50059	16
planetlab4.wail.wisc.edu_planetlab7.flux.utah.edu_13580 3	73759.049000	10190.939000	0.030000	0.000000	83950.018000	50061	16
planetlab4.wail.wisc.edu_planetlab7.flux.utah.edu_13584 3	73788.528000	10181.432000	0.018000	0.000000	83969.978000	50062	16
planetlab4.wail.wisc.edu_planetlab7.flux.utah.edu_13588 3	73795.256000	10187.038000	0.025000	0.000000	83982.319000	50063	16
planetlab4.wail.wisc.edu_planetlab7.flux.utah.edu_13592 3	73813.944000	10173.887000	0.016000	0.000000	83987.847000	50064	16
planetlab4.wail.wisc.edu_planetlab7.flux.utah.edu_13609 3	73912.966000	10153.788000	0.030000	0.000000	84066.784000	50067	16
planetlab4.wail.wisc.edu_planetlab7.flux.utah.edu_13665 3	74333.741000	10031.904000	0.046000	0.000000	84365.691000	50075	16
planetlab4.wail.wisc.edu_planetlab7.flux.utah.edu_13719 3	74791.993000	9818.838000	0.029000	0.000000	84610.860000	50079	16
planetlab4.wail.wisc.edu_planetlab7.flux.utah.edu_13735 3	74930.418000	9743.886000	0.031000	0.000000	84674.335000	50081	16
planetlab4.wail.wisc.edu_planetlab7.flux.utah.edu_13117 3	73409.389000	11283.420000	0.018000	0.000000	84692.827000	50001	16
planetlab4.wail.wisc.edu_planetlab7.flux.utah.edu_13781 3	75224.338000	9575.936000	0.033000	0.000000	84800.307000	50083	16
planetlab4.wail.wisc.edu_planetlab7.flux.utah.edu_13791 3	75289.098000	9534.711000	0.031000	0.000000	84823.840000	50084	16
planetlab4.wail.wisc.edu_planetlab7.flux.utah.edu_13817 3	75461.235000	9432.403000	0.032000	0.000000	84893.670000	50085	16
planetlab4.wail.wisc.edu_planetlab7.flux.utah.edu_13835 3	75535.739000	9410.883000	0.016000	0.000000	84946.638000	50087	16
planetlab4.wail.wisc.edu_planetlab7.flux.utah.edu_13902 3	76039.082000	9096.064000	0.038000	0.000000	85135.184000	50093	16
planetlab4.wail.wisc.edu_planetlab7.flux.utah.edu_13926 3	76157.808000	9045.951000	0.035000	0.000000	85203.794000	50095	16
planetlab4.wail.wisc.edu_planetlab7.flux.utah.edu_13970 3	76504.454000	8813.877000	0.031000	0.000000	85318.362000	50097	16
planetlab4.wail.wisc.edu_planetlab7.flux.utah.edu_13976 3	76547.871000	8801.211000	0.034000	0.000000	85349.116000	50098	16
planetlab4.wail.wisc.edu_planetlab7.flux.utah.edu_13978 3	76559.597000	8798.854000	0.030000	0.000000	85358.481000	50099	16
planetlab4.wail.wisc.edu_planetlab7.flux.utah.edu_13997 3	76741.474000	8647.520000	0.034000	0.000000	85389.028000	50101	16
planetlab4.wail.wisc.edu_planetlab7.flux.utah.edu_14000 3	76769.380000	8621.747000	0.031000	0.000000	85391.158000	50103	16
planetlab4.wail.wisc.edu_planetlab7.flux.utah.edu_14033 3	76992.209000	8490.181000	0.035000	0.000000	85482.425000	50106	16
planetlab4.wail.wisc.edu_planetlab7.flux.utah.edu_14035 3	76988.229000	8500.556000	0.021000	0.000000	85488.806000	50107	16
planetlab4.wail.wisc.edu_planetlab7.flux.utah.edu_14059 3	77195.101000	8349.253000	0.034000	0.000000	85544.388000	50112	16
planetlab4.wail.wisc.edu_planetlab7.flux.utah.edu_14071 3	77287.307000	8284.850000	0.032000	0.000000	85572.189000	50115	16
planetlab4.wail.wisc.edu_planetlab7.flux.utah.edu_14127 3	77647.629000	8090.851000	0.032000	0.000000	85738.512000	50117	16
planetlab4.wail.wisc.edu_planetlab7.flux.utah.edu_14129 3	77651.959000	8087.396000	0.025000	0.000000	85739.380000	50118	16
planetlab4.wail.wisc.edu_planetlab7.flux.utah.edu_14137 3	77684.706000	8075.244000	0.023000	0.000000	85759.973000	50119	16
planetlab4.wail.wisc.edu_planetlab7.flux.utah.edu_14142 3	77703.572000	8062.007000	0.030000	0.000000	85765.609000	50122	16
planetlab4.wail.wisc.edu_planetlab7.flux.utah.edu_14143 3	77703.907000	8064.748000	0.012000	0.000000	85768.667000	50121	16
planetlab4.wail.wisc.edu_planetlab7.flux.utah.edu_14147 3	77717.207000	8060.682000	0.026000	0.000000	85777.915000	50123	16
planetlab4.wail.wisc.edu_planetlab7.flux.utah.edu_14162 3	77867.156000	7952.182000	0.028000	0.000000	85819.366000	50124	16
planetlab4.wail.wisc.edu_planetlab7.flux.utah.edu_14164 3	77876.789000	7944.022000	0.036000	0.000000	85820.847000	50125	16
planetlab4.wail.wisc.edu_planetlab7.flux.utah.edu_14169 3	77886.584000	7938.849000	0.029000	0.000000	85825.462000	50126	16
planetlab4.wail.wisc.edu_planetlab7.flux.utah.edu_14171 3	77894.289000	7963.849000	0.035000	0.000000	85858.173000	50127	16
planetlab4.wail.wisc.edu_planetlab7.flux.utah.edu_14173 3	77900.060000	7959.749000	0.019000	0.000000	85859.828000	50128	16
planetlab4.wail.wisc.edu_planetlab7.flux.utah.edu_14175 3	77901.532000	7960.251000	0.017000	0.000000	85861.800000	50129	16
planetlab4.wail.wisc.edu_planetlab7.flux.utah.edu_14181 3	77916.912000	7953.776000	0.024000	0.000000	85870.712000	50130	16
planetlab4.wail.wisc.edu_planetlab7.flux.utah.edu_14200 3	78021.870000	7901.930000	0.025000	0.000000	85923.825000	50132	16
planetlab4.wail.wisc.edu_planetlab7.flux.utah.edu_14213 3	78083.379000	7864.786000	0.027000	0.000000	85948.192000	50135	16
planetlab4.wail.wisc.edu_planetlab7.flux.utah.edu_14217 3	78090.985000	7867.423000	0.021000	0.000000	85958.429000	50136	16
planetlab4.wail.wisc.edu_planetlab7.flux.utah.edu_14219 3	78106.401000	7852.949000	0.027000	0.000000	85959.377000	50139	16
planetlab4.wail.wisc.edu_planetlab7.flux.utah.edu_14233 3	78214.428000	7782.227000	0.038000	0.000000	85996.693000	50141	16
planetlab4.wail.wisc.edu_planetlab7.flux.utah.edu_14237 3	78223.736000	7774.663000	0.016000	0.000000	85998.415000	50142	16
planetlab4.wail.wisc.edu_planetlab7.flux.utah.edu_14239 3	78248.660000	7752.171000	0.031000	0.000000	86000.862000	50143	16
planetlab4.wail.wisc.edu_planetlab7.flux.utah.edu_14265 3	78514.301000	7547.867000	0.035000	0.000000	86062.203000	50149	16
planetlab4.wail.wisc.edu_planetlab7.flux.utah.edu_14269 3	78518.087000	7555.790000	0.027000	0.000000	86073.904000	50151	16
planetlab4.wail.wisc.edu_planetlab7.flux.utah.edu_14280 3	78583.742000	7516.761000	0.026000	0.000000	86100.529000	50155	16
planetlab4.wail.wisc.edu_planetlab7.flux.utah.edu_14301 3	78749.412000	7403.149000	0.021000	0.000000	86152.582000	50158	16
planetlab4.wail.wisc.edu_planetlab7.flux.utah.edu_14299 3	78747.555000	7406.165000	0.029000	0.000000	86153.749000	50157	16
planetlab4.wail.wisc.edu_planetlab7.flux.utah.edu_14303 3	78757.451000	7404.387000	0.025000	0.000000	86161.863000	50159	16
planetlab4.wail.wisc.edu_planetlab7.flux.utah.edu_14311 3	78841.772000	7349.859000	0.030000	0.000000	86191.661000	50160	16
planetlab4.wail.wisc.edu_planetlab7.flux.utah.edu_14315 3	78861.371000	7330.378000	0.023000	0.000000	86191.772000	50163	16
planetlab4.wail.wisc.edu_planetlab7.flux.utah.edu_14359 3	79184.764000	7158.630000	0.030000	0.000000	86343.424000	50175	16
planetlab4.wail.wisc.edu_planetlab7.flux.utah.edu_14429 3	79977.265000	6611.399000	0.022000	0.000000	86588.686000	50192	16
planetlab4.wail.wisc.edu_planetlab7.flux.utah.edu_14447 3	80283.929000	6382.932000	0.033000	0.000000	86666.894000	50203	16
planetlab4.wail.wisc.edu_planetlab7.flux.utah.edu_14533 3	81191.535000	5850.576000	0.024000	0.000000	87042.135000	50220	16
planetlab1.cs.uiuc.edu_planetlab7.flux.utah.edu_8513 3	25521.068000	96973.340000	0.021000	0.000000	122494.429000	49645	128
planetlab1.cs.uiuc.edu_planetlab7.flux.utah.edu_8546 3	28540.561000	95582.760000	0.020000	0.000000	124123.341000	49733	128
plgmu1.ite.gmu.edu_planetlab7.flux.utah.edu_2875 5	125639.150000	0.080000	0.052000	0.000000	125639.282000	49777	208
planetlab1.cs.uiuc.edu_planetlab7.flux.utah.edu_8877 3	65425.644000	70089.656000	0.022000	0.000000	135515.322000	49934	128
planetlab6.flux.utah.edu_planetlab7.flux.utah.edu_2257 6	139317.898000	0.078000	0.035000	0.000000	139318.011000	49943	240
planetlab1.cs.uiuc.edu_planetlab7.flux.utah.edu_8997 3	72456.518000	67346.610000	0.021000	0.000000	139803.149000	50043	128
planetlab1.cs.uiuc.edu_planetlab7.flux.utah.edu_9007 3	73848.923000	66230.635000	0.036000	0.000000	140079.594000	50065	128
plgmu1.ite.gmu.edu_planetlab7.flux.utah.edu_2948 5	145810.266000	0.067000	0.063000	0.000000	145810.396000	50180	208
planetlab01.sys.virginia.edu_planetlab7.flux.utah.edu_4501 4	123334.374000	64897.455000	0.066000	0.000000	188231.895000	49666	144
planetlab01.sys.virginia.edu_planetlab7.flux.utah.edu_4503 4	123355.947000	64905.088000	0.068000	0.000000	188261.103000	49696	144
planetlab01.sys.virginia.edu_planetlab7.flux.utah.edu_4497 4	123409.665000	64905.543000	0.047000	0.000000	188315.255000	49654	144
planetlab01.sys.virginia.edu_planetlab7.flux.utah.edu_4505 4	123520.000000	64794.753000	0.061000	0.000000	188314.814000	49698	144
planetlab01.sys.virginia.edu_planetlab7.flux.utah.edu_4507 4	123651.759000	64691.429000	0.085000	0.000000	188343.273000	49699	144
planetlab01.sys.virginia.edu_planetlab7.flux.utah.edu_4509 4	123842.253000	64589.353000	0.054000	0.000000	188431.660000	49702	144
planetlab01.sys.virginia.edu_planetlab7.flux.utah.edu_4515 4	123840.742000	64616.460000	0.054000	0.000000	188457.256000	49706	144
planetlab01.sys.virginia.edu_planetlab7.flux.utah.edu_4529 4	124376.085000	64268.008000	0.036000	0.000000	188644.129000	49714	144
planetlab01.sys.virginia.edu_planetlab7.flux.utah.edu_4543 4	124856.927000	64070.872000	0.059000	0.000000	188927.858000	49725	144
planetlab01.sys.virginia.edu_planetlab7.flux.utah.edu_4549 4	125207.987000	63799.492000	0.059000	0.000000	189007.538000	49736	144
planetlab01.sys.virginia.edu_planetlab7.flux.utah.edu_4553 4	125268.457000	63764.346000	0.052000	0.000000	189032.855000	49758	144
planetlab01.sys.virginia.edu_planetlab7.flux.utah.edu_4561 4	125381.581000	63735.672000	0.052000	0.000000	189117.305000	49762	144
planetlab01.sys.virginia.edu_planetlab7.flux.utah.edu_4594 4	126253.577000	63391.997000	0.036000	0.000000	189645.610000	49800	144
planetlab01.sys.virginia.edu_planetlab7.flux.utah.edu_4673 4	128014.011000	63141.795000	0.033000	0.000000	191155.839000	49821	144
planetlab01.sys.virginia.edu_planetlab7.flux.utah.edu_4675 4	128303.553000	63032.193000	0.057000	0.000000	191335.803000	49826	144
planetlab01.sys.virginia.edu_planetlab7.flux.utah.edu_4679 4	128431.602000	62972.405000	0.037000	0.000000	191404.044000	49837	144
planetlab01.sys.virginia.edu_planetlab7.flux.utah.edu_4685 4	128679.611000	62757.692000	0.066000	0.000000	191437.369000	49849	144
planetlab01.sys.virginia.edu_planetlab7.flux.utah.edu_4683 4	128654.413000	62783.106000	0.058000	0.000000	191437.577000	49845	144
planetlab01.sys.virginia.edu_planetlab7.flux.utah.edu_4687 4	128815.500000	62700.873000	0.057000	0.000000	191516.430000	49852	144
planetlab01.sys.virginia.edu_planetlab7.flux.utah.edu_4689 4	129003.968000	62512.537000	0.069000	0.000000	191516.574000	49853	144
planetlab01.sys.virginia.edu_planetlab7.flux.utah.edu_4693 4	129211.374000	62457.674000	0.058000	0.000000	191669.106000	49855	144
planetlab01.sys.virginia.edu_planetlab7.flux.utah.edu_4695 4	129125.910000	62543.275000	0.025000	0.000000	191669.210000	49856	144
planetlab01.sys.virginia.edu_planetlab7.flux.utah.edu_4701 4	129231.964000	62540.505000	0.031000	0.000000	191772.500000	49864	144
planetlab01.sys.virginia.edu_planetlab7.flux.utah.edu_4702 4	129230.997000	62541.621000	0.024000	0.000000	191772.642000	49865	144
planetlab01.sys.virginia.edu_planetlab7.flux.utah.edu_4705 4	129352.323000	62470.235000	0.054000	0.000000	191822.612000	49866	144
planetlab01.sys.virginia.edu_planetlab7.flux.utah.edu_4707 4	129426.561000	62470.491000	0.035000	0.000000	191897.087000	49868	144
planetlab01.sys.virginia.edu_planetlab7.flux.utah.edu_4715 4	129872.718000	62301.378000	0.052000	0.000000	192174.148000	49880	144
planetlab01.sys.virginia.edu_planetlab7.flux.utah.edu_4731 4	130314.353000	62121.887000	0.053000	0.000000	192436.293000	49896	144
planetlab01.sys.virginia.edu_planetlab7.flux.utah.edu_4770 4	131510.770000	61582.697000	0.073000	0.000000	193093.540000	49910	144
planetlab01.sys.virginia.edu_planetlab7.flux.utah.edu_4874 4	134717.776000	60450.048000	0.045000	0.000000	195167.869000	49917	144
planetlab01.sys.virginia.edu_planetlab7.flux.utah.edu_4940 4	136526.204000	59844.235000	0.220000	0.000000	196370.659000	49954	144
planetlab01.sys.virginia.edu_planetlab7.flux.utah.edu_5098 4	140782.088000	58862.002000	0.063000	0.000000	199644.153000	50038	144
planetlab01.sys.virginia.edu_planetlab7.flux.utah.edu_5216 4	143038.749000	58086.774000	0.031000	0.000000	201125.554000	50102	144
planetlab01.sys.virginia.edu_planetlab7.flux.utah.edu_5240 4	143798.326000	57513.957000	0.056000	0.000000	201312.339000	50109	144
planetlab01.sys.virginia.edu_planetlab7.flux.utah.edu_5283 4	144962.211000	56828.530000	0.060000	0.000000	201790.801000	50120	144
planetlab01.sys.virginia.edu_planetlab7.flux.utah.edu_5287 4	145609.782000	56250.683000	0.055000	0.000000	201860.520000	50134	144
planetlab01.sys.virginia.edu_planetlab7.flux.utah.edu_5295 4	145980.266000	55980.973000	0.067000	0.000000	201961.306000	50150	144
planetlab01.sys.virginia.edu_planetlab7.flux.utah.edu_5304 4	145996.349000	56072.863000	0.051000	0.000000	202069.263000	50162	144
planetlab01.sys.virginia.edu_planetlab7.flux.utah.edu_5305 4	146028.636000	56072.929000	0.027000	0.000000	202101.592000	50164	144
planetlab01.sys.virginia.edu_planetlab7.flux.utah.edu_5311 4	146558.252000	55665.997000	0.080000	0.000000	202224.329000	50166	144
planetlab01.sys.virginia.edu_planetlab7.flux.utah.edu_5312 4	146527.139000	55697.277000	0.027000	0.000000	202224.443000	50167	144
planetlab01.sys.virginia.edu_planetlab7.flux.utah.edu_5320 4	146662.669000	55603.743000	0.065000	0.000000	202266.477000	50174	144
