planet1.cs.rochester.edu_planetlab4.csail.mit.edu_1301 3	204.154000	961.539000	0.069000	0.008000	1165.770000	S	46746	3328
planetlab2.dtc.umn.edu_planetlab4.csail.mit.edu_2408 4	1108.563000	331.372000	0.353000	0.009000	1440.297000	S	46528	3072
planetlab2.cs.uoregon.edu_planetlab4.csail.mit.edu_1848 3	701.707000	759.763000	0.078000	0.009000	1461.557000	S	46630	3104
planetlab2.dtc.umn.edu_planetlab4.csail.mit.edu_2460 4	648.763000	1464.234000	0.103000	0.017000	2113.117000	S	46912	3072
planetlab-1.cse.ohio-state.edu_planetlab4.csail.mit.edu_2869 2	455.227000	3225.647000	0.065000	0.004000	3680.943000	S	46492	2560
node2.planetlab.albany.edu_planetlab4.csail.mit.edu_2340 3	266.898000	3796.824000	0.063000	0.007000	4063.792000	S	46868	1792
planetlab-3.cmcl.cs.cmu.edu_planetlab4.csail.mit.edu_3201 3	283.983000	3845.312000	0.077000	0.008000	4129.380000	S	47016	1568
planetlab-1.cse.ohio-state.edu_planetlab4.csail.mit.edu_2920 2	459.902000	3966.072000	0.049000	0.006000	4426.029000	S	46569	2560
planetlab2.cs.pitt.edu_planetlab4.csail.mit.edu_4796 3	107.172000	5715.095000	0.061000	0.006000	5822.334000	S	46480	304
vn5.cse.wustl.edu_planetlab4.csail.mit.edu_2894 1	153.666000	5797.241000	0.027000	0.003000	5950.937000	S	46700	1344
planetlab2.cs.pitt.edu_planetlab4.csail.mit.edu_4835 3	104.091000	6488.292000	0.046000	0.007000	6592.436000	S	46648	304
planetlab7.flux.utah.edu_planetlab4.csail.mit.edu_3989 4	419.193000	6201.464000	0.073000	0.008000	6620.738000	S	46542	1536
planetlab7.flux.utah.edu_planetlab4.csail.mit.edu_4031 4	420.087000	6272.846000	0.090000	0.010000	6693.033000	S	46798	1536
planetlab-1.cse.ohio-state.edu_planetlab4.csail.mit.edu_3037 2	200.608000	6596.020000	0.065000	0.006000	6796.699000	S	46858	2560
planetlab1.cs.cornell.edu_planetlab4.csail.mit.edu_4566 2	59.218000	7106.250000	0.050000	0.004000	7165.522000	S	46571	1280
planetlab1.cs.cornell.edu_planetlab4.csail.mit.edu_4577 2	55.536000	7134.167000	0.054000	0.005000	7189.762000	S	46659	1280
planetlab4.williams.edu_planetlab4.csail.mit.edu_3942 3	300.936000	7680.326000	0.084000	0.007000	7981.353000	S	46577	336
planetlab-01.cs.princeton.edu_planetlab4.csail.mit.edu_2275 4	302.518000	8716.993000	0.364000	0.006000	9019.881000	S	46959	816
planetlab4.williams.edu_planetlab4.csail.mit.edu_4079 3	295.412000	9865.739000	0.050000	0.007000	10161.208000	S	46961	336
planetlab1.williams.edu_planetlab4.csail.mit.edu_4038 2	107.524000	10065.752000	0.038000	0.005000	10173.319000	S	46512	2176
planetlab3.eecs.northwestern.edu_planetlab4.csail.mit.edu_2109 6	344.871000	10196.756000	0.180000	0.019000	10541.826000	S	46564	912
planetlab1.williams.edu_planetlab4.csail.mit.edu_4151 2	111.993000	10609.231000	0.061000	0.004000	10721.289000	S	46595	2176
planetlab2.cs.columbia.edu_planetlab4.csail.mit.edu_6576 3	490.630000	10290.498000	0.165000	0.010000	10781.303000	S	46477	112
pl2.cs.unm.edu_planetlab4.csail.mit.edu_5021 1	251.726000	10562.606000	0.034000	0.003000	10814.369000	S	46800	1120
pluto.cs.brown.edu_planetlab4.csail.mit.edu_5432 4	284.342000	10827.852000	0.081000	0.010000	11112.285000	S	46522	768
planetlab2.cs.columbia.edu_planetlab4.csail.mit.edu_6724 3	1778.955000	10807.798000	0.149000	0.005000	12586.907000	S	46533	112
planetlab2.cs.columbia.edu_planetlab4.csail.mit.edu_6745 3	1908.680000	10889.839000	0.112000	0.005000	12798.636000	S	46540	112
planetlab2.cs.columbia.edu_planetlab4.csail.mit.edu_6749 3	1930.827000	10908.527000	0.132000	0.005000	12839.491000	S	46541	112
planetlab2.cs.columbia.edu_planetlab4.csail.mit.edu_6754 3	1714.081000	11159.868000	0.073000	0.003000	12874.025000	S	46557	112
planetlab2.cs.columbia.edu_planetlab4.csail.mit.edu_6781 3	1588.920000	11547.671000	0.144000	0.006000	13136.741000	S	46573	112
node1.planetlab.albany.edu_planetlab4.csail.mit.edu_33986 3	103.882000	13166.934000	0.049000	0.007000	13270.872000	S	46637	32
planetlab-02.bu.edu_planetlab4.csail.mit.edu_3363 2	50.663000	13706.829000	0.043000	0.005000	13757.540000	S	46615	368
planetlab1.williams.edu_planetlab4.csail.mit.edu_4218 2	108.558000	13845.910000	0.041000	0.004000	13954.513000	S	46768	2176
planetlab1.williams.edu_planetlab4.csail.mit.edu_4300 2	119.246000	14115.948000	0.037000	0.006000	14235.237000	S	46896	2176
node1.planetlab.albany.edu_planetlab4.csail.mit.edu_34575 3	104.831000	14581.637000	0.059000	0.007000	14686.534000	S	46770	32
planetlab1.williams.edu_planetlab4.csail.mit.edu_4337 2	106.905000	14634.504000	0.037000	0.004000	14741.450000	S	46992	2176
planetlab1.williams.edu_planetlab4.csail.mit.edu_4345 2	105.459000	14817.823000	0.039000	0.005000	14923.326000	S	47008	2176
planetlab2.mnlab.cti.depaul.edu_planetlab4.csail.mit.edu_5816 4	456.073000	14590.667000	0.070000	0.010000	15046.820000	S	46600	1152
node1.planetlab.albany.edu_planetlab4.csail.mit.edu_34681 3	103.257000	14981.245000	0.052000	0.007000	15084.561000	S	46791	32
planetlab1.williams.edu_planetlab4.csail.mit.edu_4354 2	106.949000	15040.579000	0.037000	0.005000	15147.570000	S	47024	2176
planetlab1.williams.edu_planetlab4.csail.mit.edu_4356 2	106.880000	15053.152000	0.037000	0.003000	15160.072000	S	47025	2176
planetlab1.williams.edu_planetlab4.csail.mit.edu_4358 2	105.884000	15066.861000	0.031000	0.005000	15172.781000	S	47026	2176
planetlab1.williams.edu_planetlab4.csail.mit.edu_4362 2	106.079000	15138.140000	0.036000	0.006000	15244.261000	S	47028	2176
planetlab2.cs.columbia.edu_planetlab4.csail.mit.edu_6978 3	4533.271000	10848.567000	0.155000	0.009000	15382.002000	S	46537	112
planetlab1.williams.edu_planetlab4.csail.mit.edu_4366 2	107.859000	15291.349000	0.043000	0.003000	15399.254000	S	47032	2176
planetlab2.cs.columbia.edu_planetlab4.csail.mit.edu_6985 3	4534.628000	10913.124000	0.113000	0.007000	15447.872000	S	46543	112
planetlab2.mnlab.cti.depaul.edu_planetlab4.csail.mit.edu_5883 4	455.310000	15445.935000	0.054000	0.008000	15901.307000	S	46743	1152
planetlab1.williams.edu_planetlab4.csail.mit.edu_4395 2	105.776000	15940.919000	0.035000	0.005000	16046.735000	S	47088	2176
planetlab-2.cmcl.cs.cmu.edu_planetlab4.csail.mit.edu_4405 5	389.248000	15724.406000	0.109000	0.014000	16113.777000	S	46517	560
planetlab2.acis.ufl.edu_planetlab4.csail.mit.edu_11914 2	284.818000	15890.232000	0.055000	0.004000	16175.109000	S	46847	1056
planetlab2.mnlab.cti.depaul.edu_planetlab4.csail.mit.edu_5902 4	455.299000	15838.679000	0.079000	0.006000	16294.063000	S	46818	1152
planetlab-2.cs.uh.edu_planetlab4.csail.mit.edu_3081 5	523.583000	16431.940000	0.107000	0.010000	16955.640000	S	46601	784
planetlab2.mnlab.cti.depaul.edu_planetlab4.csail.mit.edu_5930 4	455.312000	16689.636000	0.077000	0.006000	17145.031000	S	47068	1152
planetlab-01.bu.edu_planetlab4.csail.mit.edu_7448 6	491.912000	18374.560000	0.778000	0.013000	18867.263000	S	46989	640
planetlab4.csee.usf.edu_planetlab4.csail.mit.edu_2676 3	285.183000	19063.586000	0.076000	0.007000	19348.852000	S	46885	2624
planetlab2.cs.columbia.edu_planetlab4.csail.mit.edu_7396 3	411.773000	19443.696000	0.130000	0.006000	19855.605000	S	47053	112
node1.planetlab.albany.edu_planetlab4.csail.mit.edu_35811 3	102.685000	19792.610000	0.075000	0.007000	19895.377000	S	47097	32
planetlab2.eecs.umich.edu_planetlab4.csail.mit.edu_14952 3	2137.135000	18716.436000	0.091000	0.006000	20853.668000	S	46574	2048
planetlab2.eecs.umich.edu_planetlab4.csail.mit.edu_14942 3	2135.762000	18718.954000	0.096000	0.005000	20854.817000	S	46581	2048
planetlab2.eecs.umich.edu_planetlab4.csail.mit.edu_14975 3	2177.613000	18758.955000	0.110000	0.005000	20936.683000	S	46605	2048
planetlab2.eecs.umich.edu_planetlab4.csail.mit.edu_14985 3	2193.021000	18783.523000	0.100000	0.006000	20976.650000	S	46613	2048
planetlab2.eecs.umich.edu_planetlab4.csail.mit.edu_15106 3	2651.064000	18688.284000	0.123000	0.004000	21339.475000	S	46623	2048
planetlab2.eecs.umich.edu_planetlab4.csail.mit.edu_15110 3	2670.836000	18680.563000	0.084000	0.006000	21351.489000	S	46621	2048
planetlab2.eecs.umich.edu_planetlab4.csail.mit.edu_15108 3	2684.821000	18677.920000	0.106000	0.005000	21362.852000	S	46617	2048
planetlab2.eecs.umich.edu_planetlab4.csail.mit.edu_15134 3	196.728000	21250.716000	0.112000	0.005000	21447.561000	S	46661	2048
planetlab2.eecs.umich.edu_planetlab4.csail.mit.edu_15135 3	194.221000	21254.727000	0.056000	0.004000	21449.008000	S	46668	2048
planetlab2.eecs.umich.edu_planetlab4.csail.mit.edu_15137 3	191.624000	21258.014000	0.122000	0.006000	21449.766000	S	46665	2048
planetlab2.eecs.umich.edu_planetlab4.csail.mit.edu_15143 3	194.198000	21277.418000	0.108000	0.006000	21471.730000	S	46669	2048
planetlab-2.cmcl.cs.cmu.edu_planetlab4.csail.mit.edu_4587 5	400.284000	21081.670000	0.124000	0.011000	21482.089000	S	46773	560
planetlab2.eecs.umich.edu_planetlab4.csail.mit.edu_15155 3	211.117000	21301.048000	0.097000	0.006000	21512.268000	S	46671	2048
planetlab2.eecs.umich.edu_planetlab4.csail.mit.edu_15159 3	221.625000	21294.863000	0.101000	0.006000	21516.595000	S	46673	2048
planetlab2.eecs.umich.edu_planetlab4.csail.mit.edu_15163 3	210.890000	21337.879000	0.108000	0.006000	21548.883000	S	46676	2048
planetlab2.eecs.umich.edu_planetlab4.csail.mit.edu_15167 3	232.188000	21318.142000	0.109000	0.006000	21550.445000	S	46677	2048
planetlab2.eecs.umich.edu_planetlab4.csail.mit.edu_15169 3	225.917000	21335.694000	0.092000	0.005000	21561.708000	S	46679	2048
planetlab2.eecs.umich.edu_planetlab4.csail.mit.edu_15177 3	224.575000	21362.641000	0.095000	0.005000	21587.316000	S	46680	2048
planetlab2.eecs.umich.edu_planetlab4.csail.mit.edu_15179 3	231.182000	21358.829000	0.106000	0.004000	21590.121000	S	46681	2048
planetlab2.eecs.umich.edu_planetlab4.csail.mit.edu_15183 3	244.005000	21355.245000	2.785000	0.006000	21602.041000	S	46684	2048
planetlab2.eecs.umich.edu_planetlab4.csail.mit.edu_15187 3	251.471000	21377.850000	0.097000	0.006000	21629.424000	S	46683	2048
planetlab2.eecs.umich.edu_planetlab4.csail.mit.edu_15190 3	270.590000	21362.782000	0.099000	0.006000	21633.477000	S	46685	2048
planetlab2.eecs.umich.edu_planetlab4.csail.mit.edu_15192 3	261.611000	21381.516000	0.099000	0.004000	21643.230000	S	46686	2048
planetlab2.eecs.umich.edu_planetlab4.csail.mit.edu_15198 3	304.647000	21364.501000	0.123000	0.008000	21669.279000	S	46687	2048
planetlab2.eecs.umich.edu_planetlab4.csail.mit.edu_15200 3	346.389000	21327.418000	0.098000	0.005000	21673.910000	S	46701	2048
planetlab2.eecs.umich.edu_planetlab4.csail.mit.edu_15211 3	3313.618000	18410.577000	0.101000	0.012000	21724.308000	S	46620	2048
planetlab2.eecs.umich.edu_planetlab4.csail.mit.edu_15218 3	3314.267000	18430.915000	0.107000	0.004000	21745.293000	S	46632	2048
planetlab2.eecs.umich.edu_planetlab4.csail.mit.edu_15232 3	3377.038000	18407.559000	0.099000	0.007000	21784.703000	S	46653	2048
planetlab2.eecs.umich.edu_planetlab4.csail.mit.edu_15236 3	486.720000	21313.030000	0.107000	0.005000	21799.862000	S	46709	2048
planetlab2.eecs.umich.edu_planetlab4.csail.mit.edu_15246 3	425.685000	21422.677000	0.107000	0.010000	21848.479000	S	46716	2048
planetlab2.eecs.umich.edu_planetlab4.csail.mit.edu_15260 3	499.416000	21413.973000	0.089000	0.006000	21913.484000	S	46717	2048
planetlab2.eecs.umich.edu_planetlab4.csail.mit.edu_15262 3	493.735000	21444.565000	0.100000	0.004000	21938.404000	S	46719	2048
planetlab2.eecs.umich.edu_planetlab4.csail.mit.edu_15271 3	487.209000	21471.254000	0.245000	0.007000	21958.715000	S	46749	2048
planetlab2.eecs.umich.edu_planetlab4.csail.mit.edu_15304 3	543.220000	21586.470000	0.099000	0.009000	22129.798000	S	46775	2048
planetlab2.eecs.umich.edu_planetlab4.csail.mit.edu_15318 3	620.206000	21561.752000	0.103000	0.011000	22182.072000	S	46786	2048
planetlab4.rutgers.edu_planetlab4.csail.mit.edu_18229 3	294.243000	21898.089000	0.062000	0.005000	22192.399000	S	46473	1024
planetlab4.rutgers.edu_planetlab4.csail.mit.edu_18231 3	292.987000	21913.044000	0.055000	0.006000	22206.092000	S	46481	1024
planetlab4.rutgers.edu_planetlab4.csail.mit.edu_18243 3	292.937000	21934.337000	0.052000	0.005000	22227.331000	S	46488	1024
planetlab4.rutgers.edu_planetlab4.csail.mit.edu_18245 3	291.588000	21940.909000	0.039000	0.003000	22232.539000	S	46489	1024
planetlab4.rutgers.edu_planetlab4.csail.mit.edu_18251 3	292.004000	21957.304000	0.126000	0.007000	22249.441000	S	46491	1024
planetlab2.eecs.umich.edu_planetlab4.csail.mit.edu_15338 3	699.456000	21555.216000	0.102000	0.004000	22254.778000	S	46797	2048
planetlab4.rutgers.edu_planetlab4.csail.mit.edu_18261 3	292.565000	21971.032000	0.064000	0.004000	22263.665000	S	46493	1024
planetlab2.eecs.umich.edu_planetlab4.csail.mit.edu_15354 3	775.803000	21549.251000	0.101000	0.005000	22325.160000	S	46805	2048
planetlab2.eecs.umich.edu_planetlab4.csail.mit.edu_15356 3	773.697000	21560.364000	0.097000	0.005000	22334.163000	S	46809	2048
planetlab2.eecs.umich.edu_planetlab4.csail.mit.edu_15360 3	782.064000	21557.299000	0.086000	0.004000	22339.453000	S	46812	2048
planetlab2.eecs.umich.edu_planetlab4.csail.mit.edu_15364 3	799.188000	21543.533000	0.095000	0.005000	22342.821000	S	46813	2048
planetlab2.eecs.umich.edu_planetlab4.csail.mit.edu_15369 3	806.214000	21562.833000	0.092000	0.006000	22369.145000	S	46815	2048
planetlab4.rutgers.edu_planetlab4.csail.mit.edu_18343 3	291.950000	22130.279000	0.064000	0.007000	22422.300000	S	46521	1024
planetlab2.eecs.umich.edu_planetlab4.csail.mit.edu_15400 3	921.931000	21546.825000	1.002000	0.005000	22469.763000	S	46830	2048
planetlab2.eecs.umich.edu_planetlab4.csail.mit.edu_15421 3	987.258000	21576.044000	0.106000	0.005000	22563.413000	S	46845	2048
planetlab4.rutgers.edu_planetlab4.csail.mit.edu_18391 3	335.006000	22252.277000	0.062000	0.008000	22587.353000	S	46553	1024
planetlab2.eecs.umich.edu_planetlab4.csail.mit.edu_15466 3	1145.385000	21548.602000	0.095000	0.005000	22694.087000	S	46870	2048
planetlab4.rutgers.edu_planetlab4.csail.mit.edu_18421 3	297.141000	22440.800000	0.058000	0.006000	22738.005000	S	46565	1024
planetlab2.eecs.umich.edu_planetlab4.csail.mit.edu_15478 3	1198.631000	21538.768000	0.104000	0.004000	22737.507000	S	46877	2048
planetlab4.rutgers.edu_planetlab4.csail.mit.edu_18465 3	292.534000	22530.023000	0.061000	0.007000	22822.625000	S	46607	1024
planetlab4.rutgers.edu_planetlab4.csail.mit.edu_18473 3	292.963000	22539.210000	0.074000	0.007000	22832.254000	S	46609	1024
planetlab4.rutgers.edu_planetlab4.csail.mit.edu_18487 3	307.386000	22560.639000	0.078000	0.005000	22868.108000	S	46640	1024
planetlab4.rutgers.edu_planetlab4.csail.mit.edu_18491 3	333.007000	22565.894000	0.072000	0.005000	22898.978000	S	46641	1024
planetlab4.rutgers.edu_planetlab4.csail.mit.edu_18489 3	334.466000	22565.975000	0.054000	0.004000	22900.499000	S	46625	1024
planetlab2.eecs.umich.edu_planetlab4.csail.mit.edu_15538 3	1420.322000	21523.232000	0.101000	0.005000	22943.660000	S	46933	2048
planetlab2.eecs.umich.edu_planetlab4.csail.mit.edu_15548 3	1370.136000	21592.645000	0.112000	0.006000	22962.899000	S	46958	2048
planetlab4.rutgers.edu_planetlab4.csail.mit.edu_18493 3	397.845000	22574.903000	0.072000	0.006000	22972.826000	S	46643	1024
planetlab4.rutgers.edu_planetlab4.csail.mit.edu_18497 3	461.136000	22587.218000	0.082000	0.006000	23048.442000	S	46645	1024
planetlab4.rutgers.edu_planetlab4.csail.mit.edu_18505 3	457.278000	22616.262000	0.065000	0.008000	23073.613000	S	46649	1024
roam2.cs.ou.edu_planetlab4.csail.mit.edu_16863 4	233.238000	22850.858000	0.065000	0.009000	23084.170000	S	46494	48
planetlab4.rutgers.edu_planetlab4.csail.mit.edu_18521 3	293.224000	22797.815000	0.073000	0.005000	23091.117000	S	46678	1024
roam2.cs.ou.edu_planetlab4.csail.mit.edu_16878 4	223.490000	22911.138000	0.067000	0.006000	23134.701000	S	46498	48
planetlab4.rutgers.edu_planetlab4.csail.mit.edu_18533 3	293.433000	22854.838000	0.078000	0.008000	23148.357000	S	46705	1024
planetlab2.eecs.umich.edu_planetlab4.csail.mit.edu_15583 3	1822.046000	21328.977000	0.098000	0.007000	23151.128000	S	46925	2048
planetlab4.rutgers.edu_planetlab4.csail.mit.edu_18539 3	292.496000	22870.576000	0.072000	0.009000	23163.153000	S	46714	1024
planetlab4.rutgers.edu_planetlab4.csail.mit.edu_18556 3	342.885000	22844.389000	0.067000	0.005000	23187.346000	S	46769	1024
planetlab4.rutgers.edu_planetlab4.csail.mit.edu_18558 3	421.355000	22766.655000	0.073000	0.006000	23188.089000	S	46780	1024
planetlab4.rutgers.edu_planetlab4.csail.mit.edu_18562 3	358.932000	22835.083000	0.044000	0.007000	23194.066000	S	46793	1024
planetlab4.rutgers.edu_planetlab4.csail.mit.edu_18576 3	293.672000	22941.664000	0.063000	0.008000	23235.407000	S	46821	1024
roam2.cs.ou.edu_planetlab4.csail.mit.edu_16914 4	232.451000	23018.413000	0.068000	0.014000	23250.946000	S	46530	48
planetlab4.rutgers.edu_planetlab4.csail.mit.edu_18580 3	291.913000	22952.239000	0.068000	0.005000	23244.225000	S	46855	1024
planetlab4.rutgers.edu_planetlab4.csail.mit.edu_18582 3	292.010000	22952.273000	0.059000	0.009000	23244.351000	S	46859	1024
planetlab2.eecs.umich.edu_planetlab4.csail.mit.edu_15602 3	1449.418000	21802.618000	0.094000	0.008000	23252.138000	S	46985	2048
planetlab4.rutgers.edu_planetlab4.csail.mit.edu_18584 3	292.748000	22962.873000	0.060000	0.005000	23255.686000	S	46861	1024
planetlab4.rutgers.edu_planetlab4.csail.mit.edu_18586 3	291.978000	22968.946000	0.077000	0.012000	23261.013000	S	46862	1024
planetlab4.rutgers.edu_planetlab4.csail.mit.edu_18590 3	291.801000	22978.738000	0.063000	0.005000	23270.607000	S	46863	1024
planetlab4.rutgers.edu_planetlab4.csail.mit.edu_18600 3	292.014000	23005.170000	0.061000	0.005000	23297.250000	S	46879	1024
planetlab4.rutgers.edu_planetlab4.csail.mit.edu_18602 3	293.007000	23012.896000	0.073000	0.005000	23305.981000	S	46895	1024
planetlab4.rutgers.edu_planetlab4.csail.mit.edu_18604 3	292.778000	23022.669000	0.065000	0.007000	23315.519000	S	46897	1024
planetlab4.rutgers.edu_planetlab4.csail.mit.edu_18606 3	291.797000	23025.578000	0.064000	0.009000	23317.448000	S	46906	1024
planetlab1.eecs.umich.edu_planetlab4.csail.mit.edu_4791 4	269.489000	23066.453000	0.110000	0.021000	23336.073000	S	46479	2304
planetlab1.eecs.umich.edu_planetlab4.csail.mit.edu_4793 4	275.194000	23063.310000	0.108000	0.009000	23338.621000	S	46487	2304
planetlab4.rutgers.edu_planetlab4.csail.mit.edu_18610 3	294.409000	23037.543000	0.069000	0.007000	23332.028000	S	46927	1024
planetlab4.rutgers.edu_planetlab4.csail.mit.edu_18612 3	292.804000	23043.076000	0.072000	0.006000	23335.958000	S	46938	1024
planetlab2.eecs.umich.edu_planetlab4.csail.mit.edu_15622 3	1702.878000	21633.201000	0.102000	0.006000	23336.187000	S	46973	2048
planetlab4.rutgers.edu_planetlab4.csail.mit.edu_18616 3	292.045000	23050.978000	0.065000	0.005000	23343.093000	S	46949	1024
planetlab4.rutgers.edu_planetlab4.csail.mit.edu_18620 3	292.316000	23066.190000	0.057000	0.010000	23358.573000	S	46954	1024
planetlab4.rutgers.edu_planetlab4.csail.mit.edu_18624 3	292.557000	23075.904000	0.054000	0.005000	23368.520000	S	46962	1024
planetlab4.rutgers.edu_planetlab4.csail.mit.edu_18626 3	293.075000	23077.597000	0.053000	0.006000	23370.731000	S	46968	1024
planetlab4.rutgers.edu_planetlab4.csail.mit.edu_18628 3	294.176000	23092.754000	0.092000	0.007000	23387.029000	S	46970	1024
planetlab4.rutgers.edu_planetlab4.csail.mit.edu_18630 3	294.652000	23103.366000	0.052000	0.009000	23398.079000	S	46971	1024
planetlab4.rutgers.edu_planetlab4.csail.mit.edu_18632 3	293.737000	23104.448000	0.058000	0.007000	23398.250000	S	46974	1024
planetlab4.rutgers.edu_planetlab4.csail.mit.edu_18634 3	303.808000	23117.161000	0.074000	0.011000	23421.054000	S	46978	1024
planetlab4.rutgers.edu_planetlab4.csail.mit.edu_18640 3	292.060000	23134.171000	0.068000	0.013000	23426.312000	S	46991	1024
planetlab1.eecs.umich.edu_planetlab4.csail.mit.edu_4815 4	247.444000	23194.953000	0.340000	0.008000	23442.745000	S	46503	2304
planetlab4.rutgers.edu_planetlab4.csail.mit.edu_18644 3	292.494000	23142.925000	0.064000	0.009000	23435.492000	S	47001	1024
roam2.cs.ou.edu_planetlab4.csail.mit.edu_16963 4	224.071000	23239.554000	0.070000	0.011000	23463.706000	S	46560	48
planetlab4.rutgers.edu_planetlab4.csail.mit.edu_18654 3	292.868000	23195.568000	0.078000	0.007000	23488.521000	S	47013	1024
planetlab2.eecs.umich.edu_planetlab4.csail.mit.edu_15673 3	1919.264000	21582.130000	0.098000	0.005000	23501.497000	S	47022	2048
roam2.cs.ou.edu_planetlab4.csail.mit.edu_16967 4	223.882000	23288.929000	0.060000	0.009000	23512.880000	S	46562	48
planetlab1.eecs.umich.edu_planetlab4.csail.mit.edu_4835 4	340.594000	23174.141000	0.101000	0.007000	23514.843000	S	46535	2304
planetlab4.rutgers.edu_planetlab4.csail.mit.edu_18660 3	293.089000	23214.701000	0.058000	0.006000	23507.854000	S	47045	1024
planetlab4.rutgers.edu_planetlab4.csail.mit.edu_18664 3	291.883000	23222.000000	0.093000	0.007000	23513.983000	S	47073	1024
planetlab4.rutgers.edu_planetlab4.csail.mit.edu_18666 3	292.246000	23228.849000	0.065000	0.006000	23521.166000	S	47076	1024
planetlab4.rutgers.edu_planetlab4.csail.mit.edu_18668 3	292.400000	23241.410000	0.070000	0.005000	23533.885000	S	47077	1024
planetlab4.rutgers.edu_planetlab4.csail.mit.edu_18670 3	291.814000	23247.967000	0.067000	0.006000	23539.854000	S	47079	1024
planetlab4.rutgers.edu_planetlab4.csail.mit.edu_18674 3	292.014000	23251.553000	0.068000	0.008000	23543.643000	S	47085	1024
planetlab4.rutgers.edu_planetlab4.csail.mit.edu_18676 3	292.922000	23254.772000	0.072000	0.006000	23547.772000	S	47093	1024
roam2.cs.ou.edu_planetlab4.csail.mit.edu_16972 4	223.734000	23337.275000	0.066000	0.008000	23561.083000	S	46563	48
planetlab4.rutgers.edu_planetlab4.csail.mit.edu_18680 3	292.700000	23267.456000	0.064000	0.007000	23560.227000	S	47098	1024
roam2.cs.ou.edu_planetlab4.csail.mit.edu_16974 4	226.389000	23361.898000	0.100000	0.007000	23588.394000	S	46566	48
roam2.cs.ou.edu_planetlab4.csail.mit.edu_16977 4	223.665000	23410.966000	0.069000	0.009000	23634.709000	S	46570	48
planetlab2.eecs.umich.edu_planetlab4.csail.mit.edu_15734 3	2029.439000	21750.466000	0.101000	0.005000	23780.011000	S	47054	2048
planetlab5.cs.uiuc.edu_planetlab4.csail.mit.edu_3914 5	254.979000	23568.160000	0.107000	0.016000	23823.262000	S	46817	2336
planetlab1.eecs.umich.edu_planetlab4.csail.mit.edu_4932 4	250.362000	23582.625000	0.102000	0.007000	23833.096000	S	46983	2304
planetlab2.eecs.umich.edu_planetlab4.csail.mit.edu_15759 3	2082.099000	21800.324000	0.127000	0.006000	23882.556000	S	47069	2048
planetlab2.eecs.umich.edu_planetlab4.csail.mit.edu_15782 3	2266.641000	21664.844000	0.097000	0.004000	23931.586000	S	47078	2048
planetlab2.eecs.umich.edu_planetlab4.csail.mit.edu_15791 3	2340.407000	21637.463000	0.097000	0.006000	23977.973000	S	47082	2048
planetlab2.eecs.umich.edu_planetlab4.csail.mit.edu_15805 3	2433.116000	21620.695000	0.094000	0.005000	24053.910000	S	47084	2048
planetlab2.eecs.umich.edu_planetlab4.csail.mit.edu_15817 3	2445.635000	21656.790000	0.098000	0.008000	24102.531000	S	47087	2048
planetlab2.eecs.umich.edu_planetlab4.csail.mit.edu_15815 3	2482.367000	21630.132000	0.088000	0.006000	24112.593000	S	47086	2048
planetlab2.eecs.umich.edu_planetlab4.csail.mit.edu_15922 3	5246.775000	19464.858000	0.286000	0.005000	24711.924000	S	46937	2048
planetlab2.eecs.umich.edu_planetlab4.csail.mit.edu_15925 3	5254.186000	19476.579000	0.084000	0.008000	24730.857000	S	46940	2048
planetlab2.eecs.umich.edu_planetlab4.csail.mit.edu_15928 3	5258.537000	19485.440000	0.106000	0.004000	24744.087000	S	46941	2048
planetlab2.eecs.umich.edu_planetlab4.csail.mit.edu_15930 3	5263.102000	19488.337000	0.098000	0.007000	24751.544000	S	46943	2048
planetlab2.eecs.umich.edu_planetlab4.csail.mit.edu_16009 3	6017.065000	19063.647000	0.095000	0.007000	25080.814000	S	46947	2048
planetlab1.cs.unc.edu_planetlab4.csail.mit.edu_10085 6	425.105000	25362.811000	0.535000	0.013000	25788.464000	S	46483	528
planetlab1.cs.unc.edu_planetlab4.csail.mit.edu_10095 6	421.534000	25436.155000	0.348000	0.014000	25858.051000	S	46531	528
planetlab1.cs.unc.edu_planetlab4.csail.mit.edu_10105 6	431.954000	25646.624000	0.247000	0.012000	26078.837000	S	46545	528
planetlab1.cs.unc.edu_planetlab4.csail.mit.edu_10110 6	427.822000	25670.431000	0.131000	0.017000	26098.401000	S	46546	528
planetlab1.cs.unc.edu_planetlab4.csail.mit.edu_10119 6	420.464000	25701.224000	0.108000	0.014000	26121.810000	S	46547	528
planetlab1.cs.unc.edu_planetlab4.csail.mit.edu_10141 6	418.847000	25766.900000	0.133000	0.013000	26185.893000	S	46551	528
planetlab1.cs.unc.edu_planetlab4.csail.mit.edu_10193 6	419.568000	25968.609000	0.130000	0.018000	26388.325000	S	46579	528
roam2.cs.ou.edu_planetlab4.csail.mit.edu_16996 4	223.257000	26175.731000	0.086000	0.006000	26399.080000	S	46578	48
roam2.cs.ou.edu_planetlab4.csail.mit.edu_17016 4	223.593000	26273.845000	0.059000	0.010000	26497.507000	S	46593	48
planetlab-03.cs.princeton.edu_planetlab4.csail.mit.edu_12642 4	126.715000	26410.326000	0.102000	0.009000	26537.152000	S	46507	80
planetlab1.cs.unc.edu_planetlab4.csail.mit.edu_10219 6	1048.909000	25493.618000	0.131000	0.016000	26542.674000	S	46511	528
planetlab1.cs.unc.edu_planetlab4.csail.mit.edu_10221 6	609.808000	25934.971000	0.128000	0.022000	26544.929000	S	46555	528
roam2.cs.ou.edu_planetlab4.csail.mit.edu_17031 4	223.224000	26342.676000	0.067000	0.008000	26565.975000	S	46602	48
roam2.cs.ou.edu_planetlab4.csail.mit.edu_17091 4	224.446000	26565.370000	0.071000	0.008000	26789.895000	S	46658	48
roam2.cs.ou.edu_planetlab4.csail.mit.edu_17106 4	227.037000	26615.217000	0.068000	0.009000	26842.331000	S	46664	48
roam2.cs.ou.edu_planetlab4.csail.mit.edu_17109 4	226.386000	26631.484000	0.067000	0.008000	26857.945000	S	46666	48
roam2.cs.ou.edu_planetlab4.csail.mit.edu_17114 4	226.717000	26636.458000	0.069000	0.007000	26863.251000	S	46667	48
planetlab1.cs.unc.edu_planetlab4.csail.mit.edu_10251 6	420.961000	26456.478000	0.134000	0.017000	26877.590000	S	46599	528
roam2.cs.ou.edu_planetlab4.csail.mit.edu_17121 4	226.332000	26657.795000	0.068000	0.006000	26884.201000	S	46670	48
roam2.cs.ou.edu_planetlab4.csail.mit.edu_17147 4	227.228000	26729.573000	0.070000	0.008000	26956.879000	S	46682	48
planetlab2.eecs.umich.edu_planetlab4.csail.mit.edu_16365 3	4245.074000	22932.629000	0.097000	0.004000	27177.804000	S	46713	2048
roam2.cs.ou.edu_planetlab4.csail.mit.edu_17229 4	223.604000	26981.523000	0.065000	0.020000	27205.212000	S	46698	48
roam2.cs.ou.edu_planetlab4.csail.mit.edu_17268 4	229.142000	27122.117000	0.070000	0.008000	27351.337000	S	46708	48
vn4.cse.wustl.edu_planetlab4.csail.mit.edu_10080 4	431.255000	26991.390000	0.065000	0.011000	27422.721000	S	46525	272
vn4.cse.wustl.edu_planetlab4.csail.mit.edu_10082 4	427.530000	27018.937000	0.092000	0.009000	27446.568000	S	46536	272
roam2.cs.ou.edu_planetlab4.csail.mit.edu_17310 4	223.799000	27254.483000	0.076000	0.008000	27478.366000	S	46750	48
planetlab1.rutgers.edu_planetlab4.csail.mit.edu_17057 5	499.566000	27114.891000	0.135000	0.014000	27614.606000	S	46624	512
vn4.cse.wustl.edu_planetlab4.csail.mit.edu_10094 4	432.065000	27304.173000	0.087000	0.011000	27736.336000	S	46558	272
roam2.cs.ou.edu_planetlab4.csail.mit.edu_17448 4	227.065000	27690.724000	0.073000	0.008000	27917.870000	S	46794	48
planetlab1.rutgers.edu_planetlab4.csail.mit.edu_17173 5	398.545000	27710.140000	0.102000	0.016000	28108.803000	S	46656	512
planetlab1.cs.uoregon.edu_planetlab4.csail.mit.edu_15081 3	304.412000	27877.331000	0.074000	0.006000	28181.823000	S	46606	256
roam2.cs.ou.edu_planetlab4.csail.mit.edu_17531 4	224.527000	27961.564000	0.064000	0.007000	28186.162000	S	46848	48
roam2.cs.ou.edu_planetlab4.csail.mit.edu_17534 4	225.643000	27969.437000	0.057000	0.009000	28195.146000	S	46849	48
roam2.cs.ou.edu_planetlab4.csail.mit.edu_17547 4	224.288000	28010.304000	0.067000	0.012000	28234.671000	S	46851	48
roam2.cs.ou.edu_planetlab4.csail.mit.edu_17552 4	226.346000	28019.089000	0.069000	0.012000	28245.516000	S	46853	48
roam2.cs.ou.edu_planetlab4.csail.mit.edu_17559 4	223.460000	28044.254000	0.079000	0.007000	28267.800000	S	46857	48
planetlab1.cs.unc.edu_planetlab4.csail.mit.edu_10385 6	419.019000	27857.053000	0.170000	0.018000	28276.260000	S	46675	528
roam2.cs.ou.edu_planetlab4.csail.mit.edu_17569 4	223.958000	28081.004000	0.075000	0.010000	28305.047000	S	46865	48
roam2.cs.ou.edu_planetlab4.csail.mit.edu_17585 4	223.681000	28116.690000	0.069000	0.011000	28340.451000	S	46878	48
roam2.cs.ou.edu_planetlab4.csail.mit.edu_17587 4	223.484000	28121.403000	0.063000	0.009000	28344.959000	S	46881	48
planetlab1.rutgers.edu_planetlab4.csail.mit.edu_17243 5	511.862000	27837.663000	0.115000	0.013000	28349.653000	S	46688	512
planetlab1.rutgers.edu_planetlab4.csail.mit.edu_17257 5	395.623000	28001.699000	0.113000	0.008000	28397.443000	S	46689	512
roam2.cs.ou.edu_planetlab4.csail.mit.edu_17607 4	223.407000	28171.262000	0.069000	0.006000	28394.744000	S	46900	48
planetlab1.rutgers.edu_planetlab4.csail.mit.edu_17259 5	395.354000	28003.743000	0.114000	0.011000	28399.222000	S	46690	512
planetlab1.rutgers.edu_planetlab4.csail.mit.edu_17270 5	397.841000	28048.037000	0.131000	0.011000	28446.020000	S	46692	512
roam2.cs.ou.edu_planetlab4.csail.mit.edu_17630 4	225.638000	28228.735000	0.067000	0.008000	28454.448000	S	46913	48
planetlab1.rutgers.edu_planetlab4.csail.mit.edu_17282 5	399.450000	28093.471000	0.139000	0.012000	28493.072000	S	46696	512
roam2.cs.ou.edu_planetlab4.csail.mit.edu_17662 4	224.074000	28335.965000	0.117000	0.008000	28560.164000	S	46922	48
planetlab1.rutgers.edu_planetlab4.csail.mit.edu_17318 5	396.952000	28211.471000	0.181000	0.011000	28608.615000	S	46704	512
roam2.cs.ou.edu_planetlab4.csail.mit.edu_17679 4	225.967000	28380.644000	0.070000	0.007000	28606.688000	S	46932	48
planetlab-03.cs.princeton.edu_planetlab4.csail.mit.edu_12823 4	291.165000	28366.681000	0.058000	0.007000	28657.911000	S	46603	80
roam2.cs.ou.edu_planetlab4.csail.mit.edu_17699 4	223.857000	28436.660000	0.072000	0.007000	28660.596000	S	46948	48
vn4.cse.wustl.edu_planetlab4.csail.mit.edu_10148 4	434.849000	28247.262000	0.067000	0.008000	28682.186000	S	46626	272
roam2.cs.ou.edu_planetlab4.csail.mit.edu_17715 4	228.334000	28465.263000	0.066000	0.005000	28693.668000	S	46960	48
roam2.cs.ou.edu_planetlab4.csail.mit.edu_17723 4	223.247000	28485.475000	0.056000	0.008000	28708.786000	S	46964	48
roam2.cs.ou.edu_planetlab4.csail.mit.edu_17726 4	223.052000	28491.523000	0.058000	0.008000	28714.641000	S	46965	48
roam2.cs.ou.edu_planetlab4.csail.mit.edu_17729 4	223.753000	28506.330000	0.058000	0.006000	28730.147000	S	46966	48
roam2.cs.ou.edu_planetlab4.csail.mit.edu_17746 4	988.281000	27790.219000	0.060000	0.010000	28778.570000	S	46972	48
roam2.cs.ou.edu_planetlab4.csail.mit.edu_17755 4	965.784000	27832.532000	0.059000	0.009000	28798.384000	S	46977	48
planetlab2.umassd.edu_planetlab4.csail.mit.edu_21786 3	96.293000	28733.728000	0.081000	0.012000	28830.114000	S	46616	64
roam2.cs.ou.edu_planetlab4.csail.mit.edu_17771 4	919.791000	27926.914000	0.096000	0.009000	28846.810000	S	46990	48
roam2.cs.ou.edu_planetlab4.csail.mit.edu_17784 4	888.457000	28000.610000	0.096000	0.009000	28889.172000	S	46998	48
roam2.cs.ou.edu_planetlab4.csail.mit.edu_17790 4	870.732000	28042.834000	0.062000	0.009000	28913.637000	S	47002	48
roam2.cs.ou.edu_planetlab4.csail.mit.edu_17798 4	859.466000	28070.277000	0.069000	0.013000	28929.825000	S	47004	48
roam2.cs.ou.edu_planetlab4.csail.mit.edu_17801 4	860.682000	28076.001000	0.064000	0.008000	28936.755000	S	47007	48
roam2.cs.ou.edu_planetlab4.csail.mit.edu_17803 4	864.610000	28072.732000	0.055000	0.006000	28937.403000	S	47006	48
planetlab-03.cs.princeton.edu_planetlab4.csail.mit.edu_12865 4	125.983000	28830.979000	0.071000	0.013000	28957.046000	S	46627	80
roam2.cs.ou.edu_planetlab4.csail.mit.edu_17824 4	725.682000	28283.792000	0.070000	0.009000	29009.553000	S	47038	48
planetlab-03.cs.princeton.edu_planetlab4.csail.mit.edu_12872 4	124.723000	28894.201000	0.058000	0.006000	29018.988000	S	46633	80
planetlab-03.cs.princeton.edu_planetlab4.csail.mit.edu_12874 4	124.561000	28904.868000	0.055000	0.008000	29029.492000	S	46634	80
planetlab-03.cs.princeton.edu_planetlab4.csail.mit.edu_12877 4	126.356000	28911.338000	0.093000	0.008000	29037.795000	S	46635	80
planetlab1.cs.unc.edu_planetlab4.csail.mit.edu_10462 6	420.302000	28776.556000	0.224000	0.014000	29197.096000	S	46739	528
planetlab1.cs.unc.edu_planetlab4.csail.mit.edu_10474 6	419.115000	28844.625000	0.143000	0.014000	29263.897000	S	46744	528
planetlab-03.cs.princeton.edu_planetlab4.csail.mit.edu_12894 4	125.294000	29145.733000	0.164000	0.006000	29271.197000	S	46639	80
planetlab-03.cs.princeton.edu_planetlab4.csail.mit.edu_12936 4	125.147000	29510.961000	0.058000	0.007000	29636.173000	S	46644	80
planetlab-03.cs.princeton.edu_planetlab4.csail.mit.edu_12942 4	123.913000	29613.004000	0.098000	0.011000	29737.026000	S	46651	80
planetlab-03.cs.princeton.edu_planetlab4.csail.mit.edu_12951 4	124.441000	29684.338000	0.103000	0.008000	29808.890000	S	46657	80
planetlab1.cs.unc.edu_planetlab4.csail.mit.edu_10565 6	511.724000	29496.958000	0.131000	0.022000	30008.835000	S	46787	528
planetlab1.cs.unc.edu_planetlab4.csail.mit.edu_10573 6	480.504000	29595.720000	0.111000	0.016000	30076.351000	S	46801	528
planetlab1.cs.unc.edu_planetlab4.csail.mit.edu_10575 6	459.390000	29619.638000	0.117000	0.018000	30079.163000	S	46802	528
planetlab1.cs.unc.edu_planetlab4.csail.mit.edu_10577 6	463.744000	29615.615000	0.111000	0.015000	30079.485000	S	46803	528
planetlab1.cs.unc.edu_planetlab4.csail.mit.edu_10588 6	421.933000	29675.160000	0.121000	0.015000	30097.229000	S	46807	528
planetlab1.cs.unc.edu_planetlab4.csail.mit.edu_10591 6	420.167000	29686.202000	0.112000	0.014000	30106.495000	S	46811	528
planetlab1.rutgers.edu_planetlab4.csail.mit.edu_17717 5	398.749000	29711.860000	0.116000	0.011000	30110.736000	S	46816	512
planetlab1.cs.unc.edu_planetlab4.csail.mit.edu_10615 6	420.926000	29751.439000	0.151000	0.020000	30172.536000	S	46829	528
planetlab1.cs.unc.edu_planetlab4.csail.mit.edu_10627 6	422.975000	29783.582000	0.136000	0.017000	30206.710000	S	46835	528
planetlab1.cs.unc.edu_planetlab4.csail.mit.edu_10648 6	427.085000	29837.802000	0.090000	0.011000	30264.988000	S	46867	528
planetlab1.rutgers.edu_planetlab4.csail.mit.edu_17845 5	398.739000	29961.120000	0.195000	0.012000	30360.066000	S	46944	512
planetlab1.cs.unc.edu_planetlab4.csail.mit.edu_10683 6	421.979000	29969.183000	0.128000	0.014000	30391.304000	S	46905	528
planetlab1.cs.unc.edu_planetlab4.csail.mit.edu_10691 6	427.113000	29982.693000	0.112000	0.013000	30409.931000	S	46915	528
planetlab1.cs.unc.edu_planetlab4.csail.mit.edu_10695 6	420.533000	30004.702000	0.130000	0.015000	30425.380000	S	46924	528
planetlab1.cs.unc.edu_planetlab4.csail.mit.edu_10701 6	421.630000	30023.022000	0.292000	0.014000	30444.958000	S	46929	528
roam2.cs.ou.edu_planetlab4.csail.mit.edu_18246 4	224.148000	30235.040000	0.069000	0.010000	30459.267000	S	47070	48
planetlab1.cs.unc.edu_planetlab4.csail.mit.edu_10703 6	421.066000	30043.094000	0.102000	0.015000	30464.277000	S	46930	528
planetlab1.cs.unc.edu_planetlab4.csail.mit.edu_10707 6	423.267000	30055.403000	0.089000	0.015000	30478.774000	S	46931	528
roam2.cs.ou.edu_planetlab4.csail.mit.edu_18257 4	228.329000	30267.272000	0.083000	0.006000	30495.690000	S	47074	48
planetlab1.cs.unc.edu_planetlab4.csail.mit.edu_10719 6	421.252000	30097.586000	0.109000	0.016000	30518.963000	S	46935	528
planetlab1.cs.unc.edu_planetlab4.csail.mit.edu_10723 6	421.811000	30098.310000	0.701000	0.013000	30520.835000	S	46939	528
planetlab1.cs.uoregon.edu_planetlab4.csail.mit.edu_15353 3	303.625000	30231.235000	0.056000	0.009000	30534.925000	S	46715	256
vn4.cse.wustl.edu_planetlab4.csail.mit.edu_10262 4	430.259000	30117.386000	0.087000	0.009000	30547.741000	S	46710	272
planetlab1.cs.unc.edu_planetlab4.csail.mit.edu_10740 6	420.475000	30154.477000	0.132000	0.026000	30575.110000	S	46963	528
roam2.cs.ou.edu_planetlab4.csail.mit.edu_18285 4	223.321000	30351.873000	0.069000	0.008000	30575.271000	S	47092	48
planetlab1.cs.unc.edu_planetlab4.csail.mit.edu_10746 6	422.541000	30171.837000	0.136000	0.016000	30594.530000	S	46979	528
planetlab1.cs.unc.edu_planetlab4.csail.mit.edu_10752 6	421.010000	30192.387000	0.247000	0.017000	30613.661000	S	46993	528
planetlab1.cs.unc.edu_planetlab4.csail.mit.edu_10760 6	423.999000	30219.342000	0.095000	0.015000	30643.451000	S	46994	528
planetlab1.cs.unc.edu_planetlab4.csail.mit.edu_10766 6	419.511000	30240.347000	0.117000	0.026000	30660.001000	S	46995	528
planetlab1.cs.unc.edu_planetlab4.csail.mit.edu_10770 6	422.081000	30242.604000	0.492000	0.018000	30665.195000	S	46999	528
planetlab1.cs.unc.edu_planetlab4.csail.mit.edu_10776 6	424.531000	30255.751000	0.128000	0.017000	30680.427000	S	47003	528
planetlab1.cs.unc.edu_planetlab4.csail.mit.edu_10798 6	421.729000	30363.788000	0.122000	0.017000	30785.656000	S	47014	528
planetlab1.cs.uoregon.edu_planetlab4.csail.mit.edu_15387 3	303.261000	30531.157000	0.076000	0.006000	30834.500000	S	46737	256
planetlab1.cs.unc.edu_planetlab4.csail.mit.edu_10810 6	550.866000	30306.893000	0.131000	0.012000	30857.902000	S	47027	528
planetlab1.cs.unc.edu_planetlab4.csail.mit.edu_10821 6	526.574000	30388.611000	0.146000	0.018000	30915.349000	S	47041	528
planetlab1.cs.unc.edu_planetlab4.csail.mit.edu_10823 6	508.252000	30407.173000	0.115000	0.016000	30915.556000	S	47042	528
planetlab1.cs.unc.edu_planetlab4.csail.mit.edu_10829 6	443.662000	30508.960000	0.107000	0.014000	30952.743000	S	47043	528
planetlab1.cs.unc.edu_planetlab4.csail.mit.edu_10839 6	423.301000	30601.189000	0.090000	0.013000	31024.593000	S	47047	528
planetlab1.cs.unc.edu_planetlab4.csail.mit.edu_10845 6	420.270000	30653.362000	0.121000	0.016000	31073.769000	S	47051	528
planetlab1.cs.unc.edu_planetlab4.csail.mit.edu_10847 6	422.487000	30651.848000	0.492000	0.024000	31074.851000	S	47057	528
planetlab1.cs.unc.edu_planetlab4.csail.mit.edu_10849 6	427.996000	30665.759000	0.118000	0.015000	31093.888000	S	47056	528
planetlab1.cs.unc.edu_planetlab4.csail.mit.edu_10851 6	420.423000	30673.501000	0.151000	0.018000	31094.093000	S	47058	528
planetlab1.cs.unc.edu_planetlab4.csail.mit.edu_10853 6	424.284000	30670.055000	0.119000	0.013000	31094.471000	S	47059	528
planetlab1.cs.unc.edu_planetlab4.csail.mit.edu_10855 6	419.939000	30693.337000	0.144000	0.022000	31113.442000	S	47061	528
planetlab1.cs.unc.edu_planetlab4.csail.mit.edu_10857 6	420.591000	30692.944000	0.113000	0.018000	31113.666000	S	47062	528
planetlab1.cs.unc.edu_planetlab4.csail.mit.edu_10863 6	423.363000	30709.422000	0.114000	0.015000	31132.914000	S	47065	528
planetlab1.cs.unc.edu_planetlab4.csail.mit.edu_10862 6	423.823000	30709.234000	0.136000	0.017000	31133.210000	S	47063	528
planetlab1.cs.unc.edu_planetlab4.csail.mit.edu_10867 6	424.901000	30727.912000	0.135000	0.014000	31152.962000	S	47067	528
planetlab1.cs.unc.edu_planetlab4.csail.mit.edu_10869 6	423.114000	30730.788000	0.135000	0.017000	31154.054000	S	47066	528
planetlab1.cs.unc.edu_planetlab4.csail.mit.edu_10872 6	448.638000	30705.432000	0.125000	0.019000	31154.214000	S	47071	528
planetlab-03.cs.princeton.edu_planetlab4.csail.mit.edu_13024 4	123.438000	31038.408000	0.711000	0.007000	31162.564000	S	46699	80
planetlab1.cs.unc.edu_planetlab4.csail.mit.edu_10906 6	423.301000	31263.209000	0.113000	0.019000	31686.642000	S	47075	528
planetlab1.cs.unc.edu_planetlab4.csail.mit.edu_10921 6	422.677000	31305.747000	0.142000	0.019000	31728.585000	S	47089	528
planetlab1.cs.unc.edu_planetlab4.csail.mit.edu_10924 6	421.438000	31311.738000	0.103000	0.017000	31733.296000	S	47090	528
planetlab1.cs.unc.edu_planetlab4.csail.mit.edu_10926 6	419.792000	31328.138000	0.128000	0.022000	31748.080000	S	47091	528
planetlab1.cs.unc.edu_planetlab4.csail.mit.edu_10929 6	420.296000	31333.745000	0.127000	0.015000	31754.183000	S	47095	528
planetlab1.cs.unc.edu_planetlab4.csail.mit.edu_10931 6	423.326000	31343.565000	0.421000	0.014000	31767.326000	S	47099	528
planetlab-03.cs.princeton.edu_planetlab4.csail.mit.edu_13112 4	124.434000	31833.120000	0.083000	0.011000	31957.648000	S	46723	80
planetlab-03.cs.princeton.edu_planetlab4.csail.mit.edu_13121 4	127.598000	32043.403000	0.131000	0.008000	32171.140000	S	46729	80
planetlab-03.cs.princeton.edu_planetlab4.csail.mit.edu_13123 4	125.827000	32072.831000	1.220000	0.007000	32199.885000	S	46730	80
planetlab-03.cs.princeton.edu_planetlab4.csail.mit.edu_13127 4	125.442000	32119.804000	0.984000	0.008000	32246.238000	S	46731	80
planetlab-03.cs.princeton.edu_planetlab4.csail.mit.edu_13129 4	122.904000	32167.184000	0.736000	0.007000	32290.831000	S	46735	80
planetlab-03.cs.princeton.edu_planetlab4.csail.mit.edu_13137 4	125.167000	32257.735000	0.065000	0.007000	32382.974000	S	46747	80
planetlab-03.cs.princeton.edu_planetlab4.csail.mit.edu_13151 4	123.462000	32408.627000	0.085000	0.010000	32532.184000	S	46753	80
planetlab-03.cs.princeton.edu_planetlab4.csail.mit.edu_13153 4	125.151000	32416.632000	0.068000	0.006000	32541.857000	S	46754	80
planetlab-03.cs.princeton.edu_planetlab4.csail.mit.edu_13155 4	125.104000	32429.657000	0.075000	0.008000	32554.844000	S	46755	80
planetlab-03.cs.princeton.edu_planetlab4.csail.mit.edu_13165 4	122.791000	32539.238000	0.062000	0.008000	32662.099000	S	46759	80
planetlab-03.cs.princeton.edu_planetlab4.csail.mit.edu_13167 4	123.973000	32553.972000	0.069000	0.008000	32678.022000	S	46760	80
planetlab-03.cs.princeton.edu_planetlab4.csail.mit.edu_13172 4	130.757000	32580.411000	0.759000	0.008000	32711.935000	S	46761	80
planetlab-03.cs.princeton.edu_planetlab4.csail.mit.edu_13173 4	129.799000	32582.305000	0.054000	0.007000	32712.165000	S	46762	80
planetlab-03.cs.princeton.edu_planetlab4.csail.mit.edu_13175 4	125.664000	32592.329000	0.061000	0.007000	32718.061000	S	46763	80
planetlab-03.cs.princeton.edu_planetlab4.csail.mit.edu_13179 4	126.073000	32619.708000	0.918000	0.007000	32746.706000	S	46765	80
planetlab-03.cs.princeton.edu_planetlab4.csail.mit.edu_13181 4	129.367000	32620.694000	0.851000	0.006000	32750.918000	S	46766	80
planetlab-03.cs.princeton.edu_planetlab4.csail.mit.edu_13183 4	124.860000	32647.839000	0.585000	0.006000	32773.290000	S	46767	80
planetlab-03.cs.princeton.edu_planetlab4.csail.mit.edu_13187 4	123.999000	32719.790000	0.060000	0.007000	32843.856000	S	46771	80
planetlab-03.cs.princeton.edu_planetlab4.csail.mit.edu_13195 4	127.784000	32799.372000	0.942000	0.009000	32928.107000	S	46777	80
planetlab-03.cs.princeton.edu_planetlab4.csail.mit.edu_13202 4	124.893000	32835.563000	0.057000	0.008000	32960.521000	S	46779	80
planetlab-03.cs.princeton.edu_planetlab4.csail.mit.edu_13197 4	133.648000	32826.992000	1.191000	0.006000	32961.837000	S	46778	80
planetlab-03.cs.princeton.edu_planetlab4.csail.mit.edu_13207 4	124.335000	32917.266000	0.064000	0.008000	33041.673000	S	46783	80
planetlab-03.cs.princeton.edu_planetlab4.csail.mit.edu_13215 4	125.267000	33232.562000	0.064000	0.600000	33358.493000	S	46795	80
planetlab-1.cs.colostate.edu_planetlab4.csail.mit.edu_3097 7	649.998000	32894.083000	0.150000	0.014000	33544.245000	S	46622	656
planetlab-1.cs.colostate.edu_planetlab4.csail.mit.edu_3105 7	655.666000	32901.894000	0.116000	0.013000	33557.689000	S	46638	656
planetlab-1.cs.colostate.edu_planetlab4.csail.mit.edu_3111 7	655.413000	32937.983000	0.127000	0.013000	33593.536000	S	46646	656
planetlab-1.cs.colostate.edu_planetlab4.csail.mit.edu_3114 7	650.203000	32950.434000	0.145000	0.014000	33600.796000	S	46650	656
planetlab-1.cs.colostate.edu_planetlab4.csail.mit.edu_3116 7	651.378000	32950.906000	0.129000	0.015000	33602.428000	S	46652	656
planetlab-1.cs.colostate.edu_planetlab4.csail.mit.edu_3119 7	651.880000	32966.836000	0.110000	0.021000	33618.847000	S	46654	656
planetlab-1.cs.colostate.edu_planetlab4.csail.mit.edu_3127 7	653.025000	32997.940000	0.089000	0.015000	33651.069000	S	46655	656
planetlab-03.cs.princeton.edu_planetlab4.csail.mit.edu_13237 4	126.189000	33546.753000	0.069000	0.007000	33673.018000	S	46814	80
planetlab-03.cs.princeton.edu_planetlab4.csail.mit.edu_13243 4	126.597000	33645.605000	1.303000	0.008000	33773.513000	S	46819	80
planetlab-1.cs.colostate.edu_planetlab4.csail.mit.edu_3192 7	650.935000	33145.100000	0.114000	0.019000	33796.168000	S	46718	656
planetlab-03.cs.princeton.edu_planetlab4.csail.mit.edu_13251 4	127.091000	33705.934000	0.060000	0.076000	33833.161000	S	46826	80
planetlab-03.cs.princeton.edu_planetlab4.csail.mit.edu_13250 4	127.323000	33706.136000	0.141000	0.007000	33833.607000	S	46825	80
planetlab-03.cs.princeton.edu_planetlab4.csail.mit.edu_13255 4	127.037000	33722.896000	0.282000	0.008000	33850.223000	S	46827	80
planetlab-03.cs.princeton.edu_planetlab4.csail.mit.edu_13257 4	126.272000	33737.172000	0.261000	0.006000	33863.711000	S	46831	80
planetlab-03.cs.princeton.edu_planetlab4.csail.mit.edu_13271 4	128.132000	33820.455000	0.064000	0.007000	33948.658000	S	46843	80
planetlab-1.cs.colostate.edu_planetlab4.csail.mit.edu_3258 7	654.899000	33375.331000	0.110000	0.015000	34030.355000	S	46782	656
planetlab-1.cs.colostate.edu_planetlab4.csail.mit.edu_3269 7	676.205000	33383.455000	0.134000	0.012000	34059.806000	S	46910	656
planetlab2.umassd.edu_planetlab4.csail.mit.edu_22871 3	95.144000	33983.612000	0.090000	0.008000	34078.854000	S	46856	64
planetlab2.umassd.edu_planetlab4.csail.mit.edu_22888 3	95.289000	34035.998000	0.052000	0.008000	34131.347000	S	46864	64
planetlab2.umassd.edu_planetlab4.csail.mit.edu_22919 3	97.339000	34168.057000	0.069000	0.005000	34265.470000	S	46872	64
planetlab2.umassd.edu_planetlab4.csail.mit.edu_22925 3	94.992000	34181.824000	0.093000	0.006000	34276.915000	S	46873	64
planetlab2.umassd.edu_planetlab4.csail.mit.edu_22929 3	96.239000	34186.387000	0.049000	0.007000	34282.682000	S	46874	64
planetlab2.umassd.edu_planetlab4.csail.mit.edu_22933 3	95.521000	34192.250000	0.046000	0.004000	34287.821000	S	46876	64
planetlab-03.cs.princeton.edu_planetlab4.csail.mit.edu_13299 4	125.031000	34256.678000	0.755000	0.013000	34382.477000	S	46891	80
planetlab2.umassd.edu_planetlab4.csail.mit.edu_22991 3	96.744000	34390.313000	0.133000	0.008000	34487.198000	S	46904	64
planetlab2.umassd.edu_planetlab4.csail.mit.edu_23082 3	95.952000	34737.822000	0.052000	0.006000	34833.832000	S	46936	64
planetlab-03.cs.princeton.edu_planetlab4.csail.mit.edu_13310 4	124.330000	34990.160000	0.076000	0.009000	35114.575000	S	46975	80
planetlab-03.cs.princeton.edu_planetlab4.csail.mit.edu_13312 4	126.570000	35073.323000	1.054000	0.009000	35200.956000	S	46987	80
planetlab2.umassd.edu_planetlab4.csail.mit.edu_23192 3	95.680000	35151.709000	0.048000	0.008000	35247.445000	S	47000	64
planetlab-03.cs.princeton.edu_planetlab4.csail.mit.edu_13317 4	127.397000	35132.952000	0.057000	0.007000	35260.413000	S	46997	80
planetlab-03.cs.princeton.edu_planetlab4.csail.mit.edu_13319 4	130.091000	35207.976000	0.067000	0.008000	35338.142000	S	47011	80
planetlab-03.cs.princeton.edu_planetlab4.csail.mit.edu_13321 4	129.814000	35225.737000	0.483000	0.007000	35356.041000	S	47017	80
planetlab-03.cs.princeton.edu_planetlab4.csail.mit.edu_13323 4	123.943000	35233.283000	0.051000	0.007000	35357.284000	S	47018	80
planetlab-03.cs.princeton.edu_planetlab4.csail.mit.edu_13325 4	124.233000	35240.223000	0.072000	0.006000	35364.534000	S	47019	80
planetlab-03.cs.princeton.edu_planetlab4.csail.mit.edu_13327 4	124.957000	35248.353000	0.054000	0.008000	35373.372000	S	47023	80
planetlab-03.cs.princeton.edu_planetlab4.csail.mit.edu_13331 4	124.854000	35288.456000	0.306000	0.007000	35413.623000	S	47035	80
vn4.cse.wustl.edu_planetlab4.csail.mit.edu_10506 4	430.462000	36942.301000	0.140000	0.009000	37372.912000	S	46774	272
vn4.cse.wustl.edu_planetlab4.csail.mit.edu_10515 4	428.389000	37531.104000	0.092000	0.011000	37959.596000	S	46781	272
vn4.cse.wustl.edu_planetlab4.csail.mit.edu_10536 4	428.198000	38433.503000	0.078000	0.011000	38861.790000	S	46792	272
vn4.cse.wustl.edu_planetlab4.csail.mit.edu_10543 4	429.209000	38730.220000	0.086000	0.012000	39159.527000	S	46806	272
planetlab-03.cs.princeton.edu_planetlab4.csail.mit.edu_13442 4	166.401000	39326.849000	1.332000	0.006000	39494.588000	S	47072	80
planetlab-03.cs.princeton.edu_planetlab4.csail.mit.edu_13448 4	167.858000	39376.040000	0.790000	0.010000	39544.698000	S	47083	80
vn4.cse.wustl.edu_planetlab4.csail.mit.edu_10565 4	446.215000	39477.386000	0.074000	0.009000	39923.684000	S	46822	272
vn4.cse.wustl.edu_planetlab4.csail.mit.edu_10583 4	449.351000	39907.985000	0.075000	0.011000	40357.422000	S	46834	272
vn4.cse.wustl.edu_planetlab4.csail.mit.edu_10585 4	429.480000	39932.273000	0.076000	0.011000	40361.840000	S	46836	272
vn4.cse.wustl.edu_planetlab4.csail.mit.edu_10589 4	430.960000	40086.383000	0.112000	0.008000	40517.463000	S	46839	272
vn4.cse.wustl.edu_planetlab4.csail.mit.edu_10591 4	429.560000	40098.326000	0.073000	0.009000	40527.968000	S	46838	272
vn4.cse.wustl.edu_planetlab4.csail.mit.edu_10596 4	430.052000	40267.155000	0.081000	0.010000	40697.298000	S	46846	272
vn4.cse.wustl.edu_planetlab4.csail.mit.edu_10600 4	427.796000	40440.366000	0.086000	0.011000	40868.259000	S	46850	272
vn4.cse.wustl.edu_planetlab4.csail.mit.edu_10628 4	427.493000	41223.146000	0.082000	0.008000	41650.729000	S	46880	272
vn4.cse.wustl.edu_planetlab4.csail.mit.edu_10630 4	431.086000	41265.984000	0.081000	0.009000	41697.160000	S	46882	272
vn4.cse.wustl.edu_planetlab4.csail.mit.edu_10632 4	431.727000	41278.722000	0.073000	0.008000	41710.530000	S	46883	272
vn4.cse.wustl.edu_planetlab4.csail.mit.edu_10642 4	432.232000	41404.175000	0.080000	0.009000	41836.496000	S	46886	272
vn4.cse.wustl.edu_planetlab4.csail.mit.edu_10644 4	430.281000	41456.997000	0.088000	0.012000	41887.378000	S	46890	272
vn4.cse.wustl.edu_planetlab4.csail.mit.edu_10647 4	428.231000	41667.283000	0.078000	0.012000	42095.604000	S	46898	272
vn4.cse.wustl.edu_planetlab4.csail.mit.edu_10651 4	434.359000	41747.128000	0.099000	0.010000	42181.596000	S	46909	272
planetlab1.cs.uoregon.edu_planetlab4.csail.mit.edu_16958 3	303.762000	42113.181000	0.075000	0.006000	42417.024000	S	46917	256
vn4.cse.wustl.edu_planetlab4.csail.mit.edu_10670 4	434.955000	42280.521000	0.092000	0.013000	42715.581000	S	46920	272
vn4.cse.wustl.edu_planetlab4.csail.mit.edu_10685 4	427.043000	42660.734000	0.087000	0.010000	43087.874000	S	46942	272
vn4.cse.wustl.edu_planetlab4.csail.mit.edu_10687 4	434.361000	42725.125000	0.085000	0.010000	43159.581000	S	46946	272
vn4.cse.wustl.edu_planetlab4.csail.mit.edu_10704 4	430.440000	43547.841000	0.108000	0.007000	43978.396000	S	46984	272
vn4.cse.wustl.edu_planetlab4.csail.mit.edu_10722 4	429.622000	43958.751000	0.083000	0.011000	44388.467000	S	47005	272
vn4.cse.wustl.edu_planetlab4.csail.mit.edu_10726 4	456.005000	44080.947000	0.072000	0.010000	44537.034000	S	47010	272
vn4.cse.wustl.edu_planetlab4.csail.mit.edu_10752 4	430.925000	44792.609000	0.077000	0.010000	45223.621000	S	47021	272
vn4.cse.wustl.edu_planetlab4.csail.mit.edu_10768 4	427.416000	45169.846000	0.079000	0.013000	45597.354000	S	47029	272
vn4.cse.wustl.edu_planetlab4.csail.mit.edu_10770 4	426.697000	45176.138000	0.089000	0.008000	45602.932000	S	47033	272
vn4.cse.wustl.edu_planetlab4.csail.mit.edu_10779 4	428.840000	45417.536000	0.056000	0.007000	45846.439000	S	47036	272
vn4.cse.wustl.edu_planetlab4.csail.mit.edu_10783 4	428.406000	45475.971000	0.082000	0.008000	45904.467000	S	47037	272
vn4.cse.wustl.edu_planetlab4.csail.mit.edu_10785 4	430.247000	45523.683000	0.082000	0.008000	45954.020000	S	47039	272
vn4.cse.wustl.edu_planetlab4.csail.mit.edu_10787 4	427.463000	45633.788000	0.082000	0.012000	46061.345000	S	47040	272
vn4.cse.wustl.edu_planetlab4.csail.mit.edu_10796 4	431.512000	45837.012000	0.162000	0.008000	46268.694000	S	47048	272
vn4.cse.wustl.edu_planetlab4.csail.mit.edu_10800 4	431.408000	45888.457000	0.062000	0.010000	46319.937000	S	47049	272
vn4.cse.wustl.edu_planetlab4.csail.mit.edu_10802 4	430.074000	45947.027000	0.106000	0.009000	46377.216000	S	47050	272
vn4.cse.wustl.edu_planetlab4.csail.mit.edu_10806 4	430.979000	45997.749000	0.083000	0.010000	46428.821000	S	47052	272
vn4.cse.wustl.edu_planetlab4.csail.mit.edu_10810 4	428.604000	46230.704000	0.078000	0.006000	46659.392000	S	47064	272
vn4.cse.wustl.edu_planetlab4.csail.mit.edu_10823 4	427.883000	46566.913000	0.092000	0.013000	46994.901000	S	47080	272
vn4.cse.wustl.edu_planetlab4.csail.mit.edu_10835 4	431.164000	46870.946000	0.096000	0.007000	47302.213000	S	47094	272
planetlab3.williams.edu_planetlab4.csail.mit.edu_3744 5	183.394000	50187.905000	0.129000	0.013000	50371.441000	S	46629	400
planetlab3.williams.edu_planetlab4.csail.mit.edu_3748 5	258.921000	50116.300000	0.124000	0.024000	50375.369000	S	46672	400
planetlab3.williams.edu_planetlab4.csail.mit.edu_3781 5	183.019000	50291.265000	0.103000	0.014000	50474.401000	S	46799	400
planetlab3.williams.edu_planetlab4.csail.mit.edu_3810 5	189.119000	50385.660000	0.134000	0.014000	50574.927000	S	46875	400
planetlab4.wail.wisc.edu_planetlab4.csail.mit.edu_40692 5	208.351000	54371.564000	0.074000	0.009000	54579.998000	S	46476	16
planetlab4.wail.wisc.edu_planetlab4.csail.mit.edu_40718 5	207.607000	54452.636000	0.070000	0.008000	54660.321000	S	46482	16
pl1.rcc.uottawa.ca_planetlab4.csail.mit.edu_54529 4	177.304000	54513.119000	0.066000	0.007000	54690.496000	S	46484	0
pl1.rcc.uottawa.ca_planetlab4.csail.mit.edu_54591 4	179.613000	54702.183000	0.065000	0.009000	54881.870000	S	46495	0
pl1.rcc.uottawa.ca_planetlab4.csail.mit.edu_54614 4	180.865000	54780.212000	0.075000	0.008000	54961.160000	S	46496	0
pl1.rcc.uottawa.ca_planetlab4.csail.mit.edu_54645 4	177.661000	54863.988000	0.055000	0.012000	55041.716000	S	46497	0
pl1.rcc.uottawa.ca_planetlab4.csail.mit.edu_54668 4	177.982000	54940.805000	0.075000	0.013000	55118.875000	S	46499	0
planetlab4.wail.wisc.edu_planetlab4.csail.mit.edu_40841 5	207.430000	54992.031000	0.079000	0.011000	55199.551000	S	46500	16
pl1.rcc.uottawa.ca_planetlab4.csail.mit.edu_54691 4	178.180000	55032.772000	0.069000	0.007000	55211.028000	S	46501	0
pl1.rcc.uottawa.ca_planetlab4.csail.mit.edu_54708 4	176.786000	55091.209000	0.066000	0.007000	55268.068000	S	46505	0
planetlab4.wail.wisc.edu_planetlab4.csail.mit.edu_40869 5	210.050000	55096.525000	0.069000	0.008000	55306.652000	S	46504	16
planetlab4.wail.wisc.edu_planetlab4.csail.mit.edu_40888 5	214.725000	55166.054000	0.069000	0.008000	55380.856000	S	46508	16
planetlab4.wail.wisc.edu_planetlab4.csail.mit.edu_40903 5	224.238000	55181.153000	0.064000	0.008000	55405.463000	S	46509	16
pl1.rcc.uottawa.ca_planetlab4.csail.mit.edu_54759 4	177.796000	55246.228000	0.071000	0.008000	55424.103000	S	46513	0
planetlab4.wail.wisc.edu_planetlab4.csail.mit.edu_40914 5	212.962000	55230.934000	0.065000	0.007000	55443.968000	S	46510	16
planetlab4.wail.wisc.edu_planetlab4.csail.mit.edu_40930 5	215.277000	55274.494000	0.074000	0.009000	55489.854000	S	46515	16
planetlab4.wail.wisc.edu_planetlab4.csail.mit.edu_40938 5	209.493000	55321.793000	0.087000	0.008000	55531.381000	S	46520	16
planetlab4.wail.wisc.edu_planetlab4.csail.mit.edu_40984 5	209.480000	55475.385000	0.134000	0.008000	55685.007000	S	46524	16
pl1.rcc.uottawa.ca_planetlab4.csail.mit.edu_54876 4	196.667000	55612.896000	0.198000	0.009000	55809.770000	S	46532	0
pl1.rcc.uottawa.ca_planetlab4.csail.mit.edu_54908 4	176.984000	55703.287000	0.065000	0.006000	55880.342000	S	46539	0
planetlab4.wail.wisc.edu_planetlab4.csail.mit.edu_41041 5	210.594000	55680.300000	0.071000	0.023000	55890.988000	S	46534	16
pl1.rcc.uottawa.ca_planetlab4.csail.mit.edu_54933 4	176.898000	55764.474000	0.064000	0.007000	55941.443000	S	46544	0
pl1.rcc.uottawa.ca_planetlab4.csail.mit.edu_54946 4	181.228000	55796.333000	0.061000	0.007000	55977.629000	S	46548	0
pl1.rcc.uottawa.ca_planetlab4.csail.mit.edu_54948 4	177.067000	55802.339000	0.054000	0.008000	55979.468000	S	46549	0
pl1.rcc.uottawa.ca_planetlab4.csail.mit.edu_54959 4	178.478000	55827.376000	0.056000	0.006000	56005.916000	S	46550	0
planetlab4.wail.wisc.edu_planetlab4.csail.mit.edu_41078 5	208.493000	55835.880000	0.226000	0.012000	56044.611000	S	46552	16
pl1.rcc.uottawa.ca_planetlab4.csail.mit.edu_54989 4	180.137000	55906.690000	0.126000	0.010000	56086.963000	S	46556	0
pl1.rcc.uottawa.ca_planetlab4.csail.mit.edu_55048 4	179.253000	56084.434000	0.058000	0.011000	56263.756000	S	46561	0
planetlab4.wail.wisc.edu_planetlab4.csail.mit.edu_41176 5	208.256000	56159.960000	0.099000	0.010000	56368.325000	S	46567	16
planetlab4.wail.wisc.edu_planetlab4.csail.mit.edu_41180 5	208.484000	56169.281000	0.068000	0.011000	56377.844000	S	46568	16
planetlab4.wail.wisc.edu_planetlab4.csail.mit.edu_41188 5	208.026000	56196.144000	0.070000	0.010000	56404.250000	S	46572	16
planetlab4.wail.wisc.edu_planetlab4.csail.mit.edu_41239 5	216.503000	56350.869000	0.073000	0.007000	56567.452000	S	46576	16
pl1.rcc.uottawa.ca_planetlab4.csail.mit.edu_55167 4	179.139000	56414.717000	0.078000	0.006000	56593.940000	S	46580	0
planetlab4.wail.wisc.edu_planetlab4.csail.mit.edu_41263 5	208.256000	56474.609000	0.088000	0.011000	56682.964000	S	46584	16
planetlab4.wail.wisc.edu_planetlab4.csail.mit.edu_41283 5	208.612000	56547.334000	0.070000	0.008000	56756.024000	S	46585	16
planetlab4.wail.wisc.edu_planetlab4.csail.mit.edu_41285 5	210.434000	56548.827000	0.080000	0.008000	56759.349000	S	46586	16
planetlab4.wail.wisc.edu_planetlab4.csail.mit.edu_41295 5	208.906000	56589.859000	0.075000	0.009000	56798.849000	S	46588	16
planetlab4.wail.wisc.edu_planetlab4.csail.mit.edu_41319 5	212.923000	56691.708000	0.084000	0.007000	56904.722000	S	46592	16
planetlab4.wail.wisc.edu_planetlab4.csail.mit.edu_41329 5	209.264000	56724.814000	0.064000	0.013000	56934.155000	S	46594	16
planetlab4.wail.wisc.edu_planetlab4.csail.mit.edu_41331 5	208.956000	56734.108000	0.076000	0.009000	56943.149000	S	46596	16
planetlab4.wail.wisc.edu_planetlab4.csail.mit.edu_41345 5	224.915000	56780.714000	0.071000	0.012000	57005.712000	S	46597	16
planetlab4.wail.wisc.edu_planetlab4.csail.mit.edu_41349 5	212.946000	56799.344000	0.056000	0.005000	57012.351000	S	46598	16
planetlab4.wail.wisc.edu_planetlab4.csail.mit.edu_41355 5	209.300000	56825.291000	0.074000	0.008000	57034.673000	S	46604	16
planetlab4.wail.wisc.edu_planetlab4.csail.mit.edu_41385 5	210.748000	56922.754000	0.105000	0.009000	57133.616000	S	46608	16
planetlab4.wail.wisc.edu_planetlab4.csail.mit.edu_41387 5	211.371000	56924.511000	0.059000	0.008000	57135.949000	S	46610	16
planetlab4.wail.wisc.edu_planetlab4.csail.mit.edu_41393 5	208.571000	56945.833000	0.066000	0.009000	57154.479000	S	46611	16
planetlab4.wail.wisc.edu_planetlab4.csail.mit.edu_41399 5	208.196000	56962.035000	0.064000	0.009000	57170.304000	S	46612	16
planetlab4.wail.wisc.edu_planetlab4.csail.mit.edu_41405 5	210.773000	56978.053000	0.084000	0.011000	57188.921000	S	46614	16
planetlab4.wail.wisc.edu_planetlab4.csail.mit.edu_41409 5	211.206000	56995.830000	0.074000	0.008000	57207.118000	S	46618	16
planetlab4.wail.wisc.edu_planetlab4.csail.mit.edu_41413 5	211.661000	57004.541000	0.061000	0.009000	57216.272000	S	46619	16
planetlab4.wail.wisc.edu_planetlab4.csail.mit.edu_41450 5	207.498000	57133.661000	0.071000	0.008000	57341.238000	S	46631	16
planetlab4.wail.wisc.edu_planetlab4.csail.mit.edu_41452 5	210.148000	57149.096000	0.083000	0.009000	57359.336000	S	46628	16
planetlab4.wail.wisc.edu_planetlab4.csail.mit.edu_41474 5	208.748000	57200.132000	0.072000	0.011000	57408.963000	S	46636	16
pl1.rcc.uottawa.ca_planetlab4.csail.mit.edu_55525 4	176.886000	57285.279000	0.066000	0.009000	57462.240000	S	46647	0
planetlab4.wail.wisc.edu_planetlab4.csail.mit.edu_41499 5	207.195000	57267.926000	0.074000	0.010000	57475.205000	S	46642	16
planetlab4.wail.wisc.edu_planetlab4.csail.mit.edu_41611 5	271.564000	57732.167000	0.075000	0.080000	58003.886000	S	46663	16
planetlab4.wail.wisc.edu_planetlab4.csail.mit.edu_41633 5	240.299000	57814.209000	0.078000	0.010000	58054.596000	S	46660	16
planetlab4.wail.wisc.edu_planetlab4.csail.mit.edu_41665 5	216.111000	57944.469000	0.069000	0.008000	58160.657000	S	46674	16
planetlab4.wail.wisc.edu_planetlab4.csail.mit.edu_41750 5	211.675000	58224.714000	0.074000	0.011000	58436.474000	S	46693	16
planetlab4.wail.wisc.edu_planetlab4.csail.mit.edu_41755 5	212.117000	58237.230000	0.073000	0.012000	58449.432000	S	46691	16
planetlab4.wail.wisc.edu_planetlab4.csail.mit.edu_41773 5	208.798000	58299.805000	0.070000	0.009000	58508.682000	S	46694	16
planetlab4.wail.wisc.edu_planetlab4.csail.mit.edu_41788 5	222.067000	58323.058000	0.069000	0.013000	58545.207000	S	46695	16
planetlab4.wail.wisc.edu_planetlab4.csail.mit.edu_41847 5	551.810000	58369.825000	0.086000	0.008000	58921.729000	S	46702	16
planetlab4.wail.wisc.edu_planetlab4.csail.mit.edu_41859 5	528.735000	58394.857000	0.083000	0.011000	58923.686000	S	46703	16
planetlab4.wail.wisc.edu_planetlab4.csail.mit.edu_41919 5	269.555000	58811.033000	0.076000	0.008000	59080.672000	S	46711	16
planetlab4.wail.wisc.edu_planetlab4.csail.mit.edu_41931 5	251.181000	58850.769000	0.070000	0.010000	59102.030000	S	46712	16
planetlab4.wail.wisc.edu_planetlab4.csail.mit.edu_41947 5	208.505000	58930.157000	0.081000	0.012000	59138.755000	S	46720	16
planetlab4.wail.wisc.edu_planetlab4.csail.mit.edu_41953 5	212.834000	58941.804000	0.223000	0.010000	59154.871000	S	46721	16
planetlab4.wail.wisc.edu_planetlab4.csail.mit.edu_41956 5	209.818000	58949.879000	0.068000	0.011000	59159.776000	S	46722	16
planetlab4.wail.wisc.edu_planetlab4.csail.mit.edu_41978 5	213.680000	58995.328000	0.072000	0.007000	59209.087000	S	46724	16
planetlab4.wail.wisc.edu_planetlab4.csail.mit.edu_41998 5	207.850000	59044.605000	0.074000	0.008000	59252.537000	S	46725	16
planetlab4.wail.wisc.edu_planetlab4.csail.mit.edu_42002 5	208.105000	59048.751000	0.065000	0.008000	59256.929000	S	46726	16
planetlab4.wail.wisc.edu_planetlab4.csail.mit.edu_42008 5	207.631000	59068.567000	0.071000	0.010000	59276.279000	S	46727	16
planetlab4.wail.wisc.edu_planetlab4.csail.mit.edu_42012 5	208.580000	59069.612000	0.070000	0.009000	59278.271000	S	46728	16
planetlab4.wail.wisc.edu_planetlab4.csail.mit.edu_42029 5	208.888000	59104.426000	0.076000	0.009000	59313.399000	S	46732	16
planetlab4.wail.wisc.edu_planetlab4.csail.mit.edu_42043 5	208.608000	59127.420000	0.067000	0.011000	59336.106000	S	46733	16
planetlab4.wail.wisc.edu_planetlab4.csail.mit.edu_42049 5	210.351000	59148.164000	0.075000	0.009000	59358.599000	S	46734	16
pl1.rcc.uottawa.ca_planetlab4.csail.mit.edu_56312 4	177.181000	59212.363000	0.060000	0.007000	59389.611000	S	46751	0
planetlab4.wail.wisc.edu_planetlab4.csail.mit.edu_42069 5	209.222000	59187.677000	0.106000	0.009000	59397.014000	S	46736	16
planetlab4.wail.wisc.edu_planetlab4.csail.mit.edu_42073 5	209.720000	59203.710000	0.077000	0.008000	59413.515000	S	46738	16
planetlab4.wail.wisc.edu_planetlab4.csail.mit.edu_42077 5	209.757000	59215.462000	0.071000	0.009000	59425.299000	S	46740	16
planetlab4.wail.wisc.edu_planetlab4.csail.mit.edu_42081 5	208.440000	59221.072000	0.102000	0.012000	59429.626000	S	46741	16
planetlab4.wail.wisc.edu_planetlab4.csail.mit.edu_42083 5	209.336000	59222.637000	0.066000	0.007000	59432.046000	S	46742	16
planetlab4.wail.wisc.edu_planetlab4.csail.mit.edu_42099 5	209.475000	59259.892000	0.074000	0.008000	59469.449000	S	46748	16
planetlab4.wail.wisc.edu_planetlab4.csail.mit.edu_42108 5	208.485000	59296.543000	0.071000	0.007000	59505.106000	S	46752	16
planetlab4.wail.wisc.edu_planetlab4.csail.mit.edu_42128 5	211.402000	59335.717000	0.084000	0.012000	59547.215000	S	46756	16
planetlab4.wail.wisc.edu_planetlab4.csail.mit.edu_42134 5	209.994000	59354.380000	0.079000	0.011000	59564.464000	S	46757	16
planetlab4.wail.wisc.edu_planetlab4.csail.mit.edu_42138 5	210.836000	59376.560000	0.069000	0.011000	59587.476000	S	46758	16
planetlab4.wail.wisc.edu_planetlab4.csail.mit.edu_42153 5	209.647000	59433.569000	0.066000	0.009000	59643.291000	S	46764	16
planetlab4.wail.wisc.edu_planetlab4.csail.mit.edu_42183 5	211.192000	59576.996000	0.069000	0.008000	59788.265000	S	46772	16
planetlab4.wail.wisc.edu_planetlab4.csail.mit.edu_42195 5	212.901000	59670.053000	0.091000	0.008000	59883.053000	S	46776	16
planetlab4.wail.wisc.edu_planetlab4.csail.mit.edu_42241 5	209.157000	59997.158000	0.096000	0.011000	60206.422000	S	46784	16
planetlab4.wail.wisc.edu_planetlab4.csail.mit.edu_42275 5	215.013000	60168.548000	0.079000	0.008000	60383.648000	S	46788	16
planetlab4.wail.wisc.edu_planetlab4.csail.mit.edu_42279 5	208.857000	60179.269000	0.064000	0.007000	60388.197000	S	46790	16
planetlab4.wail.wisc.edu_planetlab4.csail.mit.edu_42283 5	209.173000	60194.310000	0.068000	0.009000	60403.560000	S	46789	16
planetlab4.wail.wisc.edu_planetlab4.csail.mit.edu_42301 5	208.845000	60286.238000	0.075000	0.009000	60495.167000	S	46796	16
planetlab4.wail.wisc.edu_planetlab4.csail.mit.edu_42329 5	207.938000	60386.680000	0.073000	0.120000	60594.811000	S	46804	16
planetlab4.wail.wisc.edu_planetlab4.csail.mit.edu_42356 5	210.072000	60486.698000	0.072000	0.024000	60696.866000	S	46808	16
planetlab4.wail.wisc.edu_planetlab4.csail.mit.edu_42408 5	257.037000	60628.811000	0.073000	0.010000	60885.931000	S	46820	16
planetlab4.wail.wisc.edu_planetlab4.csail.mit.edu_42414 5	222.128000	60716.532000	0.082000	0.010000	60938.752000	S	46823	16
planetlab4.wail.wisc.edu_planetlab4.csail.mit.edu_42416 5	213.353000	60727.974000	0.084000	0.010000	60941.421000	S	46824	16
planetlab4.wail.wisc.edu_planetlab4.csail.mit.edu_42437 5	209.512000	60853.154000	0.075000	0.010000	61062.751000	S	46832	16
planetlab4.wail.wisc.edu_planetlab4.csail.mit.edu_42439 5	208.943000	60875.615000	0.143000	0.008000	61084.709000	S	46833	16
planetlab4.wail.wisc.edu_planetlab4.csail.mit.edu_42445 5	207.881000	60899.252000	0.067000	0.009000	61107.209000	S	46840	16
planetlab4.wail.wisc.edu_planetlab4.csail.mit.edu_42447 5	214.091000	60897.876000	0.065000	0.014000	61112.046000	S	46841	16
planetlab4.wail.wisc.edu_planetlab4.csail.mit.edu_42449 5	208.110000	60906.265000	0.068000	0.010000	61114.453000	S	46842	16
planetlab4.wail.wisc.edu_planetlab4.csail.mit.edu_42457 5	211.441000	60945.445000	0.084000	0.008000	61156.978000	S	46844	16
planetlab4.wail.wisc.edu_planetlab4.csail.mit.edu_42479 5	211.704000	61071.710000	0.101000	0.012000	61283.527000	S	46852	16
planetlab4.wail.wisc.edu_planetlab4.csail.mit.edu_42497 5	212.916000	61162.541000	0.070000	0.007000	61375.534000	S	46860	16
planetlab4.wail.wisc.edu_planetlab4.csail.mit.edu_42503 5	209.163000	61176.693000	0.077000	0.008000	61385.941000	S	46866	16
pl1.rcc.uottawa.ca_planetlab4.csail.mit.edu_57109 4	178.751000	61327.879000	0.068000	0.010000	61506.708000	S	46871	0
pl1.rcc.uottawa.ca_planetlab4.csail.mit.edu_57187 4	177.795000	61519.985000	0.071000	0.007000	61697.858000	S	46887	0
planetlab4.wail.wisc.edu_planetlab4.csail.mit.edu_42554 5	214.669000	61500.365000	0.084000	0.009000	61715.127000	S	46884	16
planetlab4.wail.wisc.edu_planetlab4.csail.mit.edu_42558 5	207.171000	61521.518000	0.080000	0.011000	61728.780000	S	46888	16
planetlab4.wail.wisc.edu_planetlab4.csail.mit.edu_42570 5	209.158000	61603.324000	0.082000	0.010000	61812.574000	S	46892	16
planetlab4.wail.wisc.edu_planetlab4.csail.mit.edu_42578 5	212.750000	61620.476000	0.105000	0.007000	61833.338000	S	46893	16
planetlab4.wail.wisc.edu_planetlab4.csail.mit.edu_42580 5	209.084000	61626.125000	0.070000	0.010000	61835.289000	S	46894	16
pl1.rcc.uottawa.ca_planetlab4.csail.mit.edu_57279 4	176.799000	61719.857000	0.067000	0.006000	61896.729000	S	46899	0
pl1.rcc.uottawa.ca_planetlab4.csail.mit.edu_57310 4	180.992000	61789.347000	0.057000	0.006000	61970.402000	S	46901	0
pl1.rcc.uottawa.ca_planetlab4.csail.mit.edu_57317 4	177.672000	61802.161000	0.068000	0.007000	61979.908000	S	46903	0
pl1.rcc.uottawa.ca_planetlab4.csail.mit.edu_57320 4	179.600000	61814.848000	0.076000	0.007000	61994.531000	S	46902	0
planetlab4.wail.wisc.edu_planetlab4.csail.mit.edu_42625 5	207.865000	61903.983000	0.079000	0.008000	62111.935000	S	46908	16
pl1.rcc.uottawa.ca_planetlab4.csail.mit.edu_57379 4	177.882000	61947.359000	0.055000	0.005000	62125.301000	S	46911	0
pl1.rcc.uottawa.ca_planetlab4.csail.mit.edu_57503 4	182.014000	62243.316000	0.056000	0.007000	62425.393000	S	46923	0
