planetlab2.williams.edu_osiris.planetlab.cs.umd.edu_1025 2	3425.581000	0.397000	0.017000	0.000000	3425.995000	74357	1312
planetlab2.williams.edu_osiris.planetlab.cs.umd.edu_1029 2	3480.710000	0.023000	0.013000	0.000000	3480.746000	74399	1312
planetlab2.williams.edu_osiris.planetlab.cs.umd.edu_1041 2	3581.598000	0.024000	0.014000	0.000000	3581.636000	74474	1312
planetlab2.williams.edu_osiris.planetlab.cs.umd.edu_1060 2	3961.441000	0.132000	0.024000	0.000000	3961.597000	74657	1312
planetlab4.rutgers.edu_osiris.planetlab.cs.umd.edu_2929 2	3208.636000	897.460000	0.031000	0.000000	4106.127000	74275	1024
planetlab4.rutgers.edu_osiris.planetlab.cs.umd.edu_3005 2	3355.037000	916.074000	0.020000	0.000000	4271.131000	74326	1024
planetlab4.rutgers.edu_osiris.planetlab.cs.umd.edu_3125 2	3527.805000	1022.214000	0.021000	0.000000	4550.040000	74441	1024
planetlab4.rutgers.edu_osiris.planetlab.cs.umd.edu_3167 2	3637.854000	1241.830000	0.041000	0.000000	4879.725000	74525	1024
planetlab1.cs.purdue.edu_osiris.planetlab.cs.umd.edu_1346 2	5948.315000	0.126000	0.018000	0.000000	5948.459000	74106	2208
planetlab7.flux.utah.edu_osiris.planetlab.cs.umd.edu_1398 3	3302.119000	2673.292000	0.017000	0.000000	5975.428000	74210	1536
planetlab-3.cmcl.cs.cmu.edu_osiris.planetlab.cs.umd.edu_1334 4	6011.345000	0.099000	0.039000	0.000000	6011.483000	74244	1568
planetlab-3.cmcl.cs.cmu.edu_osiris.planetlab.cs.umd.edu_1339 4	6034.847000	0.954000	0.098000	0.000000	6035.899000	74368	1568
planetlab-3.cmcl.cs.cmu.edu_osiris.planetlab.cs.umd.edu_1342 4	6044.476000	0.042000	0.029000	0.000000	6044.547000	74372	1568
planetlab1.cs.purdue.edu_osiris.planetlab.cs.umd.edu_1351 2	6054.785000	0.029000	0.025000	0.000000	6054.839000	74170	2208
planetlab-3.cmcl.cs.cmu.edu_osiris.planetlab.cs.umd.edu_1348 4	6062.147000	0.156000	0.033000	0.000000	6062.336000	74373	1568
planetlab-3.cmcl.cs.cmu.edu_osiris.planetlab.cs.umd.edu_1352 4	6065.770000	0.163000	0.028000	0.000000	6065.961000	74374	1568
planetlab-3.cmcl.cs.cmu.edu_osiris.planetlab.cs.umd.edu_1358 4	6071.627000	5.074000	0.074000	0.000000	6076.775000	74380	1568
planetlab1.cs.purdue.edu_osiris.planetlab.cs.umd.edu_1353 2	6081.135000	0.093000	0.024000	0.000000	6081.252000	74202	2208
planetlab-3.cmcl.cs.cmu.edu_osiris.planetlab.cs.umd.edu_1360 4	6073.324000	12.737000	0.031000	0.000000	6086.092000	74388	1568
planetlab-3.cmcl.cs.cmu.edu_osiris.planetlab.cs.umd.edu_1362 4	6078.739000	12.259000	0.029000	0.000000	6091.027000	74404	1568
planetlab1.cs.purdue.edu_osiris.planetlab.cs.umd.edu_1355 2	6110.306000	0.030000	0.025000	0.000000	6110.361000	74218	2208
planetlab-3.cmcl.cs.cmu.edu_osiris.planetlab.cs.umd.edu_1366 4	6117.936000	0.056000	0.036000	0.000000	6118.028000	74436	1568
planetlab1.cs.purdue.edu_osiris.planetlab.cs.umd.edu_1357 2	6124.682000	0.087000	0.015000	0.000000	6124.784000	74226	2208
planetlab1.cs.purdue.edu_osiris.planetlab.cs.umd.edu_1359 2	6126.794000	0.046000	0.035000	0.000000	6126.875000	74232	2208
planetlab1.cs.purdue.edu_osiris.planetlab.cs.umd.edu_1361 2	6126.817000	0.058000	0.013000	0.000000	6126.888000	74234	2208
planetlab-3.cmcl.cs.cmu.edu_osiris.planetlab.cs.umd.edu_1370 4	6129.946000	0.154000	0.047000	0.000000	6130.147000	74551	1568
planetlab1.cs.purdue.edu_osiris.planetlab.cs.umd.edu_1363 2	6156.355000	0.092000	0.031000	0.000000	6156.478000	74235	2208
planetlab1.cs.purdue.edu_osiris.planetlab.cs.umd.edu_1365 2	6161.807000	0.024000	0.018000	0.000000	6161.849000	74238	2208
planetlab-3.cmcl.cs.cmu.edu_osiris.planetlab.cs.umd.edu_1378 4	6180.102000	0.146000	0.036000	0.000000	6180.284000	74628	1568
planetlab04.cs.washington.edu_osiris.planetlab.cs.umd.edu_932 5	6308.721000	0.084000	0.028000	0.000000	6308.833000	74601	1696
planetlab3.rutgers.edu_osiris.planetlab.cs.umd.edu_1110 3	7293.209000	0.174000	0.197000	0.000000	7293.580000	74272	2464
planet6.cs.ucsb.edu_osiris.planetlab.cs.umd.edu_941 3	8586.361000	0.118000	0.033000	0.000000	8586.512000	74183	688
planetlab2.acis.ufl.edu_osiris.planetlab.cs.umd.edu_2718 3	3881.268000	4849.533000	0.019000	0.000000	8730.820000	74107	1056
planetlab2.acis.ufl.edu_osiris.planetlab.cs.umd.edu_2722 3	3898.714000	4841.677000	0.021000	0.000000	8740.412000	74127	1056
planetlab2.acis.ufl.edu_osiris.planetlab.cs.umd.edu_2733 3	3958.024000	4870.302000	0.024000	0.000000	8828.350000	74151	1056
planetlab2.acis.ufl.edu_osiris.planetlab.cs.umd.edu_2737 3	3988.360000	4868.824000	0.021000	0.000000	8857.205000	74155	1056
planetlab2.acis.ufl.edu_osiris.planetlab.cs.umd.edu_2739 3	3989.912000	4884.831000	0.015000	0.000000	8874.758000	74157	1056
planetlab2.acis.ufl.edu_osiris.planetlab.cs.umd.edu_2741 3	3997.295000	4888.871000	0.021000	0.000000	8886.187000	74158	1056
planetlab2.acis.ufl.edu_osiris.planetlab.cs.umd.edu_2743 3	4000.572000	4903.061000	0.032000	0.000000	8903.665000	74159	1056
planetlab2.acis.ufl.edu_osiris.planetlab.cs.umd.edu_2746 3	4004.978000	4927.599000	0.017000	0.000000	8932.594000	74160	1056
planetlab2.acis.ufl.edu_osiris.planetlab.cs.umd.edu_2751 3	4034.971000	4919.647000	0.020000	0.000000	8954.638000	74175	1056
planetlab2.acis.ufl.edu_osiris.planetlab.cs.umd.edu_2753 3	4038.106000	4916.625000	0.016000	0.000000	8954.747000	74181	1056
planetlab2.acis.ufl.edu_osiris.planetlab.cs.umd.edu_2758 3	4043.719000	4917.337000	0.017000	0.000000	8961.073000	74184	1056
planetlab2.acis.ufl.edu_osiris.planetlab.cs.umd.edu_2765 3	4072.940000	4910.689000	0.021000	0.000000	8983.650000	74195	1056
planetlab2.acis.ufl.edu_osiris.planetlab.cs.umd.edu_2774 3	4098.282000	4905.197000	0.015000	0.000000	9003.494000	74223	1056
planetlab2.acis.ufl.edu_osiris.planetlab.cs.umd.edu_2858 3	4374.423000	4940.814000	0.017000	0.000000	9315.254000	74336	1056
planetlab2.acis.ufl.edu_osiris.planetlab.cs.umd.edu_2891 3	4481.891000	4941.622000	0.019000	0.000000	9423.532000	74363	1056
planetlab2.acis.ufl.edu_osiris.planetlab.cs.umd.edu_2943 3	4640.076000	4954.788000	0.023000	0.000000	9594.887000	74451	1056
planetlab2.acis.ufl.edu_osiris.planetlab.cs.umd.edu_3066 3	5088.149000	4966.865000	0.021000	0.000000	10055.035000	74544	1056
planetlab2.acis.ufl.edu_osiris.planetlab.cs.umd.edu_3068 3	5097.904000	4960.436000	0.023000	0.000000	10058.363000	74565	1056
planetlab2.acis.ufl.edu_osiris.planetlab.cs.umd.edu_3083 3	5144.780000	4949.717000	0.026000	0.000000	10094.523000	74579	1056
planetlab2.acis.ufl.edu_osiris.planetlab.cs.umd.edu_3109 3	5238.098000	4938.784000	0.019000	0.000000	10176.901000	74643	1056
planetlab2.acis.ufl.edu_osiris.planetlab.cs.umd.edu_3127 3	5287.307000	4944.955000	0.023000	0.000000	10232.285000	74671	1056
planetlab2.acis.ufl.edu_osiris.planetlab.cs.umd.edu_3136 3	5322.472000	4942.848000	0.022000	0.000000	10265.342000	74691	1056
planetlab2.acis.ufl.edu_osiris.planetlab.cs.umd.edu_3153 3	5384.304000	4954.093000	0.027000	0.000000	10338.424000	74705	1056
ebb.colgate.edu_osiris.planetlab.cs.umd.edu_1961 4	10354.797000	0.040000	0.010000	0.000000	10354.847000	74134	1184
planetlab2.acis.ufl.edu_osiris.planetlab.cs.umd.edu_3162 3	5427.307000	4934.982000	0.021000	0.000000	10362.310000	74706	1056
planetlab2.acis.ufl.edu_osiris.planetlab.cs.umd.edu_3163 3	5427.533000	4939.673000	0.010000	0.000000	10367.216000	74707	1056
planetlab2.acis.ufl.edu_osiris.planetlab.cs.umd.edu_3164 3	5427.516000	4946.614000	0.011000	0.000000	10374.141000	74711	1056
planetlab2.acis.ufl.edu_osiris.planetlab.cs.umd.edu_3165 3	5427.814000	4949.499000	0.010000	0.000000	10377.323000	74715	1056
planet2.cs.rochester.edu_osiris.planetlab.cs.umd.edu_2319 2	10445.354000	0.024000	0.019000	0.000000	10445.397000	74356	672
ebb.colgate.edu_osiris.planetlab.cs.umd.edu_1983 4	10590.665000	0.044000	0.013000	0.000000	10590.722000	74302	1184
planetlab5.csee.usf.edu_osiris.planetlab.cs.umd.edu_3012 2	8187.150000	2915.063000	0.024000	0.000000	11102.237000	74166	608
planetlab5.csee.usf.edu_osiris.planetlab.cs.umd.edu_3087 2	9355.198000	2071.923000	0.019000	0.000000	11427.140000	74270	608
planetlab-01.bu.edu_osiris.planetlab.cs.umd.edu_2937 3	12361.338000	0.031000	0.018000	0.000000	12361.387000	74514	640
planetlab5.csee.usf.edu_osiris.planetlab.cs.umd.edu_3317 2	12500.203000	121.104000	0.024000	0.000000	12621.331000	74528	608
planetlab5.csee.usf.edu_osiris.planetlab.cs.umd.edu_3363 2	13148.327000	0.286000	0.021000	0.000000	13148.634000	74581	608
planetlab5.csee.usf.edu_osiris.planetlab.cs.umd.edu_3465 2	14494.459000	0.051000	0.023000	0.000000	14494.533000	74698	608
planetlab2.netlab.uky.edu_osiris.planetlab.cs.umd.edu_4577 3	10906.962000	4527.976000	0.026000	0.000000	15434.964000	74113	544
planetlab2.netlab.uky.edu_osiris.planetlab.cs.umd.edu_4580 3	10934.984000	4514.134000	0.032000	0.000000	15449.150000	74120	544
planetlab2.netlab.uky.edu_osiris.planetlab.cs.umd.edu_4582 3	10937.375000	4512.141000	0.017000	0.000000	15449.533000	74121	544
planetlab2.netlab.uky.edu_osiris.planetlab.cs.umd.edu_4584 3	10943.292000	4518.980000	0.015000	0.000000	15462.287000	74123	544
planetlab2.netlab.uky.edu_osiris.planetlab.cs.umd.edu_4587 3	10957.113000	4506.352000	0.024000	0.000000	15463.489000	74125	544
planetlab2.netlab.uky.edu_osiris.planetlab.cs.umd.edu_4592 3	10966.890000	4511.091000	0.025000	0.000000	15478.006000	74128	544
planetlab2.netlab.uky.edu_osiris.planetlab.cs.umd.edu_4594 3	10984.404000	4493.692000	0.031000	0.000000	15478.127000	74129	544
planetlab2.netlab.uky.edu_osiris.planetlab.cs.umd.edu_4598 3	10991.508000	4500.627000	0.019000	0.000000	15492.154000	74131	544
planetlab2.netlab.uky.edu_osiris.planetlab.cs.umd.edu_4602 3	10994.155000	4505.973000	0.017000	0.000000	15500.145000	74133	544
planetlab2.netlab.uky.edu_osiris.planetlab.cs.umd.edu_4611 3	11018.963000	4507.206000	0.019000	0.000000	15526.188000	74136	544
planetlab2.netlab.uky.edu_osiris.planetlab.cs.umd.edu_4616 3	11039.660000	4496.658000	0.027000	0.000000	15536.345000	74137	544
planetlab2.netlab.uky.edu_osiris.planetlab.cs.umd.edu_4618 3	11044.858000	4496.600000	0.026000	0.000000	15541.484000	74138	544
planetlab2.netlab.uky.edu_osiris.planetlab.cs.umd.edu_4620 3	11046.603000	4507.204000	0.017000	0.000000	15553.824000	74139	544
planetlab2.netlab.uky.edu_osiris.planetlab.cs.umd.edu_4622 3	11046.676000	4508.526000	0.018000	0.000000	15555.220000	74140	544
planetlab2.netlab.uky.edu_osiris.planetlab.cs.umd.edu_4627 3	11063.126000	4493.318000	0.024000	0.000000	15556.468000	74141	544
planetlab2.netlab.uky.edu_osiris.planetlab.cs.umd.edu_4632 3	11068.304000	4502.012000	0.019000	0.000000	15570.335000	74143	544
planetlab2.netlab.uky.edu_osiris.planetlab.cs.umd.edu_4636 3	11073.650000	4508.660000	0.018000	0.000000	15582.328000	74153	544
planetlab2.netlab.uky.edu_osiris.planetlab.cs.umd.edu_4661 3	11117.269000	4536.785000	0.031000	0.000000	15654.085000	74161	544
planetlab2.netlab.uky.edu_osiris.planetlab.cs.umd.edu_4667 3	11144.554000	4535.816000	0.027000	0.000000	15680.397000	74168	544
planetlab2.netlab.uky.edu_osiris.planetlab.cs.umd.edu_4669 3	11150.410000	4532.392000	0.028000	0.000000	15682.830000	74169	544
planetlab2.netlab.uky.edu_osiris.planetlab.cs.umd.edu_4671 3	11156.453000	4529.549000	0.024000	0.000000	15686.026000	74171	544
planetlab2.netlab.uky.edu_osiris.planetlab.cs.umd.edu_4677 3	11177.967000	4525.121000	0.031000	0.000000	15703.119000	74173	544
planetlab2.netlab.uky.edu_osiris.planetlab.cs.umd.edu_4693 3	11211.401000	4534.952000	0.011000	0.000000	15746.364000	74185	544
planetlab2.netlab.uky.edu_osiris.planetlab.cs.umd.edu_4707 3	11264.019000	4538.790000	0.017000	0.000000	15802.826000	74193	544
planetlab2.netlab.uky.edu_osiris.planetlab.cs.umd.edu_4711 3	11285.419000	4531.140000	0.026000	0.000000	15816.585000	74200	544
planetlab2.netlab.uky.edu_osiris.planetlab.cs.umd.edu_4726 3	11291.154000	4580.920000	0.014000	0.000000	15872.088000	74201	544
planetlab2.netlab.uky.edu_osiris.planetlab.cs.umd.edu_4728 3	11293.131000	4583.511000	0.019000	0.000000	15876.661000	74203	544
planetlab2.netlab.uky.edu_osiris.planetlab.cs.umd.edu_4730 3	11312.630000	4585.069000	0.028000	0.000000	15897.727000	74205	544
planetlab2.netlab.uky.edu_osiris.planetlab.cs.umd.edu_4739 3	11346.099000	4658.326000	0.037000	0.000000	16004.462000	74220	544
planetlab2.netlab.uky.edu_osiris.planetlab.cs.umd.edu_4746 3	11369.657000	4680.545000	0.026000	0.000000	16050.228000	74233	544
planetlab-01.ece.uprm.edu_osiris.planetlab.cs.umd.edu_2092 2	6366.225000	9820.441000	0.032000	0.000000	16186.698000	74308	2144
planetlab-2.cmcl.cs.cmu.edu_osiris.planetlab.cs.umd.edu_1675 4	16239.291000	0.049000	0.069000	0.000000	16239.409000	74282	560
planetlab2.netlab.uky.edu_osiris.planetlab.cs.umd.edu_4794 3	11563.332000	4688.529000	0.017000	0.000000	16251.878000	74289	544
planetlab-01.ece.uprm.edu_osiris.planetlab.cs.umd.edu_2120 2	6618.693000	9790.398000	0.114000	0.000000	16409.205000	74414	2144
planetlab-01.ece.uprm.edu_osiris.planetlab.cs.umd.edu_2132 2	6716.976000	9799.879000	0.049000	0.000000	16516.904000	74459	2144
planetlab2.netlab.uky.edu_osiris.planetlab.cs.umd.edu_4933 3	12056.425000	4681.931000	0.018000	0.000000	16738.374000	74393	544
planetlab-01.ece.uprm.edu_osiris.planetlab.cs.umd.edu_2164 2	7007.681000	9812.067000	0.047000	0.000000	16819.795000	74640	2144
planetlab2.netlab.uky.edu_osiris.planetlab.cs.umd.edu_5060 3	12606.444000	4625.547000	0.017000	0.000000	17232.008000	74511	544
planetlab2.netlab.uky.edu_osiris.planetlab.cs.umd.edu_5073 3	12636.589000	4633.218000	0.033000	0.000000	17269.840000	74521	544
planetlab2.netlab.uky.edu_osiris.planetlab.cs.umd.edu_5283 3	13626.237000	4377.128000	0.024000	0.000000	18003.389000	74618	544
planetlab2.netlab.uky.edu_osiris.planetlab.cs.umd.edu_5328 3	13769.947000	4395.516000	0.028000	0.000000	18165.491000	74633	544
pl2.eecs.utk.edu_osiris.planetlab.cs.umd.edu_4691 2	7709.527000	10470.214000	0.016000	0.000000	18179.757000	74124	224
planetlab2.netlab.uky.edu_osiris.planetlab.cs.umd.edu_5352 3	13868.670000	4344.472000	0.027000	0.000000	18213.169000	74641	544
planetlab2.netlab.uky.edu_osiris.planetlab.cs.umd.edu_5364 3	13958.109000	4295.025000	0.031000	0.000000	18253.165000	74648	544
planetlab2.netlab.uky.edu_osiris.planetlab.cs.umd.edu_5366 3	13964.007000	4309.118000	0.019000	0.000000	18273.144000	74649	544
planetlab2.netlab.uky.edu_osiris.planetlab.cs.umd.edu_5375 3	13993.462000	4288.472000	0.021000	0.000000	18281.955000	74651	544
planetlab2.netlab.uky.edu_osiris.planetlab.cs.umd.edu_5386 3	14027.272000	4285.338000	0.024000	0.000000	18312.634000	74653	544
planetlab2.netlab.uky.edu_osiris.planetlab.cs.umd.edu_5462 3	14337.235000	4220.052000	0.035000	0.000000	18557.322000	74681	544
planetlab6.cs.duke.edu_osiris.planetlab.cs.umd.edu_5607 5	17916.033000	719.653000	0.044000	0.000000	18635.730000	74104	288
planetlab6.cs.duke.edu_osiris.planetlab.cs.umd.edu_5613 5	18062.931000	601.891000	0.035000	0.000000	18664.857000	74112	288
planetlab6.cs.duke.edu_osiris.planetlab.cs.umd.edu_5616 5	18077.101000	598.516000	0.026000	0.000000	18675.643000	74114	288
planetlab6.cs.duke.edu_osiris.planetlab.cs.umd.edu_5619 5	18108.261000	570.362000	0.028000	0.000000	18678.651000	74115	288
planetlab6.cs.duke.edu_osiris.planetlab.cs.umd.edu_5623 5	18167.287000	522.370000	0.035000	0.000000	18689.692000	74118	288
planetlab2.netlab.uky.edu_osiris.planetlab.cs.umd.edu_5508 3	14684.757000	4040.461000	0.033000	0.000000	18725.251000	74713	544
planetlab6.cs.duke.edu_osiris.planetlab.cs.umd.edu_5631 5	18246.865000	512.353000	0.025000	0.000000	18759.243000	74122	288
planetlab6.cs.duke.edu_osiris.planetlab.cs.umd.edu_5638 5	18407.251000	375.027000	0.026000	0.000000	18782.304000	74130	288
planetlab6.cs.duke.edu_osiris.planetlab.cs.umd.edu_5648 5	18662.390000	130.672000	0.030000	0.000000	18793.092000	74146	288
planetlab6.cs.duke.edu_osiris.planetlab.cs.umd.edu_5654 5	18901.931000	0.025000	0.021000	0.000000	18901.977000	74167	288
planetlab2.netlab.uky.edu_osiris.planetlab.cs.umd.edu_5543 3	14800.337000	4099.900000	0.025000	0.000000	18900.262000	74725	544
planetlab6.cs.duke.edu_osiris.planetlab.cs.umd.edu_5658 5	18957.965000	0.409000	0.025000	0.000000	18958.399000	74172	288
planetlab6.cs.duke.edu_osiris.planetlab.cs.umd.edu_5660 5	19056.148000	0.081000	0.033000	0.000000	19056.262000	74178	288
planetlab6.csail.mit.edu_osiris.planetlab.cs.umd.edu_2545 3	19172.938000	0.048000	0.033000	0.000000	19173.019000	74670	928
planetlab6.cs.duke.edu_osiris.planetlab.cs.umd.edu_5695 5	19427.701000	0.214000	0.039000	0.000000	19427.954000	74199	288
plonk.cs.uwaterloo.ca_osiris.planetlab.cs.umd.edu_2319 4	19627.433000	0.050000	0.019000	0.000000	19627.502000	74243	800
plonk.cs.uwaterloo.ca_osiris.planetlab.cs.umd.edu_2321 4	19638.625000	0.023000	0.016000	0.000000	19638.664000	74305	800
plonk.cs.uwaterloo.ca_osiris.planetlab.cs.umd.edu_2323 4	19645.503000	0.187000	0.014000	0.000000	19645.704000	74306	800
plonk.cs.uwaterloo.ca_osiris.planetlab.cs.umd.edu_2325 4	19648.025000	0.022000	0.014000	0.000000	19648.061000	74307	800
plonk.cs.uwaterloo.ca_osiris.planetlab.cs.umd.edu_2327 4	19656.987000	0.281000	0.016000	0.000000	19657.284000	74311	800
planetlab6.cs.duke.edu_osiris.planetlab.cs.umd.edu_5705 5	19672.165000	0.183000	0.020000	0.000000	19672.368000	74215	288
plonk.cs.uwaterloo.ca_osiris.planetlab.cs.umd.edu_2329 4	19678.098000	0.225000	0.022000	0.000000	19678.345000	74315	800
plonk.cs.uwaterloo.ca_osiris.planetlab.cs.umd.edu_2331 4	19679.557000	0.023000	0.014000	0.000000	19679.594000	74323	800
plonk.cs.uwaterloo.ca_osiris.planetlab.cs.umd.edu_2333 4	19695.798000	0.089000	0.018000	0.000000	19695.905000	74339	800
planetlab6.cs.duke.edu_osiris.planetlab.cs.umd.edu_5707 5	19701.932000	0.164000	0.026000	0.000000	19702.122000	74216	288
plonk.cs.uwaterloo.ca_osiris.planetlab.cs.umd.edu_2338 4	19714.259000	0.021000	0.018000	0.000000	19714.298000	74435	800
plonk.cs.uwaterloo.ca_osiris.planetlab.cs.umd.edu_2342 4	19744.324000	0.366000	0.023000	0.000000	19744.713000	74563	800
planetlab6.cs.duke.edu_osiris.planetlab.cs.umd.edu_5712 5	19862.933000	0.843000	0.075000	0.000000	19863.851000	74227	288
planetlab6.cs.duke.edu_osiris.planetlab.cs.umd.edu_5714 5	19900.511000	0.042000	0.030000	0.000000	19900.583000	74229	288
planetlab6.cs.duke.edu_osiris.planetlab.cs.umd.edu_5716 5	19927.621000	0.153000	0.024000	0.000000	19927.798000	74230	288
planetlab6.cs.duke.edu_osiris.planetlab.cs.umd.edu_5718 5	19929.281000	1.013000	0.013000	0.000000	19930.307000	74231	288
planetlab6.cs.duke.edu_osiris.planetlab.cs.umd.edu_5729 5	20019.798000	0.167000	0.032000	0.000000	20019.997000	74239	288
planetlab6.cs.duke.edu_osiris.planetlab.cs.umd.edu_5741 5	20212.263000	0.206000	0.027000	0.000000	20212.496000	74260	288
planetlab6.cs.cornell.edu_osiris.planetlab.cs.umd.edu_5379 4	20540.734000	0.089000	0.038000	0.000000	20540.861000	74299	352
planetlab1.williams.edu_osiris.planetlab.cs.umd.edu_2184 3	6449.049000	15009.233000	0.016000	0.000000	21458.298000	74396	2176
earth.cs.brown.edu_osiris.planetlab.cs.umd.edu_10503 3	18604.749000	2951.663000	0.023000	0.000000	21556.435000	74145	96
earth.cs.brown.edu_osiris.planetlab.cs.umd.edu_10522 3	18726.640000	2852.436000	0.026000	0.000000	21579.102000	74154	96
earth.cs.brown.edu_osiris.planetlab.cs.umd.edu_10578 3	19033.699000	2645.041000	0.020000	0.000000	21678.760000	74177	96
earth.cs.brown.edu_osiris.planetlab.cs.umd.edu_10672 3	19503.451000	2316.918000	0.023000	0.000000	21820.392000	74207	96
earth.cs.brown.edu_osiris.planetlab.cs.umd.edu_10680 3	19547.580000	2287.981000	0.023000	0.000000	21835.584000	74208	96
earth.cs.brown.edu_osiris.planetlab.cs.umd.edu_10688 3	19560.968000	2285.943000	0.020000	0.000000	21846.931000	74209	96
earth.cs.brown.edu_osiris.planetlab.cs.umd.edu_10693 3	19602.546000	2255.542000	0.023000	0.000000	21858.111000	74211	96
earth.cs.brown.edu_osiris.planetlab.cs.umd.edu_10704 3	19643.420000	2227.934000	0.022000	0.000000	21871.376000	74213	96
earth.cs.brown.edu_osiris.planetlab.cs.umd.edu_10710 3	19690.840000	2192.865000	0.026000	0.000000	21883.731000	74217	96
planetlab2.cs.pitt.edu_osiris.planetlab.cs.umd.edu_2274 6	21915.080000	0.021000	0.022000	0.000000	21915.123000	74407	304
earth.cs.brown.edu_osiris.planetlab.cs.umd.edu_10744 3	19795.585000	2158.677000	0.026000	0.000000	21954.288000	74225	96
earth.cs.brown.edu_osiris.planetlab.cs.umd.edu_10801 3	20045.093000	2026.858000	0.025000	0.000000	22071.976000	74242	96
planetlab6.cs.duke.edu_osiris.planetlab.cs.umd.edu_5824 5	22192.242000	0.531000	0.025000	0.000000	22192.798000	74428	288
earth.cs.brown.edu_osiris.planetlab.cs.umd.edu_10993 3	20947.764000	1451.043000	0.027000	0.000000	22398.834000	74337	96
planetlab3.cs.columbia.edu_osiris.planetlab.cs.umd.edu_3837 3	22432.323000	2.838000	0.160000	0.000000	22435.321000	74454	480
earth.cs.brown.edu_osiris.planetlab.cs.umd.edu_11055 3	21272.801000	1205.631000	0.025000	0.000000	22478.457000	74359	96
earth.cs.brown.edu_osiris.planetlab.cs.umd.edu_11139 3	21729.088000	871.736000	0.036000	0.000000	22600.860000	74397	96
earth.cs.brown.edu_osiris.planetlab.cs.umd.edu_11146 3	21753.426000	851.512000	0.032000	0.000000	22604.970000	74401	96
planetlab2.cs.columbia.edu_osiris.planetlab.cs.umd.edu_3083 4	22635.474000	49.217000	0.128000	0.000000	22684.819000	74194	112
earth.cs.brown.edu_osiris.planetlab.cs.umd.edu_11261 3	22254.302000	480.675000	0.043000	0.000000	22735.020000	74433	96
earth.cs.brown.edu_osiris.planetlab.cs.umd.edu_11338 3	22597.822000	233.675000	0.023000	0.000000	22831.520000	74464	96
earth.cs.brown.edu_osiris.planetlab.cs.umd.edu_11341 3	22607.153000	226.515000	0.022000	0.000000	22833.690000	74465	96
earth.cs.brown.edu_osiris.planetlab.cs.umd.edu_11351 3	22651.049000	195.183000	0.053000	0.000000	22846.285000	74467	96
earth.cs.brown.edu_osiris.planetlab.cs.umd.edu_11355 3	22677.778000	173.339000	0.043000	0.000000	22851.160000	74469	96
earth.cs.brown.edu_osiris.planetlab.cs.umd.edu_11364 3	22711.392000	149.593000	0.023000	0.000000	22861.008000	74473	96
earth.cs.brown.edu_osiris.planetlab.cs.umd.edu_11392 3	22812.831000	81.445000	0.024000	0.000000	22894.300000	74481	96
planetlabpc2.upf.edu_osiris.planetlab.cs.umd.edu_953 2	5300.972000	17621.893000	0.020000	0.000000	22922.885000	74472	2592
planetlab5.eecs.umich.edu_osiris.planetlab.cs.umd.edu_4336 4	22980.449000	0.362000	0.027000	0.000000	22980.838000	74489	416
planetlab6.cs.duke.edu_osiris.planetlab.cs.umd.edu_5866 5	23088.230000	0.635000	0.033000	0.000000	23088.898000	74500	288
pl2.eecs.utk.edu_osiris.planetlab.cs.umd.edu_5695 2	12267.493000	10865.569000	0.017000	0.000000	23133.079000	74508	224
planetlab6.cs.duke.edu_osiris.planetlab.cs.umd.edu_5875 5	23243.353000	0.114000	0.024000	0.000000	23243.491000	74512	288
planetlab6.cs.duke.edu_osiris.planetlab.cs.umd.edu_5879 5	23285.971000	0.048000	0.025000	0.000000	23286.044000	74516	288
planetlab-02.bu.edu_osiris.planetlab.cs.umd.edu_1562 5	21557.635000	1743.147000	0.057000	0.000000	23300.839000	74376	368
planetlab6.cs.duke.edu_osiris.planetlab.cs.umd.edu_5881 5	23300.311000	0.152000	0.027000	0.000000	23300.490000	74517	288
planetlab6.cs.cornell.edu_osiris.planetlab.cs.umd.edu_5460 4	23316.937000	0.042000	0.033000	0.000000	23317.012000	74523	352
planetlab6.cs.duke.edu_osiris.planetlab.cs.umd.edu_5885 5	23320.963000	0.030000	0.018000	0.000000	23321.011000	74518	288
planetlab6.cs.duke.edu_osiris.planetlab.cs.umd.edu_5887 5	23354.250000	0.591000	0.026000	0.000000	23354.867000	74524	288
planetlabpc2.upf.edu_osiris.planetlab.cs.umd.edu_977 2	5494.143000	17887.961000	0.014000	0.000000	23382.118000	74659	2592
planetlabpc2.upf.edu_osiris.planetlab.cs.umd.edu_979 2	5495.572000	17888.236000	0.013000	0.000000	23383.821000	74556	2592
pl1.planet.cs.kent.edu_osiris.planetlab.cs.umd.edu_1967 5	23433.653000	0.066000	0.020000	0.000000	23433.739000	74257	1248
planetlab6.cs.cornell.edu_osiris.planetlab.cs.umd.edu_5465 4	23525.407000	0.212000	0.036000	0.000000	23525.655000	74539	352
planetlab6.cs.cornell.edu_osiris.planetlab.cs.umd.edu_5467 4	23608.770000	0.094000	0.047000	0.000000	23608.911000	74547	352
planetlab6.cs.duke.edu_osiris.planetlab.cs.umd.edu_5906 5	23645.770000	0.181000	0.031000	0.000000	23645.982000	74548	288
planetlab6.cs.cornell.edu_osiris.planetlab.cs.umd.edu_5471 4	23710.125000	0.046000	0.041000	0.000000	23710.212000	74553	352
planetlab6.cs.cornell.edu_osiris.planetlab.cs.umd.edu_5473 4	23717.330000	0.055000	0.029000	0.000000	23717.414000	74554	352
planetlab6.cs.cornell.edu_osiris.planetlab.cs.umd.edu_5475 4	23717.371000	0.108000	0.022000	0.000000	23717.501000	74555	352
planetlab6.cs.cornell.edu_osiris.planetlab.cs.umd.edu_5477 4	23761.716000	0.056000	0.025000	0.000000	23761.797000	74559	352
planetlabpc2.upf.edu_osiris.planetlab.cs.umd.edu_997 2	5623.481000	18140.784000	0.014000	0.000000	23764.279000	74710	2592
earth.cs.brown.edu_osiris.planetlab.cs.umd.edu_11572 3	23873.132000	0.094000	0.025000	0.000000	23873.251000	74569	96
planetlab6.cs.duke.edu_osiris.planetlab.cs.umd.edu_5923 5	24043.700000	0.038000	0.030000	0.000000	24043.768000	74580	288
planetlab2.cs.columbia.edu_osiris.planetlab.cs.umd.edu_3283 4	24121.375000	43.444000	0.044000	0.000000	24164.863000	74578	112
planetlab6.cs.duke.edu_osiris.planetlab.cs.umd.edu_5932 5	24315.275000	0.310000	0.030000	0.000000	24315.615000	74600	288
planetlab6.cs.cornell.edu_osiris.planetlab.cs.umd.edu_5490 4	24548.731000	0.063000	0.039000	0.000000	24548.833000	74619	352
planetlab6.cs.duke.edu_osiris.planetlab.cs.umd.edu_5940 5	24672.982000	0.034000	0.024000	0.000000	24673.040000	74626	288
planetlab6.cs.duke.edu_osiris.planetlab.cs.umd.edu_5945 5	24847.611000	0.772000	0.055000	0.000000	24848.438000	74644	288
planetlab6.cs.cornell.edu_osiris.planetlab.cs.umd.edu_5498 4	25315.995000	0.050000	0.032000	0.000000	25316.077000	74683	352
earth.cs.brown.edu_osiris.planetlab.cs.umd.edu_11873 3	25719.721000	0.079000	0.022000	0.000000	25719.822000	74721	96
planetlab1.rutgers.edu_osiris.planetlab.cs.umd.edu_7343 4	16684.068000	9836.242000	0.052000	0.000000	26520.362000	74367	512
planetlab1.rutgers.edu_osiris.planetlab.cs.umd.edu_7379 4	16990.363000	9676.892000	0.048000	0.000000	26667.303000	74431	512
planetlab1.rutgers.edu_osiris.planetlab.cs.umd.edu_7392 4	17052.893000	9632.651000	0.074000	0.000000	26685.618000	74463	512
planetlab1.rutgers.edu_osiris.planetlab.cs.umd.edu_7410 4	17117.276000	9664.977000	0.041000	0.000000	26782.294000	74479	512
planetlab1.rutgers.edu_osiris.planetlab.cs.umd.edu_7412 4	17130.515000	9656.967000	0.036000	0.000000	26787.518000	74487	512
planetlab1.rutgers.edu_osiris.planetlab.cs.umd.edu_7417 4	17166.246000	9647.616000	0.042000	0.000000	26813.904000	74491	512
planetlab1.rutgers.edu_osiris.planetlab.cs.umd.edu_7419 4	17168.049000	9647.833000	0.054000	0.000000	26815.936000	74493	512
planetlab1.rutgers.edu_osiris.planetlab.cs.umd.edu_7424 4	17179.122000	9653.858000	0.050000	0.000000	26833.030000	74494	512
planetlab1.rutgers.edu_osiris.planetlab.cs.umd.edu_7427 4	17193.233000	9651.394000	0.061000	0.000000	26844.688000	74495	512
planetlab1.cs.unc.edu_osiris.planetlab.cs.umd.edu_4509 5	27207.481000	0.628000	0.032000	0.000000	27208.141000	74572	528
node1.planetlab.albany.edu_osiris.planetlab.cs.umd.edu_14598 4	21442.654000	20118.735000	0.018000	0.000000	41561.407000	74117	32
node1.planetlab.albany.edu_osiris.planetlab.cs.umd.edu_14646 4	21499.350000	20163.255000	0.019000	0.000000	41662.624000	74126	32
node1.planetlab.albany.edu_osiris.planetlab.cs.umd.edu_14752 4	21614.069000	20323.290000	0.021000	0.000000	41937.380000	74162	32
node1.planetlab.albany.edu_osiris.planetlab.cs.umd.edu_14792 4	21718.154000	20317.359000	0.023000	0.000000	42035.536000	74182	32
node1.planetlab.albany.edu_osiris.planetlab.cs.umd.edu_14795 4	21721.291000	20319.987000	0.017000	0.000000	42041.295000	74186	32
node1.planetlab.albany.edu_osiris.planetlab.cs.umd.edu_14801 4	21731.623000	20320.998000	0.019000	0.000000	42052.640000	74188	32
node1.planetlab.albany.edu_osiris.planetlab.cs.umd.edu_14805 4	21741.502000	20322.757000	0.019000	0.000000	42064.278000	74190	32
node1.planetlab.albany.edu_osiris.planetlab.cs.umd.edu_14810 4	21748.934000	20324.101000	0.018000	0.000000	42073.053000	74191	32
node1.planetlab.albany.edu_osiris.planetlab.cs.umd.edu_14850 4	21827.224000	20344.755000	0.021000	0.000000	42172.000000	74206	32
node1.planetlab.albany.edu_osiris.planetlab.cs.umd.edu_14873 4	21884.183000	20335.444000	0.019000	0.000000	42219.646000	74214	32
node1.planetlab.albany.edu_osiris.planetlab.cs.umd.edu_14887 4	21925.145000	20340.146000	0.017000	0.000000	42265.308000	74222	32
node1.planetlab.albany.edu_osiris.planetlab.cs.umd.edu_14891 4	21935.309000	20337.403000	0.016000	0.000000	42272.728000	74224	32
node1.planetlab.albany.edu_osiris.planetlab.cs.umd.edu_14935 4	22101.696000	20298.616000	0.020000	0.000000	42400.332000	74245	32
node1.planetlab.albany.edu_osiris.planetlab.cs.umd.edu_14939 4	22108.662000	20300.722000	0.085000	0.000000	42409.469000	74248	32
node1.planetlab.albany.edu_osiris.planetlab.cs.umd.edu_14941 4	22111.423000	20299.490000	0.017000	0.000000	42410.930000	74249	32
node1.planetlab.albany.edu_osiris.planetlab.cs.umd.edu_14943 4	22118.194000	20293.458000	0.018000	0.000000	42411.670000	74252	32
node1.planetlab.albany.edu_osiris.planetlab.cs.umd.edu_14946 4	22120.017000	20293.429000	0.016000	0.000000	42413.462000	74253	32
node1.planetlab.albany.edu_osiris.planetlab.cs.umd.edu_14948 4	22128.754000	20286.122000	0.017000	0.000000	42414.893000	74255	32
node1.planetlab.albany.edu_osiris.planetlab.cs.umd.edu_14954 4	22138.127000	20284.006000	0.019000	0.000000	42422.152000	74258	32
node1.planetlab.albany.edu_osiris.planetlab.cs.umd.edu_14956 4	22138.326000	20283.893000	0.017000	0.000000	42422.236000	74264	32
node1.planetlab.albany.edu_osiris.planetlab.cs.umd.edu_14958 4	22139.174000	20283.886000	0.015000	0.000000	42423.075000	74265	32
node1.planetlab.albany.edu_osiris.planetlab.cs.umd.edu_14952 4	22139.281000	20285.648000	0.018000	0.000000	42424.947000	74256	32
node1.planetlab.albany.edu_osiris.planetlab.cs.umd.edu_14961 4	22147.273000	20278.826000	0.015000	0.000000	42426.114000	74266	32
node1.planetlab.albany.edu_osiris.planetlab.cs.umd.edu_14964 4	22154.812000	20278.412000	0.018000	0.000000	42433.242000	74268	32
node1.planetlab.albany.edu_osiris.planetlab.cs.umd.edu_14966 4	22159.960000	20273.470000	0.017000	0.000000	42433.447000	74269	32
node1.planetlab.albany.edu_osiris.planetlab.cs.umd.edu_14970 4	22168.620000	20265.843000	0.018000	0.000000	42434.481000	74273	32
node1.planetlab.albany.edu_osiris.planetlab.cs.umd.edu_14975 4	22178.438000	20264.533000	0.019000	0.000000	42442.990000	74274	32
node1.planetlab.albany.edu_osiris.planetlab.cs.umd.edu_14977 4	22179.879000	20264.734000	0.017000	0.000000	42444.630000	74276	32
node1.planetlab.albany.edu_osiris.planetlab.cs.umd.edu_14980 4	22188.075000	20256.601000	0.027000	0.000000	42444.703000	74277	32
node1.planetlab.albany.edu_osiris.planetlab.cs.umd.edu_14982 4	22190.999000	20258.936000	0.016000	0.000000	42449.951000	74278	32
node1.planetlab.albany.edu_osiris.planetlab.cs.umd.edu_14984 4	22197.273000	20257.086000	0.017000	0.000000	42454.376000	74279	32
node1.planetlab.albany.edu_osiris.planetlab.cs.umd.edu_14986 4	22201.055000	20254.737000	0.017000	0.000000	42455.809000	74280	32
node1.planetlab.albany.edu_osiris.planetlab.cs.umd.edu_14990 4	22208.458000	20253.020000	0.018000	0.000000	42461.496000	74281	32
node1.planetlab.albany.edu_osiris.planetlab.cs.umd.edu_14992 4	22212.176000	20252.016000	0.019000	0.000000	42464.211000	74283	32
node1.planetlab.albany.edu_osiris.planetlab.cs.umd.edu_14994 4	22213.705000	20251.895000	0.017000	0.000000	42465.617000	74284	32
node1.planetlab.albany.edu_osiris.planetlab.cs.umd.edu_14996 4	22218.220000	20248.874000	0.038000	0.000000	42467.132000	74285	32
node1.planetlab.albany.edu_osiris.planetlab.cs.umd.edu_14998 4	22223.329000	20246.795000	0.016000	0.000000	42470.140000	74286	32
node1.planetlab.albany.edu_osiris.planetlab.cs.umd.edu_15000 4	22223.760000	20246.727000	0.019000	0.000000	42470.506000	74287	32
node1.planetlab.albany.edu_osiris.planetlab.cs.umd.edu_15002 4	22234.409000	20240.279000	0.018000	0.000000	42474.706000	74288	32
node1.planetlab.albany.edu_osiris.planetlab.cs.umd.edu_15006 4	22234.907000	20240.144000	0.016000	0.000000	42475.067000	74291	32
node1.planetlab.albany.edu_osiris.planetlab.cs.umd.edu_15008 4	22235.364000	20241.306000	0.015000	0.000000	42476.685000	74290	32
node1.planetlab.albany.edu_osiris.planetlab.cs.umd.edu_15010 4	22241.946000	20236.182000	0.018000	0.000000	42478.146000	74293	32
node1.planetlab.albany.edu_osiris.planetlab.cs.umd.edu_15014 4	22245.392000	20236.174000	0.017000	0.000000	42481.583000	74294	32
node1.planetlab.albany.edu_osiris.planetlab.cs.umd.edu_15016 4	22246.172000	20237.160000	0.016000	0.000000	42483.348000	74296	32
node1.planetlab.albany.edu_osiris.planetlab.cs.umd.edu_15022 4	22255.479000	20237.241000	0.018000	0.000000	42492.738000	74297	32
node1.planetlab.albany.edu_osiris.planetlab.cs.umd.edu_15040 4	22277.863000	20251.659000	0.021000	0.000000	42529.543000	74298	32
node1.planetlab.albany.edu_osiris.planetlab.cs.umd.edu_15044 4	22279.120000	20256.481000	0.017000	0.000000	42535.618000	74300	32
node1.planetlab.albany.edu_osiris.planetlab.cs.umd.edu_15046 4	22285.303000	20255.241000	0.018000	0.000000	42540.562000	74301	32
node1.planetlab.albany.edu_osiris.planetlab.cs.umd.edu_15048 4	22288.609000	20255.103000	0.033000	0.000000	42543.745000	74303	32
node1.planetlab.albany.edu_osiris.planetlab.cs.umd.edu_15052 4	22298.297000	20251.035000	0.029000	0.000000	42549.361000	74304	32
node1.planetlab.albany.edu_osiris.planetlab.cs.umd.edu_15074 4	22312.792000	20301.946000	0.018000	0.000000	42614.756000	74312	32
node1.planetlab.albany.edu_osiris.planetlab.cs.umd.edu_15076 4	22317.102000	20311.443000	0.018000	0.000000	42628.563000	74313	32
node1.planetlab.albany.edu_osiris.planetlab.cs.umd.edu_15081 4	22323.638000	20324.370000	0.019000	0.000000	42648.027000	74314	32
node1.planetlab.albany.edu_osiris.planetlab.cs.umd.edu_15083 4	22331.597000	20316.819000	0.018000	0.000000	42648.434000	74316	32
node1.planetlab.albany.edu_osiris.planetlab.cs.umd.edu_15095 4	22347.465000	20338.797000	0.017000	0.000000	42686.279000	74317	32
node1.planetlab.albany.edu_osiris.planetlab.cs.umd.edu_15100 4	22356.635000	20343.481000	0.018000	0.000000	42700.134000	74318	32
node1.planetlab.albany.edu_osiris.planetlab.cs.umd.edu_15102 4	22359.298000	20340.891000	0.017000	0.000000	42700.206000	74320	32
node1.planetlab.albany.edu_osiris.planetlab.cs.umd.edu_15104 4	22357.718000	20344.687000	0.018000	0.000000	42702.423000	74321	32
node1.planetlab.albany.edu_osiris.planetlab.cs.umd.edu_15108 4	22359.650000	20347.535000	0.016000	0.000000	42707.201000	74310	32
node1.planetlab.albany.edu_osiris.planetlab.cs.umd.edu_15110 4	22362.931000	20348.105000	0.021000	0.000000	42711.057000	74322	32
node1.planetlab.albany.edu_osiris.planetlab.cs.umd.edu_15116 4	22376.735000	20337.043000	0.017000	0.000000	42713.795000	74324	32
node1.planetlab.albany.edu_osiris.planetlab.cs.umd.edu_15119 4	22384.675000	20337.673000	0.018000	0.000000	42722.366000	74328	32
node1.planetlab.albany.edu_osiris.planetlab.cs.umd.edu_15125 4	22398.095000	20335.583000	0.027000	0.000000	42733.705000	74330	32
node1.planetlab.albany.edu_osiris.planetlab.cs.umd.edu_15126 4	22398.111000	20337.295000	0.013000	0.000000	42735.419000	74329	32
node1.planetlab.albany.edu_osiris.planetlab.cs.umd.edu_15132 4	22400.778000	20344.249000	0.021000	0.000000	42745.048000	74332	32
node1.planetlab.albany.edu_osiris.planetlab.cs.umd.edu_15134 4	22400.802000	20345.885000	0.013000	0.000000	42746.700000	74331	32
node1.planetlab.albany.edu_osiris.planetlab.cs.umd.edu_15136 4	22401.669000	20352.373000	0.017000	0.000000	42754.059000	74333	32
node1.planetlab.albany.edu_osiris.planetlab.cs.umd.edu_15140 4	22410.847000	20348.211000	0.035000	0.000000	42759.093000	74334	32
node1.planetlab.albany.edu_osiris.planetlab.cs.umd.edu_15147 4	22411.592000	20348.188000	0.018000	0.000000	42759.798000	74338	32
node1.planetlab.albany.edu_osiris.planetlab.cs.umd.edu_15164 4	22433.931000	20373.478000	0.049000	0.000000	42807.458000	74340	32
node1.planetlab.albany.edu_osiris.planetlab.cs.umd.edu_15166 4	22431.250000	20380.862000	0.017000	0.000000	42812.129000	74342	32
node1.planetlab.albany.edu_osiris.planetlab.cs.umd.edu_15168 4	22432.047000	20383.130000	0.015000	0.000000	42815.192000	74343	32
node1.planetlab.albany.edu_osiris.planetlab.cs.umd.edu_15175 4	22440.665000	20391.859000	0.017000	0.000000	42832.541000	74341	32
node1.planetlab.albany.edu_osiris.planetlab.cs.umd.edu_15179 4	22450.000000	20393.836000	0.016000	0.000000	42843.852000	74344	32
node1.planetlab.albany.edu_osiris.planetlab.cs.umd.edu_15181 4	22450.390000	20396.566000	0.016000	0.000000	42846.972000	74345	32
node1.planetlab.albany.edu_osiris.planetlab.cs.umd.edu_15190 4	22458.432000	20405.660000	0.019000	0.000000	42864.111000	74348	32
node1.planetlab.albany.edu_osiris.planetlab.cs.umd.edu_15195 4	22461.976000	20413.545000	0.019000	0.000000	42875.540000	74350	32
node1.planetlab.albany.edu_osiris.planetlab.cs.umd.edu_15197 4	22463.060000	20413.225000	0.023000	0.000000	42876.308000	74349	32
node1.planetlab.albany.edu_osiris.planetlab.cs.umd.edu_15205 4	22471.448000	20416.601000	0.019000	0.000000	42888.068000	74351	32
node1.planetlab.albany.edu_osiris.planetlab.cs.umd.edu_15207 4	22471.425000	20416.711000	0.017000	0.000000	42888.153000	74352	32
node1.planetlab.albany.edu_osiris.planetlab.cs.umd.edu_15218 4	22481.802000	20433.486000	0.016000	0.000000	42915.304000	74354	32
node1.planetlab.albany.edu_osiris.planetlab.cs.umd.edu_15221 4	22482.940000	20434.774000	0.018000	0.000000	42917.732000	74358	32
node1.planetlab.albany.edu_osiris.planetlab.cs.umd.edu_15231 4	22497.895000	20436.542000	0.017000	0.000000	42934.454000	74360	32
node1.planetlab.albany.edu_osiris.planetlab.cs.umd.edu_15237 4	22505.526000	20435.230000	0.099000	0.000000	42940.855000	74361	32
node1.planetlab.albany.edu_osiris.planetlab.cs.umd.edu_15240 4	22505.638000	20439.359000	0.013000	0.000000	42945.010000	74362	32
node1.planetlab.albany.edu_osiris.planetlab.cs.umd.edu_15245 4	22515.009000	20433.581000	0.018000	0.000000	42948.608000	74364	32
node1.planetlab.albany.edu_osiris.planetlab.cs.umd.edu_15249 4	22517.467000	20438.920000	0.017000	0.000000	42956.404000	74365	32
node1.planetlab.albany.edu_osiris.planetlab.cs.umd.edu_15255 4	22527.061000	20434.672000	0.019000	0.000000	42961.752000	74370	32
node1.planetlab.albany.edu_osiris.planetlab.cs.umd.edu_15275 4	22558.984000	20437.965000	0.019000	0.000000	42996.968000	74381	32
node1.planetlab.albany.edu_osiris.planetlab.cs.umd.edu_15289 4	22577.740000	20444.391000	0.020000	0.000000	43022.151000	74382	32
node1.planetlab.albany.edu_osiris.planetlab.cs.umd.edu_15294 4	22589.220000	20443.005000	0.018000	0.000000	43032.243000	74384	32
node1.planetlab.albany.edu_osiris.planetlab.cs.umd.edu_15297 4	22587.741000	20444.932000	0.016000	0.000000	43032.689000	74386	32
node1.planetlab.albany.edu_osiris.planetlab.cs.umd.edu_15299 4	22589.644000	20447.779000	0.017000	0.000000	43037.440000	74387	32
node1.planetlab.albany.edu_osiris.planetlab.cs.umd.edu_15308 4	22595.822000	20453.061000	0.019000	0.000000	43048.902000	74390	32
node1.planetlab.albany.edu_osiris.planetlab.cs.umd.edu_15310 4	22599.094000	20449.862000	0.017000	0.000000	43048.973000	74392	32
node1.planetlab.albany.edu_osiris.planetlab.cs.umd.edu_15318 4	22606.548000	20453.387000	0.017000	0.000000	43059.952000	74394	32
node1.planetlab.albany.edu_osiris.planetlab.cs.umd.edu_15325 4	22614.369000	20449.627000	0.023000	0.000000	43064.019000	74400	32
node1.planetlab.albany.edu_osiris.planetlab.cs.umd.edu_15330 4	22618.826000	20452.335000	0.018000	0.000000	43071.179000	74402	32
node1.planetlab.albany.edu_osiris.planetlab.cs.umd.edu_15342 4	22632.490000	20468.017000	0.020000	0.000000	43100.527000	74403	32
node1.planetlab.albany.edu_osiris.planetlab.cs.umd.edu_15348 4	22638.957000	20468.799000	0.020000	0.000000	43107.776000	74405	32
node1.planetlab.albany.edu_osiris.planetlab.cs.umd.edu_15354 4	22641.749000	20469.024000	0.197000	0.000000	43110.970000	74406	32
node1.planetlab.albany.edu_osiris.planetlab.cs.umd.edu_15357 4	22642.456000	20476.630000	0.018000	0.000000	43119.104000	74409	32
node1.planetlab.albany.edu_osiris.planetlab.cs.umd.edu_15361 4	22644.465000	20477.756000	0.017000	0.000000	43122.238000	74410	32
node1.planetlab.albany.edu_osiris.planetlab.cs.umd.edu_15377 4	22660.621000	20489.904000	0.020000	0.000000	43150.545000	74412	32
node1.planetlab.albany.edu_osiris.planetlab.cs.umd.edu_15385 4	22662.303000	20499.503000	0.018000	0.000000	43161.824000	74413	32
node1.planetlab.albany.edu_osiris.planetlab.cs.umd.edu_15386 4	22662.442000	20500.345000	0.014000	0.000000	43162.801000	74415	32
node1.planetlab.albany.edu_osiris.planetlab.cs.umd.edu_15390 4	22664.036000	20503.835000	0.018000	0.000000	43167.889000	74416	32
node1.planetlab.albany.edu_osiris.planetlab.cs.umd.edu_15392 4	22670.717000	20502.405000	0.018000	0.000000	43173.140000	74417	32
node1.planetlab.albany.edu_osiris.planetlab.cs.umd.edu_15394 4	22672.164000	20501.842000	0.017000	0.000000	43174.023000	74418	32
node1.planetlab.albany.edu_osiris.planetlab.cs.umd.edu_15397 4	22674.724000	20504.622000	0.018000	0.000000	43179.364000	74419	32
node1.planetlab.albany.edu_osiris.planetlab.cs.umd.edu_15400 4	22689.384000	20495.092000	0.018000	0.000000	43184.494000	74420	32
node1.planetlab.albany.edu_osiris.planetlab.cs.umd.edu_15408 4	22702.659000	20494.466000	0.016000	0.000000	43197.141000	74422	32
node1.planetlab.albany.edu_osiris.planetlab.cs.umd.edu_15410 4	22702.814000	20496.877000	0.015000	0.000000	43199.706000	74423	32
node1.planetlab.albany.edu_osiris.planetlab.cs.umd.edu_15413 4	22710.569000	20497.976000	0.018000	0.000000	43208.563000	74424	32
node1.planetlab.albany.edu_osiris.planetlab.cs.umd.edu_15415 4	22712.942000	20495.867000	0.017000	0.000000	43208.826000	74426	32
node1.planetlab.albany.edu_osiris.planetlab.cs.umd.edu_15422 4	22726.688000	20493.299000	0.020000	0.000000	43220.007000	74427	32
node1.planetlab.albany.edu_osiris.planetlab.cs.umd.edu_15427 4	22731.613000	20497.871000	0.019000	0.000000	43229.503000	74429	32
node1.planetlab.albany.edu_osiris.planetlab.cs.umd.edu_15431 4	22735.350000	20497.107000	0.016000	0.000000	43232.473000	74430	32
node1.planetlab.albany.edu_osiris.planetlab.cs.umd.edu_15455 4	22767.317000	20508.399000	0.019000	0.000000	43275.735000	74438	32
node1.planetlab.albany.edu_osiris.planetlab.cs.umd.edu_15457 4	22770.735000	20506.494000	0.017000	0.000000	43277.246000	74439	32
node1.planetlab.albany.edu_osiris.planetlab.cs.umd.edu_15462 4	22779.147000	20508.565000	0.019000	0.000000	43287.731000	74440	32
node1.planetlab.albany.edu_osiris.planetlab.cs.umd.edu_15464 4	22779.852000	20508.157000	0.017000	0.000000	43288.026000	74442	32
node1.planetlab.albany.edu_osiris.planetlab.cs.umd.edu_15468 4	22783.776000	20507.545000	0.015000	0.000000	43291.336000	74444	32
node1.planetlab.albany.edu_osiris.planetlab.cs.umd.edu_15472 4	22787.174000	20510.690000	0.018000	0.000000	43297.882000	74446	32
node1.planetlab.albany.edu_osiris.planetlab.cs.umd.edu_15474 4	22787.889000	20510.052000	0.017000	0.000000	43297.958000	74447	32
node1.planetlab.albany.edu_osiris.planetlab.cs.umd.edu_15480 4	22791.728000	20512.601000	0.016000	0.000000	43304.345000	74448	32
node1.planetlab.albany.edu_osiris.planetlab.cs.umd.edu_15487 4	22802.705000	20513.658000	0.019000	0.000000	43316.382000	74450	32
node1.planetlab.albany.edu_osiris.planetlab.cs.umd.edu_15496 4	22816.375000	20527.190000	0.018000	0.000000	43343.583000	74456	32
node1.planetlab.albany.edu_osiris.planetlab.cs.umd.edu_15506 4	22827.466000	20531.976000	0.023000	0.000000	43359.465000	74457	32
node1.planetlab.albany.edu_osiris.planetlab.cs.umd.edu_15508 4	22827.397000	20538.070000	0.013000	0.000000	43365.480000	74458	32
node1.planetlab.albany.edu_osiris.planetlab.cs.umd.edu_15511 4	22837.099000	20537.626000	0.017000	0.000000	43374.742000	74460	32
node1.planetlab.albany.edu_osiris.planetlab.cs.umd.edu_15517 4	22836.386000	20542.788000	0.017000	0.000000	43379.191000	74462	32
node1.planetlab.albany.edu_osiris.planetlab.cs.umd.edu_15530 4	22856.240000	20546.038000	0.020000	0.000000	43402.298000	74466	32
node1.planetlab.albany.edu_osiris.planetlab.cs.umd.edu_15537 4	22863.929000	20549.698000	0.019000	0.000000	43413.646000	74470	32
node1.planetlab.albany.edu_osiris.planetlab.cs.umd.edu_15549 4	22877.754000	20565.933000	0.020000	0.000000	43443.707000	74477	32
node1.planetlab.albany.edu_osiris.planetlab.cs.umd.edu_15552 4	22884.765000	20571.138000	0.019000	0.000000	43455.922000	74478	32
node1.planetlab.albany.edu_osiris.planetlab.cs.umd.edu_15563 4	22896.384000	20569.766000	0.018000	0.000000	43466.168000	74480	32
node1.planetlab.albany.edu_osiris.planetlab.cs.umd.edu_15571 4	22909.575000	20562.647000	0.018000	0.000000	43472.240000	74482	32
node1.planetlab.albany.edu_osiris.planetlab.cs.umd.edu_15573 4	22912.046000	20566.059000	0.019000	0.000000	43478.124000	74483	32
node1.planetlab.albany.edu_osiris.planetlab.cs.umd.edu_15584 4	22939.136000	20555.297000	0.024000	0.000000	43494.457000	74486	32
node1.planetlab.albany.edu_osiris.planetlab.cs.umd.edu_15589 4	22947.865000	20556.773000	0.018000	0.000000	43504.656000	74488	32
node1.planetlab.albany.edu_osiris.planetlab.cs.umd.edu_15591 4	22950.669000	20554.851000	0.018000	0.000000	43505.538000	74490	32
node1.planetlab.albany.edu_osiris.planetlab.cs.umd.edu_15644 4	23137.157000	20468.238000	0.024000	0.000000	43605.419000	74502	32
node1.planetlab.albany.edu_osiris.planetlab.cs.umd.edu_15662 4	23193.445000	20436.319000	0.022000	0.000000	43629.786000	74509	32
node1.planetlab.albany.edu_osiris.planetlab.cs.umd.edu_15677 4	23274.278000	20396.696000	0.024000	0.000000	43670.998000	74515	32
node1.planetlab.albany.edu_osiris.planetlab.cs.umd.edu_15682 4	23323.244000	20349.000000	0.019000	0.000000	43672.263000	74520	32
planetlab2.umassd.edu_osiris.planetlab.cs.umd.edu_8963 4	21457.112000	22269.492000	0.049000	0.000000	43726.653000	74119	64
node1.planetlab.albany.edu_osiris.planetlab.cs.umd.edu_15706 4	23389.129000	20336.965000	0.039000	0.000000	43726.133000	74530	32
node1.planetlab.albany.edu_osiris.planetlab.cs.umd.edu_15723 4	23440.118000	20320.955000	0.022000	0.000000	43761.095000	74532	32
node1.planetlab.albany.edu_osiris.planetlab.cs.umd.edu_15727 4	23445.505000	20319.276000	0.019000	0.000000	43764.800000	74533	32
node1.planetlab.albany.edu_osiris.planetlab.cs.umd.edu_15743 4	23486.236000	20327.293000	0.024000	0.000000	43813.553000	74534	32
node1.planetlab.albany.edu_osiris.planetlab.cs.umd.edu_15745 4	23482.853000	20331.588000	0.018000	0.000000	43814.459000	74535	32
node1.planetlab.albany.edu_osiris.planetlab.cs.umd.edu_15760 4	23526.651000	20304.757000	0.022000	0.000000	43831.430000	74537	32
node1.planetlab.albany.edu_osiris.planetlab.cs.umd.edu_15775 4	23561.374000	20301.237000	0.019000	0.000000	43862.630000	74540	32
node1.planetlab.albany.edu_osiris.planetlab.cs.umd.edu_15777 4	23573.597000	20298.881000	0.034000	0.000000	43872.512000	74541	32
node1.planetlab.albany.edu_osiris.planetlab.cs.umd.edu_15780 4	23583.345000	20289.204000	0.047000	0.000000	43872.596000	74542	32
node1.planetlab.albany.edu_osiris.planetlab.cs.umd.edu_15781 4	23583.671000	20290.780000	0.016000	0.000000	43874.467000	74543	32
node1.planetlab.albany.edu_osiris.planetlab.cs.umd.edu_15794 4	23621.776000	20273.523000	0.020000	0.000000	43895.319000	74546	32
node1.planetlab.albany.edu_osiris.planetlab.cs.umd.edu_15807 4	23680.142000	20244.776000	0.020000	0.000000	43924.938000	74550	32
node1.planetlab.albany.edu_osiris.planetlab.cs.umd.edu_15833 4	23749.457000	20220.012000	0.021000	0.000000	43969.490000	74557	32
node1.planetlab.albany.edu_osiris.planetlab.cs.umd.edu_15844 4	23821.087000	20166.405000	0.019000	0.000000	43987.511000	74562	32
node1.planetlab.albany.edu_osiris.planetlab.cs.umd.edu_15850 4	23834.360000	20173.765000	0.018000	0.000000	44008.143000	74564	32
node1.planetlab.albany.edu_osiris.planetlab.cs.umd.edu_15853 4	23851.016000	20170.196000	0.019000	0.000000	44021.231000	74566	32
node1.planetlab.albany.edu_osiris.planetlab.cs.umd.edu_15863 4	23878.700000	20166.481000	0.019000	0.000000	44045.200000	74567	32
node1.planetlab.albany.edu_osiris.planetlab.cs.umd.edu_15866 4	23883.260000	20170.937000	0.018000	0.000000	44054.215000	74568	32
node1.planetlab.albany.edu_osiris.planetlab.cs.umd.edu_15882 4	23964.967000	20121.593000	0.021000	0.000000	44086.581000	74574	32
node1.planetlab.albany.edu_osiris.planetlab.cs.umd.edu_15888 4	23984.613000	20113.299000	0.018000	0.000000	44097.930000	74576	32
node1.planetlab.albany.edu_osiris.planetlab.cs.umd.edu_15906 4	24042.967000	20089.939000	0.020000	0.000000	44132.926000	74582	32
node1.planetlab.albany.edu_osiris.planetlab.cs.umd.edu_15919 4	24085.147000	20084.404000	0.020000	0.000000	44169.571000	74584	32
node1.planetlab.albany.edu_osiris.planetlab.cs.umd.edu_15923 4	24090.724000	20091.660000	0.018000	0.000000	44182.402000	74585	32
node1.planetlab.albany.edu_osiris.planetlab.cs.umd.edu_15925 4	24092.310000	20091.798000	0.018000	0.000000	44184.126000	74586	32
node1.planetlab.albany.edu_osiris.planetlab.cs.umd.edu_15947 4	24158.475000	20087.403000	0.035000	0.000000	44245.913000	74588	32
node1.planetlab.albany.edu_osiris.planetlab.cs.umd.edu_15950 4	24192.438000	20062.108000	0.019000	0.000000	44254.565000	74592	32
node1.planetlab.albany.edu_osiris.planetlab.cs.umd.edu_15961 4	24243.101000	20022.980000	0.028000	0.000000	44266.109000	74594	32
node1.planetlab.albany.edu_osiris.planetlab.cs.umd.edu_15965 4	24244.468000	20031.374000	0.017000	0.000000	44275.859000	74595	32
node1.planetlab.albany.edu_osiris.planetlab.cs.umd.edu_15967 4	24246.031000	20032.233000	0.016000	0.000000	44278.280000	74596	32
node1.planetlab.albany.edu_osiris.planetlab.cs.umd.edu_15969 4	24249.635000	20028.706000	0.016000	0.000000	44278.357000	74597	32
node1.planetlab.albany.edu_osiris.planetlab.cs.umd.edu_15972 4	24260.764000	20027.987000	0.018000	0.000000	44288.769000	74598	32
node1.planetlab.albany.edu_osiris.planetlab.cs.umd.edu_15980 4	24300.521000	19991.740000	0.019000	0.000000	44292.280000	74599	32
roam2.cs.ou.edu_osiris.planetlab.cs.umd.edu_7880 5	41502.422000	2803.256000	0.022000	0.000000	44305.700000	74105	48
node1.planetlab.albany.edu_osiris.planetlab.cs.umd.edu_15989 4	24353.202000	19957.141000	0.024000	0.000000	44310.367000	74602	32
node1.planetlab.albany.edu_osiris.planetlab.cs.umd.edu_15992 4	24359.781000	19952.039000	0.017000	0.000000	44311.837000	74604	32
node1.planetlab.albany.edu_osiris.planetlab.cs.umd.edu_16002 4	24382.861000	19941.656000	0.020000	0.000000	44324.537000	74605	32
node1.planetlab.albany.edu_osiris.planetlab.cs.umd.edu_16004 4	24395.606000	19933.718000	0.019000	0.000000	44329.343000	74606	32
node1.planetlab.albany.edu_osiris.planetlab.cs.umd.edu_16008 4	24399.933000	19936.343000	0.018000	0.000000	44336.294000	74607	32
roam2.cs.ou.edu_osiris.planetlab.cs.umd.edu_7884 5	41516.457000	2836.895000	0.022000	0.000000	44353.374000	74108	48
node1.planetlab.albany.edu_osiris.planetlab.cs.umd.edu_16025 4	24450.316000	19918.003000	0.022000	0.000000	44368.341000	74610	32
roam2.cs.ou.edu_osiris.planetlab.cs.umd.edu_7888 5	41564.706000	2827.253000	0.021000	0.000000	44391.980000	74109	48
roam2.cs.ou.edu_osiris.planetlab.cs.umd.edu_7890 5	41592.682000	2806.894000	0.024000	0.000000	44399.600000	74111	48
node1.planetlab.albany.edu_osiris.planetlab.cs.umd.edu_16038 4	24490.526000	19905.506000	0.018000	0.000000	44396.050000	74612	32
node1.planetlab.albany.edu_osiris.planetlab.cs.umd.edu_16040 4	24495.904000	19900.278000	0.018000	0.000000	44396.200000	74614	32
node1.planetlab.albany.edu_osiris.planetlab.cs.umd.edu_16049 4	24530.521000	19883.033000	0.044000	0.000000	44413.598000	74615	32
node1.planetlab.albany.edu_osiris.planetlab.cs.umd.edu_16054 4	24562.073000	19866.631000	0.024000	0.000000	44428.728000	74616	32
node1.planetlab.albany.edu_osiris.planetlab.cs.umd.edu_16067 4	24608.046000	19847.149000	0.021000	0.000000	44455.216000	74622	32
roam2.cs.ou.edu_osiris.planetlab.cs.umd.edu_7925 5	41927.263000	2574.267000	0.029000	0.000000	44501.559000	74142	48
roam2.cs.ou.edu_osiris.planetlab.cs.umd.edu_7945 5	42351.228000	2216.599000	0.034000	0.000000	44567.861000	74219	48
roam2.cs.ou.edu_osiris.planetlab.cs.umd.edu_7954 5	42455.608000	2135.998000	0.026000	0.000000	44591.632000	74237	48
roam2.cs.ou.edu_osiris.planetlab.cs.umd.edu_7958 5	42474.931000	2121.638000	0.019000	0.000000	44596.588000	74241	48
node1.planetlab.albany.edu_osiris.planetlab.cs.umd.edu_16120 4	24785.547000	19822.336000	0.022000	0.000000	44607.905000	74636	32
roam2.cs.ou.edu_osiris.planetlab.cs.umd.edu_7966 5	42820.256000	1798.037000	0.031000	0.000000	44618.324000	74325	48
roam2.cs.ou.edu_osiris.planetlab.cs.umd.edu_7982 5	43143.175000	1511.023000	0.059000	0.000000	44654.257000	74389	48
roam2.cs.ou.edu_osiris.planetlab.cs.umd.edu_7984 5	43163.870000	1494.841000	0.027000	0.000000	44658.738000	74398	48
roam2.cs.ou.edu_osiris.planetlab.cs.umd.edu_7990 5	43359.233000	1322.797000	0.039000	0.000000	44682.069000	74437	48
roam2.cs.ou.edu_osiris.planetlab.cs.umd.edu_7992 5	43409.347000	1280.754000	0.030000	0.000000	44690.131000	74449	48
roam2.cs.ou.edu_osiris.planetlab.cs.umd.edu_7994 5	43420.786000	1271.204000	0.025000	0.000000	44692.015000	74452	48
roam2.cs.ou.edu_osiris.planetlab.cs.umd.edu_7996 5	43422.046000	1270.544000	0.017000	0.000000	44692.607000	74453	48
roam2.cs.ou.edu_osiris.planetlab.cs.umd.edu_7998 5	43426.623000	1267.713000	0.022000	0.000000	44694.358000	74455	48
planetlab-03.cs.princeton.edu_osiris.planetlab.cs.umd.edu_6247 5	44711.884000	0.055000	0.023000	0.000000	44711.962000	74292	80
roam2.cs.ou.edu_osiris.planetlab.cs.umd.edu_8006 5	43476.352000	1249.652000	0.027000	0.000000	44726.031000	74461	48
roam2.cs.ou.edu_osiris.planetlab.cs.umd.edu_8016 5	43540.017000	1192.399000	0.028000	0.000000	44732.444000	74475	48
node1.planetlab.albany.edu_osiris.planetlab.cs.umd.edu_16143 4	24839.719000	19891.222000	0.019000	0.000000	44730.960000	74642	32
roam2.cs.ou.edu_osiris.planetlab.cs.umd.edu_8020 5	43585.746000	1164.657000	0.029000	0.000000	44750.432000	74485	48
roam2.cs.ou.edu_osiris.planetlab.cs.umd.edu_8030 5	43639.927000	1140.136000	0.020000	0.000000	44780.083000	74497	48
roam2.cs.ou.edu_osiris.planetlab.cs.umd.edu_8032 5	43640.943000	1139.676000	0.016000	0.000000	44780.635000	74496	48
roam2.cs.ou.edu_osiris.planetlab.cs.umd.edu_8034 5	43645.746000	1135.397000	0.016000	0.000000	44781.159000	74499	48
roam2.cs.ou.edu_osiris.planetlab.cs.umd.edu_8036 5	43677.129000	1111.948000	0.034000	0.000000	44789.111000	74501	48
roam2.cs.ou.edu_osiris.planetlab.cs.umd.edu_8042 5	43717.095000	1090.654000	0.037000	0.000000	44807.786000	74505	48
roam2.cs.ou.edu_osiris.planetlab.cs.umd.edu_8046 5	43740.202000	1078.531000	0.020000	0.000000	44818.753000	74513	48
roam2.cs.ou.edu_osiris.planetlab.cs.umd.edu_8056 5	43797.445000	1050.810000	0.026000	0.000000	44848.281000	74526	48
roam2.cs.ou.edu_osiris.planetlab.cs.umd.edu_8058 5	43821.136000	1027.365000	0.030000	0.000000	44848.531000	74529	48
planetlab2.umassd.edu_osiris.planetlab.cs.umd.edu_9249 4	22550.183000	22309.032000	0.055000	0.000000	44859.270000	74375	64
node1.planetlab.albany.edu_osiris.planetlab.cs.umd.edu_16208 4	25021.979000	19875.210000	0.022000	0.000000	44897.211000	74658	32
roam2.cs.ou.edu_osiris.planetlab.cs.umd.edu_8086 5	44086.241000	835.642000	0.031000	0.000000	44921.914000	74561	48
node1.planetlab.albany.edu_osiris.planetlab.cs.umd.edu_16221 4	25073.141000	19852.140000	0.032000	0.000000	44925.313000	74662	32
node1.planetlab.albany.edu_osiris.planetlab.cs.umd.edu_16245 4	25166.718000	19817.123000	0.020000	0.000000	44983.861000	74669	32
node1.planetlab.albany.edu_osiris.planetlab.cs.umd.edu_16256 4	25189.339000	19814.403000	0.021000	0.000000	45003.763000	74672	32
node1.planetlab.albany.edu_osiris.planetlab.cs.umd.edu_16265 4	25223.677000	19787.246000	0.019000	0.000000	45010.942000	74674	32
node1.planetlab.albany.edu_osiris.planetlab.cs.umd.edu_16268 4	25225.313000	19792.715000	0.018000	0.000000	45018.046000	74675	32
roam2.cs.ou.edu_osiris.planetlab.cs.umd.edu_8126 5	44416.137000	610.248000	0.037000	0.000000	45026.422000	74603	48
node1.planetlab.albany.edu_osiris.planetlab.cs.umd.edu_16277 4	25282.735000	19759.436000	0.019000	0.000000	45042.190000	74678	32
roam2.cs.ou.edu_osiris.planetlab.cs.umd.edu_8136 5	44548.748000	519.843000	0.031000	0.000000	45068.622000	74621	48
roam2.cs.ou.edu_osiris.planetlab.cs.umd.edu_8138 5	44574.500000	499.551000	0.036000	0.000000	45074.087000	74625	48
roam2.cs.ou.edu_osiris.planetlab.cs.umd.edu_8142 5	44748.181000	330.544000	0.030000	0.000000	45078.755000	74638	48
node1.planetlab.albany.edu_osiris.planetlab.cs.umd.edu_16299 4	25332.934000	19746.648000	0.019000	0.000000	45079.601000	74682	32
roam2.cs.ou.edu_osiris.planetlab.cs.umd.edu_8144 5	44871.065000	212.697000	0.029000	0.000000	45083.791000	74646	48
roam2.cs.ou.edu_osiris.planetlab.cs.umd.edu_8148 5	44914.023000	192.064000	0.019000	0.000000	45106.106000	74650	48
roam2.cs.ou.edu_osiris.planetlab.cs.umd.edu_8150 5	44935.224000	171.864000	0.026000	0.000000	45107.114000	74652	48
roam2.cs.ou.edu_osiris.planetlab.cs.umd.edu_8152 5	44959.312000	154.710000	0.028000	0.000000	45114.050000	74654	48
roam2.cs.ou.edu_osiris.planetlab.cs.umd.edu_8154 5	44958.404000	156.458000	0.017000	0.000000	45114.879000	74655	48
roam2.cs.ou.edu_osiris.planetlab.cs.umd.edu_8162 5	45066.036000	61.913000	0.030000	0.000000	45127.979000	74667	48
planetlab2.umassd.edu_osiris.planetlab.cs.umd.edu_9326 4	23142.940000	21998.708000	0.058000	0.000000	45141.706000	74503	64
node1.planetlab.albany.edu_osiris.planetlab.cs.umd.edu_16335 4	25489.322000	19653.272000	0.020000	0.000000	45142.614000	74694	32
node1.planetlab.albany.edu_osiris.planetlab.cs.umd.edu_16351 4	25576.322000	19600.629000	0.022000	0.000000	45176.973000	74702	32
roam2.cs.ou.edu_osiris.planetlab.cs.umd.edu_8179 5	45209.245000	0.044000	0.027000	0.000000	45209.316000	74686	48
node1.planetlab.albany.edu_osiris.planetlab.cs.umd.edu_16376 4	25674.514000	19557.106000	0.023000	0.000000	45231.643000	74712	32
roam2.cs.ou.edu_osiris.planetlab.cs.umd.edu_8186 5	45252.838000	0.026000	0.020000	0.000000	45252.884000	74699	48
roam2.cs.ou.edu_osiris.planetlab.cs.umd.edu_8196 5	45330.728000	0.028000	0.024000	0.000000	45330.780000	74709	48
node1.planetlab.albany.edu_osiris.planetlab.cs.umd.edu_16397 4	25735.008000	19613.216000	0.024000	0.000000	45348.248000	74722	32
roam2.cs.ou.edu_osiris.planetlab.cs.umd.edu_8198 5	45364.953000	0.044000	0.031000	0.000000	45365.028000	74718	48
node1.planetlab.albany.edu_osiris.planetlab.cs.umd.edu_16407 4	25781.539000	19611.030000	0.029000	0.000000	45392.598000	74724	32
node1.planetlab.albany.edu_osiris.planetlab.cs.umd.edu_16414 4	25801.990000	19603.533000	0.022000	0.000000	45405.545000	74726	32
node1.planetlab.albany.edu_osiris.planetlab.cs.umd.edu_16419 4	25832.717000	19584.086000	0.020000	0.000000	45416.823000	74727	32
roam2.cs.ou.edu_osiris.planetlab.cs.umd.edu_8202 5	45451.318000	0.031000	0.032000	0.000000	45451.381000	74723	48
roam2.cs.ou.edu_osiris.planetlab.cs.umd.edu_8216 5	45522.147000	0.027000	0.024000	0.000000	45522.198000	74729	48
roam2.cs.ou.edu_osiris.planetlab.cs.umd.edu_8220 5	45533.255000	0.099000	0.031000	0.000000	45533.385000	74730	48
roam2.cs.ou.edu_osiris.planetlab.cs.umd.edu_8222 5	45538.196000	0.028000	0.022000	0.000000	45538.246000	74731	48
planetlab2.umassd.edu_osiris.planetlab.cs.umd.edu_9555 4	24677.975000	21438.891000	0.017000	0.000000	46116.883000	74627	64
planetlab2.umassd.edu_osiris.planetlab.cs.umd.edu_9559 4	24703.059000	21430.915000	0.016000	0.000000	46133.990000	74629	64
planetlab2.umassd.edu_osiris.planetlab.cs.umd.edu_9562 4	24710.165000	21431.575000	0.019000	0.000000	46141.759000	74630	64
planetlab2.umassd.edu_osiris.planetlab.cs.umd.edu_9564 4	24712.914000	21434.527000	0.016000	0.000000	46147.457000	74631	64
planetlab2.umassd.edu_osiris.planetlab.cs.umd.edu_9587 4	24815.525000	21432.736000	0.012000	0.000000	46248.273000	74639	64
planetlab2.umassd.edu_osiris.planetlab.cs.umd.edu_9622 4	24918.561000	21483.032000	0.014000	0.000000	46401.607000	74647	64
planetlab2.umassd.edu_osiris.planetlab.cs.umd.edu_9689 4	25085.200000	21678.566000	0.057000	0.000000	46763.823000	74663	64
planetlab2.umassd.edu_osiris.planetlab.cs.umd.edu_9815 4	25504.535000	22003.066000	0.017000	0.000000	47507.618000	74695	64
plab4.eece.ksu.edu_osiris.planetlab.cs.umd.edu_4017 3	16000.138000	34555.801000	0.020000	0.000000	50555.959000	74116	2080
plab4.eece.ksu.edu_osiris.planetlab.cs.umd.edu_4019 3	16004.528000	34570.034000	0.018000	0.000000	50574.580000	74135	2080
plab4.eece.ksu.edu_osiris.planetlab.cs.umd.edu_4021 3	16037.623000	34552.506000	0.028000	0.000000	50590.157000	74144	2080
plab4.eece.ksu.edu_osiris.planetlab.cs.umd.edu_4025 3	16049.777000	34546.377000	0.026000	0.000000	50596.180000	74149	2080
plab4.eece.ksu.edu_osiris.planetlab.cs.umd.edu_4026 3	16049.885000	34558.914000	0.014000	0.000000	50608.813000	74148	2080
plab4.eece.ksu.edu_osiris.planetlab.cs.umd.edu_4027 3	16050.466000	34574.397000	0.106000	0.000000	50624.969000	74150	2080
plab4.eece.ksu.edu_osiris.planetlab.cs.umd.edu_4033 3	16072.070000	34571.234000	0.020000	0.000000	50643.324000	74156	2080
plab4.eece.ksu.edu_osiris.planetlab.cs.umd.edu_4035 3	16076.105000	34572.804000	0.018000	0.000000	50648.927000	74164	2080
plab4.eece.ksu.edu_osiris.planetlab.cs.umd.edu_4040 3	16112.922000	34570.323000	0.025000	0.000000	50683.270000	74179	2080
plab4.eece.ksu.edu_osiris.planetlab.cs.umd.edu_4043 3	16124.452000	34572.314000	0.018000	0.000000	50696.784000	74212	2080
plab4.eece.ksu.edu_osiris.planetlab.cs.umd.edu_4047 3	16150.713000	34568.072000	0.019000	0.000000	50718.804000	74247	2080
plab4.eece.ksu.edu_osiris.planetlab.cs.umd.edu_4049 3	16156.257000	34571.626000	0.017000	0.000000	50727.900000	74259	2080
plab4.eece.ksu.edu_osiris.planetlab.cs.umd.edu_4051 3	16186.983000	34543.631000	0.022000	0.000000	50730.636000	74261	2080
plab4.eece.ksu.edu_osiris.planetlab.cs.umd.edu_4053 3	16199.328000	34549.932000	0.019000	0.000000	50749.279000	74262	2080
plab4.eece.ksu.edu_osiris.planetlab.cs.umd.edu_4055 3	16199.552000	34553.376000	0.015000	0.000000	50752.943000	74263	2080
plab4.eece.ksu.edu_osiris.planetlab.cs.umd.edu_4057 3	16222.003000	34539.359000	0.020000	0.000000	50761.382000	74271	2080
plab4.eece.ksu.edu_osiris.planetlab.cs.umd.edu_4063 3	16259.022000	34524.027000	0.027000	0.000000	50783.076000	74295	2080
plab4.eece.ksu.edu_osiris.planetlab.cs.umd.edu_4068 3	16274.848000	34538.001000	0.015000	0.000000	50812.864000	74327	2080
plab4.eece.ksu.edu_osiris.planetlab.cs.umd.edu_4070 3	16297.450000	34519.446000	0.022000	0.000000	50816.918000	74347	2080
plab4.eece.ksu.edu_osiris.planetlab.cs.umd.edu_4082 3	16373.109000	34517.025000	0.020000	0.000000	50890.154000	74369	2080
plab4.eece.ksu.edu_osiris.planetlab.cs.umd.edu_4086 3	16380.765000	34526.157000	0.017000	0.000000	50906.939000	74391	2080
planetlab2.eecs.umich.edu_osiris.planetlab.cs.umd.edu_9910 4	50937.012000	0.068000	0.069000	0.000000	50937.149000	74353	2048
plab4.eece.ksu.edu_osiris.planetlab.cs.umd.edu_4145 3	16622.938000	34520.834000	0.033000	0.000000	51143.805000	74484	2080
planetlab2.eecs.umich.edu_osiris.planetlab.cs.umd.edu_9917 4	51137.334000	7.488000	0.110000	0.000000	51144.932000	74434	2048
plab4.eece.ksu.edu_osiris.planetlab.cs.umd.edu_4154 3	16669.695000	34512.245000	0.018000	0.000000	51181.958000	74519	2080
planetlab2.eecs.umich.edu_osiris.planetlab.cs.umd.edu_9923 4	51314.889000	0.871000	0.176000	0.000000	51315.936000	74545	2048
planetlab2.eecs.umich.edu_osiris.planetlab.cs.umd.edu_9925 4	51400.444000	0.652000	0.081000	0.000000	51401.177000	74577	2048
planetlab2.eecs.umich.edu_osiris.planetlab.cs.umd.edu_9927 4	51403.696000	0.115000	0.064000	0.000000	51403.875000	74593	2048
planetlab2.eecs.umich.edu_osiris.planetlab.cs.umd.edu_9931 4	51444.871000	2.460000	0.079000	0.000000	51447.410000	74608	2048
planetlab2.eecs.umich.edu_osiris.planetlab.cs.umd.edu_9933 4	51487.685000	0.500000	0.071000	0.000000	51488.256000	74611	2048
planetlab2.eecs.umich.edu_osiris.planetlab.cs.umd.edu_9935 4	51508.343000	1.687000	0.091000	0.000000	51510.121000	74613	2048
plab4.eece.ksu.edu_osiris.planetlab.cs.umd.edu_4211 3	16927.369000	34584.804000	0.016000	0.000000	51512.189000	74660	2080
plab4.eece.ksu.edu_osiris.planetlab.cs.umd.edu_4215 3	16952.067000	34577.730000	0.017000	0.000000	51529.814000	74687	2080
planetlab2.eecs.umich.edu_osiris.planetlab.cs.umd.edu_9937 4	51554.652000	1.492000	0.080000	0.000000	51556.224000	74617	2048
planetlab2.eecs.umich.edu_osiris.planetlab.cs.umd.edu_9945 4	51731.780000	2.319000	0.080000	0.000000	51734.179000	74609	2048
planetlab5.cs.uiuc.edu_osiris.planetlab.cs.umd.edu_875 4	7328.804000	49376.817000	0.010000	0.000000	56705.631000	74189	2336
planetlab5.cs.uiuc.edu_osiris.planetlab.cs.umd.edu_877 4	7379.321000	49328.174000	0.008000	0.000000	56707.503000	74366	2336
planetlab5.cs.uiuc.edu_osiris.planetlab.cs.umd.edu_879 4	7416.521000	49294.964000	0.009000	0.000000	56711.494000	74445	2336
planetlab5.cs.uiuc.edu_osiris.planetlab.cs.umd.edu_881 4	7428.315000	49295.139000	0.009000	0.000000	56723.463000	74573	2336
planetlab5.cs.uiuc.edu_osiris.planetlab.cs.umd.edu_883 4	7463.823000	49262.067000	0.009000	0.000000	56725.899000	74693	2336
planetlab5.cs.uiuc.edu_osiris.planetlab.cs.umd.edu_882 4	7435.383000	49291.281000	0.008000	0.000000	56726.672000	74637	2336
planetlab5.cs.uiuc.edu_osiris.planetlab.cs.umd.edu_884 4	7490.679000	49240.604000	0.024000	0.000000	56731.307000	74697	2336
planetlab5.cs.uiuc.edu_osiris.planetlab.cs.umd.edu_886 4	7501.213000	49244.237000	0.009000	0.000000	56745.459000	74700	2336
planetlab5.cs.uiuc.edu_osiris.planetlab.cs.umd.edu_887 4	7501.781000	49243.569000	0.008000	0.000000	56745.358000	74703	2336
planetlab5.cs.uiuc.edu_osiris.planetlab.cs.umd.edu_889 4	7513.159000	49236.069000	0.009000	0.000000	56749.237000	74717	2336
planetlab5.cs.uiuc.edu_osiris.planetlab.cs.umd.edu_888 4	7502.092000	49247.441000	0.010000	0.000000	56749.543000	74701	2336
planetlab1.cs.uoregon.edu_osiris.planetlab.cs.umd.edu_8443 6	20419.761000	41782.339000	0.045000	0.000000	62202.145000	74254	256
planetlab1.cs.uoregon.edu_osiris.planetlab.cs.umd.edu_8552 6	21876.631000	40973.986000	0.050000	0.000000	62850.667000	74385	256
planetlab1.cs.uoregon.edu_osiris.planetlab.cs.umd.edu_8693 6	22949.167000	40503.044000	0.038000	0.000000	63452.249000	74468	256
planetlab1.cs.uoregon.edu_osiris.planetlab.cs.umd.edu_8911 6	25942.357000	38563.738000	0.067000	0.000000	64506.162000	74714	256
flow.colgate.edu_osiris.planetlab.cs.umd.edu_6476 3	21129.417000	44696.564000	0.023000	0.000000	65826.004000	74346	192
pl1.rcc.uottawa.ca_osiris.planetlab.cs.umd.edu_27591 5	41545.197000	79560.968000	0.026000	0.000000	121106.191000	74110	0
pl1.rcc.uottawa.ca_osiris.planetlab.cs.umd.edu_27672 5	41803.309000	79519.012000	0.032000	0.000000	121322.353000	74132	0
pl1.rcc.uottawa.ca_osiris.planetlab.cs.umd.edu_27712 5	41959.996000	79491.393000	0.037000	0.000000	121451.426000	74152	0
planetlab4.wail.wisc.edu_osiris.planetlab.cs.umd.edu_20893 6	121514.974000	0.360000	0.032000	0.000000	121515.366000	74163	16
pl1.rcc.uottawa.ca_osiris.planetlab.cs.umd.edu_27746 5	42068.325000	79487.752000	0.021000	0.000000	121556.098000	74174	0
pl1.rcc.uottawa.ca_osiris.planetlab.cs.umd.edu_27750 5	42080.861000	79487.083000	0.031000	0.000000	121567.975000	74180	0
pl1.rcc.uottawa.ca_osiris.planetlab.cs.umd.edu_27763 5	42113.807000	79500.867000	0.031000	0.000000	121614.705000	74187	0
pl1.rcc.uottawa.ca_osiris.planetlab.cs.umd.edu_27767 5	42134.439000	79492.016000	0.042000	0.000000	121626.497000	74192	0
pl1.rcc.uottawa.ca_osiris.planetlab.cs.umd.edu_27778 5	42175.788000	79492.730000	0.025000	0.000000	121668.543000	74196	0
pl1.rcc.uottawa.ca_osiris.planetlab.cs.umd.edu_27786 5	42196.802000	79495.381000	0.025000	0.000000	121692.208000	74197	0
pl1.rcc.uottawa.ca_osiris.planetlab.cs.umd.edu_27789 5	42204.649000	79492.032000	0.037000	0.000000	121696.718000	74198	0
pl1.rcc.uottawa.ca_osiris.planetlab.cs.umd.edu_27799 5	42229.149000	79515.184000	0.036000	0.000000	121744.369000	74204	0
pl1.rcc.uottawa.ca_osiris.planetlab.cs.umd.edu_27843 5	42377.921000	79493.448000	0.029000	0.000000	121871.398000	74228	0
pl1.rcc.uottawa.ca_osiris.planetlab.cs.umd.edu_27853 5	42420.438000	79490.185000	0.028000	0.000000	121910.651000	74240	0
planetlab4.wail.wisc.edu_osiris.planetlab.cs.umd.edu_21032 6	122009.544000	86.470000	0.028000	0.000000	122096.042000	74267	16
pl1.rcc.uottawa.ca_osiris.planetlab.cs.umd.edu_28069 5	43185.240000	79478.723000	0.048000	0.000000	122664.011000	74408	0
pl1.rcc.uottawa.ca_osiris.planetlab.cs.umd.edu_28276 5	43883.779000	79629.553000	0.037000	0.000000	123513.369000	74536	0
