planetlab-6.ece.iastate.edu_vn5.cse.wustl.edu_51 2	1183.380000	0.023000	0.019000	0.000000	1183.422000	45964	3136
planetlab2.dtc.umn.edu_vn5.cse.wustl.edu_241 3	1386.587000	0.065000	0.015000	0.000000	1386.667000	45987	3072
planetlab2.dtc.umn.edu_vn5.cse.wustl.edu_335 3	2838.733000	0.519000	0.020000	0.000000	2839.272000	46144	3072
planetlab2.williams.edu_vn5.cse.wustl.edu_970 2	5262.138000	0.081000	0.014000	0.000000	5262.233000	46022	1312
planetlab1.cs.cornell.edu_vn5.cse.wustl.edu_1199 1	2814.472000	2696.742000	0.027000	0.000000	5511.241000	46143	1280
planetlab1.cs.cornell.edu_vn5.cse.wustl.edu_1370 1	3684.283000	2088.918000	0.029000	0.000000	5773.230000	46240	1280
planetlab1.cs.cornell.edu_vn5.cse.wustl.edu_1449 1	4219.364000	1680.504000	0.037000	0.000000	5899.905000	46293	1280
planetlab4.williams.edu_vn5.cse.wustl.edu_1333 2	6275.770000	0.023000	0.021000	0.000000	6275.814000	45970	336
planetlabone.ccs.neu.edu_vn5.cse.wustl.edu_762 4	7929.819000	328.741000	0.023000	0.000000	8258.583000	46253	3200
planetlab2.dtc.umn.edu_vn5.cse.wustl.edu_1024 3	6087.015000	2562.519000	0.025000	0.000000	8649.559000	46323	3072
planetlab2.dtc.umn.edu_vn5.cse.wustl.edu_1027 3	6087.841000	2573.257000	0.028000	0.000000	8661.126000	46336	3072
planetlab2.dtc.umn.edu_vn5.cse.wustl.edu_1030 3	6089.609000	2573.632000	0.013000	0.000000	8663.254000	46400	3072
planetlab2.dtc.umn.edu_vn5.cse.wustl.edu_1032 3	6090.074000	2575.111000	0.012000	0.000000	8665.197000	46401	3072
planetlab2.dtc.umn.edu_vn5.cse.wustl.edu_1034 3	6091.732000	2587.336000	0.024000	0.000000	8679.092000	46402	3072
planetlab2.dtc.umn.edu_vn5.cse.wustl.edu_1036 3	6093.425000	2588.146000	0.021000	0.000000	8681.592000	46404	3072
planetlab2.dtc.umn.edu_vn5.cse.wustl.edu_1038 3	6094.393000	2595.753000	0.014000	0.000000	8690.160000	46408	3072
planetlab2.dtc.umn.edu_vn5.cse.wustl.edu_1040 3	6094.371000	2599.096000	0.012000	0.000000	8693.479000	46416	3072
planetlab2.dtc.umn.edu_vn5.cse.wustl.edu_1042 3	6096.464000	2598.523000	0.013000	0.000000	8695.000000	46432	3072
planetlab1.cs.pitt.edu_vn5.cse.wustl.edu_3209 3	11199.868000	0.206000	0.022000	0.000000	11200.096000	46051	384
planetlab4.williams.edu_vn5.cse.wustl.edu_1583 2	12490.259000	0.026000	0.025000	0.000000	12490.310000	46193	336
planetlab2.umassd.edu_vn5.cse.wustl.edu_3249 2	4272.601000	9462.305000	0.019000	0.000000	13734.925000	45848	64
planetlab-03.cs.princeton.edu_vn5.cse.wustl.edu_4031 3	14496.733000	312.601000	0.450000	0.000000	14809.784000	45876	80
planetlab-03.cs.princeton.edu_vn5.cse.wustl.edu_4138 3	15815.369000	0.454000	0.018000	0.000000	15815.841000	45920	80
planetlab2.umassd.edu_vn5.cse.wustl.edu_3797 2	5760.466000	10417.119000	0.016000	0.000000	16177.601000	45933	64
planetlab2.umassd.edu_vn5.cse.wustl.edu_3894 2	6074.445000	10599.763000	0.017000	0.000000	16674.225000	45959	64
planetlab03.cs.washington.edu_vn5.cse.wustl.edu_2143 1	4109.644000	12882.930000	0.040000	0.000000	16992.614000	46274	320
cs-planetlab4.cs.surrey.sfu.ca_vn5.cse.wustl.edu_1259 3	17082.476000	0.032000	0.024000	0.000000	17082.532000	46236	464
planetlab-03.cs.princeton.edu_vn5.cse.wustl.edu_4305 3	17386.690000	0.145000	1.215000	0.000000	17388.050000	45984	80
planetlab-03.cs.princeton.edu_vn5.cse.wustl.edu_4317 3	17509.639000	0.184000	0.014000	0.000000	17509.837000	45995	80
planetlab-03.cs.princeton.edu_vn5.cse.wustl.edu_4407 3	18197.002000	0.570000	0.020000	0.000000	18197.592000	46016	80
planetlab-2.cs.uh.edu_vn5.cse.wustl.edu_1311 4	19271.033000	0.344000	0.034000	0.000000	19271.411000	46081	784
planetlab-2.cs.uh.edu_vn5.cse.wustl.edu_1319 4	19588.454000	0.353000	0.020000	0.000000	19588.827000	46093	784
planetlab-2.cs.uh.edu_vn5.cse.wustl.edu_1317 4	19588.249000	0.848000	0.032000	0.000000	19589.129000	46091	784
planetlab-2.cs.uh.edu_vn5.cse.wustl.edu_1315 4	19589.397000	0.032000	0.020000	0.000000	19589.449000	46089	784
planetlab-2.cs.uh.edu_vn5.cse.wustl.edu_1313 4	19604.083000	0.040000	0.035000	0.000000	19604.158000	46088	784
planetlab-2.cs.uh.edu_vn5.cse.wustl.edu_1321 4	19652.258000	0.364000	0.035000	0.000000	19652.657000	46121	784
planetlab-2.cs.uh.edu_vn5.cse.wustl.edu_1325 4	19651.845000	0.383000	0.018000	0.000000	19652.246000	46153	784
planetlab-2.cs.uh.edu_vn5.cse.wustl.edu_1323 4	19652.961000	0.378000	0.022000	0.000000	19653.361000	46105	784
planetlab-2.cs.uh.edu_vn5.cse.wustl.edu_1333 4	19719.186000	0.459000	0.035000	0.000000	19719.680000	46217	784
planetlab-2.cs.uh.edu_vn5.cse.wustl.edu_1335 4	19855.318000	0.355000	0.047000	0.000000	19855.720000	46345	784
planetlab4.williams.edu_vn5.cse.wustl.edu_1710 2	20755.658000	0.025000	0.022000	0.000000	20755.705000	46385	336
planetlab4.williams.edu_vn5.cse.wustl.edu_1732 2	21817.545000	0.059000	0.025000	0.000000	21817.629000	46417	336
planetlab4.williams.edu_vn5.cse.wustl.edu_1740 2	22224.643000	0.061000	0.025000	0.000000	22224.729000	46433	336
vn4.cse.wustl.edu_vn5.cse.wustl.edu_3018 3	22313.289000	0.034000	0.039000	0.000000	22313.362000	45853	272
planetlab2.cs.columbia.edu_vn5.cse.wustl.edu_2794 4	22397.161000	6.599000	0.142000	0.000000	22403.902000	45870	112
vn4.cse.wustl.edu_vn5.cse.wustl.edu_3036 3	22501.555000	0.061000	0.029000	0.000000	22501.645000	45858	272
planetlab4.williams.edu_vn5.cse.wustl.edu_1742 2	22599.514000	0.061000	0.029000	0.000000	22599.604000	46448	336
planetlab4.williams.edu_vn5.cse.wustl.edu_1744 2	22666.271000	0.130000	0.026000	0.000000	22666.427000	46449	336
planetlab4.williams.edu_vn5.cse.wustl.edu_1748 2	22757.744000	0.026000	0.023000	0.000000	22757.793000	46451	336
planetlab4.williams.edu_vn5.cse.wustl.edu_1750 2	22774.095000	0.056000	0.018000	0.000000	22774.169000	46453	336
planetlab4.williams.edu_vn5.cse.wustl.edu_1754 2	22944.625000	0.034000	0.028000	0.000000	22944.687000	46457	336
vn4.cse.wustl.edu_vn5.cse.wustl.edu_3061 3	23159.280000	0.096000	0.032000	0.000000	23159.408000	45869	272
planetlab-03.cs.princeton.edu_vn5.cse.wustl.edu_4844 3	23465.057000	0.662000	0.029000	0.000000	23465.748000	46046	80
planetlab-03.cs.princeton.edu_vn5.cse.wustl.edu_4846 3	23500.201000	1.577000	0.114000	0.000000	23501.892000	46048	80
vn4.cse.wustl.edu_vn5.cse.wustl.edu_3087 3	23594.325000	0.062000	0.031000	0.000000	23594.418000	45877	272
planetlab-03.cs.princeton.edu_vn5.cse.wustl.edu_4853 3	23600.168000	1.886000	0.019000	0.000000	23602.073000	46049	80
planetlab-03.cs.princeton.edu_vn5.cse.wustl.edu_4862 3	23667.031000	1.288000	0.024000	0.000000	23668.343000	46050	80
planetlab-03.cs.princeton.edu_vn5.cse.wustl.edu_4878 3	23701.888000	18.894000	0.014000	0.000000	23720.796000	46052	80
planetlab-03.cs.princeton.edu_vn5.cse.wustl.edu_4894 3	23791.960000	4.568000	0.174000	0.000000	23796.702000	46056	80
vn4.cse.wustl.edu_vn5.cse.wustl.edu_3110 3	23885.377000	0.025000	0.041000	0.000000	23885.443000	45881	272
vn4.cse.wustl.edu_vn5.cse.wustl.edu_3113 3	23948.642000	0.063000	0.038000	0.000000	23948.743000	45884	272
vn4.cse.wustl.edu_vn5.cse.wustl.edu_3117 3	23994.336000	0.097000	0.032000	0.000000	23994.465000	45885	272
vn4.cse.wustl.edu_vn5.cse.wustl.edu_3119 3	24055.687000	0.029000	0.031000	0.000000	24055.747000	45887	272
planetlab-03.cs.princeton.edu_vn5.cse.wustl.edu_4912 3	24061.797000	0.932000	0.018000	0.000000	24062.747000	46064	80
vn4.cse.wustl.edu_vn5.cse.wustl.edu_3321 3	25737.446000	72.055000	0.024000	0.000000	25809.525000	45911	272
planetlab-03.cs.princeton.edu_vn5.cse.wustl.edu_5186 3	27107.790000	0.913000	1.149000	0.000000	27109.852000	46123	80
vn4.cse.wustl.edu_vn5.cse.wustl.edu_3395 3	27322.348000	0.066000	0.032000	0.000000	27322.446000	45949	272
planetlab-03.cs.princeton.edu_vn5.cse.wustl.edu_5225 3	28048.976000	0.269000	0.027000	0.000000	28049.272000	46141	80
vn4.cse.wustl.edu_vn5.cse.wustl.edu_3433 3	28111.748000	0.031000	0.032000	0.000000	28111.811000	45965	272
planetlab-03.cs.princeton.edu_vn5.cse.wustl.edu_5236 3	28578.698000	0.104000	0.026000	0.000000	28578.828000	46152	80
vn4.cse.wustl.edu_vn5.cse.wustl.edu_3457 3	28728.017000	0.125000	0.031000	0.000000	28728.173000	45973	272
vn4.cse.wustl.edu_vn5.cse.wustl.edu_3466 3	28977.531000	0.061000	0.026000	0.000000	28977.618000	45977	272
vn4.cse.wustl.edu_vn5.cse.wustl.edu_3470 3	29161.340000	0.031000	0.033000	0.000000	29161.404000	45980	272
vn4.cse.wustl.edu_vn5.cse.wustl.edu_3474 3	29173.828000	0.055000	0.020000	0.000000	29173.903000	45981	272
vn4.cse.wustl.edu_vn5.cse.wustl.edu_3476 3	29251.556000	0.029000	0.031000	0.000000	29251.616000	45983	272
vn4.cse.wustl.edu_vn5.cse.wustl.edu_3499 3	29621.887000	0.066000	0.031000	0.000000	29621.984000	45989	272
vn4.cse.wustl.edu_vn5.cse.wustl.edu_3513 3	29694.023000	0.033000	0.025000	0.000000	29694.081000	45993	272
vn4.cse.wustl.edu_vn5.cse.wustl.edu_3535 3	29870.489000	0.030000	0.029000	0.000000	29870.548000	45996	272
vn4.cse.wustl.edu_vn5.cse.wustl.edu_3556 3	30127.008000	0.089000	0.019000	0.000000	30127.116000	45997	272
vn4.cse.wustl.edu_vn5.cse.wustl.edu_3558 3	30145.913000	0.029000	0.025000	0.000000	30145.967000	45999	272
vn4.cse.wustl.edu_vn5.cse.wustl.edu_3563 3	30234.890000	0.026000	0.026000	0.000000	30234.942000	46001	272
planetlab3.williams.edu_vn5.cse.wustl.edu_1301 4	8789.300000	21924.274000	0.017000	0.000000	30713.591000	45904	400
vn4.cse.wustl.edu_vn5.cse.wustl.edu_3594 3	31050.897000	0.063000	0.031000	0.000000	31050.991000	46004	272
planetlab3.williams.edu_vn5.cse.wustl.edu_1558 4	17224.325000	13862.765000	0.023000	0.000000	31087.113000	46259	400
vn4.cse.wustl.edu_vn5.cse.wustl.edu_3608 3	31886.395000	0.032000	0.033000	0.000000	31886.460000	46005	272
vn4.cse.wustl.edu_vn5.cse.wustl.edu_3610 3	32064.577000	0.261000	0.033000	0.000000	32064.871000	46007	272
vn4.cse.wustl.edu_vn5.cse.wustl.edu_3614 3	32149.961000	0.063000	0.032000	0.000000	32150.056000	46008	272
vn4.cse.wustl.edu_vn5.cse.wustl.edu_3616 3	32172.960000	0.027000	0.031000	0.000000	32173.018000	46009	272
vn4.cse.wustl.edu_vn5.cse.wustl.edu_3629 3	32860.537000	0.031000	0.031000	0.000000	32860.599000	46011	272
vn4.cse.wustl.edu_vn5.cse.wustl.edu_3631 3	32886.403000	0.028000	0.029000	0.000000	32886.460000	46012	272
vn4.cse.wustl.edu_vn5.cse.wustl.edu_3633 3	32890.061000	0.022000	0.017000	0.000000	32890.100000	46013	272
vn4.cse.wustl.edu_vn5.cse.wustl.edu_3637 3	32954.136000	0.033000	0.024000	0.000000	32954.193000	46014	272
vn4.cse.wustl.edu_vn5.cse.wustl.edu_3675 3	33330.277000	0.042000	0.029000	0.000000	33330.348000	46015	272
vn4.cse.wustl.edu_vn5.cse.wustl.edu_3738 3	34211.982000	0.029000	0.034000	0.000000	34212.045000	46024	272
earth.cs.brown.edu_vn5.cse.wustl.edu_12352 3	35866.577000	0.031000	0.034000	0.000000	35866.642000	46206	96
aguila1.lsi.upc.edu_vn5.cse.wustl.edu_1459 4	36136.984000	0.138000	0.066000	0.000000	36137.188000	45855	592
planetlab-03.cs.princeton.edu_vn5.cse.wustl.edu_5659 3	36337.621000	0.064000	0.021000	0.000000	36337.706000	46219	80
planetlab1.cs.unc.edu_vn5.cse.wustl.edu_5302 5	36740.107000	0.033000	0.040000	0.000000	36740.180000	45862	528
planetlab-03.cs.princeton.edu_vn5.cse.wustl.edu_5715 3	36913.559000	0.076000	0.028000	0.000000	36913.663000	46243	80
planetlab-03.cs.princeton.edu_vn5.cse.wustl.edu_5721 3	36984.644000	0.029000	0.022000	0.000000	36984.695000	46249	80
vn4.cse.wustl.edu_vn5.cse.wustl.edu_3860 3	37022.722000	0.031000	0.036000	0.000000	37022.789000	46045	272
planetlab1.rutgers.edu_vn5.cse.wustl.edu_8808 4	37042.944000	0.066000	0.061000	0.000000	37043.071000	45867	512
planetlab-03.cs.princeton.edu_vn5.cse.wustl.edu_5725 3	37052.418000	0.084000	0.027000	0.000000	37052.529000	46250	80
planetlab-03.cs.princeton.edu_vn5.cse.wustl.edu_5729 3	37113.768000	0.026000	0.019000	0.000000	37113.813000	46251	80
planetlab-03.cs.princeton.edu_vn5.cse.wustl.edu_5731 3	37140.570000	0.088000	0.022000	0.000000	37140.680000	46255	80
planetlab-03.cs.princeton.edu_vn5.cse.wustl.edu_5739 3	37435.659000	0.076000	0.033000	0.000000	37435.768000	46267	80
planetlab2.cs.columbia.edu_vn5.cse.wustl.edu_3571 4	37574.525000	2.775000	0.091000	0.000000	37577.391000	46285	112
planetlab-03.cs.princeton.edu_vn5.cse.wustl.edu_5761 3	37632.812000	0.025000	0.017000	0.000000	37632.854000	46295	80
planetlab1.cs.unc.edu_vn5.cse.wustl.edu_5328 5	37704.861000	0.053000	0.036000	0.000000	37704.950000	45872	528
planetlab-03.cs.princeton.edu_vn5.cse.wustl.edu_5783 3	37853.023000	0.056000	0.023000	0.000000	37853.102000	46315	80
planetlab-03.cs.princeton.edu_vn5.cse.wustl.edu_5801 3	38179.036000	0.416000	0.027000	0.000000	38179.479000	46339	80
vn4.cse.wustl.edu_vn5.cse.wustl.edu_3939 3	38361.839000	0.030000	0.027000	0.000000	38361.896000	46061	272
vn4.cse.wustl.edu_vn5.cse.wustl.edu_3973 3	39073.459000	0.066000	0.032000	0.000000	39073.557000	46069	272
planetlab2.umassd.edu_vn5.cse.wustl.edu_7713 2	19062.019000	20316.857000	0.019000	0.000000	39378.895000	46360	64
vn4.cse.wustl.edu_vn5.cse.wustl.edu_3998 3	39397.480000	0.059000	0.030000	0.000000	39397.569000	46073	272
vn4.cse.wustl.edu_vn5.cse.wustl.edu_4002 3	39519.387000	0.072000	0.033000	0.000000	39519.492000	46076	272
vn4.cse.wustl.edu_vn5.cse.wustl.edu_4014 3	39671.446000	0.062000	0.031000	0.000000	39671.539000	46077	272
vn4.cse.wustl.edu_vn5.cse.wustl.edu_4016 3	39709.632000	0.038000	0.029000	0.000000	39709.699000	46079	272
planetlab1.cs.unc.edu_vn5.cse.wustl.edu_5359 5	40181.618000	0.114000	0.039000	0.000000	40181.771000	45892	528
planetlab1.cs.unc.edu_vn5.cse.wustl.edu_5362 5	40559.465000	0.029000	0.034000	0.000000	40559.528000	45896	528
planetlab1.cs.unc.edu_vn5.cse.wustl.edu_5371 5	41368.502000	0.049000	0.032000	0.000000	41368.583000	45900	528
planetlab2.cs.columbia.edu_vn5.cse.wustl.edu_3620 4	41522.844000	1.757000	0.081000	0.000000	41524.682000	46413	112
planetlab1.cs.unc.edu_vn5.cse.wustl.edu_5376 5	41605.529000	0.155000	0.015000	0.000000	41605.699000	45901	528
planetlab1.cs.unc.edu_vn5.cse.wustl.edu_5375 5	41605.778000	0.072000	0.040000	0.000000	41605.890000	45902	528
planetlab1.cs.unc.edu_vn5.cse.wustl.edu_5395 5	42210.420000	0.099000	0.039000	0.000000	42210.558000	45907	528
planetlab1.cs.unc.edu_vn5.cse.wustl.edu_5405 5	42732.198000	0.526000	0.028000	0.000000	42732.752000	45916	528
planetlab1.cs.unc.edu_vn5.cse.wustl.edu_5421 5	43788.333000	0.305000	0.042000	0.000000	43788.680000	45932	528
planetlab-1.cs.colostate.edu_vn5.cse.wustl.edu_1475 6	44499.863000	0.028000	0.039000	0.000000	44499.930000	45941	656
planetlab1.cs.unc.edu_vn5.cse.wustl.edu_5435 5	44756.292000	0.281000	0.030000	0.000000	44756.603000	45958	528
planetlab2.cs.pitt.edu_vn5.cse.wustl.edu_2547 4	45043.049000	0.030000	0.033000	0.000000	45043.112000	46148	304
planetlab1.cs.unc.edu_vn5.cse.wustl.edu_5443 5	45649.466000	0.360000	0.130000	0.000000	45649.956000	45971	528
planetlab1.cs.unc.edu_vn5.cse.wustl.edu_5447 5	45666.357000	0.647000	0.029000	0.000000	45667.033000	45976	528
planetlab1.cs.unc.edu_vn5.cse.wustl.edu_5453 5	45810.531000	0.682000	0.045000	0.000000	45811.258000	45986	528
planetlab1.cs.unc.edu_vn5.cse.wustl.edu_5455 5	45818.338000	0.032000	0.024000	0.000000	45818.394000	45988	528
planetlab1.cs.unc.edu_vn5.cse.wustl.edu_5459 5	45946.284000	4.793000	0.039000	0.000000	45951.116000	45991	528
planetlab1.cs.unc.edu_vn5.cse.wustl.edu_5461 5	45951.074000	0.108000	0.028000	0.000000	45951.210000	45990	528
planetlab1.cs.unc.edu_vn5.cse.wustl.edu_5470 5	46135.586000	0.074000	0.036000	0.000000	46135.696000	45998	528
planetlab1.cs.unc.edu_vn5.cse.wustl.edu_5478 5	46368.661000	0.155000	0.029000	0.000000	46368.845000	46006	528
planetlab1.cs.unc.edu_vn5.cse.wustl.edu_5482 5	46470.987000	1.988000	0.052000	0.000000	46473.027000	46019	528
vn4.cse.wustl.edu_vn5.cse.wustl.edu_4372 3	46566.425000	0.073000	0.032000	0.000000	46566.530000	46174	272
planetlab1.cs.unc.edu_vn5.cse.wustl.edu_5488 5	46741.914000	0.429000	0.038000	0.000000	46742.381000	46028	528
planetlab1.cs.unc.edu_vn5.cse.wustl.edu_5491 5	46781.854000	0.060000	0.042000	0.000000	46781.956000	46033	528
planetlab1.cs.unc.edu_vn5.cse.wustl.edu_5493 5	46781.909000	0.096000	0.013000	0.000000	46782.018000	46034	528
planetlab1.cs.unc.edu_vn5.cse.wustl.edu_5496 5	46805.972000	0.036000	0.034000	0.000000	46806.042000	46035	528
planetlab1.cs.unc.edu_vn5.cse.wustl.edu_5499 5	46915.218000	0.823000	0.031000	0.000000	46916.072000	46039	528
planetlab1.cs.unc.edu_vn5.cse.wustl.edu_5501 5	46920.189000	0.801000	0.037000	0.000000	46921.027000	46043	528
planetlab1.cs.unc.edu_vn5.cse.wustl.edu_5506 5	47063.824000	0.314000	0.018000	0.000000	47064.156000	46054	528
planetlab1.cs.unc.edu_vn5.cse.wustl.edu_5512 5	47295.767000	0.278000	0.047000	0.000000	47296.092000	46067	528
planetlab-2.cmcl.cs.cmu.edu_vn5.cse.wustl.edu_2484 6	48314.529000	0.240000	0.069000	0.000000	48314.838000	46133	560
aguila1.lsi.upc.edu_vn5.cse.wustl.edu_1680 4	48529.091000	0.111000	0.021000	0.000000	48529.223000	46164	592
planetlab1.rutgers.edu_vn5.cse.wustl.edu_9169 4	48765.965000	1.308000	0.080000	0.000000	48767.353000	46176	512
planetlab-1.cs.colostate.edu_vn5.cse.wustl.edu_1480 6	48804.097000	0.465000	0.048000	0.000000	48804.610000	46142	656
planetlab1.cs.unc.edu_vn5.cse.wustl.edu_5535 5	48909.248000	0.034000	0.033000	0.000000	48909.315000	46203	528
planetlab-2.cmcl.cs.cmu.edu_vn5.cse.wustl.edu_2486 6	48987.111000	0.060000	0.057000	0.000000	48987.228000	46229	560
planetlab-2.cmcl.cs.cmu.edu_vn5.cse.wustl.edu_2488 6	48997.524000	0.049000	0.042000	0.000000	48997.615000	46245	560
planetlab-2.cmcl.cs.cmu.edu_vn5.cse.wustl.edu_2492 6	49116.111000	0.147000	0.054000	0.000000	49116.312000	46257	560
planetlab-2.cmcl.cs.cmu.edu_vn5.cse.wustl.edu_2494 6	49123.590000	0.186000	0.053000	0.000000	49123.829000	46260	560
planetlab-2.cmcl.cs.cmu.edu_vn5.cse.wustl.edu_2497 6	49128.145000	0.345000	0.046000	0.000000	49128.536000	46261	560
planetlab-2.cmcl.cs.cmu.edu_vn5.cse.wustl.edu_2498 6	49128.300000	0.244000	0.029000	0.000000	49128.573000	46263	560
planetlab1.cs.unc.edu_vn5.cse.wustl.edu_5544 5	49197.350000	0.137000	0.022000	0.000000	49197.509000	46291	528
planetlab-2.cmcl.cs.cmu.edu_vn5.cse.wustl.edu_2500 6	49244.086000	0.176000	0.056000	0.000000	49244.318000	46269	560
planetlab2.netlab.uky.edu_vn5.cse.wustl.edu_7536 5	49354.836000	0.422000	0.079000	0.000000	49355.337000	46342	544
planetlab-2.cmcl.cs.cmu.edu_vn5.cse.wustl.edu_2503 6	49382.755000	0.081000	0.059000	0.000000	49382.895000	46325	560
aguila1.lsi.upc.edu_vn5.cse.wustl.edu_1696 4	49432.344000	0.074000	0.014000	0.000000	49432.432000	46367	592
planetlab1.cs.unc.edu_vn5.cse.wustl.edu_5569 5	49696.547000	0.620000	0.035000	0.000000	49697.202000	46384	528
planetlab1.cs.unc.edu_vn5.cse.wustl.edu_5588 5	49834.761000	0.218000	0.032000	0.000000	49835.011000	46405	528
planetlab1.cs.unc.edu_vn5.cse.wustl.edu_5595 5	49975.235000	0.117000	0.029000	0.000000	49975.381000	46419	528
aguila1.lsi.upc.edu_vn5.cse.wustl.edu_1742 4	50254.120000	0.052000	0.016000	0.000000	50254.188000	46442	592
planet6.cs.ucsb.edu_vn5.cse.wustl.edu_1149 7	50507.655000	0.216000	0.029000	0.000000	50507.900000	46424	688
aguila1.lsi.upc.edu_vn5.cse.wustl.edu_1762 4	50513.292000	0.180000	0.011000	0.000000	50513.483000	46464	592
plgmu1.ite.gmu.edu_vn5.cse.wustl.edu_2466 4	53967.845000	0.456000	0.072000	0.000000	53968.373000	45875	208
plgmu1.ite.gmu.edu_vn5.cse.wustl.edu_2470 4	54689.681000	0.065000	0.049000	0.000000	54689.795000	45894	208
planetlab2.cs.pitt.edu_vn5.cse.wustl.edu_2605 4	56694.261000	0.454000	0.046000	0.000000	56694.761000	46254	304
planetlab2.cs.pitt.edu_vn5.cse.wustl.edu_2618 4	58783.683000	0.080000	0.029000	0.000000	58783.792000	46299	304
planetlab1.cs.uoregon.edu_vn5.cse.wustl.edu_7766 2	17685.947000	41700.608000	0.025000	0.000000	59386.580000	46317	256
vn4.cse.wustl.edu_vn5.cse.wustl.edu_4930 3	59832.966000	0.065000	0.038000	0.000000	59833.069000	46326	272
vn4.cse.wustl.edu_vn5.cse.wustl.edu_5028 3	62477.691000	0.071000	0.031000	0.000000	62477.793000	46366	272
vn4.cse.wustl.edu_vn5.cse.wustl.edu_5042 3	62625.614000	0.151000	0.037000	0.000000	62625.802000	46370	272
vn4.cse.wustl.edu_vn5.cse.wustl.edu_5207 3	64073.966000	0.070000	0.032000	0.000000	64074.068000	46414	272
vn4.cse.wustl.edu_vn5.cse.wustl.edu_5214 3	64194.136000	0.527000	0.032000	0.000000	64194.695000	46422	272
vn4.cse.wustl.edu_vn5.cse.wustl.edu_5218 3	64197.255000	0.242000	0.026000	0.000000	64197.523000	46426	272
vn4.cse.wustl.edu_vn5.cse.wustl.edu_5221 3	64200.669000	0.023000	0.020000	0.000000	64200.712000	46428	272
vn4.cse.wustl.edu_vn5.cse.wustl.edu_5227 3	64264.793000	0.032000	0.033000	0.000000	64264.858000	46430	272
vn4.cse.wustl.edu_vn5.cse.wustl.edu_5229 3	64323.761000	0.040000	0.033000	0.000000	64323.834000	46431	272
vn4.cse.wustl.edu_vn5.cse.wustl.edu_5254 3	64578.161000	0.030000	0.030000	0.000000	64578.221000	46462	272
plgmu1.ite.gmu.edu_vn5.cse.wustl.edu_2571 4	68182.888000	0.111000	0.066000	0.000000	68183.065000	46041	208
planetlab6.flux.utah.edu_vn5.cse.wustl.edu_1584 5	72079.481000	1.522000	0.033000	0.000000	72081.036000	46112	240
plgmu1.ite.gmu.edu_vn5.cse.wustl.edu_2624 4	76936.135000	0.670000	0.070000	0.000000	76936.875000	46406	208
roam2.cs.ou.edu_vn5.cse.wustl.edu_9208 5	82386.672000	0.045000	0.039000	0.000000	82386.756000	45845	48
roam2.cs.ou.edu_vn5.cse.wustl.edu_9220 5	82556.472000	0.030000	0.036000	0.000000	82556.538000	45849	48
roam2.cs.ou.edu_vn5.cse.wustl.edu_9230 5	83066.971000	0.664000	0.031000	0.000000	83067.666000	45856	48
roam2.cs.ou.edu_vn5.cse.wustl.edu_9233 5	83145.433000	0.094000	0.043000	0.000000	83145.570000	45857	48
roam2.cs.ou.edu_vn5.cse.wustl.edu_9235 5	83218.500000	0.031000	0.032000	0.000000	83218.563000	45859	48
roam2.cs.ou.edu_vn5.cse.wustl.edu_9237 5	83386.331000	0.031000	0.032000	0.000000	83386.394000	45861	48
roam2.cs.ou.edu_vn5.cse.wustl.edu_9242 5	83726.325000	0.029000	0.030000	0.000000	83726.384000	45865	48
roam2.cs.ou.edu_vn5.cse.wustl.edu_9246 5	84066.883000	0.100000	0.036000	0.000000	84067.019000	45873	48
pl1.rcc.uottawa.ca_vn5.cse.wustl.edu_16485 3	14601.622000	69571.532000	0.433000	0.000000	84173.587000	45879	0
roam2.cs.ou.edu_vn5.cse.wustl.edu_9258 5	84509.469000	0.097000	0.032000	0.000000	84509.598000	45888	48
roam2.cs.ou.edu_vn5.cse.wustl.edu_9260 5	84569.125000	0.032000	0.033000	0.000000	84569.190000	45889	48
pl1.rcc.uottawa.ca_vn5.cse.wustl.edu_16664 3	14843.126000	69764.206000	0.035000	0.000000	84607.367000	45890	0
roam2.cs.ou.edu_vn5.cse.wustl.edu_9268 5	84766.944000	0.134000	0.028000	0.000000	84767.106000	45891	48
roam2.cs.ou.edu_vn5.cse.wustl.edu_9270 5	84947.599000	0.034000	0.033000	0.000000	84947.666000	45893	48
roam2.cs.ou.edu_vn5.cse.wustl.edu_9276 5	85125.157000	0.043000	0.047000	0.000000	85125.247000	45897	48
roam2.cs.ou.edu_vn5.cse.wustl.edu_9297 5	85994.813000	0.135000	0.034000	0.000000	85994.982000	45905	48
pl1.rcc.uottawa.ca_vn5.cse.wustl.edu_17111 3	15566.431000	70630.645000	0.027000	0.000000	86197.103000	45908	0
roam2.cs.ou.edu_vn5.cse.wustl.edu_9324 5	86931.967000	0.030000	0.030000	0.000000	86932.027000	45921	48
roam2.cs.ou.edu_vn5.cse.wustl.edu_9337 5	87483.310000	0.033000	0.033000	0.000000	87483.376000	45940	48
planetlab4.wail.wisc.edu_vn5.cse.wustl.edu_14617 4	82500.793000	5192.961000	0.025000	0.000000	87693.779000	45851	16
roam2.cs.ou.edu_vn5.cse.wustl.edu_9352 5	87817.568000	0.050000	0.029000	0.000000	87817.647000	45952	48
planetlab4.wail.wisc.edu_vn5.cse.wustl.edu_14672 4	83407.328000	4492.508000	0.047000	0.000000	87899.883000	45863	16
roam2.cs.ou.edu_vn5.cse.wustl.edu_9354 5	87929.232000	0.073000	0.034000	0.000000	87929.339000	45953	48
planetlab4.wail.wisc.edu_vn5.cse.wustl.edu_14695 4	83702.733000	4333.457000	0.031000	0.000000	88036.221000	45868	16
roam2.cs.ou.edu_vn5.cse.wustl.edu_9356 5	88051.073000	0.031000	0.032000	0.000000	88051.136000	45955	48
roam2.cs.ou.edu_vn5.cse.wustl.edu_9360 5	88109.447000	2.771000	0.032000	0.000000	88112.250000	45957	48
roam2.cs.ou.edu_vn5.cse.wustl.edu_9366 5	88280.040000	1.924000	0.027000	0.000000	88281.991000	45961	48
planetlab4.wail.wisc.edu_vn5.cse.wustl.edu_14775 4	84951.735000	3391.578000	0.056000	0.000000	88343.369000	45895	16
planetlab4.wail.wisc.edu_vn5.cse.wustl.edu_14812 4	85641.409000	2828.054000	0.031000	0.000000	88469.494000	45903	16
planetlab4.wail.wisc.edu_vn5.cse.wustl.edu_14852 4	86339.504000	2270.225000	0.033000	0.000000	88609.762000	45913	16
roam2.cs.ou.edu_vn5.cse.wustl.edu_9383 5	88798.192000	0.096000	0.029000	0.000000	88798.317000	45969	48
planetlab4.wail.wisc.edu_vn5.cse.wustl.edu_14904 4	86929.591000	1885.218000	0.031000	0.000000	88814.840000	45923	16
pl1.rcc.uottawa.ca_vn5.cse.wustl.edu_17830 3	17217.188000	71609.309000	0.027000	0.000000	88826.524000	45972	0
planetlab4.wail.wisc.edu_vn5.cse.wustl.edu_14917 4	87037.314000	1819.062000	0.022000	0.000000	88856.398000	45925	16
planetlab4.wail.wisc.edu_vn5.cse.wustl.edu_14921 4	87058.768000	1808.647000	0.027000	0.000000	88867.442000	45926	16
planetlab4.wail.wisc.edu_vn5.cse.wustl.edu_14923 4	87056.433000	1838.972000	0.019000	0.000000	88895.424000	45927	16
planetlab4.wail.wisc.edu_vn5.cse.wustl.edu_14957 4	87342.711000	1667.088000	0.043000	0.000000	89009.842000	45935	16
planetlab4.wail.wisc.edu_vn5.cse.wustl.edu_14977 4	87549.257000	1561.003000	0.033000	0.000000	89110.293000	45943	16
roam2.cs.ou.edu_vn5.cse.wustl.edu_9405 5	89118.517000	0.099000	0.028000	0.000000	89118.644000	45982	48
planetlab4.wail.wisc.edu_vn5.cse.wustl.edu_15002 4	87987.619000	1193.830000	0.039000	0.000000	89181.488000	45956	16
roam2.cs.ou.edu_vn5.cse.wustl.edu_9412 5	89234.688000	0.184000	0.025000	0.000000	89234.897000	45985	48
pl1.rcc.uottawa.ca_vn5.cse.wustl.edu_17948 3	17529.115000	71729.855000	0.019000	0.000000	89258.989000	45992	0
planetlab4.wail.wisc.edu_vn5.cse.wustl.edu_15040 4	88503.101000	811.635000	0.037000	0.000000	89314.773000	45967	16
node1.planetlab.albany.edu_vn5.cse.wustl.edu_19393 4	89406.105000	26.337000	0.030000	0.000000	89432.472000	46002	32
planetlab4.wail.wisc.edu_vn5.cse.wustl.edu_15093 4	89415.718000	109.408000	0.035000	0.000000	89525.161000	46003	16
roam2.cs.ou.edu_vn5.cse.wustl.edu_9447 5	90677.418000	0.100000	0.033000	0.000000	90677.551000	46017	48
pl1.rcc.uottawa.ca_vn5.cse.wustl.edu_18405 3	20262.874000	70611.227000	0.034000	0.000000	90874.135000	46020	0
planetlab7.flux.utah.edu_vn5.cse.wustl.edu_2377 3	91073.059000	0.083000	0.023000	0.000000	91073.165000	46158	1536
planetlab7.flux.utah.edu_vn5.cse.wustl.edu_2383 3	91107.685000	2.956000	0.030000	0.000000	91110.671000	46222	1536
planetlab7.flux.utah.edu_vn5.cse.wustl.edu_2389 3	91168.634000	0.705000	0.024000	0.000000	91169.363000	46278	1536
planetlab7.flux.utah.edu_vn5.cse.wustl.edu_2391 3	91177.805000	0.067000	0.020000	0.000000	91177.892000	46282	1536
planetlab7.flux.utah.edu_vn5.cse.wustl.edu_2393 3	91180.937000	0.021000	0.017000	0.000000	91180.975000	46284	1536
planetlab7.flux.utah.edu_vn5.cse.wustl.edu_2395 3	91188.675000	0.058000	0.020000	0.000000	91188.753000	46286	1536
planetlab7.flux.utah.edu_vn5.cse.wustl.edu_2399 3	91193.100000	0.026000	0.018000	0.000000	91193.144000	46287	1536
planetlab7.flux.utah.edu_vn5.cse.wustl.edu_2401 3	91214.632000	0.057000	0.022000	0.000000	91214.711000	46302	1536
planetlab7.flux.utah.edu_vn5.cse.wustl.edu_2405 3	91229.456000	21.940000	0.021000	0.000000	91251.417000	46318	1536
planetlab2.uta.edu_vn5.cse.wustl.edu_1277 4	91271.168000	0.032000	0.037000	0.000000	91271.237000	46371	1664
planetlab7.flux.utah.edu_vn5.cse.wustl.edu_2413 3	91272.956000	0.055000	0.019000	0.000000	91273.030000	46461	1536
planetlab1.williams.edu_vn5.cse.wustl.edu_2987 3	91778.265000	0.029000	0.018000	0.000000	91778.312000	45871	2176
planetlab2.eecs.umich.edu_vn5.cse.wustl.edu_11207 4	91835.534000	30.373000	0.094000	0.000000	91866.001000	45844	2048
planetlab2.eecs.umich.edu_vn5.cse.wustl.edu_11209 4	91842.242000	28.776000	0.105000	0.000000	91871.123000	45846	2048
planetlab2.eecs.umich.edu_vn5.cse.wustl.edu_11211 4	91856.014000	15.660000	0.140000	0.000000	91871.814000	45847	2048
planetlab2.eecs.umich.edu_vn5.cse.wustl.edu_11213 4	91865.373000	16.673000	0.081000	0.000000	91882.127000	45854	2048
planetlab2.eecs.umich.edu_vn5.cse.wustl.edu_11215 4	91905.921000	0.135000	0.069000	0.000000	91906.125000	45864	2048
planetlab2.eecs.umich.edu_vn5.cse.wustl.edu_11221 4	91918.238000	0.423000	0.072000	0.000000	91918.733000	45878	2048
planetlab1.eecs.umich.edu_vn5.cse.wustl.edu_2579 5	91986.771000	1.706000	0.089000	0.000000	91988.566000	45924	2304
planetlab2.eecs.umich.edu_vn5.cse.wustl.edu_11245 4	92026.107000	0.875000	0.070000	0.000000	92027.052000	45910	2048
planetlab2.eecs.umich.edu_vn5.cse.wustl.edu_11247 4	92026.180000	12.009000	0.084000	0.000000	92038.273000	45917	2048
nodeb.howard.edu_vn5.cse.wustl.edu_1530 6	92044.190000	0.104000	0.035000	0.000000	92044.329000	45899	2368
planetlab1.williams.edu_vn5.cse.wustl.edu_2992 3	92042.960000	0.162000	0.023000	0.000000	92043.145000	46000	2176
planetlab4.wail.wisc.edu_vn5.cse.wustl.edu_15529 4	92042.582000	0.333000	0.031000	0.000000	92042.946000	46023	16
planetlab2.eecs.umich.edu_vn5.cse.wustl.edu_11255 4	92040.561000	7.877000	0.079000	0.000000	92048.517000	45937	2048
planetlab1.williams.edu_vn5.cse.wustl.edu_2994 3	92075.252000	0.094000	0.016000	0.000000	92075.362000	46021	2176
planetlab2.eecs.umich.edu_vn5.cse.wustl.edu_11271 4	92112.917000	0.443000	0.083000	0.000000	92113.443000	45974	2048
planetlab2.eecs.umich.edu_vn5.cse.wustl.edu_11279 4	92157.198000	8.439000	0.035000	0.000000	92165.672000	45979	2048
planetlab1.cs.purdue.edu_vn5.cse.wustl.edu_2185 2	92135.934000	31.571000	0.017000	0.000000	92167.522000	46294	2208
plab4.eece.ksu.edu_vn5.cse.wustl.edu_7637 3	92155.089000	24.336000	0.025000	0.000000	92179.450000	46040	2080
planetlab2.eecs.umich.edu_vn5.cse.wustl.edu_11291 4	92213.439000	1.106000	0.034000	0.000000	92214.579000	46018	2048
planetlab4.wail.wisc.edu_vn5.cse.wustl.edu_15560 4	92226.847000	0.252000	0.029000	0.000000	92227.128000	46027	16
planetlab1.eecs.umich.edu_vn5.cse.wustl.edu_2585 5	92232.758000	2.635000	0.089000	0.000000	92235.482000	46132	2304
planetlab7.cs.duke.edu_vn5.cse.wustl.edu_1598 4	92249.212000	0.066000	0.039000	0.000000	92249.317000	46186	2432
plab4.eece.ksu.edu_vn5.cse.wustl.edu_7650 3	92226.252000	58.050000	0.022000	0.000000	92284.324000	46139	2080
planetlab2.eecs.umich.edu_vn5.cse.wustl.edu_11304 4	92269.065000	22.971000	0.036000	0.000000	92292.072000	46062	2048
planetlab1.eecs.umich.edu_vn5.cse.wustl.edu_2587 5	92287.155000	4.806000	0.076000	0.000000	92292.037000	46215	2304
planetlab2.eecs.umich.edu_vn5.cse.wustl.edu_11310 4	92291.925000	27.339000	0.066000	0.000000	92319.330000	46109	2048
planetlab2.eecs.umich.edu_vn5.cse.wustl.edu_11312 4	92315.995000	6.021000	0.077000	0.000000	92322.093000	46113	2048
planetlab2.eecs.umich.edu_vn5.cse.wustl.edu_11314 4	92331.704000	0.287000	0.068000	0.000000	92332.059000	46157	2048
plab4.eece.ksu.edu_vn5.cse.wustl.edu_7659 3	92281.431000	63.582000	0.021000	0.000000	92345.034000	46216	2080
planetlab2.eecs.umich.edu_vn5.cse.wustl.edu_11316 4	92343.886000	2.434000	0.074000	0.000000	92346.394000	46165	2048
planetlab2.eecs.umich.edu_vn5.cse.wustl.edu_11320 4	92355.313000	1.109000	0.060000	0.000000	92356.482000	46173	2048
planetlab2.eecs.umich.edu_vn5.cse.wustl.edu_11318 4	92354.618000	1.940000	0.078000	0.000000	92356.636000	46169	2048
planetlab2.eecs.umich.edu_vn5.cse.wustl.edu_11324 4	92355.992000	16.737000	0.069000	0.000000	92372.798000	46172	2048
planetlab2.eecs.umich.edu_vn5.cse.wustl.edu_11325 4	92369.156000	4.366000	0.033000	0.000000	92373.555000	46175	2048
planetlab2.eecs.umich.edu_vn5.cse.wustl.edu_11326 4	92371.834000	6.383000	0.027000	0.000000	92378.244000	46205	2048
planetlab2.eecs.umich.edu_vn5.cse.wustl.edu_11331 4	92407.060000	1.346000	0.074000	0.000000	92408.480000	46270	2048
planetlab2.eecs.umich.edu_vn5.cse.wustl.edu_11332 4	92406.820000	1.587000	0.031000	0.000000	92408.438000	46283	2048
planetlab5.williams.edu_vn5.cse.wustl.edu_3948 5	92537.424000	0.056000	0.029000	0.000000	92537.509000	46094	2112
planetlab1.eecs.umich.edu_vn5.cse.wustl.edu_2591 5	92539.901000	1.407000	0.110000	0.000000	92541.418000	46343	2304
planetlab2.eecs.umich.edu_vn5.cse.wustl.edu_11336 4	92565.060000	0.514000	0.068000	0.000000	92565.642000	46301	2048
planetlab5.williams.edu_vn5.cse.wustl.edu_3953 5	92582.407000	0.058000	0.024000	0.000000	92582.489000	46225	2112
planetlab4.wail.wisc.edu_vn5.cse.wustl.edu_15602 4	92622.077000	0.870000	0.034000	0.000000	92622.981000	46029	16
planetlab4.wail.wisc.edu_vn5.cse.wustl.edu_15604 4	92633.299000	0.038000	0.042000	0.000000	92633.379000	46030	16
plab4.eece.ksu.edu_vn5.cse.wustl.edu_7688 3	92665.468000	0.072000	0.022000	0.000000	92665.562000	46363	2080
plab4.eece.ksu.edu_vn5.cse.wustl.edu_7690 3	92672.432000	0.085000	0.020000	0.000000	92672.537000	46379	2080
plab4.eece.ksu.edu_vn5.cse.wustl.edu_7692 3	92672.393000	0.120000	0.013000	0.000000	92672.526000	46387	2080
plab4.eece.ksu.edu_vn5.cse.wustl.edu_7695 3	92674.264000	0.254000	0.017000	0.000000	92674.535000	46393	2080
planetlab5.williams.edu_vn5.cse.wustl.edu_3958 5	92703.608000	0.037000	0.031000	0.000000	92703.676000	46308	2112
plab4.eece.ksu.edu_vn5.cse.wustl.edu_7696 3	92673.993000	32.426000	0.013000	0.000000	92706.432000	46395	2080
plab4.eece.ksu.edu_vn5.cse.wustl.edu_7698 3	92674.173000	33.337000	0.014000	0.000000	92707.524000	46394	2080
plab4.eece.ksu.edu_vn5.cse.wustl.edu_7700 3	92679.176000	35.321000	0.020000	0.000000	92714.517000	46399	2080
planetlab2.eecs.umich.edu_vn5.cse.wustl.edu_11348 4	92768.091000	1.657000	0.083000	0.000000	92769.831000	46429	2048
planetlab4.wail.wisc.edu_vn5.cse.wustl.edu_15623 4	92825.136000	0.091000	0.027000	0.000000	92825.254000	46031	16
plab4.eece.ksu.edu_vn5.cse.wustl.edu_7705 3	92871.741000	0.031000	0.036000	0.000000	92871.808000	46459	2080
planetlab1.eecs.umich.edu_vn5.cse.wustl.edu_2593 5	92904.420000	3.619000	0.083000	0.000000	92908.122000	46467	2304
planetlab1.eecs.umich.edu_vn5.cse.wustl.edu_2596 5	92914.282000	5.776000	0.110000	0.000000	92920.168000	46470	2304
planetlab1.eecs.umich.edu_vn5.cse.wustl.edu_2597 5	92913.745000	6.498000	0.031000	0.000000	92920.274000	46471	2304
planetlab1.eecs.umich.edu_vn5.cse.wustl.edu_2599 5	92930.943000	1.394000	0.084000	0.000000	92932.421000	46469	2304
planetlab-1.cse.ohio-state.edu_vn5.cse.wustl.edu_2229 3	93596.789000	0.352000	0.035000	0.000000	93597.176000	46057	2560
pl1.rcc.uottawa.ca_vn5.cse.wustl.edu_19509 3	23071.164000	71895.069000	0.032000	0.000000	94966.265000	46032	0
planetlab-1.cse.ohio-state.edu_vn5.cse.wustl.edu_2241 3	95183.948000	0.349000	0.032000	0.000000	95184.329000	46242	2560
pl1.rcc.uottawa.ca_vn5.cse.wustl.edu_19612 3	23198.275000	72127.799000	0.020000	0.000000	95326.094000	46036	0
planetlab-01.ece.uprm.edu_vn5.cse.wustl.edu_3579 4	95373.078000	0.272000	0.057000	0.000000	95373.407000	46071	2144
pl1.rcc.uottawa.ca_vn5.cse.wustl.edu_19633 3	23220.908000	72185.603000	0.024000	0.000000	95406.535000	46037	0
pl1.rcc.uottawa.ca_vn5.cse.wustl.edu_19670 3	23277.337000	72279.762000	0.023000	0.000000	95557.122000	46038	0
pl1.rcc.uottawa.ca_vn5.cse.wustl.edu_19854 3	23516.608000	72661.716000	0.021000	0.000000	96178.345000	46044	0
planetlab4.wail.wisc.edu_vn5.cse.wustl.edu_15992 4	96255.336000	0.085000	0.021000	0.000000	96255.442000	46047	16
planetlab-1.cse.ohio-state.edu_vn5.cse.wustl.edu_2276 3	96549.690000	0.727000	0.031000	0.000000	96550.448000	46454	2560
planetlab4.wail.wisc.edu_vn5.cse.wustl.edu_16092 4	97004.243000	0.104000	0.032000	0.000000	97004.379000	46055	16
roam2.cs.ou.edu_vn5.cse.wustl.edu_9749 5	97420.330000	0.631000	0.020000	0.000000	97420.981000	46059	48
planetlab4.wail.wisc.edu_vn5.cse.wustl.edu_16158 4	97566.990000	0.173000	0.027000	0.000000	97567.190000	46063	16
planetlab4.wail.wisc.edu_vn5.cse.wustl.edu_16181 4	97680.538000	0.373000	0.020000	0.000000	97680.931000	46065	16
pl1.rcc.uottawa.ca_vn5.cse.wustl.edu_20363 3	24253.087000	73752.087000	0.025000	0.000000	98005.199000	46068	0
planetlab4.wail.wisc.edu_vn5.cse.wustl.edu_16353 4	99112.977000	0.340000	0.031000	0.000000	99113.348000	46080	16
planetlab4.wail.wisc.edu_vn5.cse.wustl.edu_16359 4	99156.419000	0.143000	0.034000	0.000000	99156.596000	46082	16
planetlab4.wail.wisc.edu_vn5.cse.wustl.edu_16367 4	99187.098000	0.218000	0.033000	0.000000	99187.349000	46083	16
planetlab4.wail.wisc.edu_vn5.cse.wustl.edu_16428 4	99715.211000	0.031000	0.034000	0.000000	99715.276000	46084	16
planetlab4.wail.wisc.edu_vn5.cse.wustl.edu_16475 4	100168.361000	0.098000	0.036000	0.000000	100168.495000	46086	16
planetlab4.wail.wisc.edu_vn5.cse.wustl.edu_16497 4	100292.507000	5.385000	0.042000	0.000000	100297.934000	46087	16
planetlab4.wail.wisc.edu_vn5.cse.wustl.edu_16571 4	100882.484000	0.201000	0.061000	0.000000	100882.746000	46090	16
planetlab4.wail.wisc.edu_vn5.cse.wustl.edu_16580 4	100928.286000	0.030000	0.029000	0.000000	100928.345000	46092	16
planetlab4.wail.wisc.edu_vn5.cse.wustl.edu_16672 4	101804.014000	0.031000	0.034000	0.000000	101804.079000	46096	16
planetlab4.wail.wisc.edu_vn5.cse.wustl.edu_16684 4	101871.000000	0.594000	0.030000	0.000000	101871.624000	46097	16
planetlab4.wail.wisc.edu_vn5.cse.wustl.edu_16696 4	102002.593000	0.134000	0.037000	0.000000	102002.764000	46098	16
planetlab4.wail.wisc.edu_vn5.cse.wustl.edu_16719 4	102121.164000	0.324000	0.031000	0.000000	102121.519000	46099	16
planetlab4.wail.wisc.edu_vn5.cse.wustl.edu_16726 4	102305.609000	0.037000	0.035000	0.000000	102305.681000	46100	16
planetlab4.wail.wisc.edu_vn5.cse.wustl.edu_16786 4	102805.006000	0.026000	0.029000	0.000000	102805.061000	46102	16
planetlab4.wail.wisc.edu_vn5.cse.wustl.edu_16816 4	103056.897000	0.082000	0.031000	0.000000	103057.010000	46103	16
planetlab4.wail.wisc.edu_vn5.cse.wustl.edu_16822 4	103111.181000	0.092000	0.038000	0.000000	103111.311000	46104	16
planetlab4.wail.wisc.edu_vn5.cse.wustl.edu_16833 4	103242.502000	0.096000	0.034000	0.000000	103242.632000	46106	16
planetlab4.wail.wisc.edu_vn5.cse.wustl.edu_16839 4	103262.971000	0.082000	0.019000	0.000000	103263.072000	46107	16
planetlab4.wail.wisc.edu_vn5.cse.wustl.edu_16848 4	103422.098000	0.513000	0.038000	0.000000	103422.649000	46110	16
pl1.rcc.uottawa.ca_vn5.cse.wustl.edu_21928 3	26704.103000	76789.282000	0.034000	0.000000	103493.419000	46111	0
planetlab4.wail.wisc.edu_vn5.cse.wustl.edu_16857 4	103575.083000	0.095000	0.036000	0.000000	103575.214000	46114	16
planetlab4.wail.wisc.edu_vn5.cse.wustl.edu_16859 4	103587.278000	0.030000	0.034000	0.000000	103587.342000	46115	16
planetlab4.wail.wisc.edu_vn5.cse.wustl.edu_16871 4	103785.953000	0.086000	0.036000	0.000000	103786.075000	46116	16
planetlab4.wail.wisc.edu_vn5.cse.wustl.edu_16885 4	103913.777000	0.090000	0.028000	0.000000	103913.895000	46117	16
planetlab4.wail.wisc.edu_vn5.cse.wustl.edu_16889 4	103936.277000	0.093000	0.025000	0.000000	103936.395000	46118	16
planetlab4.wail.wisc.edu_vn5.cse.wustl.edu_16901 4	104011.590000	0.028000	0.027000	0.000000	104011.645000	46119	16
planetlab4.wail.wisc.edu_vn5.cse.wustl.edu_16913 4	104092.063000	0.059000	0.025000	0.000000	104092.147000	46120	16
planetlab4.wail.wisc.edu_vn5.cse.wustl.edu_16938 4	104330.232000	0.102000	0.030000	0.000000	104330.364000	46124	16
planetlab4.wail.wisc.edu_vn5.cse.wustl.edu_16944 4	104354.213000	0.084000	0.024000	0.000000	104354.321000	46125	16
planetlab4.wail.wisc.edu_vn5.cse.wustl.edu_16950 4	104388.008000	0.030000	0.031000	0.000000	104388.069000	46126	16
planetlab4.wail.wisc.edu_vn5.cse.wustl.edu_16954 4	104406.109000	0.101000	0.027000	0.000000	104406.237000	46127	16
planetlab4.wail.wisc.edu_vn5.cse.wustl.edu_16971 4	104565.133000	0.283000	0.033000	0.000000	104565.449000	46128	16
planetlab4.wail.wisc.edu_vn5.cse.wustl.edu_16973 4	104571.363000	1.411000	0.025000	0.000000	104572.799000	46130	16
planetlab4.wail.wisc.edu_vn5.cse.wustl.edu_16988 4	104678.557000	0.090000	0.031000	0.000000	104678.678000	46131	16
planetlab4.wail.wisc.edu_vn5.cse.wustl.edu_17061 4	105067.570000	0.081000	0.026000	0.000000	105067.677000	46134	16
planetlab4.wail.wisc.edu_vn5.cse.wustl.edu_17074 4	105165.164000	0.142000	0.036000	0.000000	105165.342000	46135	16
planetlab4.wail.wisc.edu_vn5.cse.wustl.edu_17116 4	105431.995000	26.233000	0.032000	0.000000	105458.260000	46136	16
planetlab4.wail.wisc.edu_vn5.cse.wustl.edu_17141 4	105784.235000	0.085000	0.023000	0.000000	105784.343000	46138	16
planetlab4.wail.wisc.edu_vn5.cse.wustl.edu_17166 4	105892.467000	93.262000	0.030000	0.000000	105985.759000	46140	16
planetlab4.wail.wisc.edu_vn5.cse.wustl.edu_17221 4	106132.190000	343.134000	0.031000	0.000000	106475.355000	46146	16
planetlab4.wail.wisc.edu_vn5.cse.wustl.edu_17223 4	106158.806000	319.944000	0.028000	0.000000	106478.778000	46147	16
planetlab4.wail.wisc.edu_vn5.cse.wustl.edu_17247 4	106345.966000	256.851000	0.032000	0.000000	106602.849000	46149	16
planetlab4.wail.wisc.edu_vn5.cse.wustl.edu_17249 4	106366.083000	246.292000	0.039000	0.000000	106612.414000	46150	16
planetlab4.wail.wisc.edu_vn5.cse.wustl.edu_17275 4	106506.300000	257.270000	0.038000	0.000000	106763.608000	46151	16
roam2.cs.ou.edu_vn5.cse.wustl.edu_9927 5	106845.685000	0.032000	0.034000	0.000000	106845.751000	46154	48
pl1.rcc.uottawa.ca_vn5.cse.wustl.edu_22916 3	28775.812000	78123.379000	0.021000	0.000000	106899.212000	46155	0
planetlab4.wail.wisc.edu_vn5.cse.wustl.edu_17388 4	107332.760000	61.961000	0.029000	0.000000	107394.750000	46159	16
planetlab4.wail.wisc.edu_vn5.cse.wustl.edu_17407 4	107479.753000	65.861000	0.044000	0.000000	107545.658000	46160	16
node1.planetlab.albany.edu_vn5.cse.wustl.edu_20093 4	107554.790000	2.623000	0.032000	0.000000	107557.445000	46161	32
planetlab4.wail.wisc.edu_vn5.cse.wustl.edu_17423 4	107573.917000	101.113000	0.029000	0.000000	107675.059000	46162	16
planetlab4.wail.wisc.edu_vn5.cse.wustl.edu_17427 4	107616.223000	62.815000	0.032000	0.000000	107679.070000	46163	16
planetlab4.wail.wisc.edu_vn5.cse.wustl.edu_17494 4	107990.047000	86.116000	0.030000	0.000000	108076.193000	46166	16
planetlab4.wail.wisc.edu_vn5.cse.wustl.edu_17503 4	108032.844000	124.537000	0.027000	0.000000	108157.408000	46167	16
planetlab4.wail.wisc.edu_vn5.cse.wustl.edu_17510 4	108051.834000	141.934000	0.022000	0.000000	108193.790000	46168	16
planetlab4.wail.wisc.edu_vn5.cse.wustl.edu_17520 4	108093.756000	147.629000	0.033000	0.000000	108241.418000	46170	16
planetlab4.wail.wisc.edu_vn5.cse.wustl.edu_17542 4	108233.913000	85.215000	0.024000	0.000000	108319.152000	46177	16
planetlab4.wail.wisc.edu_vn5.cse.wustl.edu_17602 4	108635.679000	2.410000	0.023000	0.000000	108638.112000	46178	16
planetlab4.wail.wisc.edu_vn5.cse.wustl.edu_17609 4	108680.840000	0.205000	0.028000	0.000000	108681.073000	46179	16
planetlab4.wail.wisc.edu_vn5.cse.wustl.edu_17630 4	108770.266000	0.096000	0.031000	0.000000	108770.393000	46180	16
planetlab4.wail.wisc.edu_vn5.cse.wustl.edu_17633 4	108788.151000	0.259000	0.033000	0.000000	108788.443000	46181	16
planetlab4.wail.wisc.edu_vn5.cse.wustl.edu_17671 4	109046.011000	0.067000	0.026000	0.000000	109046.104000	46182	16
planetlab4.wail.wisc.edu_vn5.cse.wustl.edu_17696 4	109220.822000	0.029000	0.030000	0.000000	109220.881000	46183	16
planetlab4.wail.wisc.edu_vn5.cse.wustl.edu_17698 4	109222.720000	0.079000	0.019000	0.000000	109222.818000	46184	16
planetlab4.wail.wisc.edu_vn5.cse.wustl.edu_17716 4	109362.099000	3.490000	0.043000	0.000000	109365.632000	46187	16
planetlab4.wail.wisc.edu_vn5.cse.wustl.edu_17718 4	109378.571000	0.092000	0.038000	0.000000	109378.701000	46188	16
planetlab4.wail.wisc.edu_vn5.cse.wustl.edu_17722 4	109400.499000	0.151000	0.028000	0.000000	109400.678000	46189	16
planetlab4.wail.wisc.edu_vn5.cse.wustl.edu_17730 4	109471.949000	0.029000	0.029000	0.000000	109472.007000	46192	16
planetlab4.wail.wisc.edu_vn5.cse.wustl.edu_17764 4	109670.400000	0.374000	0.029000	0.000000	109670.803000	46194	16
planetlab4.wail.wisc.edu_vn5.cse.wustl.edu_17800 4	109865.681000	1.959000	0.036000	0.000000	109867.676000	46195	16
planetlab4.wail.wisc.edu_vn5.cse.wustl.edu_17808 4	109913.617000	0.029000	0.032000	0.000000	109913.678000	46197	16
planetlab4.wail.wisc.edu_vn5.cse.wustl.edu_17870 4	110333.439000	11.917000	0.032000	0.000000	110345.388000	46198	16
planetlab4.wail.wisc.edu_vn5.cse.wustl.edu_17888 4	110443.588000	0.083000	0.023000	0.000000	110443.694000	46199	16
planetlab4.wail.wisc.edu_vn5.cse.wustl.edu_17913 4	110555.896000	15.361000	0.030000	0.000000	110571.287000	46200	16
planetlab4.wail.wisc.edu_vn5.cse.wustl.edu_18014 4	111051.529000	0.122000	0.028000	0.000000	111051.679000	46201	16
planetlab4.wail.wisc.edu_vn5.cse.wustl.edu_18178 4	111673.268000	2.584000	0.039000	0.000000	111675.891000	46202	16
planetlab4.wail.wisc.edu_vn5.cse.wustl.edu_18507 4	113263.858000	48.355000	0.025000	0.000000	113312.238000	46204	16
planetlab4.wail.wisc.edu_vn5.cse.wustl.edu_18617 4	113594.203000	38.952000	0.039000	0.000000	113633.194000	46190	16
planetlab4.wail.wisc.edu_vn5.cse.wustl.edu_18629 4	113622.721000	51.148000	0.025000	0.000000	113673.894000	46191	16
planetlab4.wail.wisc.edu_vn5.cse.wustl.edu_18644 4	113646.311000	57.720000	0.018000	0.000000	113704.049000	46207	16
planetlab4.wail.wisc.edu_vn5.cse.wustl.edu_18651 4	113660.288000	73.457000	0.025000	0.000000	113733.770000	46208	16
planetlab4.wail.wisc.edu_vn5.cse.wustl.edu_18659 4	113680.015000	66.147000	0.029000	0.000000	113746.191000	46210	16
planetlab4.wail.wisc.edu_vn5.cse.wustl.edu_18718 4	113848.833000	42.725000	0.026000	0.000000	113891.584000	46212	16
planetlab4.wail.wisc.edu_vn5.cse.wustl.edu_18736 4	113955.101000	0.083000	0.026000	0.000000	113955.210000	46213	16
planetlab4.wail.wisc.edu_vn5.cse.wustl.edu_18745 4	113970.754000	11.049000	0.025000	0.000000	113981.828000	46214	16
planetlab4.wail.wisc.edu_vn5.cse.wustl.edu_18764 4	114061.257000	0.097000	0.023000	0.000000	114061.377000	46220	16
planetlab4.wail.wisc.edu_vn5.cse.wustl.edu_18772 4	114093.414000	0.504000	0.026000	0.000000	114093.944000	46221	16
pl1.rcc.uottawa.ca_vn5.cse.wustl.edu_24937 3	36483.011000	77664.803000	0.026000	0.000000	114147.840000	46223	0
planetlab4.wail.wisc.edu_vn5.cse.wustl.edu_18799 4	114178.545000	0.090000	0.038000	0.000000	114178.673000	46224	16
planetlab4.wail.wisc.edu_vn5.cse.wustl.edu_18807 4	114203.410000	0.205000	0.028000	0.000000	114203.643000	46226	16
planetlab4.wail.wisc.edu_vn5.cse.wustl.edu_18811 4	114216.522000	0.682000	0.025000	0.000000	114217.229000	46227	16
planetlab4.wail.wisc.edu_vn5.cse.wustl.edu_18813 4	114225.343000	0.084000	0.028000	0.000000	114225.455000	46228	16
planetlab4.wail.wisc.edu_vn5.cse.wustl.edu_18825 4	114281.625000	0.104000	0.029000	0.000000	114281.758000	46230	16
pl1.rcc.uottawa.ca_vn5.cse.wustl.edu_24997 3	36638.711000	77682.197000	0.021000	0.000000	114320.929000	46231	0
planetlab4.wail.wisc.edu_vn5.cse.wustl.edu_18860 4	114382.458000	3.614000	0.018000	0.000000	114386.090000	46232	16
pl1.rcc.uottawa.ca_vn5.cse.wustl.edu_25033 3	36738.800000	77690.662000	0.033000	0.000000	114429.495000	46235	0
planetlab4.wail.wisc.edu_vn5.cse.wustl.edu_18881 4	114416.203000	27.069000	0.020000	0.000000	114443.292000	46234	16
pl1.rcc.uottawa.ca_vn5.cse.wustl.edu_25038 3	36767.199000	77689.139000	0.024000	0.000000	114456.362000	46237	0
pl1.rcc.uottawa.ca_vn5.cse.wustl.edu_25046 3	36781.560000	77692.505000	0.022000	0.000000	114474.087000	46238	0
pl1.rcc.uottawa.ca_vn5.cse.wustl.edu_25048 3	36781.052000	77693.312000	0.013000	0.000000	114474.377000	46239	0
pl1.rcc.uottawa.ca_vn5.cse.wustl.edu_25083 3	36879.665000	77703.311000	0.033000	0.000000	114583.009000	46241	0
planetlab4.wail.wisc.edu_vn5.cse.wustl.edu_18962 4	114679.198000	1.809000	0.031000	0.000000	114681.038000	46244	16
planetlab4.wail.wisc.edu_vn5.cse.wustl.edu_18979 4	114717.447000	6.277000	0.027000	0.000000	114723.751000	46247	16
planetlab4.wail.wisc.edu_vn5.cse.wustl.edu_18981 4	114723.073000	2.033000	0.022000	0.000000	114725.128000	46248	16
planetlab4.wail.wisc.edu_vn5.cse.wustl.edu_19012 4	114822.702000	0.876000	0.019000	0.000000	114823.597000	46252	16
planetlab4.wail.wisc.edu_vn5.cse.wustl.edu_19020 4	114843.890000	8.856000	0.024000	0.000000	114852.770000	46256	16
planetlab4.wail.wisc.edu_vn5.cse.wustl.edu_19063 4	114949.330000	21.723000	0.025000	0.000000	114971.078000	46258	16
planetlab4.wail.wisc.edu_vn5.cse.wustl.edu_19111 4	115045.926000	42.589000	0.022000	0.000000	115088.537000	46264	16
planetlab4.wail.wisc.edu_vn5.cse.wustl.edu_19115 4	115063.466000	36.523000	0.036000	0.000000	115100.025000	46265	16
planetlab4.wail.wisc.edu_vn5.cse.wustl.edu_19117 4	115064.124000	41.947000	0.018000	0.000000	115106.089000	46266	16
planetlab4.wail.wisc.edu_vn5.cse.wustl.edu_19133 4	115119.497000	27.298000	0.027000	0.000000	115146.822000	46268	16
pl1.rcc.uottawa.ca_vn5.cse.wustl.edu_25280 3	37453.160000	77763.616000	0.048000	0.000000	115216.824000	46271	0
planetlab4.wail.wisc.edu_vn5.cse.wustl.edu_19165 4	115249.747000	9.146000	0.023000	0.000000	115258.916000	46276	16
planetlab4.wail.wisc.edu_vn5.cse.wustl.edu_19200 4	115326.765000	28.523000	0.027000	0.000000	115355.315000	46279	16
planetlab4.wail.wisc.edu_vn5.cse.wustl.edu_19202 4	115335.542000	37.287000	0.022000	0.000000	115372.851000	46280	16
planetlab4.wail.wisc.edu_vn5.cse.wustl.edu_19221 4	115395.319000	32.124000	0.022000	0.000000	115427.465000	46288	16
pl1.rcc.uottawa.ca_vn5.cse.wustl.edu_25352 3	37690.064000	77750.086000	0.042000	0.000000	115440.192000	46292	0
planetlab4.wail.wisc.edu_vn5.cse.wustl.edu_19227 4	115405.360000	41.988000	0.024000	0.000000	115447.372000	46290	16
planetlab4.wail.wisc.edu_vn5.cse.wustl.edu_19249 4	115461.449000	56.896000	0.023000	0.000000	115518.368000	46296	16
planetlab4.wail.wisc.edu_vn5.cse.wustl.edu_19251 4	115462.771000	60.290000	0.019000	0.000000	115523.080000	46297	16
pl1.rcc.uottawa.ca_vn5.cse.wustl.edu_25382 3	37767.387000	77764.516000	0.022000	0.000000	115531.925000	46303	0
planetlab4.wail.wisc.edu_vn5.cse.wustl.edu_19257 4	115477.856000	70.712000	0.026000	0.000000	115548.594000	46298	16
planetlab4.wail.wisc.edu_vn5.cse.wustl.edu_19260 4	115481.713000	66.979000	0.020000	0.000000	115548.712000	46300	16
planetlab4.wail.wisc.edu_vn5.cse.wustl.edu_19279 4	115542.986000	69.437000	0.037000	0.000000	115612.460000	46304	16
planetlab4.wail.wisc.edu_vn5.cse.wustl.edu_19283 4	115554.348000	58.534000	0.035000	0.000000	115612.917000	46307	16
planetlab4.wail.wisc.edu_vn5.cse.wustl.edu_19291 4	115580.711000	48.768000	0.031000	0.000000	115629.510000	46309	16
planetlab4.wail.wisc.edu_vn5.cse.wustl.edu_19299 4	115597.300000	51.534000	0.025000	0.000000	115648.859000	46310	16
roam2.cs.ou.edu_vn5.cse.wustl.edu_10145 5	115649.044000	0.026000	0.030000	0.000000	115649.100000	46306	48
planetlab4.wail.wisc.edu_vn5.cse.wustl.edu_19304 4	115617.682000	37.701000	0.031000	0.000000	115655.414000	46311	16
planetlab4.wail.wisc.edu_vn5.cse.wustl.edu_19308 4	115637.896000	25.924000	0.035000	0.000000	115663.855000	46312	16
planetlab4.wail.wisc.edu_vn5.cse.wustl.edu_19322 4	115683.674000	16.954000	0.030000	0.000000	115700.658000	46313	16
planetlab4.wail.wisc.edu_vn5.cse.wustl.edu_19324 4	115693.743000	10.237000	0.029000	0.000000	115704.009000	46314	16
planetlab4.wail.wisc.edu_vn5.cse.wustl.edu_19326 4	115700.227000	4.918000	0.027000	0.000000	115705.172000	46316	16
planetlab4.wail.wisc.edu_vn5.cse.wustl.edu_19338 4	115746.396000	0.339000	0.033000	0.000000	115746.768000	46319	16
planetlab4.wail.wisc.edu_vn5.cse.wustl.edu_19342 4	115771.202000	0.090000	0.032000	0.000000	115771.324000	46320	16
planetlab4.wail.wisc.edu_vn5.cse.wustl.edu_19352 4	115803.327000	0.380000	0.026000	0.000000	115803.733000	46321	16
planetlab4.wail.wisc.edu_vn5.cse.wustl.edu_19354 4	115826.277000	0.116000	0.034000	0.000000	115826.427000	46322	16
planetlab4.wail.wisc.edu_vn5.cse.wustl.edu_19362 4	115861.268000	0.405000	0.036000	0.000000	115861.709000	46324	16
planetlab4.wail.wisc.edu_vn5.cse.wustl.edu_19374 4	115892.533000	0.555000	0.021000	0.000000	115893.109000	46327	16
planetlab4.wail.wisc.edu_vn5.cse.wustl.edu_19380 4	115898.659000	0.504000	0.022000	0.000000	115899.185000	46328	16
planetlab4.wail.wisc.edu_vn5.cse.wustl.edu_19384 4	115903.885000	0.037000	0.030000	0.000000	115903.952000	46329	16
planetlab4.wail.wisc.edu_vn5.cse.wustl.edu_19392 4	115930.907000	5.831000	0.040000	0.000000	115936.778000	46330	16
planetlab4.wail.wisc.edu_vn5.cse.wustl.edu_19400 4	115951.457000	1.068000	0.032000	0.000000	115952.557000	46331	16
planetlab4.wail.wisc.edu_vn5.cse.wustl.edu_19404 4	115962.872000	0.080000	0.035000	0.000000	115962.987000	46332	16
planetlab4.wail.wisc.edu_vn5.cse.wustl.edu_19410 4	116006.312000	0.040000	0.033000	0.000000	116006.385000	46333	16
planetlab4.wail.wisc.edu_vn5.cse.wustl.edu_19416 4	116030.616000	0.353000	0.032000	0.000000	116031.001000	46334	16
planetlab4.wail.wisc.edu_vn5.cse.wustl.edu_19429 4	116125.555000	0.033000	0.034000	0.000000	116125.622000	46338	16
roam2.cs.ou.edu_vn5.cse.wustl.edu_10173 5	116154.648000	0.098000	0.033000	0.000000	116154.779000	46337	48
planetlab4.wail.wisc.edu_vn5.cse.wustl.edu_19439 4	116219.473000	0.029000	0.033000	0.000000	116219.535000	46340	16
pl1.rcc.uottawa.ca_vn5.cse.wustl.edu_25660 3	38465.492000	78125.533000	0.022000	0.000000	116591.047000	46347	0
planetlab4.wail.wisc.edu_vn5.cse.wustl.edu_19500 4	116603.926000	0.030000	0.033000	0.000000	116603.989000	46348	16
planetlab4.wail.wisc.edu_vn5.cse.wustl.edu_19529 4	116760.501000	0.064000	0.034000	0.000000	116760.599000	46349	16
planetlab4.wail.wisc.edu_vn5.cse.wustl.edu_19536 4	116802.375000	0.338000	0.034000	0.000000	116802.747000	46350	16
planetlab4.wail.wisc.edu_vn5.cse.wustl.edu_19595 4	117185.474000	0.172000	0.033000	0.000000	117185.679000	46352	16
planetlab4.wail.wisc.edu_vn5.cse.wustl.edu_19620 4	117354.112000	0.037000	0.041000	0.000000	117354.190000	46354	16
planetlab4.wail.wisc.edu_vn5.cse.wustl.edu_19653 4	117595.501000	0.128000	0.029000	0.000000	117595.658000	46355	16
planetlab4.wail.wisc.edu_vn5.cse.wustl.edu_19722 4	117998.510000	0.291000	0.032000	0.000000	117998.833000	46358	16
planetlab4.wail.wisc.edu_vn5.cse.wustl.edu_19801 4	118414.224000	3.513000	0.189000	0.000000	118417.926000	46362	16
planetlab4.wail.wisc.edu_vn5.cse.wustl.edu_19803 4	118425.888000	4.605000	0.034000	0.000000	118430.527000	46364	16
planetlab4.wail.wisc.edu_vn5.cse.wustl.edu_19847 4	118753.522000	0.032000	0.033000	0.000000	118753.587000	46368	16
pl1.rcc.uottawa.ca_vn5.cse.wustl.edu_26273 3	39997.008000	78803.593000	0.030000	0.000000	118800.631000	46369	0
planetlab4.wail.wisc.edu_vn5.cse.wustl.edu_19920 4	119248.826000	0.119000	0.027000	0.000000	119248.972000	46372	16
planetlab4.wail.wisc.edu_vn5.cse.wustl.edu_19924 4	119296.920000	0.125000	0.023000	0.000000	119297.068000	46373	16
planetlab4.wail.wisc.edu_vn5.cse.wustl.edu_19926 4	119307.650000	1.109000	0.043000	0.000000	119308.802000	46374	16
planetlab4.wail.wisc.edu_vn5.cse.wustl.edu_19940 4	119354.273000	0.279000	0.028000	0.000000	119354.580000	46375	16
planetlab4.wail.wisc.edu_vn5.cse.wustl.edu_19952 4	119393.638000	0.226000	0.035000	0.000000	119393.899000	46376	16
planetlab4.wail.wisc.edu_vn5.cse.wustl.edu_19954 4	119393.325000	0.638000	0.032000	0.000000	119393.995000	46377	16
planetlab4.wail.wisc.edu_vn5.cse.wustl.edu_19971 4	119518.505000	0.040000	0.032000	0.000000	119518.577000	46378	16
planetlab4.wail.wisc.edu_vn5.cse.wustl.edu_19985 4	119582.872000	0.096000	0.034000	0.000000	119583.002000	46380	16
planetlab4.wail.wisc.edu_vn5.cse.wustl.edu_19995 4	119631.622000	0.104000	0.020000	0.000000	119631.746000	46381	16
planetlab4.wail.wisc.edu_vn5.cse.wustl.edu_19999 4	119635.146000	0.022000	0.028000	0.000000	119635.196000	46382	16
planetlab4.wail.wisc.edu_vn5.cse.wustl.edu_20001 4	119654.405000	0.122000	0.020000	0.000000	119654.547000	46383	16
planetlab4.wail.wisc.edu_vn5.cse.wustl.edu_20008 4	119676.606000	0.031000	0.030000	0.000000	119676.667000	46386	16
planetlab4.wail.wisc.edu_vn5.cse.wustl.edu_20047 4	119879.746000	0.213000	0.036000	0.000000	119879.995000	46388	16
planetlab4.wail.wisc.edu_vn5.cse.wustl.edu_20057 4	119919.695000	0.190000	0.057000	0.000000	119919.942000	46344	16
pl1.rcc.uottawa.ca_vn5.cse.wustl.edu_26618 3	41196.864000	78738.158000	0.025000	0.000000	119935.047000	46391	0
planetlab4.wail.wisc.edu_vn5.cse.wustl.edu_20063 4	119956.777000	0.030000	0.057000	0.000000	119956.864000	46392	16
planetlab4.wail.wisc.edu_vn5.cse.wustl.edu_20081 4	120099.939000	0.685000	0.036000	0.000000	120100.660000	46396	16
planetlab4.wail.wisc.edu_vn5.cse.wustl.edu_20091 4	120153.389000	0.253000	0.020000	0.000000	120153.662000	46397	16
planetlab4.wail.wisc.edu_vn5.cse.wustl.edu_20100 4	120176.174000	0.213000	0.024000	0.000000	120176.411000	46398	16
pl1.rcc.uottawa.ca_vn5.cse.wustl.edu_26701 3	41425.236000	78855.075000	0.037000	0.000000	120280.348000	46403	0
planetlab4.wail.wisc.edu_vn5.cse.wustl.edu_20129 4	120311.586000	2.601000	0.052000	0.000000	120314.239000	46407	16
pl1.rcc.uottawa.ca_vn5.cse.wustl.edu_26715 3	41482.045000	78858.886000	0.032000	0.000000	120340.963000	46409	0
pl1.rcc.uottawa.ca_vn5.cse.wustl.edu_26733 3	41514.641000	78916.509000	0.027000	0.000000	120431.177000	46410	0
pl1.rcc.uottawa.ca_vn5.cse.wustl.edu_26737 3	41525.870000	78908.379000	0.021000	0.000000	120434.270000	46411	0
planetlab4.wail.wisc.edu_vn5.cse.wustl.edu_20184 4	120496.992000	0.024000	0.024000	0.000000	120497.040000	46412	16
pl1.rcc.uottawa.ca_vn5.cse.wustl.edu_26775 3	41608.407000	78960.434000	0.025000	0.000000	120568.866000	46415	0
planetlab4.wail.wisc.edu_vn5.cse.wustl.edu_20230 4	120625.278000	1.419000	0.019000	0.000000	120626.716000	46418	16
pl1.rcc.uottawa.ca_vn5.cse.wustl.edu_26808 3	41708.675000	78967.565000	0.027000	0.000000	120676.267000	46420	0
planetlab4.wail.wisc.edu_vn5.cse.wustl.edu_20285 4	120838.869000	0.709000	7.378000	0.000000	120846.956000	46425	16
pl1.rcc.uottawa.ca_vn5.cse.wustl.edu_26872 3	41895.868000	78984.775000	0.023000	0.000000	120880.666000	46427	0
planetlab4.wail.wisc.edu_vn5.cse.wustl.edu_20363 4	121145.161000	0.082000	0.023000	0.000000	121145.266000	46435	16
planetlab4.wail.wisc.edu_vn5.cse.wustl.edu_20371 4	121174.492000	0.266000	0.031000	0.000000	121174.789000	46436	16
planetlab4.wail.wisc.edu_vn5.cse.wustl.edu_20375 4	121174.755000	0.192000	0.024000	0.000000	121174.971000	46438	16
planetlab4.wail.wisc.edu_vn5.cse.wustl.edu_20376 4	121175.390000	0.237000	0.013000	0.000000	121175.640000	46437	16
planetlab4.wail.wisc.edu_vn5.cse.wustl.edu_20388 4	121223.661000	0.347000	0.030000	0.000000	121224.038000	46439	16
roam2.cs.ou.edu_vn5.cse.wustl.edu_10287 5	121236.214000	0.130000	0.036000	0.000000	121236.380000	46434	48
planetlab4.wail.wisc.edu_vn5.cse.wustl.edu_20435 4	121452.215000	0.104000	0.024000	0.000000	121452.343000	46440	16
pl1.rcc.uottawa.ca_vn5.cse.wustl.edu_27064 3	42344.789000	79276.212000	0.028000	0.000000	121621.029000	46443	0
planetlab4.wail.wisc.edu_vn5.cse.wustl.edu_20479 4	121698.381000	0.094000	0.063000	0.000000	121698.538000	46444	16
planetlab4.wail.wisc.edu_vn5.cse.wustl.edu_20491 4	121735.352000	2.263000	0.037000	0.000000	121737.652000	46445	16
planetlab4.wail.wisc.edu_vn5.cse.wustl.edu_20495 4	121744.891000	0.062000	0.034000	0.000000	121744.987000	46446	16
planetlab4.wail.wisc.edu_vn5.cse.wustl.edu_20507 4	121892.934000	0.032000	0.037000	0.000000	121893.003000	46447	16
roam2.cs.ou.edu_vn5.cse.wustl.edu_10299 5	122483.503000	0.090000	0.034000	0.000000	122483.627000	46452	48
planetlab4.wail.wisc.edu_vn5.cse.wustl.edu_20667 4	122649.302000	0.095000	0.035000	0.000000	122649.432000	46455	16
planetlab4.wail.wisc.edu_vn5.cse.wustl.edu_20679 4	122715.836000	0.060000	0.032000	0.000000	122715.928000	46456	16
planetlab4.wail.wisc.edu_vn5.cse.wustl.edu_20740 4	123028.408000	0.114000	0.036000	0.000000	123028.558000	46460	16
pl1.rcc.uottawa.ca_vn5.cse.wustl.edu_27575 3	43832.511000	79579.272000	0.045000	0.000000	123411.828000	46465	0
planetlab4.wail.wisc.edu_vn5.cse.wustl.edu_20879 4	123724.860000	0.086000	0.030000	0.000000	123724.976000	46468	16
planetlab1.cs.uiuc.edu_vn5.cse.wustl.edu_8988 4	72398.143000	66252.815000	0.021000	0.000000	138650.979000	46137	128
planetlab1.cs.uiuc.edu_vn5.cse.wustl.edu_8990 4	72707.140000	67218.800000	0.031000	0.000000	139925.971000	46156	128
planetlab1.cs.uiuc.edu_vn5.cse.wustl.edu_9032 4	76373.676000	64493.388000	0.021000	0.000000	140867.085000	46246	128
planetlab1.cs.uiuc.edu_vn5.cse.wustl.edu_9058 4	77098.920000	65553.028000	0.030000	0.000000	142651.978000	46450	128
planetlab01.sys.virginia.edu_vn5.cse.wustl.edu_4757 5	131525.657000	61758.066000	0.062000	0.000000	193283.785000	45852	144
planetlab01.sys.virginia.edu_vn5.cse.wustl.edu_4830 5	133931.762000	60711.524000	0.041000	0.000000	194643.327000	45929	144
planetlab01.sys.virginia.edu_vn5.cse.wustl.edu_4840 5	134108.612000	60564.064000	0.056000	0.000000	194672.732000	45954	144
planetlab01.sys.virginia.edu_vn5.cse.wustl.edu_4854 5	134475.454000	60618.969000	0.032000	0.000000	195094.455000	45960	144
planetlab01.sys.virginia.edu_vn5.cse.wustl.edu_4864 5	134492.946000	60634.766000	0.042000	0.000000	195127.754000	45963	144
planetlab01.sys.virginia.edu_vn5.cse.wustl.edu_4862 5	134597.657000	60530.595000	0.034000	0.000000	195128.286000	45962	144
planetlab01.sys.virginia.edu_vn5.cse.wustl.edu_4870 5	134937.386000	60551.519000	0.065000	0.000000	195488.970000	45966	144
planetlab01.sys.virginia.edu_vn5.cse.wustl.edu_4890 5	135569.014000	60266.603000	0.065000	0.000000	195835.682000	45978	144
planetlab01.sys.virginia.edu_vn5.cse.wustl.edu_4896 5	135604.305000	60231.352000	0.058000	0.000000	195835.715000	45994	144
planetlab01.sys.virginia.edu_vn5.cse.wustl.edu_4975 5	137651.706000	59647.850000	0.065000	0.000000	197299.621000	46026	144
planetlab01.sys.virginia.edu_vn5.cse.wustl.edu_5009 5	138495.009000	59190.642000	0.057000	0.000000	197685.708000	46070	144
planetlab01.sys.virginia.edu_vn5.cse.wustl.edu_5042 5	140074.896000	58570.125000	0.053000	0.000000	198645.074000	46145	144
planetlab01.sys.virginia.edu_vn5.cse.wustl.edu_5014 5	140318.715000	58837.470000	0.059000	0.000000	199156.244000	46101	144
planetlab01.sys.virginia.edu_vn5.cse.wustl.edu_5117 5	141683.130000	58679.361000	0.061000	0.000000	200362.552000	46273	144
planetlab01.sys.virginia.edu_vn5.cse.wustl.edu_5124 5	141632.447000	58730.540000	0.068000	0.000000	200363.055000	46277	144
planetlab01.sys.virginia.edu_vn5.cse.wustl.edu_5121 5	141707.804000	58679.036000	0.055000	0.000000	200386.895000	46275	144
planetlab01.sys.virginia.edu_vn5.cse.wustl.edu_5125 5	141656.434000	58730.569000	0.026000	0.000000	200387.029000	46281	144
planetlab01.sys.virginia.edu_vn5.cse.wustl.edu_5119 5	141806.324000	58674.704000	0.057000	0.000000	200481.085000	46272	144
planetlab01.sys.virginia.edu_vn5.cse.wustl.edu_5140 5	142080.975000	58508.357000	0.034000	0.000000	200589.366000	46335	144
planetlab01.sys.virginia.edu_vn5.cse.wustl.edu_5143 5	142161.167000	58480.710000	0.074000	0.000000	200641.951000	46341	144
planetlab01.sys.virginia.edu_vn5.cse.wustl.edu_5145 5	142105.093000	58564.881000	0.039000	0.000000	200670.013000	46353	144
planetlab01.sys.virginia.edu_vn5.cse.wustl.edu_5148 5	142159.628000	58510.527000	0.088000	0.000000	200670.243000	46356	144
planetlab01.sys.virginia.edu_vn5.cse.wustl.edu_5149 5	142263.754000	58509.444000	0.034000	0.000000	200773.232000	46357	144
planetlab01.sys.virginia.edu_vn5.cse.wustl.edu_5151 5	142295.233000	58478.020000	0.071000	0.000000	200773.324000	46359	144
planetlab01.sys.virginia.edu_vn5.cse.wustl.edu_5155 5	142311.798000	58461.701000	0.117000	0.000000	200773.616000	46365	144
planetlab01.sys.virginia.edu_vn5.cse.wustl.edu_5160 5	142416.467000	58441.094000	0.066000	0.000000	200857.627000	46389	144
planetlab01.sys.virginia.edu_vn5.cse.wustl.edu_5161 5	142474.203000	58441.118000	0.030000	0.000000	200915.351000	46346	144
planetlab01.sys.virginia.edu_vn5.cse.wustl.edu_5171 5	142591.215000	58349.067000	0.071000	0.000000	200940.353000	46421	144
planetlab01.sys.virginia.edu_vn5.cse.wustl.edu_5183 5	142836.221000	58303.013000	0.075000	0.000000	201139.309000	46441	144
planetlab01.sys.virginia.edu_vn5.cse.wustl.edu_5193 5	143039.929000	58237.030000	0.032000	0.000000	201276.991000	46463	144
planetlab01.sys.virginia.edu_vn5.cse.wustl.edu_5195 5	143125.593000	58234.489000	0.041000	0.000000	201360.123000	46466	144
planetlab01.sys.virginia.edu_vn5.cse.wustl.edu_5112 5	142703.033000	58660.457000	0.061000	0.000000	201363.551000	46209	144
planetlab01.sys.virginia.edu_vn5.cse.wustl.edu_5113 5	142738.199000	58681.785000	0.029000	0.000000	201420.013000	46218	144
planetlab01.sys.virginia.edu_vn5.cse.wustl.edu_5127 5	144564.399000	58771.356000	0.061000	0.000000	203335.816000	46289	144
planetlab01.sys.virginia.edu_vn5.cse.wustl.edu_5129 5	144783.407000	58647.060000	0.055000	0.000000	203430.522000	46305	144
planetlab4.rutgers.edu_vn5.cse.wustl.edu_9126 2	219907.233000	0.122000	0.026000	0.000000	219907.381000	45850	1024
planetlab4.rutgers.edu_vn5.cse.wustl.edu_9140 2	219984.683000	0.388000	0.021000	0.000000	219985.092000	45866	1024
planetlab4.rutgers.edu_vn5.cse.wustl.edu_9144 2	220001.929000	0.080000	0.017000	0.000000	220002.026000	45874	1024
planetlab4.rutgers.edu_vn5.cse.wustl.edu_9148 2	220012.729000	0.023000	0.022000	0.000000	220012.774000	45880	1024
planetlab1.mnlab.cti.depaul.edu_vn5.cse.wustl.edu_1220 1	676.529000	219351.230000	0.012000	0.000000	220027.771000	45909	1088
planetlab4.rutgers.edu_vn5.cse.wustl.edu_9154 2	220033.495000	0.440000	0.018000	0.000000	220033.953000	45882	1024
planetlab4.rutgers.edu_vn5.cse.wustl.edu_9156 2	220041.391000	0.027000	0.020000	0.000000	220041.438000	45883	1024
planetlab4.rutgers.edu_vn5.cse.wustl.edu_9158 2	220049.011000	0.076000	0.020000	0.000000	220049.107000	45886	1024
planetlab4.rutgers.edu_vn5.cse.wustl.edu_9169 2	220091.669000	0.023000	0.025000	0.000000	220091.717000	45898	1024
planetlab4.rutgers.edu_vn5.cse.wustl.edu_9171 2	220099.049000	0.123000	0.030000	0.000000	220099.202000	45906	1024
planetlab4.rutgers.edu_vn5.cse.wustl.edu_9177 2	220128.432000	0.036000	0.019000	0.000000	220128.487000	45912	1024
planetlab4.rutgers.edu_vn5.cse.wustl.edu_9179 2	220130.139000	0.094000	0.029000	0.000000	220130.262000	45914	1024
planetlab4.rutgers.edu_vn5.cse.wustl.edu_9181 2	220138.992000	0.038000	0.028000	0.000000	220139.058000	45915	1024
planetlab4.rutgers.edu_vn5.cse.wustl.edu_9183 2	220143.526000	0.049000	0.037000	0.000000	220143.612000	45918	1024
planetlab4.rutgers.edu_vn5.cse.wustl.edu_9191 2	220165.897000	0.080000	0.017000	0.000000	220165.994000	45922	1024
planetlab4.rutgers.edu_vn5.cse.wustl.edu_9198 2	220188.911000	0.026000	0.023000	0.000000	220188.960000	45928	1024
planetlab4.rutgers.edu_vn5.cse.wustl.edu_9200 2	220195.553000	0.066000	0.019000	0.000000	220195.638000	45930	1024
planetlab4.rutgers.edu_vn5.cse.wustl.edu_9202 2	220202.125000	0.060000	0.026000	0.000000	220202.211000	45931	1024
planetlab2.mnlab.cti.depaul.edu_vn5.cse.wustl.edu_3329 3	220214.171000	0.028000	0.029000	0.000000	220214.228000	45860	1152
planetlab4.rutgers.edu_vn5.cse.wustl.edu_9205 2	220215.844000	0.601000	0.025000	0.000000	220216.470000	45934	1024
planetlab4.rutgers.edu_vn5.cse.wustl.edu_9209 2	220228.955000	0.024000	0.023000	0.000000	220229.002000	45936	1024
planetlab4.rutgers.edu_vn5.cse.wustl.edu_9213 2	220253.068000	0.145000	0.024000	0.000000	220253.237000	45938	1024
planetlab4.rutgers.edu_vn5.cse.wustl.edu_9215 2	220258.884000	0.042000	0.020000	0.000000	220258.946000	45939	1024
planetlab4.rutgers.edu_vn5.cse.wustl.edu_9217 2	220270.290000	0.476000	0.021000	0.000000	220270.787000	45942	1024
planetlab4.rutgers.edu_vn5.cse.wustl.edu_9219 2	220274.310000	0.174000	0.036000	0.000000	220274.520000	45944	1024
planetlab4.rutgers.edu_vn5.cse.wustl.edu_9221 2	220280.439000	0.076000	0.025000	0.000000	220280.540000	45945	1024
planetlab4.rutgers.edu_vn5.cse.wustl.edu_9223 2	220286.663000	0.018000	0.016000	0.000000	220286.697000	45946	1024
planetlab4.rutgers.edu_vn5.cse.wustl.edu_9225 2	220297.911000	0.148000	0.029000	0.000000	220298.088000	45947	1024
planetlab4.rutgers.edu_vn5.cse.wustl.edu_9227 2	220304.128000	0.108000	0.016000	0.000000	220304.252000	45948	1024
planetlab4.rutgers.edu_vn5.cse.wustl.edu_9229 2	220308.938000	0.699000	0.026000	0.000000	220309.663000	45950	1024
planetlab4.rutgers.edu_vn5.cse.wustl.edu_9231 2	220315.140000	0.026000	0.020000	0.000000	220315.186000	45951	1024
planetlab4.rutgers.edu_vn5.cse.wustl.edu_9235 2	220344.361000	0.054000	0.020000	0.000000	220344.435000	45968	1024
planetlab4.rutgers.edu_vn5.cse.wustl.edu_9241 2	220393.643000	0.025000	0.024000	0.000000	220393.692000	46010	1024
