planetlab1.eecs.umich.edu_planetlab-3.cmcl.cs.cmu.edu_177 3	325.460000	7.625000	0.037000	0.000000	333.122000	50259	2304
nodeb.howard.edu_planetlab-3.cmcl.cs.cmu.edu_180 2	449.276000	0.071000	0.017000	0.000000	449.364000	50300	2368
planetlab1.williams.edu_planetlab-3.cmcl.cs.cmu.edu_440 3	530.960000	4.713000	0.016000	0.000000	535.689000	50311	2176
planetlab2.dtc.umn.edu_planetlab-3.cmcl.cs.cmu.edu_196 3	663.864000	0.071000	0.021000	0.000000	663.956000	50324	3072
planetlab2.dtc.umn.edu_planetlab-3.cmcl.cs.cmu.edu_331 3	2330.916000	0.157000	0.027000	0.000000	2331.100000	50690	3072
planetlab-2.cmcl.cs.cmu.edu_planetlab-3.cmcl.cs.cmu.edu_1184 2	4963.769000	0.075000	0.061000	0.000000	4963.905000	50529	560
planetlab4.rutgers.edu_planetlab-3.cmcl.cs.cmu.edu_2634 2	4782.914000	342.841000	0.018000	0.000000	5125.773000	50241	1024
planetlab4.rutgers.edu_planetlab-3.cmcl.cs.cmu.edu_2635 2	4780.625000	353.129000	0.021000	0.000000	5133.775000	50244	1024
planetlab4.rutgers.edu_planetlab-3.cmcl.cs.cmu.edu_2638 2	4781.924000	354.393000	0.017000	0.000000	5136.334000	50245	1024
planetlab4.rutgers.edu_planetlab-3.cmcl.cs.cmu.edu_2645 2	4784.146000	361.017000	0.019000	0.000000	5145.182000	50247	1024
planetlab4.rutgers.edu_planetlab-3.cmcl.cs.cmu.edu_2665 2	4799.233000	401.770000	0.028000	0.000000	5201.031000	50248	1024
planetlab2.williams.edu_planetlab-3.cmcl.cs.cmu.edu_1010 2	5203.959000	0.038000	0.018000	0.000000	5204.015000	50417	1312
planetlab4.rutgers.edu_planetlab-3.cmcl.cs.cmu.edu_2677 2	4811.693000	411.016000	0.022000	0.000000	5222.731000	50249	1024
planetlab4.rutgers.edu_planetlab-3.cmcl.cs.cmu.edu_2687 2	4817.133000	425.828000	0.019000	0.000000	5242.980000	50251	1024
planetlab2.acis.ufl.edu_planetlab-3.cmcl.cs.cmu.edu_1463 1	1288.087000	3974.207000	0.023000	0.000000	5262.317000	50475	1056
planetlab4.rutgers.edu_planetlab-3.cmcl.cs.cmu.edu_2709 2	4834.076000	463.096000	0.016000	0.000000	5297.188000	50252	1024
planetlab4.rutgers.edu_planetlab-3.cmcl.cs.cmu.edu_2708 2	4836.489000	461.075000	0.017000	0.000000	5297.581000	50253	1024
planetlab4.rutgers.edu_planetlab-3.cmcl.cs.cmu.edu_2716 2	4848.164000	464.111000	0.026000	0.000000	5312.301000	50254	1024
planetlab4.rutgers.edu_planetlab-3.cmcl.cs.cmu.edu_2719 2	4849.407000	476.432000	0.018000	0.000000	5325.857000	50255	1024
planetlab4.rutgers.edu_planetlab-3.cmcl.cs.cmu.edu_2728 2	4852.694000	489.088000	0.014000	0.000000	5341.796000	50261	1024
planetlab4.rutgers.edu_planetlab-3.cmcl.cs.cmu.edu_2731 2	4853.790000	492.685000	0.016000	0.000000	5346.491000	50265	1024
righthand.eecs.harvard.edu_planetlab-3.cmcl.cs.cmu.edu_1336 2	5345.044000	0.176000	0.024000	0.000000	5345.244000	50763	2240
planetlab4.rutgers.edu_planetlab-3.cmcl.cs.cmu.edu_2752 2	4868.946000	563.643000	0.024000	0.000000	5432.613000	50268	1024
planetlab4.rutgers.edu_planetlab-3.cmcl.cs.cmu.edu_2762 2	4882.589000	592.067000	0.029000	0.000000	5474.685000	50269	1024
planetlab4.rutgers.edu_planetlab-3.cmcl.cs.cmu.edu_2766 2	4884.607000	599.085000	0.020000	0.000000	5483.712000	50271	1024
planetlab4.rutgers.edu_planetlab-3.cmcl.cs.cmu.edu_2772 2	4888.512000	599.812000	0.031000	0.000000	5488.355000	50277	1024
planetlab4.rutgers.edu_planetlab-3.cmcl.cs.cmu.edu_2777 2	4925.952000	595.786000	0.016000	0.000000	5521.754000	50281	1024
planetlab4.rutgers.edu_planetlab-3.cmcl.cs.cmu.edu_2784 2	5059.468000	596.139000	0.035000	0.000000	5655.642000	50284	1024
planetlab4.rutgers.edu_planetlab-3.cmcl.cs.cmu.edu_2787 2	5063.878000	595.582000	0.023000	0.000000	5659.483000	50285	1024
planetlab4.rutgers.edu_planetlab-3.cmcl.cs.cmu.edu_2789 2	5063.803000	604.366000	0.022000	0.000000	5668.191000	50287	1024
planetlab4.rutgers.edu_planetlab-3.cmcl.cs.cmu.edu_2806 2	4959.340000	726.375000	0.019000	0.000000	5685.734000	50301	1024
planetlab4.rutgers.edu_planetlab-3.cmcl.cs.cmu.edu_2840 2	4985.989000	772.589000	0.022000	0.000000	5758.600000	50317	1024
planetlab4.rutgers.edu_planetlab-3.cmcl.cs.cmu.edu_2865 2	5008.690000	815.242000	0.019000	0.000000	5823.951000	50343	1024
planetlab2.acis.ufl.edu_planetlab-3.cmcl.cs.cmu.edu_1570 1	2461.090000	3389.409000	0.028000	0.000000	5850.527000	50731	1056
planetlab4.rutgers.edu_planetlab-3.cmcl.cs.cmu.edu_2894 2	5054.095000	853.928000	0.018000	0.000000	5908.041000	50373	1024
planetlab1.cs.cornell.edu_planetlab-3.cmcl.cs.cmu.edu_1638 3	5402.185000	510.230000	0.047000	0.000000	5912.462000	50583	1280
planetlab4.rutgers.edu_planetlab-3.cmcl.cs.cmu.edu_2900 2	5058.663000	862.558000	0.018000	0.000000	5921.239000	50377	1024
planetlab4.rutgers.edu_planetlab-3.cmcl.cs.cmu.edu_2907 2	5065.363000	872.060000	0.020000	0.000000	5937.443000	50380	1024
planetlab4.rutgers.edu_planetlab-3.cmcl.cs.cmu.edu_2918 2	5077.075000	887.635000	0.019000	0.000000	5964.729000	50381	1024
planetlab4.rutgers.edu_planetlab-3.cmcl.cs.cmu.edu_2920 2	5080.771000	888.088000	0.031000	0.000000	5968.890000	50383	1024
planetlab4.rutgers.edu_planetlab-3.cmcl.cs.cmu.edu_2936 2	5096.372000	905.312000	0.030000	0.000000	6001.714000	50386	1024
planetlab1.cs.cornell.edu_planetlab-3.cmcl.cs.cmu.edu_1699 3	5860.294000	179.000000	0.050000	0.000000	6039.344000	50724	1280
planetlab4.rutgers.edu_planetlab-3.cmcl.cs.cmu.edu_2957 2	5124.330000	927.670000	0.030000	0.000000	6052.030000	50397	1024
planetlab4.rutgers.edu_planetlab-3.cmcl.cs.cmu.edu_2984 2	5169.326000	936.515000	0.033000	0.000000	6105.874000	50413	1024
planetlab4.rutgers.edu_planetlab-3.cmcl.cs.cmu.edu_2996 2	5200.080000	930.164000	0.032000	0.000000	6130.276000	50430	1024
planetlab4.rutgers.edu_planetlab-3.cmcl.cs.cmu.edu_2999 2	5201.730000	943.503000	0.024000	0.000000	6145.257000	50438	1024
planetlab4.rutgers.edu_planetlab-3.cmcl.cs.cmu.edu_3001 2	5205.864000	939.342000	0.025000	0.000000	6145.231000	50445	1024
planetlab7.flux.utah.edu_planetlab-3.cmcl.cs.cmu.edu_1024 1	1188.104000	4999.207000	0.029000	0.000000	6187.340000	50458	1536
planetlab2.cs.umass.edu_planetlab-3.cmcl.cs.cmu.edu_1147 4	6177.929000	0.575000	0.033000	0.000000	6178.537000	50810	1408
planetlab2.acis.ufl.edu_planetlab-3.cmcl.cs.cmu.edu_1650 1	2947.219000	3264.096000	0.022000	0.000000	6211.337000	50840	1056
planetlab4.rutgers.edu_planetlab-3.cmcl.cs.cmu.edu_3040 2	5271.665000	958.733000	0.017000	0.000000	6230.415000	50501	1024
planetlab4.rutgers.edu_planetlab-3.cmcl.cs.cmu.edu_3045 2	5273.628000	956.854000	0.021000	0.000000	6230.503000	50505	1024
planetlab1.cs.cornell.edu_planetlab-3.cmcl.cs.cmu.edu_1727 3	6229.911000	0.076000	0.045000	0.000000	6230.032000	50839	1280
planetlab4.rutgers.edu_planetlab-3.cmcl.cs.cmu.edu_3059 2	5295.137000	953.324000	0.023000	0.000000	6248.484000	50508	1024
planetlab4.rutgers.edu_planetlab-3.cmcl.cs.cmu.edu_3060 2	5295.191000	962.720000	0.016000	0.000000	6257.927000	50509	1024
planetlab4.rutgers.edu_planetlab-3.cmcl.cs.cmu.edu_3063 2	5301.598000	962.835000	0.035000	0.000000	6264.468000	50511	1024
planetlab4.rutgers.edu_planetlab-3.cmcl.cs.cmu.edu_3069 2	5306.382000	968.880000	0.028000	0.000000	6275.290000	50525	1024
planetlab4.rutgers.edu_planetlab-3.cmcl.cs.cmu.edu_3085 2	5329.258000	984.454000	0.018000	0.000000	6313.730000	50541	1024
planetlab4.rutgers.edu_planetlab-3.cmcl.cs.cmu.edu_3087 2	5333.370000	989.540000	0.018000	0.000000	6322.928000	50547	1024
planetlab4.rutgers.edu_planetlab-3.cmcl.cs.cmu.edu_3091 2	5341.111000	987.840000	0.017000	0.000000	6328.968000	50558	1024
planetlab4.rutgers.edu_planetlab-3.cmcl.cs.cmu.edu_3112 2	5374.386000	1011.793000	0.023000	0.000000	6386.202000	50585	1024
planetlab-1.cse.ohio-state.edu_planetlab-3.cmcl.cs.cmu.edu_304 5	1338.340000	5332.281000	0.029000	0.000000	6670.650000	50398	2560
planetlab4.rutgers.edu_planetlab-3.cmcl.cs.cmu.edu_3148 2	5665.530000	1052.511000	0.032000	0.000000	6718.073000	50622	1024
planetlab4.rutgers.edu_planetlab-3.cmcl.cs.cmu.edu_3159 2	5673.766000	1065.019000	0.030000	0.000000	6738.815000	50637	1024
planetlab4.rutgers.edu_planetlab-3.cmcl.cs.cmu.edu_3181 2	5524.222000	1270.495000	0.017000	0.000000	6794.734000	50654	1024
planetlab7.flux.utah.edu_planetlab-3.cmcl.cs.cmu.edu_1108 1	3055.291000	3762.621000	0.020000	0.000000	6817.932000	50866	1536
planetlab4.rutgers.edu_planetlab-3.cmcl.cs.cmu.edu_3190 2	5649.713000	1216.713000	0.029000	0.000000	6866.455000	50670	1024
planetlab4.rutgers.edu_planetlab-3.cmcl.cs.cmu.edu_3204 2	5688.988000	1218.014000	0.021000	0.000000	6907.023000	50678	1024
planetlab4.rutgers.edu_planetlab-3.cmcl.cs.cmu.edu_3205 2	5688.742000	1219.063000	0.014000	0.000000	6907.819000	50682	1024
planetlab4.rutgers.edu_planetlab-3.cmcl.cs.cmu.edu_3208 2	5695.916000	1222.927000	0.030000	0.000000	6918.873000	50684	1024
planetlab4.rutgers.edu_planetlab-3.cmcl.cs.cmu.edu_3212 2	5697.178000	1224.656000	0.027000	0.000000	6921.861000	50686	1024
planetlab4.rutgers.edu_planetlab-3.cmcl.cs.cmu.edu_3213 2	5697.757000	1225.539000	0.013000	0.000000	6923.309000	50687	1024
planetlab4.rutgers.edu_planetlab-3.cmcl.cs.cmu.edu_3238 2	5766.896000	1236.911000	0.034000	0.000000	7003.841000	50701	1024
node1.planetlab.albany.edu_planetlab-3.cmcl.cs.cmu.edu_4770 2	3468.477000	3579.766000	0.029000	0.000000	7048.272000	50309	32
planetlab4.rutgers.edu_planetlab-3.cmcl.cs.cmu.edu_3267 2	5851.822000	1235.973000	0.028000	0.000000	7087.823000	50737	1024
planetlab4.rutgers.edu_planetlab-3.cmcl.cs.cmu.edu_3293 2	5883.943000	1295.888000	0.020000	0.000000	7179.851000	50757	1024
planetlab4.rutgers.edu_planetlab-3.cmcl.cs.cmu.edu_3296 2	5888.173000	1307.271000	0.028000	0.000000	7195.472000	50761	1024
planetlab4.rutgers.edu_planetlab-3.cmcl.cs.cmu.edu_3302 2	5896.494000	1314.397000	0.036000	0.000000	7210.927000	50764	1024
planetlab4.rutgers.edu_planetlab-3.cmcl.cs.cmu.edu_3308 2	5905.008000	1335.911000	0.022000	0.000000	7240.941000	50765	1024
planetlab4.rutgers.edu_planetlab-3.cmcl.cs.cmu.edu_3320 2	5920.061000	1335.089000	0.027000	0.000000	7255.177000	50767	1024
planetlab4.rutgers.edu_planetlab-3.cmcl.cs.cmu.edu_3337 2	5941.878000	1365.015000	0.038000	0.000000	7306.931000	50781	1024
planetlab2.eecs.umich.edu_planetlab-3.cmcl.cs.cmu.edu_2043 4	2878.368000	4452.851000	0.067000	0.000000	7331.286000	50246	2048
planetlab4.rutgers.edu_planetlab-3.cmcl.cs.cmu.edu_3364 2	5976.154000	1390.149000	0.017000	0.000000	7366.320000	50797	1024
planetlab4.rutgers.edu_planetlab-3.cmcl.cs.cmu.edu_3485 2	6302.102000	1421.674000	0.020000	0.000000	7723.796000	50862	1024
node1.planetlab.albany.edu_planetlab-3.cmcl.cs.cmu.edu_5211 2	4193.230000	3814.277000	0.023000	0.000000	8007.530000	50437	32
planetlab1.cs.unc.edu_planetlab-3.cmcl.cs.cmu.edu_1931 3	8033.298000	0.146000	0.031000	0.000000	8033.475000	50267	528
planetlab1.cs.unc.edu_planetlab-3.cmcl.cs.cmu.edu_1934 3	8061.175000	0.169000	0.031000	0.000000	8061.375000	50276	528
planetlab2.dtc.umn.edu_planetlab-3.cmcl.cs.cmu.edu_1007 3	5328.278000	2728.092000	0.019000	0.000000	8056.389000	50807	3072
planetlab1.cs.unc.edu_planetlab-3.cmcl.cs.cmu.edu_1936 3	8085.000000	0.605000	0.042000	0.000000	8085.647000	50283	528
planetlab1.cs.unc.edu_planetlab-3.cmcl.cs.cmu.edu_1948 3	8182.316000	1.550000	0.033000	0.000000	8183.899000	50291	528
planetlab1.cs.unc.edu_planetlab-3.cmcl.cs.cmu.edu_1950 3	8213.121000	0.042000	0.041000	0.000000	8213.204000	50297	528
planetlab1.cs.unc.edu_planetlab-3.cmcl.cs.cmu.edu_1952 3	8223.070000	0.238000	0.030000	0.000000	8223.338000	50298	528
planetlab1.cs.unc.edu_planetlab-3.cmcl.cs.cmu.edu_1954 3	8226.825000	0.146000	0.024000	0.000000	8226.995000	50299	528
planetlab1.cs.unc.edu_planetlab-3.cmcl.cs.cmu.edu_1956 3	8233.186000	0.041000	0.030000	0.000000	8233.257000	50303	528
planetlab1.cs.unc.edu_planetlab-3.cmcl.cs.cmu.edu_1958 3	8236.908000	0.094000	0.029000	0.000000	8237.031000	50305	528
planetlab2.eecs.umich.edu_planetlab-3.cmcl.cs.cmu.edu_2239 4	3763.165000	4513.766000	0.074000	0.000000	8277.005000	50273	2048
planetlab2.eecs.umich.edu_planetlab-3.cmcl.cs.cmu.edu_2266 4	3996.657000	4405.169000	0.076000	0.000000	8401.902000	50282	2048
planetlab1.cs.unc.edu_planetlab-3.cmcl.cs.cmu.edu_1969 3	8487.206000	0.037000	0.034000	0.000000	8487.277000	50320	528
planetlab1.cs.unc.edu_planetlab-3.cmcl.cs.cmu.edu_1971 3	8499.403000	0.141000	0.030000	0.000000	8499.574000	50321	528
planetlab1.cs.unc.edu_planetlab-3.cmcl.cs.cmu.edu_1973 3	8517.184000	0.040000	0.034000	0.000000	8517.258000	50323	528
planetlab1.cs.unc.edu_planetlab-3.cmcl.cs.cmu.edu_1975 3	8535.278000	0.149000	0.030000	0.000000	8535.457000	50325	528
planetlab1.cs.unc.edu_planetlab-3.cmcl.cs.cmu.edu_1977 3	8551.641000	0.039000	0.030000	0.000000	8551.710000	50329	528
planetlab1.cs.unc.edu_planetlab-3.cmcl.cs.cmu.edu_2004 3	8837.480000	0.053000	0.021000	0.000000	8837.554000	50340	528
planetlab1.cs.unc.edu_planetlab-3.cmcl.cs.cmu.edu_2006 3	8841.807000	0.392000	0.019000	0.000000	8842.218000	50351	528
planetlab1.cs.unc.edu_planetlab-3.cmcl.cs.cmu.edu_2008 3	8846.963000	0.046000	0.021000	0.000000	8847.030000	50353	528
node1.planetlab.albany.edu_planetlab-3.cmcl.cs.cmu.edu_5640 2	5141.468000	3908.592000	0.020000	0.000000	9050.080000	50561	32
planetlab1.cs.unc.edu_planetlab-3.cmcl.cs.cmu.edu_2027 3	9077.013000	0.471000	0.035000	0.000000	9077.519000	50372	528
node1.planetlab.albany.edu_planetlab-3.cmcl.cs.cmu.edu_5665 2	5203.200000	3911.342000	0.028000	0.000000	9114.570000	50564	32
node1.planetlab.albany.edu_planetlab-3.cmcl.cs.cmu.edu_5668 2	5205.856000	3908.803000	0.024000	0.000000	9114.683000	50565	32
node1.planetlab.albany.edu_planetlab-3.cmcl.cs.cmu.edu_5680 2	5221.390000	3908.610000	0.018000	0.000000	9130.018000	50567	32
planetlab1.cs.unc.edu_planetlab-3.cmcl.cs.cmu.edu_2031 3	9159.826000	0.228000	0.027000	0.000000	9160.081000	50385	528
node1.planetlab.albany.edu_planetlab-3.cmcl.cs.cmu.edu_5707 2	5274.539000	3912.040000	0.023000	0.000000	9186.602000	50573	32
node1.planetlab.albany.edu_planetlab-3.cmcl.cs.cmu.edu_5722 2	5301.589000	3912.560000	0.022000	0.000000	9214.171000	50581	32
planetlab1.cs.unc.edu_planetlab-3.cmcl.cs.cmu.edu_2042 3	9306.047000	0.263000	0.026000	0.000000	9306.336000	50400	528
node1.planetlab.albany.edu_planetlab-3.cmcl.cs.cmu.edu_5757 2	5412.771000	3897.517000	0.120000	0.000000	9310.408000	50597	32
planetlab1.cs.unc.edu_planetlab-3.cmcl.cs.cmu.edu_2046 3	9367.613000	0.081000	0.031000	0.000000	9367.725000	50404	528
planetlab1.cs.unc.edu_planetlab-3.cmcl.cs.cmu.edu_2048 3	9386.997000	1.552000	0.031000	0.000000	9388.580000	50405	528
planetlab1.cs.unc.edu_planetlab-3.cmcl.cs.cmu.edu_2051 3	9418.832000	0.060000	0.030000	0.000000	9418.922000	50406	528
planetlab1.cs.unc.edu_planetlab-3.cmcl.cs.cmu.edu_2059 3	9513.398000	1.427000	0.032000	0.000000	9514.857000	50412	528
node1.planetlab.albany.edu_planetlab-3.cmcl.cs.cmu.edu_5928 2	5810.055000	3919.266000	0.051000	0.000000	9729.372000	50629	32
planetlab1.cs.unc.edu_planetlab-3.cmcl.cs.cmu.edu_2075 3	9749.410000	0.067000	0.032000	0.000000	9749.509000	50420	528
planetlab1.cs.unc.edu_planetlab-3.cmcl.cs.cmu.edu_2088 3	9834.175000	0.147000	0.061000	0.000000	9834.383000	50427	528
kupl2.ittc.ku.edu_planetlab-3.cmcl.cs.cmu.edu_223 4	1215.804000	9148.469000	0.035000	0.000000	10364.308000	50436	2816
planetlab1.rutgers.edu_planetlab-3.cmcl.cs.cmu.edu_3390 2	4334.253000	6093.028000	0.037000	0.000000	10427.318000	50466	512
planetlab1.williams.edu_planetlab-3.cmcl.cs.cmu.edu_1409 3	2843.382000	7726.319000	0.016000	0.000000	10569.717000	50418	2176
planetlab1.cs.unc.edu_planetlab-3.cmcl.cs.cmu.edu_2187 3	10568.227000	1.539000	0.031000	0.000000	10569.797000	50479	528
planetlab-6.ece.iastate.edu_planetlab-3.cmcl.cs.cmu.edu_801 4	10779.379000	0.065000	0.022000	0.000000	10779.466000	50363	3136
planetlab2.eecs.umich.edu_planetlab-3.cmcl.cs.cmu.edu_2740 4	6532.379000	4467.659000	0.030000	0.000000	11000.068000	50337	2048
planetlab1.rutgers.edu_planetlab-3.cmcl.cs.cmu.edu_3652 2	4930.838000	6518.502000	0.045000	0.000000	11449.385000	50519	512
planetlab2.eecs.umich.edu_planetlab-3.cmcl.cs.cmu.edu_2840 4	6905.400000	4607.353000	0.072000	0.000000	11512.825000	50348	2048
planetlab1.cs.unc.edu_planetlab-3.cmcl.cs.cmu.edu_2355 3	11850.849000	0.121000	0.033000	0.000000	11851.003000	50555	528
planetlab1.cs.unc.edu_planetlab-3.cmcl.cs.cmu.edu_2432 3	12302.628000	0.220000	0.033000	0.000000	12302.881000	50575	528
planetlab1.cs.unc.edu_planetlab-3.cmcl.cs.cmu.edu_2440 3	12348.181000	0.294000	0.109000	0.000000	12348.584000	50577	528
planetlab2.mnlab.cti.depaul.edu_planetlab-3.cmcl.cs.cmu.edu_1890 3	6064.544000	6323.724000	0.015000	0.000000	12388.283000	50336	1152
planetlab2.mnlab.cti.depaul.edu_planetlab-3.cmcl.cs.cmu.edu_1904 3	6375.988000	6183.918000	0.015000	0.000000	12559.921000	50464	1152
planetlab1.cs.unc.edu_planetlab-3.cmcl.cs.cmu.edu_2483 3	12567.587000	0.047000	0.021000	0.000000	12567.655000	50599	528
planetlab2.mnlab.cti.depaul.edu_planetlab-3.cmcl.cs.cmu.edu_1909 3	6544.712000	6070.489000	0.015000	0.000000	12615.216000	50560	1152
planetlab2.mnlab.cti.depaul.edu_planetlab-3.cmcl.cs.cmu.edu_1912 3	6583.292000	6054.735000	0.012000	0.000000	12638.039000	50592	1152
planetlab2.mnlab.cti.depaul.edu_planetlab-3.cmcl.cs.cmu.edu_1913 3	6585.361000	6058.389000	0.013000	0.000000	12643.763000	50593	1152
planetlab2.mnlab.cti.depaul.edu_planetlab-3.cmcl.cs.cmu.edu_1914 3	6589.868000	6054.528000	0.012000	0.000000	12644.408000	50594	1152
planetlab2.mnlab.cti.depaul.edu_planetlab-3.cmcl.cs.cmu.edu_1915 3	6617.649000	6044.208000	0.014000	0.000000	12661.871000	50596	1152
planetlab2.mnlab.cti.depaul.edu_planetlab-3.cmcl.cs.cmu.edu_1918 3	6617.592000	6072.920000	0.013000	0.000000	12690.525000	50600	1152
planetlab2.mnlab.cti.depaul.edu_planetlab-3.cmcl.cs.cmu.edu_1920 3	6635.194000	6079.015000	0.013000	0.000000	12714.222000	50608	1152
planetlab1.cs.unc.edu_planetlab-3.cmcl.cs.cmu.edu_2508 3	12823.130000	0.420000	0.031000	0.000000	12823.581000	50603	528
planetlab2.mnlab.cti.depaul.edu_planetlab-3.cmcl.cs.cmu.edu_1924 3	6650.145000	6172.904000	0.013000	0.000000	12823.062000	50656	1152
planetlab1.cs.unc.edu_planetlab-3.cmcl.cs.cmu.edu_2519 3	12873.818000	0.030000	0.022000	0.000000	12873.870000	50605	528
planetlab1.cs.unc.edu_planetlab-3.cmcl.cs.cmu.edu_2521 3	12878.703000	0.649000	0.027000	0.000000	12879.379000	50606	528
planetlab1.cs.unc.edu_planetlab-3.cmcl.cs.cmu.edu_2523 3	12884.224000	0.084000	0.020000	0.000000	12884.328000	50607	528
planetlab1.cs.unc.edu_planetlab-3.cmcl.cs.cmu.edu_2555 3	13138.753000	0.077000	0.027000	0.000000	13138.857000	50623	528
planetlab1.rutgers.edu_planetlab-3.cmcl.cs.cmu.edu_4063 2	5852.785000	7437.844000	0.057000	0.000000	13290.686000	50632	512
planetlab2.cs.pitt.edu_planetlab-3.cmcl.cs.cmu.edu_1826 4	13355.660000	0.047000	0.020000	0.000000	13355.727000	50668	304
planetlab1.eecs.umich.edu_planetlab-3.cmcl.cs.cmu.edu_1211 3	7150.280000	6246.059000	0.074000	0.000000	13396.413000	50735	2304
planetlab1.eecs.umich.edu_planetlab-3.cmcl.cs.cmu.edu_1217 3	7161.347000	6248.605000	0.371000	0.000000	13410.323000	50864	2304
planetlab1.cs.unc.edu_planetlab-3.cmcl.cs.cmu.edu_2651 3	13874.652000	0.176000	0.023000	0.000000	13874.851000	50660	528
planetlab-2.cs.uh.edu_planetlab-3.cmcl.cs.cmu.edu_1224 4	14021.534000	0.407000	0.033000	0.000000	14021.974000	50653	784
planetlab1.cs.unc.edu_planetlab-3.cmcl.cs.cmu.edu_2693 3	14156.285000	0.158000	0.029000	0.000000	14156.472000	50671	528
planetlab-2.cs.uh.edu_planetlab-3.cmcl.cs.cmu.edu_1256 4	14182.849000	0.357000	0.033000	0.000000	14183.239000	50805	784
planetlab1.cs.unc.edu_planetlab-3.cmcl.cs.cmu.edu_2737 3	14402.353000	0.257000	0.039000	0.000000	14402.649000	50691	528
planetlab1.cs.unc.edu_planetlab-3.cmcl.cs.cmu.edu_2758 3	14523.371000	0.105000	0.033000	0.000000	14523.509000	50693	528
planetlab1.cs.unc.edu_planetlab-3.cmcl.cs.cmu.edu_2762 3	14536.688000	0.134000	0.031000	0.000000	14536.853000	50695	528
planetlab1.cs.unc.edu_planetlab-3.cmcl.cs.cmu.edu_2764 3	14542.745000	0.362000	0.025000	0.000000	14543.132000	50694	528
planetlab1.cs.unc.edu_planetlab-3.cmcl.cs.cmu.edu_2768 3	14542.631000	0.444000	0.013000	0.000000	14543.088000	50703	528
planetlab1.cs.unc.edu_planetlab-3.cmcl.cs.cmu.edu_2771 3	14554.100000	1.090000	0.026000	0.000000	14555.216000	50711	528
planetlab6.cs.duke.edu_planetlab-3.cmcl.cs.cmu.edu_3963 3	11045.016000	3542.736000	0.042000	0.000000	14587.794000	50783	288
planetlab1.cs.unc.edu_planetlab-3.cmcl.cs.cmu.edu_2793 3	14836.821000	0.174000	0.029000	0.000000	14837.024000	50727	528
planetlab1.cs.unc.edu_planetlab-3.cmcl.cs.cmu.edu_2838 3	15129.302000	0.213000	0.029000	0.000000	15129.544000	50759	528
planetlab1.cs.unc.edu_planetlab-3.cmcl.cs.cmu.edu_2862 3	15535.575000	0.044000	0.034000	0.000000	15535.653000	50811	528
planetlab1.cs.unc.edu_planetlab-3.cmcl.cs.cmu.edu_2866 3	15621.465000	0.239000	0.041000	0.000000	15621.745000	50823	528
planetlab1.cs.unc.edu_planetlab-3.cmcl.cs.cmu.edu_2870 3	15802.188000	0.709000	0.022000	0.000000	15802.919000	50833	528
roam2.cs.ou.edu_planetlab-3.cmcl.cs.cmu.edu_3555 3	6681.464000	10144.209000	0.026000	0.000000	16825.699000	50243	48
roam2.cs.ou.edu_planetlab-3.cmcl.cs.cmu.edu_3566 3	6803.379000	10060.077000	0.022000	0.000000	16863.478000	50262	48
roam2.cs.ou.edu_planetlab-3.cmcl.cs.cmu.edu_3578 3	6888.347000	10020.231000	0.022000	0.000000	16908.600000	50278	48
roam2.cs.ou.edu_planetlab-3.cmcl.cs.cmu.edu_3594 3	6979.277000	9999.798000	0.022000	0.000000	16979.097000	50290	48
roam2.cs.ou.edu_planetlab-3.cmcl.cs.cmu.edu_3600 3	7019.264000	9991.446000	0.020000	0.000000	17010.730000	50292	48
roam2.cs.ou.edu_planetlab-3.cmcl.cs.cmu.edu_3605 3	7025.335000	9995.298000	0.022000	0.000000	17020.655000	50294	48
roam2.cs.ou.edu_planetlab-3.cmcl.cs.cmu.edu_3609 3	7049.314000	9991.136000	0.028000	0.000000	17040.478000	50295	48
roam2.cs.ou.edu_planetlab-3.cmcl.cs.cmu.edu_3615 3	7085.724000	9985.364000	0.024000	0.000000	17071.112000	50302	48
roam2.cs.ou.edu_planetlab-3.cmcl.cs.cmu.edu_3650 3	7323.120000	9911.538000	0.024000	0.000000	17234.682000	50342	48
roam2.cs.ou.edu_planetlab-3.cmcl.cs.cmu.edu_3654 3	7332.287000	9920.518000	0.022000	0.000000	17252.827000	50345	48
roam2.cs.ou.edu_planetlab-3.cmcl.cs.cmu.edu_3678 3	7443.992000	9895.314000	0.023000	0.000000	17339.329000	50354	48
roam2.cs.ou.edu_planetlab-3.cmcl.cs.cmu.edu_3685 3	7466.752000	9893.867000	0.019000	0.000000	17360.638000	50326	48
roam2.cs.ou.edu_planetlab-3.cmcl.cs.cmu.edu_3696 3	7501.104000	9900.585000	0.023000	0.000000	17401.712000	50356	48
roam2.cs.ou.edu_planetlab-3.cmcl.cs.cmu.edu_3699 3	7505.988000	9899.955000	0.027000	0.000000	17405.970000	50358	48
roam2.cs.ou.edu_planetlab-3.cmcl.cs.cmu.edu_3702 3	7519.055000	9890.527000	0.019000	0.000000	17409.601000	50359	48
roam2.cs.ou.edu_planetlab-3.cmcl.cs.cmu.edu_3710 3	7592.236000	9848.124000	0.023000	0.000000	17440.383000	50366	48
roam2.cs.ou.edu_planetlab-3.cmcl.cs.cmu.edu_3741 3	7797.804000	9758.771000	0.026000	0.000000	17556.601000	50396	48
roam2.cs.ou.edu_planetlab-3.cmcl.cs.cmu.edu_3781 3	7980.631000	9717.631000	0.028000	0.000000	17698.290000	50422	48
roam2.cs.ou.edu_planetlab-3.cmcl.cs.cmu.edu_3814 3	8110.265000	9722.788000	0.023000	0.000000	17833.076000	50440	48
planetlab1.williams.edu_planetlab-3.cmcl.cs.cmu.edu_1755 3	5185.150000	12662.149000	0.019000	0.000000	17847.318000	50636	2176
planetlab1.williams.edu_planetlab-3.cmcl.cs.cmu.edu_1772 3	5373.153000	12525.498000	0.018000	0.000000	17898.669000	50788	2176
roam2.cs.ou.edu_planetlab-3.cmcl.cs.cmu.edu_3843 3	8225.159000	9718.392000	0.019000	0.000000	17943.570000	50454	48
roam2.cs.ou.edu_planetlab-3.cmcl.cs.cmu.edu_3859 3	8301.857000	9719.740000	0.023000	0.000000	18021.620000	50470	48
roam2.cs.ou.edu_planetlab-3.cmcl.cs.cmu.edu_3888 3	8418.027000	9704.406000	0.021000	0.000000	18122.454000	50482	48
roam2.cs.ou.edu_planetlab-3.cmcl.cs.cmu.edu_3892 3	8423.438000	9726.193000	0.020000	0.000000	18149.651000	50484	48
roam2.cs.ou.edu_planetlab-3.cmcl.cs.cmu.edu_3895 3	8440.887000	9716.007000	0.022000	0.000000	18156.916000	50486	48
roam2.cs.ou.edu_planetlab-3.cmcl.cs.cmu.edu_3904 3	8469.263000	9713.415000	0.020000	0.000000	18182.698000	50487	48
roam2.cs.ou.edu_planetlab-3.cmcl.cs.cmu.edu_3925 3	8570.617000	9685.984000	0.024000	0.000000	18256.625000	50494	48
roam2.cs.ou.edu_planetlab-3.cmcl.cs.cmu.edu_4041 3	9048.228000	9591.778000	0.022000	0.000000	18640.028000	50550	48
roam2.cs.ou.edu_planetlab-3.cmcl.cs.cmu.edu_4061 3	9123.736000	9591.608000	0.025000	0.000000	18715.369000	50557	48
roam2.cs.ou.edu_planetlab-3.cmcl.cs.cmu.edu_4206 3	9610.716000	9658.640000	0.027000	0.000000	19269.383000	50614	48
roam2.cs.ou.edu_planetlab-3.cmcl.cs.cmu.edu_4309 3	10026.329000	9648.363000	0.036000	0.000000	19674.728000	50658	48
roam2.cs.ou.edu_planetlab-3.cmcl.cs.cmu.edu_4383 3	10552.002000	9381.732000	0.035000	0.000000	19933.769000	50710	48
roam2.cs.ou.edu_planetlab-3.cmcl.cs.cmu.edu_4396 3	10649.414000	9319.082000	0.040000	0.000000	19968.536000	50726	48
roam2.cs.ou.edu_planetlab-3.cmcl.cs.cmu.edu_4414 3	10706.401000	9343.191000	0.030000	0.000000	20049.622000	50738	48
roam2.cs.ou.edu_planetlab-3.cmcl.cs.cmu.edu_4420 3	10728.489000	9332.611000	0.030000	0.000000	20061.130000	50740	48
roam2.cs.ou.edu_planetlab-3.cmcl.cs.cmu.edu_4428 3	10761.017000	9328.917000	0.051000	0.000000	20089.985000	50743	48
roam2.cs.ou.edu_planetlab-3.cmcl.cs.cmu.edu_4433 3	10769.543000	9340.334000	0.022000	0.000000	20109.899000	50742	48
planetlab2.cs.columbia.edu_planetlab-3.cmcl.cs.cmu.edu_2626 4	20174.517000	0.369000	0.170000	0.000000	20175.056000	50789	112
roam2.cs.ou.edu_planetlab-3.cmcl.cs.cmu.edu_4455 3	10833.615000	9351.105000	0.035000	0.000000	20184.755000	50750	48
roam2.cs.ou.edu_planetlab-3.cmcl.cs.cmu.edu_4498 3	10928.337000	9386.729000	0.026000	0.000000	20315.092000	50762	48
planetlab2.cs.columbia.edu_planetlab-3.cmcl.cs.cmu.edu_2660 4	20573.812000	14.944000	0.091000	0.000000	20588.847000	50831	112
planetlab3.tamu.edu_planetlab-3.cmcl.cs.cmu.edu_1029 5	21134.697000	0.411000	0.039000	0.000000	21135.147000	50674	848
roam2.cs.ou.edu_planetlab-3.cmcl.cs.cmu.edu_4661 3	11381.260000	9764.177000	0.028000	0.000000	21145.465000	50806	48
roam2.cs.ou.edu_planetlab-3.cmcl.cs.cmu.edu_4729 3	11765.676000	9710.969000	0.031000	0.000000	21476.676000	50848	48
planetlab1.cs.pitt.edu_planetlab-3.cmcl.cs.cmu.edu_3801 5	21612.266000	0.125000	0.024000	0.000000	21612.415000	50388	384
planetlab2.eecs.umich.edu_planetlab-3.cmcl.cs.cmu.edu_4053 4	15131.886000	6882.327000	0.091000	0.000000	22014.304000	50393	2048
planetlab05.cs.washington.edu_planetlab-3.cmcl.cs.cmu.edu_1316 5	22046.900000	0.047000	0.030000	0.000000	22046.977000	50689	432
planetlab-01.ece.uprm.edu_planetlab-3.cmcl.cs.cmu.edu_2416 4	11680.311000	10641.100000	0.035000	0.000000	22321.446000	50368	2144
planetlab-1.cs.colostate.edu_planetlab-3.cmcl.cs.cmu.edu_833 4	4038.481000	19912.181000	0.031000	0.000000	23950.693000	50242	656
planetlab2.eecs.umich.edu_planetlab-3.cmcl.cs.cmu.edu_4449 4	16765.215000	7326.310000	0.082000	0.000000	24091.607000	50421	2048
planetlab-1.cs.colostate.edu_planetlab-3.cmcl.cs.cmu.edu_878 4	5657.733000	18478.483000	0.027000	0.000000	24136.243000	50441	656
planetlab2.eecs.umich.edu_planetlab-3.cmcl.cs.cmu.edu_4474 4	16934.953000	7241.787000	0.080000	0.000000	24176.820000	50447	2048
planetlab2.eecs.umich.edu_planetlab-3.cmcl.cs.cmu.edu_4487 4	17028.475000	7181.067000	0.067000	0.000000	24209.609000	50455	2048
planetlab-1.cs.colostate.edu_planetlab-3.cmcl.cs.cmu.edu_903 4	6952.641000	17263.227000	0.048000	0.000000	24215.916000	50556	656
planetlab2.eecs.umich.edu_planetlab-3.cmcl.cs.cmu.edu_4489 4	17041.425000	7179.104000	0.074000	0.000000	24220.603000	50459	2048
planetlab2.eecs.umich.edu_planetlab-3.cmcl.cs.cmu.edu_4493 4	17056.867000	7176.223000	0.071000	0.000000	24233.161000	50461	2048
planetlab2.eecs.umich.edu_planetlab-3.cmcl.cs.cmu.edu_4495 4	17070.702000	7165.555000	0.154000	0.000000	24236.411000	50462	2048
planetlab2.eecs.umich.edu_planetlab-3.cmcl.cs.cmu.edu_4504 4	17103.468000	7148.836000	0.080000	0.000000	24252.384000	50463	2048
planetlab-1.cs.colostate.edu_planetlab-3.cmcl.cs.cmu.edu_912 4	7307.939000	16939.791000	0.027000	0.000000	24247.757000	50582	656
planetlab2.eecs.umich.edu_planetlab-3.cmcl.cs.cmu.edu_4512 4	17136.359000	7149.910000	0.083000	0.000000	24286.352000	50465	2048
planetlab2.eecs.umich.edu_planetlab-3.cmcl.cs.cmu.edu_4530 4	17189.662000	7149.074000	0.074000	0.000000	24338.810000	50474	2048
planetlab2.eecs.umich.edu_planetlab-3.cmcl.cs.cmu.edu_4562 4	17337.467000	7121.491000	0.068000	0.000000	24459.026000	50495	2048
planetlab5.williams.edu_planetlab-3.cmcl.cs.cmu.edu_2061 3	5130.657000	19501.409000	0.018000	0.000000	24632.084000	50598	2112
planetlab5.williams.edu_planetlab-3.cmcl.cs.cmu.edu_2100 3	5308.761000	19491.593000	0.022000	0.000000	24800.376000	50709	2112
planetlab5.williams.edu_planetlab-3.cmcl.cs.cmu.edu_2119 3	5420.418000	19451.671000	0.023000	0.000000	24872.112000	50854	2112
planetlab4.tamu.edu_planetlab-3.cmcl.cs.cmu.edu_887 3	8731.822000	17355.399000	0.030000	0.000000	26087.251000	50510	624
planetlab-03.cs.princeton.edu_planetlab-3.cmcl.cs.cmu.edu_5234 5	28039.923000	0.731000	0.044000	0.000000	28040.698000	50263	80
planetlab2.umassd.edu_planetlab-3.cmcl.cs.cmu.edu_5865 4	10968.328000	17267.374000	0.019000	0.000000	28235.721000	50266	64
planetlab2.eecs.umich.edu_planetlab-3.cmcl.cs.cmu.edu_5271 4	22283.440000	5950.951000	0.083000	0.000000	28234.474000	50506	2048
planetlab-1.cse.ohio-state.edu_planetlab-3.cmcl.cs.cmu.edu_1386 5	17145.490000	11139.872000	0.077000	0.000000	28285.439000	50782	2560
planetlab-1.cse.ohio-state.edu_planetlab-3.cmcl.cs.cmu.edu_1391 5	16537.155000	11796.145000	0.051000	0.000000	28333.351000	50846	2560
planetlab2.eecs.umich.edu_planetlab-3.cmcl.cs.cmu.edu_5304 4	22407.747000	5967.503000	0.127000	0.000000	28375.377000	50527	2048
planetlab2.eecs.umich.edu_planetlab-3.cmcl.cs.cmu.edu_5322 4	22456.041000	5996.352000	0.078000	0.000000	28452.471000	50549	2048
planetlab2.eecs.umich.edu_planetlab-3.cmcl.cs.cmu.edu_5348 4	22582.296000	5994.729000	0.079000	0.000000	28577.104000	50530	2048
planetlab2.eecs.umich.edu_planetlab-3.cmcl.cs.cmu.edu_5816 4	24467.008000	6047.641000	0.082000	0.000000	30514.731000	50569	2048
planetlab2.eecs.umich.edu_planetlab-3.cmcl.cs.cmu.edu_5838 4	24617.062000	5964.584000	0.071000	0.000000	30581.717000	50578	2048
planetlab2.eecs.umich.edu_planetlab-3.cmcl.cs.cmu.edu_5850 4	24665.544000	5946.515000	0.097000	0.000000	30612.156000	50536	2048
planetlab2.eecs.umich.edu_planetlab-3.cmcl.cs.cmu.edu_5851 4	24667.186000	5946.372000	0.032000	0.000000	30613.590000	50539	2048
planetlab2.eecs.umich.edu_planetlab-3.cmcl.cs.cmu.edu_5852 4	24665.844000	5952.811000	0.029000	0.000000	30618.684000	50538	2048
planetlab2.eecs.umich.edu_planetlab-3.cmcl.cs.cmu.edu_5859 4	24690.644000	5962.400000	0.079000	0.000000	30653.123000	50542	2048
planetlab2.eecs.umich.edu_planetlab-3.cmcl.cs.cmu.edu_5871 4	24717.177000	5985.615000	0.082000	0.000000	30702.874000	50591	2048
planetlab2.eecs.umich.edu_planetlab-3.cmcl.cs.cmu.edu_5887 4	24783.080000	5985.232000	0.080000	0.000000	30768.392000	50613	2048
planetlab2.eecs.umich.edu_planetlab-3.cmcl.cs.cmu.edu_5896 4	24810.162000	6004.949000	0.252000	0.000000	30815.363000	50554	2048
planetlab3.williams.edu_planetlab-3.cmcl.cs.cmu.edu_1624 6	21645.355000	9206.138000	0.020000	0.000000	30851.513000	50279	400
planetlab2.eecs.umich.edu_planetlab-3.cmcl.cs.cmu.edu_5917 4	24879.440000	5989.675000	0.085000	0.000000	30869.200000	50645	2048
planetlab3.williams.edu_planetlab-3.cmcl.cs.cmu.edu_1636 6	21691.801000	9201.167000	0.019000	0.000000	30892.987000	50471	400
planetlab3.williams.edu_planetlab-3.cmcl.cs.cmu.edu_1638 6	21740.761000	9159.131000	0.028000	0.000000	30899.920000	50503	400
planetlab3.williams.edu_planetlab-3.cmcl.cs.cmu.edu_1640 6	21772.760000	9125.852000	0.069000	0.000000	30898.681000	50531	400
planetlab3.williams.edu_planetlab-3.cmcl.cs.cmu.edu_1642 6	21779.195000	9119.495000	0.014000	0.000000	30898.704000	50533	400
planetlab3.williams.edu_planetlab-3.cmcl.cs.cmu.edu_1644 6	21778.070000	9122.138000	0.029000	0.000000	30900.237000	50534	400
planetlab3.williams.edu_planetlab-3.cmcl.cs.cmu.edu_1646 6	21801.745000	9099.755000	0.016000	0.000000	30901.516000	50535	400
planetlab3.williams.edu_planetlab-3.cmcl.cs.cmu.edu_1648 6	21803.628000	9103.072000	0.015000	0.000000	30906.715000	50543	400
planetlab2.eecs.umich.edu_planetlab-3.cmcl.cs.cmu.edu_5933 4	24946.813000	5959.169000	0.076000	0.000000	30906.058000	50661	2048
planetlab3.williams.edu_planetlab-3.cmcl.cs.cmu.edu_1650 6	21805.852000	9108.371000	0.017000	0.000000	30914.240000	50551	400
planetlab3.williams.edu_planetlab-3.cmcl.cs.cmu.edu_1656 6	21928.772000	8984.003000	0.018000	0.000000	30912.793000	50663	400
planetlab2.eecs.umich.edu_planetlab-3.cmcl.cs.cmu.edu_5943 4	24990.550000	5965.294000	0.084000	0.000000	30955.928000	50666	2048
planetlab2.eecs.umich.edu_planetlab-3.cmcl.cs.cmu.edu_5946 4	25001.004000	5968.117000	0.078000	0.000000	30969.199000	50673	2048
planetlab2.eecs.umich.edu_planetlab-3.cmcl.cs.cmu.edu_5948 4	25001.251000	5968.715000	0.079000	0.000000	30970.045000	50676	2048
planetlab2.eecs.umich.edu_planetlab-3.cmcl.cs.cmu.edu_5950 4	25036.755000	5942.961000	0.314000	0.000000	30980.030000	50677	2048
planetlab2.eecs.umich.edu_planetlab-3.cmcl.cs.cmu.edu_5957 4	25044.764000	5948.926000	0.078000	0.000000	30993.768000	50679	2048
planetlab2.eecs.umich.edu_planetlab-3.cmcl.cs.cmu.edu_5975 4	25102.843000	5954.819000	0.082000	0.000000	31057.744000	50685	2048
planetlab2.eecs.umich.edu_planetlab-3.cmcl.cs.cmu.edu_5997 4	25201.646000	5938.475000	0.068000	0.000000	31140.189000	50721	2048
planetlab2.eecs.umich.edu_planetlab-3.cmcl.cs.cmu.edu_6007 4	25239.282000	5929.671000	0.080000	0.000000	31169.033000	50746	2048
planetlab2.eecs.umich.edu_planetlab-3.cmcl.cs.cmu.edu_6023 4	25298.091000	5924.972000	0.077000	0.000000	31223.140000	50825	2048
planetlabpc2.upf.edu_planetlab-3.cmcl.cs.cmu.edu_1624 6	29028.920000	3703.734000	0.045000	0.000000	32732.699000	50616	2592
planetlab-03.cs.princeton.edu_planetlab-3.cmcl.cs.cmu.edu_5378 5	32819.013000	0.568000	0.354000	0.000000	32819.935000	50327	80
planetlab-03.cs.princeton.edu_planetlab-3.cmcl.cs.cmu.edu_5382 5	32841.381000	0.780000	0.020000	0.000000	32842.181000	50332	80
planetlab2.umassd.edu_planetlab-3.cmcl.cs.cmu.edu_6292 4	12334.684000	20573.956000	0.024000	0.000000	32908.664000	50352	64
planetlab-03.cs.princeton.edu_planetlab-3.cmcl.cs.cmu.edu_5439 5	33354.817000	0.407000	0.025000	0.000000	33355.249000	50375	80
planetlab-03.cs.princeton.edu_planetlab-3.cmcl.cs.cmu.edu_5446 5	33373.376000	0.863000	0.559000	0.000000	33374.798000	50387	80
planetlab-03.cs.princeton.edu_planetlab-3.cmcl.cs.cmu.edu_5454 5	33396.296000	0.760000	0.022000	0.000000	33397.078000	50389	80
planetlab-03.cs.princeton.edu_planetlab-3.cmcl.cs.cmu.edu_5456 5	33404.156000	1.344000	0.019000	0.000000	33405.519000	50390	80
planetlab-03.cs.princeton.edu_planetlab-3.cmcl.cs.cmu.edu_5471 5	33478.097000	0.819000	0.023000	0.000000	33478.939000	50399	80
planetlab-03.cs.princeton.edu_planetlab-3.cmcl.cs.cmu.edu_5486 5	33626.113000	0.385000	0.023000	0.000000	33626.521000	50409	80
planetlab-03.cs.princeton.edu_planetlab-3.cmcl.cs.cmu.edu_5510 5	33841.752000	0.802000	0.029000	0.000000	33842.583000	50423	80
planetlab-03.cs.princeton.edu_planetlab-3.cmcl.cs.cmu.edu_5529 5	34065.830000	1.639000	0.078000	0.000000	34067.547000	50433	80
planetlab-03.cs.princeton.edu_planetlab-3.cmcl.cs.cmu.edu_5532 5	34068.883000	2.051000	0.020000	0.000000	34070.954000	50434	80
planetlab-03.cs.princeton.edu_planetlab-3.cmcl.cs.cmu.edu_5533 5	34070.487000	0.775000	0.014000	0.000000	34071.276000	50435	80
planetlab-03.cs.princeton.edu_planetlab-3.cmcl.cs.cmu.edu_5555 5	34129.848000	18.295000	0.021000	0.000000	34148.164000	50439	80
planetlab-03.cs.princeton.edu_planetlab-3.cmcl.cs.cmu.edu_5563 5	34245.580000	0.290000	0.022000	0.000000	34245.892000	50443	80
planetlab-03.cs.princeton.edu_planetlab-3.cmcl.cs.cmu.edu_5579 5	34371.948000	0.453000	0.029000	0.000000	34372.430000	50451	80
planetlab-03.cs.princeton.edu_planetlab-3.cmcl.cs.cmu.edu_5587 5	34514.632000	1.095000	0.021000	0.000000	34515.748000	50460	80
planetlab-03.cs.princeton.edu_planetlab-3.cmcl.cs.cmu.edu_5589 5	34521.264000	1.164000	0.018000	0.000000	34522.446000	50467	80
planetlab-03.cs.princeton.edu_planetlab-3.cmcl.cs.cmu.edu_5613 5	35198.944000	0.392000	0.031000	0.000000	35199.367000	50499	80
planetlab4.williams.edu_planetlab-3.cmcl.cs.cmu.edu_2022 6	35591.929000	0.160000	0.025000	0.000000	35592.114000	50341	336
planetlab2.umassd.edu_planetlab-3.cmcl.cs.cmu.edu_6956 4	15082.473000	20701.869000	0.058000	0.000000	35784.400000	50532	64
planetlab-03.cs.princeton.edu_planetlab-3.cmcl.cs.cmu.edu_5661 5	35848.184000	0.168000	0.062000	0.000000	35848.414000	50537	80
planetlab-03.cs.princeton.edu_planetlab-3.cmcl.cs.cmu.edu_5677 5	35964.082000	0.149000	0.025000	0.000000	35964.256000	50559	80
planetlab-03.cs.princeton.edu_planetlab-3.cmcl.cs.cmu.edu_5679 5	35981.359000	0.136000	0.021000	0.000000	35981.516000	50563	80
planetlab-03.cs.princeton.edu_planetlab-3.cmcl.cs.cmu.edu_5683 5	36104.332000	0.254000	0.036000	0.000000	36104.622000	50572	80
planetlab-03.cs.princeton.edu_planetlab-3.cmcl.cs.cmu.edu_5685 5	36123.062000	1.125000	0.023000	0.000000	36124.210000	50580	80
planetlab-03.cs.princeton.edu_planetlab-3.cmcl.cs.cmu.edu_5689 5	36163.217000	0.378000	0.026000	0.000000	36163.621000	50584	80
planetlab-03.cs.princeton.edu_planetlab-3.cmcl.cs.cmu.edu_5698 5	36206.308000	0.382000	0.022000	0.000000	36206.712000	50588	80
planetlab-03.cs.princeton.edu_planetlab-3.cmcl.cs.cmu.edu_5701 5	36219.846000	0.284000	0.021000	0.000000	36220.151000	50589	80
planetlab-03.cs.princeton.edu_planetlab-3.cmcl.cs.cmu.edu_5703 5	36230.000000	0.084000	0.020000	0.000000	36230.104000	50590	80
planetlab-03.cs.princeton.edu_planetlab-3.cmcl.cs.cmu.edu_5713 5	36356.817000	0.163000	0.026000	0.000000	36357.006000	50601	80
planetlab-03.cs.princeton.edu_planetlab-3.cmcl.cs.cmu.edu_5719 5	36448.160000	0.075000	0.020000	0.000000	36448.255000	50391	80
planetlab-03.cs.princeton.edu_planetlab-3.cmcl.cs.cmu.edu_5735 5	36689.694000	0.169000	0.023000	0.000000	36689.886000	50620	80
planetlab-03.cs.princeton.edu_planetlab-3.cmcl.cs.cmu.edu_5755 5	37114.085000	0.059000	0.022000	0.000000	37114.166000	50633	80
planetlab-03.cs.princeton.edu_planetlab-3.cmcl.cs.cmu.edu_5759 5	37127.269000	0.068000	0.020000	0.000000	37127.357000	50647	80
planetlab-03.cs.princeton.edu_planetlab-3.cmcl.cs.cmu.edu_5765 5	37141.069000	0.652000	0.022000	0.000000	37141.743000	50652	80
planetlab-03.cs.princeton.edu_planetlab-3.cmcl.cs.cmu.edu_5771 5	37241.764000	0.091000	0.020000	0.000000	37241.875000	50657	80
planetlab-03.cs.princeton.edu_planetlab-3.cmcl.cs.cmu.edu_5777 5	37314.874000	0.111000	0.021000	0.000000	37315.006000	50664	80
planetlab-03.cs.princeton.edu_planetlab-3.cmcl.cs.cmu.edu_5779 5	37320.736000	0.160000	0.018000	0.000000	37320.914000	50665	80
planetlab4.williams.edu_planetlab-3.cmcl.cs.cmu.edu_2037 6	37365.654000	0.167000	0.032000	0.000000	37365.853000	50739	336
planetlab-03.cs.princeton.edu_planetlab-3.cmcl.cs.cmu.edu_5787 5	37406.872000	0.189000	0.021000	0.000000	37407.082000	50667	80
planetlab-03.cs.princeton.edu_planetlab-3.cmcl.cs.cmu.edu_5789 5	37427.074000	0.105000	0.021000	0.000000	37427.200000	50669	80
planetlab-03.cs.princeton.edu_planetlab-3.cmcl.cs.cmu.edu_5795 5	37497.756000	0.592000	0.025000	0.000000	37498.373000	50681	80
planetlab4.williams.edu_planetlab-3.cmcl.cs.cmu.edu_2043 6	37613.447000	0.189000	0.031000	0.000000	37613.667000	50758	336
aguila1.lsi.upc.edu_planetlab-3.cmcl.cs.cmu.edu_1478 4	37768.351000	0.133000	0.021000	0.000000	37768.505000	50696	592
aguila1.lsi.upc.edu_planetlab-3.cmcl.cs.cmu.edu_1502 4	38909.894000	0.123000	0.019000	0.000000	38910.036000	50729	592
aguila1.lsi.upc.edu_planetlab-3.cmcl.cs.cmu.edu_1500 4	38914.870000	0.154000	0.019000	0.000000	38915.043000	50728	592
aguila1.lsi.upc.edu_planetlab-3.cmcl.cs.cmu.edu_1504 4	39006.482000	0.182000	0.020000	0.000000	39006.684000	50720	592
aguila1.lsi.upc.edu_planetlab-3.cmcl.cs.cmu.edu_1508 4	39116.590000	0.268000	0.020000	0.000000	39116.878000	50730	592
aguila1.lsi.upc.edu_planetlab-3.cmcl.cs.cmu.edu_1514 4	39244.336000	0.103000	0.018000	0.000000	39244.457000	50732	592
planetlab-03.cs.princeton.edu_planetlab-3.cmcl.cs.cmu.edu_5863 5	39287.075000	1.683000	0.022000	0.000000	39288.780000	50815	80
aguila1.lsi.upc.edu_planetlab-3.cmcl.cs.cmu.edu_1523 4	39403.946000	0.167000	0.016000	0.000000	39404.129000	50744	592
aguila1.lsi.upc.edu_planetlab-3.cmcl.cs.cmu.edu_1532 4	39683.015000	0.107000	0.090000	0.000000	39683.212000	50792	592
aguila1.lsi.upc.edu_planetlab-3.cmcl.cs.cmu.edu_1545 4	40089.306000	0.049000	0.028000	0.000000	40089.383000	50856	592
vn4.cse.wustl.edu_planetlab-3.cmcl.cs.cmu.edu_4243 5	43594.432000	0.040000	0.032000	0.000000	43594.504000	50250	272
vn4.cse.wustl.edu_planetlab-3.cmcl.cs.cmu.edu_4255 5	43837.474000	0.040000	0.030000	0.000000	43837.544000	50272	272
pl1.rcc.uottawa.ca_planetlab-3.cmcl.cs.cmu.edu_10909 3	6825.186000	37116.398000	0.026000	0.000000	43941.610000	50275	0
vn4.cse.wustl.edu_planetlab-3.cmcl.cs.cmu.edu_4275 5	44297.926000	0.041000	0.032000	0.000000	44297.999000	50304	272
vn4.cse.wustl.edu_planetlab-3.cmcl.cs.cmu.edu_4277 5	44356.068000	0.426000	0.036000	0.000000	44356.530000	50306	272
vn4.cse.wustl.edu_planetlab-3.cmcl.cs.cmu.edu_4279 5	44421.725000	1.216000	0.040000	0.000000	44422.981000	50307	272
vn4.cse.wustl.edu_planetlab-3.cmcl.cs.cmu.edu_4281 5	44467.051000	0.054000	0.034000	0.000000	44467.139000	50310	272
vn4.cse.wustl.edu_planetlab-3.cmcl.cs.cmu.edu_4283 5	44508.799000	1.766000	0.038000	0.000000	44510.603000	50312	272
vn4.cse.wustl.edu_planetlab-3.cmcl.cs.cmu.edu_4289 5	44540.884000	0.175000	0.026000	0.000000	44541.085000	50313	272
vn4.cse.wustl.edu_planetlab-3.cmcl.cs.cmu.edu_4291 5	44580.542000	0.148000	0.034000	0.000000	44580.724000	50314	272
vn4.cse.wustl.edu_planetlab-3.cmcl.cs.cmu.edu_4297 5	44703.125000	0.140000	0.034000	0.000000	44703.299000	50315	272
vn4.cse.wustl.edu_planetlab-3.cmcl.cs.cmu.edu_4299 5	44735.009000	0.070000	0.035000	0.000000	44735.114000	50316	272
vn4.cse.wustl.edu_planetlab-3.cmcl.cs.cmu.edu_4301 5	44770.757000	0.055000	0.033000	0.000000	44770.845000	50318	272
vn4.cse.wustl.edu_planetlab-3.cmcl.cs.cmu.edu_4305 5	44815.682000	0.089000	0.036000	0.000000	44815.807000	50322	272
vn4.cse.wustl.edu_planetlab-3.cmcl.cs.cmu.edu_4307 5	44820.675000	0.037000	0.021000	0.000000	44820.733000	50319	272
vn4.cse.wustl.edu_planetlab-3.cmcl.cs.cmu.edu_4309 5	44844.793000	0.089000	0.040000	0.000000	44844.922000	50328	272
vn4.cse.wustl.edu_planetlab-3.cmcl.cs.cmu.edu_4312 5	44910.844000	0.046000	0.036000	0.000000	44910.926000	50330	272
vn4.cse.wustl.edu_planetlab-3.cmcl.cs.cmu.edu_4314 5	44947.042000	0.041000	0.034000	0.000000	44947.117000	50331	272
vn4.cse.wustl.edu_planetlab-3.cmcl.cs.cmu.edu_4318 5	45060.062000	0.053000	0.035000	0.000000	45060.150000	50334	272
vn4.cse.wustl.edu_planetlab-3.cmcl.cs.cmu.edu_4323 5	45125.692000	0.174000	0.030000	0.000000	45125.896000	50338	272
pl1.rcc.uottawa.ca_planetlab-3.cmcl.cs.cmu.edu_11078 3	6988.457000	38161.137000	0.022000	0.000000	45149.616000	50293	0
vn4.cse.wustl.edu_planetlab-3.cmcl.cs.cmu.edu_4325 5	45171.026000	0.837000	0.039000	0.000000	45171.902000	50344	272
vn4.cse.wustl.edu_planetlab-3.cmcl.cs.cmu.edu_4327 5	45218.256000	0.194000	0.035000	0.000000	45218.485000	50346	272
vn4.cse.wustl.edu_planetlab-3.cmcl.cs.cmu.edu_4329 5	45347.992000	0.046000	0.035000	0.000000	45348.073000	50347	272
vn4.cse.wustl.edu_planetlab-3.cmcl.cs.cmu.edu_4333 5	45360.217000	0.317000	0.036000	0.000000	45360.570000	50350	272
vn4.cse.wustl.edu_planetlab-3.cmcl.cs.cmu.edu_4353 5	45822.958000	2.862000	0.046000	0.000000	45825.866000	50362	272
vn4.cse.wustl.edu_planetlab-3.cmcl.cs.cmu.edu_4364 5	46002.033000	0.042000	0.034000	0.000000	46002.109000	50370	272
vn4.cse.wustl.edu_planetlab-3.cmcl.cs.cmu.edu_4367 5	46100.669000	0.177000	0.036000	0.000000	46100.882000	50376	272
vn4.cse.wustl.edu_planetlab-3.cmcl.cs.cmu.edu_4370 5	46151.081000	0.139000	0.032000	0.000000	46151.252000	50378	272
vn4.cse.wustl.edu_planetlab-3.cmcl.cs.cmu.edu_4374 5	46206.335000	0.047000	0.039000	0.000000	46206.421000	50379	272
vn4.cse.wustl.edu_planetlab-3.cmcl.cs.cmu.edu_4377 5	46235.723000	0.296000	0.034000	0.000000	46236.053000	50382	272
vn4.cse.wustl.edu_planetlab-3.cmcl.cs.cmu.edu_4385 5	46451.656000	0.061000	0.037000	0.000000	46451.754000	50394	272
vn4.cse.wustl.edu_planetlab-3.cmcl.cs.cmu.edu_4389 5	46521.841000	0.630000	0.038000	0.000000	46522.509000	50410	272
pl1.rcc.uottawa.ca_planetlab-3.cmcl.cs.cmu.edu_11326 3	7240.878000	39304.692000	0.043000	0.000000	46545.613000	50335	0
pl1.rcc.uottawa.ca_planetlab-3.cmcl.cs.cmu.edu_11333 3	7246.624000	39357.059000	0.031000	0.000000	46603.714000	50339	0
vn4.cse.wustl.edu_planetlab-3.cmcl.cs.cmu.edu_4397 5	46848.171000	0.042000	0.034000	0.000000	46848.247000	50431	272
vn4.cse.wustl.edu_planetlab-3.cmcl.cs.cmu.edu_4404 5	47012.014000	0.044000	0.036000	0.000000	47012.094000	50442	272
planetlab1.cs.uoregon.edu_planetlab-3.cmcl.cs.cmu.edu_6232 4	11699.774000	35339.276000	0.025000	0.000000	47039.075000	50457	256
planetlab1.cs.uoregon.edu_planetlab-3.cmcl.cs.cmu.edu_6257 4	11782.427000	35422.011000	0.048000	0.000000	47204.486000	50473	256
planetlab1.cs.uoregon.edu_planetlab-3.cmcl.cs.cmu.edu_6270 4	11827.828000	35463.447000	0.036000	0.000000	47291.311000	50481	256
planetlab1.cs.uoregon.edu_planetlab-3.cmcl.cs.cmu.edu_6317 4	11982.985000	35634.362000	0.682000	0.000000	47618.029000	50488	256
planetlab1.cs.uoregon.edu_planetlab-3.cmcl.cs.cmu.edu_6330 4	12012.893000	35700.605000	0.028000	0.000000	47713.526000	50489	256
planetlab1.cs.uoregon.edu_planetlab-3.cmcl.cs.cmu.edu_6337 4	12037.588000	35703.245000	0.033000	0.000000	47740.866000	50491	256
planetlab1.cs.uoregon.edu_planetlab-3.cmcl.cs.cmu.edu_6360 4	12103.206000	35778.010000	0.051000	0.000000	47881.267000	50493	256
vn4.cse.wustl.edu_planetlab-3.cmcl.cs.cmu.edu_4445 5	48648.382000	0.052000	0.041000	0.000000	48648.475000	50526	272
planetlab1.cs.uoregon.edu_planetlab-3.cmcl.cs.cmu.edu_6534 4	12611.470000	36507.178000	0.041000	0.000000	49118.689000	50553	256
vn4.cse.wustl.edu_planetlab-3.cmcl.cs.cmu.edu_4480 5	49514.373000	0.081000	0.035000	0.000000	49514.489000	50562	272
vn4.cse.wustl.edu_planetlab-3.cmcl.cs.cmu.edu_4486 5	49780.439000	0.044000	0.036000	0.000000	49780.519000	50568	272
vn4.cse.wustl.edu_planetlab-3.cmcl.cs.cmu.edu_4488 5	49883.418000	0.109000	0.036000	0.000000	49883.563000	50570	272
vn4.cse.wustl.edu_planetlab-3.cmcl.cs.cmu.edu_4492 5	49903.264000	0.269000	0.035000	0.000000	49903.568000	50571	272
vn4.cse.wustl.edu_planetlab-3.cmcl.cs.cmu.edu_4494 5	49980.620000	1.319000	0.037000	0.000000	49981.976000	50574	272
vn4.cse.wustl.edu_planetlab-3.cmcl.cs.cmu.edu_4503 5	50089.497000	0.080000	0.024000	0.000000	50089.601000	50586	272
vn4.cse.wustl.edu_planetlab-3.cmcl.cs.cmu.edu_4505 5	50287.476000	0.051000	0.035000	0.000000	50287.562000	50602	272
planetlab1.cs.uoregon.edu_planetlab-3.cmcl.cs.cmu.edu_6688 4	13247.477000	37206.095000	0.038000	0.000000	50453.610000	50617	256
vn4.cse.wustl.edu_planetlab-3.cmcl.cs.cmu.edu_4513 5	50455.699000	0.048000	0.031000	0.000000	50455.778000	50612	272
vn4.cse.wustl.edu_planetlab-3.cmcl.cs.cmu.edu_4522 5	50665.973000	0.042000	0.035000	0.000000	50666.050000	50625	272
vn4.cse.wustl.edu_planetlab-3.cmcl.cs.cmu.edu_4528 5	50714.249000	0.060000	0.035000	0.000000	50714.344000	50634	272
vn4.cse.wustl.edu_planetlab-3.cmcl.cs.cmu.edu_4579 5	51515.269000	0.054000	0.030000	0.000000	51515.353000	50698	272
vn4.cse.wustl.edu_planetlab-3.cmcl.cs.cmu.edu_4615 5	52057.579000	0.219000	0.035000	0.000000	52057.833000	50716	272
vn4.cse.wustl.edu_planetlab-3.cmcl.cs.cmu.edu_4688 5	53987.207000	0.047000	0.034000	0.000000	53987.288000	50793	272
vn4.cse.wustl.edu_planetlab-3.cmcl.cs.cmu.edu_4733 5	54693.581000	0.040000	0.031000	0.000000	54693.652000	50818	272
vn4.cse.wustl.edu_planetlab-3.cmcl.cs.cmu.edu_4751 5	54908.570000	0.137000	0.029000	0.000000	54908.736000	50824	272
vn4.cse.wustl.edu_planetlab-3.cmcl.cs.cmu.edu_4753 5	54941.207000	0.043000	0.035000	0.000000	54941.285000	50826	272
vn4.cse.wustl.edu_planetlab-3.cmcl.cs.cmu.edu_4755 5	54996.696000	0.049000	0.036000	0.000000	54996.781000	50827	272
vn4.cse.wustl.edu_planetlab-3.cmcl.cs.cmu.edu_4761 5	55099.331000	0.114000	0.030000	0.000000	55099.475000	50830	272
vn4.cse.wustl.edu_planetlab-3.cmcl.cs.cmu.edu_4777 5	55320.415000	0.048000	0.025000	0.000000	55320.488000	50842	272
vn4.cse.wustl.edu_planetlab-3.cmcl.cs.cmu.edu_4799 5	55920.262000	3.814000	0.036000	0.000000	55924.112000	50858	272
plab4.eece.ksu.edu_planetlab-3.cmcl.cs.cmu.edu_5195 5	24162.044000	33759.326000	0.024000	0.000000	57921.394000	50415	2080
plab4.eece.ksu.edu_planetlab-3.cmcl.cs.cmu.edu_6106 5	31192.919000	29365.885000	0.033000	0.000000	60558.837000	50700	2080
plab4.eece.ksu.edu_planetlab-3.cmcl.cs.cmu.edu_6112 5	31285.780000	29271.580000	0.021000	0.000000	60557.381000	50809	2080
plab4.eece.ksu.edu_planetlab-3.cmcl.cs.cmu.edu_6118 5	31350.625000	29227.465000	0.028000	0.000000	60578.118000	50835	2080
pl1.rcc.uottawa.ca_planetlab-3.cmcl.cs.cmu.edu_11696 3	7605.856000	54803.901000	0.021000	0.000000	62409.778000	50371	0
pl1.rcc.uottawa.ca_planetlab-3.cmcl.cs.cmu.edu_11830 3	7787.711000	57078.048000	0.024000	0.000000	64865.783000	50401	0
pl1.rcc.uottawa.ca_planetlab-3.cmcl.cs.cmu.edu_11832 3	7789.143000	57101.600000	0.017000	0.000000	64890.760000	50402	0
pl1.rcc.uottawa.ca_planetlab-3.cmcl.cs.cmu.edu_11837 3	7793.084000	57181.500000	0.017000	0.000000	64974.601000	50403	0
pl1.rcc.uottawa.ca_planetlab-3.cmcl.cs.cmu.edu_11851 3	7817.517000	57340.055000	0.028000	0.000000	65157.600000	50407	0
pl1.rcc.uottawa.ca_planetlab-3.cmcl.cs.cmu.edu_11870 3	7848.658000	57522.935000	0.023000	0.000000	65371.616000	50411	0
pl1.rcc.uottawa.ca_planetlab-3.cmcl.cs.cmu.edu_11892 3	7899.305000	57772.467000	0.049000	0.000000	65671.821000	50419	0
pl1.rcc.uottawa.ca_planetlab-3.cmcl.cs.cmu.edu_12424 3	8715.212000	61091.372000	0.031000	0.000000	69806.615000	50507	0
pl1.rcc.uottawa.ca_planetlab-3.cmcl.cs.cmu.edu_13458 3	9989.156000	63688.366000	0.027000	0.000000	73677.549000	50659	0
planetlab4.wail.wisc.edu_planetlab-3.cmcl.cs.cmu.edu_11775 4	43194.254000	31242.480000	0.033000	0.000000	74436.767000	50256	16
planetlab4.wail.wisc.edu_planetlab-3.cmcl.cs.cmu.edu_11785 4	43362.443000	31101.544000	0.030000	0.000000	74464.017000	50257	16
planetlab4.wail.wisc.edu_planetlab-3.cmcl.cs.cmu.edu_11787 4	43374.873000	31097.322000	0.022000	0.000000	74472.217000	50258	16
planetlab4.wail.wisc.edu_planetlab-3.cmcl.cs.cmu.edu_11793 4	43456.237000	31032.848000	0.035000	0.000000	74489.120000	50260	16
planetlab4.wail.wisc.edu_planetlab-3.cmcl.cs.cmu.edu_11803 4	43659.016000	30855.601000	0.039000	0.000000	74514.656000	50264	16
planetlab4.wail.wisc.edu_planetlab-3.cmcl.cs.cmu.edu_11859 4	44378.288000	30346.482000	0.031000	0.000000	74724.801000	50286	16
planetlab4.wail.wisc.edu_planetlab-3.cmcl.cs.cmu.edu_11865 4	44442.368000	30295.345000	0.035000	0.000000	74737.748000	50288	16
pl1.rcc.uottawa.ca_planetlab-3.cmcl.cs.cmu.edu_13778 3	10355.298000	64372.227000	0.026000	0.000000	74727.551000	50697	0
planetlab4.wail.wisc.edu_planetlab-3.cmcl.cs.cmu.edu_11897 4	45395.602000	29444.335000	0.031000	0.000000	74839.968000	50240	16
planetlab4.wail.wisc.edu_planetlab-3.cmcl.cs.cmu.edu_11899 4	45414.887000	29431.380000	0.034000	0.000000	74846.301000	50296	16
planetlab4.wail.wisc.edu_planetlab-3.cmcl.cs.cmu.edu_11937 4	45720.004000	29227.169000	0.029000	0.000000	74947.202000	50308	16
pl1.rcc.uottawa.ca_planetlab-3.cmcl.cs.cmu.edu_14045 3	10604.712000	65149.326000	0.022000	0.000000	75754.060000	50723	0
planetlab4.wail.wisc.edu_planetlab-3.cmcl.cs.cmu.edu_12220 4	52358.315000	23854.295000	0.047000	0.000000	76212.657000	50355	16
planetlab4.wail.wisc.edu_planetlab-3.cmcl.cs.cmu.edu_12230 4	52647.489000	23633.272000	0.031000	0.000000	76280.792000	50360	16
pl1.rcc.uottawa.ca_planetlab-3.cmcl.cs.cmu.edu_14232 3	10898.071000	65725.315000	0.032000	0.000000	76623.418000	50755	0
pl1.rcc.uottawa.ca_planetlab-3.cmcl.cs.cmu.edu_14399 3	11110.454000	66289.953000	0.159000	0.000000	77400.566000	50785	0
pl1.rcc.uottawa.ca_planetlab-3.cmcl.cs.cmu.edu_14401 3	11104.032000	66298.642000	0.018000	0.000000	77402.692000	50786	0
pl1.rcc.uottawa.ca_planetlab-3.cmcl.cs.cmu.edu_14414 3	11123.113000	66318.252000	0.025000	0.000000	77441.390000	50787	0
pl1.rcc.uottawa.ca_planetlab-3.cmcl.cs.cmu.edu_14422 3	11148.726000	66331.774000	0.033000	0.000000	77480.533000	50791	0
pl1.rcc.uottawa.ca_planetlab-3.cmcl.cs.cmu.edu_14435 3	11180.237000	66358.985000	0.028000	0.000000	77539.250000	50795	0
pl1.rcc.uottawa.ca_planetlab-3.cmcl.cs.cmu.edu_14541 3	11325.701000	66505.937000	0.031000	0.000000	77831.669000	50803	0
pl1.rcc.uottawa.ca_planetlab-3.cmcl.cs.cmu.edu_14554 3	11367.670000	66501.171000	0.043000	0.000000	77868.884000	50812	0
pl1.rcc.uottawa.ca_planetlab-3.cmcl.cs.cmu.edu_14590 3	11442.457000	66518.037000	0.020000	0.000000	77960.514000	50819	0
pl1.rcc.uottawa.ca_planetlab-3.cmcl.cs.cmu.edu_14659 3	11569.368000	66576.253000	0.019000	0.000000	78145.640000	50838	0
pl1.rcc.uottawa.ca_planetlab-3.cmcl.cs.cmu.edu_14740 3	11750.696000	66645.788000	0.022000	0.000000	78396.506000	50849	0
pl1.rcc.uottawa.ca_planetlab-3.cmcl.cs.cmu.edu_14749 3	11756.320000	66643.049000	0.021000	0.000000	78399.390000	50850	0
pl1.rcc.uottawa.ca_planetlab-3.cmcl.cs.cmu.edu_14768 3	11779.867000	66673.299000	0.020000	0.000000	78453.186000	50851	0
pl1.rcc.uottawa.ca_planetlab-3.cmcl.cs.cmu.edu_14799 3	11858.296000	66731.023000	0.022000	0.000000	78589.341000	50855	0
pl1.rcc.uottawa.ca_planetlab-3.cmcl.cs.cmu.edu_14819 3	11878.388000	66745.802000	0.036000	0.000000	78624.226000	50859	0
pl1.rcc.uottawa.ca_planetlab-3.cmcl.cs.cmu.edu_14869 3	11917.469000	66830.721000	0.040000	0.000000	78748.230000	50867	0
planetlab4.wail.wisc.edu_planetlab-3.cmcl.cs.cmu.edu_12432 4	62627.358000	16294.221000	0.032000	0.000000	78921.611000	50374	16
planetlab4.wail.wisc.edu_planetlab-3.cmcl.cs.cmu.edu_12452 4	62906.709000	16093.668000	0.037000	0.000000	79000.414000	50384	16
planetlab4.wail.wisc.edu_planetlab-3.cmcl.cs.cmu.edu_12478 4	63594.141000	15534.693000	0.037000	0.000000	79128.871000	50392	16
planetlab4.wail.wisc.edu_planetlab-3.cmcl.cs.cmu.edu_12631 4	66186.073000	13556.990000	0.034000	0.000000	79743.097000	50424	16
planetlab4.wail.wisc.edu_planetlab-3.cmcl.cs.cmu.edu_12639 4	66232.341000	13536.416000	0.033000	0.000000	79768.790000	50425	16
planetlab4.wail.wisc.edu_planetlab-3.cmcl.cs.cmu.edu_12641 4	66248.584000	13523.471000	0.031000	0.000000	79772.086000	50426	16
planetlab4.wail.wisc.edu_planetlab-3.cmcl.cs.cmu.edu_12659 4	66399.369000	13459.232000	0.032000	0.000000	79858.633000	50428	16
planetlab4.wail.wisc.edu_planetlab-3.cmcl.cs.cmu.edu_12680 4	66726.206000	13273.134000	0.033000	0.000000	79999.373000	50432	16
planetlab4.wail.wisc.edu_planetlab-3.cmcl.cs.cmu.edu_12736 4	67804.912000	12413.144000	0.032000	0.000000	80218.088000	50444	16
planetlab4.wail.wisc.edu_planetlab-3.cmcl.cs.cmu.edu_12753 4	68182.834000	12066.330000	0.032000	0.000000	80249.196000	50448	16
planetlab4.wail.wisc.edu_planetlab-3.cmcl.cs.cmu.edu_12758 4	68250.156000	12037.010000	0.026000	0.000000	80287.192000	50449	16
planetlab4.wail.wisc.edu_planetlab-3.cmcl.cs.cmu.edu_12773 4	68420.029000	11954.476000	0.033000	0.000000	80374.538000	50450	16
planetlab4.wail.wisc.edu_planetlab-3.cmcl.cs.cmu.edu_12775 4	68436.222000	11940.202000	0.029000	0.000000	80376.453000	50452	16
planetlab4.wail.wisc.edu_planetlab-3.cmcl.cs.cmu.edu_12779 4	68487.438000	11889.072000	0.027000	0.000000	80376.537000	50456	16
planetlab4.wail.wisc.edu_planetlab-3.cmcl.cs.cmu.edu_12790 4	68542.952000	11846.429000	0.028000	0.000000	80389.409000	50416	16
planetlab4.wail.wisc.edu_planetlab-3.cmcl.cs.cmu.edu_12812 4	68646.188000	11804.952000	0.027000	0.000000	80451.167000	50468	16
planetlab4.wail.wisc.edu_planetlab-3.cmcl.cs.cmu.edu_12820 4	68690.964000	11789.044000	0.064000	0.000000	80480.072000	50469	16
planetlab4.wail.wisc.edu_planetlab-3.cmcl.cs.cmu.edu_12822 4	68694.184000	11786.050000	0.017000	0.000000	80480.251000	50472	16
planetlab4.wail.wisc.edu_planetlab-3.cmcl.cs.cmu.edu_12850 4	68811.252000	11774.712000	0.031000	0.000000	80585.995000	50477	16
planetlab4.wail.wisc.edu_planetlab-3.cmcl.cs.cmu.edu_12846 4	68796.174000	11790.107000	0.021000	0.000000	80586.302000	50476	16
planetlab4.wail.wisc.edu_planetlab-3.cmcl.cs.cmu.edu_12855 4	68855.446000	11785.147000	0.041000	0.000000	80640.634000	50478	16
planetlab4.wail.wisc.edu_planetlab-3.cmcl.cs.cmu.edu_12870 4	68916.625000	11751.717000	0.033000	0.000000	80668.375000	50480	16
planetlab4.wail.wisc.edu_planetlab-3.cmcl.cs.cmu.edu_12884 4	69012.296000	11707.251000	0.036000	0.000000	80719.583000	50483	16
planetlab4.wail.wisc.edu_planetlab-3.cmcl.cs.cmu.edu_12922 4	69235.693000	11608.702000	0.036000	0.000000	80844.431000	50492	16
planetlab4.wail.wisc.edu_planetlab-3.cmcl.cs.cmu.edu_12937 4	69375.643000	11514.718000	0.040000	0.000000	80890.401000	50496	16
planetlab4.wail.wisc.edu_planetlab-3.cmcl.cs.cmu.edu_12939 4	69376.733000	11520.773000	0.016000	0.000000	80897.522000	50497	16
planetlab4.wail.wisc.edu_planetlab-3.cmcl.cs.cmu.edu_12947 4	69447.898000	11515.403000	0.031000	0.000000	80963.332000	50498	16
planetlab4.wail.wisc.edu_planetlab-3.cmcl.cs.cmu.edu_12973 4	69606.120000	11453.872000	0.033000	0.000000	81060.025000	50500	16
planetlab4.wail.wisc.edu_planetlab-3.cmcl.cs.cmu.edu_13005 4	69781.672000	11389.521000	0.093000	0.000000	81171.286000	50502	16
planetlab4.wail.wisc.edu_planetlab-3.cmcl.cs.cmu.edu_13007 4	69784.820000	11397.516000	0.022000	0.000000	81182.358000	50504	16
planetlab4.wail.wisc.edu_planetlab-3.cmcl.cs.cmu.edu_13041 4	69936.685000	11382.132000	0.029000	0.000000	81318.846000	50513	16
planetlab4.wail.wisc.edu_planetlab-3.cmcl.cs.cmu.edu_13049 4	69981.175000	11386.622000	0.027000	0.000000	81367.824000	50514	16
planetlab4.wail.wisc.edu_planetlab-3.cmcl.cs.cmu.edu_13045 4	69977.757000	11390.498000	0.026000	0.000000	81368.281000	50512	16
planetlab4.wail.wisc.edu_planetlab-3.cmcl.cs.cmu.edu_13055 4	70029.215000	11373.477000	0.036000	0.000000	81402.728000	50515	16
planetlab4.wail.wisc.edu_planetlab-3.cmcl.cs.cmu.edu_13057 4	70026.683000	11376.365000	0.019000	0.000000	81403.067000	50516	16
planetlab4.wail.wisc.edu_planetlab-3.cmcl.cs.cmu.edu_13067 4	70058.859000	11362.652000	0.033000	0.000000	81421.544000	50517	16
planetlab4.wail.wisc.edu_planetlab-3.cmcl.cs.cmu.edu_13074 4	70156.299000	11314.293000	0.036000	0.000000	81470.628000	50520	16
planetlab4.wail.wisc.edu_planetlab-3.cmcl.cs.cmu.edu_13076 4	70147.799000	11323.215000	0.019000	0.000000	81471.033000	50521	16
planetlab4.wail.wisc.edu_planetlab-3.cmcl.cs.cmu.edu_13086 4	70187.359000	11304.521000	0.030000	0.000000	81491.910000	50522	16
planetlab4.wail.wisc.edu_planetlab-3.cmcl.cs.cmu.edu_13098 4	70256.390000	11315.535000	0.032000	0.000000	81571.957000	50524	16
planetlab4.wail.wisc.edu_planetlab-3.cmcl.cs.cmu.edu_13143 4	70625.271000	11106.935000	0.032000	0.000000	81732.238000	50540	16
planetlab4.wail.wisc.edu_planetlab-3.cmcl.cs.cmu.edu_13145 4	70698.587000	11094.810000	0.034000	0.000000	81793.431000	50544	16
planetlab4.wail.wisc.edu_planetlab-3.cmcl.cs.cmu.edu_13149 4	70706.044000	11087.854000	0.016000	0.000000	81793.914000	50545	16
planetlab4.wail.wisc.edu_planetlab-3.cmcl.cs.cmu.edu_13153 4	70714.388000	11079.625000	0.034000	0.000000	81794.047000	50548	16
planetlab4.wail.wisc.edu_planetlab-3.cmcl.cs.cmu.edu_13147 4	70711.435000	11084.420000	0.026000	0.000000	81795.881000	50546	16
planetlab4.wail.wisc.edu_planetlab-3.cmcl.cs.cmu.edu_13181 4	72395.360000	11115.273000	0.028000	0.000000	83510.661000	50552	16
planetlab4.wail.wisc.edu_planetlab-3.cmcl.cs.cmu.edu_13261 4	72430.195000	11080.324000	0.020000	0.000000	83510.539000	50566	16
planetlab4.wail.wisc.edu_planetlab-3.cmcl.cs.cmu.edu_13297 4	72542.303000	10968.153000	0.053000	0.000000	83510.509000	50576	16
planetlab4.wail.wisc.edu_planetlab-3.cmcl.cs.cmu.edu_13301 4	72577.969000	10932.632000	0.028000	0.000000	83510.629000	50579	16
planetlab4.wail.wisc.edu_planetlab-3.cmcl.cs.cmu.edu_13329 4	72618.236000	10892.006000	0.018000	0.000000	83510.260000	50595	16
planetlab4.wail.wisc.edu_planetlab-3.cmcl.cs.cmu.edu_13380 4	72728.985000	10781.135000	0.033000	0.000000	83510.153000	50604	16
planetlab4.wail.wisc.edu_planetlab-3.cmcl.cs.cmu.edu_13393 4	72835.226000	10675.117000	0.033000	0.000000	83510.376000	50609	16
planetlab4.wail.wisc.edu_planetlab-3.cmcl.cs.cmu.edu_13395 4	72816.914000	10693.616000	0.017000	0.000000	83510.547000	50610	16
planetlab4.wail.wisc.edu_planetlab-3.cmcl.cs.cmu.edu_13405 4	72907.985000	10602.693000	0.031000	0.000000	83510.709000	50611	16
planetlab4.wail.wisc.edu_planetlab-3.cmcl.cs.cmu.edu_13421 4	72980.819000	10529.936000	0.028000	0.000000	83510.783000	50615	16
planetlab4.wail.wisc.edu_planetlab-3.cmcl.cs.cmu.edu_13453 4	73080.414000	10430.433000	0.032000	0.000000	83510.879000	50618	16
planetlab4.wail.wisc.edu_planetlab-3.cmcl.cs.cmu.edu_13455 4	73091.034000	10420.005000	0.030000	0.000000	83511.069000	50619	16
planetlab4.wail.wisc.edu_planetlab-3.cmcl.cs.cmu.edu_13464 4	73111.327000	10404.295000	0.025000	0.000000	83515.647000	50518	16
planetlab4.wail.wisc.edu_planetlab-3.cmcl.cs.cmu.edu_13480 4	73140.801000	10376.093000	0.031000	0.000000	83516.925000	50624	16
planetlab4.wail.wisc.edu_planetlab-3.cmcl.cs.cmu.edu_13490 4	73244.791000	10300.651000	0.036000	0.000000	83545.478000	50626	16
planetlab4.wail.wisc.edu_planetlab-3.cmcl.cs.cmu.edu_13494 4	73273.440000	10298.748000	0.034000	0.000000	83572.222000	50628	16
planetlab4.wail.wisc.edu_planetlab-3.cmcl.cs.cmu.edu_13496 4	73287.764000	10293.569000	0.031000	0.000000	83581.364000	50630	16
planetlab4.wail.wisc.edu_planetlab-3.cmcl.cs.cmu.edu_13506 4	73335.407000	10264.229000	0.027000	0.000000	83599.663000	50631	16
planetlab4.wail.wisc.edu_planetlab-3.cmcl.cs.cmu.edu_13518 4	73378.474000	10274.739000	0.036000	0.000000	83653.249000	50638	16
planetlab4.wail.wisc.edu_planetlab-3.cmcl.cs.cmu.edu_13524 4	73399.555000	10273.635000	0.031000	0.000000	83673.221000	50639	16
planetlab4.wail.wisc.edu_planetlab-3.cmcl.cs.cmu.edu_13526 4	73399.842000	10282.355000	0.021000	0.000000	83682.218000	50640	16
planetlab4.wail.wisc.edu_planetlab-3.cmcl.cs.cmu.edu_13529 4	73407.316000	10289.251000	0.027000	0.000000	83696.594000	50641	16
planetlab4.wail.wisc.edu_planetlab-3.cmcl.cs.cmu.edu_13530 4	73408.730000	10292.308000	0.016000	0.000000	83701.054000	50642	16
planetlab4.wail.wisc.edu_planetlab-3.cmcl.cs.cmu.edu_13536 4	73425.938000	10293.366000	0.027000	0.000000	83719.331000	50644	16
planetlab4.wail.wisc.edu_planetlab-3.cmcl.cs.cmu.edu_13540 4	73432.247000	10305.360000	0.025000	0.000000	83737.632000	50646	16
planetlab4.wail.wisc.edu_planetlab-3.cmcl.cs.cmu.edu_13544 4	73457.034000	10286.570000	0.035000	0.000000	83743.639000	50648	16
planetlab4.wail.wisc.edu_planetlab-3.cmcl.cs.cmu.edu_13600 4	73820.889000	10167.103000	0.027000	0.000000	83988.019000	50662	16
planetlab4.wail.wisc.edu_planetlab-3.cmcl.cs.cmu.edu_13647 4	74124.495000	10088.833000	0.028000	0.000000	84213.356000	50672	16
planetlab4.wail.wisc.edu_planetlab-3.cmcl.cs.cmu.edu_13655 4	74237.750000	10014.241000	0.035000	0.000000	84252.026000	50675	16
planetlab4.wail.wisc.edu_planetlab-3.cmcl.cs.cmu.edu_13663 4	74260.994000	10025.561000	0.030000	0.000000	84286.585000	50680	16
planetlab4.wail.wisc.edu_planetlab-3.cmcl.cs.cmu.edu_13683 4	74394.315000	10019.554000	0.034000	0.000000	84413.903000	50688	16
planetlab4.wail.wisc.edu_planetlab-3.cmcl.cs.cmu.edu_13702 4	74591.278000	9908.230000	0.038000	0.000000	84499.546000	50692	16
planetlab4.wail.wisc.edu_planetlab-3.cmcl.cs.cmu.edu_13737 4	74875.783000	9747.476000	0.033000	0.000000	84623.292000	50699	16
planetlab4.wail.wisc.edu_planetlab-3.cmcl.cs.cmu.edu_13119 4	73370.346000	11284.611000	0.027000	0.000000	84654.984000	50528	16
planetlab4.wail.wisc.edu_planetlab-3.cmcl.cs.cmu.edu_13760 4	75025.777000	9659.602000	0.112000	0.000000	84685.491000	50704	16
planetlab4.wail.wisc.edu_planetlab-3.cmcl.cs.cmu.edu_13762 4	75026.178000	9661.397000	0.032000	0.000000	84687.607000	50705	16
planetlab4.wail.wisc.edu_planetlab-3.cmcl.cs.cmu.edu_13787 4	75175.867000	9577.098000	0.205000	0.000000	84753.170000	50707	16
planetlab4.wail.wisc.edu_planetlab-3.cmcl.cs.cmu.edu_13785 4	75174.437000	9579.226000	0.028000	0.000000	84753.691000	50706	16
planetlab4.wail.wisc.edu_planetlab-3.cmcl.cs.cmu.edu_13803 4	75298.393000	9511.433000	0.035000	0.000000	84809.861000	50708	16
planetlab4.wail.wisc.edu_planetlab-3.cmcl.cs.cmu.edu_13815 4	75380.467000	9453.457000	0.031000	0.000000	84833.955000	50712	16
planetlab4.wail.wisc.edu_planetlab-3.cmcl.cs.cmu.edu_13825 4	75418.777000	9436.183000	0.022000	0.000000	84854.982000	50713	16
planetlab4.wail.wisc.edu_planetlab-3.cmcl.cs.cmu.edu_13829 4	75420.609000	9434.688000	0.014000	0.000000	84855.311000	50714	16
planetlab4.wail.wisc.edu_planetlab-3.cmcl.cs.cmu.edu_13841 4	75511.936000	9384.823000	0.039000	0.000000	84896.798000	50715	16
planetlab4.wail.wisc.edu_planetlab-3.cmcl.cs.cmu.edu_13849 4	75573.019000	9347.679000	0.042000	0.000000	84920.740000	50719	16
planetlab4.wail.wisc.edu_planetlab-3.cmcl.cs.cmu.edu_13877 4	75795.431000	9209.207000	0.038000	0.000000	85004.676000	50725	16
planetlab4.wail.wisc.edu_planetlab-3.cmcl.cs.cmu.edu_13900 4	75960.774000	9115.044000	0.021000	0.000000	85075.839000	50734	16
planetlab4.wail.wisc.edu_planetlab-3.cmcl.cs.cmu.edu_13906 4	75981.767000	9099.166000	0.040000	0.000000	85080.973000	50736	16
planetlab4.wail.wisc.edu_planetlab-3.cmcl.cs.cmu.edu_13920 4	76075.553000	9067.251000	0.034000	0.000000	85142.838000	50408	16
planetlab4.wail.wisc.edu_planetlab-3.cmcl.cs.cmu.edu_13955 4	76323.136000	8879.903000	0.163000	0.000000	85203.202000	50747	16
planetlab4.wail.wisc.edu_planetlab-3.cmcl.cs.cmu.edu_13968 4	76430.908000	8815.609000	0.030000	0.000000	85246.547000	50752	16
planetlab4.wail.wisc.edu_planetlab-3.cmcl.cs.cmu.edu_13980 4	76508.231000	8779.046000	0.037000	0.000000	85287.314000	50753	16
planetlab4.wail.wisc.edu_planetlab-3.cmcl.cs.cmu.edu_13982 4	76559.572000	8733.679000	0.043000	0.000000	85293.294000	50754	16
planetlab4.wail.wisc.edu_planetlab-3.cmcl.cs.cmu.edu_13987 4	76626.561000	8673.594000	0.037000	0.000000	85300.192000	50756	16
planetlab4.wail.wisc.edu_planetlab-3.cmcl.cs.cmu.edu_14005 4	76725.804000	8610.841000	0.039000	0.000000	85336.684000	50760	16
planetlab4.wail.wisc.edu_planetlab-3.cmcl.cs.cmu.edu_14011 4	76769.697000	8590.376000	0.037000	0.000000	85360.110000	50766	16
planetlab4.wail.wisc.edu_planetlab-3.cmcl.cs.cmu.edu_14019 4	76816.344000	8563.436000	0.034000	0.000000	85379.814000	50768	16
planetlab4.wail.wisc.edu_planetlab-3.cmcl.cs.cmu.edu_14030 4	76916.276000	8491.286000	0.037000	0.000000	85407.599000	50769	16
planetlab4.wail.wisc.edu_planetlab-3.cmcl.cs.cmu.edu_14041 4	76964.882000	8477.599000	0.040000	0.000000	85442.521000	50770	16
planetlab4.wail.wisc.edu_planetlab-3.cmcl.cs.cmu.edu_14043 4	76979.213000	8464.485000	0.040000	0.000000	85443.738000	50771	16
planetlab4.wail.wisc.edu_planetlab-3.cmcl.cs.cmu.edu_14049 4	77009.936000	8443.190000	0.041000	0.000000	85453.167000	50772	16
planetlab4.wail.wisc.edu_planetlab-3.cmcl.cs.cmu.edu_14051 4	77053.180000	8404.570000	0.337000	0.000000	85458.087000	50773	16
planetlab4.wail.wisc.edu_planetlab-3.cmcl.cs.cmu.edu_14069 4	77193.959000	8308.067000	0.038000	0.000000	85502.064000	50774	16
planetlab4.wail.wisc.edu_planetlab-3.cmcl.cs.cmu.edu_14081 4	77267.284000	8259.674000	0.028000	0.000000	85526.986000	50776	16
planetlab4.wail.wisc.edu_planetlab-3.cmcl.cs.cmu.edu_14085 4	77287.308000	8244.651000	0.030000	0.000000	85531.989000	50777	16
planetlab4.wail.wisc.edu_planetlab-3.cmcl.cs.cmu.edu_14087 4	77289.358000	8245.328000	0.019000	0.000000	85534.705000	50778	16
planetlab4.wail.wisc.edu_planetlab-3.cmcl.cs.cmu.edu_14093 4	77306.322000	8240.130000	0.024000	0.000000	85546.476000	50779	16
