planetlab4.wail.wisc.edu_planetlab-1.usask.ca_15240 4	866.361000	0.799000	0.058000	0.000000	867.218000	29519	16
pluto.cs.brown.edu_planetlab-1.usask.ca_3657 4	895.119000	1.512000	0.047000	0.000000	896.678000	29521	768
pluto.cs.brown.edu_planetlab-1.usask.ca_3659 4	947.349000	1.549000	0.042000	0.000000	948.940000	29528	768
pluto.cs.brown.edu_planetlab-1.usask.ca_3661 4	963.811000	6.641000	0.038000	0.000000	970.490000	29529	768
pluto.cs.brown.edu_planetlab-1.usask.ca_3663 4	971.622000	0.856000	0.032000	0.000000	972.510000	29531	768
pluto.cs.brown.edu_planetlab-1.usask.ca_3665 4	998.961000	0.417000	0.036000	0.000000	999.414000	29533	768
planetlab2.netlab.uky.edu_planetlab-1.usask.ca_8204 3	999.523000	1.170000	0.037000	0.000000	1000.730000	29541	544
pl2.eecs.utk.edu_planetlab-1.usask.ca_7305 2	1029.460000	2.460000	0.043000	0.000000	1031.963000	29552	224
planetlab2.umassd.edu_planetlab-1.usask.ca_14548 4	1035.406000	7.039000	0.065000	0.000000	1042.510000	29549	64
planetlab2.acis.ufl.edu_planetlab-1.usask.ca_7087 4	1050.257000	1.455000	0.071000	0.000000	1051.783000	29516	1056
planetlab2.eecs.umich.edu_planetlab-1.usask.ca_11093 5	1073.256000	3.552000	0.117000	0.000000	1076.925000	29517	2048
planetlab-01.bu.edu_planetlab-1.usask.ca_3607 3	1108.663000	1.399000	0.041000	0.000000	1110.103000	29550	640
planetlab2.umassd.edu_planetlab-1.usask.ca_14550 4	1157.395000	7.646000	0.072000	0.000000	1165.113000	29563	64
planetlab5.williams.edu_planetlab-1.usask.ca_3870 4	1161.486000	7.755000	0.033000	0.000000	1169.274000	29534	2112
planetlab1.eecs.umich.edu_planetlab-1.usask.ca_2545 6	1164.292000	15.285000	0.198000	0.000000	1179.775000	29540	2304
plab4.eece.ksu.edu_planetlab-1.usask.ca_7499 4	1180.826000	0.329000	0.133000	0.000000	1181.288000	29547	2080
pluto.cs.brown.edu_planetlab-1.usask.ca_3667 4	1208.444000	0.111000	0.037000	0.000000	1208.592000	29561	768
planetlab4.rutgers.edu_planetlab-1.usask.ca_8722 5	1224.481000	1.493000	0.076000	0.000000	1226.050000	29537	1024
planetlab1.cs.purdue.edu_planetlab-1.usask.ca_1998 3	1242.584000	6.381000	0.049000	0.000000	1249.014000	29574	2208
planetlab2.umassd.edu_planetlab-1.usask.ca_14552 4	1249.844000	14.264000	0.031000	0.000000	1264.139000	29575	64
planetlab1.rutgers.edu_planetlab-1.usask.ca_10040 4	1258.372000	6.798000	0.077000	0.000000	1265.247000	29571	512
planetlab4.wail.wisc.edu_planetlab-1.usask.ca_15345 4	1286.893000	10.524000	0.035000	0.000000	1297.452000	29572	16
planetlab6.cs.duke.edu_planetlab-1.usask.ca_8160 5	1298.397000	7.845000	0.044000	0.000000	1306.286000	29579	288
planetlab1.cs.cornell.edu_planetlab-1.usask.ca_2736 6	1325.393000	0.894000	0.068000	0.000000	1326.355000	29551	1280
planetlab7.flux.utah.edu_planetlab-1.usask.ca_2397 4	1330.271000	1.832000	0.035000	0.000000	1332.138000	29582	1536
planetlab4.wail.wisc.edu_planetlab-1.usask.ca_15367 4	1350.392000	5.525000	0.040000	0.000000	1355.957000	29583	16
planetlab2.eecs.umich.edu_planetlab-1.usask.ca_11095 5	1351.862000	6.951000	0.086000	0.000000	1358.899000	29553	2048
planetlab2.dtc.umn.edu_planetlab-1.usask.ca_1968 2	1362.537000	1.330000	0.044000	0.000000	1363.911000	29603	3072
planetlab4.williams.edu_planetlab-1.usask.ca_2447 4	1368.207000	5.755000	0.046000	0.000000	1374.008000	29586	336
earth.cs.brown.edu_planetlab-1.usask.ca_13615 3	1382.614000	0.552000	0.046000	0.000000	1383.212000	29597	96
planetlab7.flux.utah.edu_planetlab-1.usask.ca_2409 4	1387.165000	7.871000	0.032000	0.000000	1395.068000	29590	1536
planetlab4.rutgers.edu_planetlab-1.usask.ca_8725 5	1402.408000	10.095000	0.045000	0.000000	1412.548000	29562	1024
planetlab7.flux.utah.edu_planetlab-1.usask.ca_2423 4	1433.361000	19.866000	0.028000	0.000000	1453.255000	29594	1536
planetlab7.flux.utah.edu_planetlab-1.usask.ca_2425 4	1446.621000	7.094000	0.027000	0.000000	1453.742000	29596	1536
planetlab7.flux.utah.edu_planetlab-1.usask.ca_2427 4	1460.156000	13.187000	0.027000	0.000000	1473.370000	29598	1536
planetlab2.netlab.uky.edu_planetlab-1.usask.ca_8208 3	1487.763000	4.939000	0.054000	0.000000	1492.756000	29605	544
planetlab7.flux.utah.edu_planetlab-1.usask.ca_2435 4	1467.315000	38.899000	0.027000	0.000000	1506.241000	29599	1536
planetlab1.cs.cornell.edu_planetlab-1.usask.ca_2743 6	1514.459000	1.460000	0.057000	0.000000	1515.976000	29573	1280
planetlab2.eecs.umich.edu_planetlab-1.usask.ca_11102 5	1558.971000	6.394000	0.100000	0.000000	1565.465000	29581	2048
planetlab2.umassd.edu_planetlab-1.usask.ca_14557 4	1635.153000	1.061000	0.032000	0.000000	1636.246000	29627	64
node1.planetlab.albany.edu_planetlab-1.usask.ca_19482 4	1661.147000	1.597000	0.037000	0.000000	1662.781000	29618	32
planetlab7.flux.utah.edu_planetlab-1.usask.ca_2448 4	1687.095000	0.859000	0.040000	0.000000	1687.994000	29630	1536
planetlab2.eecs.umich.edu_planetlab-1.usask.ca_11133 5	1699.284000	5.779000	0.090000	0.000000	1705.153000	29595	2048
planetlab1.cs.uoregon.edu_planetlab-1.usask.ca_10408 6	1729.908000	3.039000	0.048000	0.000000	1732.995000	29606	256
vn4.cse.wustl.edu_planetlab-1.usask.ca_6270 5	1733.693000	2.123000	0.054000	0.000000	1735.870000	29629	272
planetlab2.netlab.uky.edu_planetlab-1.usask.ca_8210 3	1733.628000	2.389000	0.035000	0.000000	1736.052000	29637	544
planetlab4.wail.wisc.edu_planetlab-1.usask.ca_15462 4	1764.967000	1.119000	0.032000	0.000000	1766.118000	29639	16
planetlab5.williams.edu_planetlab-1.usask.ca_3909 4	1789.299000	3.854000	0.041000	0.000000	1793.194000	29620	2112
planetlab4.wail.wisc.edu_planetlab-1.usask.ca_15467 4	1787.274000	4.801000	0.026000	0.000000	1792.101000	29643	16
planetlab4.wail.wisc.edu_planetlab-1.usask.ca_15469 4	1792.557000	1.311000	0.044000	0.000000	1793.912000	29645	16
planetlab4.wail.wisc.edu_planetlab-1.usask.ca_15471 4	1835.155000	2.893000	0.046000	0.000000	1838.094000	29646	16
planetlab4.wail.wisc.edu_planetlab-1.usask.ca_15477 4	1839.459000	8.983000	0.032000	0.000000	1848.474000	29647	16
planetlab2.umassd.edu_planetlab-1.usask.ca_14559 4	1876.854000	3.143000	0.032000	0.000000	1880.029000	29659	64
planetlab5.williams.edu_planetlab-1.usask.ca_3916 4	1879.174000	3.146000	0.023000	0.000000	1882.343000	29633	2112
pluto.cs.brown.edu_planetlab-1.usask.ca_3669 4	1910.668000	0.493000	0.071000	0.000000	1911.232000	29657	768
planetlab2.netlab.uky.edu_planetlab-1.usask.ca_8212 3	1922.744000	6.829000	0.053000	0.000000	1929.626000	29665	544
planetlab4.wail.wisc.edu_planetlab-1.usask.ca_15494 4	1943.555000	3.247000	0.047000	0.000000	1946.849000	29663	16
planetlab2.netlab.uky.edu_planetlab-1.usask.ca_8214 3	1943.994000	2.789000	0.047000	0.000000	1946.830000	29668	544
planetlab7.flux.utah.edu_planetlab-1.usask.ca_2450 4	1944.695000	2.876000	0.035000	0.000000	1947.606000	29662	1536
planetlab2.cs.cornell.edu_planetlab-1.usask.ca_4812 4	1971.444000	16.301000	0.063000	0.000000	1987.808000	29644	448
planetlab2.netlab.uky.edu_planetlab-1.usask.ca_8216 3	1987.686000	4.912000	0.052000	0.000000	1992.650000	29669	544
planetlab2.netlab.uky.edu_planetlab-1.usask.ca_8218 3	1994.092000	1.420000	0.042000	0.000000	1995.554000	29671	544
planetlab2.umassd.edu_planetlab-1.usask.ca_14561 4	1996.518000	0.714000	0.035000	0.000000	1997.267000	29675	64
plab4.eece.ksu.edu_planetlab-1.usask.ca_7595 4	1994.061000	12.955000	0.028000	0.000000	2007.044000	29656	2080
planetlab1.eecs.umich.edu_planetlab-1.usask.ca_2570 6	2015.564000	2.244000	0.095000	0.000000	2017.903000	29655	2304
planetlab2.netlab.uky.edu_planetlab-1.usask.ca_8220 3	2035.222000	10.459000	0.047000	0.000000	2045.728000	29677	544
planetlab2.acis.ufl.edu_planetlab-1.usask.ca_7092 4	2046.213000	2.448000	0.037000	0.000000	2048.698000	29651	1056
planetlab2.umassd.edu_planetlab-1.usask.ca_14570 4	2041.501000	9.323000	0.026000	0.000000	2050.850000	29683	64
planetlab4.wail.wisc.edu_planetlab-1.usask.ca_15508 4	2044.526000	6.943000	0.037000	0.000000	2051.506000	29679	16
planetlab2.netlab.uky.edu_planetlab-1.usask.ca_8222 3	2058.309000	5.334000	0.047000	0.000000	2063.690000	29685	544
planetlab4.wail.wisc.edu_planetlab-1.usask.ca_15514 4	2063.514000	0.958000	0.027000	0.000000	2064.499000	29681	16
planetlab2.umassd.edu_planetlab-1.usask.ca_14573 4	2070.188000	0.650000	0.027000	0.000000	2070.865000	29689	64
planetlab4.rutgers.edu_planetlab-1.usask.ca_8730 5	2076.330000	2.670000	0.029000	0.000000	2079.029000	29641	1024
planetlab2.umassd.edu_planetlab-1.usask.ca_14575 4	2077.482000	1.233000	0.028000	0.000000	2078.743000	29690	64
planetlabone.ccs.neu.edu_planetlab-1.usask.ca_1335 3	2083.767000	0.535000	0.041000	0.000000	2084.343000	29693	3200
planetlab2.umassd.edu_planetlab-1.usask.ca_14577 4	2099.738000	1.491000	0.030000	0.000000	2101.259000	29691	64
planetlab2.umassd.edu_planetlab-1.usask.ca_14580 4	2125.952000	1.336000	0.089000	0.000000	2127.377000	29695	64
planetlab1.cs.pitt.edu_planetlab-1.usask.ca_4377 5	2137.808000	1.766000	0.037000	0.000000	2139.611000	29667	384
planetlab6.cs.duke.edu_planetlab-1.usask.ca_8165 5	2139.107000	0.867000	0.040000	0.000000	2140.014000	29694	288
ricepl-2.cs.rice.edu_planetlab-1.usask.ca_2859 2	2163.518000	8.081000	0.053000	0.000000	2171.652000	29711	176
planetlab1.rutgers.edu_planetlab-1.usask.ca_10049 4	2191.594000	0.856000	0.071000	0.000000	2192.521000	29699	512
planetlab4.wail.wisc.edu_planetlab-1.usask.ca_15533 4	2205.265000	0.300000	0.036000	0.000000	2205.601000	29700	16
node1.planetlab.albany.edu_planetlab-1.usask.ca_19486 4	2235.545000	6.019000	0.048000	0.000000	2241.612000	29697	32
planetlab1.rutgers.edu_planetlab-1.usask.ca_10051 4	2251.397000	2.174000	0.125000	0.000000	2253.696000	29708	512
planetlab1.cs.cornell.edu_planetlab-1.usask.ca_2751 6	2272.934000	1.038000	0.075000	0.000000	2274.047000	29680	1280
planetlab2.eecs.umich.edu_planetlab-1.usask.ca_11264 5	2300.894000	25.456000	0.090000	0.000000	2326.440000	29678	2048
planetlab1.rutgers.edu_planetlab-1.usask.ca_10053 4	2322.797000	1.244000	0.056000	0.000000	2324.097000	29716	512
planetlab4.wail.wisc.edu_planetlab-1.usask.ca_15547 4	2323.145000	1.425000	0.032000	0.000000	2324.602000	29714	16
flow.colgate.edu_planetlab-1.usask.ca_7741 3	2322.945000	1.725000	0.031000	0.000000	2324.701000	29718	192
planetlab1.rutgers.edu_planetlab-1.usask.ca_10055 4	2323.018000	1.788000	0.071000	0.000000	2324.877000	29720	512
planetlab1.rutgers.edu_planetlab-1.usask.ca_10057 4	2338.801000	3.674000	0.105000	0.000000	2342.580000	29724	512
planetlab1.rutgers.edu_planetlab-1.usask.ca_10059 4	2339.399000	3.484000	0.078000	0.000000	2342.961000	29725	512
planetlab1.cs.pitt.edu_planetlab-1.usask.ca_4382 5	2350.352000	3.666000	0.076000	0.000000	2354.094000	29696	384
node1.planetlab.albany.edu_planetlab-1.usask.ca_19490 4	2349.817000	56.557000	0.042000	0.000000	2406.416000	29712	32
node1.planetlab.albany.edu_planetlab-1.usask.ca_19493 4	2417.026000	1.800000	0.040000	0.000000	2418.866000	29713	32
node1.planetlab.albany.edu_planetlab-1.usask.ca_19494 4	2417.489000	1.674000	0.021000	0.000000	2419.184000	29715	32
node1.planetlab.albany.edu_planetlab-1.usask.ca_19496 4	2444.629000	6.127000	0.030000	0.000000	2450.786000	29717	32
planetlab1.rutgers.edu_planetlab-1.usask.ca_10062 4	2444.058000	6.386000	0.053000	0.000000	2450.497000	29726	512
planetlab4.rutgers.edu_planetlab-1.usask.ca_8734 5	2445.757000	6.912000	0.187000	0.000000	2452.856000	29698	1024
planetlab-01.bu.edu_planetlab-1.usask.ca_3623 3	2443.894000	17.425000	0.033000	0.000000	2461.352000	29733	640
node1.planetlab.albany.edu_planetlab-1.usask.ca_19502 4	2467.724000	2.448000	0.035000	0.000000	2470.207000	29721	32
planetlab4.rutgers.edu_planetlab-1.usask.ca_8736 5	2468.886000	2.946000	0.038000	0.000000	2471.870000	29704	1024
planetlab4.rutgers.edu_planetlab-1.usask.ca_8738 5	2469.151000	2.859000	0.032000	0.000000	2472.042000	29706	1024
planetlab1.cs.uoregon.edu_planetlab-1.usask.ca_10441 6	2468.914000	47.406000	0.062000	0.000000	2516.382000	29703	256
nodeb.howard.edu_planetlab-1.usask.ca_1532 5	2468.240000	47.390000	0.031000	0.000000	2515.661000	29723	2368
planetlab4.rutgers.edu_planetlab-1.usask.ca_8740 5	2486.049000	31.125000	0.036000	0.000000	2517.210000	29707	1024
node1.planetlab.albany.edu_planetlab-1.usask.ca_19504 4	2484.645000	88.004000	0.035000	0.000000	2572.684000	29732	32
planetlab4.rutgers.edu_planetlab-1.usask.ca_8742 5	2486.422000	88.206000	0.025000	0.000000	2574.653000	29710	1024
planetlab2.eecs.umich.edu_planetlab-1.usask.ca_11308 5	2490.383000	85.100000	0.082000	0.000000	2575.565000	29702	2048
planetlab-03.cs.princeton.edu_planetlab-1.usask.ca_7242 3	2557.829000	32.039000	0.031000	0.000000	2589.899000	29757	80
planetlab1.rutgers.edu_planetlab-1.usask.ca_10066 4	2563.269000	26.981000	0.127000	0.000000	2590.377000	29756	512
node1.planetlab.albany.edu_planetlab-1.usask.ca_19506 4	2570.631000	20.898000	0.034000	0.000000	2591.563000	29745	32
planetlab4.rutgers.edu_planetlab-1.usask.ca_8744 5	2579.057000	14.507000	0.050000	0.000000	2593.614000	29722	1024
planetlab2.eecs.umich.edu_planetlab-1.usask.ca_11328 5	2590.744000	4.064000	0.079000	0.000000	2594.887000	29709	2048
planetlab4.rutgers.edu_planetlab-1.usask.ca_8746 5	2625.950000	28.920000	0.040000	0.000000	2654.910000	29728	1024
planetlab4.rutgers.edu_planetlab-1.usask.ca_8748 5	2640.337000	14.826000	0.032000	0.000000	2655.195000	29730	1024
planetlab4.rutgers.edu_planetlab-1.usask.ca_8750 5	2640.482000	14.992000	0.020000	0.000000	2655.494000	29731	1024
planetlab4.rutgers.edu_planetlab-1.usask.ca_8752 5	2640.363000	15.274000	0.023000	0.000000	2655.660000	29734	1024
planetlab-03.cs.princeton.edu_planetlab-1.usask.ca_7244 3	2650.808000	2.669000	0.026000	0.000000	2653.503000	29768	80
planetlab1.eecs.umich.edu_planetlab-1.usask.ca_2589 6	2650.628000	24.254000	0.101000	0.000000	2674.983000	29748	2304
planetlab2.eecs.umich.edu_planetlab-1.usask.ca_11334 5	2650.239000	26.307000	0.263000	0.000000	2676.809000	29729	2048
planetlab4.rutgers.edu_planetlab-1.usask.ca_8754 5	2665.433000	11.214000	0.034000	0.000000	2676.681000	29736	1024
planetlab4.rutgers.edu_planetlab-1.usask.ca_8758 5	2673.988000	50.152000	0.026000	0.000000	2724.166000	29737	1024
planetlab4.rutgers.edu_planetlab-1.usask.ca_8760 5	2673.943000	50.728000	0.022000	0.000000	2724.693000	29738	1024
node1.planetlab.albany.edu_planetlab-1.usask.ca_19510 4	2688.046000	54.445000	0.039000	0.000000	2742.530000	29760	32
planetlab4.rutgers.edu_planetlab-1.usask.ca_8762 5	2689.742000	54.921000	0.026000	0.000000	2744.689000	29739	1024
planetlab1.cs.uoregon.edu_planetlab-1.usask.ca_10450 6	2695.001000	50.034000	0.037000	0.000000	2745.072000	29741	256
node1.planetlab.albany.edu_planetlab-1.usask.ca_19512 4	2705.934000	37.838000	0.033000	0.000000	2743.805000	29763	32
node1.planetlab.albany.edu_planetlab-1.usask.ca_19514 4	2706.248000	68.637000	0.028000	0.000000	2774.913000	29761	32
node1.planetlab.albany.edu_planetlab-1.usask.ca_19516 4	2719.770000	55.178000	0.023000	0.000000	2774.971000	29765	32
planetlab4.rutgers.edu_planetlab-1.usask.ca_8764 5	2743.067000	34.060000	0.034000	0.000000	2777.161000	29740	1024
planetlab4.rutgers.edu_planetlab-1.usask.ca_8766 5	2743.140000	34.192000	0.019000	0.000000	2777.351000	29742	1024
planetlab4.rutgers.edu_planetlab-1.usask.ca_8769 5	2769.652000	7.719000	0.020000	0.000000	2777.391000	29746	1024
planetlab4.rutgers.edu_planetlab-1.usask.ca_8770 5	2769.710000	48.823000	0.020000	0.000000	2818.553000	29743	1024
node1.planetlab.albany.edu_planetlab-1.usask.ca_19518 4	2768.287000	71.297000	0.036000	0.000000	2839.620000	29769	32
planetlab4.rutgers.edu_planetlab-1.usask.ca_8772 5	2807.388000	33.852000	0.032000	0.000000	2841.272000	29752	1024
planetlab4.rutgers.edu_planetlab-1.usask.ca_8774 5	2807.484000	33.979000	0.028000	0.000000	2841.491000	29754	1024
planetlab1.rutgers.edu_planetlab-1.usask.ca_10068 4	2805.073000	48.463000	0.078000	0.000000	2853.614000	29788	512
planetlab4.rutgers.edu_planetlab-1.usask.ca_8776 5	2815.267000	41.284000	0.022000	0.000000	2856.573000	29755	1024
node1.planetlab.albany.edu_planetlab-1.usask.ca_19520 4	2814.176000	41.360000	0.041000	0.000000	2855.577000	29776	32
node1.planetlab.albany.edu_planetlab-1.usask.ca_19522 4	2814.347000	41.651000	0.022000	0.000000	2856.020000	29777	32
node1.planetlab.albany.edu_planetlab-1.usask.ca_19524 4	2814.363000	86.492000	0.031000	0.000000	2900.886000	29778	32
node1.planetlab.albany.edu_planetlab-1.usask.ca_19526 4	2824.711000	76.478000	0.021000	0.000000	2901.210000	29779	32
planetlab-1.cse.ohio-state.edu_planetlab-1.usask.ca_2214 4	2831.591000	76.993000	0.044000	0.000000	2908.628000	29682	2560
node1.planetlab.albany.edu_planetlab-1.usask.ca_19528 4	2831.546000	70.261000	0.024000	0.000000	2901.831000	29780	32
node1.planetlab.albany.edu_planetlab-1.usask.ca_19530 4	2831.623000	70.503000	0.021000	0.000000	2902.147000	29781	32
node1.planetlab.albany.edu_planetlab-1.usask.ca_19532 4	2836.887000	65.429000	0.024000	0.000000	2902.340000	29783	32
planetlab2.umassd.edu_planetlab-1.usask.ca_14616 4	2844.028000	57.443000	0.020000	0.000000	2901.491000	29796	64
planetlab4.rutgers.edu_planetlab-1.usask.ca_8778 5	2848.125000	69.156000	0.044000	0.000000	2917.325000	29758	1024
node1.planetlab.albany.edu_planetlab-1.usask.ca_19534 4	2852.330000	63.561000	0.023000	0.000000	2915.914000	29784	32
node1.planetlab.albany.edu_planetlab-1.usask.ca_19536 4	2869.840000	46.336000	0.024000	0.000000	2916.200000	29785	32
vn4.cse.wustl.edu_planetlab-1.usask.ca_6278 5	2888.003000	27.953000	0.035000	0.000000	2915.991000	29790	272
node1.planetlab.albany.edu_planetlab-1.usask.ca_19538 4	2888.423000	28.361000	0.035000	0.000000	2916.819000	29787	32
flow.colgate.edu_planetlab-1.usask.ca_7749 3	2887.982000	28.351000	0.032000	0.000000	2916.365000	29795	192
node1.planetlab.albany.edu_planetlab-1.usask.ca_19540 4	2888.774000	69.009000	0.025000	0.000000	2957.808000	29789	32
planetlab2.eecs.umich.edu_planetlab-1.usask.ca_11342 5	2897.912000	62.244000	0.039000	0.000000	2960.195000	29764	2048
planetlab2.eecs.umich.edu_planetlab-1.usask.ca_11341 5	2898.515000	62.184000	0.109000	0.000000	2960.808000	29762	2048
planetlab4.wail.wisc.edu_planetlab-1.usask.ca_15618 4	2897.540000	60.563000	0.036000	0.000000	2958.139000	29799	16
planetlab2.eecs.umich.edu_planetlab-1.usask.ca_11344 5	2900.377000	60.787000	0.069000	0.000000	2961.233000	29766	2048
planetlab2.eecs.umich.edu_planetlab-1.usask.ca_11346 5	2910.386000	63.986000	0.085000	0.000000	2974.457000	29767	2048
node1.planetlab.albany.edu_planetlab-1.usask.ca_19542 4	2936.015000	56.241000	0.030000	0.000000	2992.286000	29793	32
planetlab1.rutgers.edu_planetlab-1.usask.ca_10070 4	2935.700000	57.037000	0.055000	0.000000	2992.792000	29792	512
planetlab1.cs.uoregon.edu_planetlab-1.usask.ca_10455 6	2942.611000	52.147000	0.042000	0.000000	2994.800000	29773	256
planetlab2.eecs.umich.edu_planetlab-1.usask.ca_11350 5	2975.698000	19.306000	0.081000	0.000000	2995.085000	29774	2048
planetlab2.mnlab.cti.depaul.edu_planetlab-1.usask.ca_2771 4	2974.356000	42.396000	0.033000	0.000000	3016.785000	29812	1152
planetlab1.cs.unc.edu_planetlab-1.usask.ca_6249 3	2973.636000	42.971000	0.054000	0.000000	3016.661000	29819	528
earth.cs.brown.edu_planetlab-1.usask.ca_13619 3	3001.958000	14.933000	0.035000	0.000000	3016.926000	29822	96
aguila2.lsi.upc.edu_planetlab-1.usask.ca_4094 3	2996.158000	25.052000	0.059000	0.000000	3021.269000	29775	576
planetlab2.eecs.umich.edu_planetlab-1.usask.ca_11352 5	3009.198000	11.889000	0.079000	0.000000	3021.166000	29782	2048
planetlab1.rutgers.edu_planetlab-1.usask.ca_10073 4	3010.080000	8.730000	0.079000	0.000000	3018.889000	29814	512
node1.planetlab.albany.edu_planetlab-1.usask.ca_19548 4	3016.759000	15.828000	0.039000	0.000000	3032.626000	29808	32
planetlab4.rutgers.edu_planetlab-1.usask.ca_8782 5	3028.728000	7.407000	0.037000	0.000000	3036.172000	29770	1024
node1.planetlab.albany.edu_planetlab-1.usask.ca_19550 4	3030.805000	2.519000	0.035000	0.000000	3033.359000	29809	32
node1.planetlab.albany.edu_planetlab-1.usask.ca_19552 4	3043.238000	77.723000	0.044000	0.000000	3121.005000	29811	32
planetlab4.rutgers.edu_planetlab-1.usask.ca_8784 5	3056.806000	66.263000	0.028000	0.000000	3123.097000	29791	1024
node1.planetlab.albany.edu_planetlab-1.usask.ca_19556 4	3055.810000	65.973000	0.027000	0.000000	3121.810000	29813	32
planetlab1.rutgers.edu_planetlab-1.usask.ca_10075 4	3063.364000	57.848000	0.079000	0.000000	3121.291000	29825	512
planetlab1.rutgers.edu_planetlab-1.usask.ca_10077 4	3077.213000	54.453000	0.058000	0.000000	3131.724000	29827	512
planetlab1.rutgers.edu_planetlab-1.usask.ca_10079 4	3077.504000	54.720000	0.049000	0.000000	3132.273000	29826	512
planetlab4.rutgers.edu_planetlab-1.usask.ca_8786 5	3084.644000	50.478000	0.026000	0.000000	3135.148000	29794	1024
node1.planetlab.albany.edu_planetlab-1.usask.ca_19558 4	3113.726000	19.931000	0.031000	0.000000	3133.688000	29817	32
planetlab4.wail.wisc.edu_planetlab-1.usask.ca_15639 4	3113.410000	20.140000	0.037000	0.000000	3133.587000	29824	16
planetlab1.cs.uoregon.edu_planetlab-1.usask.ca_10459 6	3115.585000	22.542000	0.038000	0.000000	3138.165000	29797	256
planetlab4.rutgers.edu_planetlab-1.usask.ca_8788 5	3124.331000	13.826000	0.029000	0.000000	3138.186000	29800	1024
planetlab2.eecs.umich.edu_planetlab-1.usask.ca_11354 5	3124.335000	14.362000	0.079000	0.000000	3138.776000	29798	2048
planetlab1.rutgers.edu_planetlab-1.usask.ca_10082 4	3123.689000	12.665000	0.056000	0.000000	3136.410000	29835	512
planetlab1.rutgers.edu_planetlab-1.usask.ca_10083 4	3124.317000	12.726000	0.036000	0.000000	3137.079000	29831	512
planetlab4.wail.wisc.edu_planetlab-1.usask.ca_15641 4	3129.244000	24.418000	0.046000	0.000000	3153.708000	29828	16
planetlab4.wail.wisc.edu_planetlab-1.usask.ca_15643 4	3137.937000	16.083000	0.039000	0.000000	3154.059000	29829	16
planetlab4.rutgers.edu_planetlab-1.usask.ca_8790 5	3140.090000	16.312000	0.025000	0.000000	3156.427000	29802	1024
planetlab4.wail.wisc.edu_planetlab-1.usask.ca_15645 4	3148.459000	6.247000	0.037000	0.000000	3154.743000	29830	16
planetlab4.rutgers.edu_planetlab-1.usask.ca_8792 5	3150.571000	6.515000	0.023000	0.000000	3157.109000	29803	1024
planetlab2.umassd.edu_planetlab-1.usask.ca_14634 4	3192.228000	3.092000	0.031000	0.000000	3195.351000	29838	64
planetlab1.cs.uoregon.edu_planetlab-1.usask.ca_10461 6	3195.071000	4.481000	0.059000	0.000000	3199.611000	29801	256
planetlab4.rutgers.edu_planetlab-1.usask.ca_8794 5	3195.468000	4.537000	0.020000	0.000000	3200.025000	29806	1024
flow.colgate.edu_planetlab-1.usask.ca_7753 3	3217.689000	2.348000	0.040000	0.000000	3220.077000	29833	192
planetlab1.cs.uoregon.edu_planetlab-1.usask.ca_10463 6	3258.661000	7.582000	0.080000	0.000000	3266.323000	29804	256
planetlab2.umassd.edu_planetlab-1.usask.ca_14637 4	3257.677000	6.596000	0.022000	0.000000	3264.295000	29840	64
planetlab1.cs.uoregon.edu_planetlab-1.usask.ca_10465 6	3260.230000	6.829000	0.041000	0.000000	3267.100000	29807	256
planetlab1.rutgers.edu_planetlab-1.usask.ca_10085 4	3257.588000	7.295000	0.059000	0.000000	3264.942000	29843	512
planetlab4.wail.wisc.edu_planetlab-1.usask.ca_15653 4	3258.358000	7.426000	0.030000	0.000000	3265.814000	29836	16
planetlab1.cs.uoregon.edu_planetlab-1.usask.ca_10468 6	3256.012000	12.365000	0.058000	0.000000	3268.435000	29805	256
planetlab1.cs.uoregon.edu_planetlab-1.usask.ca_10470 6	3260.325000	8.713000	0.047000	0.000000	3269.085000	29810	256
planetlab1.williams.edu_planetlab-1.usask.ca_3000 4	3266.825000	8.787000	0.031000	0.000000	3275.643000	29823	2176
planetlab4.rutgers.edu_planetlab-1.usask.ca_8796 5	3260.246000	16.538000	0.034000	0.000000	3276.818000	29818	1024
planetlab4.wail.wisc.edu_planetlab-1.usask.ca_15667 4	3272.949000	2.394000	0.033000	0.000000	3275.376000	29844	16
plab4.eece.ksu.edu_planetlab-1.usask.ca_7709 4	3274.607000	1.999000	0.041000	0.000000	3276.647000	29832	2080
node1.planetlab.albany.edu_planetlab-1.usask.ca_19567 4	3274.157000	9.840000	0.028000	0.000000	3284.025000	29841	32
planetlab2.eecs.umich.edu_planetlab-1.usask.ca_11356 5	3272.544000	13.650000	0.084000	0.000000	3286.278000	29816	2048
planetlab1.rutgers.edu_planetlab-1.usask.ca_10087 4	3282.207000	1.850000	0.057000	0.000000	3284.114000	29852	512
planetlab1.cs.uoregon.edu_planetlab-1.usask.ca_10472 6	3285.761000	11.487000	0.048000	0.000000	3297.296000	29821	256
planetlab2.umassd.edu_planetlab-1.usask.ca_14646 4	3296.766000	0.192000	0.024000	0.000000	3296.982000	29856	64
planetlab1.rutgers.edu_planetlab-1.usask.ca_10089 4	3306.677000	1.199000	0.070000	0.000000	3307.946000	29859	512
planetlab1.williams.edu_planetlab-1.usask.ca_3002 4	3311.187000	2.137000	0.029000	0.000000	3313.353000	29845	2176
planetlab4.rutgers.edu_planetlab-1.usask.ca_8798 5	3366.033000	6.404000	0.050000	0.000000	3372.487000	29834	1024
planetlab4.wail.wisc.edu_planetlab-1.usask.ca_15692 4	3382.369000	15.201000	0.044000	0.000000	3397.614000	29860	16
planetlab2.umassd.edu_planetlab-1.usask.ca_14648 4	3405.902000	15.448000	0.026000	0.000000	3421.376000	29872	64
planetlab2.umassd.edu_planetlab-1.usask.ca_14650 4	3428.838000	1.251000	0.028000	0.000000	3430.117000	29874	64
planetlab2.umassd.edu_planetlab-1.usask.ca_14652 4	3430.815000	4.354000	0.026000	0.000000	3435.195000	29873	64
planetlab1.cs.uoregon.edu_planetlab-1.usask.ca_10475 6	3438.593000	1.793000	0.058000	0.000000	3440.444000	29837	256
planetlab2.umassd.edu_planetlab-1.usask.ca_14654 4	3439.036000	2.694000	0.026000	0.000000	3441.756000	29876	64
planetlab2.eecs.umich.edu_planetlab-1.usask.ca_11358 5	3450.806000	0.349000	0.076000	0.000000	3451.231000	29842	2048
planetlab1.rutgers.edu_planetlab-1.usask.ca_10091 4	3456.436000	0.319000	0.064000	0.000000	3456.819000	29878	512
planetlab2.umassd.edu_planetlab-1.usask.ca_14656 4	3468.977000	0.416000	0.027000	0.000000	3469.420000	29880	64
planetlab4.rutgers.edu_planetlab-1.usask.ca_8800 5	3484.442000	0.477000	0.049000	0.000000	3484.968000	29849	1024
planetlab1.cs.uoregon.edu_planetlab-1.usask.ca_10477 6	3492.648000	0.408000	0.050000	0.000000	3493.106000	29848	256
planetlab2.williams.edu_planetlab-1.usask.ca_2346 5	3497.792000	0.277000	0.044000	0.000000	3498.113000	29846	1312
planetlab-01.ece.uprm.edu_planetlab-1.usask.ca_3595 3	3502.624000	0.559000	0.073000	0.000000	3503.256000	29863	2144
planetlab1.rutgers.edu_planetlab-1.usask.ca_10094 4	3528.697000	0.471000	0.082000	0.000000	3529.250000	29891	512
planetlab4.rutgers.edu_planetlab-1.usask.ca_8802 5	3545.080000	0.458000	0.049000	0.000000	3545.587000	29858	1024
node1.planetlab.albany.edu_planetlab-1.usask.ca_19575 4	3582.390000	0.488000	0.048000	0.000000	3582.926000	29883	32
planetlab4.wail.wisc.edu_planetlab-1.usask.ca_15720 4	3583.494000	0.497000	0.040000	0.000000	3584.031000	29892	16
planetlab2.mnlab.cti.depaul.edu_planetlab-1.usask.ca_2780 4	3591.352000	0.706000	0.037000	0.000000	3592.095000	29895	1152
planetlab1.rutgers.edu_planetlab-1.usask.ca_10096 4	3589.918000	2.642000	0.065000	0.000000	3592.625000	29896	512
planetlab4.rutgers.edu_planetlab-1.usask.ca_8804 5	3599.351000	1.069000	0.033000	0.000000	3600.453000	29864	1024
planetlab1.cs.uoregon.edu_planetlab-1.usask.ca_10481 6	3624.778000	1.645000	0.043000	0.000000	3626.466000	29861	256
planetlab1.cs.uoregon.edu_planetlab-1.usask.ca_10483 6	3625.404000	10.145000	0.022000	0.000000	3635.571000	29865	256
planetlab4.rutgers.edu_planetlab-1.usask.ca_8806 5	3625.761000	10.116000	0.022000	0.000000	3635.899000	29866	1024
planetlab4.rutgers.edu_planetlab-1.usask.ca_8810 5	3625.892000	10.285000	0.020000	0.000000	3636.197000	29867	1024
planetlab03.cs.washington.edu_planetlab-1.usask.ca_5651 5	3630.086000	0.816000	0.059000	0.000000	3630.961000	29890	320
node1.planetlab.albany.edu_planetlab-1.usask.ca_19577 4	3618.687000	12.952000	0.038000	0.000000	3631.677000	29889	32
planetlab4.rutgers.edu_planetlab-1.usask.ca_8820 5	3644.353000	0.338000	0.036000	0.000000	3644.727000	29870	1024
planetlab-6.ece.iastate.edu_planetlab-1.usask.ca_1003 3	3638.337000	0.360000	0.034000	0.000000	3638.731000	29916	3136
planetlab1.cs.uoregon.edu_planetlab-1.usask.ca_10487 6	3656.152000	0.967000	0.049000	0.000000	3657.168000	29868	256
planetlab1.cs.uoregon.edu_planetlab-1.usask.ca_10489 6	3658.307000	0.496000	0.036000	0.000000	3658.839000	29871	256
planetlab1.cs.uoregon.edu_planetlab-1.usask.ca_10491 6	3658.922000	5.343000	0.026000	0.000000	3664.291000	29869	256
planetlab3.williams.edu_planetlab-1.usask.ca_2112 4	3663.690000	1.086000	0.032000	0.000000	3664.808000	29875	400
planetlab-03.cs.princeton.edu_planetlab-1.usask.ca_7272 3	3657.169000	0.863000	0.026000	0.000000	3658.058000	29911	80
planetlab1.rutgers.edu_planetlab-1.usask.ca_10100 4	3680.410000	7.412000	0.072000	0.000000	3687.894000	29910	512
planetlab4.rutgers.edu_planetlab-1.usask.ca_8822 5	3706.121000	0.634000	0.051000	0.000000	3706.806000	29877	1024
planetlab4.rutgers.edu_planetlab-1.usask.ca_8824 5	3729.273000	0.803000	0.043000	0.000000	3730.119000	29882	1024
planetlab1.cs.uoregon.edu_planetlab-1.usask.ca_10496 6	3767.179000	0.828000	0.062000	0.000000	3768.069000	29885	256
planetlab4.rutgers.edu_planetlab-1.usask.ca_8826 5	3777.131000	1.103000	0.042000	0.000000	3778.276000	29888	1024
planetlab2.eecs.umich.edu_planetlab-1.usask.ca_11363 5	3774.438000	4.457000	0.084000	0.000000	3778.979000	29886	2048
roam2.cs.ou.edu_planetlab-1.usask.ca_9631 3	3780.069000	1.074000	0.039000	0.000000	3781.182000	29922	48
planetlab1.williams.edu_planetlab-1.usask.ca_3007 4	3807.484000	5.838000	0.035000	0.000000	3813.357000	29920	2176
planetlab2.dtc.umn.edu_planetlab-1.usask.ca_1974 2	3806.401000	0.536000	0.034000	0.000000	3806.971000	29939	3072
planetlab1.cs.uoregon.edu_planetlab-1.usask.ca_10499 6	3821.720000	1.127000	0.034000	0.000000	3822.881000	29893	256
planetlab2.eecs.umich.edu_planetlab-1.usask.ca_11367 5	3833.335000	3.181000	0.090000	0.000000	3836.606000	29894	2048
planetlab1.cs.uoregon.edu_planetlab-1.usask.ca_10505 6	3845.762000	1.303000	0.037000	0.000000	3847.102000	29897	256
planetlab1.cs.uoregon.edu_planetlab-1.usask.ca_10509 6	3866.720000	9.162000	0.050000	0.000000	3875.932000	29901	256
planetlab2.umassd.edu_planetlab-1.usask.ca_14677 4	3870.114000	1.808000	0.086000	0.000000	3872.008000	29936	64
planetlab1.cs.uoregon.edu_planetlab-1.usask.ca_10511 6	3884.629000	3.282000	0.023000	0.000000	3887.934000	29900	256
planetlab2.eecs.umich.edu_planetlab-1.usask.ca_11369 5	3882.512000	5.959000	0.070000	0.000000	3888.541000	29899	2048
planetlab1.rutgers.edu_planetlab-1.usask.ca_10102 4	3880.199000	6.744000	0.071000	0.000000	3887.014000	29926	512
planetlab1.cs.uoregon.edu_planetlab-1.usask.ca_10513 6	3884.987000	4.152000	0.047000	0.000000	3889.186000	29903	256
planetlab2.umassd.edu_planetlab-1.usask.ca_14684 4	3957.066000	0.402000	0.031000	0.000000	3957.499000	29947	64
planetlab4.wail.wisc.edu_planetlab-1.usask.ca_15740 4	3961.912000	0.545000	0.046000	0.000000	3962.503000	29944	16
planetlab1.cs.uoregon.edu_planetlab-1.usask.ca_10518 6	3981.822000	5.925000	0.049000	0.000000	3987.796000	29917	256
planetlab-03.cs.princeton.edu_planetlab-1.usask.ca_7285 3	4000.255000	0.825000	0.032000	0.000000	4001.112000	29955	80
planetlab1.cs.uoregon.edu_planetlab-1.usask.ca_10521 6	4022.496000	0.550000	0.057000	0.000000	4023.103000	29921	256
planetlab1.rutgers.edu_planetlab-1.usask.ca_10105 4	4023.988000	2.796000	0.076000	0.000000	4026.860000	29938	512
planetlab1.rutgers.edu_planetlab-1.usask.ca_10109 4	4027.064000	1.358000	0.056000	0.000000	4028.478000	29940	512
planetlab1.cs.uoregon.edu_planetlab-1.usask.ca_10525 6	4043.786000	0.599000	0.041000	0.000000	4044.426000	29925	256
planetlab1.cs.uoregon.edu_planetlab-1.usask.ca_10526 6	4043.790000	1.142000	0.019000	0.000000	4044.951000	29924	256
planetlab1.rutgers.edu_planetlab-1.usask.ca_10110 4	4028.183000	4.286000	0.066000	0.000000	4032.535000	29943	512
planetlab1.rutgers.edu_planetlab-1.usask.ca_10111 4	4028.163000	4.809000	0.035000	0.000000	4033.007000	29942	512
planetlab1.rutgers.edu_planetlab-1.usask.ca_10113 4	4031.085000	1.634000	0.041000	0.000000	4032.760000	29950	512
planetlab1.cs.uoregon.edu_planetlab-1.usask.ca_10528 6	4069.028000	1.724000	0.058000	0.000000	4070.810000	29928	256
planetlab1.cs.uoregon.edu_planetlab-1.usask.ca_10530 6	4063.613000	9.723000	0.031000	0.000000	4073.367000	29927	256
planetlab1.cs.uoregon.edu_planetlab-1.usask.ca_10532 6	4080.733000	1.017000	0.062000	0.000000	4081.812000	29929	256
planetlab2.netlab.uky.edu_planetlab-1.usask.ca_8273 3	4067.627000	1.222000	0.042000	0.000000	4068.891000	29958	544
planetlab1.cs.uoregon.edu_planetlab-1.usask.ca_10534 6	4087.816000	13.471000	0.041000	0.000000	4101.328000	29931	256
planetlab2.umassd.edu_planetlab-1.usask.ca_14696 4	4097.521000	0.363000	0.030000	0.000000	4097.914000	29966	64
planetlab1.cs.uoregon.edu_planetlab-1.usask.ca_10536 6	4107.060000	10.611000	0.055000	0.000000	4117.726000	29932	256
planetlab1.cs.uoregon.edu_planetlab-1.usask.ca_10538 6	4128.786000	1.846000	0.051000	0.000000	4130.683000	29933	256
planetlab1.cs.uoregon.edu_planetlab-1.usask.ca_10541 6	4135.395000	3.856000	0.053000	0.000000	4139.304000	29935	256
planetlab1.cs.uoregon.edu_planetlab-1.usask.ca_10542 6	4150.284000	5.712000	0.034000	0.000000	4156.030000	29934	256
planetlab1.cs.uoregon.edu_planetlab-1.usask.ca_10546 6	4171.611000	0.921000	0.072000	0.000000	4172.604000	29941	256
planetlab1.cs.pitt.edu_planetlab-1.usask.ca_4398 5	4187.129000	0.529000	0.038000	0.000000	4187.696000	29952	384
planetlab1.cs.uoregon.edu_planetlab-1.usask.ca_10549 6	4188.976000	0.702000	0.049000	0.000000	4189.727000	29945	256
planetlab2.umassd.edu_planetlab-1.usask.ca_14703 4	4210.775000	1.695000	0.030000	0.000000	4212.500000	29976	64
planetlab1.cs.pitt.edu_planetlab-1.usask.ca_4400 5	4227.835000	0.810000	0.028000	0.000000	4228.673000	29953	384
planetlab1.cs.pitt.edu_planetlab-1.usask.ca_4402 5	4229.305000	0.364000	0.021000	0.000000	4229.690000	29954	384
planetlab1.cs.uoregon.edu_planetlab-1.usask.ca_10551 6	4241.959000	0.440000	0.044000	0.000000	4242.443000	29949	256
planetlab1.cs.uoregon.edu_planetlab-1.usask.ca_10553 6	4243.266000	0.275000	0.028000	0.000000	4243.569000	29948	256
planetlab1.cs.pitt.edu_planetlab-1.usask.ca_4404 5	4243.657000	0.320000	0.021000	0.000000	4243.998000	29956	384
planetlab1.cs.uoregon.edu_planetlab-1.usask.ca_10555 6	4247.492000	0.651000	0.060000	0.000000	4248.203000	29951	256
planetlab1.cs.pitt.edu_planetlab-1.usask.ca_4406 5	4286.996000	0.314000	0.029000	0.000000	4287.339000	29960	384
planetlab1.rutgers.edu_planetlab-1.usask.ca_10117 4	4294.051000	0.331000	0.067000	0.000000	4294.449000	29980	512
planetlab-01.bu.edu_planetlab-1.usask.ca_3649 3	4295.970000	0.425000	0.042000	0.000000	4296.437000	29979	640
planetlab2.eecs.umich.edu_planetlab-1.usask.ca_11373 5	4302.068000	7.110000	0.051000	0.000000	4309.229000	29957	2048
planetlab1.cs.pitt.edu_planetlab-1.usask.ca_4408 5	4358.495000	0.374000	0.046000	0.000000	4358.915000	29968	384
vn4.cse.wustl.edu_planetlab-1.usask.ca_6324 5	4374.876000	0.422000	0.047000	0.000000	4375.345000	29982	272
planetlab2.eecs.umich.edu_planetlab-1.usask.ca_11375 5	4375.056000	3.533000	0.084000	0.000000	4378.673000	29961	2048
planetlab2.umassd.edu_planetlab-1.usask.ca_14716 4	4398.984000	0.357000	0.028000	0.000000	4399.369000	29988	64
planetlab2.eecs.umich.edu_planetlab-1.usask.ca_11377 5	4402.749000	4.769000	0.090000	0.000000	4407.608000	29965	2048
planetlab2.eecs.umich.edu_planetlab-1.usask.ca_11379 5	4405.944000	2.176000	0.086000	0.000000	4408.206000	29964	2048
planetlab2.eecs.umich.edu_planetlab-1.usask.ca_11381 5	4416.221000	0.351000	0.079000	0.000000	4416.651000	29967	2048
planetlab5.csee.usf.edu_planetlab-1.usask.ca_4723 2	4444.678000	0.956000	0.063000	0.000000	4445.697000	29993	608
planetlab2.eecs.umich.edu_planetlab-1.usask.ca_11385 5	4453.689000	3.452000	0.119000	0.000000	4457.260000	29970	2048
planetlab2.eecs.umich.edu_planetlab-1.usask.ca_11387 5	4554.972000	1.099000	0.084000	0.000000	4556.155000	29981	2048
planetlab1.cs.pitt.edu_planetlab-1.usask.ca_4413 5	4560.591000	0.310000	0.031000	0.000000	4560.932000	29984	384
node1.planetlab.albany.edu_planetlab-1.usask.ca_19586 4	3706.943000	940.097000	0.035000	0.000000	4647.075000	29902	32
node1.planetlab.albany.edu_planetlab-1.usask.ca_19590 4	3733.678000	956.357000	0.041000	0.000000	4690.076000	29904	32
node1.planetlab.albany.edu_planetlab-1.usask.ca_19592 4	3737.971000	964.477000	0.039000	0.000000	4702.487000	29905	32
node1.planetlab.albany.edu_planetlab-1.usask.ca_19594 4	3741.182000	1004.256000	0.031000	0.000000	4745.469000	29907	32
node1.planetlab.albany.edu_planetlab-1.usask.ca_19597 4	3760.253000	1004.876000	0.039000	0.000000	4765.168000	29909	32
planetlab4.wail.wisc.edu_planetlab-1.usask.ca_15833 4	4812.867000	0.419000	0.032000	0.000000	4813.318000	29996	16
planetlab1.cs.unc.edu_planetlab-1.usask.ca_6275 3	4944.858000	1.400000	0.063000	0.000000	4946.321000	30000	528
node1.planetlab.albany.edu_planetlab-1.usask.ca_19604 4	3794.971000	1217.085000	0.035000	0.000000	5012.091000	29913	32
planetlab4.rutgers.edu_planetlab-1.usask.ca_8832 5	5019.890000	0.406000	0.049000	0.000000	5020.345000	29930	1024
planetlab2.eecs.umich.edu_planetlab-1.usask.ca_11405 5	5100.023000	2.074000	0.088000	0.000000	5102.185000	29997	2048
planetlab4.rutgers.edu_planetlab-1.usask.ca_8834 5	5122.910000	0.425000	0.042000	0.000000	5123.377000	29998	1024
planetlab2.eecs.umich.edu_planetlab-1.usask.ca_11410 5	5725.152000	5.136000	0.094000	0.000000	5730.382000	30008	2048
planetlab1.cs.uoregon.edu_planetlab-1.usask.ca_10573 6	5755.537000	4.636000	0.044000	0.000000	5760.217000	30009	256
planetlab4.rutgers.edu_planetlab-1.usask.ca_8842 5	5963.948000	0.498000	0.040000	0.000000	5964.486000	30010	1024
planetlab1.cs.pitt.edu_planetlab-1.usask.ca_4427 5	6088.269000	0.331000	0.032000	0.000000	6088.632000	30016	384
planetlab2.umassd.edu_planetlab-1.usask.ca_14792 4	6095.972000	3.672000	0.029000	0.000000	6099.673000	30020	64
planetlab1.cs.unc.edu_planetlab-1.usask.ca_6283 3	6123.206000	0.905000	0.046000	0.000000	6124.157000	30021	528
planetlab2.mnlab.cti.depaul.edu_planetlab-1.usask.ca_2795 4	6285.565000	0.935000	4.365000	0.000000	6290.865000	30023	1152
planetlab1.rutgers.edu_planetlab-1.usask.ca_10151 4	6301.600000	1.428000	0.096000	0.000000	6303.124000	30024	512
node1.planetlab.albany.edu_planetlab-1.usask.ca_19617 4	3955.468000	2453.628000	0.046000	0.000000	6409.142000	29937	32
node1.planetlab.albany.edu_planetlab-1.usask.ca_19635 4	4251.325000	2236.507000	0.034000	0.000000	6487.866000	29969	32
planetlab2.eecs.umich.edu_planetlab-1.usask.ca_11426 5	6495.964000	0.519000	0.076000	0.000000	6496.559000	30022	2048
node1.planetlab.albany.edu_planetlab-1.usask.ca_19641 4	4318.812000	2186.749000	0.040000	0.000000	6505.601000	29978	32
vn4.cse.wustl.edu_planetlab-1.usask.ca_6338 5	6716.126000	0.600000	0.046000	0.000000	6716.772000	30030	272
planetlab2.acis.ufl.edu_planetlab-1.usask.ca_7141 4	6756.964000	0.415000	0.049000	0.000000	6757.428000	30028	1056
planetlab2.eecs.umich.edu_planetlab-1.usask.ca_11442 5	6846.095000	4.627000	0.086000	0.000000	6850.808000	30029	2048
node1.planetlab.albany.edu_planetlab-1.usask.ca_19693 4	6030.179000	967.425000	0.043000	0.000000	6997.647000	30017	32
planetlab-1.cse.ohio-state.edu_planetlab-1.usask.ca_2303 4	7079.476000	0.714000	1.258000	0.000000	7081.448000	29881	2560
vn4.cse.wustl.edu_planetlab-1.usask.ca_6344 5	7168.302000	1.463000	0.043000	0.000000	7169.808000	30038	272
node1.planetlab.albany.edu_planetlab-1.usask.ca_19714 4	6836.862000	350.455000	0.040000	0.000000	7187.357000	30032	32
node1.planetlab.albany.edu_planetlab-1.usask.ca_19718 4	6904.055000	306.253000	0.043000	0.000000	7210.351000	30033	32
node1.planetlab.albany.edu_planetlab-1.usask.ca_19722 4	6998.036000	244.271000	0.034000	0.000000	7242.341000	30035	32
vn4.cse.wustl.edu_planetlab-1.usask.ca_6346 5	7277.593000	7.871000	0.044000	0.000000	7285.508000	30042	272
planetlab2.umassd.edu_planetlab-1.usask.ca_14853 4	7289.753000	4.241000	0.055000	0.000000	7294.049000	30048	64
flow.colgate.edu_planetlab-1.usask.ca_7797 3	7295.073000	8.820000	0.048000	0.000000	7303.941000	30045	192
vn4.cse.wustl.edu_planetlab-1.usask.ca_6348 5	7322.254000	0.298000	0.057000	0.000000	7322.609000	30044	272
planetlab4.rutgers.edu_planetlab-1.usask.ca_8850 5	7334.964000	0.419000	0.041000	0.000000	7335.424000	29962	1024
roam2.cs.ou.edu_planetlab-1.usask.ca_9733 3	7333.190000	0.772000	0.044000	0.000000	7334.006000	30050	48
node1.planetlab.albany.edu_planetlab-1.usask.ca_19727 4	7115.452000	220.122000	0.038000	0.000000	7335.612000	30037	32
planetlab2.umassd.edu_planetlab-1.usask.ca_14856 4	7340.717000	0.376000	0.027000	0.000000	7341.120000	30052	64
vn4.cse.wustl.edu_planetlab-1.usask.ca_6350 5	7370.512000	6.015000	0.037000	0.000000	7376.564000	30047	272
vn4.cse.wustl.edu_planetlab-1.usask.ca_6352 5	7371.213000	6.071000	0.033000	0.000000	7377.317000	30046	272
planetlab2.umassd.edu_planetlab-1.usask.ca_14859 4	7375.543000	1.544000	0.021000	0.000000	7377.108000	30054	64
planetlab2.umassd.edu_planetlab-1.usask.ca_14861 4	7375.859000	11.072000	0.026000	0.000000	7386.957000	30053	64
planetlab4.rutgers.edu_planetlab-1.usask.ca_8852 5	7413.492000	0.461000	0.035000	0.000000	7413.988000	29972	1024
planetlab2.umassd.edu_planetlab-1.usask.ca_14864 4	7419.395000	0.700000	0.401000	0.000000	7420.496000	30060	64
planetlab2.eecs.umich.edu_planetlab-1.usask.ca_11446 5	7418.831000	3.726000	0.212000	0.000000	7422.769000	30040	2048
planetlab4.rutgers.edu_planetlab-1.usask.ca_8854 5	7481.120000	0.636000	0.034000	0.000000	7481.790000	29977	1024
planetlab-01.bu.edu_planetlab-1.usask.ca_3687 3	7483.903000	1.468000	0.043000	0.000000	7485.414000	30062	640
node1.planetlab.albany.edu_planetlab-1.usask.ca_19738 4	7266.401000	227.477000	0.040000	0.000000	7493.918000	30041	32
planetlab2.umassd.edu_planetlab-1.usask.ca_14872 4	7501.756000	1.142000	0.024000	0.000000	7502.922000	30068	64
planetlab2.umassd.edu_planetlab-1.usask.ca_14878 4	7552.288000	0.335000	0.025000	0.000000	7552.648000	30075	64
planetlab4.rutgers.edu_planetlab-1.usask.ca_8856 5	7563.054000	0.188000	0.036000	0.000000	7563.278000	30049	1024
node1.planetlab.albany.edu_planetlab-1.usask.ca_19764 4	7565.206000	0.336000	0.038000	0.000000	7565.580000	30063	32
node1.planetlab.albany.edu_planetlab-1.usask.ca_19766 4	7578.157000	1.220000	0.030000	0.000000	7579.407000	30065	32
planetlab4.rutgers.edu_planetlab-1.usask.ca_8858 5	7593.785000	0.411000	0.028000	0.000000	7594.224000	29986	1024
planetlab1.rutgers.edu_planetlab-1.usask.ca_10165 4	7617.716000	0.413000	0.060000	0.000000	7618.189000	30083	512
planetlab2.umassd.edu_planetlab-1.usask.ca_14881 4	7646.715000	6.150000	0.032000	0.000000	7652.897000	30086	64
planetlab7.flux.utah.edu_planetlab-1.usask.ca_2560 4	7654.545000	6.590000	0.044000	0.000000	7661.179000	30077	1536
planetlab1.rutgers.edu_planetlab-1.usask.ca_10167 4	7653.931000	6.805000	0.058000	0.000000	7660.794000	30088	512
planetlab2.umassd.edu_planetlab-1.usask.ca_14885 4	7654.181000	7.269000	0.021000	0.000000	7661.471000	30090	64
planetlab2.eecs.umich.edu_planetlab-1.usask.ca_11449 5	7656.251000	8.659000	0.076000	0.000000	7664.986000	30056	2048
planetlab4.rutgers.edu_planetlab-1.usask.ca_8860 5	7665.673000	0.646000	0.040000	0.000000	7666.359000	30058	1024
planetlab4.wail.wisc.edu_planetlab-1.usask.ca_16156 4	7664.858000	3.502000	0.041000	0.000000	7668.401000	30084	16
vn4.cse.wustl.edu_planetlab-1.usask.ca_6359 5	7677.160000	0.306000	0.035000	0.000000	7677.501000	30078	272
planetlab2.umassd.edu_planetlab-1.usask.ca_14889 4	7678.776000	8.487000	0.025000	0.000000	7687.288000	30092	64
planetlab2.mnlab.cti.depaul.edu_planetlab-1.usask.ca_2799 4	7687.521000	1.462000	0.037000	0.000000	7689.020000	30087	1152
planetlab1.cs.uoregon.edu_planetlab-1.usask.ca_10599 6	7699.885000	7.666000	0.044000	0.000000	7707.595000	30061	256
planetlab6.cs.duke.edu_planetlab-1.usask.ca_8185 5	7701.787000	3.576000	0.041000	0.000000	7705.404000	30091	288
planetlab2.umassd.edu_planetlab-1.usask.ca_14891 4	7701.923000	3.740000	0.052000	0.000000	7705.715000	30094	64
planetlab2.umassd.edu_planetlab-1.usask.ca_14894 4	7702.053000	3.963000	0.019000	0.000000	7706.035000	30095	64
planetlab4.rutgers.edu_planetlab-1.usask.ca_8864 5	7719.278000	3.149000	0.035000	0.000000	7722.462000	29992	1024
node1.planetlab.albany.edu_planetlab-1.usask.ca_19776 4	7726.330000	5.605000	0.039000	0.000000	7731.974000	30085	32
planetlab1.tamu.edu_planetlab-1.usask.ca_2792 3	7739.702000	1.738000	1.084000	0.000000	7742.524000	30101	832
planetlab2.eecs.umich.edu_planetlab-1.usask.ca_11452 5	7760.579000	3.276000	0.090000	0.000000	7763.945000	30064	2048
planetlab4.rutgers.edu_planetlab-1.usask.ca_8866 5	7773.352000	0.997000	0.028000	0.000000	7774.377000	29994	1024
planetlab2.umassd.edu_planetlab-1.usask.ca_14898 4	7787.643000	0.641000	0.027000	0.000000	7788.311000	30110	64
planetlab1.cs.pitt.edu_planetlab-1.usask.ca_4443 5	7797.899000	0.401000	0.031000	0.000000	7798.331000	30080	384
planetlab2.eecs.umich.edu_planetlab-1.usask.ca_11454 5	7820.644000	2.519000	0.084000	0.000000	7823.247000	30072	2048
planetlab2.eecs.umich.edu_planetlab-1.usask.ca_11456 5	7841.061000	2.049000	0.105000	0.000000	7843.215000	30073	2048
planetlab2.eecs.umich.edu_planetlab-1.usask.ca_11458 5	7837.828000	6.502000	0.088000	0.000000	7844.418000	30074	2048
roam2.cs.ou.edu_planetlab-1.usask.ca_9767 3	7839.826000	1.843000	0.029000	0.000000	7841.698000	30114	48
planetlab4.rutgers.edu_planetlab-1.usask.ca_8868 5	7856.354000	0.698000	0.030000	0.000000	7857.082000	29995	1024
planetlab2.eecs.umich.edu_planetlab-1.usask.ca_11460 5	7848.609000	1.711000	0.106000	0.000000	7850.426000	30076	2048
planetlab2.eecs.umich.edu_planetlab-1.usask.ca_11462 5	7884.134000	2.847000	0.087000	0.000000	7887.068000	30082	2048
planetlab1.cs.unc.edu_planetlab-1.usask.ca_6305 3	7883.746000	0.480000	0.055000	0.000000	7884.281000	30127	528
planetlab2.umassd.edu_planetlab-1.usask.ca_14907 4	7910.458000	0.569000	0.031000	0.000000	7911.058000	30126	64
planetlab2.umassd.edu_planetlab-1.usask.ca_14910 4	7936.495000	0.602000	0.067000	0.000000	7937.164000	30128	64
planetlab1.williams.edu_planetlab-1.usask.ca_3045 4	7944.191000	0.445000	0.038000	0.000000	7944.674000	30123	2176
planetlab2.eecs.umich.edu_planetlab-1.usask.ca_11464 5	7954.414000	0.386000	0.077000	0.000000	7954.877000	30093	2048
planetlab2.umassd.edu_planetlab-1.usask.ca_14913 4	7976.852000	0.389000	0.027000	0.000000	7977.268000	30139	64
planetlab2.eecs.umich.edu_planetlab-1.usask.ca_11466 5	7983.699000	3.648000	0.089000	0.000000	7987.436000	30096	2048
planetlab2.eecs.umich.edu_planetlab-1.usask.ca_11468 5	7999.245000	1.593000	0.084000	0.000000	8000.922000	30098	2048
planetlab2.eecs.umich.edu_planetlab-1.usask.ca_11470 5	8006.799000	2.442000	0.081000	0.000000	8009.322000	30099	2048
planetlab2.eecs.umich.edu_planetlab-1.usask.ca_11472 5	8029.801000	3.067000	0.088000	0.000000	8032.956000	30102	2048
pluto.cs.brown.edu_planetlab-1.usask.ca_3684 4	8041.602000	0.332000	0.045000	0.000000	8041.979000	30138	768
planetlab2.eecs.umich.edu_planetlab-1.usask.ca_11474 5	8055.938000	3.173000	0.087000	0.000000	8059.198000	30106	2048
planetlab4.rutgers.edu_planetlab-1.usask.ca_8870 5	8060.432000	0.667000	0.035000	0.000000	8061.134000	30089	1024
planetlab4.rutgers.edu_planetlab-1.usask.ca_8872 5	8061.632000	0.785000	0.026000	0.000000	8062.443000	30097	1024
planetlab4.rutgers.edu_planetlab-1.usask.ca_8874 5	8061.773000	0.558000	0.036000	0.000000	8062.367000	30104	1024
planetlab4.rutgers.edu_planetlab-1.usask.ca_8876 5	8062.897000	0.840000	0.058000	0.000000	8063.795000	30105	1024
planetlab4.rutgers.edu_planetlab-1.usask.ca_8878 5	8064.734000	0.300000	0.023000	0.000000	8065.057000	30107	1024
planetlab4.rutgers.edu_planetlab-1.usask.ca_8880 5	8065.654000	0.377000	0.045000	0.000000	8066.076000	30109	1024
planetlab1.cs.uoregon.edu_planetlab-1.usask.ca_10608 6	8119.466000	0.613000	0.056000	0.000000	8120.135000	30118	256
planetlab4.rutgers.edu_planetlab-1.usask.ca_8882 5	8139.346000	0.533000	0.041000	0.000000	8139.920000	30122	1024
planetlab1.cs.uoregon.edu_planetlab-1.usask.ca_10610 6	8167.873000	0.598000	0.064000	0.000000	8168.535000	30125	256
planetlab2.eecs.umich.edu_planetlab-1.usask.ca_11476 5	8216.715000	1.971000	0.083000	0.000000	8218.769000	30130	2048
planetlab4.rutgers.edu_planetlab-1.usask.ca_8884 5	8233.380000	0.294000	0.040000	0.000000	8233.714000	30137	1024
planetlab2.umassd.edu_planetlab-1.usask.ca_14958 4	9062.620000	7.252000	0.028000	0.000000	9069.900000	29744	64
planetlab-2.usask.ca_planetlab-1.usask.ca_1151 3	6744.905000	6789.470000	0.116000	0.000000	13534.491000	30034	1600
pl1.rcc.uottawa.ca_planetlab-1.usask.ca_36099 5	909.226000	61611.666000	0.051000	0.000000	62520.943000	29518	0
pl1.rcc.uottawa.ca_planetlab-1.usask.ca_36105 5	930.950000	61604.313000	0.138000	0.000000	62535.401000	29520	0
pl1.rcc.uottawa.ca_planetlab-1.usask.ca_36111 5	949.362000	61600.821000	0.031000	0.000000	62550.214000	29522	0
pl1.rcc.uottawa.ca_planetlab-1.usask.ca_36113 5	951.033000	61608.542000	0.025000	0.000000	62559.600000	29523	0
pl1.rcc.uottawa.ca_planetlab-1.usask.ca_36115 5	956.132000	61604.358000	0.038000	0.000000	62560.528000	29524	0
pl1.rcc.uottawa.ca_planetlab-1.usask.ca_36125 5	980.788000	61599.696000	0.042000	0.000000	62580.526000	29527	0
pl1.rcc.uottawa.ca_planetlab-1.usask.ca_36127 5	981.229000	61602.487000	0.021000	0.000000	62583.737000	29526	0
pl1.rcc.uottawa.ca_planetlab-1.usask.ca_36133 5	993.000000	61612.739000	0.025000	0.000000	62605.764000	29530	0
pl1.rcc.uottawa.ca_planetlab-1.usask.ca_36136 5	1000.272000	61619.960000	0.064000	0.000000	62620.296000	29532	0
pl1.rcc.uottawa.ca_planetlab-1.usask.ca_36143 5	1042.142000	61584.069000	0.037000	0.000000	62626.248000	29536	0
pl1.rcc.uottawa.ca_planetlab-1.usask.ca_36148 5	1058.313000	61586.038000	0.037000	0.000000	62644.388000	29538	0
pl1.rcc.uottawa.ca_planetlab-1.usask.ca_36152 5	1078.333000	61568.478000	0.040000	0.000000	62646.851000	29539	0
pl1.rcc.uottawa.ca_planetlab-1.usask.ca_36157 5	1111.138000	61548.795000	0.045000	0.000000	62659.978000	29542	0
pl1.rcc.uottawa.ca_planetlab-1.usask.ca_36162 5	1129.312000	61540.538000	0.033000	0.000000	62669.883000	29543	0
pl1.rcc.uottawa.ca_planetlab-1.usask.ca_36164 5	1130.521000	61539.101000	0.025000	0.000000	62669.647000	29546	0
pl1.rcc.uottawa.ca_planetlab-1.usask.ca_36166 5	1133.125000	61549.820000	0.030000	0.000000	62682.975000	29548	0
pl1.rcc.uottawa.ca_planetlab-1.usask.ca_36168 5	1135.097000	61551.705000	0.022000	0.000000	62686.824000	29544	0
pl1.rcc.uottawa.ca_planetlab-1.usask.ca_36181 5	1174.042000	61538.114000	0.033000	0.000000	62712.189000	29554	0
pl1.rcc.uottawa.ca_planetlab-1.usask.ca_36183 5	1177.764000	61535.245000	0.029000	0.000000	62713.038000	29555	0
pl1.rcc.uottawa.ca_planetlab-1.usask.ca_36186 5	1180.383000	61546.928000	0.031000	0.000000	62727.342000	29556	0
pl1.rcc.uottawa.ca_planetlab-1.usask.ca_36192 5	1206.912000	61537.396000	0.039000	0.000000	62744.347000	29557	0
pl1.rcc.uottawa.ca_planetlab-1.usask.ca_36194 5	1208.055000	61542.391000	0.025000	0.000000	62750.471000	29558	0
pl1.rcc.uottawa.ca_planetlab-1.usask.ca_36200 5	1225.510000	61531.553000	0.037000	0.000000	62757.100000	29559	0
pl1.rcc.uottawa.ca_planetlab-1.usask.ca_36209 5	1237.493000	61551.182000	0.038000	0.000000	62788.713000	29560	0
pl1.rcc.uottawa.ca_planetlab-1.usask.ca_36211 5	1252.872000	61540.349000	0.039000	0.000000	62793.260000	29564	0
pl1.rcc.uottawa.ca_planetlab-1.usask.ca_36216 5	1259.575000	61539.216000	0.026000	0.000000	62798.817000	29565	0
pl1.rcc.uottawa.ca_planetlab-1.usask.ca_36218 5	1276.868000	61525.327000	0.323000	0.000000	62802.518000	29566	0
pl1.rcc.uottawa.ca_planetlab-1.usask.ca_36221 5	1280.700000	61535.868000	0.029000	0.000000	62816.597000	29567	0
pl1.rcc.uottawa.ca_planetlab-1.usask.ca_36223 5	1286.532000	61532.061000	0.036000	0.000000	62818.629000	29568	0
pl1.rcc.uottawa.ca_planetlab-1.usask.ca_36229 5	1326.957000	61507.400000	0.038000	0.000000	62834.395000	29570	0
pl1.rcc.uottawa.ca_planetlab-1.usask.ca_36235 5	1356.751000	61488.606000	0.037000	0.000000	62845.394000	29576	0
pl1.rcc.uottawa.ca_planetlab-1.usask.ca_36237 5	1358.189000	61487.776000	0.041000	0.000000	62846.006000	29577	0
pl1.rcc.uottawa.ca_planetlab-1.usask.ca_36242 5	1372.597000	61491.963000	0.030000	0.000000	62864.590000	29578	0
pl1.rcc.uottawa.ca_planetlab-1.usask.ca_36244 5	1381.009000	61484.030000	0.025000	0.000000	62865.064000	29580	0
pl1.rcc.uottawa.ca_planetlab-1.usask.ca_36249 5	1424.740000	61456.908000	0.044000	0.000000	62881.692000	29588	0
pl1.rcc.uottawa.ca_planetlab-1.usask.ca_36254 5	1465.728000	61432.338000	0.041000	0.000000	62898.107000	29591	0
pl1.rcc.uottawa.ca_planetlab-1.usask.ca_36258 5	1493.508000	61415.475000	0.043000	0.000000	62909.026000	29592	0
pl1.rcc.uottawa.ca_planetlab-1.usask.ca_36260 5	1523.088000	61387.420000	0.041000	0.000000	62910.549000	29600	0
pl1.rcc.uottawa.ca_planetlab-1.usask.ca_36262 5	1541.774000	61375.405000	0.038000	0.000000	62917.217000	29602	0
pl1.rcc.uottawa.ca_planetlab-1.usask.ca_36264 5	1546.657000	61372.821000	0.033000	0.000000	62919.511000	29601	0
pl1.rcc.uottawa.ca_planetlab-1.usask.ca_36267 5	1555.694000	61367.839000	0.162000	0.000000	62923.695000	29604	0
pl1.rcc.uottawa.ca_planetlab-1.usask.ca_36269 5	1560.755000	61379.430000	0.032000	0.000000	62940.217000	29607	0
pl1.rcc.uottawa.ca_planetlab-1.usask.ca_36275 5	1592.252000	61359.750000	0.041000	0.000000	62952.043000	29608	0
pl1.rcc.uottawa.ca_planetlab-1.usask.ca_36278 5	1596.426000	61356.129000	0.025000	0.000000	62952.580000	29609	0
pl1.rcc.uottawa.ca_planetlab-1.usask.ca_36280 5	1612.867000	61340.058000	0.037000	0.000000	62952.962000	29611	0
pl1.rcc.uottawa.ca_planetlab-1.usask.ca_36282 5	1614.882000	61353.171000	0.032000	0.000000	62968.085000	29610	0
pl1.rcc.uottawa.ca_planetlab-1.usask.ca_36284 5	1616.033000	61353.477000	0.021000	0.000000	62969.531000	29612	0
pl1.rcc.uottawa.ca_planetlab-1.usask.ca_36286 5	1626.253000	61348.757000	0.035000	0.000000	62975.045000	29613	0
pl1.rcc.uottawa.ca_planetlab-1.usask.ca_36288 5	1636.804000	61347.819000	0.036000	0.000000	62984.659000	29614	0
pl1.rcc.uottawa.ca_planetlab-1.usask.ca_36290 5	1647.395000	61340.754000	0.030000	0.000000	62988.179000	29616	0
pl1.rcc.uottawa.ca_planetlab-1.usask.ca_36292 5	1663.992000	61330.569000	0.033000	0.000000	62994.594000	29619	0
pl1.rcc.uottawa.ca_planetlab-1.usask.ca_36294 5	1684.964000	61316.201000	0.037000	0.000000	63001.202000	29621	0
pl1.rcc.uottawa.ca_planetlab-1.usask.ca_36296 5	1685.736000	61315.957000	0.020000	0.000000	63001.713000	29622	0
pl1.rcc.uottawa.ca_planetlab-1.usask.ca_36298 5	1689.668000	61322.169000	0.033000	0.000000	63011.870000	29623	0
pl1.rcc.uottawa.ca_planetlab-1.usask.ca_36300 5	1704.944000	61307.398000	0.030000	0.000000	63012.372000	29624	0
pl1.rcc.uottawa.ca_planetlab-1.usask.ca_36302 5	1717.067000	61302.391000	0.038000	0.000000	63019.496000	29625	0
pl1.rcc.uottawa.ca_planetlab-1.usask.ca_36304 5	1716.953000	61311.669000	0.047000	0.000000	63028.669000	29626	0
pl1.rcc.uottawa.ca_planetlab-1.usask.ca_36306 5	1733.839000	61297.597000	0.167000	0.000000	63031.603000	29628	0
pl1.rcc.uottawa.ca_planetlab-1.usask.ca_36309 5	1739.546000	61300.050000	0.046000	0.000000	63039.642000	29631	0
pl1.rcc.uottawa.ca_planetlab-1.usask.ca_36312 5	1761.545000	61294.499000	0.045000	0.000000	63056.089000	29632	0
pl1.rcc.uottawa.ca_planetlab-1.usask.ca_36314 5	1771.464000	61285.013000	0.038000	0.000000	63056.515000	29634	0
pl1.rcc.uottawa.ca_planetlab-1.usask.ca_36316 5	1781.158000	61279.891000	0.033000	0.000000	63061.082000	29635	0
pl1.rcc.uottawa.ca_planetlab-1.usask.ca_36318 5	1784.849000	61276.662000	0.038000	0.000000	63061.549000	29636	0
pl1.rcc.uottawa.ca_planetlab-1.usask.ca_36322 5	1818.415000	61254.121000	0.037000	0.000000	63072.573000	29638	0
pl1.rcc.uottawa.ca_planetlab-1.usask.ca_36324 5	1818.940000	61256.805000	0.038000	0.000000	63075.783000	29640	0
pl1.rcc.uottawa.ca_planetlab-1.usask.ca_36326 5	1839.323000	61243.842000	0.032000	0.000000	63083.197000	29642	0
pl1.rcc.uottawa.ca_planetlab-1.usask.ca_36330 5	1882.076000	61218.806000	0.034000	0.000000	63100.916000	29648	0
pl1.rcc.uottawa.ca_planetlab-1.usask.ca_36334 5	1887.595000	61216.912000	0.027000	0.000000	63104.534000	29650	0
pl1.rcc.uottawa.ca_planetlab-1.usask.ca_36338 5	1912.529000	61204.868000	0.040000	0.000000	63117.437000	29652	0
pl1.rcc.uottawa.ca_planetlab-1.usask.ca_36340 5	1913.367000	61205.783000	0.028000	0.000000	63119.178000	29653	0
pl1.rcc.uottawa.ca_planetlab-1.usask.ca_36343 5	1924.804000	61203.221000	0.037000	0.000000	63128.062000	29654	0
pl1.rcc.uottawa.ca_planetlab-1.usask.ca_36347 5	1970.434000	61174.326000	0.049000	0.000000	63144.809000	29660	0
pl1.rcc.uottawa.ca_planetlab-1.usask.ca_36349 5	1971.499000	61176.510000	0.023000	0.000000	63148.032000	29661	0
pl1.rcc.uottawa.ca_planetlab-1.usask.ca_36352 5	1984.551000	61170.429000	0.038000	0.000000	63155.018000	29664	0
pl1.rcc.uottawa.ca_planetlab-1.usask.ca_36355 5	2003.918000	61158.864000	0.033000	0.000000	63162.815000	29666	0
pl1.rcc.uottawa.ca_planetlab-1.usask.ca_36369 5	2047.870000	61158.345000	0.034000	0.000000	63206.249000	29672	0
pl1.rcc.uottawa.ca_planetlab-1.usask.ca_36371 5	2055.128000	61154.119000	0.037000	0.000000	63209.284000	29673	0
pl1.rcc.uottawa.ca_planetlab-1.usask.ca_36375 5	2072.515000	61140.895000	0.042000	0.000000	63213.452000	29674	0
pl1.rcc.uottawa.ca_planetlab-1.usask.ca_36379 5	2077.196000	61136.730000	0.029000	0.000000	63213.955000	29676	0
pl1.rcc.uottawa.ca_planetlab-1.usask.ca_36395 5	2142.988000	61127.411000	0.035000	0.000000	63270.434000	29684	0
pl1.rcc.uottawa.ca_planetlab-1.usask.ca_36397 5	2150.074000	61125.077000	0.027000	0.000000	63275.178000	29687	0
pl1.rcc.uottawa.ca_planetlab-1.usask.ca_36403 5	2171.637000	61114.287000	0.033000	0.000000	63285.957000	29688	0
pl1.rcc.uottawa.ca_planetlab-1.usask.ca_36410 5	2191.492000	61124.158000	0.030000	0.000000	63315.680000	29692	0
pl1.rcc.uottawa.ca_planetlab-1.usask.ca_36438 5	2287.293000	61081.851000	0.034000	0.000000	63369.178000	29705	0
pl1.rcc.uottawa.ca_planetlab-1.usask.ca_36461 5	2382.145000	61053.427000	0.037000	0.000000	63435.609000	29719	0
pl1.rcc.uottawa.ca_planetlab-1.usask.ca_36480 5	2438.788000	61031.925000	0.032000	0.000000	63470.745000	29727	0
pl1.rcc.uottawa.ca_planetlab-1.usask.ca_36491 5	2510.824000	60991.189000	0.045000	0.000000	63502.058000	29735	0
pl1.rcc.uottawa.ca_planetlab-1.usask.ca_36503 5	2571.964000	60969.633000	0.041000	0.000000	63541.638000	29747	0
pl1.rcc.uottawa.ca_planetlab-1.usask.ca_36510 5	2577.142000	60978.986000	0.027000	0.000000	63556.155000	29749	0
pl1.rcc.uottawa.ca_planetlab-1.usask.ca_36512 5	2578.394000	60978.282000	0.020000	0.000000	63556.696000	29750	0
pl1.rcc.uottawa.ca_planetlab-1.usask.ca_36529 5	2625.313000	60984.117000	0.034000	0.000000	63609.464000	29751	0
pl1.rcc.uottawa.ca_planetlab-1.usask.ca_36537 5	2669.464000	60960.216000	0.050000	0.000000	63629.730000	29759	0
pl1.rcc.uottawa.ca_planetlab-1.usask.ca_36557 5	2765.145000	60933.849000	0.034000	0.000000	63699.028000	29771	0
pl1.rcc.uottawa.ca_planetlab-1.usask.ca_36593 5	3075.226000	60704.457000	0.038000	0.000000	63779.721000	29815	0
pl1.rcc.uottawa.ca_planetlab-1.usask.ca_36597 5	3105.844000	60706.761000	0.039000	0.000000	63812.644000	29820	0
pl1.rcc.uottawa.ca_planetlab-1.usask.ca_36608 5	3260.754000	60562.350000	0.043000	0.000000	63823.147000	29839	0
pl1.rcc.uottawa.ca_planetlab-1.usask.ca_36613 5	3318.380000	60536.511000	0.043000	0.000000	63854.934000	29847	0
pl1.rcc.uottawa.ca_planetlab-1.usask.ca_36615 5	3328.455000	60532.346000	0.032000	0.000000	63860.833000	29851	0
pl1.rcc.uottawa.ca_planetlab-1.usask.ca_36618 5	3355.563000	60508.016000	0.030000	0.000000	63863.609000	29853	0
pl1.rcc.uottawa.ca_planetlab-1.usask.ca_36622 5	3376.748000	60489.677000	0.032000	0.000000	63866.457000	29855	0
pl1.rcc.uottawa.ca_planetlab-1.usask.ca_36624 5	3376.446000	60492.687000	0.022000	0.000000	63869.155000	29854	0
pl1.rcc.uottawa.ca_planetlab-1.usask.ca_36627 5	3395.532000	60503.155000	0.036000	0.000000	63898.723000	29857	0
pl1.rcc.uottawa.ca_planetlab-1.usask.ca_36644 5	3569.615000	60368.635000	0.033000	0.000000	63938.283000	29879	0
pl1.rcc.uottawa.ca_planetlab-1.usask.ca_36652 5	3607.503000	60335.416000	0.035000	0.000000	63942.954000	29887	0
pl1.rcc.uottawa.ca_planetlab-1.usask.ca_36685 5	3751.757000	60282.953000	0.035000	0.000000	64034.745000	29908	0
pl1.rcc.uottawa.ca_planetlab-1.usask.ca_36696 5	3824.141000	60248.577000	0.043000	0.000000	64072.761000	29919	0
pl1.rcc.uottawa.ca_planetlab-1.usask.ca_36702 5	3862.186000	60223.216000	0.039000	0.000000	64085.441000	29923	0
pl1.rcc.uottawa.ca_planetlab-1.usask.ca_36718 5	4150.334000	59998.671000	0.040000	0.000000	64149.045000	29959	0
pl1.rcc.uottawa.ca_planetlab-1.usask.ca_36723 5	4193.065000	59958.253000	0.035000	0.000000	64151.353000	29963	0
pl1.rcc.uottawa.ca_planetlab-1.usask.ca_36733 5	4252.411000	59925.419000	0.048000	0.000000	64177.878000	29971	0
pl1.rcc.uottawa.ca_planetlab-1.usask.ca_36735 5	4266.534000	59919.832000	0.035000	0.000000	64186.401000	29973	0
pl1.rcc.uottawa.ca_planetlab-1.usask.ca_36745 5	4296.811000	59918.760000	0.034000	0.000000	64215.605000	29974	0
pl1.rcc.uottawa.ca_planetlab-1.usask.ca_36750 5	4315.744000	59916.912000	0.030000	0.000000	64232.686000	29975	0
pl1.rcc.uottawa.ca_planetlab-1.usask.ca_36783 5	4414.081000	59903.172000	0.030000	0.000000	64317.283000	29983	0
pl1.rcc.uottawa.ca_planetlab-1.usask.ca_36801 5	4439.321000	59906.519000	0.028000	0.000000	64345.868000	29985	0
pl1.rcc.uottawa.ca_planetlab-1.usask.ca_36814 5	4475.178000	59912.274000	0.040000	0.000000	64387.492000	29987	0
pl1.rcc.uottawa.ca_planetlab-1.usask.ca_36823 5	4497.446000	59915.302000	0.037000	0.000000	64412.785000	29989	0
pl1.rcc.uottawa.ca_planetlab-1.usask.ca_36833 5	4525.375000	59911.895000	0.046000	0.000000	64437.316000	29990	0
pl1.rcc.uottawa.ca_planetlab-1.usask.ca_36846 5	4553.173000	59929.757000	0.033000	0.000000	64482.963000	29991	0
pl1.rcc.uottawa.ca_planetlab-1.usask.ca_36943 5	5003.103000	59752.676000	0.037000	0.000000	64755.816000	29999	0
pl1.rcc.uottawa.ca_planetlab-1.usask.ca_36950 5	5119.056000	59651.360000	0.119000	0.000000	64770.535000	30001	0
pl1.rcc.uottawa.ca_planetlab-1.usask.ca_36956 5	5177.254000	59612.353000	0.043000	0.000000	64789.650000	30002	0
pl1.rcc.uottawa.ca_planetlab-1.usask.ca_36973 5	5251.894000	59607.940000	0.031000	0.000000	64859.865000	30003	0
pl1.rcc.uottawa.ca_planetlab-1.usask.ca_36985 5	5309.220000	59591.504000	0.057000	0.000000	64900.781000	30004	0
pl1.rcc.uottawa.ca_planetlab-1.usask.ca_36997 5	5360.407000	59564.119000	0.187000	0.000000	64924.713000	30005	0
pl1.rcc.uottawa.ca_planetlab-1.usask.ca_37010 5	5416.645000	59534.068000	0.047000	0.000000	64950.760000	30006	0
pl1.rcc.uottawa.ca_planetlab-1.usask.ca_37018 5	5476.830000	59492.508000	0.043000	0.000000	64969.381000	30007	0
pl1.rcc.uottawa.ca_planetlab-1.usask.ca_37070 5	5684.118000	59434.020000	0.040000	0.000000	65118.178000	30011	0
pl1.rcc.uottawa.ca_planetlab-1.usask.ca_37090 5	5794.054000	59408.654000	0.033000	0.000000	65202.741000	30013	0
pl1.rcc.uottawa.ca_planetlab-1.usask.ca_37097 5	5848.037000	59371.382000	0.028000	0.000000	65219.447000	30014	0
pl1.rcc.uottawa.ca_planetlab-1.usask.ca_37110 5	5905.029000	59357.285000	0.029000	0.000000	65262.343000	30015	0
pl1.rcc.uottawa.ca_planetlab-1.usask.ca_37154 5	6077.336000	59317.299000	0.039000	0.000000	65394.674000	30018	0
pl1.rcc.uottawa.ca_planetlab-1.usask.ca_37169 5	6139.586000	59288.894000	0.033000	0.000000	65428.513000	30019	0
pl1.rcc.uottawa.ca_planetlab-1.usask.ca_37213 5	6455.838000	59110.614000	0.044000	0.000000	65566.496000	30025	0
pl1.rcc.uottawa.ca_planetlab-1.usask.ca_37226 5	6510.020000	59082.943000	0.035000	0.000000	65592.998000	30026	0
pl1.rcc.uottawa.ca_planetlab-1.usask.ca_37234 5	6562.278000	59046.784000	0.044000	0.000000	65609.106000	30027	0
pl1.rcc.uottawa.ca_planetlab-1.usask.ca_37263 5	6769.112000	58916.582000	0.039000	0.000000	65685.733000	30031	0
pl1.rcc.uottawa.ca_planetlab-1.usask.ca_37290 5	7055.932000	58732.569000	0.049000	0.000000	65788.550000	30036	0
pl1.rcc.uottawa.ca_planetlab-1.usask.ca_37304 5	7211.165000	58626.515000	0.050000	0.000000	65837.730000	30039	0
pl1.rcc.uottawa.ca_planetlab-1.usask.ca_37317 5	7285.687000	58574.288000	0.062000	0.000000	65860.037000	30043	0
pl1.rcc.uottawa.ca_planetlab-1.usask.ca_37347 5	7462.334000	58501.814000	0.037000	0.000000	65964.185000	30055	0
pl1.rcc.uottawa.ca_planetlab-1.usask.ca_37357 5	7504.343000	58496.226000	0.117000	0.000000	66000.686000	30059	0
pl1.rcc.uottawa.ca_planetlab-1.usask.ca_37379 5	7595.890000	58469.569000	0.036000	0.000000	66065.495000	30067	0
pl1.rcc.uottawa.ca_planetlab-1.usask.ca_37386 5	7606.542000	58477.305000	0.040000	0.000000	66083.887000	30069	0
pl1.rcc.uottawa.ca_planetlab-1.usask.ca_37388 5	7618.446000	58474.471000	0.041000	0.000000	66092.958000	30070	0
pl1.rcc.uottawa.ca_planetlab-1.usask.ca_37392 5	7652.627000	58460.705000	0.048000	0.000000	66113.380000	30071	0
pl1.rcc.uottawa.ca_planetlab-1.usask.ca_37398 5	7689.889000	58431.190000	0.048000	0.000000	66121.127000	30081	0
pl1.rcc.uottawa.ca_planetlab-1.usask.ca_37400 5	7691.968000	58437.074000	0.032000	0.000000	66129.074000	30079	0
pl1.rcc.uottawa.ca_planetlab-1.usask.ca_37418 5	7818.556000	58356.315000	0.034000	0.000000	66174.905000	30100	0
pl1.rcc.uottawa.ca_planetlab-1.usask.ca_37423 5	7851.530000	58345.370000	0.061000	0.000000	66196.961000	30103	0
pl1.rcc.uottawa.ca_planetlab-1.usask.ca_37430 5	7883.774000	58334.795000	0.035000	0.000000	66218.604000	30111	0
pl1.rcc.uottawa.ca_planetlab-1.usask.ca_37435 5	7905.719000	58333.371000	0.034000	0.000000	66239.124000	30112	0
pl1.rcc.uottawa.ca_planetlab-1.usask.ca_37438 5	7913.213000	58328.298000	0.031000	0.000000	66241.542000	30113	0
pl1.rcc.uottawa.ca_planetlab-1.usask.ca_37441 5	7916.151000	58339.888000	0.024000	0.000000	66256.063000	30115	0
pl1.rcc.uottawa.ca_planetlab-1.usask.ca_37448 5	7938.251000	58341.734000	0.029000	0.000000	66280.014000	30117	0
pl1.rcc.uottawa.ca_planetlab-1.usask.ca_37450 5	7953.036000	58328.278000	0.054000	0.000000	66281.368000	30119	0
pl1.rcc.uottawa.ca_planetlab-1.usask.ca_37454 5	7961.716000	58323.554000	0.050000	0.000000	66285.320000	30120	0
pl1.rcc.uottawa.ca_planetlab-1.usask.ca_37456 5	7966.045000	58329.139000	0.028000	0.000000	66295.212000	30121	0
pl1.rcc.uottawa.ca_planetlab-1.usask.ca_37468 5	8026.135000	58303.192000	0.030000	0.000000	66329.357000	30129	0
pl1.rcc.uottawa.ca_planetlab-1.usask.ca_37470 5	8030.827000	58308.336000	0.030000	0.000000	66339.193000	30131	0
pl1.rcc.uottawa.ca_planetlab-1.usask.ca_37475 5	8068.595000	58316.705000	0.046000	0.000000	66385.346000	30133	0
pl1.rcc.uottawa.ca_planetlab-1.usask.ca_37480 5	8081.378000	58304.453000	0.022000	0.000000	66385.853000	30134	0
pl1.rcc.uottawa.ca_planetlab-1.usask.ca_37482 5	8076.648000	58311.369000	0.022000	0.000000	66388.039000	30135	0
pl1.rcc.uottawa.ca_planetlab-1.usask.ca_37493 5	8118.217000	58292.324000	0.031000	0.000000	66410.572000	30143	0
planetlab01.sys.virginia.edu_planetlab-1.usask.ca_3568 3	2240.159000	82272.528000	0.070000	0.000000	84512.757000	29545	144
planetlab1.cs.uiuc.edu_planetlab-1.usask.ca_11177 4	84543.683000	1.432000	0.060000	0.000000	84545.175000	29569	128
planetlab1.cs.uiuc.edu_planetlab-1.usask.ca_11179 4	84765.251000	2.928000	0.063000	0.000000	84768.242000	29585	128
planetlab1.cs.uiuc.edu_planetlab-1.usask.ca_11184 4	84860.076000	0.543000	0.029000	0.000000	84860.648000	29589	128
planetlab1.cs.uiuc.edu_planetlab-1.usask.ca_11183 4	84862.269000	0.624000	0.052000	0.000000	84862.945000	29593	128
planetlab1.cs.uiuc.edu_planetlab-1.usask.ca_11185 4	84863.271000	1.062000	0.037000	0.000000	84864.370000	29584	128
planetlab1.cs.uiuc.edu_planetlab-1.usask.ca_11187 4	84885.231000	0.298000	0.057000	0.000000	84885.586000	29587	128
planetlab1.cs.uiuc.edu_planetlab-1.usask.ca_11191 4	84967.516000	0.615000	0.029000	0.000000	84968.160000	29617	128
planetlab1.cs.uiuc.edu_planetlab-1.usask.ca_11190 4	84968.114000	1.044000	0.055000	0.000000	84969.213000	29615	128
planetlab01.sys.virginia.edu_planetlab-1.usask.ca_3602 3	3051.408000	81963.809000	0.064000	0.000000	85015.281000	29686	144
planetlab1.cs.uiuc.edu_planetlab-1.usask.ca_11193 4	85053.267000	0.353000	0.060000	0.000000	85053.680000	29649	128
planetlab1.cs.uiuc.edu_planetlab-1.usask.ca_11195 4	85163.342000	0.581000	0.059000	0.000000	85163.982000	29658	128
planetlab1.cs.uiuc.edu_planetlab-1.usask.ca_11197 4	85183.175000	0.299000	0.059000	0.000000	85183.533000	29753	128
