planetlab2.williams.edu_cs-planetlab3.cs.surrey.sfu.ca_862 2	2525.752000	699.762000	0.015000	0.000000	3225.529000	49075	1312
planetlab1.cs.cornell.edu_cs-planetlab3.cs.surrey.sfu.ca_1741 3	6690.929000	0.051000	0.041000	0.000000	6691.021000	49524	1280
planetlab-1.cse.ohio-state.edu_cs-planetlab3.cs.surrey.sfu.ca_286 1	1156.022000	5592.861000	0.027000	0.000000	6748.910000	49052	2560
vn5.cse.wustl.edu_cs-planetlab3.cs.surrey.sfu.ca_1192 2	6397.785000	635.003000	0.022000	0.000000	7032.810000	49499	1344
planetlab1.cs.pitt.edu_cs-planetlab3.cs.surrey.sfu.ca_2899 3	6018.054000	1608.059000	0.016000	0.000000	7626.129000	49046	384
planetlab2.eecs.umich.edu_cs-planetlab3.cs.surrey.sfu.ca_2301 2	4404.153000	4316.863000	0.071000	0.000000	8721.087000	48989	2048
planetlab2.eecs.umich.edu_cs-planetlab3.cs.surrey.sfu.ca_2303 2	4426.331000	4311.276000	0.072000	0.000000	8737.679000	48994	2048
planetlab2.eecs.umich.edu_cs-planetlab3.cs.surrey.sfu.ca_2311 2	4549.070000	4313.421000	0.074000	0.000000	8862.565000	48995	2048
planetlab2.eecs.umich.edu_cs-planetlab3.cs.surrey.sfu.ca_2313 2	4545.081000	4318.695000	0.073000	0.000000	8863.849000	48999	2048
planetlab2.eecs.umich.edu_cs-planetlab3.cs.surrey.sfu.ca_2315 2	4571.759000	4293.326000	0.063000	0.000000	8865.148000	48993	2048
planetlab2.eecs.umich.edu_cs-planetlab3.cs.surrey.sfu.ca_2325 2	4609.856000	4331.006000	0.074000	0.000000	8940.936000	49003	2048
planetlab2.eecs.umich.edu_cs-planetlab3.cs.surrey.sfu.ca_2401 2	4956.067000	4558.581000	0.076000	0.000000	9514.724000	49011	2048
planetlab2.cs.columbia.edu_cs-planetlab3.cs.surrey.sfu.ca_1735 4	9936.346000	17.587000	0.141000	0.000000	9954.074000	48987	112
planetlab-6.ece.iastate.edu_cs-planetlab3.cs.surrey.sfu.ca_809 4	11111.948000	0.050000	0.013000	0.000000	11112.011000	49145	3136
planetlab2.dtc.umn.edu_cs-planetlab3.cs.surrey.sfu.ca_1334 5	11223.579000	0.027000	0.023000	0.000000	11223.629000	49110	3072
planetlab-3.cmcl.cs.cmu.edu_cs-planetlab3.cs.surrey.sfu.ca_1578 4	11411.535000	0.215000	0.054000	0.000000	11411.804000	49311	1568
planetlab2.eecs.umich.edu_cs-planetlab3.cs.surrey.sfu.ca_2803 2	6927.758000	4508.758000	0.073000	0.000000	11436.589000	49051	2048
planetlab2.eecs.umich.edu_cs-planetlab3.cs.surrey.sfu.ca_2870 2	7180.454000	4677.783000	0.074000	0.000000	11858.311000	49079	2048
planet1.cs.rochester.edu_cs-planetlab3.cs.surrey.sfu.ca_749 4	12560.508000	0.020000	0.017000	0.000000	12560.545000	49581	3328
planetlab2.mnlab.cti.depaul.edu_cs-planetlab3.cs.surrey.sfu.ca_1928 3	6814.833000	6142.838000	0.011000	0.000000	12957.682000	49122	1152
planetlab2.mnlab.cti.depaul.edu_cs-planetlab3.cs.surrey.sfu.ca_2013 3	8012.560000	5328.018000	0.018000	0.000000	13340.596000	49387	1152
planetlab2.mnlab.cti.depaul.edu_cs-planetlab3.cs.surrey.sfu.ca_2044 3	8577.831000	4858.021000	0.022000	0.000000	13435.874000	49471	1152
planetlab2.mnlab.cti.depaul.edu_cs-planetlab3.cs.surrey.sfu.ca_2060 3	9252.234000	4279.362000	0.024000	0.000000	13531.620000	49568	1152
planetlab2.cs.pitt.edu_cs-planetlab3.cs.surrey.sfu.ca_1849 4	13827.624000	0.022000	0.015000	0.000000	13827.661000	49423	304
node2.planetlab.albany.edu_cs-planetlab3.cs.surrey.sfu.ca_1026 4	16575.925000	0.146000	0.018000	0.000000	16576.089000	49187	1792
planetlab4.rutgers.edu_cs-planetlab3.cs.surrey.sfu.ca_6755 4	17996.144000	0.065000	0.022000	0.000000	17996.231000	48991	1024
planetlab4.rutgers.edu_cs-planetlab3.cs.surrey.sfu.ca_6767 4	18049.767000	0.090000	0.019000	0.000000	18049.876000	49007	1024
planetlab4.rutgers.edu_cs-planetlab3.cs.surrey.sfu.ca_6776 4	18120.089000	0.390000	0.028000	0.000000	18120.507000	49018	1024
planetlab4.rutgers.edu_cs-planetlab3.cs.surrey.sfu.ca_6784 4	18190.077000	0.025000	0.025000	0.000000	18190.127000	49031	1024
planetlab4.rutgers.edu_cs-planetlab3.cs.surrey.sfu.ca_6789 4	18237.986000	0.023000	0.029000	0.000000	18238.038000	49035	1024
planetlab4.rutgers.edu_cs-planetlab3.cs.surrey.sfu.ca_6795 4	18262.359000	0.081000	0.019000	0.000000	18262.459000	49037	1024
planetlab4.rutgers.edu_cs-planetlab3.cs.surrey.sfu.ca_6804 4	18293.741000	0.140000	0.026000	0.000000	18293.907000	49038	1024
planetlab4.rutgers.edu_cs-planetlab3.cs.surrey.sfu.ca_6806 4	18297.613000	0.306000	0.019000	0.000000	18297.938000	49039	1024
planetlab4.rutgers.edu_cs-planetlab3.cs.surrey.sfu.ca_6812 4	18312.677000	8.042000	0.018000	0.000000	18320.737000	49040	1024
planetlab4.rutgers.edu_cs-planetlab3.cs.surrey.sfu.ca_6816 4	18327.844000	0.020000	0.016000	0.000000	18327.880000	49055	1024
planetlab4.rutgers.edu_cs-planetlab3.cs.surrey.sfu.ca_6835 4	18648.518000	0.383000	0.044000	0.000000	18648.945000	49071	1024
planetlab4.csee.usf.edu_cs-planetlab3.cs.surrey.sfu.ca_1210 2	20916.795000	0.028000	0.027000	0.000000	20916.850000	49170	2624
planetlab-01.bu.edu_cs-planetlab3.cs.surrey.sfu.ca_3133 5	21124.643000	0.083000	0.020000	0.000000	21124.746000	49338	640
planetlab-01.cs.princeton.edu_cs-planetlab3.cs.surrey.sfu.ca_932 5	21350.745000	2.713000	0.092000	0.000000	21353.550000	49240	816
planetlab-2.cs.uh.edu_cs-planetlab3.cs.surrey.sfu.ca_1394 6	21532.524000	0.344000	0.036000	0.000000	21532.904000	49470	784
planetlab2.cs.uoregon.edu_cs-planetlab3.cs.surrey.sfu.ca_1228 4	21591.748000	0.533000	0.017000	0.000000	21592.298000	49425	3104
planetlab-1.cse.ohio-state.edu_cs-planetlab3.cs.surrey.sfu.ca_1054 1	3534.565000	18068.075000	0.036000	0.000000	21602.676000	49213	2560
planetlab2.dtc.umn.edu_cs-planetlab3.cs.surrey.sfu.ca_1519 5	21669.366000	0.082000	0.038000	0.000000	21669.486000	49271	3072
planetlab4.rutgers.edu_cs-planetlab3.cs.surrey.sfu.ca_6878 4	22217.474000	0.361000	0.043000	0.000000	22217.878000	49084	1024
planetlab4.williams.edu_cs-planetlab3.cs.surrey.sfu.ca_1746 4	22411.174000	0.023000	0.019000	0.000000	22411.216000	49127	336
planetlab4.rutgers.edu_cs-planetlab3.cs.surrey.sfu.ca_6895 4	22505.462000	0.558000	0.046000	0.000000	22506.066000	49103	1024
planetlab4.rutgers.edu_cs-planetlab3.cs.surrey.sfu.ca_6917 4	22588.257000	0.372000	0.026000	0.000000	22588.655000	49125	1024
planetlab2.cs.columbia.edu_cs-planetlab3.cs.surrey.sfu.ca_2849 4	22712.926000	0.913000	0.055000	0.000000	22713.894000	49402	112
roam2.cs.ou.edu_cs-planetlab3.cs.surrey.sfu.ca_5003 5	13284.007000	9744.575000	0.018000	0.000000	23028.600000	48988	48
planetlab4.rutgers.edu_cs-planetlab3.cs.surrey.sfu.ca_6977 4	23073.361000	0.217000	0.028000	0.000000	23073.606000	49158	1024
planetlab4.rutgers.edu_cs-planetlab3.cs.surrey.sfu.ca_6985 4	23087.357000	0.068000	0.016000	0.000000	23087.441000	49165	1024
planetlab4.rutgers.edu_cs-planetlab3.cs.surrey.sfu.ca_6992 4	23117.212000	0.170000	0.017000	0.000000	23117.399000	49176	1024
roam2.cs.ou.edu_cs-planetlab3.cs.surrey.sfu.ca_5026 5	13409.104000	9719.766000	0.020000	0.000000	23128.890000	48992	48
planetlab4.rutgers.edu_cs-planetlab3.cs.surrey.sfu.ca_7000 4	23149.171000	0.024000	0.027000	0.000000	23149.222000	49192	1024
planetlab4.rutgers.edu_cs-planetlab3.cs.surrey.sfu.ca_7006 4	23185.831000	0.026000	0.020000	0.000000	23185.877000	49200	1024
planetlab4.rutgers.edu_cs-planetlab3.cs.surrey.sfu.ca_7020 4	23221.444000	16.214000	0.020000	0.000000	23237.678000	49208	1024
roam2.cs.ou.edu_cs-planetlab3.cs.surrey.sfu.ca_5062 5	13545.510000	9700.735000	0.020000	0.000000	23246.265000	48996	48
planetlab4.rutgers.edu_cs-planetlab3.cs.surrey.sfu.ca_7027 4	23235.002000	39.277000	0.022000	0.000000	23274.301000	49209	1024
planetlab4.rutgers.edu_cs-planetlab3.cs.surrey.sfu.ca_7031 4	23260.391000	21.647000	0.014000	0.000000	23282.052000	49210	1024
planetlab4.rutgers.edu_cs-planetlab3.cs.surrey.sfu.ca_7033 4	23268.529000	27.172000	0.022000	0.000000	23295.723000	49212	1024
roam2.cs.ou.edu_cs-planetlab3.cs.surrey.sfu.ca_5092 5	13749.392000	9625.472000	0.023000	0.000000	23374.887000	48997	48
roam2.cs.ou.edu_cs-planetlab3.cs.surrey.sfu.ca_5094 5	13764.682000	9613.362000	0.030000	0.000000	23378.074000	48998	48
planetlab4.rutgers.edu_cs-planetlab3.cs.surrey.sfu.ca_7056 4	23363.970000	17.928000	0.027000	0.000000	23381.925000	49221	1024
planetlab4.rutgers.edu_cs-planetlab3.cs.surrey.sfu.ca_7075 4	23422.560000	17.748000	0.036000	0.000000	23440.344000	49225	1024
planetlab1.williams.edu_cs-planetlab3.cs.surrey.sfu.ca_2189 3	8638.042000	14901.775000	0.017000	0.000000	23539.834000	48986	2176
planetlab4.rutgers.edu_cs-planetlab3.cs.surrey.sfu.ca_7099 4	23569.390000	0.197000	0.030000	0.000000	23569.617000	49228	1024
planetlab4.rutgers.edu_cs-planetlab3.cs.surrey.sfu.ca_7101 4	23570.494000	0.980000	0.026000	0.000000	23571.500000	49229	1024
planetlab4.rutgers.edu_cs-planetlab3.cs.surrey.sfu.ca_7119 4	23640.178000	0.020000	0.018000	0.000000	23640.216000	49231	1024
roam2.cs.ou.edu_cs-planetlab3.cs.surrey.sfu.ca_5180 5	14271.203000	9462.605000	0.029000	0.000000	23733.837000	49004	48
planetlab4.rutgers.edu_cs-planetlab3.cs.surrey.sfu.ca_7141 4	23745.812000	0.057000	0.019000	0.000000	23745.888000	49234	1024
roam2.cs.ou.edu_cs-planetlab3.cs.surrey.sfu.ca_5232 5	14545.845000	9390.894000	0.023000	0.000000	23936.762000	49008	48
planetlab4.rutgers.edu_cs-planetlab3.cs.surrey.sfu.ca_7162 4	23937.054000	0.028000	0.021000	0.000000	23937.103000	49245	1024
roam2.cs.ou.edu_cs-planetlab3.cs.surrey.sfu.ca_5235 5	14556.311000	9393.885000	0.019000	0.000000	23950.215000	49009	48
roam2.cs.ou.edu_cs-planetlab3.cs.surrey.sfu.ca_5237 5	14566.048000	9390.367000	0.028000	0.000000	23956.443000	49010	48
planetlab4.rutgers.edu_cs-planetlab3.cs.surrey.sfu.ca_7188 4	24045.115000	0.024000	0.022000	0.000000	24045.161000	49261	1024
node1.planetlab.albany.edu_cs-planetlab3.cs.surrey.sfu.ca_9241 4	12977.244000	11096.158000	0.020000	0.000000	24073.422000	49095	32
planetlab4.rutgers.edu_cs-planetlab3.cs.surrey.sfu.ca_7207 4	24100.883000	0.026000	0.029000	0.000000	24100.938000	49272	1024
roam2.cs.ou.edu_cs-planetlab3.cs.surrey.sfu.ca_5288 5	14787.738000	9331.995000	0.021000	0.000000	24119.754000	49013	48
planetlab-02.bu.edu_cs-planetlab3.cs.surrey.sfu.ca_1354 3	10591.929000	13557.539000	0.020000	0.000000	24149.488000	49440	368
planetlab4.rutgers.edu_cs-planetlab3.cs.surrey.sfu.ca_7225 4	24157.705000	0.023000	0.025000	0.000000	24157.753000	49298	1024
roam2.cs.ou.edu_cs-planetlab3.cs.surrey.sfu.ca_5299 5	14849.478000	9316.928000	0.020000	0.000000	24166.426000	49012	48
roam2.cs.ou.edu_cs-planetlab3.cs.surrey.sfu.ca_5305 5	14861.727000	9309.124000	0.016000	0.000000	24170.867000	49014	48
roam2.cs.ou.edu_cs-planetlab3.cs.surrey.sfu.ca_5317 5	14913.450000	9311.506000	0.019000	0.000000	24224.975000	49015	48
roam2.cs.ou.edu_cs-planetlab3.cs.surrey.sfu.ca_5341 5	15074.039000	9252.045000	0.027000	0.000000	24326.111000	49016	48
planetlab2.umassd.edu_cs-planetlab3.cs.surrey.sfu.ca_5128 4	9215.469000	15140.499000	0.055000	0.000000	24356.023000	49005	64
planetlab4.rutgers.edu_cs-planetlab3.cs.surrey.sfu.ca_7307 4	24344.499000	10.948000	0.019000	0.000000	24355.466000	49326	1024
planetlab4.rutgers.edu_cs-planetlab3.cs.surrey.sfu.ca_7313 4	24372.077000	0.068000	0.022000	0.000000	24372.167000	49333	1024
planetlab4.rutgers.edu_cs-planetlab3.cs.surrey.sfu.ca_7317 4	24373.831000	0.671000	0.028000	0.000000	24374.530000	49336	1024
roam2.cs.ou.edu_cs-planetlab3.cs.surrey.sfu.ca_5357 5	15226.989000	9152.089000	0.024000	0.000000	24379.102000	49020	48
planetlab1.williams.edu_cs-planetlab3.cs.surrey.sfu.ca_2348 3	11898.713000	12480.267000	0.020000	0.000000	24379.000000	49072	2176
planetlab4.rutgers.edu_cs-planetlab3.cs.surrey.sfu.ca_7321 4	24388.789000	0.333000	0.026000	0.000000	24389.148000	49346	1024
planetlab1.williams.edu_cs-planetlab3.cs.surrey.sfu.ca_2355 3	12135.903000	12292.552000	0.016000	0.000000	24428.471000	49093	2176
planetlab4.rutgers.edu_cs-planetlab3.cs.surrey.sfu.ca_7331 4	24413.967000	39.496000	0.025000	0.000000	24453.488000	49357	1024
planetlab4.rutgers.edu_cs-planetlab3.cs.surrey.sfu.ca_7339 4	24442.959000	32.698000	0.016000	0.000000	24475.673000	49360	1024
roam2.cs.ou.edu_cs-planetlab3.cs.surrey.sfu.ca_5385 5	15486.534000	9004.857000	0.028000	0.000000	24491.419000	49021	48
planetlab4.rutgers.edu_cs-planetlab3.cs.surrey.sfu.ca_7341 4	24443.758000	45.164000	0.013000	0.000000	24488.935000	49362	1024
planetlab4.rutgers.edu_cs-planetlab3.cs.surrey.sfu.ca_7343 4	24449.262000	40.998000	0.018000	0.000000	24490.278000	49363	1024
roam2.cs.ou.edu_cs-planetlab3.cs.surrey.sfu.ca_5391 5	15551.149000	8959.813000	0.031000	0.000000	24510.993000	49022	48
planetlab4.rutgers.edu_cs-planetlab3.cs.surrey.sfu.ca_7350 4	24466.107000	62.846000	0.022000	0.000000	24528.975000	49366	1024
planetlab4.rutgers.edu_cs-planetlab3.cs.surrey.sfu.ca_7354 4	24500.518000	44.487000	0.031000	0.000000	24545.036000	49370	1024
planetlab4.rutgers.edu_cs-planetlab3.cs.surrey.sfu.ca_7358 4	24534.247000	36.046000	0.020000	0.000000	24570.313000	49394	1024
planetlab4.rutgers.edu_cs-planetlab3.cs.surrey.sfu.ca_7366 4	24569.541000	40.737000	0.038000	0.000000	24610.316000	49410	1024
planetlab4.rutgers.edu_cs-planetlab3.cs.surrey.sfu.ca_7370 4	24585.947000	29.626000	0.024000	0.000000	24615.597000	49412	1024
planetlab4.rutgers.edu_cs-planetlab3.cs.surrey.sfu.ca_7374 4	24602.927000	47.959000	0.020000	0.000000	24650.906000	49414	1024
planetlab4.rutgers.edu_cs-planetlab3.cs.surrey.sfu.ca_7376 4	24604.182000	47.431000	0.013000	0.000000	24651.626000	49415	1024
planetlab4.rutgers.edu_cs-planetlab3.cs.surrey.sfu.ca_7392 4	24647.267000	86.194000	0.018000	0.000000	24733.479000	49422	1024
planetlab4.rutgers.edu_cs-planetlab3.cs.surrey.sfu.ca_7406 4	24711.537000	68.768000	0.021000	0.000000	24780.326000	49430	1024
planetlab4.rutgers.edu_cs-planetlab3.cs.surrey.sfu.ca_7425 4	24921.240000	84.261000	0.018000	0.000000	25005.519000	49446	1024
planetlab-1.cs.colostate.edu_cs-planetlab3.cs.surrey.sfu.ca_1186 6	19834.670000	5199.801000	0.036000	0.000000	25034.507000	49161	656
planetlab4.rutgers.edu_cs-planetlab3.cs.surrey.sfu.ca_7468 4	24976.164000	161.909000	0.035000	0.000000	25138.108000	49464	1024
planetlab4.rutgers.edu_cs-planetlab3.cs.surrey.sfu.ca_7490 4	25164.670000	54.428000	0.047000	0.000000	25219.145000	49478	1024
planetlab4.rutgers.edu_cs-planetlab3.cs.surrey.sfu.ca_7494 4	25244.003000	0.112000	0.032000	0.000000	25244.147000	49485	1024
planetlab4.rutgers.edu_cs-planetlab3.cs.surrey.sfu.ca_7498 4	25274.783000	0.108000	0.030000	0.000000	25274.921000	49505	1024
planetlab2.acis.ufl.edu_cs-planetlab3.cs.surrey.sfu.ca_5779 3	17045.728000	8250.592000	0.024000	0.000000	25296.344000	49608	1056
planetlab-1.cs.colostate.edu_cs-planetlab3.cs.surrey.sfu.ca_1272 6	21705.609000	3609.678000	0.137000	0.000000	25315.424000	49409	656
planetlab-1.cs.colostate.edu_cs-planetlab3.cs.surrey.sfu.ca_1274 6	21739.544000	3577.955000	0.027000	0.000000	25317.526000	49416	656
planetlab-1.cs.colostate.edu_cs-planetlab3.cs.surrey.sfu.ca_1276 6	21768.563000	3550.927000	0.042000	0.000000	25319.532000	49417	656
planetlab-1.cs.colostate.edu_cs-planetlab3.cs.surrey.sfu.ca_1278 6	21772.894000	3546.987000	0.045000	0.000000	25319.926000	49419	656
planetlab4.rutgers.edu_cs-planetlab3.cs.surrey.sfu.ca_7508 4	25287.692000	31.341000	0.026000	0.000000	25319.059000	49542	1024
planetlab4.rutgers.edu_cs-planetlab3.cs.surrey.sfu.ca_7510 4	25304.292000	22.183000	0.026000	0.000000	25326.501000	49547	1024
planetlab-1.cs.colostate.edu_cs-planetlab3.cs.surrey.sfu.ca_1280 6	21808.507000	3539.488000	0.034000	0.000000	25348.029000	49421	656
planetlab-1.cs.colostate.edu_cs-planetlab3.cs.surrey.sfu.ca_1282 6	21852.096000	3503.294000	0.031000	0.000000	25355.421000	49433	656
planetlab-1.cs.colostate.edu_cs-planetlab3.cs.surrey.sfu.ca_1285 6	21998.223000	3359.884000	0.037000	0.000000	25358.144000	49449	656
planetlab-1.cs.colostate.edu_cs-planetlab3.cs.surrey.sfu.ca_1292 6	22127.934000	3240.727000	0.025000	0.000000	25368.686000	49481	656
planetlab-1.cs.colostate.edu_cs-planetlab3.cs.surrey.sfu.ca_1303 6	22331.414000	3041.109000	0.022000	0.000000	25372.545000	49545	656
planetlab-2.cmcl.cs.cmu.edu_cs-planetlab3.cs.surrey.sfu.ca_2049 6	25508.652000	0.054000	0.046000	0.000000	25508.752000	49538	560
roam2.cs.ou.edu_cs-planetlab3.cs.surrey.sfu.ca_6056 5	21322.113000	4979.736000	0.028000	0.000000	26301.877000	49054	48
planetlab-03.cs.princeton.edu_cs-planetlab3.cs.surrey.sfu.ca_5168 5	26347.695000	0.789000	0.458000	0.000000	26348.942000	49029	80
planetlab-03.cs.princeton.edu_cs-planetlab3.cs.surrey.sfu.ca_5182 5	26748.141000	1.696000	0.701000	0.000000	26750.538000	49041	80
planetlab2.eecs.umich.edu_cs-planetlab3.cs.surrey.sfu.ca_4986 2	20396.255000	6368.343000	0.067000	0.000000	26764.665000	49123	2048
planetlab2.eecs.umich.edu_cs-planetlab3.cs.surrey.sfu.ca_4993 2	20552.530000	6246.097000	0.064000	0.000000	26798.691000	49134	2048
planetlab-03.cs.princeton.edu_cs-planetlab3.cs.surrey.sfu.ca_5189 5	26837.881000	1.100000	0.024000	0.000000	26839.005000	49044	80
roam2.cs.ou.edu_cs-planetlab3.cs.surrey.sfu.ca_6245 5	22353.132000	4495.860000	0.036000	0.000000	26849.028000	49076	48
planetlab-03.cs.princeton.edu_cs-planetlab3.cs.surrey.sfu.ca_5193 5	26853.465000	0.381000	0.015000	0.000000	26853.861000	49045	80
planetlab1.williams.edu_cs-planetlab3.cs.surrey.sfu.ca_2681 3	26964.424000	0.025000	0.024000	0.000000	26964.473000	49159	2176
planetlab-03.cs.princeton.edu_cs-planetlab3.cs.surrey.sfu.ca_5200 5	27030.394000	0.259000	0.026000	0.000000	27030.679000	49047	80
planetlab4.williams.edu_cs-planetlab3.cs.surrey.sfu.ca_1851 4	27066.645000	0.027000	0.026000	0.000000	27066.698000	49222	336
planetlab-03.cs.princeton.edu_cs-planetlab3.cs.surrey.sfu.ca_5219 5	27594.579000	0.326000	0.031000	0.000000	27594.936000	49053	80
planetlab2.eecs.umich.edu_cs-planetlab3.cs.surrey.sfu.ca_5167 2	22038.417000	5778.529000	0.193000	0.000000	27817.139000	49185	2048
roam2.cs.ou.edu_cs-planetlab3.cs.surrey.sfu.ca_6561 5	24683.367000	3144.144000	0.029000	0.000000	27827.540000	49108	48
planetlab2.eecs.umich.edu_cs-planetlab3.cs.surrey.sfu.ca_5200 2	22166.382000	5798.651000	0.074000	0.000000	27965.107000	49194	2048
planetlab2.eecs.umich.edu_cs-planetlab3.cs.surrey.sfu.ca_5230 2	22279.259000	5847.445000	0.080000	0.000000	28126.784000	49226	2048
planetlab2.eecs.umich.edu_cs-planetlab3.cs.surrey.sfu.ca_5279 2	22474.729000	5952.185000	1.200000	0.000000	28428.114000	49236	2048
planetlab2.eecs.umich.edu_cs-planetlab3.cs.surrey.sfu.ca_5281 2	22483.167000	5960.703000	0.071000	0.000000	28443.941000	49241	2048
planetlab2.eecs.umich.edu_cs-planetlab3.cs.surrey.sfu.ca_5283 2	22492.134000	5952.655000	0.068000	0.000000	28444.857000	49250	2048
planetlab2.eecs.umich.edu_cs-planetlab3.cs.surrey.sfu.ca_5285 2	22489.093000	5968.888000	0.080000	0.000000	28458.061000	49256	2048
planetlab2.eecs.umich.edu_cs-planetlab3.cs.surrey.sfu.ca_5311 2	22589.073000	5976.972000	0.078000	0.000000	28566.123000	49258	2048
roam2.cs.ou.edu_cs-planetlab3.cs.surrey.sfu.ca_6806 5	26605.332000	2078.946000	0.032000	0.000000	28684.310000	49124	48
planetlab-03.cs.princeton.edu_cs-planetlab3.cs.surrey.sfu.ca_5248 5	28764.726000	0.299000	0.024000	0.000000	28765.049000	49067	80
planetlab1.williams.edu_cs-planetlab3.cs.surrey.sfu.ca_2683 3	28850.300000	0.076000	0.028000	0.000000	28850.404000	49283	2176
planetlab1.williams.edu_cs-planetlab3.cs.surrey.sfu.ca_2685 3	28866.800000	0.023000	0.015000	0.000000	28866.838000	49285	2176
planetlab1.williams.edu_cs-planetlab3.cs.surrey.sfu.ca_2687 3	28877.609000	0.024000	0.016000	0.000000	28877.649000	49286	2176
planetlab1.williams.edu_cs-planetlab3.cs.surrey.sfu.ca_2689 3	28879.568000	0.020000	0.012000	0.000000	28879.600000	49287	2176
planetlab2.eecs.umich.edu_cs-planetlab3.cs.surrey.sfu.ca_5396 2	22945.467000	5982.464000	0.075000	0.000000	28928.006000	49305	2048
planetlab1.williams.edu_cs-planetlab3.cs.surrey.sfu.ca_2691 3	28945.201000	0.069000	0.016000	0.000000	28945.286000	49295	2176
planetlab1.williams.edu_cs-planetlab3.cs.surrey.sfu.ca_2693 3	28953.609000	0.264000	0.013000	0.000000	28953.886000	49303	2176
planetlab2.eecs.umich.edu_cs-planetlab3.cs.surrey.sfu.ca_5421 2	23034.736000	6000.909000	0.075000	0.000000	29035.720000	49342	2048
planetlab1.eecs.umich.edu_cs-planetlab3.cs.surrey.sfu.ca_1855 3	29039.161000	4.839000	0.101000	0.000000	29044.101000	49328	2304
planetlab1.williams.edu_cs-planetlab3.cs.surrey.sfu.ca_2695 3	29054.041000	6.013000	0.021000	0.000000	29060.075000	49319	2176
planetlab2.eecs.umich.edu_cs-planetlab3.cs.surrey.sfu.ca_5431 2	23063.375000	6006.771000	0.073000	0.000000	29070.219000	49353	2048
planetlab2.eecs.umich.edu_cs-planetlab3.cs.surrey.sfu.ca_5433 2	23062.004000	6009.102000	0.075000	0.000000	29071.181000	49361	2048
planetlab1.williams.edu_cs-planetlab3.cs.surrey.sfu.ca_2697 3	29088.878000	0.108000	0.023000	0.000000	29089.009000	49351	2176
planetlab2.eecs.umich.edu_cs-planetlab3.cs.surrey.sfu.ca_5440 2	23088.951000	6029.451000	0.076000	0.000000	29118.478000	49368	2048
planetlab2.eecs.umich.edu_cs-planetlab3.cs.surrey.sfu.ca_5442 2	23090.672000	6036.569000	0.073000	0.000000	29127.314000	49369	2048
roam2.cs.ou.edu_cs-planetlab3.cs.surrey.sfu.ca_6935 5	27576.897000	1631.164000	0.029000	0.000000	29208.090000	49131	48
planetlab2.eecs.umich.edu_cs-planetlab3.cs.surrey.sfu.ca_5465 2	23162.820000	6066.735000	0.077000	0.000000	29229.632000	49371	2048
planetlab2.eecs.umich.edu_cs-planetlab3.cs.surrey.sfu.ca_5467 2	23167.716000	6066.951000	0.079000	0.000000	29234.746000	49373	2048
planetlab2.eecs.umich.edu_cs-planetlab3.cs.surrey.sfu.ca_5470 2	23171.705000	6065.232000	0.110000	0.000000	29237.047000	49401	2048
planetlab2.eecs.umich.edu_cs-planetlab3.cs.surrey.sfu.ca_5472 2	23179.381000	6059.392000	0.074000	0.000000	29238.847000	49386	2048
roam2.cs.ou.edu_cs-planetlab3.cs.surrey.sfu.ca_6957 5	28140.396000	1118.570000	0.032000	0.000000	29258.998000	49136	48
planetlab2.eecs.umich.edu_cs-planetlab3.cs.surrey.sfu.ca_5478 2	23205.871000	6092.967000	0.077000	0.000000	29298.915000	49418	2048
roam2.cs.ou.edu_cs-planetlab3.cs.surrey.sfu.ca_6989 5	28879.175000	496.771000	0.020000	0.000000	29375.966000	49141	48
roam2.cs.ou.edu_cs-planetlab3.cs.surrey.sfu.ca_6987 5	28877.889000	498.146000	0.027000	0.000000	29376.062000	49140	48
planetlab2.eecs.umich.edu_cs-planetlab3.cs.surrey.sfu.ca_5488 2	23312.572000	6091.784000	0.073000	0.000000	29404.429000	49439	2048
roam2.cs.ou.edu_cs-planetlab3.cs.surrey.sfu.ca_7004 5	28951.803000	457.286000	0.018000	0.000000	29409.107000	49142	48
planetlab2.eecs.umich.edu_cs-planetlab3.cs.surrey.sfu.ca_5490 2	23287.756000	6119.659000	0.074000	0.000000	29407.489000	49442	2048
planetlab2.eecs.umich.edu_cs-planetlab3.cs.surrey.sfu.ca_5495 2	23308.614000	6101.885000	0.075000	0.000000	29410.574000	49448	2048
planetlab2.eecs.umich.edu_cs-planetlab3.cs.surrey.sfu.ca_5497 2	23313.451000	6100.156000	0.074000	0.000000	29413.681000	49450	2048
planetlab2.eecs.umich.edu_cs-planetlab3.cs.surrey.sfu.ca_5508 2	23336.734000	6155.684000	0.077000	0.000000	29492.495000	49451	2048
planetlab2.eecs.umich.edu_cs-planetlab3.cs.surrey.sfu.ca_5516 2	23366.609000	6200.526000	0.076000	0.000000	29567.211000	49454	2048
planetlab2.eecs.umich.edu_cs-planetlab3.cs.surrey.sfu.ca_5519 2	23388.763000	6190.702000	0.076000	0.000000	29579.541000	49466	2048
planetlab2.eecs.umich.edu_cs-planetlab3.cs.surrey.sfu.ca_5524 2	23403.279000	6199.075000	0.076000	0.000000	29602.430000	49474	2048
planetlab1.williams.edu_cs-planetlab3.cs.surrey.sfu.ca_2699 3	29609.301000	0.026000	0.025000	0.000000	29609.352000	49460	2176
planetlab2.eecs.umich.edu_cs-planetlab3.cs.surrey.sfu.ca_5527 2	23420.996000	6200.337000	0.077000	0.000000	29621.410000	49480	2048
roam2.cs.ou.edu_cs-planetlab3.cs.surrey.sfu.ca_7018 5	29647.232000	0.624000	0.032000	0.000000	29647.888000	49148	48
planetlab2.eecs.umich.edu_cs-planetlab3.cs.surrey.sfu.ca_5531 2	23449.064000	6204.566000	0.076000	0.000000	29653.706000	49482	2048
planetlab2.eecs.umich.edu_cs-planetlab3.cs.surrey.sfu.ca_5550 2	23533.806000	6238.869000	0.076000	0.000000	29772.751000	49483	2048
planetlab2.eecs.umich.edu_cs-planetlab3.cs.surrey.sfu.ca_5552 2	23537.475000	6240.457000	0.076000	0.000000	29778.008000	49486	2048
planetlab2.eecs.umich.edu_cs-planetlab3.cs.surrey.sfu.ca_5560 2	23559.617000	6245.519000	0.077000	0.000000	29805.213000	49498	2048
planetlab2.eecs.umich.edu_cs-planetlab3.cs.surrey.sfu.ca_5558 2	23554.011000	6252.506000	0.075000	0.000000	29806.592000	49504	2048
planetlab2.eecs.umich.edu_cs-planetlab3.cs.surrey.sfu.ca_5562 2	23565.836000	6245.904000	0.075000	0.000000	29811.815000	49507	2048
planetlab2.eecs.umich.edu_cs-planetlab3.cs.surrey.sfu.ca_5570 2	23609.031000	6272.059000	0.078000	0.000000	29881.168000	49506	2048
planetlab2.eecs.umich.edu_cs-planetlab3.cs.surrey.sfu.ca_5572 2	23612.019000	6276.921000	0.078000	0.000000	29889.018000	49510	2048
planetlab2.eecs.umich.edu_cs-planetlab3.cs.surrey.sfu.ca_5574 2	23616.333000	6276.416000	0.218000	0.000000	29892.967000	49512	2048
planetlab2.eecs.umich.edu_cs-planetlab3.cs.surrey.sfu.ca_5576 2	23622.201000	6276.180000	0.076000	0.000000	29898.457000	49514	2048
planetlab2.eecs.umich.edu_cs-planetlab3.cs.surrey.sfu.ca_5578 2	23624.610000	6277.370000	0.149000	0.000000	29902.129000	49513	2048
planetlab2.eecs.umich.edu_cs-planetlab3.cs.surrey.sfu.ca_5585 2	23658.019000	6303.645000	0.196000	0.000000	29961.860000	49515	2048
planetlab2.eecs.umich.edu_cs-planetlab3.cs.surrey.sfu.ca_5601 2	23762.837000	6281.763000	0.106000	0.000000	30044.706000	49516	2048
planetlab2.eecs.umich.edu_cs-planetlab3.cs.surrey.sfu.ca_5603 2	23774.864000	6276.663000	0.074000	0.000000	30051.601000	49518	2048
planetlab2.eecs.umich.edu_cs-planetlab3.cs.surrey.sfu.ca_5607 2	23785.741000	6268.002000	0.076000	0.000000	30053.819000	49522	2048
planetlab2.eecs.umich.edu_cs-planetlab3.cs.surrey.sfu.ca_5609 2	23794.179000	6260.045000	0.077000	0.000000	30054.301000	49528	2048
planetlab2.eecs.umich.edu_cs-planetlab3.cs.surrey.sfu.ca_5611 2	23795.082000	6276.930000	0.073000	0.000000	30072.085000	49519	2048
planetlab2.eecs.umich.edu_cs-planetlab3.cs.surrey.sfu.ca_5617 2	23807.164000	6294.726000	0.074000	0.000000	30101.964000	49530	2048
planetlab2.eecs.umich.edu_cs-planetlab3.cs.surrey.sfu.ca_5619 2	23826.055000	6312.296000	0.076000	0.000000	30138.427000	49531	2048
planetlab2.eecs.umich.edu_cs-planetlab3.cs.surrey.sfu.ca_5635 2	23868.230000	6303.645000	0.078000	0.000000	30171.953000	49536	2048
planetlab2.eecs.umich.edu_cs-planetlab3.cs.surrey.sfu.ca_5637 2	23870.056000	6311.027000	0.079000	0.000000	30181.162000	49534	2048
planetlab1.williams.edu_cs-planetlab3.cs.surrey.sfu.ca_2701 3	30223.542000	0.028000	0.026000	0.000000	30223.596000	49543	2176
planetlab2.eecs.umich.edu_cs-planetlab3.cs.surrey.sfu.ca_5702 2	24066.663000	6308.286000	0.075000	0.000000	30375.024000	49578	2048
planetlab2.eecs.umich.edu_cs-planetlab3.cs.surrey.sfu.ca_5807 2	24593.677000	6034.795000	0.038000	0.000000	30628.510000	49610	2048
planetlab3.williams.edu_cs-planetlab3.cs.surrey.sfu.ca_1403 4	11585.205000	19101.945000	0.020000	0.000000	30687.170000	49196	400
planetlab2.eecs.umich.edu_cs-planetlab3.cs.surrey.sfu.ca_5853 2	24832.885000	5957.703000	0.027000	0.000000	30790.615000	49259	2048
planetlab2.eecs.umich.edu_cs-planetlab3.cs.surrey.sfu.ca_5857 2	24847.815000	5965.399000	0.222000	0.000000	30813.436000	49262	2048
planetlab3.williams.edu_cs-planetlab3.cs.surrey.sfu.ca_1565 4	17503.311000	13308.598000	0.022000	0.000000	30811.931000	49426	400
planetlab3.williams.edu_cs-planetlab3.cs.surrey.sfu.ca_1585 4	18954.028000	11915.782000	0.022000	0.000000	30869.832000	49511	400
planetlab2.eecs.umich.edu_cs-planetlab3.cs.surrey.sfu.ca_5875 2	24894.193000	6002.110000	0.071000	0.000000	30896.374000	49274	2048
plgmu1.ite.gmu.edu_cs-planetlab3.cs.surrey.sfu.ca_2270 4	31679.200000	0.080000	0.049000	0.000000	31679.329000	49068	208
vn4.cse.wustl.edu_cs-planetlab3.cs.surrey.sfu.ca_3626 5	32414.543000	0.094000	0.027000	0.000000	32414.664000	48984	272
planetlab-03.cs.princeton.edu_cs-planetlab3.cs.surrey.sfu.ca_5342 5	32584.434000	1.451000	2.390000	0.000000	32588.275000	49077	80
planetlab1.rutgers.edu_cs-planetlab3.cs.surrey.sfu.ca_7842 6	23026.913000	10070.554000	0.070000	0.000000	33097.537000	48990	512
roam2.cs.ou.edu_cs-planetlab3.cs.surrey.sfu.ca_7084 5	33128.499000	0.038000	0.038000	0.000000	33128.575000	49155	48
planetlab1.cs.unc.edu_cs-planetlab3.cs.surrey.sfu.ca_4733 7	33200.167000	0.069000	0.022000	0.000000	33200.258000	49017	528
planetlab1.cs.unc.edu_cs-planetlab3.cs.surrey.sfu.ca_4737 7	33204.475000	0.030000	0.027000	0.000000	33204.532000	49030	528
planetlab1.cs.unc.edu_cs-planetlab3.cs.surrey.sfu.ca_4749 7	33234.543000	0.035000	0.037000	0.000000	33234.615000	49043	528
planetlab1.cs.unc.edu_cs-planetlab3.cs.surrey.sfu.ca_4755 7	33242.460000	11.534000	0.015000	0.000000	33254.009000	49058	528
planetlab1.cs.unc.edu_cs-planetlab3.cs.surrey.sfu.ca_4757 7	33245.455000	8.951000	0.189000	0.000000	33254.595000	49060	528
planetlab1.cs.unc.edu_cs-planetlab3.cs.surrey.sfu.ca_4761 7	33255.343000	17.967000	0.028000	0.000000	33273.338000	49062	528
planetlab1.cs.unc.edu_cs-planetlab3.cs.surrey.sfu.ca_4765 7	33259.468000	20.795000	0.021000	0.000000	33280.284000	49063	528
planetlab1.cs.unc.edu_cs-planetlab3.cs.surrey.sfu.ca_4770 7	33262.334000	36.214000	0.016000	0.000000	33298.564000	49070	528
planetlab1.cs.unc.edu_cs-planetlab3.cs.surrey.sfu.ca_4778 7	33278.562000	42.050000	0.046000	0.000000	33320.658000	49078	528
planetlab1.cs.unc.edu_cs-planetlab3.cs.surrey.sfu.ca_4782 7	33285.317000	49.536000	0.031000	0.000000	33334.884000	49081	528
planetlab1.cs.unc.edu_cs-planetlab3.cs.surrey.sfu.ca_4786 7	33303.068000	54.847000	0.027000	0.000000	33357.942000	49091	528
planetlab1.cs.unc.edu_cs-planetlab3.cs.surrey.sfu.ca_4793 7	33320.076000	41.763000	0.026000	0.000000	33361.865000	49105	528
planetlab1.cs.unc.edu_cs-planetlab3.cs.surrey.sfu.ca_4800 7	33347.279000	47.609000	0.039000	0.000000	33394.927000	49106	528
planetlab1.cs.unc.edu_cs-planetlab3.cs.surrey.sfu.ca_4804 7	33351.679000	49.704000	0.014000	0.000000	33401.397000	49107	528
planetlab1.cs.unc.edu_cs-planetlab3.cs.surrey.sfu.ca_4806 7	33353.601000	62.294000	0.017000	0.000000	33415.912000	49111	528
planetlab1.cs.unc.edu_cs-planetlab3.cs.surrey.sfu.ca_4810 7	33359.849000	71.418000	0.033000	0.000000	33431.300000	49115	528
planetlab1.cs.unc.edu_cs-planetlab3.cs.surrey.sfu.ca_4815 7	33369.333000	70.345000	0.017000	0.000000	33439.695000	49126	528
planetlab1.cs.unc.edu_cs-planetlab3.cs.surrey.sfu.ca_4823 7	33443.547000	92.301000	0.025000	0.000000	33535.873000	49133	528
planetlab1.cs.unc.edu_cs-planetlab3.cs.surrey.sfu.ca_4833 7	33433.093000	102.799000	0.078000	0.000000	33535.970000	49139	528
planetlab1.cs.unc.edu_cs-planetlab3.cs.surrey.sfu.ca_4858 7	33484.176000	77.092000	0.053000	0.000000	33561.321000	49166	528
planetlab1.rutgers.edu_cs-planetlab3.cs.surrey.sfu.ca_8026 6	24309.888000	9253.895000	0.051000	0.000000	33563.834000	49239	512
planetlab1.cs.unc.edu_cs-planetlab3.cs.surrey.sfu.ca_4874 7	33513.690000	90.403000	0.022000	0.000000	33604.115000	49188	528
planetlab1.cs.unc.edu_cs-planetlab3.cs.surrey.sfu.ca_4886 7	33548.066000	92.625000	0.034000	0.000000	33640.725000	49220	528
planetlab1.cs.unc.edu_cs-planetlab3.cs.surrey.sfu.ca_4894 7	33569.523000	93.168000	0.028000	0.000000	33662.719000	49248	528
planetlab-03.cs.princeton.edu_cs-planetlab3.cs.surrey.sfu.ca_5480 5	33682.963000	0.031000	0.018000	0.000000	33683.012000	49109	80
planetlab1.cs.unc.edu_cs-planetlab3.cs.surrey.sfu.ca_4906 7	33592.048000	105.712000	0.024000	0.000000	33697.784000	49252	528
planetlab1.cs.unc.edu_cs-planetlab3.cs.surrey.sfu.ca_4908 7	33595.576000	102.910000	0.020000	0.000000	33698.506000	49253	528
planetlab1.cs.unc.edu_cs-planetlab3.cs.surrey.sfu.ca_4910 7	33605.942000	101.754000	0.061000	0.000000	33707.757000	49254	528
planetlab1.cs.unc.edu_cs-planetlab3.cs.surrey.sfu.ca_4922 7	33623.891000	119.289000	0.022000	0.000000	33743.202000	49260	528
vn4.cse.wustl.edu_cs-planetlab3.cs.surrey.sfu.ca_3730 5	33757.613000	0.025000	0.022000	0.000000	33757.660000	49000	272
planetlab1.cs.unc.edu_cs-planetlab3.cs.surrey.sfu.ca_4925 7	33634.763000	129.341000	0.025000	0.000000	33764.129000	49268	528
planetlab1.cs.unc.edu_cs-planetlab3.cs.surrey.sfu.ca_4929 7	33644.920000	130.322000	0.027000	0.000000	33775.269000	49275	528
planetlab1.cs.unc.edu_cs-planetlab3.cs.surrey.sfu.ca_4936 7	33666.465000	122.265000	0.036000	0.000000	33788.766000	49284	528
planetlab1.cs.unc.edu_cs-planetlab3.cs.surrey.sfu.ca_4939 7	33679.452000	109.462000	0.043000	0.000000	33788.957000	49297	528
planetlab1.cs.unc.edu_cs-planetlab3.cs.surrey.sfu.ca_4947 7	33687.054000	156.711000	0.020000	0.000000	33843.785000	49312	528
planetlab1.cs.unc.edu_cs-planetlab3.cs.surrey.sfu.ca_4951 7	33702.090000	150.419000	0.029000	0.000000	33852.538000	49316	528
planetlab1.cs.unc.edu_cs-planetlab3.cs.surrey.sfu.ca_4955 7	33704.510000	149.189000	0.017000	0.000000	33853.716000	49317	528
planetlab1.cs.unc.edu_cs-planetlab3.cs.surrey.sfu.ca_4957 7	33704.698000	163.584000	0.017000	0.000000	33868.299000	49318	528
planetlab1.cs.unc.edu_cs-planetlab3.cs.surrey.sfu.ca_4959 7	33707.321000	161.592000	0.017000	0.000000	33868.930000	49324	528
planetlab1.cs.unc.edu_cs-planetlab3.cs.surrey.sfu.ca_4963 7	33724.872000	147.828000	0.017000	0.000000	33872.717000	49332	528
planetlab1.cs.unc.edu_cs-planetlab3.cs.surrey.sfu.ca_4965 7	33732.323000	143.221000	0.021000	0.000000	33875.565000	49344	528
planetlab1.rutgers.edu_cs-planetlab3.cs.surrey.sfu.ca_8283 6	25224.091000	8676.215000	0.047000	0.000000	33900.353000	49431	512
planetlab1.cs.unc.edu_cs-planetlab3.cs.surrey.sfu.ca_4967 7	33739.305000	169.677000	0.020000	0.000000	33909.002000	49348	528
planetlab1.cs.unc.edu_cs-planetlab3.cs.surrey.sfu.ca_4980 7	33759.584000	193.345000	0.024000	0.000000	33952.953000	49349	528
planetlab1.cs.unc.edu_cs-planetlab3.cs.surrey.sfu.ca_4983 7	33764.001000	191.379000	0.023000	0.000000	33955.403000	49350	528
planetlab1.cs.unc.edu_cs-planetlab3.cs.surrey.sfu.ca_4987 7	33770.326000	214.603000	0.021000	0.000000	33984.950000	49356	528
planetlab1.cs.unc.edu_cs-planetlab3.cs.surrey.sfu.ca_4993 7	33778.780000	222.665000	0.019000	0.000000	34001.464000	49364	528
planetlab1.cs.unc.edu_cs-planetlab3.cs.surrey.sfu.ca_5000 7	33796.709000	227.928000	0.016000	0.000000	34024.653000	49376	528
planetlab1.cs.unc.edu_cs-planetlab3.cs.surrey.sfu.ca_5002 7	33798.409000	229.747000	0.015000	0.000000	34028.171000	49377	528
planetlab1.cs.unc.edu_cs-planetlab3.cs.surrey.sfu.ca_5004 7	33802.889000	230.938000	0.018000	0.000000	34033.845000	49378	528
planetlab1.cs.unc.edu_cs-planetlab3.cs.surrey.sfu.ca_5006 7	33806.151000	229.332000	0.017000	0.000000	34035.500000	49380	528
planetlab1.cs.unc.edu_cs-planetlab3.cs.surrey.sfu.ca_5010 7	33823.607000	239.181000	0.026000	0.000000	34062.814000	49381	528
planetlab1.cs.unc.edu_cs-planetlab3.cs.surrey.sfu.ca_5012 7	33831.602000	233.508000	0.026000	0.000000	34065.136000	49382	528
planetlab1.rutgers.edu_cs-planetlab3.cs.surrey.sfu.ca_8317 6	25493.840000	8579.392000	0.048000	0.000000	34073.280000	49479	512
planetlab1.rutgers.edu_cs-planetlab3.cs.surrey.sfu.ca_8323 6	25480.865000	8593.042000	0.041000	0.000000	34073.948000	49491	512
planetlab1.cs.unc.edu_cs-planetlab3.cs.surrey.sfu.ca_5014 7	33832.931000	242.004000	0.090000	0.000000	34075.025000	49383	528
planetlab1.rutgers.edu_cs-planetlab3.cs.surrey.sfu.ca_8327 6	25499.582000	8574.450000	0.051000	0.000000	34074.083000	49493	512
planetlab1.rutgers.edu_cs-planetlab3.cs.surrey.sfu.ca_8329 6	25494.191000	8579.992000	0.043000	0.000000	34074.226000	49494	512
planetlab1.rutgers.edu_cs-planetlab3.cs.surrey.sfu.ca_8331 6	25494.938000	8579.313000	0.042000	0.000000	34074.293000	49495	512
roam2.cs.ou.edu_cs-planetlab3.cs.surrey.sfu.ca_7128 5	34094.759000	0.098000	0.028000	0.000000	34094.885000	49174	48
planetlab1.cs.unc.edu_cs-planetlab3.cs.surrey.sfu.ca_5018 7	33834.780000	270.280000	0.015000	0.000000	34105.075000	49384	528
planetlab1.cs.unc.edu_cs-planetlab3.cs.surrey.sfu.ca_5020 7	33836.266000	272.332000	0.014000	0.000000	34108.612000	49388	528
planetlab1.cs.unc.edu_cs-planetlab3.cs.surrey.sfu.ca_5022 7	33841.213000	272.538000	0.023000	0.000000	34113.774000	49389	528
planetlab1.rutgers.edu_cs-planetlab3.cs.surrey.sfu.ca_8337 6	25543.594000	8585.467000	0.051000	0.000000	34129.112000	49503	512
planetlab1.cs.unc.edu_cs-planetlab3.cs.surrey.sfu.ca_5026 7	33856.649000	276.992000	0.017000	0.000000	34133.658000	49390	528
planetlab1.cs.unc.edu_cs-planetlab3.cs.surrey.sfu.ca_5028 7	33859.838000	283.329000	0.018000	0.000000	34143.185000	49392	528
planetlab1.cs.unc.edu_cs-planetlab3.cs.surrey.sfu.ca_5030 7	33862.389000	283.440000	0.016000	0.000000	34145.845000	49396	528
planetlab1.cs.unc.edu_cs-planetlab3.cs.surrey.sfu.ca_5032 7	33865.923000	289.661000	0.017000	0.000000	34155.601000	49397	528
planetlab1.rutgers.edu_cs-planetlab3.cs.surrey.sfu.ca_8342 6	25596.234000	8558.187000	0.054000	0.000000	34154.475000	49527	512
planetlab1.cs.unc.edu_cs-planetlab3.cs.surrey.sfu.ca_5034 7	33864.636000	291.095000	0.012000	0.000000	34155.743000	49398	528
planetlab-01.ece.uprm.edu_cs-planetlab3.cs.surrey.sfu.ca_3129 4	34178.195000	0.590000	0.055000	0.000000	34178.840000	49026	2144
planetlab1.cs.unc.edu_cs-planetlab3.cs.surrey.sfu.ca_5036 7	33865.199000	320.352000	0.015000	0.000000	34185.566000	49404	528
planetlab1.cs.unc.edu_cs-planetlab3.cs.surrey.sfu.ca_5064 7	33969.105000	283.837000	0.041000	0.000000	34252.983000	49456	528
planetlab1.cs.unc.edu_cs-planetlab3.cs.surrey.sfu.ca_5068 7	34178.127000	87.139000	0.035000	0.000000	34265.301000	49508	528
planetlab1.cs.unc.edu_cs-planetlab3.cs.surrey.sfu.ca_5074 7	34178.854000	87.679000	0.015000	0.000000	34266.548000	49572	528
planetlab1.cs.unc.edu_cs-planetlab3.cs.surrey.sfu.ca_5076 7	34189.877000	81.944000	0.028000	0.000000	34271.849000	49583	528
planetlab1.cs.unc.edu_cs-planetlab3.cs.surrey.sfu.ca_5078 7	34193.672000	81.964000	0.022000	0.000000	34275.658000	49604	528
planetlab-03.cs.princeton.edu_cs-planetlab3.cs.surrey.sfu.ca_5571 5	34453.576000	0.578000	0.558000	0.000000	34454.712000	49118	80
planetlab1.cs.uoregon.edu_cs-planetlab3.cs.surrey.sfu.ca_4511 4	7327.512000	27194.371000	0.044000	0.000000	34521.927000	49019	256
roam2.cs.ou.edu_cs-planetlab3.cs.surrey.sfu.ca_7163 5	34720.729000	0.037000	0.035000	0.000000	34720.801000	49190	48
roam2.cs.ou.edu_cs-planetlab3.cs.surrey.sfu.ca_7180 5	35035.982000	0.099000	0.029000	0.000000	35036.110000	49193	48
vn4.cse.wustl.edu_cs-planetlab3.cs.surrey.sfu.ca_3797 5	35085.867000	0.063000	0.032000	0.000000	35085.962000	49024	272
vn4.cse.wustl.edu_cs-planetlab3.cs.surrey.sfu.ca_3808 5	35300.989000	0.075000	0.034000	0.000000	35301.098000	49032	272
vn4.cse.wustl.edu_cs-planetlab3.cs.surrey.sfu.ca_3810 5	35322.896000	0.069000	0.029000	0.000000	35322.994000	49033	272
roam2.cs.ou.edu_cs-planetlab3.cs.surrey.sfu.ca_7221 5	35407.955000	0.149000	0.021000	0.000000	35408.125000	49202	48
vn4.cse.wustl.edu_cs-planetlab3.cs.surrey.sfu.ca_3814 5	35428.233000	0.029000	0.026000	0.000000	35428.288000	49034	272
roam2.cs.ou.edu_cs-planetlab3.cs.surrey.sfu.ca_7227 5	35447.896000	0.064000	0.021000	0.000000	35447.981000	49204	48
vn4.cse.wustl.edu_cs-planetlab3.cs.surrey.sfu.ca_3817 5	35479.249000	1.213000	0.026000	0.000000	35480.488000	49036	272
roam2.cs.ou.edu_cs-planetlab3.cs.surrey.sfu.ca_7250 5	35532.298000	0.027000	0.027000	0.000000	35532.352000	49206	48
roam2.cs.ou.edu_cs-planetlab3.cs.surrey.sfu.ca_7252 5	35533.666000	0.019000	0.017000	0.000000	35533.702000	49207	48
roam2.cs.ou.edu_cs-planetlab3.cs.surrey.sfu.ca_7262 5	35702.099000	0.030000	0.028000	0.000000	35702.157000	49214	48
vn4.cse.wustl.edu_cs-planetlab3.cs.surrey.sfu.ca_3833 5	35770.436000	0.025000	0.028000	0.000000	35770.489000	49048	272
roam2.cs.ou.edu_cs-planetlab3.cs.surrey.sfu.ca_7268 5	35781.959000	0.135000	0.032000	0.000000	35782.126000	49217	48
roam2.cs.ou.edu_cs-planetlab3.cs.surrey.sfu.ca_7270 5	35795.858000	0.090000	0.020000	0.000000	35795.968000	49218	48
roam2.cs.ou.edu_cs-planetlab3.cs.surrey.sfu.ca_7272 5	35796.917000	0.086000	0.015000	0.000000	35797.018000	49219	48
planetlab2.umassd.edu_cs-planetlab3.cs.surrey.sfu.ca_6930 4	15137.918000	20687.626000	0.058000	0.000000	35825.602000	49138	64
roam2.cs.ou.edu_cs-planetlab3.cs.surrey.sfu.ca_7278 5	35898.681000	0.057000	0.029000	0.000000	35898.767000	49223	48
roam2.cs.ou.edu_cs-planetlab3.cs.surrey.sfu.ca_7286 5	35984.467000	0.689000	0.022000	0.000000	35985.178000	49227	48
vn4.cse.wustl.edu_cs-planetlab3.cs.surrey.sfu.ca_3843 5	36046.106000	0.032000	0.028000	0.000000	36046.166000	49064	272
roam2.cs.ou.edu_cs-planetlab3.cs.surrey.sfu.ca_7322 5	36189.427000	0.024000	0.026000	0.000000	36189.477000	49235	48
roam2.cs.ou.edu_cs-planetlab3.cs.surrey.sfu.ca_7348 5	36493.094000	0.155000	0.030000	0.000000	36493.279000	49251	48
roam2.cs.ou.edu_cs-planetlab3.cs.surrey.sfu.ca_7398 5	36904.361000	0.555000	0.026000	0.000000	36904.942000	49270	48
vn4.cse.wustl.edu_cs-planetlab3.cs.surrey.sfu.ca_3875 5	37059.199000	0.028000	0.037000	0.000000	37059.264000	49085	272
roam2.cs.ou.edu_cs-planetlab3.cs.surrey.sfu.ca_7412 5	37094.003000	0.029000	0.029000	0.000000	37094.061000	49277	48
vn4.cse.wustl.edu_cs-planetlab3.cs.surrey.sfu.ca_3883 5	37173.790000	0.028000	0.029000	0.000000	37173.847000	49088	272
planetlab2.umassd.edu_cs-planetlab3.cs.surrey.sfu.ca_7264 4	16946.865000	20309.916000	0.020000	0.000000	37256.801000	49167	64
vn4.cse.wustl.edu_cs-planetlab3.cs.surrey.sfu.ca_3887 5	37262.094000	0.088000	0.170000	0.000000	37262.352000	49089	272
vn4.cse.wustl.edu_cs-planetlab3.cs.surrey.sfu.ca_3892 5	37301.757000	0.028000	0.025000	0.000000	37301.810000	49090	272
roam2.cs.ou.edu_cs-planetlab3.cs.surrey.sfu.ca_7432 5	37409.185000	0.072000	0.024000	0.000000	37409.281000	49289	48
vn4.cse.wustl.edu_cs-planetlab3.cs.surrey.sfu.ca_3898 5	37438.303000	0.062000	0.037000	0.000000	37438.402000	49092	272
vn4.cse.wustl.edu_cs-planetlab3.cs.surrey.sfu.ca_3913 5	37667.571000	0.025000	0.027000	0.000000	37667.623000	49096	272
planetlab-03.cs.princeton.edu_cs-planetlab3.cs.surrey.sfu.ca_5799 5	37759.186000	0.216000	0.028000	0.000000	37759.430000	49180	80
vn4.cse.wustl.edu_cs-planetlab3.cs.surrey.sfu.ca_3918 5	37793.286000	0.100000	0.027000	0.000000	37793.413000	49097	272
vn4.cse.wustl.edu_cs-planetlab3.cs.surrey.sfu.ca_3922 5	37826.677000	0.030000	0.029000	0.000000	37826.736000	49098	272
vn4.cse.wustl.edu_cs-planetlab3.cs.surrey.sfu.ca_3924 5	37853.036000	0.029000	0.039000	0.000000	37853.104000	49099	272
vn4.cse.wustl.edu_cs-planetlab3.cs.surrey.sfu.ca_3926 5	37874.332000	0.062000	0.017000	0.000000	37874.411000	49100	272
vn4.cse.wustl.edu_cs-planetlab3.cs.surrey.sfu.ca_3928 5	37934.225000	0.029000	0.030000	0.000000	37934.284000	49101	272
vn4.cse.wustl.edu_cs-planetlab3.cs.surrey.sfu.ca_3930 5	37983.251000	0.029000	0.030000	0.000000	37983.310000	49102	272
vn4.cse.wustl.edu_cs-planetlab3.cs.surrey.sfu.ca_3933 5	38009.933000	0.027000	0.026000	0.000000	38009.986000	49104	272
roam2.cs.ou.edu_cs-planetlab3.cs.surrey.sfu.ca_7476 5	38008.402000	0.087000	0.018000	0.000000	38008.507000	49313	48
planetlab2.umassd.edu_cs-planetlab3.cs.surrey.sfu.ca_7495 4	18115.682000	19994.094000	0.061000	0.000000	38109.837000	49191	64
roam2.cs.ou.edu_cs-planetlab3.cs.surrey.sfu.ca_7492 5	38183.725000	0.132000	0.026000	0.000000	38183.883000	49320	48
roam2.cs.ou.edu_cs-planetlab3.cs.surrey.sfu.ca_7494 5	38185.763000	0.594000	0.017000	0.000000	38186.374000	49321	48
roam2.cs.ou.edu_cs-planetlab3.cs.surrey.sfu.ca_7498 5	38194.749000	0.605000	0.021000	0.000000	38195.375000	49323	48
roam2.cs.ou.edu_cs-planetlab3.cs.surrey.sfu.ca_7504 5	38233.419000	0.604000	0.026000	0.000000	38234.049000	49325	48
vn4.cse.wustl.edu_cs-planetlab3.cs.surrey.sfu.ca_3946 5	38337.285000	0.030000	0.031000	0.000000	38337.346000	49112	272
vn4.cse.wustl.edu_cs-planetlab3.cs.surrey.sfu.ca_3952 5	38444.688000	0.029000	0.029000	0.000000	38444.746000	49114	272
vn4.cse.wustl.edu_cs-planetlab3.cs.surrey.sfu.ca_3955 5	38459.347000	0.087000	0.025000	0.000000	38459.459000	49113	272
vn4.cse.wustl.edu_cs-planetlab3.cs.surrey.sfu.ca_3959 5	38478.722000	0.023000	0.019000	0.000000	38478.764000	49116	272
roam2.cs.ou.edu_cs-planetlab3.cs.surrey.sfu.ca_7529 5	38540.785000	0.160000	0.026000	0.000000	38540.971000	49334	48
roam2.cs.ou.edu_cs-planetlab3.cs.surrey.sfu.ca_7531 5	38567.333000	0.030000	0.028000	0.000000	38567.391000	49337	48
planetlab2.umassd.edu_cs-planetlab3.cs.surrey.sfu.ca_7618 4	18476.314000	20158.942000	0.016000	0.000000	38635.272000	49195	64
planetlab2.umassd.edu_cs-planetlab3.cs.surrey.sfu.ca_7625 4	18492.276000	20179.002000	0.017000	0.000000	38671.295000	49197	64
planetlab2.umassd.edu_cs-planetlab3.cs.surrey.sfu.ca_7628 4	18498.034000	20185.325000	0.016000	0.000000	38683.375000	49198	64
vn4.cse.wustl.edu_cs-planetlab3.cs.surrey.sfu.ca_3970 5	38752.407000	0.025000	0.019000	0.000000	38752.451000	49120	272
planetlab2.umassd.edu_cs-planetlab3.cs.surrey.sfu.ca_7655 4	18570.571000	20226.106000	0.060000	0.000000	38796.737000	49199	64
roam2.cs.ou.edu_cs-planetlab3.cs.surrey.sfu.ca_7563 5	38899.604000	0.060000	0.026000	0.000000	38899.690000	49347	48
vn4.cse.wustl.edu_cs-planetlab3.cs.surrey.sfu.ca_3982 5	38957.359000	0.057000	0.033000	0.000000	38957.449000	49128	272
vn4.cse.wustl.edu_cs-planetlab3.cs.surrey.sfu.ca_3990 5	39066.679000	0.062000	0.030000	0.000000	39066.771000	49129	272
vn4.cse.wustl.edu_cs-planetlab3.cs.surrey.sfu.ca_3992 5	39068.428000	0.078000	0.014000	0.000000	39068.520000	49130	272
node1.planetlab.albany.edu_cs-planetlab3.cs.surrey.sfu.ca_13189 4	20656.246000	18544.592000	0.021000	0.000000	39200.859000	49358	32
vn4.cse.wustl.edu_cs-planetlab3.cs.surrey.sfu.ca_4004 5	39311.377000	0.136000	0.030000	0.000000	39311.543000	49132	272
planetlab2.umassd.edu_cs-planetlab3.cs.surrey.sfu.ca_7778 4	18918.029000	20430.876000	0.017000	0.000000	39348.922000	49215	64
roam2.cs.ou.edu_cs-planetlab3.cs.surrey.sfu.ca_7633 5	39422.617000	0.091000	0.023000	0.000000	39422.731000	49365	48
planetlab-03.cs.princeton.edu_cs-planetlab3.cs.surrey.sfu.ca_5869 5	39488.246000	0.529000	0.021000	0.000000	39488.796000	49224	80
planetlab5.williams.edu_cs-planetlab3.cs.surrey.sfu.ca_3572 3	29666.090000	9888.326000	0.024000	0.000000	39554.440000	49477	2112
roam2.cs.ou.edu_cs-planetlab3.cs.surrey.sfu.ca_7665 5	39721.204000	0.037000	0.048000	0.000000	39721.289000	49385	48
vn4.cse.wustl.edu_cs-planetlab3.cs.surrey.sfu.ca_4028 5	39866.178000	0.436000	0.040000	0.000000	39866.654000	49144	272
planetlab2.umassd.edu_cs-planetlab3.cs.surrey.sfu.ca_7935 4	19387.506000	20571.993000	0.060000	0.000000	39959.559000	49263	64
vn4.cse.wustl.edu_cs-planetlab3.cs.surrey.sfu.ca_4040 5	40178.825000	0.028000	0.029000	0.000000	40178.882000	49157	272
planetlab-03.cs.princeton.edu_cs-planetlab3.cs.surrey.sfu.ca_5921 5	40293.029000	1.220000	0.020000	0.000000	40294.269000	49292	80
planetlab-03.cs.princeton.edu_cs-planetlab3.cs.surrey.sfu.ca_5923 5	40335.712000	0.707000	0.055000	0.000000	40336.474000	49300	80
planetlab-03.cs.princeton.edu_cs-planetlab3.cs.surrey.sfu.ca_5925 5	40378.720000	1.166000	0.026000	0.000000	40379.912000	49304	80
planetlab-03.cs.princeton.edu_cs-planetlab3.cs.surrey.sfu.ca_5929 5	40390.026000	0.291000	0.019000	0.000000	40390.336000	49308	80
planetlab-03.cs.princeton.edu_cs-planetlab3.cs.surrey.sfu.ca_5931 5	40393.565000	0.543000	0.015000	0.000000	40394.123000	49310	80
planetlab-03.cs.princeton.edu_cs-planetlab3.cs.surrey.sfu.ca_5933 5	40394.000000	0.181000	0.091000	0.000000	40394.272000	49309	80
planetlab-03.cs.princeton.edu_cs-planetlab3.cs.surrey.sfu.ca_5935 5	40404.780000	0.238000	0.018000	0.000000	40405.036000	49314	80
vn4.cse.wustl.edu_cs-planetlab3.cs.surrey.sfu.ca_4050 5	40425.373000	0.061000	0.028000	0.000000	40425.462000	49162	272
planetlab2.umassd.edu_cs-planetlab3.cs.surrey.sfu.ca_8060 4	20227.797000	20229.758000	0.046000	0.000000	40457.601000	49327	64
node1.planetlab.albany.edu_cs-planetlab3.cs.surrey.sfu.ca_13552 4	21480.706000	19030.860000	0.020000	0.000000	40511.586000	49434	32
planetlab-03.cs.princeton.edu_cs-planetlab3.cs.surrey.sfu.ca_5941 5	40573.694000	0.185000	0.027000	0.000000	40573.906000	49340	80
planetlab-03.cs.princeton.edu_cs-planetlab3.cs.surrey.sfu.ca_5951 5	40759.952000	0.370000	0.023000	0.000000	40760.345000	49367	80
planetlab-03.cs.princeton.edu_cs-planetlab3.cs.surrey.sfu.ca_5959 5	40774.846000	0.092000	0.016000	0.000000	40774.954000	49372	80
roam2.cs.ou.edu_cs-planetlab3.cs.surrey.sfu.ca_7727 5	40931.492000	0.027000	0.025000	0.000000	40931.544000	49462	48
roam2.cs.ou.edu_cs-planetlab3.cs.surrey.sfu.ca_7731 5	40972.846000	0.151000	0.033000	0.000000	40973.030000	49469	48
vn4.cse.wustl.edu_cs-planetlab3.cs.surrey.sfu.ca_4088 5	41003.250000	0.049000	0.029000	0.000000	41003.328000	49169	272
roam2.cs.ou.edu_cs-planetlab3.cs.surrey.sfu.ca_7735 5	41050.293000	0.076000	0.034000	0.000000	41050.403000	49475	48
vn4.cse.wustl.edu_cs-planetlab3.cs.surrey.sfu.ca_4092 5	41054.579000	0.024000	0.027000	0.000000	41054.630000	49172	272
planetlab-03.cs.princeton.edu_cs-planetlab3.cs.surrey.sfu.ca_6002 5	41118.098000	0.444000	0.024000	0.000000	41118.566000	49411	80
planetlab-03.cs.princeton.edu_cs-planetlab3.cs.surrey.sfu.ca_6011 5	41163.389000	0.321000	0.019000	0.000000	41163.729000	49420	80
vn4.cse.wustl.edu_cs-planetlab3.cs.surrey.sfu.ca_4099 5	41191.634000	0.029000	0.030000	0.000000	41191.693000	49173	272
planetlab-03.cs.princeton.edu_cs-planetlab3.cs.surrey.sfu.ca_6018 5	41212.958000	1.156000	0.022000	0.000000	41214.136000	49428	80
planetlab-03.cs.princeton.edu_cs-planetlab3.cs.surrey.sfu.ca_6020 5	41216.932000	0.510000	0.015000	0.000000	41217.457000	49432	80
vn4.cse.wustl.edu_cs-planetlab3.cs.surrey.sfu.ca_4103 5	41241.441000	0.026000	0.026000	0.000000	41241.493000	49175	272
planetlab-03.cs.princeton.edu_cs-planetlab3.cs.surrey.sfu.ca_6022 5	41262.672000	0.343000	0.022000	0.000000	41263.037000	49436	80
planetlab-03.cs.princeton.edu_cs-planetlab3.cs.surrey.sfu.ca_6024 5	41271.284000	0.184000	0.018000	0.000000	41271.486000	49437	80
planetlab-03.cs.princeton.edu_cs-planetlab3.cs.surrey.sfu.ca_6026 5	41272.012000	0.661000	0.015000	0.000000	41272.688000	49438	80
roam2.cs.ou.edu_cs-planetlab3.cs.surrey.sfu.ca_7741 5	41315.453000	0.072000	0.031000	0.000000	41315.556000	49501	48
planetlab2.umassd.edu_cs-planetlab3.cs.surrey.sfu.ca_8325 4	21626.058000	19715.134000	0.016000	0.000000	41341.208000	49455	64
planetlab-03.cs.princeton.edu_cs-planetlab3.cs.surrey.sfu.ca_6034 5	41435.271000	0.875000	0.045000	0.000000	41436.191000	49468	80
roam2.cs.ou.edu_cs-planetlab3.cs.surrey.sfu.ca_7747 5	41542.335000	0.040000	0.035000	0.000000	41542.410000	49517	48
roam2.cs.ou.edu_cs-planetlab3.cs.surrey.sfu.ca_7751 5	41622.331000	0.074000	0.034000	0.000000	41622.439000	49525	48
roam2.cs.ou.edu_cs-planetlab3.cs.surrey.sfu.ca_7757 5	41706.999000	0.072000	0.028000	0.000000	41707.099000	49529	48
roam2.cs.ou.edu_cs-planetlab3.cs.surrey.sfu.ca_7759 5	41718.292000	0.091000	0.023000	0.000000	41718.406000	49532	48
vn4.cse.wustl.edu_cs-planetlab3.cs.surrey.sfu.ca_4125 5	41723.217000	0.020000	0.016000	0.000000	41723.253000	49181	272
planetlab-03.cs.princeton.edu_cs-planetlab3.cs.surrey.sfu.ca_6040 5	41728.399000	0.623000	0.019000	0.000000	41729.041000	49500	80
roam2.cs.ou.edu_cs-planetlab3.cs.surrey.sfu.ca_7763 5	41743.956000	0.024000	0.024000	0.000000	41744.004000	49533	48
roam2.cs.ou.edu_cs-planetlab3.cs.surrey.sfu.ca_7769 5	41819.929000	0.030000	0.029000	0.000000	41819.988000	49535	48
node1.planetlab.albany.edu_cs-planetlab3.cs.surrey.sfu.ca_14009 4	22372.272000	19503.013000	0.027000	0.000000	41875.312000	49541	32
planetlab-03.cs.princeton.edu_cs-planetlab3.cs.surrey.sfu.ca_6059 5	42044.096000	0.252000	0.023000	0.000000	42044.371000	49526	80
planetlab-03.cs.princeton.edu_cs-planetlab3.cs.surrey.sfu.ca_6074 5	42216.630000	1.821000	0.025000	0.000000	42218.476000	49540	80
planetlab-03.cs.princeton.edu_cs-planetlab3.cs.surrey.sfu.ca_6076 5	42263.276000	0.329000	0.027000	0.000000	42263.632000	49544	80
planetlab-03.cs.princeton.edu_cs-planetlab3.cs.surrey.sfu.ca_6084 5	42477.921000	0.515000	0.025000	0.000000	42478.461000	49548	80
roam2.cs.ou.edu_cs-planetlab3.cs.surrey.sfu.ca_7796 5	42480.062000	0.026000	0.030000	0.000000	42480.118000	49577	48
planetlab-03.cs.princeton.edu_cs-planetlab3.cs.surrey.sfu.ca_6086 5	42519.737000	0.371000	0.025000	0.000000	42520.133000	49549	80
planetlab-03.cs.princeton.edu_cs-planetlab3.cs.surrey.sfu.ca_6088 5	42528.108000	0.802000	0.017000	0.000000	42528.927000	49550	80
planetlab-03.cs.princeton.edu_cs-planetlab3.cs.surrey.sfu.ca_6096 5	42586.104000	0.867000	0.014000	0.000000	42586.985000	49552	80
planetlab-03.cs.princeton.edu_cs-planetlab3.cs.surrey.sfu.ca_6106 5	42800.475000	0.440000	0.022000	0.000000	42800.937000	49556	80
planetlab-03.cs.princeton.edu_cs-planetlab3.cs.surrey.sfu.ca_6108 5	42853.002000	0.390000	0.023000	0.000000	42853.415000	49557	80
planetlab-03.cs.princeton.edu_cs-planetlab3.cs.surrey.sfu.ca_6112 5	42945.451000	0.425000	0.025000	0.000000	42945.901000	49558	80
planetlab-03.cs.princeton.edu_cs-planetlab3.cs.surrey.sfu.ca_6114 5	42987.788000	0.365000	0.023000	0.000000	42988.176000	49560	80
planetlab-03.cs.princeton.edu_cs-planetlab3.cs.surrey.sfu.ca_6116 5	43019.418000	0.293000	0.022000	0.000000	43019.733000	49561	80
planetlab-03.cs.princeton.edu_cs-planetlab3.cs.surrey.sfu.ca_6118 5	43068.691000	0.520000	0.022000	0.000000	43069.233000	49562	80
planetlab-03.cs.princeton.edu_cs-planetlab3.cs.surrey.sfu.ca_6120 5	43110.115000	0.946000	0.023000	0.000000	43111.084000	49564	80
planetlab-03.cs.princeton.edu_cs-planetlab3.cs.surrey.sfu.ca_6124 5	43232.892000	0.450000	0.025000	0.000000	43233.367000	49565	80
planetlab-03.cs.princeton.edu_cs-planetlab3.cs.surrey.sfu.ca_6126 5	43242.818000	0.775000	0.019000	0.000000	43243.612000	49566	80
planetlab-03.cs.princeton.edu_cs-planetlab3.cs.surrey.sfu.ca_6128 5	43278.455000	0.583000	0.022000	0.000000	43279.060000	49567	80
vn4.cse.wustl.edu_cs-planetlab3.cs.surrey.sfu.ca_4219 5	43303.911000	0.029000	0.031000	0.000000	43303.971000	49205	272
planetlab-03.cs.princeton.edu_cs-planetlab3.cs.surrey.sfu.ca_6144 5	44015.971000	0.602000	0.023000	0.000000	44016.596000	49580	80
planetlab-03.cs.princeton.edu_cs-planetlab3.cs.surrey.sfu.ca_6148 5	44330.271000	1.551000	0.031000	0.000000	44331.853000	49588	80
vn4.cse.wustl.edu_cs-planetlab3.cs.surrey.sfu.ca_4271 5	44342.683000	0.089000	0.030000	0.000000	44342.802000	49237	272
planetlab-03.cs.princeton.edu_cs-planetlab3.cs.surrey.sfu.ca_6150 5	44456.742000	1.447000	0.030000	0.000000	44458.219000	49592	80
planetlab-03.cs.princeton.edu_cs-planetlab3.cs.surrey.sfu.ca_6155 5	44679.122000	0.814000	0.031000	0.000000	44679.967000	49596	80
planetlab-03.cs.princeton.edu_cs-planetlab3.cs.surrey.sfu.ca_6161 5	44720.964000	1.099000	0.018000	0.000000	44722.081000	49597	80
planetlab-03.cs.princeton.edu_cs-planetlab3.cs.surrey.sfu.ca_6163 5	44726.627000	0.917000	0.014000	0.000000	44727.558000	49598	80
plgmu1.ite.gmu.edu_cs-planetlab3.cs.surrey.sfu.ca_2368 4	44924.554000	1.499000	0.061000	0.000000	44926.114000	49201	208
vn4.cse.wustl.edu_cs-planetlab3.cs.surrey.sfu.ca_4331 5	45499.640000	0.028000	0.021000	0.000000	45499.689000	49257	272
plgmu1.ite.gmu.edu_cs-planetlab3.cs.surrey.sfu.ca_2379 4	45630.184000	5.289000	0.072000	0.000000	45635.545000	49233	208
planetlab1.cs.uoregon.edu_cs-planetlab3.cs.surrey.sfu.ca_6060 4	11221.272000	34528.121000	0.029000	0.000000	45749.422000	49266	256
plgmu1.ite.gmu.edu_cs-planetlab3.cs.surrey.sfu.ca_2384 4	45857.900000	1.897000	0.059000	0.000000	45859.856000	49249	208
vn4.cse.wustl.edu_cs-planetlab3.cs.surrey.sfu.ca_4387 5	46641.181000	0.101000	0.035000	0.000000	46641.317000	49279	272
vn4.cse.wustl.edu_cs-planetlab3.cs.surrey.sfu.ca_4391 5	46748.974000	0.029000	0.031000	0.000000	46749.034000	49282	272
vn4.cse.wustl.edu_cs-planetlab3.cs.surrey.sfu.ca_4395 5	46938.310000	0.132000	0.032000	0.000000	46938.474000	49288	272
vn4.cse.wustl.edu_cs-planetlab3.cs.surrey.sfu.ca_4400 5	47133.843000	0.040000	0.032000	0.000000	47133.915000	49290	272
vn4.cse.wustl.edu_cs-planetlab3.cs.surrey.sfu.ca_4402 5	47156.535000	0.064000	0.031000	0.000000	47156.630000	49291	272
vn4.cse.wustl.edu_cs-planetlab3.cs.surrey.sfu.ca_4407 5	47241.553000	0.030000	0.031000	0.000000	47241.614000	49294	272
vn4.cse.wustl.edu_cs-planetlab3.cs.surrey.sfu.ca_4419 5	47529.046000	0.031000	0.031000	0.000000	47529.108000	49301	272
vn4.cse.wustl.edu_cs-planetlab3.cs.surrey.sfu.ca_4421 5	47653.624000	0.032000	0.033000	0.000000	47653.689000	49306	272
plab4.eece.ksu.edu_cs-planetlab3.cs.surrey.sfu.ca_3609 3	11880.167000	36027.796000	0.016000	0.000000	47907.979000	49069	2080
aguila1.lsi.upc.edu_cs-planetlab3.cs.surrey.sfu.ca_1682 6	48360.165000	0.076000	0.014000	0.000000	48360.255000	49002	592
vn4.cse.wustl.edu_cs-planetlab3.cs.surrey.sfu.ca_4439 5	48538.902000	0.034000	0.033000	0.000000	48538.969000	49322	272
plgmu1.ite.gmu.edu_cs-planetlab3.cs.surrey.sfu.ca_2395 4	49042.195000	0.124000	0.050000	0.000000	49042.369000	49264	208
plgmu1.ite.gmu.edu_cs-planetlab3.cs.surrey.sfu.ca_2407 4	49160.078000	1.824000	0.058000	0.000000	49161.960000	49265	208
plgmu1.ite.gmu.edu_cs-planetlab3.cs.surrey.sfu.ca_2409 4	49182.280000	2.446000	0.017000	0.000000	49184.743000	49267	208
plgmu1.ite.gmu.edu_cs-planetlab3.cs.surrey.sfu.ca_2408 4	49182.814000	1.988000	0.020000	0.000000	49184.822000	49269	208
plgmu1.ite.gmu.edu_cs-planetlab3.cs.surrey.sfu.ca_2412 4	49304.762000	0.983000	0.060000	0.000000	49305.805000	49273	208
aguila1.lsi.upc.edu_cs-planetlab3.cs.surrey.sfu.ca_1737 6	49621.022000	0.119000	0.027000	0.000000	49621.168000	49355	592
vn4.cse.wustl.edu_cs-planetlab3.cs.surrey.sfu.ca_4476 5	49669.695000	0.028000	0.031000	0.000000	49669.754000	49343	272
vn4.cse.wustl.edu_cs-planetlab3.cs.surrey.sfu.ca_4482 5	49782.115000	0.034000	0.031000	0.000000	49782.180000	49345	272
vn4.cse.wustl.edu_cs-planetlab3.cs.surrey.sfu.ca_4501 5	50247.208000	0.030000	0.031000	0.000000	50247.269000	49354	272
vn4.cse.wustl.edu_cs-planetlab3.cs.surrey.sfu.ca_4516 5	50658.355000	0.106000	0.032000	0.000000	50658.493000	49375	272
vn4.cse.wustl.edu_cs-planetlab3.cs.surrey.sfu.ca_4530 5	50908.203000	0.031000	0.029000	0.000000	50908.263000	49391	272
vn4.cse.wustl.edu_cs-planetlab3.cs.surrey.sfu.ca_4538 5	51109.413000	0.375000	0.031000	0.000000	51109.819000	49399	272
vn4.cse.wustl.edu_cs-planetlab3.cs.surrey.sfu.ca_4540 5	51157.306000	0.187000	0.033000	0.000000	51157.526000	49403	272
vn4.cse.wustl.edu_cs-planetlab3.cs.surrey.sfu.ca_4542 5	51169.784000	0.028000	0.027000	0.000000	51169.839000	49405	272
vn4.cse.wustl.edu_cs-planetlab3.cs.surrey.sfu.ca_4544 5	51173.584000	0.022000	0.019000	0.000000	51173.625000	49406	272
vn4.cse.wustl.edu_cs-planetlab3.cs.surrey.sfu.ca_4546 5	51178.736000	0.024000	0.029000	0.000000	51178.789000	49407	272
vn4.cse.wustl.edu_cs-planetlab3.cs.surrey.sfu.ca_4587 5	51788.404000	0.065000	0.033000	0.000000	51788.502000	49429	272
planetlab1.cs.uoregon.edu_cs-planetlab3.cs.surrey.sfu.ca_6921 4	14265.537000	37842.228000	0.024000	0.000000	52107.789000	49465	256
planetlab1.cs.uoregon.edu_cs-planetlab3.cs.surrey.sfu.ca_6966 4	14381.451000	38076.295000	0.028000	0.000000	52457.774000	49484	256
vn4.cse.wustl.edu_cs-planetlab3.cs.surrey.sfu.ca_4621 5	52541.982000	0.031000	0.033000	0.000000	52542.046000	49473	272
vn4.cse.wustl.edu_cs-planetlab3.cs.surrey.sfu.ca_4668 5	53851.635000	0.030000	0.025000	0.000000	53851.690000	49537	272
vn4.cse.wustl.edu_cs-planetlab3.cs.surrey.sfu.ca_4692 5	54194.881000	0.026000	0.024000	0.000000	54194.931000	49546	272
planetlab1.cs.uoregon.edu_cs-planetlab3.cs.surrey.sfu.ca_7193 4	15157.728000	39098.123000	0.024000	0.000000	54255.875000	49574	256
vn4.cse.wustl.edu_cs-planetlab3.cs.surrey.sfu.ca_4775 5	55484.633000	0.662000	0.033000	0.000000	55485.328000	49600	272
vn4.cse.wustl.edu_cs-planetlab3.cs.surrey.sfu.ca_4779 5	55507.146000	0.038000	0.024000	0.000000	55507.208000	49601	272
vn4.cse.wustl.edu_cs-planetlab3.cs.surrey.sfu.ca_4783 5	55641.193000	0.076000	0.029000	0.000000	55641.298000	49603	272
vn4.cse.wustl.edu_cs-planetlab3.cs.surrey.sfu.ca_4785 5	55661.293000	0.029000	0.029000	0.000000	55661.351000	49605	272
vn4.cse.wustl.edu_cs-planetlab3.cs.surrey.sfu.ca_4787 5	55768.295000	0.063000	0.032000	0.000000	55768.390000	49609	272
plgmu1.ite.gmu.edu_cs-planetlab3.cs.surrey.sfu.ca_2476 4	57825.658000	0.817000	0.056000	0.000000	57826.531000	49393	208
plab4.eece.ksu.edu_cs-planetlab3.cs.surrey.sfu.ca_5663 3	26975.544000	32646.089000	0.018000	0.000000	59621.651000	49164	2080
plgmu1.ite.gmu.edu_cs-planetlab3.cs.surrey.sfu.ca_2493 4	62763.091000	0.059000	0.062000	0.000000	62763.212000	49521	208
flow.colgate.edu_cs-planetlab3.cs.surrey.sfu.ca_6118 3	19091.623000	47603.335000	0.029000	0.000000	66694.987000	49602	192
planetlab4.wail.wisc.edu_cs-planetlab3.cs.surrey.sfu.ca_14545 6	81382.848000	5753.912000	0.031000	0.000000	87136.791000	48985	16
pl1.rcc.uottawa.ca_cs-planetlab3.cs.surrey.sfu.ca_17510 5	16056.102000	71228.038000	0.026000	0.000000	87284.166000	49025	0
planetlab4.wail.wisc.edu_cs-planetlab3.cs.surrey.sfu.ca_14754 6	84326.882000	3590.073000	0.032000	0.000000	87916.987000	49006	16
planetlab4.wail.wisc.edu_cs-planetlab3.cs.surrey.sfu.ca_15000 6	87598.748000	1237.988000	0.032000	0.000000	88836.768000	49028	16
planetlab4.wail.wisc.edu_cs-planetlab3.cs.surrey.sfu.ca_15108 6	89305.480000	0.132000	0.033000	0.000000	89305.645000	49042	16
planetlab4.wail.wisc.edu_cs-planetlab3.cs.surrey.sfu.ca_15236 6	90334.913000	0.138000	0.019000	0.000000	90335.070000	49050	16
pl1.rcc.uottawa.ca_cs-planetlab3.cs.surrey.sfu.ca_18538 5	21359.016000	69630.258000	0.024000	0.000000	90989.298000	49056	0
pl1.rcc.uottawa.ca_cs-planetlab3.cs.surrey.sfu.ca_18548 5	21370.345000	69642.668000	0.024000	0.000000	91013.037000	49057	0
pl1.rcc.uottawa.ca_cs-planetlab3.cs.surrey.sfu.ca_18622 5	21476.433000	69853.292000	0.037000	0.000000	91329.762000	49059	0
pl1.rcc.uottawa.ca_cs-planetlab3.cs.surrey.sfu.ca_18685 5	21573.465000	70002.507000	0.040000	0.000000	91576.012000	49061	0
pl1.rcc.uottawa.ca_cs-planetlab3.cs.surrey.sfu.ca_18833 5	21835.699000	70315.549000	0.032000	0.000000	92151.280000	49065	0
planetlab4.wail.wisc.edu_cs-planetlab3.cs.surrey.sfu.ca_15589 6	92182.983000	0.291000	0.031000	0.000000	92183.305000	49066	16
pl1.rcc.uottawa.ca_cs-planetlab3.cs.surrey.sfu.ca_19217 5	22325.773000	71301.041000	0.020000	0.000000	93626.834000	49073	0
planetlab4.wail.wisc.edu_cs-planetlab3.cs.surrey.sfu.ca_15755 6	93648.547000	4.476000	0.036000	0.000000	93653.059000	49074	16
planetlab4.wail.wisc.edu_cs-planetlab3.cs.surrey.sfu.ca_15835 6	94362.838000	0.312000	0.030000	0.000000	94363.180000	49080	16
planetlab4.wail.wisc.edu_cs-planetlab3.cs.surrey.sfu.ca_15911 6	95202.178000	3.397000	0.040000	0.000000	95205.615000	49082	16
planetlab4.wail.wisc.edu_cs-planetlab3.cs.surrey.sfu.ca_15967 6	95614.973000	0.156000	0.040000	0.000000	95615.169000	49083	16
planetlab4.wail.wisc.edu_cs-planetlab3.cs.surrey.sfu.ca_16065 6	96363.098000	0.033000	0.031000	0.000000	96363.162000	49086	16
planetlab4.wail.wisc.edu_cs-planetlab3.cs.surrey.sfu.ca_16268 6	98039.779000	0.031000	0.029000	0.000000	98039.839000	49094	16
pl1.rcc.uottawa.ca_cs-planetlab3.cs.surrey.sfu.ca_21702 5	25969.718000	76255.101000	0.041000	0.000000	102224.860000	49117	0
pl1.rcc.uottawa.ca_cs-planetlab3.cs.surrey.sfu.ca_21923 5	26312.536000	76791.819000	0.023000	0.000000	103104.378000	49121	0
planetlab4.wail.wisc.edu_cs-planetlab3.cs.surrey.sfu.ca_17269 6	106118.459000	264.057000	0.025000	0.000000	106382.541000	49137	16
planetlab4.wail.wisc.edu_cs-planetlab3.cs.surrey.sfu.ca_17538 6	107864.990000	99.121000	0.035000	0.000000	107964.146000	49146	16
pl1.rcc.uottawa.ca_cs-planetlab3.cs.surrey.sfu.ca_23605 5	32719.330000	76055.255000	0.034000	0.000000	108774.619000	49152	0
pl1.rcc.uottawa.ca_cs-planetlab3.cs.surrey.sfu.ca_23677 5	32847.334000	76178.966000	0.029000	0.000000	109026.329000	49153	0
pl1.rcc.uottawa.ca_cs-planetlab3.cs.surrey.sfu.ca_23688 5	32871.526000	76193.154000	0.035000	0.000000	109064.715000	49154	0
pl1.rcc.uottawa.ca_cs-planetlab3.cs.surrey.sfu.ca_23790 5	33133.239000	76262.085000	0.025000	0.000000	109395.349000	49156	0
pl1.rcc.uottawa.ca_cs-planetlab3.cs.surrey.sfu.ca_23814 5	33207.589000	76273.187000	0.018000	0.000000	109480.794000	49160	0
planetlab4.wail.wisc.edu_cs-planetlab3.cs.surrey.sfu.ca_17876 6	110012.270000	16.725000	0.016000	0.000000	110029.011000	49163	16
pl1.rcc.uottawa.ca_cs-planetlab3.cs.surrey.sfu.ca_24073 5	33838.450000	76720.866000	0.022000	0.000000	110559.338000	49168	0
planetlab4.wail.wisc.edu_cs-planetlab3.cs.surrey.sfu.ca_18054 6	110847.233000	4.755000	0.035000	0.000000	110852.023000	49171	16
planetlab4.wail.wisc.edu_cs-planetlab3.cs.surrey.sfu.ca_18153 6	111251.775000	0.478000	0.033000	0.000000	111252.286000	49177	16
planetlab4.wail.wisc.edu_cs-planetlab3.cs.surrey.sfu.ca_18159 6	111262.977000	3.293000	0.025000	0.000000	111266.295000	49178	16
planetlab4.wail.wisc.edu_cs-planetlab3.cs.surrey.sfu.ca_18163 6	111268.014000	13.322000	0.017000	0.000000	111281.353000	49179	16
planetlab4.wail.wisc.edu_cs-planetlab3.cs.surrey.sfu.ca_18198 6	111403.944000	3.323000	0.019000	0.000000	111407.286000	49183	16
pl1.rcc.uottawa.ca_cs-planetlab3.cs.surrey.sfu.ca_24372 5	34615.936000	77038.481000	0.039000	0.000000	111654.456000	49184	0
planetlab4.wail.wisc.edu_cs-planetlab3.cs.surrey.sfu.ca_18300 6	111801.158000	37.850000	0.017000	0.000000	111839.025000	49189	16
planetlab4.wail.wisc.edu_cs-planetlab3.cs.surrey.sfu.ca_18542 6	113045.555000	40.830000	0.024000	0.000000	113086.409000	49203	16
planetlab4.wail.wisc.edu_cs-planetlab3.cs.surrey.sfu.ca_18584 6	113145.462000	52.428000	0.023000	0.000000	113197.913000	49211	16
pl1.rcc.uottawa.ca_cs-planetlab3.cs.surrey.sfu.ca_24800 5	35768.077000	77566.175000	0.029000	0.000000	113334.281000	49216	0
planetlab4.wail.wisc.edu_cs-planetlab3.cs.surrey.sfu.ca_18762 6	113715.836000	0.087000	0.040000	0.000000	113715.963000	49232	16
planetlab4.wail.wisc.edu_cs-planetlab3.cs.surrey.sfu.ca_18852 6	114013.908000	0.069000	0.024000	0.000000	114014.001000	49243	16
planetlab4.wail.wisc.edu_cs-planetlab3.cs.surrey.sfu.ca_18925 6	114221.664000	3.221000	0.038000	0.000000	114224.923000	49255	16
pl1.rcc.uottawa.ca_cs-planetlab3.cs.surrey.sfu.ca_25263 5	37050.095000	77724.471000	0.041000	0.000000	114774.607000	49276	0
pl1.rcc.uottawa.ca_cs-planetlab3.cs.surrey.sfu.ca_25312 5	37197.979000	77755.296000	0.024000	0.000000	114953.299000	49280	0
planetlab4.wail.wisc.edu_cs-planetlab3.cs.surrey.sfu.ca_19306 6	115274.577000	39.667000	0.024000	0.000000	115314.268000	49293	16
planetlab4.wail.wisc.edu_cs-planetlab3.cs.surrey.sfu.ca_19358 6	115503.915000	0.181000	0.030000	0.000000	115504.126000	49299	16
pl1.rcc.uottawa.ca_cs-planetlab3.cs.surrey.sfu.ca_25497 5	37731.066000	77829.276000	0.027000	0.000000	115560.369000	49302	0
planetlab4.wail.wisc.edu_cs-planetlab3.cs.surrey.sfu.ca_19406 6	115637.132000	0.933000	0.036000	0.000000	115638.101000	49307	16
planetlab4.wail.wisc.edu_cs-planetlab3.cs.surrey.sfu.ca_19482 6	116133.241000	0.129000	0.035000	0.000000	116133.405000	49315	16
planetlab4.wail.wisc.edu_cs-planetlab3.cs.surrey.sfu.ca_19598 6	116868.109000	0.655000	0.033000	0.000000	116868.797000	49329	16
planetlab4.wail.wisc.edu_cs-planetlab3.cs.surrey.sfu.ca_19600 6	116881.333000	0.128000	0.032000	0.000000	116881.493000	49330	16
planetlab4.wail.wisc.edu_cs-planetlab3.cs.surrey.sfu.ca_19608 6	116936.707000	0.030000	0.034000	0.000000	116936.771000	49331	16
planetlab4.wail.wisc.edu_cs-planetlab3.cs.surrey.sfu.ca_19641 6	117126.031000	0.116000	0.023000	0.000000	117126.170000	49335	16
planetlab4.wail.wisc.edu_cs-planetlab3.cs.surrey.sfu.ca_19659 6	117279.003000	0.135000	0.026000	0.000000	117279.164000	49339	16
planetlab4.wail.wisc.edu_cs-planetlab3.cs.surrey.sfu.ca_19789 6	118004.695000	3.049000	0.040000	0.000000	118007.784000	49359	16
pl1.rcc.uottawa.ca_cs-planetlab3.cs.surrey.sfu.ca_26277 5	39637.154000	78819.319000	0.026000	0.000000	118456.499000	49379	0
planetlab4.wail.wisc.edu_cs-planetlab3.cs.surrey.sfu.ca_19890 6	118777.161000	0.101000	0.032000	0.000000	118777.294000	49395	16
planetlab4.wail.wisc.edu_cs-planetlab3.cs.surrey.sfu.ca_19918 6	118907.423000	0.826000	0.035000	0.000000	118908.284000	49400	16
pl1.rcc.uottawa.ca_cs-planetlab3.cs.surrey.sfu.ca_26426 5	40132.417000	78828.047000	0.024000	0.000000	118960.488000	49408	0
planetlab4.wail.wisc.edu_cs-planetlab3.cs.surrey.sfu.ca_19942 6	119020.139000	0.143000	0.029000	0.000000	119020.311000	49413	16
planetlab4.wail.wisc.edu_cs-planetlab3.cs.surrey.sfu.ca_19961 6	119141.007000	0.332000	0.035000	0.000000	119141.374000	49424	16
planetlab4.wail.wisc.edu_cs-planetlab3.cs.surrey.sfu.ca_19965 6	119141.087000	0.465000	0.029000	0.000000	119141.581000	49427	16
planetlab4.wail.wisc.edu_cs-planetlab3.cs.surrey.sfu.ca_19991 6	119270.209000	0.072000	0.030000	0.000000	119270.311000	49435	16
planetlab4.wail.wisc.edu_cs-planetlab3.cs.surrey.sfu.ca_20023 6	119436.363000	0.861000	0.037000	0.000000	119437.261000	49441	16
planetlab4.wail.wisc.edu_cs-planetlab3.cs.surrey.sfu.ca_20037 6	119488.356000	0.029000	0.034000	0.000000	119488.419000	49443	16
planetlab4.wail.wisc.edu_cs-planetlab3.cs.surrey.sfu.ca_20039 6	119497.060000	0.027000	0.037000	0.000000	119497.124000	49444	16
planetlab4.wail.wisc.edu_cs-planetlab3.cs.surrey.sfu.ca_20049 6	119538.752000	0.420000	0.026000	0.000000	119539.198000	49447	16
planetlab4.wail.wisc.edu_cs-planetlab3.cs.surrey.sfu.ca_20069 6	119678.180000	0.139000	0.035000	0.000000	119678.354000	49457	16
planetlab4.wail.wisc.edu_cs-planetlab3.cs.surrey.sfu.ca_20071 6	119690.160000	0.032000	0.031000	0.000000	119690.223000	49458	16
planetlab4.wail.wisc.edu_cs-planetlab3.cs.surrey.sfu.ca_20075 6	119711.219000	0.085000	0.029000	0.000000	119711.333000	49459	16
planetlab4.wail.wisc.edu_cs-planetlab3.cs.surrey.sfu.ca_20079 6	119734.650000	0.101000	0.034000	0.000000	119734.785000	49461	16
planetlab4.wail.wisc.edu_cs-planetlab3.cs.surrey.sfu.ca_20085 6	119786.835000	0.130000	0.031000	0.000000	119786.996000	49463	16
planetlab4.wail.wisc.edu_cs-planetlab3.cs.surrey.sfu.ca_20090 6	119811.215000	0.232000	0.033000	0.000000	119811.480000	49467	16
planetlab4.wail.wisc.edu_cs-planetlab3.cs.surrey.sfu.ca_20101 6	119833.504000	0.185000	0.018000	0.000000	119833.707000	49445	16
planetlab4.wail.wisc.edu_cs-planetlab3.cs.surrey.sfu.ca_20103 6	119842.769000	5.422000	0.042000	0.000000	119848.233000	49472	16
planetlab4.wail.wisc.edu_cs-planetlab3.cs.surrey.sfu.ca_20159 6	120079.870000	0.034000	0.032000	0.000000	120079.936000	49487	16
planetlab4.wail.wisc.edu_cs-planetlab3.cs.surrey.sfu.ca_20165 6	120097.143000	0.165000	0.017000	0.000000	120097.325000	49488	16
planetlab4.wail.wisc.edu_cs-planetlab3.cs.surrey.sfu.ca_20192 6	120177.677000	1.528000	0.017000	0.000000	120179.222000	49489	16
planetlab4.wail.wisc.edu_cs-planetlab3.cs.surrey.sfu.ca_20201 6	120195.880000	0.212000	0.015000	0.000000	120196.107000	49490	16
planetlab4.wail.wisc.edu_cs-planetlab3.cs.surrey.sfu.ca_20202 6	120196.596000	0.311000	0.013000	0.000000	120196.920000	49492	16
planetlab4.wail.wisc.edu_cs-planetlab3.cs.surrey.sfu.ca_20222 6	120264.089000	6.104000	0.033000	0.000000	120270.226000	49496	16
planetlab4.wail.wisc.edu_cs-planetlab3.cs.surrey.sfu.ca_20224 6	120264.584000	5.721000	0.020000	0.000000	120270.325000	49497	16
planetlab4.wail.wisc.edu_cs-planetlab3.cs.surrey.sfu.ca_20246 6	120352.534000	0.027000	0.030000	0.000000	120352.591000	49509	16
planetlab4.wail.wisc.edu_cs-planetlab3.cs.surrey.sfu.ca_20300 6	120535.173000	0.107000	0.031000	0.000000	120535.311000	49520	16
planetlab4.wail.wisc.edu_cs-planetlab3.cs.surrey.sfu.ca_20322 6	120620.095000	0.147000	0.030000	0.000000	120620.272000	49523	16
planetlab4.wail.wisc.edu_cs-planetlab3.cs.surrey.sfu.ca_20396 6	120908.727000	0.093000	0.031000	0.000000	120908.851000	49539	16
planetlab4.wail.wisc.edu_cs-planetlab3.cs.surrey.sfu.ca_20497 6	121415.549000	0.248000	0.042000	0.000000	121415.839000	49551	16
planetlab4.wail.wisc.edu_cs-planetlab3.cs.surrey.sfu.ca_20513 6	121571.985000	0.028000	0.031000	0.000000	121572.044000	49553	16
planetlab4.wail.wisc.edu_cs-planetlab3.cs.surrey.sfu.ca_20525 6	121664.183000	0.095000	0.037000	0.000000	121664.315000	49554	16
planetlab4.wail.wisc.edu_cs-planetlab3.cs.surrey.sfu.ca_20531 6	121679.047000	0.106000	0.030000	0.000000	121679.183000	49555	16
planetlab4.wail.wisc.edu_cs-planetlab3.cs.surrey.sfu.ca_20554 6	121745.417000	0.098000	0.028000	0.000000	121745.543000	49559	16
planetlab4.wail.wisc.edu_cs-planetlab3.cs.surrey.sfu.ca_20562 6	121773.705000	0.022000	0.023000	0.000000	121773.750000	49563	16
planetlab4.wail.wisc.edu_cs-planetlab3.cs.surrey.sfu.ca_20584 6	121846.011000	0.085000	0.023000	0.000000	121846.119000	49569	16
planetlab4.wail.wisc.edu_cs-planetlab3.cs.surrey.sfu.ca_20596 6	121923.923000	0.756000	0.019000	0.000000	121924.698000	49570	16
planetlab4.wail.wisc.edu_cs-planetlab3.cs.surrey.sfu.ca_20598 6	121927.083000	0.153000	0.030000	0.000000	121927.266000	49571	16
planetlab4.wail.wisc.edu_cs-planetlab3.cs.surrey.sfu.ca_20606 6	121966.954000	0.146000	0.026000	0.000000	121967.126000	49573	16
planetlab4.wail.wisc.edu_cs-planetlab3.cs.surrey.sfu.ca_20618 6	122029.560000	0.065000	0.021000	0.000000	122029.646000	49575	16
pl1.rcc.uottawa.ca_cs-planetlab3.cs.surrey.sfu.ca_27249 5	42446.444000	79588.531000	0.021000	0.000000	122034.996000	49576	0
planetlab4.wail.wisc.edu_cs-planetlab3.cs.surrey.sfu.ca_20624 6	122082.178000	0.163000	0.025000	0.000000	122082.366000	49579	16
planetlab4.wail.wisc.edu_cs-planetlab3.cs.surrey.sfu.ca_20635 6	122143.746000	0.024000	0.025000	0.000000	122143.795000	49584	16
planetlab4.wail.wisc.edu_cs-planetlab3.cs.surrey.sfu.ca_20643 6	122176.523000	0.082000	0.024000	0.000000	122176.629000	49585	16
planetlab4.wail.wisc.edu_cs-planetlab3.cs.surrey.sfu.ca_20645 6	122182.623000	0.023000	0.018000	0.000000	122182.664000	49586	16
planetlab4.wail.wisc.edu_cs-planetlab3.cs.surrey.sfu.ca_20653 6	122222.020000	0.081000	0.024000	0.000000	122222.125000	49589	16
planetlab4.wail.wisc.edu_cs-planetlab3.cs.surrey.sfu.ca_20657 6	122234.814000	0.549000	0.027000	0.000000	122235.390000	49590	16
planetlab4.wail.wisc.edu_cs-planetlab3.cs.surrey.sfu.ca_20663 6	122246.668000	8.609000	0.020000	0.000000	122255.297000	49591	16
planetlab4.wail.wisc.edu_cs-planetlab3.cs.surrey.sfu.ca_20671 6	122326.172000	0.025000	0.027000	0.000000	122326.224000	49593	16
planetlab4.wail.wisc.edu_cs-planetlab3.cs.surrey.sfu.ca_20675 6	122334.094000	0.020000	0.021000	0.000000	122334.135000	49594	16
planetlab4.wail.wisc.edu_cs-planetlab3.cs.surrey.sfu.ca_20677 6	122344.275000	0.097000	0.024000	0.000000	122344.396000	49595	16
planetlab4.wail.wisc.edu_cs-planetlab3.cs.surrey.sfu.ca_20689 6	122399.510000	0.124000	0.022000	0.000000	122399.656000	49599	16
planetlab4.wail.wisc.edu_cs-planetlab3.cs.surrey.sfu.ca_20695 6	122433.792000	0.024000	0.026000	0.000000	122433.842000	49587	16
planetlab4.wail.wisc.edu_cs-planetlab3.cs.surrey.sfu.ca_20717 6	122571.418000	0.147000	0.033000	0.000000	122571.598000	49606	16
planetlab4.wail.wisc.edu_cs-planetlab3.cs.surrey.sfu.ca_20721 6	122592.983000	0.072000	0.024000	0.000000	122593.079000	49607	16
planetlab4.wail.wisc.edu_cs-planetlab3.cs.surrey.sfu.ca_20726 6	122607.624000	0.129000	0.017000	0.000000	122607.770000	49611	16
planetlab4.wail.wisc.edu_cs-planetlab3.cs.surrey.sfu.ca_20808 6	122975.845000	0.081000	0.021000	0.000000	122975.947000	49453	16
planetlab4.wail.wisc.edu_cs-planetlab3.cs.surrey.sfu.ca_20813 6	122998.307000	0.198000	0.027000	0.000000	122998.532000	49452	16
planetlab1.mnlab.cti.depaul.edu_cs-planetlab3.cs.surrey.sfu.ca_2682 3	15826.987000	219734.856000	0.017000	0.000000	235561.860000	49281	1088
