planetlab2.eecs.umich.edu_planetlab-03.cs.princeton.edu_17 2	174.541000	1.995000	0.065000	0.000000	176.601000	3151	2048
planetlab6.cs.duke.edu_planetlab-03.cs.princeton.edu_20 4	197.704000	3.503000	0.018000	0.000000	201.225000	3145	288
planetlab5.williams.edu_planetlab-03.cs.princeton.edu_12 1	385.768000	0.464000	0.016000	0.000000	386.248000	3201	2112
planetlab5.williams.edu_planetlab-03.cs.princeton.edu_14 1	386.171000	0.737000	0.032000	0.000000	386.940000	3202	2112
planetlab5.williams.edu_planetlab-03.cs.princeton.edu_19 1	402.934000	0.346000	0.014000	0.000000	403.294000	3207	2112
planetlab5.williams.edu_planetlab-03.cs.princeton.edu_20 1	403.272000	0.704000	0.010000	0.000000	403.986000	3203	2112
planetlab5.williams.edu_planetlab-03.cs.princeton.edu_23 1	409.422000	0.068000	0.014000	0.000000	409.504000	3211	2112
planetlab5.williams.edu_planetlab-03.cs.princeton.edu_27 1	430.115000	1.008000	0.014000	0.000000	431.137000	3219	2112
planetlab2.eecs.umich.edu_planetlab-03.cs.princeton.edu_41 2	484.539000	3.512000	0.100000	0.000000	488.151000	3212	2048
planetlab5.williams.edu_planetlab-03.cs.princeton.edu_31 1	498.349000	0.141000	0.021000	0.000000	498.511000	3235	2112
planetlab6.cs.duke.edu_planetlab-03.cs.princeton.edu_36 4	573.697000	0.240000	0.033000	0.000000	573.970000	3209	288
planetlab2.eecs.umich.edu_planetlab-03.cs.princeton.edu_53 2	579.258000	3.205000	0.057000	0.000000	582.520000	3236	2048
planetlab2.eecs.umich.edu_planetlab-03.cs.princeton.edu_55 2	585.516000	1.334000	0.070000	0.000000	586.920000	3240	2048
planetlab2.eecs.umich.edu_planetlab-03.cs.princeton.edu_57 2	596.752000	1.749000	0.058000	0.000000	598.559000	3244	2048
planetlab2.eecs.umich.edu_planetlab-03.cs.princeton.edu_59 2	607.512000	1.122000	0.059000	0.000000	608.693000	3245	2048
planetlab2.eecs.umich.edu_planetlab-03.cs.princeton.edu_63 2	619.484000	2.043000	0.057000	0.000000	621.584000	3246	2048
planetlab5.williams.edu_planetlab-03.cs.princeton.edu_44 1	629.973000	0.274000	0.014000	0.000000	630.261000	3267	2112
planetlab2.eecs.umich.edu_planetlab-03.cs.princeton.edu_68 2	667.126000	1.616000	0.065000	0.000000	668.807000	3260	2048
pluto.cs.brown.edu_planetlab-03.cs.princeton.edu_12 4	720.987000	0.246000	0.018000	0.000000	721.251000	3182	768
planetlab1.rutgers.edu_planetlab-03.cs.princeton.edu_163 3	741.782000	0.293000	0.055000	0.000000	742.130000	3210	512
planetlab2.eecs.umich.edu_planetlab-03.cs.princeton.edu_83 2	764.142000	3.501000	0.070000	0.000000	767.713000	3280	2048
planetlab1.cs.unc.edu_planetlab-03.cs.princeton.edu_77 2	789.355000	0.170000	0.023000	0.000000	789.548000	3217	528
pluto.cs.brown.edu_planetlab-03.cs.princeton.edu_16 4	829.342000	0.301000	0.016000	0.000000	829.659000	3204	768
planetlab1.eecs.umich.edu_planetlab-03.cs.princeton.edu_10 3	840.913000	5.851000	0.054000	0.000000	846.818000	3294	2304
aguila1.lsi.upc.edu_planetlab-03.cs.princeton.edu_9 1	956.702000	0.111000	0.011000	0.000000	956.824000	3262	592
planetlab2.netlab.uky.edu_planetlab-03.cs.princeton.edu_59 4	984.735000	0.657000	0.024000	0.000000	985.416000	3239	544
planetlab2.eecs.umich.edu_planetlab-03.cs.princeton.edu_125 2	984.797000	5.427000	0.070000	0.000000	990.294000	3308	2048
planetlab1.eecs.umich.edu_planetlab-03.cs.princeton.edu_21 3	1042.257000	8.514000	0.067000	0.000000	1050.838000	3338	2304
planetlab2.netlab.uky.edu_planetlab-03.cs.princeton.edu_86 4	1162.403000	0.025000	0.022000	0.000000	1162.450000	3282	544
planetlab2.eecs.umich.edu_planetlab-03.cs.princeton.edu_162 2	1167.964000	2.569000	0.073000	0.000000	1170.606000	3332	2048
planetlab-01.bu.edu_planetlab-03.cs.princeton.edu_37 4	1217.173000	0.033000	0.026000	0.000000	1217.232000	3279	640
planetlab5.williams.edu_planetlab-03.cs.princeton.edu_138 1	1258.441000	0.318000	0.015000	0.000000	1258.774000	3376	2112
aguila2.lsi.upc.edu_planetlab-03.cs.princeton.edu_41 2	1300.391000	0.589000	0.013000	0.000000	1300.993000	3333	576
planetlab1.cs.ucla.edu_planetlab-03.cs.princeton.edu_19 3	1311.597000	1.086000	0.018000	0.000000	1312.701000	3296	704
aguila2.lsi.upc.edu_planetlab-03.cs.princeton.edu_43 2	1318.932000	1.231000	0.013000	0.000000	1320.176000	3337	576
planetlab1.williams.edu_planetlab-03.cs.princeton.edu_76 3	1389.884000	0.114000	0.014000	0.000000	1390.012000	3393	2176
aguila2.lsi.upc.edu_planetlab-03.cs.princeton.edu_46 2	1325.545000	71.986000	0.014000	0.000000	1397.545000	3340	576
aguila2.lsi.upc.edu_planetlab-03.cs.princeton.edu_48 2	1325.498000	74.238000	0.014000	0.000000	1399.750000	3341	576
aguila2.lsi.upc.edu_planetlab-03.cs.princeton.edu_51 2	1348.504000	67.949000	0.012000	0.000000	1416.465000	3343	576
planetlab2.eecs.umich.edu_planetlab-03.cs.princeton.edu_223 2	1495.665000	3.480000	0.069000	0.000000	1499.214000	3359	2048
righthand.eecs.harvard.edu_planetlab-03.cs.princeton.edu_64 2	1635.255000	1.287000	0.027000	0.000000	1636.569000	3438	2240
aguila2.lsi.upc.edu_planetlab-03.cs.princeton.edu_69 2	1465.109000	207.645000	0.014000	0.000000	1672.768000	3357	576
aguila2.lsi.upc.edu_planetlab-03.cs.princeton.edu_82 2	1614.808000	203.457000	0.023000	0.000000	1818.288000	3373	576
planetlab5.williams.edu_planetlab-03.cs.princeton.edu_202 1	1869.552000	0.079000	0.013000	0.000000	1869.644000	3459	2112
pluto.cs.brown.edu_planetlab-03.cs.princeton.edu_116 4	1947.486000	0.306000	0.019000	0.000000	1947.811000	3408	768
planetlab1.eecs.umich.edu_planetlab-03.cs.princeton.edu_77 3	1989.505000	4.527000	0.070000	0.000000	1994.102000	3477	2304
planetlab-03.cs.princeton.edu_planetlab-03.cs.princeton.edu_426 0	0.209000	2156.630000	0.008000	0.000000	2156.847000	3561	80
planetlab1.eecs.umich.edu_planetlab-03.cs.princeton.edu_92 3	2291.425000	4.939000	0.067000	0.000000	2296.431000	3552	2304
planetlab-03.cs.princeton.edu_planetlab-03.cs.princeton.edu_515 0	0.754000	2562.156000	0.006000	0.000000	2562.916000	3649	80
planetlab2.eecs.umich.edu_planetlab-03.cs.princeton.edu_470 2	2743.461000	19.689000	0.285000	0.000000	2763.435000	3500	2048
planetlab4.wail.wisc.edu_planetlab-03.cs.princeton.edu_665 1	118.667000	2928.997000	0.016000	0.000000	3047.680000	3142	16
earth.cs.brown.edu_planetlab-03.cs.princeton.edu_847 2	1384.197000	1840.502000	0.027000	0.000000	3224.726000	3220	96
planetlab4.wail.wisc.edu_planetlab-03.cs.princeton.edu_741 1	380.011000	2864.788000	0.023000	0.000000	3244.822000	3206	16
planetlab4.wail.wisc.edu_planetlab-03.cs.princeton.edu_745 1	417.539000	2833.667000	0.023000	0.000000	3251.229000	3213	16
planetlab5.williams.edu_planetlab-03.cs.princeton.edu_383 1	2993.708000	259.455000	0.015000	0.000000	3253.178000	3715	2112
planetlab4.wail.wisc.edu_planetlab-03.cs.princeton.edu_802 1	660.050000	2693.950000	0.030000	0.000000	3354.030000	3266	16
planetlab4.wail.wisc.edu_planetlab-03.cs.princeton.edu_810 1	678.987000	2688.603000	0.013000	0.000000	3367.603000	3268	16
planetlab4.wail.wisc.edu_planetlab-03.cs.princeton.edu_814 1	682.428000	2692.869000	0.017000	0.000000	3375.314000	3270	16
planetlab4.wail.wisc.edu_planetlab-03.cs.princeton.edu_818 1	685.235000	2700.990000	0.024000	0.000000	3386.249000	3271	16
planetlab4.wail.wisc.edu_planetlab-03.cs.princeton.edu_835 1	720.044000	2703.645000	0.016000	0.000000	3423.705000	3278	16
planetlab4.wail.wisc.edu_planetlab-03.cs.princeton.edu_851 1	750.795000	2710.633000	0.017000	0.000000	3461.445000	3286	16
planetlab2.eecs.umich.edu_planetlab-03.cs.princeton.edu_575 2	3137.057000	367.126000	0.070000	0.000000	3504.253000	3588	2048
planetlab4.wail.wisc.edu_planetlab-03.cs.princeton.edu_890 1	847.790000	2694.861000	0.019000	0.000000	3542.670000	3302	16
planetlab2.eecs.umich.edu_planetlab-03.cs.princeton.edu_582 2	3173.745000	388.648000	0.071000	0.000000	3562.464000	3599	2048
planetlab2.eecs.umich.edu_planetlab-03.cs.princeton.edu_597 2	3218.467000	434.376000	0.075000	0.000000	3652.918000	3610	2048
planetlab4.wail.wisc.edu_planetlab-03.cs.princeton.edu_935 1	928.317000	2746.994000	0.014000	0.000000	3675.325000	3320	16
planetlab2.eecs.umich.edu_planetlab-03.cs.princeton.edu_605 2	3239.181000	469.927000	0.072000	0.000000	3709.180000	3626	2048
planetlab4.wail.wisc.edu_planetlab-03.cs.princeton.edu_961 1	992.958000	2752.901000	0.015000	0.000000	3745.874000	3334	16
planetlab2.eecs.umich.edu_planetlab-03.cs.princeton.edu_612 2	3266.235000	487.427000	0.064000	0.000000	3753.726000	3634	2048
planetlab2.eecs.umich.edu_planetlab-03.cs.princeton.edu_638 2	3330.665000	510.860000	0.070000	0.000000	3841.595000	3640	2048
planetlab2.eecs.umich.edu_planetlab-03.cs.princeton.edu_643 2	3354.669000	505.654000	0.072000	0.000000	3860.395000	3642	2048
planetlab2.eecs.umich.edu_planetlab-03.cs.princeton.edu_649 2	3389.204000	499.015000	0.072000	0.000000	3888.291000	3643	2048
planetlab2.eecs.umich.edu_planetlab-03.cs.princeton.edu_660 2	3448.163000	477.159000	0.072000	0.000000	3925.394000	3646	2048
planetlab2.eecs.umich.edu_planetlab-03.cs.princeton.edu_677 2	3519.099000	460.357000	0.071000	0.000000	3979.527000	3655	2048
planetlab2.eecs.umich.edu_planetlab-03.cs.princeton.edu_692 2	3558.182000	476.729000	0.073000	0.000000	4034.984000	3659	2048
planetlab2.eecs.umich.edu_planetlab-03.cs.princeton.edu_699 2	3594.176000	495.948000	0.070000	0.000000	4090.194000	3661	2048
planetlab2.eecs.umich.edu_planetlab-03.cs.princeton.edu_701 2	3597.012000	496.239000	0.079000	0.000000	4093.330000	3662	2048
planetlab2.eecs.umich.edu_planetlab-03.cs.princeton.edu_708 2	3617.132000	511.231000	0.075000	0.000000	4128.438000	3663	2048
planetlab2.eecs.umich.edu_planetlab-03.cs.princeton.edu_712 2	3638.591000	497.738000	0.073000	0.000000	4136.402000	3664	2048
planetlab2.eecs.umich.edu_planetlab-03.cs.princeton.edu_742 2	3776.618000	566.958000	0.072000	0.000000	4343.648000	3679	2048
planetlab2.eecs.umich.edu_planetlab-03.cs.princeton.edu_766 2	3860.463000	640.470000	0.071000	0.000000	4501.004000	3695	2048
planetlab-1.cse.ohio-state.edu_planetlab-03.cs.princeton.edu_181 3	311.181000	4261.785000	0.131000	0.000000	4573.097000	3144	2560
planetlab2.umassd.edu_planetlab-03.cs.princeton.edu_692 1	83.208000	4516.529000	0.015000	0.000000	4599.752000	3146	64
planetlab-1.cse.ohio-state.edu_planetlab-03.cs.princeton.edu_183 3	1200.813000	3402.468000	0.024000	0.000000	4603.305000	3323	2560
planetlab2.umassd.edu_planetlab-03.cs.princeton.edu_706 1	119.942000	4499.675000	0.015000	0.000000	4619.632000	3154	64
planetlab2.umassd.edu_planetlab-03.cs.princeton.edu_710 1	146.221000	4478.778000	0.014000	0.000000	4625.013000	3160	64
planetlab2.umassd.edu_planetlab-03.cs.princeton.edu_717 1	160.033000	4467.827000	0.015000	0.000000	4627.875000	3162	64
planetlab2.umassd.edu_planetlab-03.cs.princeton.edu_718 1	161.562000	4472.139000	0.010000	0.000000	4633.711000	3163	64
planetlab2.umassd.edu_planetlab-03.cs.princeton.edu_722 1	171.145000	4465.280000	0.015000	0.000000	4636.440000	3166	64
planetlab2.umassd.edu_planetlab-03.cs.princeton.edu_730 1	288.922000	4366.399000	0.014000	0.000000	4655.335000	3194	64
planetlab2.eecs.umich.edu_planetlab-03.cs.princeton.edu_799 2	4039.659000	703.347000	0.072000	0.000000	4743.078000	3706	2048
planetlab2.umassd.edu_planetlab-03.cs.princeton.edu_771 1	610.849000	4143.798000	0.015000	0.000000	4754.662000	3257	64
planetlab2.umassd.edu_planetlab-03.cs.princeton.edu_791 1	701.895000	4111.795000	0.061000	0.000000	4813.751000	3276	64
planetlab2.umassd.edu_planetlab-03.cs.princeton.edu_805 1	771.061000	4117.951000	0.013000	0.000000	4889.025000	3290	64
planetlab4.wail.wisc.edu_planetlab-03.cs.princeton.edu_1136 1	1485.919000	3509.832000	0.016000	0.000000	4995.767000	3394	16
planetlab4.wail.wisc.edu_planetlab-03.cs.princeton.edu_1141 1	1496.616000	3501.680000	0.026000	0.000000	4998.322000	3396	16
planetlab2.eecs.umich.edu_planetlab-03.cs.princeton.edu_847 2	4229.130000	766.979000	0.073000	0.000000	4996.182000	3728	2048
planetlab4.wail.wisc.edu_planetlab-03.cs.princeton.edu_1146 1	1516.475000	3527.198000	0.189000	0.000000	5043.862000	3398	16
planetlab4.wail.wisc.edu_planetlab-03.cs.princeton.edu_1148 1	1514.958000	3532.186000	0.013000	0.000000	5047.157000	3399	16
planetlab4.wail.wisc.edu_planetlab-03.cs.princeton.edu_1164 1	1561.327000	3586.560000	0.018000	0.000000	5147.905000	3406	16
planetlab2.eecs.umich.edu_planetlab-03.cs.princeton.edu_903 2	4501.594000	751.010000	0.073000	0.000000	5252.677000	3756	2048
planetlab2.eecs.umich.edu_planetlab-03.cs.princeton.edu_913 2	4546.396000	752.289000	0.072000	0.000000	5298.757000	3767	2048
planetlab4.wail.wisc.edu_planetlab-03.cs.princeton.edu_1196 1	1633.968000	3673.794000	0.057000	0.000000	5307.819000	3414	16
planetlab-1.cse.ohio-state.edu_planetlab-03.cs.princeton.edu_194 3	2288.582000	3026.248000	0.024000	0.000000	5314.854000	3451	2560
planetlab4.wail.wisc.edu_planetlab-03.cs.princeton.edu_1204 1	1652.234000	3699.106000	0.038000	0.000000	5351.378000	3417	16
planetlab-1.cse.ohio-state.edu_planetlab-03.cs.princeton.edu_200 3	2423.012000	3076.451000	0.023000	0.000000	5499.486000	3515	2560
planetlab4.wail.wisc.edu_planetlab-03.cs.princeton.edu_1235 1	1749.033000	3752.167000	0.021000	0.000000	5501.221000	3430	16
planetlab2.umassd.edu_planetlab-03.cs.princeton.edu_1033 1	1613.666000	4020.168000	0.015000	0.000000	5633.849000	3418	64
planetlab-1.cse.ohio-state.edu_planetlab-03.cs.princeton.edu_206 3	2664.466000	2968.628000	0.024000	0.000000	5633.118000	3547	2560
planetlab-1.cse.ohio-state.edu_planetlab-03.cs.princeton.edu_208 3	2673.266000	2962.105000	0.024000	0.000000	5635.395000	3563	2560
planetlab-1.cse.ohio-state.edu_planetlab-03.cs.princeton.edu_211 3	2635.214000	3009.830000	0.024000	0.000000	5645.068000	3577	2560
planetlab-1.cse.ohio-state.edu_planetlab-03.cs.princeton.edu_210 3	2614.699000	3030.504000	0.024000	0.000000	5645.227000	3571	2560
planetlab4.wail.wisc.edu_planetlab-03.cs.princeton.edu_1304 1	1790.994000	3889.239000	0.028000	0.000000	5680.261000	3458	16
planetlab-1.cse.ohio-state.edu_planetlab-03.cs.princeton.edu_213 3	2668.457000	3023.729000	0.025000	0.000000	5692.211000	3578	2560
planetlab4.wail.wisc.edu_planetlab-03.cs.princeton.edu_1306 1	1800.398000	3897.863000	0.028000	0.000000	5698.289000	3460	16
planetlab4.wail.wisc.edu_planetlab-03.cs.princeton.edu_1311 1	1811.521000	3904.059000	0.019000	0.000000	5715.599000	3462	16
planetlab4.wail.wisc.edu_planetlab-03.cs.princeton.edu_1313 1	1814.513000	3902.834000	0.014000	0.000000	5717.361000	3463	16
planetlab-1.cse.ohio-state.edu_planetlab-03.cs.princeton.edu_215 3	2681.498000	3069.337000	0.025000	0.000000	5750.860000	3579	2560
planetlab4.wail.wisc.edu_planetlab-03.cs.princeton.edu_1320 1	1839.020000	3915.962000	0.020000	0.000000	5755.002000	3470	16
planetlab-1.cse.ohio-state.edu_planetlab-03.cs.princeton.edu_216 3	2694.616000	3069.391000	0.025000	0.000000	5764.032000	3583	2560
planetlab4.wail.wisc.edu_planetlab-03.cs.princeton.edu_1337 1	1862.677000	3937.952000	0.017000	0.000000	5800.646000	3478	16
planetlab4.wail.wisc.edu_planetlab-03.cs.princeton.edu_1355 1	1947.327000	3925.542000	0.018000	0.000000	5872.887000	3494	16
planetlab4.wail.wisc.edu_planetlab-03.cs.princeton.edu_1376 1	2007.789000	3961.257000	0.025000	0.000000	5969.071000	3507	16
planetlab4.wail.wisc.edu_planetlab-03.cs.princeton.edu_1393 1	2059.197000	3995.425000	0.025000	0.000000	6054.647000	3520	16
planetlab4.wail.wisc.edu_planetlab-03.cs.princeton.edu_1403 1	2078.789000	4013.438000	0.020000	0.000000	6092.247000	3523	16
planetlab4.wail.wisc.edu_planetlab-03.cs.princeton.edu_1404 1	2078.125000	4014.170000	0.011000	0.000000	6092.306000	3522	16
planetlab4.wail.wisc.edu_planetlab-03.cs.princeton.edu_1406 1	2079.216000	4039.562000	0.015000	0.000000	6118.793000	3524	16
planetlab2.umassd.edu_planetlab-03.cs.princeton.edu_1217 1	2230.077000	3916.838000	0.018000	0.000000	6146.933000	3570	64
planetlab4.wail.wisc.edu_planetlab-03.cs.princeton.edu_1411 1	2089.501000	4058.920000	0.025000	0.000000	6148.446000	3525	16
planetlab4.wail.wisc.edu_planetlab-03.cs.princeton.edu_1415 1	2095.111000	4074.473000	0.017000	0.000000	6169.601000	3526	16
planetlab4.wail.wisc.edu_planetlab-03.cs.princeton.edu_1422 1	2113.513000	4073.209000	0.015000	0.000000	6186.737000	3527	16
planetlab4.wail.wisc.edu_planetlab-03.cs.princeton.edu_1425 1	2126.192000	4075.593000	0.019000	0.000000	6201.804000	3530	16
planetlab4.wail.wisc.edu_planetlab-03.cs.princeton.edu_1428 1	2133.436000	4084.440000	0.019000	0.000000	6217.895000	3532	16
planetlab2.umassd.edu_planetlab-03.cs.princeton.edu_1236 1	2330.665000	3905.422000	0.014000	0.000000	6236.101000	3590	64
planetlab4.wail.wisc.edu_planetlab-03.cs.princeton.edu_1439 1	2152.758000	4087.829000	0.026000	0.000000	6240.613000	3534	16
planetlab4.wail.wisc.edu_planetlab-03.cs.princeton.edu_1440 1	2152.725000	4099.524000	0.010000	0.000000	6252.259000	3535	16
planetlab4.wail.wisc.edu_planetlab-03.cs.princeton.edu_1453 1	2175.920000	4124.306000	0.016000	0.000000	6300.242000	3538	16
earth.cs.brown.edu_planetlab-03.cs.princeton.edu_2442 2	5152.906000	1166.409000	0.015000	0.000000	6319.330000	3392	96
planetlab4.wail.wisc.edu_planetlab-03.cs.princeton.edu_1464 1	2189.446000	4195.707000	0.018000	0.000000	6385.171000	3540	16
planetlab2.umassd.edu_planetlab-03.cs.princeton.edu_1273 1	2488.484000	3904.864000	0.054000	0.000000	6393.402000	3620	64
planetlab2.umassd.edu_planetlab-03.cs.princeton.edu_1275 1	2489.755000	3914.204000	0.014000	0.000000	6403.973000	3618	64
planetlab2.umassd.edu_planetlab-03.cs.princeton.edu_1278 1	2490.644000	3915.146000	0.056000	0.000000	6405.846000	3622	64
planetlab2.umassd.edu_planetlab-03.cs.princeton.edu_1283 1	2501.474000	3914.886000	0.015000	0.000000	6416.375000	3623	64
planetlab4.wail.wisc.edu_planetlab-03.cs.princeton.edu_1465 1	2190.395000	4230.863000	0.011000	0.000000	6421.269000	3542	16
planetlab2.umassd.edu_planetlab-03.cs.princeton.edu_1288 1	2526.553000	3896.713000	0.015000	0.000000	6423.281000	3630	64
planetlab4.wail.wisc.edu_planetlab-03.cs.princeton.edu_1469 1	2194.600000	4230.673000	0.013000	0.000000	6425.286000	3543	16
planetlab2.umassd.edu_planetlab-03.cs.princeton.edu_1297 1	2558.993000	3899.924000	0.047000	0.000000	6458.964000	3638	64
planetlab2.umassd.edu_planetlab-03.cs.princeton.edu_1302 1	2569.064000	3902.787000	0.045000	0.000000	6471.896000	3641	64
earth.cs.brown.edu_planetlab-03.cs.princeton.edu_2513 2	5282.218000	1197.668000	0.021000	0.000000	6479.907000	3498	96
earth.cs.brown.edu_planetlab-03.cs.princeton.edu_2539 2	5333.847000	1202.482000	0.020000	0.000000	6536.349000	3551	96
planetlab4.wail.wisc.edu_planetlab-03.cs.princeton.edu_1485 1	2225.587000	4335.458000	0.015000	0.000000	6561.060000	3550	16
planetlab2.umassd.edu_planetlab-03.cs.princeton.edu_1331 1	2655.816000	3917.289000	0.014000	0.000000	6573.119000	3660	64
planetlab4.wail.wisc.edu_planetlab-03.cs.princeton.edu_1489 1	2230.708000	4360.341000	0.017000	0.000000	6591.066000	3554	16
planetlab2.umassd.edu_planetlab-03.cs.princeton.edu_1347 1	2720.103000	3912.353000	0.015000	0.000000	6632.471000	3674	64
planetlab1.cs.uoregon.edu_planetlab-03.cs.princeton.edu_760 3	943.872000	5704.260000	0.016000	0.000000	6648.148000	3247	256
planetlab4.wail.wisc.edu_planetlab-03.cs.princeton.edu_1500 1	2243.023000	4424.764000	0.392000	0.000000	6668.179000	3556	16
planetlab2.umassd.edu_planetlab-03.cs.princeton.edu_1363 1	2778.737000	3909.324000	0.015000	0.000000	6688.076000	3686	64
planetlab4.wail.wisc.edu_planetlab-03.cs.princeton.edu_1510 1	2262.584000	4454.552000	0.017000	0.000000	6717.153000	3558	16
planetlab4.wail.wisc.edu_planetlab-03.cs.princeton.edu_1511 1	2262.942000	4456.545000	0.011000	0.000000	6719.498000	3559	16
planetlab4.wail.wisc.edu_planetlab-03.cs.princeton.edu_1528 1	2290.784000	4492.346000	0.011000	0.000000	6783.141000	3566	16
planetlab4.wail.wisc.edu_planetlab-03.cs.princeton.edu_1554 1	2327.046000	4538.322000	0.031000	0.000000	6865.399000	3574	16
planetlab2.umassd.edu_planetlab-03.cs.princeton.edu_1422 1	3022.777000	3898.567000	0.013000	0.000000	6921.357000	3724	64
planetlab1.rutgers.edu_planetlab-03.cs.princeton.edu_1503 3	4657.785000	2446.710000	0.043000	0.000000	7104.538000	3330	512
planetlab2.umassd.edu_planetlab-03.cs.princeton.edu_1481 1	3141.478000	4017.497000	0.015000	0.000000	7158.990000	3737	64
planetlab1.rutgers.edu_planetlab-03.cs.princeton.edu_1551 3	4717.058000	2476.695000	0.069000	0.000000	7193.822000	3360	512
planetlab1.rutgers.edu_planetlab-03.cs.princeton.edu_1553 3	4723.224000	2476.531000	0.045000	0.000000	7199.800000	3362	512
planetlab1.rutgers.edu_planetlab-03.cs.princeton.edu_1556 3	4722.675000	2485.788000	0.034000	0.000000	7208.497000	3363	512
planetlab1.rutgers.edu_planetlab-03.cs.princeton.edu_1562 3	4732.187000	2488.679000	0.033000	0.000000	7220.899000	3366	512
planetlab1.rutgers.edu_planetlab-03.cs.princeton.edu_1564 3	4739.139000	2485.723000	0.048000	0.000000	7224.910000	3370	512
planetlab1.rutgers.edu_planetlab-03.cs.princeton.edu_1572 3	4754.738000	2476.116000	0.029000	0.000000	7230.883000	3378	512
planetlab2.umassd.edu_planetlab-03.cs.princeton.edu_1524 1	3213.945000	4046.363000	0.015000	0.000000	7260.323000	3750	64
planetlab2.umassd.edu_planetlab-03.cs.princeton.edu_1567 1	3257.525000	4116.764000	0.009000	0.000000	7374.298000	3761	64
planetlab4.wail.wisc.edu_planetlab-03.cs.princeton.edu_1787 1	2904.914000	4989.050000	0.020000	0.000000	7893.984000	3694	16
roam2.cs.ou.edu_planetlab-03.cs.princeton.edu_1830 2	3362.696000	5557.123000	0.018000	0.000000	8919.837000	3232	48
planetlab2.umassd.edu_planetlab-03.cs.princeton.edu_1527 1	6217.562000	4058.130000	0.013000	0.000000	10275.705000	3753	64
planetlab6.cs.duke.edu_planetlab-03.cs.princeton.edu_2203 4	7746.180000	2948.651000	0.017000	0.000000	10694.848000	3265	288
planetlab6.cs.duke.edu_planetlab-03.cs.princeton.edu_2209 4	7762.961000	2950.345000	0.017000	0.000000	10713.323000	3273	288
planetlab6.cs.duke.edu_planetlab-03.cs.princeton.edu_2214 4	7774.066000	2949.866000	0.015000	0.000000	10723.947000	3275	288
planetlab6.cs.duke.edu_planetlab-03.cs.princeton.edu_2216 4	7777.590000	2949.880000	0.016000	0.000000	10727.486000	3277	288
planetlab6.cs.duke.edu_planetlab-03.cs.princeton.edu_2223 4	7803.069000	2943.430000	0.016000	0.000000	10746.515000	3289	288
planetlab6.cs.duke.edu_planetlab-03.cs.princeton.edu_2270 4	7979.153000	2971.901000	0.019000	0.000000	10951.073000	3272	288
planetlab1.cs.cornell.edu_planetlab-03.cs.princeton.edu_1863 3	11560.641000	0.706000	0.040000	0.000000	11561.387000	3218	1280
planetlab1.mnlab.cti.depaul.edu_planetlab-03.cs.princeton.edu_1125 1	855.882000	10827.509000	0.008000	0.000000	11683.399000	3311	1088
planetlab1.cs.cornell.edu_planetlab-03.cs.princeton.edu_1873 3	11694.560000	0.449000	0.042000	0.000000	11695.051000	3234	1280
planetlab1.cs.cornell.edu_planetlab-03.cs.princeton.edu_1875 3	11702.415000	0.165000	0.030000	0.000000	11702.610000	3248	1280
planetlab1.cs.cornell.edu_planetlab-03.cs.princeton.edu_1878 3	11712.488000	0.108000	0.034000	0.000000	11712.630000	3251	1280
planetlab1.cs.cornell.edu_planetlab-03.cs.princeton.edu_1880 3	11713.310000	0.038000	0.033000	0.000000	11713.381000	3250	1280
planetlab1.cs.cornell.edu_planetlab-03.cs.princeton.edu_1882 3	11717.190000	0.123000	0.036000	0.000000	11717.349000	3254	1280
planetlab1.cs.cornell.edu_planetlab-03.cs.princeton.edu_1884 3	11721.131000	0.087000	0.030000	0.000000	11721.248000	3258	1280
planetlab4.wail.wisc.edu_planetlab-03.cs.princeton.edu_2488 1	4252.024000	7496.388000	0.016000	0.000000	11748.428000	3372	16
planetlab1.cs.cornell.edu_planetlab-03.cs.princeton.edu_1888 3	11788.232000	0.077000	0.037000	0.000000	11788.346000	3314	1280
planetlab1.cs.cornell.edu_planetlab-03.cs.princeton.edu_1892 3	11818.924000	0.043000	0.042000	0.000000	11819.009000	3329	1280
planetlab1.mnlab.cti.depaul.edu_planetlab-03.cs.princeton.edu_1146 1	1347.910000	10581.500000	0.009000	0.000000	11929.419000	3387	1088
planetlab4.rutgers.edu_planetlab-03.cs.princeton.edu_3839 2	11570.827000	1089.442000	0.024000	0.000000	12660.293000	3176	1024
kupl2.ittc.ku.edu_planetlab-03.cs.princeton.edu_220 4	2812.130000	9930.197000	0.038000	0.000000	12742.365000	3617	2816
planetlab2.cs.pitt.edu_planetlab-03.cs.princeton.edu_1609 3	12764.487000	0.021000	0.015000	0.000000	12764.523000	3450	304
planetlab4.rutgers.edu_planetlab-03.cs.princeton.edu_3907 2	11644.916000	1130.746000	0.019000	0.000000	12775.681000	3264	1024
planetlab4.rutgers.edu_planetlab-03.cs.princeton.edu_3912 2	11658.845000	1125.049000	0.028000	0.000000	12783.922000	3291	1024
node1.planetlab.albany.edu_planetlab-03.cs.princeton.edu_5622 3	8977.731000	3907.924000	0.022000	0.000000	12885.677000	3259	32
pl1.rcc.uottawa.ca_planetlab-03.cs.princeton.edu_4813 2	3055.314000	9848.776000	0.015000	0.000000	12904.105000	3140	0
pl1.rcc.uottawa.ca_planetlab-03.cs.princeton.edu_4817 2	3054.713000	9852.995000	0.008000	0.000000	12907.716000	3141	0
pl1.rcc.uottawa.ca_planetlab-03.cs.princeton.edu_4824 2	3060.906000	9868.295000	0.015000	0.000000	12929.216000	3143	0
pl1.rcc.uottawa.ca_planetlab-03.cs.princeton.edu_4833 2	3073.552000	9895.771000	0.015000	0.000000	12969.338000	3147	0
vn4.cse.wustl.edu_planetlab-03.cs.princeton.edu_1288 2	6151.089000	6811.948000	0.022000	0.000000	12963.059000	3596	272
planetlab4.rutgers.edu_planetlab-03.cs.princeton.edu_4003 2	11784.497000	1187.139000	0.029000	0.000000	12971.665000	3348	1024
pl1.rcc.uottawa.ca_planetlab-03.cs.princeton.edu_4835 2	3076.600000	9905.830000	0.011000	0.000000	12982.441000	3149	0
pl1.rcc.uottawa.ca_planetlab-03.cs.princeton.edu_4841 2	3078.234000	9923.658000	0.012000	0.000000	13001.904000	3153	0
vn4.cse.wustl.edu_planetlab-03.cs.princeton.edu_1292 2	6164.056000	6837.798000	0.021000	0.000000	13001.875000	3604	272
vn4.cse.wustl.edu_planetlab-03.cs.princeton.edu_1306 2	6198.012000	6855.107000	0.019000	0.000000	13053.138000	3608	272
planetlab4.rutgers.edu_planetlab-03.cs.princeton.edu_4049 2	11883.030000	1175.203000	0.027000	0.000000	13058.260000	3368	1024
pl1.rcc.uottawa.ca_planetlab-03.cs.princeton.edu_4855 2	3083.322000	9986.890000	0.013000	0.000000	13070.225000	3155	0
pl1.rcc.uottawa.ca_planetlab-03.cs.princeton.edu_4858 2	3096.366000	9994.283000	0.010000	0.000000	13090.659000	3152	0
pl1.rcc.uottawa.ca_planetlab-03.cs.princeton.edu_4860 2	3099.395000	9997.514000	0.010000	0.000000	13096.919000	3156	0
vn4.cse.wustl.edu_planetlab-03.cs.princeton.edu_1312 2	6208.624000	6896.306000	0.018000	0.000000	13104.948000	3612	272
pl1.rcc.uottawa.ca_planetlab-03.cs.princeton.edu_4862 2	3098.736000	10013.497000	0.009000	0.000000	13112.242000	3157	0
pl1.rcc.uottawa.ca_planetlab-03.cs.princeton.edu_4863 2	3103.725000	10013.756000	0.010000	0.000000	13117.491000	3159	0
pl1.rcc.uottawa.ca_planetlab-03.cs.princeton.edu_4871 2	3105.404000	10016.108000	0.019000	0.000000	13121.531000	3158	0
vn4.cse.wustl.edu_planetlab-03.cs.princeton.edu_1316 2	6215.174000	6907.637000	0.023000	0.000000	13122.834000	3613	272
vn4.cse.wustl.edu_planetlab-03.cs.princeton.edu_1318 2	6222.422000	6908.753000	0.013000	0.000000	13131.188000	3614	272
pl1.rcc.uottawa.ca_planetlab-03.cs.princeton.edu_4887 2	3118.709000	10044.355000	0.012000	0.000000	13163.076000	3161	0
vn4.cse.wustl.edu_planetlab-03.cs.princeton.edu_1324 2	6243.480000	6912.703000	0.013000	0.000000	13156.196000	3644	272
pl1.rcc.uottawa.ca_planetlab-03.cs.princeton.edu_4892 2	3119.184000	10050.767000	0.012000	0.000000	13169.963000	3164	0
pl1.rcc.uottawa.ca_planetlab-03.cs.princeton.edu_4896 2	3124.012000	10061.095000	0.011000	0.000000	13185.118000	3165	0
pl1.rcc.uottawa.ca_planetlab-03.cs.princeton.edu_4899 2	3124.422000	10064.660000	0.015000	0.000000	13189.097000	3167	0
planetlab4.rutgers.edu_planetlab-03.cs.princeton.edu_4132 2	12009.068000	1193.129000	0.018000	0.000000	13202.215000	3400	1024
pl1.rcc.uottawa.ca_planetlab-03.cs.princeton.edu_4908 2	3127.870000	10084.445000	0.013000	0.000000	13212.328000	3168	0
pl1.rcc.uottawa.ca_planetlab-03.cs.princeton.edu_4916 2	3142.359000	10094.143000	1.321000	0.000000	13237.823000	3169	0
pl1.rcc.uottawa.ca_planetlab-03.cs.princeton.edu_4918 2	3147.949000	10093.928000	0.020000	0.000000	13241.897000	3171	0
pl1.rcc.uottawa.ca_planetlab-03.cs.princeton.edu_4925 2	3148.833000	10114.450000	0.016000	0.000000	13263.299000	3172	0
pl1.rcc.uottawa.ca_planetlab-03.cs.princeton.edu_4927 2	3147.774000	10117.521000	0.011000	0.000000	13265.306000	3173	0
pl1.rcc.uottawa.ca_planetlab-03.cs.princeton.edu_4932 2	3153.852000	10132.654000	0.010000	0.000000	13286.516000	3175	0
planetlab4.rutgers.edu_planetlab-03.cs.princeton.edu_4190 2	12081.783000	1252.698000	0.014000	0.000000	13334.495000	3424	1024
pl1.rcc.uottawa.ca_planetlab-03.cs.princeton.edu_4952 2	3164.885000	10179.572000	0.031000	0.000000	13344.488000	3174	0
pl1.rcc.uottawa.ca_planetlab-03.cs.princeton.edu_4954 2	3167.153000	10181.783000	0.018000	0.000000	13348.954000	3177	0
pl1.rcc.uottawa.ca_planetlab-03.cs.princeton.edu_4962 2	3170.400000	10195.893000	0.012000	0.000000	13366.305000	3180	0
planetlab4.rutgers.edu_planetlab-03.cs.princeton.edu_4210 2	12104.187000	1264.033000	0.013000	0.000000	13368.233000	3432	1024
pl1.rcc.uottawa.ca_planetlab-03.cs.princeton.edu_4967 2	3173.152000	10206.317000	0.026000	0.000000	13379.495000	3178	0
vn4.cse.wustl.edu_planetlab-03.cs.princeton.edu_1355 2	6371.056000	7004.363000	0.022000	0.000000	13375.441000	3676	272
planetlab4.rutgers.edu_planetlab-03.cs.princeton.edu_4218 2	12118.790000	1265.703000	0.021000	0.000000	13384.514000	3433	1024
planetlab4.rutgers.edu_planetlab-03.cs.princeton.edu_4220 2	12118.041000	1266.479000	0.021000	0.000000	13384.541000	3436	1024
pl1.rcc.uottawa.ca_planetlab-03.cs.princeton.edu_4972 2	3176.084000	10217.590000	0.013000	0.000000	13393.687000	3183	0
planetlab4.rutgers.edu_planetlab-03.cs.princeton.edu_4222 2	12121.126000	1269.727000	0.014000	0.000000	13390.867000	3434	1024
pl1.rcc.uottawa.ca_planetlab-03.cs.princeton.edu_4974 2	3176.773000	10224.530000	0.288000	0.000000	13401.591000	3181	0
pl1.rcc.uottawa.ca_planetlab-03.cs.princeton.edu_4989 2	3188.868000	10265.465000	0.028000	0.000000	13454.361000	3184	0
pl1.rcc.uottawa.ca_planetlab-03.cs.princeton.edu_4993 2	3188.447000	10284.586000	0.055000	0.000000	13473.088000	3185	0
pl1.rcc.uottawa.ca_planetlab-03.cs.princeton.edu_5003 2	3196.258000	10302.119000	0.018000	0.000000	13498.395000	3186	0
pl1.rcc.uottawa.ca_planetlab-03.cs.princeton.edu_5007 2	3198.869000	10317.380000	0.014000	0.000000	13516.263000	3187	0
pl1.rcc.uottawa.ca_planetlab-03.cs.princeton.edu_5029 2	3213.856000	10368.190000	0.021000	0.000000	13582.067000	3188	0
planetlab4.rutgers.edu_planetlab-03.cs.princeton.edu_4252 2	12289.080000	1299.327000	0.031000	0.000000	13588.438000	3448	1024
vn4.cse.wustl.edu_planetlab-03.cs.princeton.edu_1391 2	6545.311000	7058.790000	0.027000	0.000000	13604.128000	3740	272
planetlab4.rutgers.edu_planetlab-03.cs.princeton.edu_4276 2	12231.633000	1378.021000	0.019000	0.000000	13609.673000	3467	1024
pl1.rcc.uottawa.ca_planetlab-03.cs.princeton.edu_5048 2	3214.652000	10411.899000	0.143000	0.000000	13626.694000	3190	0
pl1.rcc.uottawa.ca_planetlab-03.cs.princeton.edu_5053 2	3218.430000	10436.173000	0.011000	0.000000	13654.614000	3191	0
pl1.rcc.uottawa.ca_planetlab-03.cs.princeton.edu_5054 2	3219.702000	10442.186000	0.010000	0.000000	13661.898000	3189	0
planetlab03.cs.washington.edu_planetlab-03.cs.princeton.edu_1587 2	5960.337000	7699.134000	0.033000	0.000000	13659.504000	3350	320
pl1.rcc.uottawa.ca_planetlab-03.cs.princeton.edu_5057 2	3223.228000	10453.741000	0.010000	0.000000	13676.979000	3192	0
pl1.rcc.uottawa.ca_planetlab-03.cs.princeton.edu_5060 2	3234.322000	10469.950000	0.010000	0.000000	13704.282000	3193	0
pl1.rcc.uottawa.ca_planetlab-03.cs.princeton.edu_5061 2	3231.845000	10481.088000	0.009000	0.000000	13712.942000	3195	0
node1.planetlab.albany.edu_planetlab-03.cs.princeton.edu_5980 3	9870.489000	3853.448000	0.029000	0.000000	13723.966000	3331	32
pl1.rcc.uottawa.ca_planetlab-03.cs.princeton.edu_5064 2	3241.810000	10492.403000	0.010000	0.000000	13734.223000	3196	0
pl1.rcc.uottawa.ca_planetlab-03.cs.princeton.edu_5065 2	3243.011000	10492.952000	0.010000	0.000000	13735.973000	3197	0
pl1.rcc.uottawa.ca_planetlab-03.cs.princeton.edu_5066 2	3243.380000	10499.133000	0.010000	0.000000	13742.523000	3198	0
pl1.rcc.uottawa.ca_planetlab-03.cs.princeton.edu_5069 2	3243.212000	10518.450000	0.009000	0.000000	13761.671000	3200	0
pl1.rcc.uottawa.ca_planetlab-03.cs.princeton.edu_5070 2	3244.838000	10521.230000	0.010000	0.000000	13766.078000	3199	0
pl1.rcc.uottawa.ca_planetlab-03.cs.princeton.edu_5081 2	3269.661000	10581.864000	0.010000	0.000000	13851.535000	3215	0
pl1.rcc.uottawa.ca_planetlab-03.cs.princeton.edu_5083 2	3278.957000	10616.551000	0.010000	0.000000	13895.518000	3221	0
pl1.rcc.uottawa.ca_planetlab-03.cs.princeton.edu_5089 2	3291.191000	10650.001000	0.009000	0.000000	13941.201000	3222	0
pl1.rcc.uottawa.ca_planetlab-03.cs.princeton.edu_5090 2	3293.756000	10652.863000	0.010000	0.000000	13946.629000	3229	0
pl1.rcc.uottawa.ca_planetlab-03.cs.princeton.edu_5091 2	3296.579000	10672.080000	0.011000	0.000000	13968.670000	3223	0
pl1.rcc.uottawa.ca_planetlab-03.cs.princeton.edu_5092 2	3296.791000	10674.803000	0.011000	0.000000	13971.605000	3227	0
pl1.rcc.uottawa.ca_planetlab-03.cs.princeton.edu_5094 2	3300.178000	10679.723000	0.009000	0.000000	13979.910000	3230	0
pl1.rcc.uottawa.ca_planetlab-03.cs.princeton.edu_5096 2	3305.230000	10694.863000	0.010000	0.000000	14000.103000	3231	0
pl1.rcc.uottawa.ca_planetlab-03.cs.princeton.edu_5098 2	3313.041000	10713.310000	0.011000	0.000000	14026.362000	3233	0
node1.planetlab.albany.edu_planetlab-03.cs.princeton.edu_6123 3	10293.340000	3750.693000	0.026000	0.000000	14044.059000	3345	32
pl1.rcc.uottawa.ca_planetlab-03.cs.princeton.edu_5103 2	3320.032000	10734.172000	0.010000	0.000000	14054.214000	3237	0
node1.planetlab.albany.edu_planetlab-03.cs.princeton.edu_6139 3	10338.771000	3727.627000	0.022000	0.000000	14066.420000	3346	32
pl1.rcc.uottawa.ca_planetlab-03.cs.princeton.edu_5112 2	3337.683000	10780.562000	0.010000	0.000000	14118.255000	3242	0
pl1.rcc.uottawa.ca_planetlab-03.cs.princeton.edu_5115 2	3343.453000	10805.842000	0.010000	0.000000	14149.305000	3249	0
planetlab03.cs.washington.edu_planetlab-03.cs.princeton.edu_1665 2	6162.130000	7991.069000	0.020000	0.000000	14153.219000	3427	320
pl1.rcc.uottawa.ca_planetlab-03.cs.princeton.edu_5116 2	3344.663000	10811.548000	0.009000	0.000000	14156.220000	3252	0
pl1.rcc.uottawa.ca_planetlab-03.cs.princeton.edu_5119 2	3348.366000	10823.088000	0.012000	0.000000	14171.466000	3253	0
pl1.rcc.uottawa.ca_planetlab-03.cs.princeton.edu_5122 2	3359.014000	10825.019000	0.010000	0.000000	14184.043000	3255	0
pl1.rcc.uottawa.ca_planetlab-03.cs.princeton.edu_5124 2	3365.920000	10828.047000	0.010000	0.000000	14193.977000	3261	0
pl1.rcc.uottawa.ca_planetlab-03.cs.princeton.edu_5125 2	3366.739000	10827.264000	0.009000	0.000000	14194.012000	3263	0
node1.planetlab.albany.edu_planetlab-03.cs.princeton.edu_6203 3	10504.947000	3691.162000	0.020000	0.000000	14196.129000	3347	32
planetlab1.cs.unc.edu_planetlab-03.cs.princeton.edu_2151 2	14242.355000	0.439000	0.024000	0.000000	14242.818000	3591	528
node1.planetlab.albany.edu_planetlab-03.cs.princeton.edu_6232 3	10581.296000	3669.405000	0.017000	0.000000	14250.718000	3351	32
pl1.rcc.uottawa.ca_planetlab-03.cs.princeton.edu_5139 2	3383.769000	10872.299000	0.010000	0.000000	14256.078000	3269	0
node1.planetlab.albany.edu_planetlab-03.cs.princeton.edu_6256 3	10633.577000	3660.758000	0.018000	0.000000	14294.353000	3355	32
pl1.rcc.uottawa.ca_planetlab-03.cs.princeton.edu_5160 2	3422.936000	10937.461000	0.012000	0.000000	14360.409000	3274	0
planetlab03.cs.washington.edu_planetlab-03.cs.princeton.edu_1705 2	6253.329000	8173.694000	0.030000	0.000000	14427.053000	3580	320
pl1.rcc.uottawa.ca_planetlab-03.cs.princeton.edu_5188 2	3449.671000	11033.165000	0.012000	0.000000	14482.848000	3281	0
pl1.rcc.uottawa.ca_planetlab-03.cs.princeton.edu_5193 2	3453.432000	11048.554000	0.015000	0.000000	14502.001000	3284	0
pl1.rcc.uottawa.ca_planetlab-03.cs.princeton.edu_5203 2	3465.147000	11078.695000	0.011000	0.000000	14543.853000	3285	0
planetlab1.cs.unc.edu_planetlab-03.cs.princeton.edu_2197 2	14577.916000	0.278000	0.027000	0.000000	14578.221000	3698	528
pl1.rcc.uottawa.ca_planetlab-03.cs.princeton.edu_5212 2	3475.388000	11114.115000	0.009000	0.000000	14589.512000	3287	0
aguila2.lsi.upc.edu_planetlab-03.cs.princeton.edu_727 2	1793.609000	12834.414000	0.007000	0.000000	14628.030000	3405	576
planetlab1.mnlab.cti.depaul.edu_planetlab-03.cs.princeton.edu_1174 1	1908.430000	12743.901000	0.010000	0.000000	14652.341000	3492	1088
pl1.rcc.uottawa.ca_planetlab-03.cs.princeton.edu_5221 2	3497.258000	11211.730000	0.010000	0.000000	14708.998000	3293	0
pl1.rcc.uottawa.ca_planetlab-03.cs.princeton.edu_5222 2	3500.075000	11219.554000	0.010000	0.000000	14719.639000	3295	0
pl1.rcc.uottawa.ca_planetlab-03.cs.princeton.edu_5230 2	3517.710000	11240.184000	0.010000	0.000000	14757.904000	3297	0
pl1.rcc.uottawa.ca_planetlab-03.cs.princeton.edu_5231 2	3519.873000	11249.748000	0.009000	0.000000	14769.630000	3299	0
pl1.rcc.uottawa.ca_planetlab-03.cs.princeton.edu_5235 2	3528.100000	11293.874000	0.010000	0.000000	14821.984000	3298	0
pl1.rcc.uottawa.ca_planetlab-03.cs.princeton.edu_5236 2	3532.202000	11304.567000	0.009000	0.000000	14836.778000	3300	0
pl1.rcc.uottawa.ca_planetlab-03.cs.princeton.edu_5243 2	3542.637000	11332.166000	0.009000	0.000000	14874.812000	3301	0
pl1.rcc.uottawa.ca_planetlab-03.cs.princeton.edu_5255 2	3563.049000	11413.490000	0.011000	0.000000	14976.550000	3303	0
pl1.rcc.uottawa.ca_planetlab-03.cs.princeton.edu_5256 2	3563.613000	11422.998000	0.010000	0.000000	14986.621000	3304	0
planetlab1.cs.cornell.edu_planetlab-03.cs.princeton.edu_2072 3	15011.282000	0.068000	0.038000	0.000000	15011.388000	3506	1280
pl1.rcc.uottawa.ca_planetlab-03.cs.princeton.edu_5265 2	3583.275000	11450.145000	0.010000	0.000000	15033.430000	3306	0
pl1.rcc.uottawa.ca_planetlab-03.cs.princeton.edu_5270 2	3589.393000	11480.909000	0.010000	0.000000	15070.312000	3307	0
pl1.rcc.uottawa.ca_planetlab-03.cs.princeton.edu_5278 2	3598.741000	11534.401000	0.010000	0.000000	15133.152000	3309	0
pl1.rcc.uottawa.ca_planetlab-03.cs.princeton.edu_5297 2	3624.257000	11639.105000	0.009000	0.000000	15263.371000	3310	0
pl1.rcc.uottawa.ca_planetlab-03.cs.princeton.edu_5302 2	3628.401000	11678.010000	0.009000	0.000000	15306.420000	3312	0
pl1.rcc.uottawa.ca_planetlab-03.cs.princeton.edu_5306 2	3636.652000	11679.584000	0.009000	0.000000	15316.245000	3313	0
node1.planetlab.albany.edu_planetlab-03.cs.princeton.edu_6650 3	11275.931000	4054.345000	0.015000	0.000000	15330.291000	3379	32
pl1.rcc.uottawa.ca_planetlab-03.cs.princeton.edu_5316 2	3657.776000	11728.363000	0.011000	0.000000	15386.150000	3315	0
pl1.rcc.uottawa.ca_planetlab-03.cs.princeton.edu_5324 2	3663.475000	11754.728000	0.012000	0.000000	15418.215000	3317	0
pl1.rcc.uottawa.ca_planetlab-03.cs.princeton.edu_5336 2	3663.377000	11796.723000	0.323000	0.000000	15460.423000	3316	0
pl1.rcc.uottawa.ca_planetlab-03.cs.princeton.edu_5339 2	3669.548000	11794.033000	0.011000	0.000000	15463.592000	3318	0
pl1.rcc.uottawa.ca_planetlab-03.cs.princeton.edu_5352 2	3681.325000	11800.551000	0.013000	0.000000	15481.889000	3319	0
pl1.rcc.uottawa.ca_planetlab-03.cs.princeton.edu_5362 2	3688.359000	11820.590000	0.011000	0.000000	15508.960000	3321	0
pl1.rcc.uottawa.ca_planetlab-03.cs.princeton.edu_5374 2	3692.855000	11958.622000	0.011000	0.000000	15651.488000	3322	0
pl1.rcc.uottawa.ca_planetlab-03.cs.princeton.edu_5384 2	3712.452000	12008.527000	0.014000	0.000000	15720.993000	3324	0
planetlab1.mnlab.cti.depaul.edu_planetlab-03.cs.princeton.edu_1181 1	2132.315000	13602.860000	0.011000	0.000000	15735.186000	3537	1088
planetlab6.cs.duke.edu_planetlab-03.cs.princeton.edu_3237 4	12408.828000	3350.598000	0.024000	0.000000	15759.450000	3305	288
pl1.rcc.uottawa.ca_planetlab-03.cs.princeton.edu_5406 2	3724.981000	12117.623000	0.016000	0.000000	15842.620000	3325	0
pl1.rcc.uottawa.ca_planetlab-03.cs.princeton.edu_5416 2	3732.808000	12139.431000	0.020000	0.000000	15872.259000	3327	0
pl1.rcc.uottawa.ca_planetlab-03.cs.princeton.edu_5422 2	3732.786000	12164.234000	0.011000	0.000000	15897.031000	3328	0
pl1.rcc.uottawa.ca_planetlab-03.cs.princeton.edu_5460 2	3786.102000	12324.861000	0.009000	0.000000	16110.972000	3339	0
planetlab6.cs.duke.edu_planetlab-03.cs.princeton.edu_3399 4	12938.274000	3366.064000	0.171000	0.000000	16304.509000	3529	288
roam2.cs.ou.edu_planetlab-03.cs.princeton.edu_2822 2	7327.863000	9298.864000	0.018000	0.000000	16626.745000	3616	48
pl1.rcc.uottawa.ca_planetlab-03.cs.princeton.edu_5684 2	4079.154000	13413.281000	0.011000	0.000000	17492.446000	3349	0
planetlab4.rutgers.edu_planetlab-03.cs.princeton.edu_5610 2	16044.116000	1709.096000	0.025000	0.000000	17753.237000	3560	1024
pl1.rcc.uottawa.ca_planetlab-03.cs.princeton.edu_5749 2	4140.906000	13692.301000	0.015000	0.000000	17833.222000	3358	0
pl1.rcc.uottawa.ca_planetlab-03.cs.princeton.edu_5764 2	4158.486000	13745.297000	0.010000	0.000000	17903.793000	3361	0
pl1.rcc.uottawa.ca_planetlab-03.cs.princeton.edu_5771 2	4179.544000	13809.615000	0.016000	0.000000	17989.175000	3365	0
planetlab2.acis.ufl.edu_planetlab-03.cs.princeton.edu_3619 3	12758.266000	5245.773000	0.028000	0.000000	18004.067000	3150	1056
planetlab2.acis.ufl.edu_planetlab-03.cs.princeton.edu_3629 3	12769.547000	5250.453000	0.017000	0.000000	18020.017000	3214	1056
roam2.cs.ou.edu_planetlab-03.cs.princeton.edu_3124 2	8499.022000	9781.121000	0.019000	0.000000	18280.162000	3712	48
planetlab2.acis.ufl.edu_planetlab-03.cs.princeton.edu_3698 3	13051.825000	5235.748000	0.015000	0.000000	18287.588000	3342	1056
pl1.rcc.uottawa.ca_planetlab-03.cs.princeton.edu_5820 2	4274.072000	14168.768000	0.010000	0.000000	18442.850000	3374	0
pl1.rcc.uottawa.ca_planetlab-03.cs.princeton.edu_5824 2	4283.571000	14190.290000	0.009000	0.000000	18473.870000	3377	0
roam2.cs.ou.edu_planetlab-03.cs.princeton.edu_3209 2	8925.821000	9885.685000	0.014000	0.000000	18811.520000	3744	48
roam2.cs.ou.edu_planetlab-03.cs.princeton.edu_3213 2	8930.355000	9891.127000	0.016000	0.000000	18821.498000	3746	48
roam2.cs.ou.edu_planetlab-03.cs.princeton.edu_3215 2	8932.643000	9904.741000	0.016000	0.000000	18837.400000	3745	48
roam2.cs.ou.edu_planetlab-03.cs.princeton.edu_3233 2	8980.041000	9980.306000	0.018000	0.000000	18960.365000	3748	48
pl1.rcc.uottawa.ca_planetlab-03.cs.princeton.edu_5892 2	4388.878000	14634.880000	0.020000	0.000000	19023.778000	3380	0
roam2.cs.ou.edu_planetlab-03.cs.princeton.edu_3250 2	9007.174000	10047.508000	0.018000	0.000000	19054.700000	3752	48
pl1.rcc.uottawa.ca_planetlab-03.cs.princeton.edu_5907 2	4409.975000	14736.659000	0.011000	0.000000	19146.645000	3381	0
roam2.cs.ou.edu_planetlab-03.cs.princeton.edu_3282 2	9070.978000	10165.079000	0.018000	0.000000	19236.075000	3760	48
planetlab2.netlab.uky.edu_planetlab-03.cs.princeton.edu_4119 4	14333.824000	4945.682000	0.019000	0.000000	19279.525000	3564	544
pl1.rcc.uottawa.ca_planetlab-03.cs.princeton.edu_5942 2	4536.370000	14874.021000	0.010000	0.000000	19410.401000	3382	0
planetlab2.netlab.uky.edu_planetlab-03.cs.princeton.edu_4163 4	14603.718000	4813.236000	0.020000	0.000000	19416.974000	3652	544
pl1.rcc.uottawa.ca_planetlab-03.cs.princeton.edu_5973 2	4628.495000	15216.797000	0.010000	0.000000	19845.302000	3383	0
pl1.rcc.uottawa.ca_planetlab-03.cs.princeton.edu_5988 2	4676.137000	15328.240000	0.009000	0.000000	20004.386000	3386	0
pl1.rcc.uottawa.ca_planetlab-03.cs.princeton.edu_6045 2	4819.191000	15825.133000	0.012000	0.000000	20644.336000	3388	0
planetlab2.mnlab.cti.depaul.edu_planetlab-03.cs.princeton.edu_2359 3	20690.245000	0.082000	0.026000	0.000000	20690.353000	3205	1152
plab4.eece.ksu.edu_planetlab-03.cs.princeton.edu_2453 3	335.057000	20721.065000	0.008000	0.000000	21056.130000	3170	2080
pl1.rcc.uottawa.ca_planetlab-03.cs.princeton.edu_6095 2	4916.581000	16294.231000	0.012000	0.000000	21210.824000	3390	0
pl1.rcc.uottawa.ca_planetlab-03.cs.princeton.edu_6096 2	4915.533000	16297.443000	0.012000	0.000000	21212.988000	3391	0
pl1.rcc.uottawa.ca_planetlab-03.cs.princeton.edu_6102 2	4938.239000	16357.530000	0.011000	0.000000	21295.780000	3395	0
planetlab2.acis.ufl.edu_planetlab-03.cs.princeton.edu_4745 3	16999.260000	4466.685000	0.028000	0.000000	21465.973000	3517	1056
pl1.rcc.uottawa.ca_planetlab-03.cs.princeton.edu_6112 2	4964.336000	16561.510000	0.010000	0.000000	21525.856000	3397	0
pl1.rcc.uottawa.ca_planetlab-03.cs.princeton.edu_6143 2	5032.233000	16875.411000	0.011000	0.000000	21907.655000	3401	0
pl1.rcc.uottawa.ca_planetlab-03.cs.princeton.edu_6150 2	5049.798000	16961.099000	0.011000	0.000000	22010.908000	3403	0
pl1.rcc.uottawa.ca_planetlab-03.cs.princeton.edu_6151 2	5053.631000	16966.086000	0.011000	0.000000	22019.728000	3402	0
pl1.rcc.uottawa.ca_planetlab-03.cs.princeton.edu_6167 2	5081.749000	17096.286000	0.010000	0.000000	22178.045000	3407	0
planetlab2.cs.umass.edu_planetlab-03.cs.princeton.edu_1427 4	22226.952000	0.175000	0.024000	0.000000	22227.151000	3423	1408
pl1.rcc.uottawa.ca_planetlab-03.cs.princeton.edu_6208 2	5137.325000	17379.441000	0.011000	0.000000	22516.777000	3409	0
pl1.rcc.uottawa.ca_planetlab-03.cs.princeton.edu_6226 2	5172.435000	17557.183000	0.010000	0.000000	22729.628000	3412	0
pl1.rcc.uottawa.ca_planetlab-03.cs.princeton.edu_6234 2	5183.452000	17613.640000	0.139000	0.000000	22797.231000	3413	0
ebb.colgate.edu_planetlab-03.cs.princeton.edu_2164 4	22954.661000	0.074000	0.024000	0.000000	22954.759000	3555	1184
pl1.rcc.uottawa.ca_planetlab-03.cs.princeton.edu_6265 2	5228.674000	17880.596000	0.011000	0.000000	23109.281000	3415	0
pl1.rcc.uottawa.ca_planetlab-03.cs.princeton.edu_6085 2	7291.527000	16167.352000	0.013000	0.000000	23458.892000	3389	0
pl1.rcc.uottawa.ca_planetlab-03.cs.princeton.edu_6303 2	5291.608000	18204.131000	0.011000	0.000000	23495.750000	3419	0
pl1.rcc.uottawa.ca_planetlab-03.cs.princeton.edu_6309 2	5302.880000	18246.841000	0.012000	0.000000	23549.733000	3421	0
pl1.rcc.uottawa.ca_planetlab-03.cs.princeton.edu_6336 2	5349.556000	18425.467000	0.011000	0.000000	23775.034000	3425	0
pl1.rcc.uottawa.ca_planetlab-03.cs.princeton.edu_6344 2	5362.985000	18464.292000	0.010000	0.000000	23827.287000	3428	0
pl1.rcc.uottawa.ca_planetlab-03.cs.princeton.edu_6348 2	5374.500000	18478.098000	0.010000	0.000000	23852.608000	3429	0
pl1.rcc.uottawa.ca_planetlab-03.cs.princeton.edu_6366 2	5419.756000	18543.084000	0.011000	0.000000	23962.851000	3431	0
pl1.rcc.uottawa.ca_planetlab-03.cs.princeton.edu_6394 2	5488.105000	18652.036000	0.011000	0.000000	24140.152000	3435	0
pl1.rcc.uottawa.ca_planetlab-03.cs.princeton.edu_6398 2	5500.735000	18661.460000	0.009000	0.000000	24162.204000	3437	0
pl1.rcc.uottawa.ca_planetlab-03.cs.princeton.edu_6411 2	5531.150000	18729.062000	0.010000	0.000000	24260.222000	3440	0
pl1.rcc.uottawa.ca_planetlab-03.cs.princeton.edu_6423 2	5550.217000	18790.527000	0.011000	0.000000	24340.755000	3441	0
pl1.rcc.uottawa.ca_planetlab-03.cs.princeton.edu_6425 2	5553.559000	18794.375000	0.010000	0.000000	24347.944000	3443	0
planetlabpc2.upf.edu_planetlab-03.cs.princeton.edu_826 4	6895.629000	17542.072000	0.069000	0.000000	24437.770000	3741	2592
pl1.rcc.uottawa.ca_planetlab-03.cs.princeton.edu_6437 2	5576.859000	18865.106000	0.009000	0.000000	24441.974000	3444	0
pl1.rcc.uottawa.ca_planetlab-03.cs.princeton.edu_6439 2	5576.113000	18881.688000	0.010000	0.000000	24457.811000	3445	0
pl1.rcc.uottawa.ca_planetlab-03.cs.princeton.edu_6453 2	5596.897000	18948.972000	0.010000	0.000000	24545.879000	3446	0
pl1.rcc.uottawa.ca_planetlab-03.cs.princeton.edu_6461 2	5603.197000	19022.886000	0.010000	0.000000	24626.093000	3447	0
pl1.rcc.uottawa.ca_planetlab-03.cs.princeton.edu_6481 2	5626.070000	19201.764000	0.010000	0.000000	24827.844000	3449	0
pl1.rcc.uottawa.ca_planetlab-03.cs.princeton.edu_6489 2	5643.501000	19251.657000	0.011000	0.000000	24895.169000	3453	0
pl1.rcc.uottawa.ca_planetlab-03.cs.princeton.edu_6490 2	5642.298000	19253.744000	0.009000	0.000000	24896.051000	3452	0
pl1.rcc.uottawa.ca_planetlab-03.cs.princeton.edu_6491 2	5644.692000	19254.686000	0.010000	0.000000	24899.388000	3454	0
pl1.rcc.uottawa.ca_planetlab-03.cs.princeton.edu_6492 2	5652.547000	19264.233000	0.010000	0.000000	24916.790000	3455	0
node1.planetlab.albany.edu_planetlab-03.cs.princeton.edu_8225 3	14486.673000	10440.896000	0.090000	0.000000	24927.659000	3411	32
pl1.rcc.uottawa.ca_planetlab-03.cs.princeton.edu_6501 2	5666.618000	19294.695000	0.010000	0.000000	24961.323000	3457	0
planetlab1.rutgers.edu_planetlab-03.cs.princeton.edu_5199 3	13875.925000	11168.375000	0.048000	0.000000	25044.348000	3422	512
planetlab1.rutgers.edu_planetlab-03.cs.princeton.edu_5216 3	13972.052000	11108.732000	0.037000	0.000000	25080.821000	3426	512
planetlab1.rutgers.edu_planetlab-03.cs.princeton.edu_5255 3	14110.184000	11073.867000	0.061000	0.000000	25184.112000	3490	512
planetlab1.rutgers.edu_planetlab-03.cs.princeton.edu_5261 3	14119.342000	11081.687000	0.043000	0.000000	25201.072000	3521	512
planetlab1.rutgers.edu_planetlab-03.cs.princeton.edu_5263 3	14123.482000	11080.497000	0.053000	0.000000	25204.032000	3508	512
planetlab1.rutgers.edu_planetlab-03.cs.princeton.edu_5302 3	14258.937000	11066.581000	0.038000	0.000000	25325.556000	3594	512
planetlab1.rutgers.edu_planetlab-03.cs.princeton.edu_5358 3	14665.711000	10864.985000	0.050000	0.000000	25530.746000	3678	512
planetlab1.rutgers.edu_planetlab-03.cs.princeton.edu_5362 3	14671.983000	10862.719000	0.035000	0.000000	25534.737000	3714	512
planetlab1.rutgers.edu_planetlab-03.cs.princeton.edu_5365 3	14682.812000	10862.637000	0.096000	0.000000	25545.545000	3720	512
planetlab1.rutgers.edu_planetlab-03.cs.princeton.edu_5367 3	14686.569000	10862.947000	0.041000	0.000000	25549.557000	3722	512
plab4.eece.ksu.edu_planetlab-03.cs.princeton.edu_2502 3	1740.893000	23844.490000	0.010000	0.000000	25585.393000	3369	2080
node1.planetlab.albany.edu_planetlab-03.cs.princeton.edu_8467 3	14957.410000	10666.449000	0.018000	0.000000	25623.877000	3439	32
pl1.rcc.uottawa.ca_planetlab-03.cs.princeton.edu_6598 2	5843.114000	19826.593000	0.011000	0.000000	25669.718000	3487	0
planetlab1.rutgers.edu_planetlab-03.cs.princeton.edu_5377 3	14793.923000	10890.539000	0.046000	0.000000	25684.508000	3726	512
pl1.rcc.uottawa.ca_planetlab-03.cs.princeton.edu_6599 2	5857.108000	19832.930000	0.011000	0.000000	25690.049000	3489	0
planetlab1.rutgers.edu_planetlab-03.cs.princeton.edu_5379 3	14707.256000	10981.196000	0.028000	0.000000	25688.480000	3723	512
pl1.rcc.uottawa.ca_planetlab-03.cs.princeton.edu_6603 2	5854.762000	19852.978000	0.010000	0.000000	25707.750000	3488	0
planetlab1.rutgers.edu_planetlab-03.cs.princeton.edu_5392 3	14784.248000	10942.952000	0.103000	0.000000	25727.303000	3738	512
node1.planetlab.albany.edu_planetlab-03.cs.princeton.edu_8517 3	15045.770000	10692.712000	0.026000	0.000000	25738.508000	3461	32
planetlab1.rutgers.edu_planetlab-03.cs.princeton.edu_5412 3	14805.870000	10961.493000	0.051000	0.000000	25767.414000	3754	512
pl1.rcc.uottawa.ca_planetlab-03.cs.princeton.edu_6613 2	5877.063000	19893.594000	0.010000	0.000000	25770.667000	3491	0
planetlab1.rutgers.edu_planetlab-03.cs.princeton.edu_5420 3	14824.091000	10946.269000	0.035000	0.000000	25770.395000	3764	512
node1.planetlab.albany.edu_planetlab-03.cs.princeton.edu_8552 3	15115.651000	10702.713000	0.018000	0.000000	25818.382000	3475	32
pl1.rcc.uottawa.ca_planetlab-03.cs.princeton.edu_6621 2	5880.525000	19954.724000	0.010000	0.000000	25835.259000	3493	0
pl1.rcc.uottawa.ca_planetlab-03.cs.princeton.edu_6646 2	5992.859000	20025.112000	0.010000	0.000000	26017.981000	3497	0
pl1.rcc.uottawa.ca_planetlab-03.cs.princeton.edu_6671 2	6008.507000	20205.795000	0.010000	0.000000	26214.312000	3505	0
pl1.rcc.uottawa.ca_planetlab-03.cs.princeton.edu_6684 2	6011.175000	20289.627000	0.010000	0.000000	26300.812000	3509	0
flow.colgate.edu_planetlab-03.cs.princeton.edu_2646 2	7824.716000	18487.796000	0.018000	0.000000	26312.530000	3511	192
pl1.rcc.uottawa.ca_planetlab-03.cs.princeton.edu_6721 2	6060.559000	20534.161000	0.010000	0.000000	26594.730000	3518	0
pl1.rcc.uottawa.ca_planetlab-03.cs.princeton.edu_6766 2	6217.844000	20795.206000	0.009000	0.000000	27013.059000	3531	0
node1.planetlab.albany.edu_planetlab-03.cs.princeton.edu_9009 3	16181.248000	10870.482000	0.018000	0.000000	27051.748000	3568	32
node1.planetlab.albany.edu_planetlab-03.cs.princeton.edu_9078 3	16350.493000	10948.146000	0.020000	0.000000	27298.659000	3587	32
node1.planetlab.albany.edu_planetlab-03.cs.princeton.edu_9122 3	16437.138000	10957.302000	0.018000	0.000000	27394.458000	3601	32
node1.planetlab.albany.edu_planetlab-03.cs.princeton.edu_9124 3	16438.757000	10956.764000	0.015000	0.000000	27395.536000	3602	32
node1.planetlab.albany.edu_planetlab-03.cs.princeton.edu_9135 3	16460.485000	10960.576000	0.027000	0.000000	27421.088000	3603	32
node1.planetlab.albany.edu_planetlab-03.cs.princeton.edu_9151 3	16475.847000	10973.536000	0.031000	0.000000	27449.414000	3607	32
node1.planetlab.albany.edu_planetlab-03.cs.princeton.edu_9173 3	16516.622000	10971.304000	0.016000	0.000000	27487.942000	3611	32
pl1.rcc.uottawa.ca_planetlab-03.cs.princeton.edu_6833 2	6426.144000	21203.850000	0.010000	0.000000	27630.004000	3541	0
node1.planetlab.albany.edu_planetlab-03.cs.princeton.edu_9257 3	16757.258000	11083.560000	0.020000	0.000000	27840.838000	3629	32
node1.planetlab.albany.edu_planetlab-03.cs.princeton.edu_9290 3	16807.409000	11115.974000	0.017000	0.000000	27923.400000	3635	32
pl1.rcc.uottawa.ca_planetlab-03.cs.princeton.edu_6919 2	6629.205000	21622.866000	0.017000	0.000000	28252.088000	3549	0
node1.planetlab.albany.edu_planetlab-03.cs.princeton.edu_9394 3	17014.780000	11237.331000	0.018000	0.000000	28252.129000	3667	32
node1.planetlab.albany.edu_planetlab-03.cs.princeton.edu_9411 3	17045.630000	11263.872000	0.017000	0.000000	28309.519000	3672	32
planetlab-01.bu.edu_planetlab-03.cs.princeton.edu_3299 4	28427.253000	1.194000	0.018000	0.000000	28428.465000	3628	640
planetlab-01.bu.edu_planetlab-03.cs.princeton.edu_3302 4	28447.294000	0.597000	0.018000	0.000000	28447.909000	3673	640
plab4.eece.ksu.edu_planetlab-03.cs.princeton.edu_2511 3	2345.137000	26109.099000	0.009000	0.000000	28454.245000	3420	2080
planetlab-01.bu.edu_planetlab-03.cs.princeton.edu_3305 4	28458.854000	0.525000	0.018000	0.000000	28459.397000	3763	640
pl1.rcc.uottawa.ca_planetlab-03.cs.princeton.edu_6992 2	6721.357000	21777.033000	0.015000	0.000000	28498.405000	3553	0
pl1.rcc.uottawa.ca_planetlab-03.cs.princeton.edu_7078 2	6826.754000	21998.976000	0.021000	0.000000	28825.751000	3557	0
pl1.rcc.uottawa.ca_planetlab-03.cs.princeton.edu_7098 2	6864.270000	22065.216000	0.025000	0.000000	28929.511000	3562	0
pl1.rcc.uottawa.ca_planetlab-03.cs.princeton.edu_7177 2	6829.240000	22248.502000	0.018000	0.000000	29077.760000	3569	0
pl1.rcc.uottawa.ca_planetlab-03.cs.princeton.edu_7201 2	6853.280000	22313.239000	0.019000	0.000000	29166.538000	3572	0
pl1.rcc.uottawa.ca_planetlab-03.cs.princeton.edu_7218 2	6867.334000	22344.837000	0.014000	0.000000	29212.185000	3573	0
pl1.rcc.uottawa.ca_planetlab-03.cs.princeton.edu_7241 2	6887.741000	22397.571000	0.015000	0.000000	29285.327000	3575	0
plab4.eece.ksu.edu_planetlab-03.cs.princeton.edu_2517 3	2901.585000	26446.314000	0.009000	0.000000	29347.908000	3510	2080
pl1.rcc.uottawa.ca_planetlab-03.cs.princeton.edu_7295 2	6937.869000	22491.926000	0.014000	0.000000	29429.809000	3581	0
pl1.rcc.uottawa.ca_planetlab-03.cs.princeton.edu_7316 2	6960.700000	22530.197000	0.030000	0.000000	29490.927000	3584	0
pl1.rcc.uottawa.ca_planetlab-03.cs.princeton.edu_7325 2	6965.816000	22548.723000	0.014000	0.000000	29514.553000	3585	0
pl1.rcc.uottawa.ca_planetlab-03.cs.princeton.edu_7375 2	7023.686000	22667.619000	0.020000	0.000000	29691.325000	3592	0
pl1.rcc.uottawa.ca_planetlab-03.cs.princeton.edu_7383 2	7032.734000	22681.760000	0.028000	0.000000	29714.522000	3593	0
pl1.rcc.uottawa.ca_planetlab-03.cs.princeton.edu_7422 2	7070.646000	22753.716000	0.020000	0.000000	29824.382000	3595	0
pl1.rcc.uottawa.ca_planetlab-03.cs.princeton.edu_7426 2	7073.166000	22766.033000	0.023000	0.000000	29839.222000	3597	0
planetlab5.csee.usf.edu_planetlab-03.cs.princeton.edu_4284 3	30026.543000	0.726000	0.026000	0.000000	30027.295000	3691	608
pl1.rcc.uottawa.ca_planetlab-03.cs.princeton.edu_7505 2	7161.556000	22902.101000	0.019000	0.000000	30063.676000	3605	0
pl1.rcc.uottawa.ca_planetlab-03.cs.princeton.edu_7524 2	7179.579000	22927.094000	0.017000	0.000000	30106.690000	3606	0
pl1.rcc.uottawa.ca_planetlab-03.cs.princeton.edu_7578 2	7207.969000	22980.966000	0.025000	0.000000	30188.960000	3609	0
pl1.rcc.uottawa.ca_planetlab-03.cs.princeton.edu_7654 2	7274.339000	23104.350000	0.022000	0.000000	30378.711000	3621	0
pl1.rcc.uottawa.ca_planetlab-03.cs.princeton.edu_7680 2	7299.798000	23131.466000	0.019000	0.000000	30431.283000	3625	0
pl1.rcc.uottawa.ca_planetlab-03.cs.princeton.edu_7705 2	7323.166000	23162.478000	0.025000	0.000000	30485.669000	3633	0
pl1.rcc.uottawa.ca_planetlab-03.cs.princeton.edu_7745 2	7359.233000	23252.080000	0.017000	0.000000	30611.330000	3636	0
pl1.rcc.uottawa.ca_planetlab-03.cs.princeton.edu_7764 2	7380.490000	23278.456000	0.024000	0.000000	30658.970000	3637	0
pl1.rcc.uottawa.ca_planetlab-03.cs.princeton.edu_7783 2	7390.618000	23320.726000	0.016000	0.000000	30711.360000	3639	0
pl1.rcc.uottawa.ca_planetlab-03.cs.princeton.edu_7823 2	7438.961000	23432.352000	0.038000	0.000000	30871.351000	3645	0
flow.colgate.edu_planetlab-03.cs.princeton.edu_3038 2	9423.565000	21537.688000	0.020000	0.000000	30961.273000	3615	192
pl1.rcc.uottawa.ca_planetlab-03.cs.princeton.edu_7878 2	7482.870000	23540.727000	0.025000	0.000000	31023.622000	3653	0
pl1.rcc.uottawa.ca_planetlab-03.cs.princeton.edu_7890 2	7500.142000	23549.122000	0.017000	0.000000	31049.281000	3657	0
pl1.rcc.uottawa.ca_planetlab-03.cs.princeton.edu_7954 2	7575.860000	23656.670000	0.021000	0.000000	31232.551000	3665	0
pl1.rcc.uottawa.ca_planetlab-03.cs.princeton.edu_7962 2	7580.968000	23673.536000	0.023000	0.000000	31254.527000	3668	0
pl1.rcc.uottawa.ca_planetlab-03.cs.princeton.edu_7972 2	7597.008000	23680.558000	0.024000	0.000000	31277.590000	3669	0
pl1.rcc.uottawa.ca_planetlab-03.cs.princeton.edu_7976 2	7604.219000	23681.189000	0.020000	0.000000	31285.428000	3671	0
pl1.rcc.uottawa.ca_planetlab-03.cs.princeton.edu_8029 2	7650.723000	23789.858000	0.039000	0.000000	31440.620000	3677	0
node1.planetlab.albany.edu_planetlab-03.cs.princeton.edu_10367 3	18546.891000	12894.753000	0.021000	0.000000	31441.665000	3731	32
pl1.rcc.uottawa.ca_planetlab-03.cs.princeton.edu_8061 2	7683.703000	23839.033000	0.026000	0.000000	31522.762000	3681	0
pl1.rcc.uottawa.ca_planetlab-03.cs.princeton.edu_8090 2	7711.505000	23893.994000	0.016000	0.000000	31605.515000	3683	0
pl1.rcc.uottawa.ca_planetlab-03.cs.princeton.edu_8114 2	7744.139000	23942.223000	0.020000	0.000000	31686.382000	3684	0
pl1.rcc.uottawa.ca_planetlab-03.cs.princeton.edu_8147 2	7767.077000	24012.328000	0.018000	0.000000	31779.423000	3685	0
pl1.rcc.uottawa.ca_planetlab-03.cs.princeton.edu_8161 2	7781.904000	24028.547000	0.016000	0.000000	31810.467000	3687	0
pl1.rcc.uottawa.ca_planetlab-03.cs.princeton.edu_8215 2	7870.256000	24085.499000	0.030000	0.000000	31955.785000	3693	0
pl1.rcc.uottawa.ca_planetlab-03.cs.princeton.edu_8261 2	7928.751000	24155.764000	0.026000	0.000000	32084.541000	3696	0
pl1.rcc.uottawa.ca_planetlab-03.cs.princeton.edu_8315 2	7995.226000	24258.850000	0.028000	0.000000	32254.104000	3697	0
pl1.rcc.uottawa.ca_planetlab-03.cs.princeton.edu_8368 2	8069.878000	24352.764000	0.018000	0.000000	32422.660000	3699	0
pl1.rcc.uottawa.ca_planetlab-03.cs.princeton.edu_8398 2	8091.917000	24429.370000	0.021000	0.000000	32521.308000	3700	0
pl1.rcc.uottawa.ca_planetlab-03.cs.princeton.edu_8500 2	8190.187000	24715.521000	0.021000	0.000000	32905.729000	3701	0
pl1.rcc.uottawa.ca_planetlab-03.cs.princeton.edu_8515 2	8211.614000	24753.963000	0.022000	0.000000	32965.599000	3702	0
pl1.rcc.uottawa.ca_planetlab-03.cs.princeton.edu_8530 2	8233.080000	24785.663000	0.035000	0.000000	33018.778000	3703	0
pl1.rcc.uottawa.ca_planetlab-03.cs.princeton.edu_8622 2	8321.903000	25017.500000	0.033000	0.000000	33339.436000	3705	0
pl1.rcc.uottawa.ca_planetlab-03.cs.princeton.edu_8720 2	8415.168000	25297.484000	0.030000	0.000000	33712.682000	3708	0
pl1.rcc.uottawa.ca_planetlab-03.cs.princeton.edu_8736 2	8425.801000	25384.833000	0.017000	0.000000	33810.651000	3709	0
pl1.rcc.uottawa.ca_planetlab-03.cs.princeton.edu_8758 2	8449.547000	25445.578000	0.028000	0.000000	33895.153000	3711	0
planetlab1.cs.pitt.edu_planetlab-03.cs.princeton.edu_3991 4	34111.132000	0.395000	0.032000	0.000000	34111.559000	3586	384
planetlab1.cs.pitt.edu_planetlab-03.cs.princeton.edu_3993 4	34111.043000	0.174000	0.013000	0.000000	34111.230000	3648	384
planetlab1.cs.pitt.edu_planetlab-03.cs.princeton.edu_3995 4	34113.301000	0.477000	0.013000	0.000000	34113.791000	3650	384
planetlab1.cs.pitt.edu_planetlab-03.cs.princeton.edu_3997 4	34115.997000	0.023000	0.014000	0.000000	34116.034000	3651	384
planetlab1.cs.pitt.edu_planetlab-03.cs.princeton.edu_3999 4	34122.294000	1.046000	0.013000	0.000000	34123.353000	3654	384
planetlab1.cs.pitt.edu_planetlab-03.cs.princeton.edu_4001 4	34128.388000	0.445000	0.015000	0.000000	34128.848000	3658	384
planetlab1.cs.pitt.edu_planetlab-03.cs.princeton.edu_4003 4	34130.839000	0.148000	0.012000	0.000000	34130.999000	3666	384
planetlab1.cs.pitt.edu_planetlab-03.cs.princeton.edu_4005 4	34134.265000	0.222000	0.015000	0.000000	34134.502000	3682	384
pl1.rcc.uottawa.ca_planetlab-03.cs.princeton.edu_8826 2	8503.739000	25705.963000	0.021000	0.000000	34209.723000	3718	0
planetlab5.eecs.umich.edu_planetlab-03.cs.princeton.edu_4362 5	34303.792000	0.561000	0.063000	0.000000	34304.416000	3364	416
pl1.rcc.uottawa.ca_planetlab-03.cs.princeton.edu_8857 2	8533.486000	25875.486000	0.025000	0.000000	34408.997000	3721	0
pl1.rcc.uottawa.ca_planetlab-03.cs.princeton.edu_9004 2	8658.712000	26596.486000	0.058000	0.000000	35255.256000	3730	0
pl1.rcc.uottawa.ca_planetlab-03.cs.princeton.edu_9080 2	8738.310000	27091.589000	0.031000	0.000000	35829.930000	3732	0
pl1.rcc.uottawa.ca_planetlab-03.cs.princeton.edu_9138 2	8786.476000	27339.647000	0.025000	0.000000	36126.148000	3734	0
pl1.rcc.uottawa.ca_planetlab-03.cs.princeton.edu_9175 2	8823.025000	27473.088000	0.023000	0.000000	36296.136000	3735	0
pl1.rcc.uottawa.ca_planetlab-03.cs.princeton.edu_9224 2	8856.524000	27629.740000	0.019000	0.000000	36486.283000	3742	0
pl1.rcc.uottawa.ca_planetlab-03.cs.princeton.edu_9243 2	8875.703000	27675.852000	0.016000	0.000000	36551.571000	3743	0
pl1.rcc.uottawa.ca_planetlab-03.cs.princeton.edu_9264 2	8897.839000	27726.345000	0.020000	0.000000	36624.204000	3747	0
pl1.rcc.uottawa.ca_planetlab-03.cs.princeton.edu_9438 2	9055.670000	28245.836000	0.017000	0.000000	37301.523000	3765	0
pl1.rcc.uottawa.ca_planetlab-03.cs.princeton.edu_9456 2	9076.819000	28271.102000	0.017000	0.000000	37347.938000	3766	0
aguila2.lsi.upc.edu_planetlab-03.cs.princeton.edu_2004 2	13961.154000	23924.336000	0.012000	0.000000	37885.502000	3469	576
planetlab1.cs.uoregon.edu_planetlab-03.cs.princeton.edu_5181 3	12828.470000	30321.055000	0.033000	0.000000	43149.558000	3375	256
planetlab1.cs.uoregon.edu_planetlab-03.cs.princeton.edu_5186 3	12843.408000	30315.498000	0.035000	0.000000	43158.941000	3385	256
planetlab1.cs.uoregon.edu_planetlab-03.cs.princeton.edu_5191 3	12856.764000	30315.253000	0.028000	0.000000	43172.045000	3404	256
planetlab1.cs.uoregon.edu_planetlab-03.cs.princeton.edu_5252 3	13004.006000	30528.825000	0.025000	0.000000	43532.856000	3471	256
planetlab1.cs.uoregon.edu_planetlab-03.cs.princeton.edu_5263 3	13042.104000	30559.851000	0.022000	0.000000	43601.977000	3495	256
planetlab1.cs.uoregon.edu_planetlab-03.cs.princeton.edu_5266 3	13045.948000	30570.034000	0.016000	0.000000	43615.998000	3499	256
planetlab1.cs.uoregon.edu_planetlab-03.cs.princeton.edu_5270 3	13047.913000	30589.592000	0.023000	0.000000	43637.528000	3501	256
planetlab1.cs.uoregon.edu_planetlab-03.cs.princeton.edu_5276 3	13058.468000	30627.957000	0.038000	0.000000	43686.463000	3502	256
planetlab1.cs.uoregon.edu_planetlab-03.cs.princeton.edu_5278 3	13066.758000	30634.239000	0.035000	0.000000	43701.032000	3503	256
planetlab1.cs.uoregon.edu_planetlab-03.cs.princeton.edu_5280 3	13069.097000	30642.721000	0.020000	0.000000	43711.838000	3519	256
planetlab1.cs.uoregon.edu_planetlab-03.cs.princeton.edu_5312 3	13157.263000	30755.910000	0.024000	0.000000	43913.197000	3539	256
planetlab1.cs.uoregon.edu_planetlab-03.cs.princeton.edu_5318 3	13170.820000	30786.585000	0.039000	0.000000	43957.444000	3567	256
planetlab1.cs.uoregon.edu_planetlab-03.cs.princeton.edu_5372 3	13342.520000	31110.430000	0.032000	0.000000	44452.982000	3631	256
planetlab1.cs.uoregon.edu_planetlab-03.cs.princeton.edu_5511 3	13699.216000	31762.661000	0.017000	0.000000	45461.894000	3707	256
planetlab1.cs.uoregon.edu_planetlab-03.cs.princeton.edu_5513 3	13709.901000	31778.760000	0.047000	0.000000	45488.708000	3727	256
planetlab1.cs.uoregon.edu_planetlab-03.cs.princeton.edu_5530 3	13745.621000	31863.672000	0.054000	0.000000	45609.347000	3729	256
planetlab1.cs.uoregon.edu_planetlab-03.cs.princeton.edu_5562 3	13817.786000	32073.348000	0.018000	0.000000	45891.152000	3751	256
planetlab1.cs.uoregon.edu_planetlab-03.cs.princeton.edu_5571 3	13855.523000	32120.113000	0.032000	0.000000	45975.668000	3755	256
planetlab1.cs.uoregon.edu_planetlab-03.cs.princeton.edu_5574 3	13865.916000	32111.706000	0.046000	0.000000	45977.668000	3757	256
planetlab1.cs.uoregon.edu_planetlab-03.cs.princeton.edu_5576 3	13864.090000	32143.675000	0.031000	0.000000	46007.796000	3759	256
planetlab1.cs.uoregon.edu_planetlab-03.cs.princeton.edu_5579 3	13865.082000	32184.803000	0.020000	0.000000	46049.905000	3758	256
planetlab01.sys.virginia.edu_planetlab-03.cs.princeton.edu_2267 2	457.519000	47749.301000	0.025000	0.000000	48206.845000	3179	144
planetlab01.sys.virginia.edu_planetlab-03.cs.princeton.edu_2427 2	5840.839000	59121.021000	0.041000	0.000000	64961.901000	3243	144
planetlab01.sys.virginia.edu_planetlab-03.cs.princeton.edu_2454 2	6880.575000	60636.625000	0.028000	0.000000	67517.228000	3371	144
planetlab01.sys.virginia.edu_planetlab-03.cs.princeton.edu_2656 2	10733.634000	72698.902000	0.099000	0.000000	83432.635000	3627	144
planetlab7.flux.utah.edu_planetlab-03.cs.princeton.edu_2458 3	96290.224000	0.028000	0.023000	0.000000	96290.275000	3241	1536
planetlab7.flux.utah.edu_planetlab-03.cs.princeton.edu_2461 3	96312.378000	0.021000	0.018000	0.000000	96312.417000	3292	1536
planetlab7.flux.utah.edu_planetlab-03.cs.princeton.edu_2486 3	96470.451000	0.026000	0.027000	0.000000	96470.504000	3479	1536
planetlab1.cs.uiuc.edu_planetlab-03.cs.princeton.edu_8608 3	48169.593000	84292.488000	0.018000	0.000000	132462.099000	3148	128
planetlab1.cs.uiuc.edu_planetlab-03.cs.princeton.edu_8613 3	48559.352000	84147.406000	0.018000	0.000000	132706.776000	3208	128
planetlab1.cs.uiuc.edu_planetlab-03.cs.princeton.edu_8635 3	49453.646000	83697.740000	0.019000	0.000000	133151.405000	3216	128
planetlab1.cs.uiuc.edu_planetlab-03.cs.princeton.edu_8720 3	53931.251000	79989.498000	0.018000	0.000000	133920.767000	3224	128
planetlab1.cs.uiuc.edu_planetlab-03.cs.princeton.edu_8723 3	54138.558000	79984.042000	0.019000	0.000000	134122.619000	3225	128
planetlab1.cs.uiuc.edu_planetlab-03.cs.princeton.edu_8725 3	54223.057000	79985.379000	0.017000	0.000000	134208.453000	3226	128
planetlab1.cs.uiuc.edu_planetlab-03.cs.princeton.edu_8735 3	55374.165000	78942.402000	0.022000	0.000000	134316.589000	3228	128
planetlab1.cs.uiuc.edu_planetlab-03.cs.princeton.edu_8812 3	64840.118000	72697.681000	0.022000	0.000000	137537.821000	3238	128
planetlab1.cs.uiuc.edu_planetlab-03.cs.princeton.edu_8813 3	64930.108000	72623.718000	0.018000	0.000000	137553.844000	3256	128
planetlab1.cs.uiuc.edu_planetlab-03.cs.princeton.edu_8814 3	65367.605000	72433.198000	0.020000	0.000000	137800.823000	3283	128
planetlab1.cs.uiuc.edu_planetlab-03.cs.princeton.edu_8815 3	65394.258000	72421.044000	0.018000	0.000000	137815.320000	3288	128
planetlab1.cs.uiuc.edu_planetlab-03.cs.princeton.edu_8818 3	65700.815000	72183.769000	0.019000	0.000000	137884.603000	3335	128
planetlab1.cs.uiuc.edu_planetlab-03.cs.princeton.edu_8836 3	66401.210000	71715.399000	0.021000	0.000000	138116.630000	3336	128
planetlab1.cs.uiuc.edu_planetlab-03.cs.princeton.edu_8839 3	66788.309000	71858.637000	0.028000	0.000000	138646.974000	3344	128
planetlab1.cs.uiuc.edu_planetlab-03.cs.princeton.edu_8843 3	66845.919000	71861.955000	0.021000	0.000000	138707.895000	3352	128
planetlab1.cs.uiuc.edu_planetlab-03.cs.princeton.edu_8844 3	66843.863000	71883.436000	0.018000	0.000000	138727.317000	3353	128
planetlab1.cs.uiuc.edu_planetlab-03.cs.princeton.edu_8853 3	67433.511000	71650.218000	0.018000	0.000000	139083.747000	3354	128
planetlab1.cs.uiuc.edu_planetlab-03.cs.princeton.edu_8854 3	67433.802000	71685.005000	0.087000	0.000000	139118.894000	3356	128
planetlab1.cs.uiuc.edu_planetlab-03.cs.princeton.edu_8869 3	68788.560000	70524.012000	0.020000	0.000000	139312.592000	3384	128
planetlab1.cs.uiuc.edu_planetlab-03.cs.princeton.edu_8878 3	69320.245000	70045.893000	0.017000	0.000000	139366.155000	3416	128
planetlab1.cs.uiuc.edu_planetlab-03.cs.princeton.edu_8902 3	70601.015000	68980.393000	0.020000	0.000000	139581.428000	3442	128
planetlab1.cs.uiuc.edu_planetlab-03.cs.princeton.edu_8910 3	71161.468000	69188.499000	0.020000	0.000000	140349.987000	3456	128
planetlab1.cs.uiuc.edu_planetlab-03.cs.princeton.edu_8912 3	71314.035000	69271.245000	0.020000	0.000000	140585.300000	3464	128
planetlab1.cs.uiuc.edu_planetlab-03.cs.princeton.edu_8914 3	71365.011000	69286.888000	0.018000	0.000000	140651.917000	3465	128
planetlab1.cs.uiuc.edu_planetlab-03.cs.princeton.edu_8920 3	71634.913000	69363.608000	4.999000	0.000000	141003.520000	3466	128
planetlab1.cs.uiuc.edu_planetlab-03.cs.princeton.edu_8926 3	72042.100000	69127.580000	0.024000	0.000000	141169.704000	3468	128
planetlab1.cs.uiuc.edu_planetlab-03.cs.princeton.edu_8927 3	72124.102000	69062.131000	0.018000	0.000000	141186.251000	3472	128
planetlab1.cs.uiuc.edu_planetlab-03.cs.princeton.edu_8932 3	72603.901000	68622.584000	0.018000	0.000000	141226.503000	3473	128
planetlab1.cs.uiuc.edu_planetlab-03.cs.princeton.edu_8936 3	72977.347000	68299.609000	0.018000	0.000000	141276.974000	3474	128
planetlab1.cs.uiuc.edu_planetlab-03.cs.princeton.edu_8937 3	72976.551000	68300.552000	0.017000	0.000000	141277.120000	3476	128
planetlab1.cs.uiuc.edu_planetlab-03.cs.princeton.edu_8941 3	73039.337000	68233.366000	11.474000	0.000000	141284.177000	3480	128
planetlab1.cs.uiuc.edu_planetlab-03.cs.princeton.edu_8944 3	73362.033000	67951.542000	0.021000	0.000000	141313.596000	3481	128
planetlab1.cs.uiuc.edu_planetlab-03.cs.princeton.edu_8946 3	73518.723000	67818.518000	0.017000	0.000000	141337.258000	3482	128
planetlab1.cs.uiuc.edu_planetlab-03.cs.princeton.edu_8948 3	73622.721000	67739.505000	0.018000	0.000000	141362.244000	3483	128
planetlab1.cs.uiuc.edu_planetlab-03.cs.princeton.edu_8957 3	74169.955000	67265.480000	0.018000	0.000000	141435.453000	3484	128
planetlab1.cs.uiuc.edu_planetlab-03.cs.princeton.edu_8958 3	74688.263000	66785.404000	0.068000	0.000000	141473.735000	3485	128
planetlab1.cs.uiuc.edu_planetlab-03.cs.princeton.edu_8961 3	75061.495000	66450.488000	0.021000	0.000000	141512.004000	3486	128
planetlab1.cs.uiuc.edu_planetlab-03.cs.princeton.edu_8975 3	75448.614000	66301.407000	0.020000	0.000000	141750.041000	3496	128
planetlab1.cs.uiuc.edu_planetlab-03.cs.princeton.edu_8983 3	75574.311000	66355.932000	0.020000	0.000000	141930.263000	3504	128
planetlab1.cs.uiuc.edu_planetlab-03.cs.princeton.edu_8994 3	76216.922000	67347.443000	0.028000	0.000000	143564.393000	3512	128
planetlab1.cs.uiuc.edu_planetlab-03.cs.princeton.edu_9000 3	76436.325000	67353.774000	0.021000	0.000000	143790.120000	3513	128
planetlab1.cs.uiuc.edu_planetlab-03.cs.princeton.edu_9001 3	76541.359000	67273.353000	0.017000	0.000000	143814.729000	3514	128
planetlab1.cs.uiuc.edu_planetlab-03.cs.princeton.edu_9002 3	76609.859000	67219.314000	0.018000	0.000000	143829.191000	3516	128
planetlab1.cs.uiuc.edu_planetlab-03.cs.princeton.edu_9008 3	77736.821000	66187.343000	0.019000	0.000000	143924.183000	3528	128
planetlab1.cs.uiuc.edu_planetlab-03.cs.princeton.edu_9010 3	77810.819000	66129.551000	0.018000	0.000000	143940.388000	3536	128
planetlab1.cs.uiuc.edu_planetlab-03.cs.princeton.edu_9011 3	78146.036000	65818.576000	0.017000	0.000000	143964.629000	3544	128
planetlab1.cs.uiuc.edu_planetlab-03.cs.princeton.edu_9012 3	78218.098000	65761.278000	0.016000	0.000000	143979.392000	3545	128
planetlab1.cs.uiuc.edu_planetlab-03.cs.princeton.edu_9015 3	78583.095000	65449.549000	0.015000	0.000000	144032.659000	3546	128
planetlab1.cs.uiuc.edu_planetlab-03.cs.princeton.edu_9016 3	78611.884000	65430.428000	0.017000	0.000000	144042.329000	3548	128
planetlab1.cs.uiuc.edu_planetlab-03.cs.princeton.edu_9041 3	79918.470000	64479.812000	0.021000	0.000000	144398.303000	3565	128
planetlab1.cs.uiuc.edu_planetlab-03.cs.princeton.edu_9063 3	80762.385000	66043.783000	0.023000	0.000000	146806.191000	3576	128
planetlab1.cs.uiuc.edu_planetlab-03.cs.princeton.edu_9105 3	84017.583000	65689.583000	0.019000	0.000000	149707.185000	3632	128
planetlab1.cs.uiuc.edu_planetlab-03.cs.princeton.edu_9142 3	88923.313000	62472.363000	0.020000	0.000000	151395.696000	3736	128
planetlab4.rutgers.edu_planetlab-03.cs.princeton.edu_8949 2	222033.666000	0.110000	0.039000	0.000000	222033.815000	3582	1024
planetlab-2.usask.ca_planetlab-03.cs.princeton.edu_1658 2	222291.041000	1.839000	0.072000	0.000000	222292.952000	3600	1600
