planetlab2.acis.ufl.edu_planetlab2.acis.ufl.edu_644 0	0.280000	1185.283000	0.090000	0.000000	1185.653000	40226	1056
planetlab1.eecs.umich.edu_planetlab2.acis.ufl.edu_179 4	1323.091000	3.280000	0.072000	0.000000	1326.443000	40202	2304
planetlab2.acis.ufl.edu_planetlab2.acis.ufl.edu_698 0	0.310000	1527.407000	0.012000	0.000000	1527.729000	40279	1056
planetlab7.cs.duke.edu_planetlab2.acis.ufl.edu_243 3	1737.514000	0.228000	0.026000	0.000000	1737.768000	40276	2432
planetlab2.dtc.umn.edu_planetlab2.acis.ufl.edu_248 2	2073.120000	0.142000	0.024000	0.000000	2073.286000	40318	3072
planetlab2.acis.ufl.edu_planetlab2.acis.ufl.edu_801 0	0.477000	2187.262000	0.012000	0.000000	2187.751000	40381	1056
planetlabone.ccs.neu.edu_planetlab2.acis.ufl.edu_78 3	2259.431000	0.175000	0.023000	0.000000	2259.629000	40339	3200
planetlab2.dtc.umn.edu_planetlab2.acis.ufl.edu_278 2	2587.837000	0.025000	0.015000	0.000000	2587.877000	40397	3072
node1.planetlab.albany.edu_planetlab2.acis.ufl.edu_3014 1	1830.460000	2017.916000	0.017000	0.000000	3848.393000	40303	32
planetlab4.rutgers.edu_planetlab2.acis.ufl.edu_2006 1	1169.342000	2875.107000	0.031000	0.000000	4044.480000	40207	1024
planetlab4.rutgers.edu_planetlab2.acis.ufl.edu_2009 1	1204.201000	2840.235000	0.029000	0.000000	4044.465000	40212	1024
planetlab4.rutgers.edu_planetlab2.acis.ufl.edu_2055 1	2158.991000	1941.560000	0.029000	0.000000	4100.580000	40359	1024
planetlab4.rutgers.edu_planetlab2.acis.ufl.edu_2096 1	2751.198000	1387.011000	0.023000	0.000000	4138.232000	40452	1024
planetlab4.rutgers.edu_planetlab2.acis.ufl.edu_2102 1	2822.716000	1321.925000	0.035000	0.000000	4144.676000	40463	1024
planetlab4.rutgers.edu_planetlab2.acis.ufl.edu_2105 1	2841.392000	1314.045000	0.021000	0.000000	4155.458000	40465	1024
planetlab4.rutgers.edu_planetlab2.acis.ufl.edu_2111 1	2939.760000	1239.059000	0.029000	0.000000	4178.848000	40481	1024
planetlab4.rutgers.edu_planetlab2.acis.ufl.edu_2123 1	3022.566000	1176.012000	0.027000	0.000000	4198.605000	40496	1024
planetlab4.rutgers.edu_planetlab2.acis.ufl.edu_2125 1	3029.178000	1170.066000	0.038000	0.000000	4199.282000	40497	1024
planetlab4.rutgers.edu_planetlab2.acis.ufl.edu_2127 1	3052.586000	1148.696000	0.028000	0.000000	4201.310000	40499	1024
planetlab4.rutgers.edu_planetlab2.acis.ufl.edu_2131 1	3057.468000	1152.474000	0.012000	0.000000	4209.954000	40501	1024
planetlab4.rutgers.edu_planetlab2.acis.ufl.edu_2135 1	3071.145000	1148.725000	0.016000	0.000000	4219.886000	40505	1024
planetlab4.rutgers.edu_planetlab2.acis.ufl.edu_2137 1	3115.207000	1105.367000	0.029000	0.000000	4220.603000	40512	1024
planetlab4.rutgers.edu_planetlab2.acis.ufl.edu_2140 1	3147.886000	1085.647000	0.020000	0.000000	4233.553000	40516	1024
planetlab4.rutgers.edu_planetlab2.acis.ufl.edu_2142 1	3151.467000	1084.454000	0.015000	0.000000	4235.936000	40517	1024
planetlab4.rutgers.edu_planetlab2.acis.ufl.edu_2144 1	3155.075000	1089.772000	0.015000	0.000000	4244.862000	40518	1024
planetlab4.rutgers.edu_planetlab2.acis.ufl.edu_2150 1	3190.071000	1065.926000	0.022000	0.000000	4256.019000	40524	1024
planetlab4.rutgers.edu_planetlab2.acis.ufl.edu_2161 1	3237.565000	1033.104000	0.015000	0.000000	4270.684000	40532	1024
planetlab4.rutgers.edu_planetlab2.acis.ufl.edu_2165 1	3276.360000	1014.545000	0.013000	0.000000	4290.918000	40539	1024
planetlab4.rutgers.edu_planetlab2.acis.ufl.edu_2179 1	3336.201000	987.457000	0.016000	0.000000	4323.674000	40548	1024
planetlab4.rutgers.edu_planetlab2.acis.ufl.edu_2182 1	3414.739000	912.385000	0.029000	0.000000	4327.153000	40561	1024
planetlab5.williams.edu_planetlab2.acis.ufl.edu_712 4	1516.851000	2824.384000	0.015000	0.000000	4341.250000	40240	2112
planetlab4.rutgers.edu_planetlab2.acis.ufl.edu_2200 1	3719.838000	658.082000	0.023000	0.000000	4377.943000	40603	1024
planetlab4.rutgers.edu_planetlab2.acis.ufl.edu_2208 1	3780.518000	615.231000	0.020000	0.000000	4395.769000	40615	1024
planetlab4.rutgers.edu_planetlab2.acis.ufl.edu_2210 1	3845.346000	554.445000	0.034000	0.000000	4399.825000	40625	1024
planetlab4.rutgers.edu_planetlab2.acis.ufl.edu_2226 1	3919.792000	511.647000	0.018000	0.000000	4431.457000	40636	1024
planetlab4.rutgers.edu_planetlab2.acis.ufl.edu_2230 1	3958.914000	475.581000	0.020000	0.000000	4434.515000	40644	1024
planetlab4.rutgers.edu_planetlab2.acis.ufl.edu_2234 1	4027.777000	444.339000	0.025000	0.000000	4472.141000	40651	1024
planetlab4.rutgers.edu_planetlab2.acis.ufl.edu_2241 1	4176.738000	420.225000	0.028000	0.000000	4596.991000	40659	1024
planetlab4.rutgers.edu_planetlab2.acis.ufl.edu_2243 1	4213.023000	384.713000	0.034000	0.000000	4597.770000	40665	1024
planetlab4.rutgers.edu_planetlab2.acis.ufl.edu_2245 1	4213.486000	385.402000	0.096000	0.000000	4598.984000	40666	1024
planetlab4.rutgers.edu_planetlab2.acis.ufl.edu_2247 1	4221.919000	377.121000	0.030000	0.000000	4599.070000	40667	1024
planetlab4.rutgers.edu_planetlab2.acis.ufl.edu_2251 1	4249.859000	355.861000	0.022000	0.000000	4605.742000	40671	1024
planetlab4.rutgers.edu_planetlab2.acis.ufl.edu_2262 1	4391.359000	249.186000	0.033000	0.000000	4640.578000	40699	1024
earth.cs.brown.edu_planetlab2.acis.ufl.edu_2994 2	3329.205000	1342.297000	0.017000	0.000000	4671.519000	40256	96
planetlab4.rutgers.edu_planetlab2.acis.ufl.edu_2271 1	4373.905000	321.632000	0.029000	0.000000	4695.566000	40711	1024
planetlab4.rutgers.edu_planetlab2.acis.ufl.edu_2273 1	4382.813000	319.353000	0.021000	0.000000	4702.187000	40715	1024
planetlab4.rutgers.edu_planetlab2.acis.ufl.edu_2275 1	4410.519000	291.679000	0.036000	0.000000	4702.234000	40717	1024
planetlab4.rutgers.edu_planetlab2.acis.ufl.edu_2277 1	4416.281000	286.790000	0.020000	0.000000	4703.091000	40718	1024
planetlab4.rutgers.edu_planetlab2.acis.ufl.edu_2279 1	4416.983000	286.118000	0.015000	0.000000	4703.116000	40719	1024
planetlab4.rutgers.edu_planetlab2.acis.ufl.edu_2286 1	4518.141000	214.890000	0.024000	0.000000	4733.055000	40735	1024
planetlab4.rutgers.edu_planetlab2.acis.ufl.edu_2292 1	4679.404000	64.247000	0.033000	0.000000	4743.684000	40751	1024
planetlab-3.cmcl.cs.cmu.edu_planetlab2.acis.ufl.edu_920 1	3747.479000	1009.085000	0.048000	0.000000	4756.612000	40598	1568
planetlab4.rutgers.edu_planetlab2.acis.ufl.edu_2295 1	4681.780000	80.630000	0.015000	0.000000	4762.425000	40753	1024
planetlab4.rutgers.edu_planetlab2.acis.ufl.edu_2299 1	4764.052000	14.273000	0.024000	0.000000	4778.349000	40772	1024
planetlab4.rutgers.edu_planetlab2.acis.ufl.edu_2306 1	4832.172000	0.078000	0.037000	0.000000	4832.287000	40783	1024
planetlab4.rutgers.edu_planetlab2.acis.ufl.edu_2314 1	4986.244000	0.516000	0.195000	0.000000	4986.955000	40808	1024
planetlab1.cs.cornell.edu_planetlab2.acis.ufl.edu_1284 2	3960.297000	2220.220000	0.046000	0.000000	6180.563000	40193	1280
planetlab1.cs.cornell.edu_planetlab2.acis.ufl.edu_1288 2	3971.055000	2213.158000	0.046000	0.000000	6184.259000	40350	1280
planetlab1.cs.cornell.edu_planetlab2.acis.ufl.edu_1290 2	3973.990000	2211.680000	0.035000	0.000000	6185.705000	40427	1280
planetlab2.cs.uoregon.edu_planetlab2.acis.ufl.edu_744 1	4643.293000	1723.380000	0.027000	0.000000	6366.700000	40728	3104
planetlab-2.cmcl.cs.cmu.edu_planetlab2.acis.ufl.edu_1200 3	6397.882000	0.055000	0.049000	0.000000	6397.986000	40203	560
planetlab2.cs.pitt.edu_planetlab2.acis.ufl.edu_1479 3	7004.352000	0.141000	0.014000	0.000000	7004.507000	40314	304
vn5.cse.wustl.edu_planetlab2.acis.ufl.edu_949 3	5125.899000	1897.416000	0.022000	0.000000	7023.337000	40786	1344
planetlab2.cs.pitt.edu_planetlab2.acis.ufl.edu_1491 3	7184.339000	0.659000	0.015000	0.000000	7185.013000	40336	304
node1.planetlab.albany.edu_planetlab2.acis.ufl.edu_4452 1	4027.955000	3242.086000	0.017000	0.000000	7270.058000	40647	32
planetlab-1.cse.ohio-state.edu_planetlab2.acis.ufl.edu_322 4	2434.606000	5347.108000	0.029000	0.000000	7781.743000	40348	2560
planetlab7.flux.utah.edu_planetlab2.acis.ufl.edu_1142 2	4303.324000	3542.823000	0.026000	0.000000	7846.173000	40304	1536
planetlab7.flux.utah.edu_planetlab2.acis.ufl.edu_1147 2	4389.541000	3466.002000	0.015000	0.000000	7855.558000	40368	1536
planetlab7.flux.utah.edu_planetlab2.acis.ufl.edu_1159 2	4426.649000	3453.372000	0.019000	0.000000	7880.040000	40400	1536
planetlab7.flux.utah.edu_planetlab2.acis.ufl.edu_1177 2	4476.770000	3466.888000	0.023000	0.000000	7943.681000	40416	1536
planetlab7.flux.utah.edu_planetlab2.acis.ufl.edu_1188 2	4502.412000	3486.518000	0.014000	0.000000	7988.944000	40432	1536
planetlab7.flux.utah.edu_planetlab2.acis.ufl.edu_1190 2	4505.560000	3500.977000	0.016000	0.000000	8006.553000	40433	1536
planetlab7.flux.utah.edu_planetlab2.acis.ufl.edu_1194 2	4511.603000	3508.171000	0.016000	0.000000	8019.790000	40434	1536
planetlab7.flux.utah.edu_planetlab2.acis.ufl.edu_1196 2	4517.942000	3510.769000	0.015000	0.000000	8028.726000	40436	1536
planetlab7.flux.utah.edu_planetlab2.acis.ufl.edu_1200 2	4541.996000	3489.628000	0.015000	0.000000	8031.639000	40440	1536
node1.planetlab.albany.edu_planetlab2.acis.ufl.edu_4801 1	4479.401000	3609.883000	0.017000	0.000000	8089.301000	40723	32
planetlab2.cs.pitt.edu_planetlab2.acis.ufl.edu_1568 3	8415.154000	0.054000	0.018000	0.000000	8415.226000	40421	304
planetlab-2.cmcl.cs.cmu.edu_planetlab2.acis.ufl.edu_1276 3	8720.787000	0.172000	0.053000	0.000000	8721.012000	40323	560
planetlab-2.cmcl.cs.cmu.edu_planetlab2.acis.ufl.edu_1280 3	8801.453000	0.179000	0.039000	0.000000	8801.671000	40329	560
planetlab-2.cmcl.cs.cmu.edu_planetlab2.acis.ufl.edu_1282 3	8804.847000	0.100000	0.035000	0.000000	8804.982000	40330	560
planetlab-2.cmcl.cs.cmu.edu_planetlab2.acis.ufl.edu_1286 3	8842.964000	0.289000	0.040000	0.000000	8843.293000	40331	560
planetlab-2.cmcl.cs.cmu.edu_planetlab2.acis.ufl.edu_1291 3	8878.035000	0.166000	0.049000	0.000000	8878.250000	40335	560
planetlab2.dtc.umn.edu_planetlab2.acis.ufl.edu_1001 2	6304.351000	2741.222000	0.015000	0.000000	9045.588000	40574	3072
planetlab-2.cmcl.cs.cmu.edu_planetlab2.acis.ufl.edu_1298 3	9167.216000	0.620000	0.053000	0.000000	9167.889000	40347	560
planetlab-2.cmcl.cs.cmu.edu_planetlab2.acis.ufl.edu_1309 3	9409.187000	0.105000	0.040000	0.000000	9409.332000	40363	560
planetlab2.eecs.umich.edu_planetlab2.acis.ufl.edu_2307 5	5292.940000	4283.262000	0.062000	0.000000	9576.264000	40223	2048
planetlab2.cs.columbia.edu_planetlab2.acis.ufl.edu_1634 3	9627.611000	0.852000	0.081000	0.000000	9628.544000	40435	112
planetlab2.eecs.umich.edu_planetlab2.acis.ufl.edu_2336 5	5452.098000	4376.063000	0.074000	0.000000	9828.235000	40227	2048
planetlab-2.cmcl.cs.cmu.edu_planetlab2.acis.ufl.edu_1322 3	9977.129000	0.109000	0.051000	0.000000	9977.289000	40395	560
planetlab2.mnlab.cti.depaul.edu_planetlab2.acis.ufl.edu_1553 2	4654.658000	6624.794000	0.010000	0.000000	11279.462000	40266	1152
planetlab2.cs.pitt.edu_planetlab2.acis.ufl.edu_1674 3	11491.832000	0.041000	0.021000	0.000000	11491.894000	40710	304
planetlab2.mnlab.cti.depaul.edu_planetlab2.acis.ufl.edu_1644 2	5371.256000	6619.666000	0.010000	0.000000	11990.932000	40674	1152
planetlab2.eecs.umich.edu_planetlab2.acis.ufl.edu_2759 5	7619.108000	4472.716000	0.067000	0.000000	12091.891000	40259	2048
planetlab-01.bu.edu_planetlab2.acis.ufl.edu_2853 4	12166.658000	0.033000	0.022000	0.000000	12166.713000	40627	640
planetlab2.mnlab.cti.depaul.edu_planetlab2.acis.ufl.edu_1652 2	5588.674000	6627.098000	0.011000	0.000000	12215.783000	40758	1152
planetlab-01.cs.princeton.edu_planetlab2.acis.ufl.edu_866 4	12324.536000	1.655000	0.015000	0.000000	12326.206000	40529	816
roam2.cs.ou.edu_planetlab2.acis.ufl.edu_2763 2	3952.834000	9332.463000	0.020000	0.000000	13285.317000	40308	48
planetlab-03.cs.princeton.edu_planetlab2.acis.ufl.edu_3629 4	12521.002000	840.521000	0.023000	0.000000	13361.546000	40195	80
planetlab-03.cs.princeton.edu_planetlab2.acis.ufl.edu_3693 4	12941.335000	623.176000	0.016000	0.000000	13564.527000	40213	80
planetlab2.cs.columbia.edu_planetlab2.acis.ufl.edu_1981 3	13565.961000	25.437000	9.171000	0.000000	13600.569000	40691	112
planetlab1.eecs.umich.edu_planetlab2.acis.ufl.edu_1207 4	8095.923000	6278.788000	0.068000	0.000000	14374.779000	40377	2304
planetlab1.eecs.umich.edu_planetlab2.acis.ufl.edu_1250 4	8301.997000	6226.712000	0.064000	0.000000	14528.773000	40633	2304
roam2.cs.ou.edu_planetlab2.acis.ufl.edu_3036 2	5293.295000	9545.054000	0.019000	0.000000	14838.368000	40412	48
planetlab-2.cs.uh.edu_planetlab2.acis.ufl.edu_1218 5	14936.439000	0.034000	0.019000	0.000000	14936.492000	40215	784
planetlab-2.cs.uh.edu_planetlab2.acis.ufl.edu_1234 5	14993.140000	0.096000	0.026000	0.000000	14993.262000	40231	784
planetlab-2.cs.uh.edu_planetlab2.acis.ufl.edu_1240 5	15012.251000	0.476000	0.021000	0.000000	15012.748000	40243	784
planetlab-2.cs.uh.edu_planetlab2.acis.ufl.edu_1242 5	15023.755000	0.446000	0.026000	0.000000	15024.227000	40245	784
planetlab-2.cs.uh.edu_planetlab2.acis.ufl.edu_1244 5	15061.456000	0.483000	0.030000	0.000000	15061.969000	40246	784
planetlab-2.cs.uh.edu_planetlab2.acis.ufl.edu_1246 5	15061.636000	0.407000	0.024000	0.000000	15062.067000	40247	784
planetlab-2.cs.uh.edu_planetlab2.acis.ufl.edu_1248 5	15075.579000	0.096000	0.026000	0.000000	15075.701000	40255	784
planetlab-2.cs.uh.edu_planetlab2.acis.ufl.edu_1258 5	15144.276000	0.449000	0.034000	0.000000	15144.759000	40311	784
planetlab-2.cs.uh.edu_planetlab2.acis.ufl.edu_1268 5	15174.315000	0.034000	0.020000	0.000000	15174.369000	40375	784
roam2.cs.ou.edu_planetlab2.acis.ufl.edu_3146 2	5648.745000	9826.598000	0.020000	0.000000	15475.363000	40458	48
roam2.cs.ou.edu_planetlab2.acis.ufl.edu_3173 2	5803.965000	9849.558000	0.020000	0.000000	15653.543000	40479	48
roam2.cs.ou.edu_planetlab2.acis.ufl.edu_3177 2	5816.179000	9852.863000	0.017000	0.000000	15669.059000	40480	48
planetlab-03.cs.princeton.edu_planetlab2.acis.ufl.edu_4091 4	15747.933000	0.116000	0.017000	0.000000	15748.066000	40310	80
roam2.cs.ou.edu_planetlab2.acis.ufl.edu_3202 2	5952.937000	9878.092000	0.022000	0.000000	15831.051000	40495	48
roam2.cs.ou.edu_planetlab2.acis.ufl.edu_3211 2	5991.356000	9881.016000	0.018000	0.000000	15872.390000	40503	48
roam2.cs.ou.edu_planetlab2.acis.ufl.edu_3227 2	6034.372000	9952.753000	0.020000	0.000000	15987.145000	40507	48
planetlab1.cs.unc.edu_planetlab2.acis.ufl.edu_2824 4	16022.776000	0.038000	0.030000	0.000000	16022.844000	40261	528
roam2.cs.ou.edu_planetlab2.acis.ufl.edu_3234 2	6042.480000	9981.420000	0.017000	0.000000	16023.917000	40509	48
roam2.cs.ou.edu_planetlab2.acis.ufl.edu_3236 2	6043.023000	9983.978000	0.014000	0.000000	16027.015000	40510	48
roam2.cs.ou.edu_planetlab2.acis.ufl.edu_3244 2	6060.635000	10029.620000	0.017000	0.000000	16090.272000	40511	48
planetlab-03.cs.princeton.edu_planetlab2.acis.ufl.edu_4128 4	16138.109000	0.454000	0.019000	0.000000	16138.582000	40325	80
roam2.cs.ou.edu_planetlab2.acis.ufl.edu_3257 2	6079.228000	10076.432000	0.017000	0.000000	16155.677000	40514	48
roam2.cs.ou.edu_planetlab2.acis.ufl.edu_3272 2	6117.294000	10128.682000	0.020000	0.000000	16245.996000	40520	48
roam2.cs.ou.edu_planetlab2.acis.ufl.edu_3280 2	6131.891000	10158.996000	0.017000	0.000000	16290.904000	40522	48
roam2.cs.ou.edu_planetlab2.acis.ufl.edu_3284 2	6139.352000	10173.569000	0.018000	0.000000	16312.939000	40523	48
roam2.cs.ou.edu_planetlab2.acis.ufl.edu_3293 2	6155.260000	10199.024000	0.023000	0.000000	16354.307000	40526	48
planetlab-2.cs.uh.edu_planetlab2.acis.ufl.edu_1290 5	16372.104000	0.116000	0.035000	0.000000	16372.255000	40759	784
planetlab-03.cs.princeton.edu_planetlab2.acis.ufl.edu_4151 4	16435.400000	0.240000	0.032000	0.000000	16435.672000	40337	80
planetlab4.csee.usf.edu_planetlab2.acis.ufl.edu_950 3	7830.261000	8630.173000	0.018000	0.000000	16460.452000	40475	2624
planetlab1.rutgers.edu_planetlab2.acis.ufl.edu_4597 3	8298.803000	8190.252000	0.054000	0.000000	16489.109000	40286	512
roam2.cs.ou.edu_planetlab2.acis.ufl.edu_3321 2	6259.747000	10235.868000	0.017000	0.000000	16495.632000	40538	48
planetlab-03.cs.princeton.edu_planetlab2.acis.ufl.edu_4163 4	16542.668000	1.838000	0.017000	0.000000	16544.523000	40340	80
planetlab-03.cs.princeton.edu_planetlab2.acis.ufl.edu_4166 4	16556.554000	0.791000	0.018000	0.000000	16557.363000	40341	80
planetlab-03.cs.princeton.edu_planetlab2.acis.ufl.edu_4170 4	16591.931000	0.337000	0.016000	0.000000	16592.284000	40343	80
roam2.cs.ou.edu_planetlab2.acis.ufl.edu_3335 2	6365.675000	10226.304000	0.021000	0.000000	16592.000000	40554	48
roam2.cs.ou.edu_planetlab2.acis.ufl.edu_3349 2	6422.897000	10261.116000	0.020000	0.000000	16684.033000	40564	48
roam2.cs.ou.edu_planetlab2.acis.ufl.edu_3366 2	6546.783000	10247.445000	0.031000	0.000000	16794.259000	40575	48
roam2.cs.ou.edu_planetlab2.acis.ufl.edu_3370 2	6552.618000	10259.372000	0.015000	0.000000	16812.005000	40576	48
planetlab-03.cs.princeton.edu_planetlab2.acis.ufl.edu_4196 4	16848.005000	0.297000	0.019000	0.000000	16848.321000	40349	80
node2.planetlab.albany.edu_planetlab2.acis.ufl.edu_1004 3	16893.405000	0.025000	0.020000	0.000000	16893.450000	40490	1792
planetlabpc1.upf.edu_planetlab2.acis.ufl.edu_1166 3	8508.958000	8625.197000	0.023000	0.000000	17134.178000	40293	1216
roam2.cs.ou.edu_planetlab2.acis.ufl.edu_3425 2	6924.155000	10239.282000	0.028000	0.000000	17163.465000	40608	48
roam2.cs.ou.edu_planetlab2.acis.ufl.edu_3427 2	6925.510000	10243.517000	0.018000	0.000000	17169.045000	40609	48
roam2.cs.ou.edu_planetlab2.acis.ufl.edu_3429 2	6939.824000	10234.485000	0.022000	0.000000	17174.331000	40610	48
roam2.cs.ou.edu_planetlab2.acis.ufl.edu_3436 2	6975.084000	10245.367000	0.017000	0.000000	17220.468000	40612	48
roam2.cs.ou.edu_planetlab2.acis.ufl.edu_3446 2	7019.514000	10258.238000	0.020000	0.000000	17277.772000	40616	48
roam2.cs.ou.edu_planetlab2.acis.ufl.edu_3460 2	7104.476000	10234.872000	0.030000	0.000000	17339.378000	40624	48
roam2.cs.ou.edu_planetlab2.acis.ufl.edu_3484 2	7251.316000	10174.557000	0.022000	0.000000	17425.895000	40639	48
roam2.cs.ou.edu_planetlab2.acis.ufl.edu_3497 2	7369.384000	10109.545000	0.045000	0.000000	17478.974000	40650	48
planetlab-03.cs.princeton.edu_planetlab2.acis.ufl.edu_4276 4	17593.053000	0.084000	0.027000	0.000000	17593.164000	40373	80
roam2.cs.ou.edu_planetlab2.acis.ufl.edu_3541 2	7552.611000	10133.861000	0.018000	0.000000	17686.490000	40668	48
roam2.cs.ou.edu_planetlab2.acis.ufl.edu_3547 2	7582.628000	10134.901000	0.020000	0.000000	17717.549000	40672	48
cs-planetlab4.cs.surrey.sfu.ca_planetlab2.acis.ufl.edu_1263 6	18039.829000	0.026000	0.018000	0.000000	18039.873000	40354	464
planetlab-03.cs.princeton.edu_planetlab2.acis.ufl.edu_4357 4	18218.216000	0.044000	0.209000	0.000000	18218.469000	40405	80
roam2.cs.ou.edu_planetlab2.acis.ufl.edu_3689 2	8414.126000	9897.307000	0.019000	0.000000	18311.452000	40756	48
roam2.cs.ou.edu_planetlab2.acis.ufl.edu_3708 2	8524.588000	9852.884000	0.021000	0.000000	18377.493000	40767	48
planetlab5.williams.edu_planetlab2.acis.ufl.edu_1754 4	3907.515000	14481.369000	0.016000	0.000000	18388.900000	40367	2112
roam2.cs.ou.edu_planetlab2.acis.ufl.edu_3729 2	8630.064000	9827.341000	0.019000	0.000000	18457.424000	40778	48
roam2.cs.ou.edu_planetlab2.acis.ufl.edu_3734 2	8688.109000	9792.393000	0.019000	0.000000	18480.521000	40788	48
planetlab1.cs.unc.edu_planetlab2.acis.ufl.edu_3016 4	18552.943000	0.203000	0.067000	0.000000	18553.213000	40429	528
roam2.cs.ou.edu_planetlab2.acis.ufl.edu_3754 2	8834.872000	9719.699000	0.017000	0.000000	18554.588000	40804	48
roam2.cs.ou.edu_planetlab2.acis.ufl.edu_3785 2	8932.237000	9739.804000	0.020000	0.000000	18672.061000	40816	48
planetlab-03.cs.princeton.edu_planetlab2.acis.ufl.edu_4411 4	18740.840000	0.801000	0.016000	0.000000	18741.657000	40425	80
planetlab1.cs.purdue.edu_planetlab2.acis.ufl.edu_1685 5	18835.358000	0.118000	0.028000	0.000000	18835.504000	40424	2208
planetlab1.williams.edu_planetlab2.acis.ufl.edu_1753 4	6161.527000	12675.809000	0.015000	0.000000	18837.351000	40462	2176
planetlab1.cs.unc.edu_planetlab2.acis.ufl.edu_3034 4	18840.114000	0.033000	0.026000	0.000000	18840.173000	40455	528
planetlab1.cs.unc.edu_planetlab2.acis.ufl.edu_3048 4	19023.299000	0.429000	0.033000	0.000000	19023.761000	40493	528
planetlab1.cs.unc.edu_planetlab2.acis.ufl.edu_3069 4	22126.987000	0.275000	0.041000	0.000000	22127.303000	40525	528
planetlab1.rutgers.edu_planetlab2.acis.ufl.edu_5212 3	11069.511000	11110.386000	0.049000	0.000000	22179.946000	40542	512
planetlab1.cs.unc.edu_planetlab2.acis.ufl.edu_3082 4	22212.451000	0.143000	0.030000	0.000000	22212.624000	40549	528
planetlab1.cs.unc.edu_planetlab2.acis.ufl.edu_3086 4	22245.010000	0.090000	0.021000	0.000000	22245.121000	40553	528
planetlab1.cs.unc.edu_planetlab2.acis.ufl.edu_3090 4	22283.000000	0.734000	0.028000	0.000000	22283.762000	40556	528
planetlab1.cs.unc.edu_planetlab2.acis.ufl.edu_3094 4	22301.716000	0.107000	0.034000	0.000000	22301.857000	40557	528
planetlab1.cs.unc.edu_planetlab2.acis.ufl.edu_3096 4	22318.993000	0.092000	0.023000	0.000000	22319.108000	40559	528
planetlab1.cs.unc.edu_planetlab2.acis.ufl.edu_3098 4	22318.818000	0.437000	0.018000	0.000000	22319.273000	40562	528
planetlab1.williams.edu_planetlab2.acis.ufl.edu_1892 4	7103.960000	15243.665000	0.017000	0.000000	22347.642000	40582	2176
planetlab1.williams.edu_planetlab2.acis.ufl.edu_1894 4	7111.839000	15237.029000	0.012000	0.000000	22348.880000	40586	2176
planetlab1.williams.edu_planetlab2.acis.ufl.edu_1897 4	7140.248000	15212.109000	0.015000	0.000000	22352.372000	40588	2176
planetlab1.williams.edu_planetlab2.acis.ufl.edu_1899 4	7152.078000	15206.399000	0.013000	0.000000	22358.490000	40590	2176
planetlab1.williams.edu_planetlab2.acis.ufl.edu_1902 4	7161.960000	15201.975000	0.014000	0.000000	22363.949000	40591	2176
planetlab1.cs.unc.edu_planetlab2.acis.ufl.edu_3105 4	22389.483000	0.402000	0.022000	0.000000	22389.907000	40573	528
planetlab1.williams.edu_planetlab2.acis.ufl.edu_1910 4	7227.783000	15167.575000	0.013000	0.000000	22395.371000	40622	2176
planetlab1.williams.edu_planetlab2.acis.ufl.edu_1907 4	7234.954000	15166.014000	0.015000	0.000000	22400.983000	40606	2176
planetlab2.umassd.edu_planetlab2.acis.ufl.edu_4466 3	8057.390000	14361.469000	0.055000	0.000000	22418.914000	40454	64
planetlab1.williams.edu_planetlab2.acis.ufl.edu_1921 4	7291.139000	15136.619000	0.016000	0.000000	22427.774000	40654	2176
planetlab1.williams.edu_planetlab2.acis.ufl.edu_1947 4	7421.115000	15049.923000	0.015000	0.000000	22471.053000	40765	2176
planetlab1.cs.unc.edu_planetlab2.acis.ufl.edu_3113 4	22520.639000	0.458000	0.025000	0.000000	22521.122000	40589	528
planetlab1.cs.unc.edu_planetlab2.acis.ufl.edu_3125 4	22799.324000	0.359000	0.033000	0.000000	22799.716000	40600	528
planetlab2.eecs.umich.edu_planetlab2.acis.ufl.edu_4022 5	16041.127000	6768.256000	0.336000	0.000000	22809.719000	40291	2048
planetlab-03.cs.princeton.edu_planetlab2.acis.ufl.edu_4778 4	22816.848000	0.451000	1.409000	0.000000	22818.708000	40469	80
pl1.rcc.uottawa.ca_planetlab2.acis.ufl.edu_6602 2	2993.948000	19848.494000	0.010000	0.000000	22842.452000	40225	0
planetlab1.cs.unc.edu_planetlab2.acis.ufl.edu_3144 4	22878.732000	0.125000	0.021000	0.000000	22878.878000	40613	528
planetlab2.eecs.umich.edu_planetlab2.acis.ufl.edu_4039 5	16086.269000	6835.903000	0.093000	0.000000	22922.265000	40295	2048
planetlab1.cs.unc.edu_planetlab2.acis.ufl.edu_3155 4	22941.017000	0.252000	0.033000	0.000000	22941.302000	40617	528
planetlab1.cs.unc.edu_planetlab2.acis.ufl.edu_3161 4	22961.003000	0.109000	0.020000	0.000000	22961.132000	40620	528
planetlab1.cs.unc.edu_planetlab2.acis.ufl.edu_3163 4	22963.630000	0.239000	0.020000	0.000000	22963.889000	40621	528
planetlab1.cs.unc.edu_planetlab2.acis.ufl.edu_3166 4	22977.689000	0.154000	0.025000	0.000000	22977.868000	40623	528
planetlab2.eecs.umich.edu_planetlab2.acis.ufl.edu_4057 5	16120.461000	6901.629000	0.073000	0.000000	23022.163000	40299	2048
planetlab2.umassd.edu_planetlab2.acis.ufl.edu_4601 3	8343.955000	14785.984000	0.018000	0.000000	23129.957000	40482	64
planetlab1.cs.unc.edu_planetlab2.acis.ufl.edu_3175 4	23128.077000	0.052000	0.018000	0.000000	23128.147000	40637	528
planetlab1.cs.unc.edu_planetlab2.acis.ufl.edu_3181 4	23179.985000	0.432000	0.033000	0.000000	23180.450000	40645	528
planetlab2.umassd.edu_planetlab2.acis.ufl.edu_4614 3	8365.014000	14861.222000	0.015000	0.000000	23226.251000	40484	64
planetlab2.eecs.umich.edu_planetlab2.acis.ufl.edu_4093 5	16230.349000	7016.108000	0.061000	0.000000	23246.518000	40307	2048
planetlab1.cs.unc.edu_planetlab2.acis.ufl.edu_3187 4	23241.575000	0.107000	0.027000	0.000000	23241.709000	40649	528
planetlab2.eecs.umich.edu_planetlab2.acis.ufl.edu_4096 5	16237.689000	7028.417000	0.076000	0.000000	23266.182000	40289	2048
planetlab1.cs.unc.edu_planetlab2.acis.ufl.edu_3197 4	23309.872000	0.038000	0.029000	0.000000	23309.939000	40652	528
planetlab2.eecs.umich.edu_planetlab2.acis.ufl.edu_4107 5	16268.530000	7060.395000	0.076000	0.000000	23329.001000	40290	2048
planetlab1.cs.unc.edu_planetlab2.acis.ufl.edu_3201 4	23333.000000	0.174000	0.023000	0.000000	23333.197000	40653	528
planetlab1.cs.unc.edu_planetlab2.acis.ufl.edu_3204 4	23352.225000	0.089000	0.031000	0.000000	23352.345000	40655	528
planetlab2.umassd.edu_planetlab2.acis.ufl.edu_4642 3	8421.058000	14963.099000	0.016000	0.000000	23384.173000	40486	64
planetlab2.umassd.edu_planetlab2.acis.ufl.edu_4644 3	8425.451000	14969.439000	0.016000	0.000000	23394.906000	40487	64
planetlab2.umassd.edu_planetlab2.acis.ufl.edu_4665 3	8526.207000	14962.770000	0.016000	0.000000	23488.993000	40494	64
planetlab2.umassd.edu_planetlab2.acis.ufl.edu_4674 3	8576.917000	14926.234000	0.015000	0.000000	23503.166000	40502	64
planetlab1.cs.unc.edu_planetlab2.acis.ufl.edu_3227 4	23564.262000	0.087000	0.022000	0.000000	23564.371000	40669	528
planetlab1.cs.unc.edu_planetlab2.acis.ufl.edu_3231 4	23567.872000	0.289000	0.019000	0.000000	23568.180000	40673	528
planetlab1.cs.unc.edu_planetlab2.acis.ufl.edu_3236 4	23583.608000	0.153000	0.025000	0.000000	23583.786000	40676	528
planetlab1.cs.unc.edu_planetlab2.acis.ufl.edu_3240 4	23595.258000	0.029000	0.018000	0.000000	23595.305000	40677	528
planetlab1.cs.unc.edu_planetlab2.acis.ufl.edu_3245 4	23618.470000	0.104000	0.023000	0.000000	23618.597000	40679	528
planetlab1.cs.unc.edu_planetlab2.acis.ufl.edu_3247 4	23619.158000	4.235000	0.014000	0.000000	23623.407000	40680	528
planetlab1.cs.unc.edu_planetlab2.acis.ufl.edu_3251 4	23622.872000	8.342000	0.023000	0.000000	23631.237000	40681	528
planetlab-03.cs.princeton.edu_planetlab2.acis.ufl.edu_4828 4	23675.626000	3.399000	0.132000	0.000000	23679.157000	40513	80
planetlab1.cs.unc.edu_planetlab2.acis.ufl.edu_3272 4	23881.836000	0.170000	0.035000	0.000000	23882.041000	40683	528
planetlab1.cs.unc.edu_planetlab2.acis.ufl.edu_3276 4	23898.948000	0.031000	0.024000	0.000000	23899.003000	40684	528
planetlab1.cs.unc.edu_planetlab2.acis.ufl.edu_3278 4	23916.773000	0.424000	0.023000	0.000000	23917.220000	40685	528
planetlab1.cs.unc.edu_planetlab2.acis.ufl.edu_3280 4	23930.975000	0.363000	0.019000	0.000000	23931.357000	40686	528
planetlab1.cs.unc.edu_planetlab2.acis.ufl.edu_3282 4	23931.478000	0.031000	0.017000	0.000000	23931.526000	40687	528
planetlab2.umassd.edu_planetlab2.acis.ufl.edu_4810 3	9091.805000	14902.593000	0.057000	0.000000	23994.455000	40550	64
planetlab1.cs.unc.edu_planetlab2.acis.ufl.edu_3293 4	24049.950000	0.039000	0.040000	0.000000	24050.029000	40693	528
planetlab1.cs.unc.edu_planetlab2.acis.ufl.edu_3302 4	24097.192000	0.087000	0.029000	0.000000	24097.308000	40697	528
planetlab1.cs.unc.edu_planetlab2.acis.ufl.edu_3310 4	24167.316000	0.440000	0.037000	0.000000	24167.793000	40700	528
planetlab1.cs.unc.edu_planetlab2.acis.ufl.edu_3319 4	24206.534000	0.316000	0.025000	0.000000	24206.875000	40701	528
planetlab1.cs.unc.edu_planetlab2.acis.ufl.edu_3333 4	24250.146000	0.170000	0.022000	0.000000	24250.338000	40703	528
planetlab-03.cs.princeton.edu_planetlab2.acis.ufl.edu_4922 4	24576.663000	1.586000	0.020000	0.000000	24578.269000	40581	80
planetlab1.rutgers.edu_planetlab2.acis.ufl.edu_6023 3	13942.557000	10851.634000	0.092000	0.000000	24794.283000	40734	512
planetlab1.cs.unc.edu_planetlab2.acis.ufl.edu_3463 4	24890.664000	0.181000	0.033000	0.000000	24890.878000	40761	528
planetlab1.rutgers.edu_planetlab2.acis.ufl.edu_6098 3	14056.988000	10889.787000	0.051000	0.000000	24946.826000	40782	512
planetlab1.rutgers.edu_planetlab2.acis.ufl.edu_6121 3	14118.410000	10873.751000	0.046000	0.000000	24992.207000	40790	512
planetlab-03.cs.princeton.edu_planetlab2.acis.ufl.edu_4963 4	24995.813000	1.542000	0.020000	0.000000	24997.375000	40593	80
planetlab1.rutgers.edu_planetlab2.acis.ufl.edu_6146 3	14174.127000	10853.348000	0.046000	0.000000	25027.521000	40794	512
planetlab1.rutgers.edu_planetlab2.acis.ufl.edu_6163 3	14204.586000	10863.080000	0.099000	0.000000	25067.765000	40796	512
planetlab1.rutgers.edu_planetlab2.acis.ufl.edu_6171 3	14216.023000	10866.109000	0.047000	0.000000	25082.179000	40798	512
planetlab2.eecs.umich.edu_planetlab2.acis.ufl.edu_4458 5	17798.823000	7304.502000	0.073000	0.000000	25103.398000	40320	2048
planetlab1.rutgers.edu_planetlab2.acis.ufl.edu_6180 3	14240.737000	10865.897000	0.031000	0.000000	25106.665000	40799	512
planetlab-1.cs.colostate.edu_planetlab2.acis.ufl.edu_900 5	7783.702000	17377.862000	0.028000	0.000000	25161.592000	40192	656
planetlab1.cs.unc.edu_planetlab2.acis.ufl.edu_3535 4	25214.242000	0.035000	0.025000	0.000000	25214.302000	40813	528
planetlab5.williams.edu_planetlab2.acis.ufl.edu_2042 4	6065.333000	19217.139000	0.019000	0.000000	25282.491000	40410	2112
planetlab-02.bu.edu_planetlab2.acis.ufl.edu_1387 4	13751.237000	11543.483000	0.020000	0.000000	25294.740000	40745	368
planetlab-03.cs.princeton.edu_planetlab2.acis.ufl.edu_4984 4	25342.640000	1.564000	0.023000	0.000000	25344.227000	40596	80
planetlab-03.cs.princeton.edu_planetlab2.acis.ufl.edu_4986 4	25396.944000	0.648000	0.018000	0.000000	25397.610000	40597	80
planetlab-1.cs.colostate.edu_planetlab2.acis.ufl.edu_988 5	10463.407000	14958.567000	0.025000	0.000000	25421.999000	40448	656
planetlab-03.cs.princeton.edu_planetlab2.acis.ufl.edu_4995 4	25499.301000	1.102000	0.022000	0.000000	25500.425000	40599	80
planetlab-1.cs.colostate.edu_planetlab2.acis.ufl.edu_1050 5	13466.466000	12084.874000	0.040000	0.000000	25551.380000	40704	656
planetlab-1.cs.colostate.edu_planetlab2.acis.ufl.edu_1052 5	13484.745000	12066.696000	0.021000	0.000000	25551.462000	40705	656
planetlab-1.cs.colostate.edu_planetlab2.acis.ufl.edu_1059 5	13549.856000	12022.025000	0.036000	0.000000	25571.917000	40706	656
planetlab-1.cs.colostate.edu_planetlab2.acis.ufl.edu_1062 5	13587.914000	12007.858000	0.026000	0.000000	25595.798000	40708	656
planetlab-1.cs.colostate.edu_planetlab2.acis.ufl.edu_1066 5	13607.385000	11995.148000	0.024000	0.000000	25602.557000	40712	656
planetlab-1.cs.colostate.edu_planetlab2.acis.ufl.edu_1069 5	13731.089000	11890.299000	0.027000	0.000000	25621.415000	40720	656
planetlab-1.cs.colostate.edu_planetlab2.acis.ufl.edu_1072 5	13860.784000	11766.855000	0.029000	0.000000	25627.668000	40736	656
planetlab-1.cs.colostate.edu_planetlab2.acis.ufl.edu_1079 5	14142.263000	11509.779000	0.036000	0.000000	25652.078000	40768	656
planetlab-03.cs.princeton.edu_planetlab2.acis.ufl.edu_5045 4	26070.985000	1.656000	0.020000	0.000000	26072.661000	40605	80
pl1.rcc.uottawa.ca_planetlab2.acis.ufl.edu_7193 2	3988.840000	22289.043000	0.022000	0.000000	26277.905000	40309	0
planetlab2.umassd.edu_planetlab2.acis.ufl.edu_5353 3	10505.470000	15905.756000	0.051000	0.000000	26411.277000	40614	64
pl1.rcc.uottawa.ca_planetlab2.acis.ufl.edu_7278 2	4065.416000	22462.535000	0.026000	0.000000	26527.977000	40321	0
planetlab-03.cs.princeton.edu_planetlab2.acis.ufl.edu_5117 4	26661.821000	0.396000	0.030000	0.000000	26662.247000	40619	80
planetlab-03.cs.princeton.edu_planetlab2.acis.ufl.edu_5148 4	27009.894000	0.141000	0.023000	0.000000	27010.058000	40629	80
pl1.rcc.uottawa.ca_planetlab2.acis.ufl.edu_7730 2	4488.191000	23212.833000	0.025000	0.000000	27701.049000	40351	0
pl1.rcc.uottawa.ca_planetlab2.acis.ufl.edu_7732 2	4490.349000	23213.310000	0.031000	0.000000	27703.690000	40352	0
pl1.rcc.uottawa.ca_planetlab2.acis.ufl.edu_7738 2	4492.865000	23213.170000	0.020000	0.000000	27706.055000	40353	0
planetlab-1.cse.ohio-state.edu_planetlab2.acis.ufl.edu_1346 4	16911.798000	10916.055000	0.031000	0.000000	27827.884000	40500	2560
pl1.rcc.uottawa.ca_planetlab2.acis.ufl.edu_7797 2	4553.760000	23378.948000	0.018000	0.000000	27932.726000	40355	0
pl1.rcc.uottawa.ca_planetlab2.acis.ufl.edu_7800 2	4554.951000	23389.220000	0.013000	0.000000	27944.184000	40357	0
pl1.rcc.uottawa.ca_planetlab2.acis.ufl.edu_7858 2	4608.689000	23483.380000	0.038000	0.000000	28092.107000	40361	0
planetlab-03.cs.princeton.edu_planetlab2.acis.ufl.edu_5209 4	28106.862000	1.869000	0.664000	0.000000	28109.395000	40661	80
pl1.rcc.uottawa.ca_planetlab2.acis.ufl.edu_7969 2	4729.767000	23685.631000	0.018000	0.000000	28415.416000	40369	0
planetlab-03.cs.princeton.edu_planetlab2.acis.ufl.edu_5223 4	28451.290000	0.263000	0.026000	0.000000	28451.579000	40670	80
vn4.cse.wustl.edu_planetlab2.acis.ufl.edu_3435 4	28742.641000	0.088000	0.033000	0.000000	28742.762000	40288	272
planetlab5.williams.edu_planetlab2.acis.ufl.edu_2340 4	7443.026000	21924.722000	0.018000	0.000000	29367.766000	40780	2112
planetlab4.williams.edu_planetlab2.acis.ufl.edu_1870 5	29449.237000	0.062000	0.029000	0.000000	29449.328000	40271	336
pl1.rcc.uottawa.ca_planetlab2.acis.ufl.edu_8505 2	5333.264000	24716.010000	0.025000	0.000000	30049.299000	40417	0
pl1.rcc.uottawa.ca_planetlab2.acis.ufl.edu_8555 2	5399.158000	24839.579000	0.036000	0.000000	30238.773000	40426	0
pl1.rcc.uottawa.ca_planetlab2.acis.ufl.edu_8727 2	5562.017000	25312.358000	0.034000	0.000000	30874.409000	40449	0
pl1.rcc.uottawa.ca_planetlab2.acis.ufl.edu_8819 2	5638.393000	25669.657000	0.020000	0.000000	31308.070000	40456	0
pl1.rcc.uottawa.ca_planetlab2.acis.ufl.edu_8837 2	5650.647000	25765.541000	0.017000	0.000000	31416.205000	40457	0
pl1.rcc.uottawa.ca_planetlab2.acis.ufl.edu_8851 2	5662.624000	25840.198000	0.020000	0.000000	31502.842000	40459	0
planetlab2.eecs.umich.edu_planetlab2.acis.ufl.edu_5829 5	25539.241000	5994.969000	0.077000	0.000000	31534.287000	40419	2048
planetlab3.williams.edu_planetlab2.acis.ufl.edu_1554 5	17373.965000	14219.016000	0.028000	0.000000	31593.009000	40333	400
planetlab2.eecs.umich.edu_planetlab2.acis.ufl.edu_5869 5	25696.402000	5976.169000	0.076000	0.000000	31672.647000	40437	2048
planetlab3.williams.edu_planetlab2.acis.ufl.edu_1594 5	20995.468000	10699.872000	0.030000	0.000000	31695.370000	40485	400
pl1.rcc.uottawa.ca_planetlab2.acis.ufl.edu_8886 2	5694.321000	26004.489000	0.020000	0.000000	31698.830000	40461	0
planetlab3.williams.edu_planetlab2.acis.ufl.edu_1628 5	22618.841000	9210.271000	0.016000	0.000000	31829.128000	40731	400
planetlab3.williams.edu_planetlab2.acis.ufl.edu_1634 5	22643.189000	9207.907000	0.014000	0.000000	31851.110000	40814	400
planetlab2.eecs.umich.edu_planetlab2.acis.ufl.edu_5925 5	25897.521000	5982.278000	0.074000	0.000000	31879.873000	40483	2048
planetlab2.eecs.umich.edu_planetlab2.acis.ufl.edu_5937 5	25965.128000	5955.858000	0.104000	0.000000	31921.090000	40488	2048
planetlab2.eecs.umich.edu_planetlab2.acis.ufl.edu_5983 5	26104.692000	5968.846000	0.078000	0.000000	32073.616000	40515	2048
planetlab2.eecs.umich.edu_planetlab2.acis.ufl.edu_5993 5	26154.852000	5951.088000	0.198000	0.000000	32106.138000	40528	2048
pl1.rcc.uottawa.ca_planetlab2.acis.ufl.edu_8969 2	5769.446000	26367.994000	0.034000	0.000000	32137.474000	40473	0
pl1.rcc.uottawa.ca_planetlab2.acis.ufl.edu_9105 2	5898.854000	27197.736000	0.028000	0.000000	33096.618000	40489	0
planetlab-03.cs.princeton.edu_planetlab2.acis.ufl.edu_5345 4	33421.411000	0.253000	0.050000	0.000000	33421.714000	40709	80
planetlab-03.cs.princeton.edu_planetlab2.acis.ufl.edu_5349 4	33474.938000	0.743000	0.028000	0.000000	33475.709000	40714	80
planetlab-03.cs.princeton.edu_planetlab2.acis.ufl.edu_5364 4	33673.478000	0.287000	0.025000	0.000000	33673.790000	40721	80
planetlab2.eecs.umich.edu_planetlab2.acis.ufl.edu_6380 5	27786.945000	5966.836000	0.079000	0.000000	33753.860000	40541	2048
planetlab-03.cs.princeton.edu_planetlab2.acis.ufl.edu_5370 4	33755.637000	1.178000	0.020000	0.000000	33756.835000	40724	80
planetlab-03.cs.princeton.edu_planetlab2.acis.ufl.edu_5375 4	33771.260000	0.961000	0.021000	0.000000	33772.242000	40725	80
planetlab-03.cs.princeton.edu_planetlab2.acis.ufl.edu_5376 4	33771.439000	0.906000	0.012000	0.000000	33772.357000	40727	80
planetlab2.eecs.umich.edu_planetlab2.acis.ufl.edu_6394 5	27876.856000	5912.458000	0.192000	0.000000	33789.506000	40545	2048
planetlab2.eecs.umich.edu_planetlab2.acis.ufl.edu_6407 5	27929.152000	5890.771000	0.077000	0.000000	33820.000000	40546	2048
planetlab-03.cs.princeton.edu_planetlab2.acis.ufl.edu_5384 4	33822.296000	0.426000	0.019000	0.000000	33822.741000	40733	80
planetlab2.eecs.umich.edu_planetlab2.acis.ufl.edu_6418 5	28019.752000	5827.720000	0.078000	0.000000	33847.550000	40547	2048
planetlab2.umassd.edu_planetlab2.acis.ufl.edu_6284 3	13227.313000	20630.141000	0.015000	0.000000	33857.469000	40742	64
planetlab2.eecs.umich.edu_planetlab2.acis.ufl.edu_6445 5	28254.576000	5649.184000	0.094000	0.000000	33903.854000	40551	2048
planetlab2.eecs.umich.edu_planetlab2.acis.ufl.edu_6464 5	28394.487000	5560.232000	0.091000	0.000000	33954.810000	40555	2048
planetlab2.eecs.umich.edu_planetlab2.acis.ufl.edu_6472 5	28418.070000	5564.487000	0.078000	0.000000	33982.635000	40563	2048
planetlab-03.cs.princeton.edu_planetlab2.acis.ufl.edu_5412 4	33992.536000	1.195000	0.017000	0.000000	33993.748000	40757	80
pl1.rcc.uottawa.ca_planetlab2.acis.ufl.edu_9359 2	6123.635000	28089.533000	0.019000	0.000000	34213.187000	40521	0
planetlab2.eecs.umich.edu_planetlab2.acis.ufl.edu_6553 5	29101.723000	5123.267000	0.079000	0.000000	34225.069000	40592	2048
planetlab03.cs.washington.edu_planetlab2.acis.ufl.edu_3677 4	11976.681000	22339.596000	0.031000	0.000000	34316.308000	40444	320
planetlab-03.cs.princeton.edu_planetlab2.acis.ufl.edu_5460 4	34398.727000	0.084000	0.022000	0.000000	34398.833000	40789	80
planetlab2.eecs.umich.edu_planetlab2.acis.ufl.edu_6626 5	29717.327000	4703.833000	0.077000	0.000000	34421.237000	40631	2048
planetlab2.eecs.umich.edu_planetlab2.acis.ufl.edu_6638 5	29876.447000	4579.784000	0.065000	0.000000	34456.296000	40640	2048
planetlab2.eecs.umich.edu_planetlab2.acis.ufl.edu_6672 5	30083.545000	4486.850000	0.075000	0.000000	34570.470000	40656	2048
planetlab2.eecs.umich.edu_planetlab2.acis.ufl.edu_6680 5	30154.557000	4446.510000	0.078000	0.000000	34601.145000	40657	2048
planetlab2.eecs.umich.edu_planetlab2.acis.ufl.edu_6692 5	30238.392000	4383.722000	0.069000	0.000000	34622.183000	40658	2048
planetlab2.eecs.umich.edu_planetlab2.acis.ufl.edu_6696 5	30245.247000	4383.684000	0.078000	0.000000	34629.009000	40660	2048
planetlab2.eecs.umich.edu_planetlab2.acis.ufl.edu_6708 5	30323.311000	4346.375000	0.081000	0.000000	34669.767000	40664	2048
planetlab2.eecs.umich.edu_planetlab2.acis.ufl.edu_6726 5	30415.871000	4318.106000	0.078000	0.000000	34734.055000	40675	2048
planetlab2.eecs.umich.edu_planetlab2.acis.ufl.edu_6736 5	30455.119000	4324.679000	0.078000	0.000000	34779.876000	40688	2048
planetlab2.eecs.umich.edu_planetlab2.acis.ufl.edu_6744 5	30498.470000	4295.671000	0.083000	0.000000	34794.224000	40707	2048
planetlab2.eecs.umich.edu_planetlab2.acis.ufl.edu_6751 5	30573.342000	4245.864000	0.080000	0.000000	34819.286000	40726	2048
planetlab2.eecs.umich.edu_planetlab2.acis.ufl.edu_6757 5	30603.992000	4232.143000	0.077000	0.000000	34836.212000	40737	2048
planetlab2.eecs.umich.edu_planetlab2.acis.ufl.edu_6759 5	30620.106000	4219.919000	0.079000	0.000000	34840.104000	40738	2048
planetlab2.eecs.umich.edu_planetlab2.acis.ufl.edu_6761 5	30634.196000	4209.439000	0.080000	0.000000	34843.715000	40739	2048
planetlab2.eecs.umich.edu_planetlab2.acis.ufl.edu_6767 5	30660.355000	4203.017000	0.079000	0.000000	34863.451000	40747	2048
planetlab2.eecs.umich.edu_planetlab2.acis.ufl.edu_6771 5	30688.436000	4185.173000	0.078000	0.000000	34873.687000	40755	2048
planetlab2.eecs.umich.edu_planetlab2.acis.ufl.edu_6769 5	30673.049000	4201.675000	0.081000	0.000000	34874.805000	40743	2048
planetlab2.eecs.umich.edu_planetlab2.acis.ufl.edu_6782 5	30753.001000	4165.151000	0.080000	0.000000	34918.232000	40769	2048
planetlab2.eecs.umich.edu_planetlab2.acis.ufl.edu_6784 5	30765.943000	4161.729000	0.072000	0.000000	34927.744000	40770	2048
planetlab2.eecs.umich.edu_planetlab2.acis.ufl.edu_6788 5	30782.070000	4150.494000	0.076000	0.000000	34932.640000	40771	2048
planetlab2.eecs.umich.edu_planetlab2.acis.ufl.edu_6794 5	30814.769000	4135.617000	0.080000	0.000000	34950.466000	40775	2048
planetlab2.eecs.umich.edu_planetlab2.acis.ufl.edu_6796 5	30828.125000	4143.328000	0.078000	0.000000	34971.531000	40779	2048
planetlab2.eecs.umich.edu_planetlab2.acis.ufl.edu_6805 5	30852.225000	4135.154000	0.078000	0.000000	34987.457000	40787	2048
planetlab2.eecs.umich.edu_planetlab2.acis.ufl.edu_6811 5	30899.008000	4123.595000	0.069000	0.000000	35022.672000	40800	2048
planetlab2.eecs.umich.edu_planetlab2.acis.ufl.edu_6814 5	30920.067000	4114.474000	0.305000	0.000000	35034.846000	40801	2048
planetlab2.eecs.umich.edu_planetlab2.acis.ufl.edu_6818 5	30927.576000	4118.697000	0.078000	0.000000	35046.351000	40802	2048
planetlab2.eecs.umich.edu_planetlab2.acis.ufl.edu_6823 5	30962.714000	4116.510000	0.077000	0.000000	35079.301000	40803	2048
planetlab2.eecs.umich.edu_planetlab2.acis.ufl.edu_6825 5	30978.020000	4102.789000	0.069000	0.000000	35080.878000	40806	2048
planetlab2.eecs.umich.edu_planetlab2.acis.ufl.edu_6829 5	30981.161000	4112.962000	0.080000	0.000000	35094.203000	40805	2048
planetlab4.williams.edu_planetlab2.acis.ufl.edu_1962 5	35114.002000	0.227000	0.031000	0.000000	35114.260000	40527	336
planetlab2.eecs.umich.edu_planetlab2.acis.ufl.edu_6835 5	31009.807000	4118.755000	0.079000	0.000000	35128.641000	40807	2048
planetlab2.eecs.umich.edu_planetlab2.acis.ufl.edu_6837 5	31027.082000	4108.636000	0.084000	0.000000	35135.802000	40809	2048
planetlab2.eecs.umich.edu_planetlab2.acis.ufl.edu_6840 5	31047.826000	4091.194000	0.075000	0.000000	35139.095000	40811	2048
planetlab2.eecs.umich.edu_planetlab2.acis.ufl.edu_6855 5	31113.596000	4077.103000	0.077000	0.000000	35190.776000	40818	2048
planetlab2.eecs.umich.edu_planetlab2.acis.ufl.edu_6864 5	31168.956000	4032.105000	0.069000	0.000000	35201.130000	40810	2048
planetlab2.eecs.umich.edu_planetlab2.acis.ufl.edu_6888 5	32547.041000	2741.847000	0.082000	0.000000	35288.970000	40815	2048
planetlab2.eecs.umich.edu_planetlab2.acis.ufl.edu_6895 5	32563.974000	2736.873000	0.041000	0.000000	35300.888000	40817	2048
vn4.cse.wustl.edu_planetlab2.acis.ufl.edu_3769 4	35439.793000	0.026000	0.021000	0.000000	35439.840000	40392	272
pl1.rcc.uottawa.ca_planetlab2.acis.ufl.edu_9679 2	6459.187000	29098.949000	0.019000	0.000000	35558.155000	40565	0
planetlab1.cs.uoregon.edu_planetlab2.acis.ufl.edu_4535 3	8366.879000	27322.790000	0.047000	0.000000	35689.716000	40403	256
planetlab2.eecs.umich.edu_planetlab2.acis.ufl.edu_6983 5	32900.239000	2795.498000	0.078000	0.000000	35695.815000	40819	2048
pl1.rcc.uottawa.ca_planetlab2.acis.ufl.edu_9842 2	6668.246000	30245.379000	0.034000	0.000000	36913.659000	40585	0
vn4.cse.wustl.edu_planetlab2.acis.ufl.edu_3849 4	37126.477000	0.096000	0.038000	0.000000	37126.611000	40451	272
vn4.cse.wustl.edu_planetlab2.acis.ufl.edu_3862 4	37617.576000	0.106000	0.030000	0.000000	37617.712000	40460	272
vn4.cse.wustl.edu_planetlab2.acis.ufl.edu_3881 4	37944.215000	0.119000	0.034000	0.000000	37944.368000	40468	272
vn4.cse.wustl.edu_planetlab2.acis.ufl.edu_3888 4	38055.061000	0.312000	0.018000	0.000000	38055.391000	40472	272
vn4.cse.wustl.edu_planetlab2.acis.ufl.edu_3904 4	38338.698000	0.027000	0.033000	0.000000	38338.758000	40476	272
vn4.cse.wustl.edu_planetlab2.acis.ufl.edu_3908 4	38397.707000	0.120000	0.031000	0.000000	38397.858000	40477	272
vn4.cse.wustl.edu_planetlab2.acis.ufl.edu_3911 4	38456.723000	0.030000	0.028000	0.000000	38456.781000	40478	272
pl1.rcc.uottawa.ca_planetlab2.acis.ufl.edu_10035 2	6913.902000	32137.691000	0.021000	0.000000	39051.614000	40607	0
vn4.cse.wustl.edu_planetlab2.acis.ufl.edu_3968 4	39543.258000	0.030000	0.043000	0.000000	39543.331000	40508	272
planetlab4.wail.wisc.edu_planetlab2.acis.ufl.edu_8378 3	21057.012000	18531.328000	0.021000	0.000000	39588.361000	40194	16
planetlab4.wail.wisc.edu_planetlab2.acis.ufl.edu_8391 3	21134.271000	18615.646000	0.023000	0.000000	39749.940000	40196	16
vn4.cse.wustl.edu_planetlab2.acis.ufl.edu_4008 4	40170.642000	0.042000	0.025000	0.000000	40170.709000	40540	272
vn4.cse.wustl.edu_planetlab2.acis.ufl.edu_4018 4	40285.087000	0.075000	0.025000	0.000000	40285.187000	40544	272
vn4.cse.wustl.edu_planetlab2.acis.ufl.edu_4030 4	40644.036000	0.158000	0.030000	0.000000	40644.224000	40566	272
planetlab1.cs.uoregon.edu_planetlab2.acis.ufl.edu_5268 3	10126.256000	30571.648000	0.047000	0.000000	40697.951000	40571	256
aguila1.lsi.upc.edu_planetlab2.acis.ufl.edu_1537 5	40963.538000	0.107000	0.036000	0.000000	40963.681000	40298	592
vn4.cse.wustl.edu_planetlab2.acis.ufl.edu_4042 4	41029.730000	0.088000	0.033000	0.000000	41029.851000	40577	272
vn4.cse.wustl.edu_planetlab2.acis.ufl.edu_4044 4	41049.695000	0.029000	0.028000	0.000000	41049.752000	40578	272
vn4.cse.wustl.edu_planetlab2.acis.ufl.edu_4046 4	41065.715000	0.030000	0.032000	0.000000	41065.777000	40579	272
vn4.cse.wustl.edu_planetlab2.acis.ufl.edu_4068 4	41490.597000	0.109000	0.029000	0.000000	41490.735000	40583	272
planetlab4.wail.wisc.edu_planetlab2.acis.ufl.edu_8438 3	21285.311000	20302.871000	0.020000	0.000000	41588.202000	40198	16
vn4.cse.wustl.edu_planetlab2.acis.ufl.edu_4084 4	41738.226000	0.241000	0.022000	0.000000	41738.489000	40587	272
vn4.cse.wustl.edu_planetlab2.acis.ufl.edu_4107 4	42131.543000	0.083000	0.032000	0.000000	42131.658000	40595	272
planetlab4.wail.wisc.edu_planetlab2.acis.ufl.edu_8495 3	21454.803000	21060.529000	0.022000	0.000000	42515.354000	40201	16
vn4.cse.wustl.edu_planetlab2.acis.ufl.edu_4131 4	42622.369000	0.104000	0.032000	0.000000	42622.505000	40604	272
planetlab4.wail.wisc.edu_planetlab2.acis.ufl.edu_8512 3	21532.534000	21158.480000	0.214000	0.000000	42691.228000	40204	16
planetlab4.wail.wisc.edu_planetlab2.acis.ufl.edu_8527 3	21597.704000	21198.438000	0.147000	0.000000	42796.289000	40205	16
planetlab4.wail.wisc.edu_planetlab2.acis.ufl.edu_8532 3	21619.443000	21225.051000	0.024000	0.000000	42844.518000	40206	16
vn4.cse.wustl.edu_planetlab2.acis.ufl.edu_4145 4	42902.227000	0.062000	0.031000	0.000000	42902.320000	40611	272
planetlab4.wail.wisc.edu_planetlab2.acis.ufl.edu_8549 3	21715.330000	21252.130000	0.029000	0.000000	42967.489000	40208	16
planetlab4.wail.wisc.edu_planetlab2.acis.ufl.edu_8558 3	21755.065000	21327.284000	0.037000	0.000000	43082.386000	40209	16
planetlab4.wail.wisc.edu_planetlab2.acis.ufl.edu_8587 3	21899.181000	21391.320000	0.027000	0.000000	43290.528000	40210	16
planetlab4.wail.wisc.edu_planetlab2.acis.ufl.edu_8602 3	21969.519000	21406.715000	0.030000	0.000000	43376.264000	40211	16
vn4.cse.wustl.edu_planetlab2.acis.ufl.edu_4175 4	43408.583000	0.043000	0.027000	0.000000	43408.653000	40630	272
vn4.cse.wustl.edu_planetlab2.acis.ufl.edu_4189 4	43680.190000	0.202000	0.031000	0.000000	43680.423000	40643	272
planetlab4.wail.wisc.edu_planetlab2.acis.ufl.edu_8639 3	22215.136000	21505.636000	0.022000	0.000000	43720.794000	40214	16
vn4.cse.wustl.edu_planetlab2.acis.ufl.edu_4193 4	43760.550000	0.279000	0.034000	0.000000	43760.863000	40648	272
pl1.rcc.uottawa.ca_planetlab2.acis.ufl.edu_10749 2	7670.627000	36097.980000	0.031000	0.000000	43768.638000	40682	0
planetlab4.wail.wisc.edu_planetlab2.acis.ufl.edu_8664 3	22287.159000	21692.146000	0.019000	0.000000	43979.324000	40216	16
vn4.cse.wustl.edu_planetlab2.acis.ufl.edu_4221 4	44163.154000	0.101000	0.031000	0.000000	44163.286000	40662	272
planetlab4.wail.wisc.edu_planetlab2.acis.ufl.edu_8674 3	22395.420000	21830.692000	0.022000	0.000000	44226.134000	40217	16
planetlab4.wail.wisc.edu_planetlab2.acis.ufl.edu_8677 3	22403.282000	21875.888000	0.022000	0.000000	44279.192000	40219	16
planetlab4.wail.wisc.edu_planetlab2.acis.ufl.edu_8678 3	22403.289000	21928.642000	0.014000	0.000000	44331.945000	40218	16
vn4.cse.wustl.edu_planetlab2.acis.ufl.edu_4241 4	44494.226000	0.028000	0.023000	0.000000	44494.277000	40678	272
aguila1.lsi.upc.edu_planetlab2.acis.ufl.edu_1592 5	44537.776000	0.142000	0.071000	0.000000	44537.989000	40642	592
vn4.cse.wustl.edu_planetlab2.acis.ufl.edu_4251 4	44748.754000	0.029000	0.032000	0.000000	44748.815000	40690	272
vn4.cse.wustl.edu_planetlab2.acis.ufl.edu_4259 4	44850.034000	0.064000	0.023000	0.000000	44850.121000	40692	272
vn4.cse.wustl.edu_planetlab2.acis.ufl.edu_4261 4	44886.661000	0.050000	0.029000	0.000000	44886.740000	40694	272
vn4.cse.wustl.edu_planetlab2.acis.ufl.edu_4263 4	44940.334000	0.063000	0.029000	0.000000	44940.426000	40695	272
vn4.cse.wustl.edu_planetlab2.acis.ufl.edu_4267 4	45053.694000	0.086000	0.029000	0.000000	45053.809000	40702	272
planetlab4.wail.wisc.edu_planetlab2.acis.ufl.edu_8462 3	24353.409000	20709.937000	0.016000	0.000000	45063.362000	40200	16
planetlab4.wail.wisc.edu_planetlab2.acis.ufl.edu_8722 3	22616.954000	22548.076000	0.034000	0.000000	45165.064000	40220	16
planetlab4.wail.wisc.edu_planetlab2.acis.ufl.edu_8725 3	22625.668000	22617.343000	0.030000	0.000000	45243.041000	40221	16
planetlab4.wail.wisc.edu_planetlab2.acis.ufl.edu_8780 3	22798.573000	23131.896000	0.026000	0.000000	45930.495000	40224	16
vn4.cse.wustl.edu_planetlab2.acis.ufl.edu_4321 4	46049.327000	0.032000	0.031000	0.000000	46049.390000	40732	272
planetlab4.wail.wisc.edu_planetlab2.acis.ufl.edu_8804 3	23082.293000	23160.453000	0.028000	0.000000	46242.774000	40228	16
planetlab4.wail.wisc.edu_planetlab2.acis.ufl.edu_8808 3	23112.548000	23174.732000	0.023000	0.000000	46287.303000	40229	16
planetlab1.cs.uoregon.edu_planetlab2.acis.ufl.edu_6005 3	12059.144000	34241.063000	0.038000	0.000000	46300.245000	40752	256
planetlab4.wail.wisc.edu_planetlab2.acis.ufl.edu_8813 3	23145.313000	23174.589000	0.033000	0.000000	46319.935000	40230	16
planetlab4.wail.wisc.edu_planetlab2.acis.ufl.edu_8822 3	23200.018000	23187.867000	0.028000	0.000000	46387.913000	40232	16
plab4.eece.ksu.edu_planetlab2.acis.ufl.edu_3446 6	8858.012000	37648.446000	0.014000	0.000000	46506.472000	40197	2080
pl1.rcc.uottawa.ca_planetlab2.acis.ufl.edu_11168 2	8063.802000	38503.732000	0.023000	0.000000	46567.557000	40713	0
planetlab4.wail.wisc.edu_planetlab2.acis.ufl.edu_8858 3	23312.833000	23310.788000	0.022000	0.000000	46623.643000	40233	16
planetlab4.wail.wisc.edu_planetlab2.acis.ufl.edu_8868 3	23345.352000	23367.547000	0.028000	0.000000	46712.927000	40234	16
planetlab1.cs.uoregon.edu_planetlab2.acis.ufl.edu_6089 3	12270.681000	34660.284000	0.039000	0.000000	46931.004000	40773	256
vn4.cse.wustl.edu_planetlab2.acis.ufl.edu_4368 4	47046.643000	0.107000	0.017000	0.000000	47046.767000	40776	272
planetlab4.wail.wisc.edu_planetlab2.acis.ufl.edu_8925 3	23475.295000	23648.979000	0.017000	0.000000	47124.291000	40236	16
planetlab4.wail.wisc.edu_planetlab2.acis.ufl.edu_8935 3	23491.051000	23685.550000	0.026000	0.000000	47176.627000	40237	16
planetlab4.wail.wisc.edu_planetlab2.acis.ufl.edu_8954 3	23541.307000	23760.839000	0.025000	0.000000	47302.171000	40238	16
planetlab4.wail.wisc.edu_planetlab2.acis.ufl.edu_8978 3	23615.546000	23872.285000	0.019000	0.000000	47487.850000	40239	16
planetlab4.wail.wisc.edu_planetlab2.acis.ufl.edu_9024 3	23767.326000	24021.709000	0.024000	0.000000	47789.059000	40242	16
planetlab4.wail.wisc.edu_planetlab2.acis.ufl.edu_9053 3	23870.571000	24094.463000	0.032000	0.000000	47965.066000	40244	16
planetlab4.wail.wisc.edu_planetlab2.acis.ufl.edu_9079 3	23950.147000	24253.951000	0.024000	0.000000	48204.122000	40248	16
planetlab4.wail.wisc.edu_planetlab2.acis.ufl.edu_9109 3	24033.744000	24334.149000	0.025000	0.000000	48367.918000	40249	16
planetlab4.wail.wisc.edu_planetlab2.acis.ufl.edu_9140 3	24133.165000	25332.881000	0.029000	0.000000	49466.075000	40252	16
planetlab4.wail.wisc.edu_planetlab2.acis.ufl.edu_9142 3	24133.471000	25385.213000	0.016000	0.000000	49518.700000	40253	16
planetlab4.wail.wisc.edu_planetlab2.acis.ufl.edu_9144 3	24161.868000	25382.981000	0.030000	0.000000	49544.879000	40254	16
planetlab4.wail.wisc.edu_planetlab2.acis.ufl.edu_9155 3	24238.883000	25474.986000	0.020000	0.000000	49713.889000	40257	16
planetlab4.wail.wisc.edu_planetlab2.acis.ufl.edu_9157 3	24262.817000	25508.663000	0.034000	0.000000	49771.514000	40258	16
planetlab4.wail.wisc.edu_planetlab2.acis.ufl.edu_9178 3	24388.205000	26055.208000	0.028000	0.000000	50443.441000	40260	16
planetlab4.wail.wisc.edu_planetlab2.acis.ufl.edu_9180 3	24411.782000	26084.345000	0.030000	0.000000	50496.157000	40262	16
planetlab4.wail.wisc.edu_planetlab2.acis.ufl.edu_9188 3	24435.081000	26630.516000	0.025000	0.000000	51065.622000	40264	16
planetlab4.wail.wisc.edu_planetlab2.acis.ufl.edu_9196 3	24473.444000	26737.608000	0.019000	0.000000	51211.071000	40265	16
planetlab4.wail.wisc.edu_planetlab2.acis.ufl.edu_9201 3	24494.699000	26822.781000	0.034000	0.000000	51317.514000	40267	16
planetlab4.wail.wisc.edu_planetlab2.acis.ufl.edu_9111 3	27035.558000	24369.662000	0.018000	0.000000	51405.238000	40250	16
planetlab4.wail.wisc.edu_planetlab2.acis.ufl.edu_9233 3	24605.672000	26974.430000	0.036000	0.000000	51580.138000	40268	16
planetlab4.wail.wisc.edu_planetlab2.acis.ufl.edu_9236 3	24607.278000	26972.937000	0.029000	0.000000	51580.244000	40269	16
planetlab4.wail.wisc.edu_planetlab2.acis.ufl.edu_9250 3	24631.035000	27065.662000	0.022000	0.000000	51696.719000	40270	16
planetlab4.wail.wisc.edu_planetlab2.acis.ufl.edu_9269 3	24669.672000	27165.780000	0.021000	0.000000	51835.473000	40272	16
planetlab4.wail.wisc.edu_planetlab2.acis.ufl.edu_9287 3	24744.388000	27203.145000	0.030000	0.000000	51947.563000	40273	16
planetlab4.wail.wisc.edu_planetlab2.acis.ufl.edu_9301 3	24802.059000	27222.089000	0.021000	0.000000	52024.169000	40274	16
planetlab4.wail.wisc.edu_planetlab2.acis.ufl.edu_9315 3	24886.641000	27230.039000	0.046000	0.000000	52116.726000	40275	16
planetlab4.wail.wisc.edu_planetlab2.acis.ufl.edu_9334 3	24998.396000	27237.091000	0.031000	0.000000	52235.518000	40277	16
planetlab4.wail.wisc.edu_planetlab2.acis.ufl.edu_9349 3	25061.866000	27275.740000	0.025000	0.000000	52337.631000	40278	16
planetlab4.wail.wisc.edu_planetlab2.acis.ufl.edu_9356 3	25084.480000	27300.989000	0.022000	0.000000	52385.491000	40280	16
planetlab4.wail.wisc.edu_planetlab2.acis.ufl.edu_9360 3	25098.901000	27305.724000	0.023000	0.000000	52404.648000	40281	16
planetlab4.wail.wisc.edu_planetlab2.acis.ufl.edu_9374 3	25192.219000	27308.441000	0.026000	0.000000	52500.686000	40282	16
planetlab4.wail.wisc.edu_planetlab2.acis.ufl.edu_9382 3	25257.363000	27301.947000	0.020000	0.000000	52559.330000	40283	16
planetlab4.wail.wisc.edu_planetlab2.acis.ufl.edu_9386 3	25275.562000	27324.964000	0.029000	0.000000	52600.555000	40284	16
planetlab4.wail.wisc.edu_planetlab2.acis.ufl.edu_9402 3	25355.626000	27336.174000	0.021000	0.000000	52691.821000	40285	16
planetlab4.wail.wisc.edu_planetlab2.acis.ufl.edu_9415 3	25435.660000	27352.088000	0.035000	0.000000	52787.783000	40287	16
planetlab4.wail.wisc.edu_planetlab2.acis.ufl.edu_9458 3	25681.489000	27345.651000	0.033000	0.000000	53027.173000	40294	16
planetlab4.wail.wisc.edu_planetlab2.acis.ufl.edu_9468 3	25740.557000	27326.082000	0.023000	0.000000	53066.662000	40296	16
planetlab4.wail.wisc.edu_planetlab2.acis.ufl.edu_9470 3	25750.267000	27322.014000	0.021000	0.000000	53072.302000	40297	16
planetlab4.wail.wisc.edu_planetlab2.acis.ufl.edu_9493 3	25940.453000	27217.308000	0.031000	0.000000	53157.792000	40300	16
planetlab4.wail.wisc.edu_planetlab2.acis.ufl.edu_9435 3	25826.548000	27349.394000	0.028000	0.000000	53175.970000	40292	16
planetlab4.wail.wisc.edu_planetlab2.acis.ufl.edu_9502 3	25969.689000	27223.074000	0.034000	0.000000	53192.797000	40301	16
planetlab4.wail.wisc.edu_planetlab2.acis.ufl.edu_9508 3	25987.534000	27237.355000	0.031000	0.000000	53224.920000	40302	16
planetlab4.wail.wisc.edu_planetlab2.acis.ufl.edu_9518 3	26037.988000	27233.127000	0.028000	0.000000	53271.143000	40305	16
planetlab4.wail.wisc.edu_planetlab2.acis.ufl.edu_9186 3	27430.202000	26175.625000	0.027000	0.000000	53605.854000	40263	16
planetlab4.wail.wisc.edu_planetlab2.acis.ufl.edu_9591 3	26342.347000	27372.040000	0.040000	0.000000	53714.427000	40312	16
planetlab4.wail.wisc.edu_planetlab2.acis.ufl.edu_9594 3	26354.300000	27363.445000	0.035000	0.000000	53717.780000	40313	16
planetlab4.wail.wisc.edu_planetlab2.acis.ufl.edu_9598 3	26366.161000	27401.423000	0.047000	0.000000	53767.631000	40315	16
planetlab4.wail.wisc.edu_planetlab2.acis.ufl.edu_9611 3	26421.835000	27413.639000	0.021000	0.000000	53835.495000	40316	16
planetlab4.wail.wisc.edu_planetlab2.acis.ufl.edu_9632 3	26464.534000	27509.945000	0.021000	0.000000	53974.500000	40317	16
planetlab4.wail.wisc.edu_planetlab2.acis.ufl.edu_9667 3	26548.639000	27649.552000	0.026000	0.000000	54198.217000	40322	16
planetlab4.wail.wisc.edu_planetlab2.acis.ufl.edu_9707 3	26644.338000	27837.287000	0.024000	0.000000	54481.649000	40324	16
planetlab4.wail.wisc.edu_planetlab2.acis.ufl.edu_9739 3	26735.248000	27927.024000	0.014000	0.000000	54662.286000	40327	16
planetlab4.wail.wisc.edu_planetlab2.acis.ufl.edu_9736 3	26985.568000	27890.948000	0.036000	0.000000	54876.552000	40326	16
planetlab4.wail.wisc.edu_planetlab2.acis.ufl.edu_9856 3	26997.643000	29548.227000	0.030000	0.000000	56545.900000	40332	16
planetlab4.wail.wisc.edu_planetlab2.acis.ufl.edu_9898 3	27081.438000	31044.791000	0.021000	0.000000	58126.250000	40334	16
planetlab4.wail.wisc.edu_planetlab2.acis.ufl.edu_9960 3	27184.592000	31866.025000	0.018000	0.000000	59050.635000	40338	16
planetlab4.wail.wisc.edu_planetlab2.acis.ufl.edu_10020 3	27423.066000	32393.671000	0.024000	0.000000	59816.761000	40345	16
planetlab4.wail.wisc.edu_planetlab2.acis.ufl.edu_10022 3	27426.656000	32399.407000	0.020000	0.000000	59826.083000	40346	16
plab4.eece.ksu.edu_planetlab2.acis.ufl.edu_5881 6	29301.699000	31733.442000	0.021000	0.000000	61035.162000	40374	2080
plab4.eece.ksu.edu_planetlab2.acis.ufl.edu_6100 6	31886.325000	29618.538000	0.023000	0.000000	61504.886000	40453	2080
planetlab4.wail.wisc.edu_planetlab2.acis.ufl.edu_10122 3	27951.185000	33700.896000	0.037000	0.000000	61652.118000	40356	16
planetlab4.wail.wisc.edu_planetlab2.acis.ufl.edu_10142 3	28064.199000	33812.158000	0.023000	0.000000	61876.380000	40358	16
planetlab4.wail.wisc.edu_planetlab2.acis.ufl.edu_10149 3	28110.065000	33854.148000	0.033000	0.000000	61964.246000	40360	16
planetlab4.wail.wisc.edu_planetlab2.acis.ufl.edu_10163 3	28194.153000	34074.453000	0.023000	0.000000	62268.629000	40362	16
planetlab4.wail.wisc.edu_planetlab2.acis.ufl.edu_10176 3	28280.893000	34140.166000	0.027000	0.000000	62421.086000	40364	16
planetlab4.wail.wisc.edu_planetlab2.acis.ufl.edu_10012 3	30368.538000	32389.814000	0.018000	0.000000	62758.370000	40342	16
planetlab4.wail.wisc.edu_planetlab2.acis.ufl.edu_10194 3	28583.316000	34334.639000	0.028000	0.000000	62917.983000	40366	16
planetlab4.wail.wisc.edu_planetlab2.acis.ufl.edu_10183 3	31306.983000	34188.512000	0.025000	0.000000	65495.520000	40365	16
planetlab4.wail.wisc.edu_planetlab2.acis.ufl.edu_10245 3	28458.171000	37271.658000	0.027000	0.000000	65729.856000	40370	16
planetlab4.wail.wisc.edu_planetlab2.acis.ufl.edu_10315 3	28661.116000	37444.178000	0.022000	0.000000	66105.316000	40371	16
planetlab4.wail.wisc.edu_planetlab2.acis.ufl.edu_10351 3	28778.138000	37576.895000	0.018000	0.000000	66355.051000	40376	16
planetlab4.wail.wisc.edu_planetlab2.acis.ufl.edu_10361 3	28824.720000	37597.662000	0.023000	0.000000	66422.405000	40378	16
planetlab4.wail.wisc.edu_planetlab2.acis.ufl.edu_10413 3	28997.183000	37855.718000	0.022000	0.000000	66852.923000	40379	16
planetlab4.wail.wisc.edu_planetlab2.acis.ufl.edu_10416 3	29005.440000	37869.896000	0.023000	0.000000	66875.359000	40380	16
planetlab4.wail.wisc.edu_planetlab2.acis.ufl.edu_10419 3	29006.207000	37899.150000	0.015000	0.000000	66905.372000	40382	16
planetlab4.wail.wisc.edu_planetlab2.acis.ufl.edu_10444 3	29058.497000	38098.674000	0.022000	0.000000	67157.193000	40384	16
planetlab4.wail.wisc.edu_planetlab2.acis.ufl.edu_10475 3	29122.245000	38170.610000	0.020000	0.000000	67292.875000	40386	16
planetlab4.wail.wisc.edu_planetlab2.acis.ufl.edu_10493 3	29169.141000	38217.695000	0.026000	0.000000	67386.862000	40387	16
planetlab4.wail.wisc.edu_planetlab2.acis.ufl.edu_10535 3	29311.607000	38327.968000	0.030000	0.000000	67639.605000	40388	16
planetlab4.wail.wisc.edu_planetlab2.acis.ufl.edu_10537 3	29313.774000	38327.941000	0.016000	0.000000	67641.731000	40389	16
planetlab4.wail.wisc.edu_planetlab2.acis.ufl.edu_10543 3	29323.461000	38365.260000	0.024000	0.000000	67688.745000	40390	16
planetlab4.wail.wisc.edu_planetlab2.acis.ufl.edu_10547 3	29331.047000	38366.124000	0.025000	0.000000	67697.196000	40391	16
planetlab4.wail.wisc.edu_planetlab2.acis.ufl.edu_10569 3	29381.828000	38447.117000	0.023000	0.000000	67828.968000	40393	16
planetlab4.wail.wisc.edu_planetlab2.acis.ufl.edu_10580 3	29400.752000	38503.197000	0.020000	0.000000	67903.969000	40394	16
planetlab4.wail.wisc.edu_planetlab2.acis.ufl.edu_10603 3	29434.357000	38606.824000	0.018000	0.000000	68041.199000	40396	16
planetlab4.wail.wisc.edu_planetlab2.acis.ufl.edu_10612 3	29454.259000	38638.170000	0.019000	0.000000	68092.448000	40398	16
planetlab4.wail.wisc.edu_planetlab2.acis.ufl.edu_10613 3	29455.720000	38642.090000	0.016000	0.000000	68097.826000	40399	16
planetlab4.wail.wisc.edu_planetlab2.acis.ufl.edu_10622 3	29504.246000	38640.732000	0.031000	0.000000	68145.009000	40401	16
planetlab4.wail.wisc.edu_planetlab2.acis.ufl.edu_10640 3	29543.262000	38698.518000	0.018000	0.000000	68241.798000	40402	16
planetlab4.wail.wisc.edu_planetlab2.acis.ufl.edu_10685 3	29686.919000	39801.149000	0.023000	0.000000	69488.091000	40404	16
planetlab4.wail.wisc.edu_planetlab2.acis.ufl.edu_10688 3	29690.937000	39842.481000	0.016000	0.000000	69533.434000	40406	16
planetlab4.wail.wisc.edu_planetlab2.acis.ufl.edu_10709 3	29738.949000	40002.920000	0.030000	0.000000	69741.899000	40407	16
planetlab4.wail.wisc.edu_planetlab2.acis.ufl.edu_10713 3	29748.021000	40046.405000	0.022000	0.000000	69794.448000	40408	16
planetlab4.wail.wisc.edu_planetlab2.acis.ufl.edu_10729 3	29783.515000	40175.145000	0.018000	0.000000	69958.678000	40409	16
planetlab4.wail.wisc.edu_planetlab2.acis.ufl.edu_10768 3	30011.582000	40274.322000	0.031000	0.000000	70285.935000	40414	16
planetlab4.wail.wisc.edu_planetlab2.acis.ufl.edu_10780 3	30116.126000	40357.377000	0.030000	0.000000	70473.533000	40411	16
planetlab4.wail.wisc.edu_planetlab2.acis.ufl.edu_10785 3	30137.833000	40378.602000	0.026000	0.000000	70516.461000	40418	16
planetlab4.wail.wisc.edu_planetlab2.acis.ufl.edu_10790 3	30190.506000	40378.205000	0.030000	0.000000	70568.741000	40420	16
planetlab4.wail.wisc.edu_planetlab2.acis.ufl.edu_10801 3	30220.409000	40436.579000	0.030000	0.000000	70657.018000	40422	16
planetlab4.wail.wisc.edu_planetlab2.acis.ufl.edu_10807 3	30233.961000	40443.579000	0.030000	0.000000	70677.570000	40423	16
planetlab4.wail.wisc.edu_planetlab2.acis.ufl.edu_10817 3	30300.705000	40429.430000	0.025000	0.000000	70730.160000	40428	16
planetlab4.wail.wisc.edu_planetlab2.acis.ufl.edu_10821 3	30323.253000	40437.594000	0.024000	0.000000	70760.871000	40430	16
planetlab4.wail.wisc.edu_planetlab2.acis.ufl.edu_10849 3	30537.627000	40410.809000	0.029000	0.000000	70948.465000	40438	16
planetlab4.wail.wisc.edu_planetlab2.acis.ufl.edu_10865 3	30616.895000	40443.349000	0.025000	0.000000	71060.269000	40442	16
planetlab4.wail.wisc.edu_planetlab2.acis.ufl.edu_10893 3	30971.271000	40349.228000	0.035000	0.000000	71320.534000	40450	16
planetlab4.wail.wisc.edu_planetlab2.acis.ufl.edu_10966 3	31865.308000	39922.078000	0.029000	0.000000	71787.415000	40464	16
planetlab4.wail.wisc.edu_planetlab2.acis.ufl.edu_10968 3	31888.437000	39901.316000	0.029000	0.000000	71789.782000	40466	16
planetlab4.wail.wisc.edu_planetlab2.acis.ufl.edu_10970 3	31905.520000	39884.816000	0.027000	0.000000	71790.363000	40467	16
planetlab4.wail.wisc.edu_planetlab2.acis.ufl.edu_10990 3	32226.391000	39661.301000	0.036000	0.000000	71887.728000	40470	16
planetlab4.wail.wisc.edu_planetlab2.acis.ufl.edu_10996 3	32383.529000	39518.749000	0.031000	0.000000	71902.309000	40474	16
planetlab4.wail.wisc.edu_planetlab2.acis.ufl.edu_11024 3	32907.381000	39125.170000	0.027000	0.000000	72032.578000	40413	16
planetlab4.wail.wisc.edu_planetlab2.acis.ufl.edu_11052 3	33345.448000	38860.055000	0.033000	0.000000	72205.536000	40492	16
planetlab4.wail.wisc.edu_planetlab2.acis.ufl.edu_11062 3	33499.910000	38743.427000	0.029000	0.000000	72243.366000	40498	16
planetlab4.wail.wisc.edu_planetlab2.acis.ufl.edu_11086 3	33765.338000	38586.069000	0.021000	0.000000	72351.428000	40506	16
planetlab4.wail.wisc.edu_planetlab2.acis.ufl.edu_11142 3	34474.077000	38136.854000	0.030000	0.000000	72610.961000	40530	16
planetlab4.wail.wisc.edu_planetlab2.acis.ufl.edu_11218 3	35385.234000	37663.639000	0.024000	0.000000	73048.897000	40558	16
planetlab4.wail.wisc.edu_planetlab2.acis.ufl.edu_11318 3	36368.693000	37586.269000	0.023000	0.000000	73954.985000	40580	16
planetlab4.wail.wisc.edu_planetlab2.acis.ufl.edu_10857 3	33570.938000	40444.945000	0.028000	0.000000	74015.911000	40441	16
planetlab4.wail.wisc.edu_planetlab2.acis.ufl.edu_11360 3	37634.448000	36525.048000	0.041000	0.000000	74159.537000	40537	16
planetlab4.wail.wisc.edu_planetlab2.acis.ufl.edu_11392 3	38256.004000	36053.595000	0.036000	0.000000	74309.635000	40594	16
planetlab4.wail.wisc.edu_planetlab2.acis.ufl.edu_11414 3	38729.206000	35663.443000	0.028000	0.000000	74392.677000	40602	16
planetlab4.wail.wisc.edu_planetlab2.acis.ufl.edu_11483 3	39744.707000	34838.587000	0.021000	0.000000	74583.315000	40618	16
