planetlab1.cs.cornell.edu_planetlab-01.ece.uprm.edu_1484 3	3246.185000	1519.685000	0.066000	0.000000	4765.936000	61600	1280
vn5.cse.wustl.edu_planetlab-01.ece.uprm.edu_1139 4	4806.866000	1092.329000	0.019000	0.000000	5899.214000	61583	1344
node2.planetlab.albany.edu_planetlab-01.ece.uprm.edu_931 2	6203.276000	0.172000	0.022000	0.000000	6203.470000	61943	1792
planetlab1.cs.cornell.edu_planetlab-01.ece.uprm.edu_1855 3	6859.711000	0.765000	0.036000	0.000000	6860.512000	62006	1280
planetlab1.cs.cornell.edu_planetlab-01.ece.uprm.edu_1865 3	6975.504000	0.429000	0.042000	0.000000	6975.975000	62019	1280
planetlab-3.cmcl.cs.cmu.edu_planetlab-01.ece.uprm.edu_1368 4	7282.732000	0.141000	0.069000	0.000000	7282.942000	61771	1568
planetlab7.flux.utah.edu_planetlab-01.ece.uprm.edu_1540 3	6504.472000	1159.593000	0.031000	0.000000	7664.096000	61965	1536
planetlab7.flux.utah.edu_planetlab-01.ece.uprm.edu_1558 3	6778.149000	941.154000	0.026000	0.000000	7719.329000	61989	1536
planetlab7.flux.utah.edu_planetlab-01.ece.uprm.edu_1564 3	6777.379000	955.465000	0.025000	0.000000	7732.869000	61993	1536
planetlab7.flux.utah.edu_planetlab-01.ece.uprm.edu_1568 3	6817.386000	927.996000	0.039000	0.000000	7745.421000	61996	1536
planetlab7.flux.utah.edu_planetlab-01.ece.uprm.edu_1570 3	6830.697000	925.186000	0.037000	0.000000	7755.920000	61997	1536
planetlab7.flux.utah.edu_planetlab-01.ece.uprm.edu_1574 3	6839.930000	923.225000	0.030000	0.000000	7763.185000	61999	1536
planetlab7.flux.utah.edu_planetlab-01.ece.uprm.edu_1591 3	6950.461000	892.358000	0.022000	0.000000	7842.841000	62013	1536
planetlab7.flux.utah.edu_planetlab-01.ece.uprm.edu_1607 3	7413.171000	456.672000	0.027000	0.000000	7869.870000	62061	1536
planetlab7.flux.utah.edu_planetlab-01.ece.uprm.edu_1614 3	8046.012000	0.069000	0.035000	0.000000	8046.116000	62125	1536
planetlab7.cs.duke.edu_planetlab-01.ece.uprm.edu_1255 4	8462.821000	0.293000	0.027000	0.000000	8463.141000	62089	2432
planetlab2.cs.columbia.edu_planetlab-01.ece.uprm.edu_1704 2	8654.028000	11.186000	0.118000	0.000000	8665.332000	61742	112
node1.planetlab.albany.edu_planetlab-01.ece.uprm.edu_6129 2	5695.882000	3737.394000	0.025000	0.000000	9433.301000	61646	32
planetlab1.cs.purdue.edu_planetlab-01.ece.uprm.edu_1419 2	9485.176000	0.383000	0.028000	0.000000	9485.587000	62005	2208
planetlab2.mnlab.cti.depaul.edu_planetlab-01.ece.uprm.edu_1561 3	3179.340000	6576.550000	0.014000	0.000000	9755.904000	61556	1152
planetlab2.mnlab.cti.depaul.edu_planetlab-01.ece.uprm.edu_1650 3	3774.906000	6603.169000	0.011000	0.000000	10378.086000	61675	1152
planetlab2.cs.uoregon.edu_planetlab-01.ece.uprm.edu_1077 2	10855.325000	0.167000	0.016000	0.000000	10855.508000	61637	3104
node1.planetlab.albany.edu_planetlab-01.ece.uprm.edu_6734 2	6796.512000	4207.771000	0.027000	0.000000	11004.310000	61722	32
planetlab2.mnlab.cti.depaul.edu_planetlab-01.ece.uprm.edu_1827 3	4600.992000	6613.762000	0.011000	0.000000	11214.765000	61759	1152
planetlab4.rutgers.edu_planetlab-01.ece.uprm.edu_5095 4	9800.101000	1578.647000	0.027000	0.000000	11378.775000	61586	1024
planetlab4.rutgers.edu_planetlab-01.ece.uprm.edu_5101 4	9808.154000	1581.255000	0.025000	0.000000	11389.434000	61593	1024
planetlab4.rutgers.edu_planetlab-01.ece.uprm.edu_5102 4	9807.273000	1585.051000	0.012000	0.000000	11392.336000	61621	1024
planetlab2.dtc.umn.edu_planetlab-01.ece.uprm.edu_1404 3	11438.352000	0.189000	0.025000	0.000000	11438.566000	61859	3072
planetlab4.rutgers.edu_planetlab-01.ece.uprm.edu_5133 4	10062.905000	1460.833000	0.029000	0.000000	11523.767000	61634	1024
planetlab4.rutgers.edu_planetlab-01.ece.uprm.edu_5187 4	10171.764000	1504.683000	0.017000	0.000000	11676.464000	61648	1024
planetlab4.rutgers.edu_planetlab-01.ece.uprm.edu_5194 4	10181.833000	1504.626000	0.025000	0.000000	11686.484000	61650	1024
planetlab4.rutgers.edu_planetlab-01.ece.uprm.edu_5200 4	10185.655000	1532.702000	0.026000	0.000000	11718.383000	61651	1024
planetlab4.rutgers.edu_planetlab-01.ece.uprm.edu_5204 4	10196.572000	1536.507000	0.034000	0.000000	11733.113000	61654	1024
planetlabone.ccs.neu.edu_planetlab-01.ece.uprm.edu_802 4	11731.852000	0.286000	0.027000	0.000000	11732.165000	62030	3200
planetlab2.dtc.umn.edu_planetlab-01.ece.uprm.edu_1408 3	11752.842000	0.040000	0.028000	0.000000	11752.910000	61968	3072
planetlab2.dtc.umn.edu_planetlab-01.ece.uprm.edu_1410 3	11835.350000	0.209000	0.031000	0.000000	11835.590000	62115	3072
planetlab4.rutgers.edu_planetlab-01.ece.uprm.edu_5225 4	10416.206000	1578.185000	0.029000	0.000000	11994.420000	61658	1024
planetlab4.rutgers.edu_planetlab-01.ece.uprm.edu_5285 4	10416.246000	1731.946000	0.035000	0.000000	12148.227000	61676	1024
planetlab4.rutgers.edu_planetlab-01.ece.uprm.edu_5302 4	10475.841000	1693.900000	0.035000	0.000000	12169.776000	61682	1024
planetlab4.rutgers.edu_planetlab-01.ece.uprm.edu_5345 4	10597.516000	1672.763000	0.027000	0.000000	12270.306000	61698	1024
planetlab4.rutgers.edu_planetlab-01.ece.uprm.edu_5350 4	10601.844000	1681.899000	0.021000	0.000000	12283.764000	61700	1024
planetlab4.rutgers.edu_planetlab-01.ece.uprm.edu_5354 4	10610.271000	1682.012000	0.025000	0.000000	12292.308000	61702	1024
planetlab4.rutgers.edu_planetlab-01.ece.uprm.edu_5357 4	10622.024000	1681.394000	0.029000	0.000000	12303.447000	61703	1024
planetlab4.rutgers.edu_planetlab-01.ece.uprm.edu_5414 4	10782.290000	1600.611000	0.022000	0.000000	12382.923000	61710	1024
planetlab4.rutgers.edu_planetlab-01.ece.uprm.edu_5424 4	10813.337000	1597.819000	0.023000	0.000000	12411.179000	61718	1024
planetlab4.rutgers.edu_planetlab-01.ece.uprm.edu_5428 4	10826.769000	1597.735000	0.034000	0.000000	12424.538000	61721	1024
planetlab4.rutgers.edu_planetlab-01.ece.uprm.edu_5458 4	11027.987000	1484.193000	0.017000	0.000000	12512.197000	61734	1024
planet1.cs.rochester.edu_planetlab-01.ece.uprm.edu_756 4	12518.984000	0.192000	0.024000	0.000000	12519.200000	61561	3328
planetlab2.mnlab.cti.depaul.edu_planetlab-01.ece.uprm.edu_2046 3	7747.679000	4833.717000	0.026000	0.000000	12581.422000	62103	1152
planetlab2.cs.columbia.edu_planetlab-01.ece.uprm.edu_2051 2	12670.055000	6.950000	0.109000	0.000000	12677.114000	61998	112
planetlab4.rutgers.edu_planetlab-01.ece.uprm.edu_5557 4	11388.362000	1564.159000	0.025000	0.000000	12952.546000	61766	1024
planetlab2.cs.pitt.edu_planetlab-01.ece.uprm.edu_1852 4	12989.724000	0.046000	0.019000	0.000000	12989.789000	61659	304
planetlab4.rutgers.edu_planetlab-01.ece.uprm.edu_5597 4	11387.175000	1700.039000	0.025000	0.000000	13087.239000	61793	1024
planetlab4.rutgers.edu_planetlab-01.ece.uprm.edu_5612 4	11429.599000	1707.673000	0.025000	0.000000	13137.297000	61804	1024
planetlab4.rutgers.edu_planetlab-01.ece.uprm.edu_5636 4	11533.038000	1671.290000	0.034000	0.000000	13204.362000	61818	1024
planetlab4.rutgers.edu_planetlab-01.ece.uprm.edu_5653 4	11612.304000	1655.749000	0.039000	0.000000	13268.092000	61830	1024
planetlab4.rutgers.edu_planetlab-01.ece.uprm.edu_5660 4	11636.420000	1653.842000	0.028000	0.000000	13290.290000	61833	1024
planetlab4.rutgers.edu_planetlab-01.ece.uprm.edu_5667 4	11673.923000	1658.609000	0.025000	0.000000	13332.557000	61841	1024
planetlab4.rutgers.edu_planetlab-01.ece.uprm.edu_5677 4	11693.373000	1653.886000	0.033000	0.000000	13347.292000	61848	1024
planetlab4.rutgers.edu_planetlab-01.ece.uprm.edu_5681 4	11695.740000	1652.926000	0.027000	0.000000	13348.693000	61849	1024
planetlab4.rutgers.edu_planetlab-01.ece.uprm.edu_5688 4	11708.629000	1653.286000	0.026000	0.000000	13361.941000	61851	1024
planetlab4.rutgers.edu_planetlab-01.ece.uprm.edu_5696 4	11718.647000	1677.953000	0.020000	0.000000	13396.620000	61853	1024
planetlab4.rutgers.edu_planetlab-01.ece.uprm.edu_5724 4	11790.844000	1669.034000	0.033000	0.000000	13459.911000	61868	1024
planetlab4.rutgers.edu_planetlab-01.ece.uprm.edu_5745 4	11852.905000	1668.820000	0.021000	0.000000	13521.746000	61881	1024
planetlab4.rutgers.edu_planetlab-01.ece.uprm.edu_5766 4	12078.444000	1477.296000	0.022000	0.000000	13555.762000	61900	1024
planetlab4.rutgers.edu_planetlab-01.ece.uprm.edu_5788 4	12102.854000	1491.819000	0.024000	0.000000	13594.697000	61906	1024
planetlab4.rutgers.edu_planetlab-01.ece.uprm.edu_5794 4	12124.597000	1476.967000	0.021000	0.000000	13601.585000	61913	1024
planetlab4.rutgers.edu_planetlab-01.ece.uprm.edu_5807 4	12154.353000	1494.371000	0.024000	0.000000	13648.748000	61924	1024
planetlab4.rutgers.edu_planetlab-01.ece.uprm.edu_5813 4	12173.076000	1486.336000	0.029000	0.000000	13659.441000	61928	1024
planetlab4.rutgers.edu_planetlab-01.ece.uprm.edu_5819 4	12178.024000	1493.073000	0.031000	0.000000	13671.128000	61932	1024
planetlab4.rutgers.edu_planetlab-01.ece.uprm.edu_5826 4	12197.692000	1497.227000	0.027000	0.000000	13694.946000	61933	1024
planetlab4.rutgers.edu_planetlab-01.ece.uprm.edu_5830 4	12201.740000	1501.625000	0.037000	0.000000	13703.402000	61934	1024
planetlab4.rutgers.edu_planetlab-01.ece.uprm.edu_5844 4	12227.461000	1521.144000	0.023000	0.000000	13748.628000	61948	1024
earth.cs.brown.edu_planetlab-01.ece.uprm.edu_6671 1	7756.915000	5995.619000	0.027000	0.000000	13752.561000	62109	96
planetlab-03.cs.princeton.edu_planetlab-01.ece.uprm.edu_4094 3	14123.516000	0.616000	0.023000	0.000000	14124.155000	61544	80
planetlab4.rutgers.edu_planetlab-01.ece.uprm.edu_5965 4	12547.690000	1589.927000	0.034000	0.000000	14137.651000	62074	1024
planetlab-03.cs.princeton.edu_planetlab-01.ece.uprm.edu_4103 3	14189.198000	3.304000	0.020000	0.000000	14192.522000	61545	80
planetlab4.rutgers.edu_planetlab-01.ece.uprm.edu_5978 4	12632.803000	1542.998000	0.030000	0.000000	14175.831000	62153	1024
planetlab4.rutgers.edu_planetlab-01.ece.uprm.edu_5986 4	12656.191000	1528.625000	0.022000	0.000000	14184.838000	62162	1024
planetlab-03.cs.princeton.edu_planetlab-01.ece.uprm.edu_4109 3	14220.101000	0.310000	0.020000	0.000000	14220.431000	61546	80
planetlab-03.cs.princeton.edu_planetlab-01.ece.uprm.edu_4113 3	14280.292000	0.730000	0.021000	0.000000	14281.043000	61548	80
planetlab-03.cs.princeton.edu_planetlab-01.ece.uprm.edu_4145 3	14614.736000	1.719000	0.022000	0.000000	14616.477000	61560	80
planetlab-03.cs.princeton.edu_planetlab-01.ece.uprm.edu_4186 3	15010.016000	0.411000	0.059000	0.000000	15010.486000	61576	80
cs-planetlab4.cs.surrey.sfu.ca_planetlab-01.ece.uprm.edu_1247 5	15188.008000	0.274000	0.029000	0.000000	15188.311000	62079	464
planetlab-03.cs.princeton.edu_planetlab-01.ece.uprm.edu_4248 3	15568.762000	0.596000	0.782000	0.000000	15570.140000	61602	80
planetlab4.csee.usf.edu_planetlab-01.ece.uprm.edu_1024 2	6871.218000	8977.865000	0.030000	0.000000	15849.113000	61894	2624
planetlab2.cs.pitt.edu_planetlab-01.ece.uprm.edu_2066 4	16227.419000	0.541000	0.033000	0.000000	16227.993000	62008	304
planetlab-03.cs.princeton.edu_planetlab-01.ece.uprm.edu_4320 3	16269.254000	0.291000	0.019000	0.000000	16269.564000	61640	80
planetlab-03.cs.princeton.edu_planetlab-01.ece.uprm.edu_4322 3	16278.946000	0.259000	0.019000	0.000000	16279.224000	61641	80
planetlab2.cs.pitt.edu_planetlab-01.ece.uprm.edu_2073 4	16285.723000	0.350000	0.017000	0.000000	16286.090000	62029	304
planetlab-03.cs.princeton.edu_planetlab-01.ece.uprm.edu_4328 3	16306.722000	0.295000	0.020000	0.000000	16307.037000	61642	80
planetlab-03.cs.princeton.edu_planetlab-01.ece.uprm.edu_4332 3	16350.544000	0.841000	0.023000	0.000000	16351.408000	61644	80
planetlab-03.cs.princeton.edu_planetlab-01.ece.uprm.edu_4374 3	16678.870000	0.287000	0.023000	0.000000	16679.180000	61655	80
planetlab2.cs.pitt.edu_planetlab-01.ece.uprm.edu_2089 4	16664.875000	0.450000	0.019000	0.000000	16665.344000	62119	304
planetlab-03.cs.princeton.edu_planetlab-01.ece.uprm.edu_4377 3	16689.693000	0.832000	0.019000	0.000000	16690.544000	61656	80
planetlab5.williams.edu_planetlab-01.ece.uprm.edu_1835 1	2763.165000	14442.230000	0.031000	0.000000	17205.426000	61585	2112
planetlab-03.cs.princeton.edu_planetlab-01.ece.uprm.edu_4433 3	17223.694000	2.829000	0.041000	0.000000	17226.564000	61672	80
planetlab-2.cmcl.cs.cmu.edu_planetlab-01.ece.uprm.edu_1683 4	17728.725000	0.204000	0.057000	0.000000	17728.986000	61974	560
roam2.cs.ou.edu_planetlab-01.ece.uprm.edu_4043 3	8290.631000	9591.284000	0.019000	0.000000	17881.934000	61565	48
planetlab-2.cmcl.cs.cmu.edu_planetlab-01.ece.uprm.edu_1693 4	17958.677000	0.180000	0.057000	0.000000	17958.914000	62022	560
planetlab-2.cmcl.cs.cmu.edu_planetlab-01.ece.uprm.edu_1695 4	17990.157000	0.263000	0.055000	0.000000	17990.475000	62034	560
planetlab-2.cmcl.cs.cmu.edu_planetlab-01.ece.uprm.edu_1697 4	17995.447000	0.329000	0.063000	0.000000	17995.839000	62036	560
planetlab-2.cmcl.cs.cmu.edu_planetlab-01.ece.uprm.edu_1699 4	18034.098000	0.353000	0.052000	0.000000	18034.503000	62038	560
roam2.cs.ou.edu_planetlab-01.ece.uprm.edu_4099 3	8553.350000	9546.432000	0.030000	0.000000	18099.812000	61577	48
planetlab-2.cmcl.cs.cmu.edu_planetlab-01.ece.uprm.edu_1701 4	18079.355000	5.901000	0.058000	0.000000	18085.314000	62039	560
planetlab-2.cmcl.cs.cmu.edu_planetlab-01.ece.uprm.edu_1719 4	18225.088000	0.258000	0.037000	0.000000	18225.383000	62046	560
planetlab-2.cmcl.cs.cmu.edu_planetlab-01.ece.uprm.edu_1740 4	18400.022000	0.402000	0.055000	0.000000	18400.479000	62070	560
roam2.cs.ou.edu_planetlab-01.ece.uprm.edu_4188 3	8778.900000	9657.293000	0.023000	0.000000	18436.216000	61591	48
roam2.cs.ou.edu_planetlab-01.ece.uprm.edu_4219 3	8911.559000	9637.215000	0.023000	0.000000	18548.797000	61601	48
roam2.cs.ou.edu_planetlab-01.ece.uprm.edu_4244 3	9009.963000	9628.614000	0.028000	0.000000	18638.605000	61608	48
roam2.cs.ou.edu_planetlab-01.ece.uprm.edu_4247 3	9022.361000	9625.404000	0.044000	0.000000	18647.809000	61609	48
roam2.cs.ou.edu_planetlab-01.ece.uprm.edu_4256 3	9054.392000	9647.243000	0.027000	0.000000	18701.662000	61611	48
roam2.cs.ou.edu_planetlab-01.ece.uprm.edu_4263 3	9077.260000	9650.794000	0.024000	0.000000	18728.078000	61613	48
roam2.cs.ou.edu_planetlab-01.ece.uprm.edu_4291 3	9218.036000	9618.953000	0.023000	0.000000	18837.012000	61625	48
planetlab-2.cmcl.cs.cmu.edu_planetlab-01.ece.uprm.edu_1752 4	19089.286000	0.461000	0.057000	0.000000	19089.804000	62166	560
roam2.cs.ou.edu_planetlab-01.ece.uprm.edu_4380 3	9782.030000	9379.948000	0.035000	0.000000	19162.013000	61666	48
roam2.cs.ou.edu_planetlab-01.ece.uprm.edu_4400 3	9905.993000	9315.958000	0.032000	0.000000	19221.983000	61673	48
planetlabpc1.upf.edu_planetlab-01.ece.uprm.edu_1407 4	12981.105000	6430.017000	0.021000	0.000000	19411.143000	62136	1216
planetlab-01.bu.edu_planetlab-01.ece.uprm.edu_3111 5	19591.980000	0.360000	0.058000	0.000000	19592.398000	61806	640
roam2.cs.ou.edu_planetlab-01.ece.uprm.edu_4587 3	10428.882000	9536.654000	0.030000	0.000000	19965.566000	61697	48
planetlab-01.cs.princeton.edu_planetlab-01.ece.uprm.edu_934 5	20450.978000	1.564000	0.020000	0.000000	20452.562000	61836	816
planetlab-2.cs.uh.edu_planetlab-01.ece.uprm.edu_1381 6	20495.923000	0.372000	0.023000	0.000000	20496.318000	61674	784
planetlab-2.cs.uh.edu_planetlab-01.ece.uprm.edu_1386 6	20556.663000	0.275000	0.032000	0.000000	20556.970000	62058	784
planetlab-2.cs.uh.edu_planetlab-01.ece.uprm.edu_1388 6	20564.530000	0.049000	0.033000	0.000000	20564.612000	62122	784
planetlab-2.cs.uh.edu_planetlab-01.ece.uprm.edu_1392 6	20593.047000	0.056000	0.036000	0.000000	20593.139000	62154	784
roam2.cs.ou.edu_planetlab-01.ece.uprm.edu_4727 3	11006.538000	9701.636000	0.037000	0.000000	20708.211000	61719	48
planetlab2.umassd.edu_planetlab-01.ece.uprm.edu_4481 2	6386.013000	14366.704000	0.021000	0.000000	20752.738000	61691	64
planetlab-03.cs.princeton.edu_planetlab-01.ece.uprm.edu_4773 3	21064.301000	0.800000	0.148000	0.000000	21065.249000	61699	80
planetlab-03.cs.princeton.edu_planetlab-01.ece.uprm.edu_4789 3	21167.173000	1.966000	0.024000	0.000000	21169.163000	61704	80
roam2.cs.ou.edu_planetlab-01.ece.uprm.edu_4950 3	11988.752000	9974.219000	0.047000	0.000000	21963.018000	61757	48
planetlab2.acis.ufl.edu_planetlab-01.ece.uprm.edu_5285 5	14143.399000	8149.088000	0.050000	0.000000	22292.537000	62048	1056
planetlab2.acis.ufl.edu_planetlab-01.ece.uprm.edu_5290 5	14173.207000	8118.882000	0.025000	0.000000	22292.114000	62090	1056
planetlab-03.cs.princeton.edu_planetlab-01.ece.uprm.edu_4849 3	22303.848000	1.972000	1.604000	0.000000	22307.424000	61760	80
planetlab-03.cs.princeton.edu_planetlab-01.ece.uprm.edu_4865 3	22417.910000	1.148000	0.185000	0.000000	22419.243000	61768	80
planetlab-03.cs.princeton.edu_planetlab-01.ece.uprm.edu_4868 3	22419.620000	3.132000	0.022000	0.000000	22422.774000	61769	80
roam2.cs.ou.edu_planetlab-01.ece.uprm.edu_5073 3	12739.540000	9684.060000	0.021000	0.000000	22423.621000	61789	48
planetlab-03.cs.princeton.edu_planetlab-01.ece.uprm.edu_4880 3	22461.137000	13.547000	0.023000	0.000000	22474.707000	61770	80
planetlab-03.cs.princeton.edu_planetlab-01.ece.uprm.edu_4889 3	22481.275000	29.655000	0.025000	0.000000	22510.955000	61772	80
roam2.cs.ou.edu_planetlab-01.ece.uprm.edu_5105 3	13044.318000	9539.785000	0.031000	0.000000	22584.134000	61794	48
planetlab1.williams.edu_planetlab-01.ece.uprm.edu_2199 3	7886.099000	14769.999000	0.019000	0.000000	22656.117000	61664	2176
planetlab-03.cs.princeton.edu_planetlab-01.ece.uprm.edu_4905 3	22715.515000	2.345000	0.023000	0.000000	22717.883000	61784	80
planetlab1.williams.edu_planetlab-01.ece.uprm.edu_2213 3	8092.854000	14628.478000	0.024000	0.000000	22721.356000	61715	2176
roam2.cs.ou.edu_planetlab-01.ece.uprm.edu_5147 3	13258.971000	9506.552000	0.026000	0.000000	22765.549000	61805	48
planetlab1.williams.edu_planetlab-01.ece.uprm.edu_2231 3	8363.415000	14444.642000	0.022000	0.000000	22808.079000	61763	2176
planetlab1.williams.edu_planetlab-01.ece.uprm.edu_2235 3	8584.503000	14258.739000	0.024000	0.000000	22843.266000	61777	2176
planetlab1.williams.edu_planetlab-01.ece.uprm.edu_2240 3	8621.435000	14251.702000	0.018000	0.000000	22873.155000	61778	2176
planetlab1.williams.edu_planetlab-01.ece.uprm.edu_2242 3	8625.242000	14262.595000	0.017000	0.000000	22887.854000	61779	2176
planetlab1.williams.edu_planetlab-01.ece.uprm.edu_2244 3	8679.542000	14236.483000	0.018000	0.000000	22916.043000	61783	2176
roam2.cs.ou.edu_planetlab-01.ece.uprm.edu_5211 3	13557.824000	9391.169000	0.044000	0.000000	22949.037000	61813	48
planetlab1.williams.edu_planetlab-01.ece.uprm.edu_2249 3	8731.958000	14247.685000	0.020000	0.000000	22979.663000	61787	2176
roam2.cs.ou.edu_planetlab-01.ece.uprm.edu_5227 3	13660.728000	9380.475000	0.030000	0.000000	23041.233000	61817	48
planetlab1.williams.edu_planetlab-01.ece.uprm.edu_2267 3	9052.401000	13994.999000	0.023000	0.000000	23047.423000	61811	2176
planetlab-03.cs.princeton.edu_planetlab-01.ece.uprm.edu_4954 3	23101.742000	0.903000	0.025000	0.000000	23102.670000	61800	80
planetlab1.williams.edu_planetlab-01.ece.uprm.edu_2281 3	9315.697000	13818.892000	0.022000	0.000000	23134.611000	61907	2176
roam2.cs.ou.edu_planetlab-01.ece.uprm.edu_5256 3	13783.594000	9363.408000	0.025000	0.000000	23147.027000	61820	48
roam2.cs.ou.edu_planetlab-01.ece.uprm.edu_5259 3	13810.534000	9346.365000	0.020000	0.000000	23156.919000	61821	48
roam2.cs.ou.edu_planetlab-01.ece.uprm.edu_5276 3	13868.722000	9351.823000	0.026000	0.000000	23220.571000	61823	48
planetlab-02.bu.edu_planetlab-01.ece.uprm.edu_1358 3	9854.566000	13421.882000	0.022000	0.000000	23276.470000	61684	368
roam2.cs.ou.edu_planetlab-01.ece.uprm.edu_5334 3	14169.299000	9262.969000	0.024000	0.000000	23432.292000	61831	48
roam2.cs.ou.edu_planetlab-01.ece.uprm.edu_5389 3	14662.737000	8980.562000	0.042000	0.000000	23643.341000	61843	48
roam2.cs.ou.edu_planetlab-01.ece.uprm.edu_5406 3	14818.995000	8875.757000	0.025000	0.000000	23694.777000	61845	48
roam2.cs.ou.edu_planetlab-01.ece.uprm.edu_5415 3	14893.274000	8835.462000	0.031000	0.000000	23728.767000	61846	48
roam2.cs.ou.edu_planetlab-01.ece.uprm.edu_5418 3	14931.606000	8807.595000	0.439000	0.000000	23739.640000	61847	48
planetlab-03.cs.princeton.edu_planetlab-01.ece.uprm.edu_4997 3	23779.242000	1.989000	0.023000	0.000000	23781.254000	61632	80
planetlab-03.cs.princeton.edu_planetlab-01.ece.uprm.edu_5000 3	23788.330000	1.564000	0.022000	0.000000	23789.916000	61814	80
roam2.cs.ou.edu_planetlab-01.ece.uprm.edu_5465 3	15291.113000	8578.223000	0.023000	0.000000	23869.359000	61855	48
planetlab2.umassd.edu_planetlab-01.ece.uprm.edu_5227 2	8507.594000	15494.007000	0.050000	0.000000	24001.651000	61819	64
roam2.cs.ou.edu_planetlab-01.ece.uprm.edu_5562 3	15665.175000	8475.917000	0.024000	0.000000	24141.116000	61858	48
planetlab-1.cs.colostate.edu_planetlab-01.ece.uprm.edu_1180 6	18914.892000	5253.115000	0.043000	0.000000	24168.050000	61597	656
planetlab1.cs.unc.edu_planetlab-01.ece.uprm.edu_3735 5	24248.334000	0.440000	0.028000	0.000000	24248.802000	61552	528
planetlab-1.cs.colostate.edu_planetlab-01.ece.uprm.edu_1203 6	19217.355000	5041.508000	0.038000	0.000000	24258.901000	61645	656
planetlab-1.cs.colostate.edu_planetlab-01.ece.uprm.edu_1205 6	19265.020000	4995.229000	0.038000	0.000000	24260.287000	61653	656
planetlab-1.cs.colostate.edu_planetlab-01.ece.uprm.edu_1209 6	19330.649000	4938.940000	0.039000	0.000000	24269.628000	61657	656
planetlab-1.cs.colostate.edu_planetlab-01.ece.uprm.edu_1211 6	19358.973000	4910.764000	0.032000	0.000000	24269.769000	61660	656
roam2.cs.ou.edu_planetlab-01.ece.uprm.edu_5618 3	15993.071000	8273.097000	0.038000	0.000000	24266.206000	61865	48
planetlab-1.cs.colostate.edu_planetlab-01.ece.uprm.edu_1213 6	19360.779000	4929.414000	0.023000	0.000000	24290.216000	61661	656
planetlab-1.cs.colostate.edu_planetlab-01.ece.uprm.edu_1215 6	19371.061000	4936.157000	0.032000	0.000000	24307.250000	61663	656
planetlab-1.cs.colostate.edu_planetlab-01.ece.uprm.edu_1219 6	19481.429000	4842.196000	0.038000	0.000000	24323.663000	61693	656
planetlab-1.cs.colostate.edu_planetlab-01.ece.uprm.edu_1242 6	19933.770000	4478.980000	0.024000	0.000000	24412.774000	61917	656
planetlab1.cs.unc.edu_planetlab-01.ece.uprm.edu_3817 5	24578.773000	0.542000	0.048000	0.000000	24579.363000	61563	528
roam2.cs.ou.edu_planetlab-01.ece.uprm.edu_5750 3	16786.238000	7874.701000	0.027000	0.000000	24660.966000	61879	48
planetlab1.rutgers.edu_planetlab-01.ece.uprm.edu_6568 4	13834.397000	10884.560000	0.049000	0.000000	24719.006000	61569	512
planetlab1.rutgers.edu_planetlab-01.ece.uprm.edu_6571 4	13840.855000	10887.585000	0.042000	0.000000	24728.482000	61570	512
planetlab1.rutgers.edu_planetlab-01.ece.uprm.edu_6576 4	13854.089000	10906.816000	0.066000	0.000000	24760.971000	61571	512
roam2.cs.ou.edu_planetlab-01.ece.uprm.edu_5822 3	17092.554000	7791.599000	0.024000	0.000000	24884.177000	61890	48
planetlab1.rutgers.edu_planetlab-01.ece.uprm.edu_6619 4	14216.002000	10867.121000	0.045000	0.000000	25083.168000	61575	512
planetlab1.rutgers.edu_planetlab-01.ece.uprm.edu_6633 4	14261.613000	10887.104000	0.057000	0.000000	25148.774000	61579	512
planetlab1.rutgers.edu_planetlab-01.ece.uprm.edu_6674 4	14251.845000	11042.009000	0.047000	0.000000	25293.901000	61587	512
planetlab-03.cs.princeton.edu_planetlab-01.ece.uprm.edu_5150 3	25284.724000	1.205000	0.021000	0.000000	25285.950000	61852	80
planetlab1.rutgers.edu_planetlab-01.ece.uprm.edu_6708 4	14418.601000	10994.153000	0.066000	0.000000	25412.820000	61603	512
planetlab1.cs.unc.edu_planetlab-01.ece.uprm.edu_3946 5	25489.357000	0.044000	0.024000	0.000000	25489.425000	61616	528
roam2.cs.ou.edu_planetlab-01.ece.uprm.edu_6086 3	20687.332000	4818.168000	0.035000	0.000000	25505.535000	61911	48
planetlab1.rutgers.edu_planetlab-01.ece.uprm.edu_6745 4	14733.975000	10807.327000	0.055000	0.000000	25541.357000	61635	512
roam2.cs.ou.edu_planetlab-01.ece.uprm.edu_6126 3	20845.341000	4733.698000	0.033000	0.000000	25579.072000	61920	48
roam2.cs.ou.edu_planetlab-01.ece.uprm.edu_6154 3	20957.033000	4718.012000	0.036000	0.000000	25675.081000	61922	48
roam2.cs.ou.edu_planetlab-01.ece.uprm.edu_6177 3	21040.787000	4693.493000	0.038000	0.000000	25734.318000	61926	48
roam2.cs.ou.edu_planetlab-01.ece.uprm.edu_6194 3	21144.918000	4630.639000	0.020000	0.000000	25775.577000	61930	48
roam2.cs.ou.edu_planetlab-01.ece.uprm.edu_6218 3	21320.114000	4544.099000	0.039000	0.000000	25864.252000	61938	48
planetlab2.umassd.edu_planetlab-01.ece.uprm.edu_5599 2	9596.354000	16375.400000	0.025000	0.000000	25971.779000	61883	64
roam2.cs.ou.edu_planetlab-01.ece.uprm.edu_6252 3	21518.727000	4475.276000	0.024000	0.000000	25994.027000	61949	48
roam2.cs.ou.edu_planetlab-01.ece.uprm.edu_6260 3	21576.461000	4436.172000	0.037000	0.000000	26012.670000	61953	48
roam2.cs.ou.edu_planetlab-01.ece.uprm.edu_6272 3	21659.678000	4372.481000	0.021000	0.000000	26032.180000	61923	48
planetlab1.cs.unc.edu_planetlab-01.ece.uprm.edu_4058 5	26286.401000	0.257000	0.025000	0.000000	26286.683000	61668	528
planetlab1.cs.unc.edu_planetlab-01.ece.uprm.edu_4077 5	26351.179000	9.669000	0.025000	0.000000	26360.873000	61696	528
planetlab1.cs.unc.edu_planetlab-01.ece.uprm.edu_4083 5	26373.036000	29.976000	0.027000	0.000000	26403.039000	61712	528
planetlab1.cs.unc.edu_planetlab-01.ece.uprm.edu_4087 5	26388.606000	19.473000	0.029000	0.000000	26408.108000	61713	528
planetlab1.cs.unc.edu_planetlab-01.ece.uprm.edu_4093 5	26401.897000	22.616000	0.026000	0.000000	26424.539000	61714	528
planetlab1.cs.unc.edu_planetlab-01.ece.uprm.edu_4095 5	26405.411000	20.081000	0.029000	0.000000	26425.521000	61716	528
planetlab1.cs.unc.edu_planetlab-01.ece.uprm.edu_4101 5	26423.636000	11.851000	0.031000	0.000000	26435.518000	61720	528
planetlab1.cs.unc.edu_planetlab-01.ece.uprm.edu_4105 5	26428.896000	21.262000	0.025000	0.000000	26450.183000	61728	528
planetlab1.cs.unc.edu_planetlab-01.ece.uprm.edu_4109 5	26443.935000	19.237000	0.026000	0.000000	26463.198000	61729	528
planetlab1.cs.unc.edu_planetlab-01.ece.uprm.edu_4113 5	26449.400000	29.749000	0.017000	0.000000	26479.166000	61730	528
planetlab1.cs.unc.edu_planetlab-01.ece.uprm.edu_4115 5	26457.368000	22.786000	0.061000	0.000000	26480.215000	61732	528
planetlab1.cs.unc.edu_planetlab-01.ece.uprm.edu_4120 5	26462.575000	26.594000	0.024000	0.000000	26489.193000	61736	528
planetlab1.cs.unc.edu_planetlab-01.ece.uprm.edu_4122 5	26464.013000	36.720000	0.020000	0.000000	26500.753000	61744	528
planetlab1.cs.unc.edu_planetlab-01.ece.uprm.edu_4124 5	26470.567000	36.728000	0.021000	0.000000	26507.316000	61745	528
planetlab1.cs.unc.edu_planetlab-01.ece.uprm.edu_4126 5	26478.223000	29.571000	0.030000	0.000000	26507.824000	61746	528
planetlab1.cs.unc.edu_planetlab-01.ece.uprm.edu_4133 5	26516.134000	17.606000	0.026000	0.000000	26533.766000	61747	528
planetlab1.cs.unc.edu_planetlab-01.ece.uprm.edu_4135 5	26518.441000	16.645000	0.027000	0.000000	26535.113000	61748	528
planetlab1.cs.unc.edu_planetlab-01.ece.uprm.edu_4138 5	26533.130000	9.954000	0.029000	0.000000	26543.113000	61749	528
planetlab1.cs.unc.edu_planetlab-01.ece.uprm.edu_4144 5	26541.730000	13.673000	0.033000	0.000000	26555.436000	61750	528
planetlab1.cs.unc.edu_planetlab-01.ece.uprm.edu_4145 5	26542.807000	14.427000	0.018000	0.000000	26557.252000	61752	528
planetlab1.cs.unc.edu_planetlab-01.ece.uprm.edu_4149 5	26560.071000	17.134000	0.028000	0.000000	26577.233000	61754	528
planetlab1.cs.unc.edu_planetlab-01.ece.uprm.edu_4151 5	26560.173000	27.875000	0.034000	0.000000	26588.082000	61753	528
planetlab-03.cs.princeton.edu_planetlab-01.ece.uprm.edu_5215 3	26592.678000	0.423000	0.041000	0.000000	26593.142000	61896	80
planetlab1.cs.unc.edu_planetlab-01.ece.uprm.edu_4156 5	26577.470000	20.926000	0.029000	0.000000	26598.425000	61756	528
planetlab1.cs.unc.edu_planetlab-01.ece.uprm.edu_4162 5	26585.844000	28.858000	0.033000	0.000000	26614.735000	61765	528
planetlab1.cs.unc.edu_planetlab-01.ece.uprm.edu_4166 5	26593.966000	37.280000	0.024000	0.000000	26631.270000	61776	528
planetlab1.cs.unc.edu_planetlab-01.ece.uprm.edu_4191 5	26629.866000	68.097000	0.021000	0.000000	26697.984000	61792	528
planetlab6.flux.utah.edu_planetlab-01.ece.uprm.edu_1310 3	25335.384000	1488.225000	0.028000	0.000000	26823.637000	62147	240
planetlab1.rutgers.edu_planetlab-01.ece.uprm.edu_7156 4	16574.801000	10258.554000	2.712000	0.000000	26836.067000	61827	512
planetlab1.cs.unc.edu_planetlab-01.ece.uprm.edu_4261 5	26794.304000	75.126000	0.019000	0.000000	26869.449000	61808	528
planetlab1.cs.unc.edu_planetlab-01.ece.uprm.edu_4263 5	26797.872000	74.730000	0.023000	0.000000	26872.625000	61809	528
planetlab1.cs.unc.edu_planetlab-01.ece.uprm.edu_4268 5	26806.491000	87.112000	0.026000	0.000000	26893.629000	61810	528
planetlab1.cs.unc.edu_planetlab-01.ece.uprm.edu_4275 5	26811.270000	93.607000	0.022000	0.000000	26904.899000	61812	528
planetlab1.cs.unc.edu_planetlab-01.ece.uprm.edu_4287 5	26828.744000	110.935000	0.022000	0.000000	26939.701000	61816	528
planetlab1.cs.unc.edu_planetlab-01.ece.uprm.edu_4309 5	26910.046000	102.229000	0.021000	0.000000	27012.296000	61840	528
node1.planetlab.albany.edu_planetlab-01.ece.uprm.edu_10416 2	14007.335000	13022.245000	0.023000	0.000000	27029.603000	62130	32
planetlab1.cs.unc.edu_planetlab-01.ece.uprm.edu_4327 5	26976.983000	89.341000	0.020000	0.000000	27066.344000	61856	528
planetlab1.cs.unc.edu_planetlab-01.ece.uprm.edu_4348 5	27149.759000	0.263000	0.092000	0.000000	27150.114000	61871	528
planetlab1.cs.unc.edu_planetlab-01.ece.uprm.edu_4347 5	27150.311000	0.177000	0.021000	0.000000	27150.509000	61872	528
planetlab1.cs.unc.edu_planetlab-01.ece.uprm.edu_4350 5	27162.340000	0.330000	0.036000	0.000000	27162.706000	61873	528
planetlab2.umassd.edu_planetlab-01.ece.uprm.edu_5807 2	10069.195000	17096.156000	0.021000	0.000000	27165.372000	61915	64
planetlab1.cs.unc.edu_planetlab-01.ece.uprm.edu_4355 5	27169.309000	0.439000	0.024000	0.000000	27169.772000	61874	528
planetlab1.cs.unc.edu_planetlab-01.ece.uprm.edu_4361 5	27187.460000	0.189000	0.027000	0.000000	27187.676000	61876	528
planetlab1.cs.unc.edu_planetlab-01.ece.uprm.edu_4364 5	27195.868000	0.103000	0.027000	0.000000	27195.998000	61880	528
planetlab1.cs.unc.edu_planetlab-01.ece.uprm.edu_4389 5	27296.888000	0.469000	0.029000	0.000000	27297.386000	61914	528
planetlab1.cs.unc.edu_planetlab-01.ece.uprm.edu_4471 5	27707.192000	40.996000	0.023000	0.000000	27748.211000	62000	528
planetlab2.umassd.edu_planetlab-01.ece.uprm.edu_5971 2	10408.139000	17486.247000	0.019000	0.000000	27894.405000	61931	64
planetlab1.rutgers.edu_planetlab-01.ece.uprm.edu_7433 4	18535.732000	9594.072000	0.076000	0.000000	28129.880000	62083	512
planetlab1.cs.unc.edu_planetlab-01.ece.uprm.edu_4503 5	28202.712000	0.349000	0.032000	0.000000	28203.093000	62104	528
planetlab2.umassd.edu_planetlab-01.ece.uprm.edu_6042 2	10556.063000	17703.090000	0.063000	0.000000	28259.216000	61939	64
roam2.cs.ou.edu_planetlab-01.ece.uprm.edu_6948 3	26823.532000	1550.791000	0.026000	0.000000	28374.349000	62121	48
planetlab2.umassd.edu_planetlab-01.ece.uprm.edu_6105 2	10675.592000	17854.985000	0.073000	0.000000	28530.650000	61945	64
planetlab3.williams.edu_planetlab-01.ece.uprm.edu_1605 6	20648.858000	9366.643000	0.023000	0.000000	30015.524000	61619	400
planetlab3.williams.edu_planetlab-01.ece.uprm.edu_1620 6	20780.452000	9298.899000	0.019000	0.000000	30079.370000	61638	400
planetlab3.williams.edu_planetlab-01.ece.uprm.edu_1652 6	21084.988000	9079.979000	0.020000	0.000000	30164.987000	61944	400
planetlab3.williams.edu_planetlab-01.ece.uprm.edu_1658 6	21178.489000	8984.808000	0.015000	0.000000	30163.312000	62032	400
planetlab1.cs.unc.edu_planetlab-01.ece.uprm.edu_4434 5	30452.723000	2.749000	0.020000	0.000000	30455.492000	61936	528
planetlab2.umassd.edu_planetlab-01.ece.uprm.edu_6135 2	10707.849000	20902.597000	0.017000	0.000000	31610.463000	61946	64
planetlab2.umassd.edu_planetlab-01.ece.uprm.edu_6141 2	10715.477000	20927.954000	0.020000	0.000000	31643.451000	61947	64
planetlab2.umassd.edu_planetlab-01.ece.uprm.edu_6147 2	10741.553000	20914.619000	0.020000	0.000000	31656.192000	61951	64
planetlab5.williams.edu_planetlab-01.ece.uprm.edu_2634 1	6324.853000	25551.214000	0.019000	0.000000	31876.086000	61959	2112
planetlab-03.cs.princeton.edu_planetlab-01.ece.uprm.edu_5362 3	31931.948000	0.848000	0.877000	0.000000	31933.673000	61960	80
planetlab5.williams.edu_planetlab-01.ece.uprm.edu_2710 1	7335.032000	25024.309000	0.021000	0.000000	32359.362000	62066	2112
planetlab-03.cs.princeton.edu_planetlab-01.ece.uprm.edu_5430 3	32455.845000	1.609000	0.026000	0.000000	32457.480000	62004	80
planetlab-03.cs.princeton.edu_planetlab-01.ece.uprm.edu_5450 3	32616.199000	1.824000	0.022000	0.000000	32618.045000	62016	80
planetlab-03.cs.princeton.edu_planetlab-01.ece.uprm.edu_5462 3	32673.506000	1.088000	0.071000	0.000000	32674.665000	62024	80
planetlab-03.cs.princeton.edu_planetlab-01.ece.uprm.edu_5464 3	32681.286000	0.564000	0.059000	0.000000	32681.909000	62025	80
planetlab-03.cs.princeton.edu_planetlab-01.ece.uprm.edu_5467 3	32693.693000	1.986000	0.023000	0.000000	32695.702000	62026	80
planetlab-1.cse.ohio-state.edu_planetlab-01.ece.uprm.edu_1860 3	26420.198000	6282.555000	0.089000	0.000000	32702.842000	61929	2560
planetlab-03.cs.princeton.edu_planetlab-01.ece.uprm.edu_5473 3	32713.367000	0.338000	0.021000	0.000000	32713.726000	62028	80
planetlab-1.cse.ohio-state.edu_planetlab-01.ece.uprm.edu_1873 3	26670.496000	6108.404000	0.049000	0.000000	32778.949000	62017	2560
planetlab-03.cs.princeton.edu_planetlab-01.ece.uprm.edu_5498 3	32935.480000	1.112000	0.063000	0.000000	32936.655000	62040	80
planetlab-03.cs.princeton.edu_planetlab-01.ece.uprm.edu_5539 3	33311.512000	3.216000	0.073000	0.000000	33314.801000	62056	80
planetlab4.williams.edu_planetlab-01.ece.uprm.edu_2005 4	34242.676000	0.073000	0.025000	0.000000	34242.774000	61842	336
planetlab-03.cs.princeton.edu_planetlab-01.ece.uprm.edu_5627 3	34652.344000	0.222000	0.022000	0.000000	34652.588000	62123	80
planetlab-03.cs.princeton.edu_planetlab-01.ece.uprm.edu_5653 3	35056.680000	0.407000	0.035000	0.000000	35057.122000	62152	80
planetlab03.cs.washington.edu_planetlab-01.ece.uprm.edu_4046 3	12691.593000	22794.333000	0.046000	0.000000	35485.972000	61985	320
planetlab4.williams.edu_planetlab-01.ece.uprm.edu_2041 4	36704.741000	0.031000	0.022000	0.000000	36704.794000	62098	336
aguila1.lsi.upc.edu_planetlab-01.ece.uprm.edu_1549 4	39423.802000	0.062000	0.091000	0.000000	39423.955000	61727	592
planetlab2.eecs.umich.edu_planetlab-01.ece.uprm.edu_8381 2	38534.805000	1359.832000	0.098000	0.000000	39894.735000	61566	2048
planetlab2.eecs.umich.edu_planetlab-01.ece.uprm.edu_8402 2	38641.156000	1315.956000	0.103000	0.000000	39957.215000	61582	2048
planetlab2.eecs.umich.edu_planetlab-01.ece.uprm.edu_8407 2	38660.852000	1306.649000	0.079000	0.000000	39967.580000	61590	2048
planetlab2.eecs.umich.edu_planetlab-01.ece.uprm.edu_8450 2	39832.447000	334.257000	0.137000	0.000000	40166.841000	61594	2048
planetlab2.eecs.umich.edu_planetlab-01.ece.uprm.edu_8451 2	39827.194000	353.739000	0.035000	0.000000	40180.968000	61596	2048
planetlab2.eecs.umich.edu_planetlab-01.ece.uprm.edu_8453 2	39835.356000	347.304000	0.073000	0.000000	40182.733000	61598	2048
planetlab2.eecs.umich.edu_planetlab-01.ece.uprm.edu_8455 2	39852.880000	332.863000	0.081000	0.000000	40185.824000	61599	2048
planetlab2.eecs.umich.edu_planetlab-01.ece.uprm.edu_8457 2	39872.721000	315.919000	0.079000	0.000000	40188.719000	61606	2048
planetlab2.eecs.umich.edu_planetlab-01.ece.uprm.edu_8461 2	39888.328000	318.192000	0.039000	0.000000	40206.559000	61610	2048
planetlab2.eecs.umich.edu_planetlab-01.ece.uprm.edu_8463 2	39889.580000	317.479000	0.107000	0.000000	40207.166000	61612	2048
planetlab2.eecs.umich.edu_planetlab-01.ece.uprm.edu_8465 2	39889.666000	364.879000	0.072000	0.000000	40254.617000	61614	2048
planetlab2.eecs.umich.edu_planetlab-01.ece.uprm.edu_8467 2	39928.497000	343.767000	0.086000	0.000000	40272.350000	61615	2048
planetlab2.eecs.umich.edu_planetlab-01.ece.uprm.edu_8471 2	39941.819000	337.375000	0.081000	0.000000	40279.275000	61620	2048
planetlab2.eecs.umich.edu_planetlab-01.ece.uprm.edu_8474 2	39961.768000	319.696000	0.080000	0.000000	40281.544000	61622	2048
planetlab2.eecs.umich.edu_planetlab-01.ece.uprm.edu_8469 2	39950.466000	333.811000	0.432000	0.000000	40284.709000	61618	2048
planetlab2.eecs.umich.edu_planetlab-01.ece.uprm.edu_8475 2	39963.156000	335.791000	0.038000	0.000000	40298.985000	61623	2048
planetlab2.eecs.umich.edu_planetlab-01.ece.uprm.edu_8480 2	39992.614000	325.712000	0.083000	0.000000	40318.409000	61624	2048
planetlab2.eecs.umich.edu_planetlab-01.ece.uprm.edu_8481 2	39991.593000	352.528000	0.035000	0.000000	40344.156000	61626	2048
planetlab2.eecs.umich.edu_planetlab-01.ece.uprm.edu_8483 2	40002.920000	346.643000	0.072000	0.000000	40349.635000	61627	2048
planetlab2.eecs.umich.edu_planetlab-01.ece.uprm.edu_8485 2	40012.992000	351.123000	0.071000	0.000000	40364.186000	61628	2048
planetlab2.eecs.umich.edu_planetlab-01.ece.uprm.edu_8487 2	40058.737000	314.601000	0.085000	0.000000	40373.423000	61629	2048
planetlab2.eecs.umich.edu_planetlab-01.ece.uprm.edu_8490 2	40067.931000	306.368000	0.081000	0.000000	40374.380000	61630	2048
planetlab2.eecs.umich.edu_planetlab-01.ece.uprm.edu_8491 2	40071.145000	308.809000	0.035000	0.000000	40379.989000	61631	2048
planetlab2.eecs.umich.edu_planetlab-01.ece.uprm.edu_8497 2	40113.300000	311.608000	0.041000	0.000000	40424.949000	61643	2048
planetlab2.eecs.umich.edu_planetlab-01.ece.uprm.edu_8516 2	40239.516000	240.502000	0.037000	0.000000	40480.055000	61662	2048
planetlab2.eecs.umich.edu_planetlab-01.ece.uprm.edu_8531 2	40327.499000	267.271000	0.863000	0.000000	40595.633000	61678	2048
planetlab2.eecs.umich.edu_planetlab-01.ece.uprm.edu_8538 2	40369.285000	247.935000	0.079000	0.000000	40617.299000	61686	2048
planetlab2.eecs.umich.edu_planetlab-01.ece.uprm.edu_8540 2	40365.364000	266.677000	0.033000	0.000000	40632.074000	61690	2048
planetlab2.eecs.umich.edu_planetlab-01.ece.uprm.edu_8543 2	40377.358000	258.900000	0.119000	0.000000	40636.377000	61692	2048
planetlab2.eecs.umich.edu_planetlab-01.ece.uprm.edu_8546 2	40390.623000	258.446000	0.084000	0.000000	40649.153000	61694	2048
planetlab2.eecs.umich.edu_planetlab-01.ece.uprm.edu_8548 2	40408.659000	279.078000	0.090000	0.000000	40687.827000	61695	2048
planetlab2.eecs.umich.edu_planetlab-01.ece.uprm.edu_8562 2	40553.166000	184.759000	0.084000	0.000000	40738.009000	61705	2048
planetlab2.eecs.umich.edu_planetlab-01.ece.uprm.edu_8564 2	40598.984000	146.193000	0.085000	0.000000	40745.262000	61708	2048
planetlab2.eecs.umich.edu_planetlab-01.ece.uprm.edu_8566 2	40627.665000	143.791000	0.079000	0.000000	40771.535000	61709	2048
planetlab2.eecs.umich.edu_planetlab-01.ece.uprm.edu_8570 2	40661.607000	112.858000	0.082000	0.000000	40774.547000	61711	2048
planetlab2.eecs.umich.edu_planetlab-01.ece.uprm.edu_8577 2	40816.027000	5.043000	0.088000	0.000000	40821.158000	61725	2048
planetlab2.eecs.umich.edu_planetlab-01.ece.uprm.edu_8619 2	41719.769000	1.250000	0.094000	0.000000	41721.113000	61741	2048
planetlab2.eecs.umich.edu_planetlab-01.ece.uprm.edu_8642 2	41938.274000	5.281000	0.078000	0.000000	41943.633000	61758	2048
planetlab2.eecs.umich.edu_planetlab-01.ece.uprm.edu_8681 2	42349.336000	32.239000	0.090000	0.000000	42381.665000	61773	2048
planetlab2.eecs.umich.edu_planetlab-01.ece.uprm.edu_8708 2	42629.988000	2.420000	0.084000	0.000000	42632.492000	61802	2048
planetlab2.eecs.umich.edu_planetlab-01.ece.uprm.edu_8758 2	42924.846000	1.644000	0.079000	0.000000	42926.569000	61824	2048
planetlab2.eecs.umich.edu_planetlab-01.ece.uprm.edu_8780 2	43481.893000	5.277000	0.084000	0.000000	43487.254000	61837	2048
planetlab2.eecs.umich.edu_planetlab-01.ece.uprm.edu_8787 2	43607.466000	8.077000	0.096000	0.000000	43615.639000	61854	2048
planetlab2.eecs.umich.edu_planetlab-01.ece.uprm.edu_8556 2	43494.376000	214.483000	0.089000	0.000000	43708.948000	61701	2048
planetlab2.eecs.umich.edu_planetlab-01.ece.uprm.edu_8794 2	43788.487000	6.230000	0.083000	0.000000	43794.800000	61870	2048
planetlab2.eecs.umich.edu_planetlab-01.ece.uprm.edu_8811 2	43853.914000	3.270000	0.084000	0.000000	43857.268000	61878	2048
planetlab2.eecs.umich.edu_planetlab-01.ece.uprm.edu_8825 2	43917.929000	3.965000	0.083000	0.000000	43921.977000	61882	2048
planetlab2.eecs.umich.edu_planetlab-01.ece.uprm.edu_8831 2	43950.982000	7.735000	0.084000	0.000000	43958.801000	61884	2048
planetlab2.eecs.umich.edu_planetlab-01.ece.uprm.edu_8833 2	43949.817000	9.608000	0.028000	0.000000	43959.453000	61886	2048
planetlab2.eecs.umich.edu_planetlab-01.ece.uprm.edu_8843 2	43973.281000	21.875000	0.068000	0.000000	43995.224000	61887	2048
aguila1.lsi.upc.edu_planetlab-01.ece.uprm.edu_1641 4	44408.853000	0.054000	0.022000	0.000000	44408.929000	62135	592
plab4.eece.ksu.edu_planetlab-01.ece.uprm.edu_3426 1	5946.852000	38568.504000	0.014000	0.000000	44515.370000	61912	2080
planetlab2.eecs.umich.edu_planetlab-01.ece.uprm.edu_8880 2	44699.461000	3.656000	0.077000	0.000000	44703.194000	61941	2048
planetlab2.eecs.umich.edu_planetlab-01.ece.uprm.edu_8885 2	44709.471000	5.955000	0.075000	0.000000	44715.501000	61950	2048
plab4.eece.ksu.edu_planetlab-01.ece.uprm.edu_3449 1	7265.678000	37506.979000	0.014000	0.000000	44772.671000	62059	2080
planetlab2.eecs.umich.edu_planetlab-01.ece.uprm.edu_8896 2	44783.945000	0.324000	0.080000	0.000000	44784.349000	61992	2048
planetlab2.eecs.umich.edu_planetlab-01.ece.uprm.edu_8898 2	44816.427000	0.077000	0.070000	0.000000	44816.574000	62014	2048
planetlab2.eecs.umich.edu_planetlab-01.ece.uprm.edu_8903 2	44877.496000	0.592000	0.077000	0.000000	44878.165000	62045	2048
planetlab2.eecs.umich.edu_planetlab-01.ece.uprm.edu_8905 2	44969.933000	3.015000	0.085000	0.000000	44973.033000	62110	2048
planetlab2.eecs.umich.edu_planetlab-01.ece.uprm.edu_8907 2	44998.056000	21.853000	0.117000	0.000000	45020.026000	62126	2048
planetlab2.eecs.umich.edu_planetlab-01.ece.uprm.edu_8909 2	45017.894000	2.615000	0.120000	0.000000	45020.629000	62134	2048
planetlab2.eecs.umich.edu_planetlab-01.ece.uprm.edu_8911 2	45022.210000	1.383000	0.081000	0.000000	45023.674000	62138	2048
plab4.eece.ksu.edu_planetlab-01.ece.uprm.edu_3471 1	8294.846000	36727.765000	0.958000	0.000000	45023.569000	62168	2080
planetlab2.eecs.umich.edu_planetlab-01.ece.uprm.edu_8913 2	45022.358000	4.510000	0.079000	0.000000	45026.947000	62140	2048
planetlab2.eecs.umich.edu_planetlab-01.ece.uprm.edu_8916 2	45029.881000	4.140000	0.138000	0.000000	45034.159000	62142	2048
planetlab2.eecs.umich.edu_planetlab-01.ece.uprm.edu_8917 2	45029.932000	4.743000	0.033000	0.000000	45034.708000	62143	2048
planetlab2.eecs.umich.edu_planetlab-01.ece.uprm.edu_8920 2	45058.998000	2.120000	0.078000	0.000000	45061.196000	62146	2048
planetlab1.cs.uoregon.edu_planetlab-01.ece.uprm.edu_6165 4	10742.693000	35007.234000	0.056000	0.000000	45749.983000	61554	256
vn4.cse.wustl.edu_planetlab-01.ece.uprm.edu_4457 5	48236.531000	0.057000	0.038000	0.000000	48236.626000	61589	272
planetlab1.cs.uoregon.edu_planetlab-01.ece.uprm.edu_6532 4	11815.879000	36512.244000	0.028000	0.000000	48328.151000	61592	256
vn4.cse.wustl.edu_planetlab-01.ece.uprm.edu_4526 5	49901.544000	0.449000	0.031000	0.000000	49902.024000	61633	272
planetlab1.cs.uoregon.edu_planetlab-01.ece.uprm.edu_6909 4	13487.529000	37793.555000	0.058000	0.000000	51281.142000	61677	256
vn4.cse.wustl.edu_planetlab-01.ece.uprm.edu_4630 5	52106.424000	0.346000	0.037000	0.000000	52106.807000	61707	272
vn4.cse.wustl.edu_planetlab-01.ece.uprm.edu_4632 5	52216.620000	0.256000	0.037000	0.000000	52216.913000	61717	272
vn4.cse.wustl.edu_planetlab-01.ece.uprm.edu_4648 5	52558.398000	0.050000	0.036000	0.000000	52558.484000	61726	272
vn4.cse.wustl.edu_planetlab-01.ece.uprm.edu_4651 5	52638.859000	0.044000	0.035000	0.000000	52638.938000	61731	272
vn4.cse.wustl.edu_planetlab-01.ece.uprm.edu_4653 5	52671.043000	0.270000	0.036000	0.000000	52671.349000	61738	272
vn4.cse.wustl.edu_planetlab-01.ece.uprm.edu_4656 5	52720.121000	1.020000	0.039000	0.000000	52721.180000	61737	272
plgmu1.ite.gmu.edu_planetlab-01.ece.uprm.edu_2464 4	52724.572000	1.557000	0.047000	0.000000	52726.176000	61605	208
vn4.cse.wustl.edu_planetlab-01.ece.uprm.edu_4660 5	52802.671000	0.323000	0.040000	0.000000	52803.034000	61739	272
vn4.cse.wustl.edu_planetlab-01.ece.uprm.edu_4682 5	53059.050000	0.267000	0.032000	0.000000	53059.349000	61743	272
vn4.cse.wustl.edu_planetlab-01.ece.uprm.edu_4698 5	53272.798000	0.041000	0.027000	0.000000	53272.866000	61755	272
vn4.cse.wustl.edu_planetlab-01.ece.uprm.edu_4709 5	53479.576000	0.344000	0.042000	0.000000	53479.962000	61761	272
vn4.cse.wustl.edu_planetlab-01.ece.uprm.edu_4717 5	53619.845000	0.768000	0.141000	0.000000	53620.754000	61774	272
vn4.cse.wustl.edu_planetlab-01.ece.uprm.edu_4742 5	54046.196000	0.279000	0.032000	0.000000	54046.507000	61782	272
vn4.cse.wustl.edu_planetlab-01.ece.uprm.edu_4759 5	54313.660000	0.347000	0.036000	0.000000	54314.043000	61786	272
vn4.cse.wustl.edu_planetlab-01.ece.uprm.edu_4765 5	54366.475000	0.049000	0.034000	0.000000	54366.558000	61788	272
vn4.cse.wustl.edu_planetlab-01.ece.uprm.edu_4767 5	54431.987000	0.298000	0.036000	0.000000	54432.321000	61790	272
vn4.cse.wustl.edu_planetlab-01.ece.uprm.edu_4773 5	54541.350000	0.039000	0.035000	0.000000	54541.424000	61791	272
vn4.cse.wustl.edu_planetlab-01.ece.uprm.edu_4789 5	54870.551000	0.362000	0.036000	0.000000	54870.949000	61803	272
vn4.cse.wustl.edu_planetlab-01.ece.uprm.edu_4805 5	55256.776000	0.047000	0.033000	0.000000	55256.856000	61822	272
vn4.cse.wustl.edu_planetlab-01.ece.uprm.edu_4808 5	55310.046000	1.083000	0.036000	0.000000	55311.165000	61825	272
planetlab1.cs.uoregon.edu_planetlab-01.ece.uprm.edu_7461 4	15420.141000	40268.934000	0.041000	0.000000	55689.116000	61862	256
vn4.cse.wustl.edu_planetlab-01.ece.uprm.edu_4839 5	55899.768000	0.376000	0.036000	0.000000	55900.180000	61867	272
vn4.cse.wustl.edu_planetlab-01.ece.uprm.edu_4846 5	56150.360000	0.043000	0.034000	0.000000	56150.437000	61885	272
vn4.cse.wustl.edu_planetlab-01.ece.uprm.edu_4852 5	56241.079000	0.044000	0.035000	0.000000	56241.158000	61888	272
vn4.cse.wustl.edu_planetlab-01.ece.uprm.edu_4854 5	56245.435000	0.036000	0.022000	0.000000	56245.493000	61889	272
vn4.cse.wustl.edu_planetlab-01.ece.uprm.edu_4856 5	56260.902000	0.291000	0.019000	0.000000	56261.212000	61891	272
vn4.cse.wustl.edu_planetlab-01.ece.uprm.edu_4858 5	56261.062000	0.531000	0.030000	0.000000	56261.623000	61893	272
vn4.cse.wustl.edu_planetlab-01.ece.uprm.edu_4862 5	56370.743000	0.332000	0.037000	0.000000	56371.112000	61897	272
vn4.cse.wustl.edu_planetlab-01.ece.uprm.edu_4867 5	56494.986000	0.048000	0.031000	0.000000	56495.065000	61905	272
vn4.cse.wustl.edu_planetlab-01.ece.uprm.edu_4875 5	56702.690000	0.081000	0.035000	0.000000	56702.806000	61918	272
vn4.cse.wustl.edu_planetlab-01.ece.uprm.edu_4886 5	56870.444000	0.214000	0.034000	0.000000	56870.692000	61921	272
planetlab1.cs.uoregon.edu_planetlab-01.ece.uprm.edu_7677 4	16167.548000	41430.671000	0.052000	0.000000	57598.271000	61966	256
vn4.cse.wustl.edu_planetlab-01.ece.uprm.edu_4916 5	57779.768000	0.078000	0.021000	0.000000	57779.867000	61973	272
planetlab1.eecs.umich.edu_planetlab-01.ece.uprm.edu_2225 3	57780.268000	7.801000	0.077000	0.000000	57788.146000	61796	2304
planetlab1.eecs.umich.edu_planetlab-01.ece.uprm.edu_2255 3	57940.608000	12.417000	0.077000	0.000000	57953.102000	62052	2304
planetlab1.eecs.umich.edu_planetlab-01.ece.uprm.edu_2293 3	58157.752000	4.203000	0.078000	0.000000	58162.033000	62167	2304
vn4.cse.wustl.edu_planetlab-01.ece.uprm.edu_4951 5	59477.410000	0.037000	0.036000	0.000000	59477.483000	62141	272
plgmu1.ite.gmu.edu_planetlab-01.ece.uprm.edu_2495 4	62024.436000	1.579000	0.066000	0.000000	62026.081000	61733	208
plgmu1.ite.gmu.edu_planetlab-01.ece.uprm.edu_2539 4	66039.922000	0.310000	0.060000	0.000000	66040.292000	61829	208
plgmu1.ite.gmu.edu_planetlab-01.ece.uprm.edu_2553 4	66169.023000	0.512000	0.076000	0.000000	66169.611000	61857	208
plgmu1.ite.gmu.edu_planetlab-01.ece.uprm.edu_2557 4	66192.686000	4.941000	0.087000	0.000000	66197.714000	61860	208
plgmu1.ite.gmu.edu_planetlab-01.ece.uprm.edu_2559 4	66195.843000	2.937000	0.045000	0.000000	66198.825000	61861	208
plgmu1.ite.gmu.edu_planetlab-01.ece.uprm.edu_2561 4	66215.279000	0.084000	0.053000	0.000000	66215.416000	61863	208
plgmu1.ite.gmu.edu_planetlab-01.ece.uprm.edu_2565 4	66248.882000	0.077000	0.060000	0.000000	66249.019000	61869	208
plgmu1.ite.gmu.edu_planetlab-01.ece.uprm.edu_2567 4	66291.692000	0.085000	0.089000	0.000000	66291.866000	61877	208
plgmu1.ite.gmu.edu_planetlab-01.ece.uprm.edu_2569 4	66647.407000	1.715000	0.065000	0.000000	66649.187000	61925	208
pl1.rcc.uottawa.ca_planetlab-01.ece.uprm.edu_12627 3	8226.934000	61630.472000	0.139000	0.000000	69857.545000	61564	0
pl1.rcc.uottawa.ca_planetlab-01.ece.uprm.edu_13727 3	9571.769000	64188.875000	0.047000	0.000000	73760.691000	61652	0
pl1.rcc.uottawa.ca_planetlab-01.ece.uprm.edu_15278 3	11808.401000	67470.214000	0.139000	0.000000	79278.754000	61751	0
pl1.rcc.uottawa.ca_planetlab-01.ece.uprm.edu_15465 3	12051.547000	67910.988000	0.021000	0.000000	79962.556000	61762	0
planetlab4.wail.wisc.edu_planetlab-01.ece.uprm.edu_12991 4	68956.470000	11395.112000	0.024000	0.000000	80351.606000	61547	16
planetlab4.wail.wisc.edu_planetlab-01.ece.uprm.edu_12999 4	68991.696000	11401.547000	0.042000	0.000000	80393.285000	61549	16
planetlab4.wail.wisc.edu_planetlab-01.ece.uprm.edu_13003 4	69025.588000	11392.618000	0.034000	0.000000	80418.240000	61550	16
planetlab4.wail.wisc.edu_planetlab-01.ece.uprm.edu_13017 4	69094.713000	11378.238000	0.031000	0.000000	80472.982000	61551	16
planetlab4.wail.wisc.edu_planetlab-01.ece.uprm.edu_13029 4	69147.128000	11378.548000	0.026000	0.000000	80525.702000	61553	16
planetlab4.wail.wisc.edu_planetlab-01.ece.uprm.edu_13031 4	69176.002000	11363.398000	0.034000	0.000000	80539.434000	61555	16
planetlab4.wail.wisc.edu_planetlab-01.ece.uprm.edu_13069 4	69330.991000	11349.562000	0.032000	0.000000	80680.585000	61557	16
planetlab4.wail.wisc.edu_planetlab-01.ece.uprm.edu_13084 4	69441.083000	11315.776000	0.032000	0.000000	80756.891000	61558	16
planetlab4.wail.wisc.edu_planetlab-01.ece.uprm.edu_13088 4	69446.786000	11316.463000	0.022000	0.000000	80763.271000	61559	16
pl1.rcc.uottawa.ca_planetlab-01.ece.uprm.edu_15828 3	12501.247000	68556.688000	0.037000	0.000000	81057.972000	61780	0
planetlab4.wail.wisc.edu_planetlab-01.ece.uprm.edu_13159 4	70038.545000	11037.077000	0.038000	0.000000	81075.660000	61567	16
planetlab4.wail.wisc.edu_planetlab-01.ece.uprm.edu_13221 4	70468.520000	11052.498000	0.035000	0.000000	81521.053000	61568	16
planetlab4.wail.wisc.edu_planetlab-01.ece.uprm.edu_13249 4	70613.976000	11065.144000	0.041000	0.000000	81679.161000	61572	16
planetlab4.wail.wisc.edu_planetlab-01.ece.uprm.edu_13280 4	70789.187000	11055.887000	0.027000	0.000000	81845.101000	61573	16
planetlab4.wail.wisc.edu_planetlab-01.ece.uprm.edu_13290 4	70847.192000	11054.535000	0.119000	0.000000	81901.846000	61574	16
planetlab4.wail.wisc.edu_planetlab-01.ece.uprm.edu_13317 4	71177.705000	10855.694000	0.038000	0.000000	82033.437000	61580	16
planetlab4.wail.wisc.edu_planetlab-01.ece.uprm.edu_13325 4	71212.633000	10870.537000	0.030000	0.000000	82083.200000	61581	16
planetlab4.wail.wisc.edu_planetlab-01.ece.uprm.edu_13371 4	71480.940000	10854.409000	0.041000	0.000000	82335.390000	61588	16
planetlab4.wail.wisc.edu_planetlab-01.ece.uprm.edu_13408 4	71936.264000	10559.106000	0.032000	0.000000	82495.402000	61595	16
planetlab4.wail.wisc.edu_planetlab-01.ece.uprm.edu_13445 4	72227.709000	10406.802000	0.027000	0.000000	82634.538000	61604	16
planetlab4.wail.wisc.edu_planetlab-01.ece.uprm.edu_13466 4	72333.180000	10393.428000	0.069000	0.000000	82726.677000	61607	16
planetlab4.wail.wisc.edu_planetlab-01.ece.uprm.edu_13521 4	72646.212000	10274.575000	0.031000	0.000000	82920.818000	61617	16
planetlab4.wail.wisc.edu_planetlab-01.ece.uprm.edu_13606 4	73093.415000	10151.933000	0.028000	0.000000	83245.376000	61636	16
planetlab4.wail.wisc.edu_planetlab-01.ece.uprm.edu_13613 4	73151.754000	10131.268000	0.040000	0.000000	83283.062000	61639	16
planetlab4.wail.wisc.edu_planetlab-01.ece.uprm.edu_13659 4	73507.240000	10013.643000	0.027000	0.000000	83520.910000	61647	16
planetlab4.wail.wisc.edu_planetlab-01.ece.uprm.edu_13689 4	73692.318000	9988.789000	0.036000	0.000000	83681.143000	61649	16
planetlab4.wail.wisc.edu_planetlab-01.ece.uprm.edu_13789 4	74447.545000	9564.965000	0.040000	0.000000	84012.550000	61665	16
planetlab4.wail.wisc.edu_planetlab-01.ece.uprm.edu_13809 4	74609.194000	9470.146000	0.036000	0.000000	84079.376000	61667	16
planetlab4.wail.wisc.edu_planetlab-01.ece.uprm.edu_13862 4	74937.721000	9274.447000	0.034000	0.000000	84212.202000	61669	16
planetlab4.wail.wisc.edu_planetlab-01.ece.uprm.edu_13869 4	74972.222000	9262.337000	0.037000	0.000000	84234.596000	61670	16
planetlab4.wail.wisc.edu_planetlab-01.ece.uprm.edu_13873 4	75014.322000	9237.779000	0.038000	0.000000	84252.139000	61671	16
planetlab4.wail.wisc.edu_planetlab-01.ece.uprm.edu_13952 4	75564.276000	8900.391000	0.027000	0.000000	84464.694000	61679	16
planetlab4.wail.wisc.edu_planetlab-01.ece.uprm.edu_13956 4	75586.490000	8887.228000	0.022000	0.000000	84473.740000	61680	16
planetlab4.wail.wisc.edu_planetlab-01.ece.uprm.edu_13958 4	75618.100000	8866.591000	0.041000	0.000000	84484.732000	61681	16
planetlab4.wail.wisc.edu_planetlab-01.ece.uprm.edu_13972 4	75702.366000	8828.857000	0.039000	0.000000	84531.262000	61683	16
planetlab4.wail.wisc.edu_planetlab-01.ece.uprm.edu_13991 4	75915.527000	8664.031000	0.027000	0.000000	84579.585000	61685	16
planetlab4.wail.wisc.edu_planetlab-01.ece.uprm.edu_14003 4	75983.161000	8605.975000	0.043000	0.000000	84589.179000	61687	16
planetlab4.wail.wisc.edu_planetlab-01.ece.uprm.edu_14017 4	76075.823000	8559.877000	0.038000	0.000000	84635.738000	61688	16
planetlab4.wail.wisc.edu_planetlab-01.ece.uprm.edu_14028 4	76163.188000	8505.934000	0.041000	0.000000	84669.163000	61689	16
planetlab4.wail.wisc.edu_planetlab-01.ece.uprm.edu_14292 4	77867.736000	7465.262000	0.031000	0.000000	85333.029000	61723	16
planetlab4.wail.wisc.edu_planetlab-01.ece.uprm.edu_14355 4	78341.657000	7183.792000	0.037000	0.000000	85525.486000	61735	16
planetlab4.wail.wisc.edu_planetlab-01.ece.uprm.edu_14375 4	78630.835000	6971.840000	0.039000	0.000000	85602.714000	61740	16
pl1.rcc.uottawa.ca_planetlab-01.ece.uprm.edu_17303 3	14694.738000	70986.934000	0.052000	0.000000	85681.724000	61844	0
planetlab4.wail.wisc.edu_planetlab-01.ece.uprm.edu_14511 4	80223.984000	5947.575000	0.036000	0.000000	86171.595000	61767	16
planetlab4.wail.wisc.edu_planetlab-01.ece.uprm.edu_14575 4	80743.087000	5613.792000	0.037000	0.000000	86356.916000	61775	16
planetlab4.wail.wisc.edu_planetlab-01.ece.uprm.edu_14633 4	81506.941000	5012.479000	0.035000	0.000000	86519.455000	61785	16
planetlab4.wail.wisc.edu_planetlab-01.ece.uprm.edu_14684 4	82422.411000	4335.381000	0.032000	0.000000	86757.824000	61795	16
planetlab4.wail.wisc.edu_planetlab-01.ece.uprm.edu_14686 4	82442.183000	4336.707000	0.043000	0.000000	86778.933000	61797	16
planetlab4.wail.wisc.edu_planetlab-01.ece.uprm.edu_14688 4	82480.481000	4299.191000	0.038000	0.000000	86779.710000	61798	16
planetlab4.wail.wisc.edu_planetlab-01.ece.uprm.edu_14699 4	82525.691000	4311.670000	0.034000	0.000000	86837.395000	61799	16
planetlab4.wail.wisc.edu_planetlab-01.ece.uprm.edu_14729 4	83019.618000	3914.728000	0.034000	0.000000	86934.380000	61807	16
planetlab4.wail.wisc.edu_planetlab-01.ece.uprm.edu_14756 4	83467.465000	3589.989000	0.035000	0.000000	87057.489000	61815	16
planetlab4.wail.wisc.edu_planetlab-01.ece.uprm.edu_14801 4	84255.616000	2958.837000	0.045000	0.000000	87214.498000	61828	16
planetlab4.wail.wisc.edu_planetlab-01.ece.uprm.edu_14860 4	85184.946000	2244.265000	0.042000	0.000000	87429.253000	61839	16
pl1.rcc.uottawa.ca_planetlab-01.ece.uprm.edu_17811 3	15885.602000	71626.814000	0.079000	0.000000	87512.495000	61864	0
planetlab4.wail.wisc.edu_planetlab-01.ece.uprm.edu_15106 4	88424.829000	0.116000	0.037000	0.000000	88424.982000	61875	16
pl1.rcc.uottawa.ca_planetlab-01.ece.uprm.edu_18378 3	18884.180000	70645.915000	0.023000	0.000000	89530.118000	61892	0
planetlab4.wail.wisc.edu_planetlab-01.ece.uprm.edu_15278 4	89631.241000	0.363000	0.029000	0.000000	89631.633000	61895	16
planetlab4.wail.wisc.edu_planetlab-01.ece.uprm.edu_15309 4	89768.192000	0.094000	0.035000	0.000000	89768.321000	61899	16
planetlab4.wail.wisc.edu_planetlab-01.ece.uprm.edu_15363 4	89945.408000	0.086000	0.043000	0.000000	89945.537000	61901	16
planetlab4.wail.wisc.edu_planetlab-01.ece.uprm.edu_15398 4	90104.195000	0.041000	0.025000	0.000000	90104.261000	61902	16
planetlab4.wail.wisc.edu_planetlab-01.ece.uprm.edu_15411 4	90139.205000	7.214000	0.028000	0.000000	90146.447000	61903	16
pl1.rcc.uottawa.ca_planetlab-01.ece.uprm.edu_18572 3	20522.065000	69688.115000	0.035000	0.000000	90210.215000	61904	0
pl1.rcc.uottawa.ca_planetlab-01.ece.uprm.edu_18607 3	20565.933000	69822.259000	0.026000	0.000000	90388.218000	61908	0
pl1.rcc.uottawa.ca_planetlab-01.ece.uprm.edu_18636 3	20615.088000	69876.650000	0.025000	0.000000	90491.763000	61909	0
pl1.rcc.uottawa.ca_planetlab-01.ece.uprm.edu_18648 3	20642.027000	69913.930000	0.021000	0.000000	90555.978000	61910	0
pl1.rcc.uottawa.ca_planetlab-01.ece.uprm.edu_18729 3	20758.510000	70116.487000	0.044000	0.000000	90875.041000	61916	0
planetlab4.wail.wisc.edu_planetlab-01.ece.uprm.edu_15556 4	90973.132000	0.267000	0.029000	0.000000	90973.428000	61919	16
planetlab4.wail.wisc.edu_planetlab-01.ece.uprm.edu_15614 4	91522.313000	0.363000	0.041000	0.000000	91522.717000	61927	16
planetlab4.wail.wisc.edu_planetlab-01.ece.uprm.edu_15690 4	92010.408000	0.296000	0.035000	0.000000	92010.739000	61935	16
planetlab4.wail.wisc.edu_planetlab-01.ece.uprm.edu_15703 4	92105.286000	0.047000	0.038000	0.000000	92105.371000	61937	16
pl1.rcc.uottawa.ca_planetlab-01.ece.uprm.edu_19127 3	21332.201000	70985.692000	0.020000	0.000000	92317.913000	61940	0
planetlab4.wail.wisc.edu_planetlab-01.ece.uprm.edu_15783 4	93056.255000	0.166000	0.040000	0.000000	93056.461000	61952	16
planetlab4.wail.wisc.edu_planetlab-01.ece.uprm.edu_15793 4	93133.716000	2.815000	0.044000	0.000000	93136.575000	61955	16
planetlab4.wail.wisc.edu_planetlab-01.ece.uprm.edu_15799 4	93184.101000	0.508000	0.032000	0.000000	93184.641000	61956	16
planetlab4.wail.wisc.edu_planetlab-01.ece.uprm.edu_15810 4	93301.208000	0.394000	0.032000	0.000000	93301.634000	61957	16
planetlab4.wail.wisc.edu_planetlab-01.ece.uprm.edu_15823 4	93386.202000	0.499000	0.043000	0.000000	93386.744000	61958	16
planetlab4.wail.wisc.edu_planetlab-01.ece.uprm.edu_15847 4	93652.692000	2.501000	0.037000	0.000000	93655.230000	61961	16
planetlab4.wail.wisc.edu_planetlab-01.ece.uprm.edu_15855 4	93717.523000	0.049000	0.036000	0.000000	93717.608000	61962	16
planetlab4.wail.wisc.edu_planetlab-01.ece.uprm.edu_15858 4	93739.887000	0.034000	0.034000	0.000000	93739.955000	61963	16
planetlab4.wail.wisc.edu_planetlab-01.ece.uprm.edu_15860 4	93762.202000	0.045000	0.035000	0.000000	93762.282000	61964	16
planetlab4.wail.wisc.edu_planetlab-01.ece.uprm.edu_15891 4	94060.124000	9.269000	0.035000	0.000000	94069.428000	61967	16
planetlab4.wail.wisc.edu_planetlab-01.ece.uprm.edu_15913 4	94360.961000	0.165000	0.037000	0.000000	94361.163000	61969	16
planetlab4.wail.wisc.edu_planetlab-01.ece.uprm.edu_15926 4	94427.025000	0.367000	0.035000	0.000000	94427.427000	61970	16
planetlab4.wail.wisc.edu_planetlab-01.ece.uprm.edu_15931 4	94451.791000	2.132000	0.046000	0.000000	94453.969000	61971	16
planetlab4.wail.wisc.edu_planetlab-01.ece.uprm.edu_15938 4	94470.453000	0.614000	0.088000	0.000000	94471.155000	61972	16
planetlab4.wail.wisc.edu_planetlab-01.ece.uprm.edu_15985 4	94969.478000	0.186000	0.044000	0.000000	94969.708000	61975	16
planetlab4.wail.wisc.edu_planetlab-01.ece.uprm.edu_15994 4	95051.017000	0.338000	0.227000	0.000000	95051.582000	61976	16
planetlab4.wail.wisc.edu_planetlab-01.ece.uprm.edu_15996 4	95053.974000	0.281000	0.029000	0.000000	95054.284000	61977	16
planetlab4.wail.wisc.edu_planetlab-01.ece.uprm.edu_16007 4	95104.543000	0.034000	0.032000	0.000000	95104.609000	61978	16
planetlab4.wail.wisc.edu_planetlab-01.ece.uprm.edu_16014 4	95168.708000	0.665000	0.038000	0.000000	95169.411000	61979	16
planetlab4.wail.wisc.edu_planetlab-01.ece.uprm.edu_16031 4	95310.487000	0.160000	0.046000	0.000000	95310.693000	61981	16
planetlab4.wail.wisc.edu_planetlab-01.ece.uprm.edu_16063 4	95476.961000	0.757000	0.028000	0.000000	95477.746000	61982	16
planetlab4.wail.wisc.edu_planetlab-01.ece.uprm.edu_16072 4	95557.282000	0.120000	0.036000	0.000000	95557.438000	61983	16
planetlab4.wail.wisc.edu_planetlab-01.ece.uprm.edu_16120 4	96067.878000	0.038000	0.024000	0.000000	96067.940000	61988	16
planetlab4.wail.wisc.edu_planetlab-01.ece.uprm.edu_16215 4	96676.140000	0.151000	0.026000	0.000000	96676.317000	61995	16
planetlab4.wail.wisc.edu_planetlab-01.ece.uprm.edu_16264 4	97110.947000	0.100000	0.029000	0.000000	97111.076000	62001	16
planetlab4.wail.wisc.edu_planetlab-01.ece.uprm.edu_16270 4	97180.035000	0.322000	0.037000	0.000000	97180.394000	62003	16
pl1.rcc.uottawa.ca_planetlab-01.ece.uprm.edu_20528 3	23277.413000	74080.848000	0.033000	0.000000	97358.294000	62007	0
planetlab4.wail.wisc.edu_planetlab-01.ece.uprm.edu_16338 4	97728.812000	0.141000	0.031000	0.000000	97728.984000	62009	16
pl1.rcc.uottawa.ca_planetlab-01.ece.uprm.edu_20636 3	23444.261000	74319.546000	0.031000	0.000000	97763.838000	62012	0
planetlab4.wail.wisc.edu_planetlab-01.ece.uprm.edu_16340 4	97772.414000	0.145000	0.046000	0.000000	97772.605000	62010	16
planetlab4.wail.wisc.edu_planetlab-01.ece.uprm.edu_16342 4	97772.763000	0.291000	0.027000	0.000000	97773.081000	62011	16
planetlab4.wail.wisc.edu_planetlab-01.ece.uprm.edu_16363 4	97949.037000	0.419000	0.046000	0.000000	97949.502000	62015	16
pl1.rcc.uottawa.ca_planetlab-01.ece.uprm.edu_20736 3	23537.230000	74508.561000	0.024000	0.000000	98045.815000	62018	0
planetlab4.wail.wisc.edu_planetlab-01.ece.uprm.edu_16393 4	98150.415000	0.377000	0.024000	0.000000	98150.816000	62020	16
planetlab4.wail.wisc.edu_planetlab-01.ece.uprm.edu_16416 4	98307.410000	0.103000	0.025000	0.000000	98307.538000	61991	16
planetlab4.wail.wisc.edu_planetlab-01.ece.uprm.edu_16420 4	98331.577000	0.036000	0.036000	0.000000	98331.649000	62023	16
planetlab4.wail.wisc.edu_planetlab-01.ece.uprm.edu_16449 4	98764.538000	0.118000	0.036000	0.000000	98764.692000	62027	16
planetlab4.wail.wisc.edu_planetlab-01.ece.uprm.edu_16469 4	98893.896000	0.254000	0.032000	0.000000	98894.182000	62031	16
planetlab4.wail.wisc.edu_planetlab-01.ece.uprm.edu_16477 4	98952.024000	0.112000	0.036000	0.000000	98952.172000	62033	16
planetlab4.wail.wisc.edu_planetlab-01.ece.uprm.edu_16485 4	98993.662000	0.587000	0.033000	0.000000	98994.282000	62035	16
planetlab4.wail.wisc.edu_planetlab-01.ece.uprm.edu_16547 4	99420.802000	0.303000	0.035000	0.000000	99421.140000	62041	16
planetlab4.wail.wisc.edu_planetlab-01.ece.uprm.edu_16555 4	99506.727000	0.383000	0.034000	0.000000	99507.144000	62042	16
planetlab4.wail.wisc.edu_planetlab-01.ece.uprm.edu_16563 4	99589.016000	0.352000	0.043000	0.000000	99589.411000	62043	16
pl1.rcc.uottawa.ca_planetlab-01.ece.uprm.edu_21309 3	24350.839000	75370.172000	0.047000	0.000000	99721.058000	62044	0
planetlab4.wail.wisc.edu_planetlab-01.ece.uprm.edu_16632 4	100265.635000	0.113000	0.034000	0.000000	100265.782000	62049	16
planetlab4.wail.wisc.edu_planetlab-01.ece.uprm.edu_16636 4	100295.794000	0.127000	0.037000	0.000000	100295.958000	62051	16
planetlab4.wail.wisc.edu_planetlab-01.ece.uprm.edu_16680 4	100614.345000	5.661000	0.035000	0.000000	100620.041000	62053	16
planetlab4.wail.wisc.edu_planetlab-01.ece.uprm.edu_16682 4	100631.955000	0.046000	0.036000	0.000000	100632.037000	62054	16
planetlab4.wail.wisc.edu_planetlab-01.ece.uprm.edu_16686 4	100667.547000	0.329000	0.035000	0.000000	100667.911000	62055	16
pl1.rcc.uottawa.ca_planetlab-01.ece.uprm.edu_21635 3	24948.639000	75941.122000	0.030000	0.000000	100889.791000	62060	0
planetlab4.wail.wisc.edu_planetlab-01.ece.uprm.edu_16742 4	101301.040000	0.393000	0.037000	0.000000	101301.470000	62062	16
planetlab4.wail.wisc.edu_planetlab-01.ece.uprm.edu_16760 4	101410.451000	0.072000	0.037000	0.000000	101410.560000	62063	16
planetlab4.wail.wisc.edu_planetlab-01.ece.uprm.edu_16764 4	101424.080000	0.416000	0.039000	0.000000	101424.535000	62064	16
planetlab4.wail.wisc.edu_planetlab-01.ece.uprm.edu_16774 4	101491.240000	0.103000	0.035000	0.000000	101491.378000	62065	16
planetlab4.wail.wisc.edu_planetlab-01.ece.uprm.edu_16784 4	101559.221000	0.096000	0.034000	0.000000	101559.351000	62067	16
pl1.rcc.uottawa.ca_planetlab-01.ece.uprm.edu_21796 3	25219.641000	76422.677000	0.042000	0.000000	101642.360000	62068	0
planetlab4.wail.wisc.edu_planetlab-01.ece.uprm.edu_16806 4	101755.596000	0.297000	0.033000	0.000000	101755.926000	62069	16
planetlab4.wail.wisc.edu_planetlab-01.ece.uprm.edu_16820 4	101841.361000	0.090000	0.024000	0.000000	101841.475000	62071	16
pl1.rcc.uottawa.ca_planetlab-01.ece.uprm.edu_21867 3	25323.084000	76574.561000	0.022000	0.000000	101897.667000	62072	0
planetlab4.wail.wisc.edu_planetlab-01.ece.uprm.edu_16827 4	101947.098000	0.235000	0.034000	0.000000	101947.367000	62073	16
planetlab4.wail.wisc.edu_planetlab-01.ece.uprm.edu_16852 4	102291.187000	5.882000	0.041000	0.000000	102297.110000	62075	16
pl1.rcc.uottawa.ca_planetlab-01.ece.uprm.edu_21942 3	25461.013000	76844.495000	0.026000	0.000000	102305.534000	62076	0
pl1.rcc.uottawa.ca_planetlab-01.ece.uprm.edu_21965 3	25514.869000	76868.455000	0.051000	0.000000	102383.375000	62077	0
pl1.rcc.uottawa.ca_planetlab-01.ece.uprm.edu_21985 3	25540.935000	76907.140000	0.030000	0.000000	102448.105000	62078	0
planetlab4.wail.wisc.edu_planetlab-01.ece.uprm.edu_16873 4	102603.587000	0.260000	0.056000	0.000000	102603.903000	62080	16
planetlab4.wail.wisc.edu_planetlab-01.ece.uprm.edu_16876 4	102626.673000	0.353000	0.025000	0.000000	102627.051000	62081	16
planetlab4.wail.wisc.edu_planetlab-01.ece.uprm.edu_16887 4	102696.899000	0.820000	0.034000	0.000000	102697.753000	62082	16
planetlab4.wail.wisc.edu_planetlab-01.ece.uprm.edu_16905 4	102821.511000	0.427000	0.036000	0.000000	102821.974000	62085	16
planetlab4.wail.wisc.edu_planetlab-01.ece.uprm.edu_16907 4	102867.461000	0.050000	0.033000	0.000000	102867.544000	62084	16
planetlab4.wail.wisc.edu_planetlab-01.ece.uprm.edu_16911 4	102868.169000	0.121000	0.031000	0.000000	102868.321000	62086	16
planetlab4.wail.wisc.edu_planetlab-01.ece.uprm.edu_16915 4	102870.279000	0.260000	0.023000	0.000000	102870.562000	62087	16
planetlab4.wail.wisc.edu_planetlab-01.ece.uprm.edu_16917 4	102871.483000	0.487000	0.023000	0.000000	102871.993000	62088	16
planetlab4.wail.wisc.edu_planetlab-01.ece.uprm.edu_16936 4	103097.672000	0.336000	0.034000	0.000000	103098.042000	62091	16
planetlab4.wail.wisc.edu_planetlab-01.ece.uprm.edu_16940 4	103104.658000	0.725000	0.023000	0.000000	103105.406000	62092	16
planetlab4.wail.wisc.edu_planetlab-01.ece.uprm.edu_16942 4	103120.418000	0.414000	0.030000	0.000000	103120.862000	62093	16
