planetlab2.dtc.umn.edu_cs-planetlab3.cs.surrey.sfu.ca_2485 5	755.173000	1621.481000	0.114000	0.010000	2376.778000	S	49110	3072
planetlab-6.ece.iastate.edu_cs-planetlab3.cs.surrey.sfu.ca_1210 4	445.994000	2026.062000	0.107000	0.010000	2472.173000	S	49145	3136
planetlab2.dtc.umn.edu_cs-planetlab3.cs.surrey.sfu.ca_2588 5	1207.586000	3459.109000	0.098000	0.011000	4666.804000	S	49271	3072
planetlab2.cs.uoregon.edu_cs-planetlab3.cs.surrey.sfu.ca_1946 4	414.785000	5029.401000	0.064000	0.011000	5444.261000	S	49425	3104
planetlab1.cs.pitt.edu_cs-planetlab3.cs.surrey.sfu.ca_7485 3	315.082000	5586.142000	0.060000	0.011000	5901.295000	S	49046	384
planetlab2.mnlab.cti.depaul.edu_cs-planetlab3.cs.surrey.sfu.ca_5098 3	343.345000	5784.676000	0.060000	0.009000	6128.090000	S	49122	1152
planetlab-1.cse.ohio-state.edu_cs-planetlab3.cs.surrey.sfu.ca_3039 1	364.854000	6321.026000	0.036000	0.001000	6685.917000	S	49052	2560
vn5.cse.wustl.edu_cs-planetlab3.cs.surrey.sfu.ca_3220 2	379.113000	6403.524000	0.061000	0.004000	6782.702000	S	49499	1344
node2.planetlab.albany.edu_cs-planetlab3.cs.surrey.sfu.ca_2455 4	522.459000	6854.585000	0.086000	0.009000	7377.139000	S	49187	1792
planetlab2.williams.edu_cs-planetlab3.cs.surrey.sfu.ca_3343 2	307.934000	7271.587000	0.043000	0.005000	7579.569000	S	49075	1312
planetlab-3.cmcl.cs.cmu.edu_cs-planetlab3.cs.surrey.sfu.ca_3507 4	375.554000	7490.945000	0.097000	0.014000	7866.610000	S	49311	1568
planetlab2.mnlab.cti.depaul.edu_cs-planetlab3.cs.surrey.sfu.ca_5431 3	374.704000	7851.584000	0.049000	0.005000	8226.342000	S	49387	1152
planetlab-1.cse.ohio-state.edu_cs-planetlab3.cs.surrey.sfu.ca_3216 1	499.886000	7808.694000	0.041000	0.002000	8308.623000	S	49213	2560
planetlab2.mnlab.cti.depaul.edu_cs-planetlab3.cs.surrey.sfu.ca_5487 3	343.515000	8840.862000	0.042000	0.005000	9184.424000	S	49471	1152
planetlab1.cs.cornell.edu_cs-planetlab3.cs.surrey.sfu.ca_4917 3	299.299000	9720.297000	0.080000	0.005000	10019.681000	S	49524	1280
planetlab2.mnlab.cti.depaul.edu_cs-planetlab3.cs.surrey.sfu.ca_5535 3	395.126000	10119.148000	0.049000	0.004000	10514.327000	S	49568	1152
planetlab4.williams.edu_cs-planetlab3.cs.surrey.sfu.ca_4168 4	555.041000	12160.790000	0.115000	0.012000	12715.958000	S	49127	336
planetlab4.williams.edu_cs-planetlab3.cs.surrey.sfu.ca_4176 4	516.981000	12550.173000	0.107000	0.062000	13067.323000	S	49222	336
planetlab-02.bu.edu_cs-planetlab3.cs.surrey.sfu.ca_3417 3	263.354000	13490.751000	0.067000	0.010000	13754.182000	S	49440	368
planetlab2.eecs.umich.edu_cs-planetlab3.cs.surrey.sfu.ca_13576 2	1437.838000	12476.117000	0.102000	0.004000	13914.061000	S	48994	2048
planetlab2.eecs.umich.edu_cs-planetlab3.cs.surrey.sfu.ca_13595 2	1450.990000	12709.524000	0.086000	0.004000	14160.604000	S	48993	2048
planetlab2.eecs.umich.edu_cs-planetlab3.cs.surrey.sfu.ca_13597 2	1438.627000	12728.533000	0.089000	0.002000	14167.251000	S	48995	2048
planetlab2.eecs.umich.edu_cs-planetlab3.cs.surrey.sfu.ca_13682 2	1236.991000	14326.863000	0.088000	0.004000	15563.946000	S	49003	2048
planetlab2.eecs.umich.edu_cs-planetlab3.cs.surrey.sfu.ca_13706 2	2278.088000	13354.280000	0.091000	0.003000	15632.462000	S	48989	2048
planetlab2.eecs.umich.edu_cs-planetlab3.cs.surrey.sfu.ca_13800 2	976.679000	15070.012000	0.079000	0.004000	16046.774000	S	49011	2048
planetlab2.eecs.umich.edu_cs-planetlab3.cs.surrey.sfu.ca_14003 2	576.594000	16187.411000	0.091000	0.003000	16764.099000	S	49051	2048
planetlab-01.bu.edu_cs-planetlab3.cs.surrey.sfu.ca_7403 5	576.444000	17131.402000	0.104000	0.010000	17707.960000	S	49338	640
planetlab2.eecs.umich.edu_cs-planetlab3.cs.surrey.sfu.ca_14323 2	4966.634000	13223.027000	0.090000	0.003000	18189.754000	S	48999	2048
planetlab2.eecs.umich.edu_cs-planetlab3.cs.surrey.sfu.ca_14331 2	1797.221000	16428.105000	0.104000	0.003000	18225.433000	S	49123	2048
planetlab-01.cs.princeton.edu_cs-planetlab3.cs.surrey.sfu.ca_2339 5	499.683000	17731.663000	0.130000	0.013000	18231.489000	S	49240	816
planetlab2.eecs.umich.edu_cs-planetlab3.cs.surrey.sfu.ca_14340 2	1673.513000	16596.171000	2.511000	0.004000	18272.199000	S	49134	2048
planetlab2.eecs.umich.edu_cs-planetlab3.cs.surrey.sfu.ca_14401 2	1536.854000	17021.145000	0.102000	0.004000	18558.105000	S	49185	2048
planetlab2.eecs.umich.edu_cs-planetlab3.cs.surrey.sfu.ca_14407 2	1535.580000	17033.354000	0.092000	0.004000	18569.030000	S	49194	2048
planetlab2.eecs.umich.edu_cs-planetlab3.cs.surrey.sfu.ca_14415 2	1306.042000	17306.160000	0.174000	0.003000	18612.379000	S	49226	2048
planetlab2.eecs.umich.edu_cs-planetlab3.cs.surrey.sfu.ca_14420 2	3027.959000	15621.560000	0.104000	0.004000	18649.627000	S	49079	2048
planetlab2.eecs.umich.edu_cs-planetlab3.cs.surrey.sfu.ca_14425 2	1179.564000	17482.824000	0.082000	0.004000	18662.474000	S	49236	2048
planetlab2.eecs.umich.edu_cs-planetlab3.cs.surrey.sfu.ca_14432 2	1191.815000	17486.205000	0.097000	0.003000	18678.120000	S	49241	2048
planetlab2.eecs.umich.edu_cs-planetlab3.cs.surrey.sfu.ca_14442 2	1089.409000	17648.592000	0.261000	0.004000	18738.266000	S	49250	2048
planetlab2.eecs.umich.edu_cs-planetlab3.cs.surrey.sfu.ca_14444 2	1000.235000	17744.259000	0.081000	0.004000	18744.579000	S	49256	2048
planetlab2.eecs.umich.edu_cs-planetlab3.cs.surrey.sfu.ca_14448 2	996.887000	17763.571000	0.106000	0.004000	18760.568000	S	49259	2048
planetlab2.eecs.umich.edu_cs-planetlab3.cs.surrey.sfu.ca_14450 2	977.229000	17789.743000	0.086000	0.004000	18767.062000	S	49262	2048
planetlab2.eecs.umich.edu_cs-planetlab3.cs.surrey.sfu.ca_14446 2	1029.975000	17755.060000	0.105000	0.002000	18785.142000	S	49258	2048
planetlab2.eecs.umich.edu_cs-planetlab3.cs.surrey.sfu.ca_14456 2	1023.262000	17767.195000	0.097000	0.003000	18790.557000	S	49274	2048
planetlab2.eecs.umich.edu_cs-planetlab3.cs.surrey.sfu.ca_14473 2	841.738000	18045.349000	0.089000	0.003000	18887.179000	S	49305	2048
planetlab2.eecs.umich.edu_cs-planetlab3.cs.surrey.sfu.ca_14491 2	640.375000	18336.180000	0.115000	0.004000	18976.674000	S	49342	2048
planetlab2.eecs.umich.edu_cs-planetlab3.cs.surrey.sfu.ca_14496 2	573.946000	18416.378000	0.172000	0.004000	18990.500000	S	49353	2048
planetlab2.eecs.umich.edu_cs-planetlab3.cs.surrey.sfu.ca_14500 2	534.070000	18468.705000	0.088000	0.004000	19002.867000	S	49361	2048
planetlab4.csee.usf.edu_cs-planetlab3.cs.surrey.sfu.ca_2708 2	716.666000	18764.566000	0.053000	0.004000	19481.289000	S	49170	2624
planet1.cs.rochester.edu_cs-planetlab3.cs.surrey.sfu.ca_2026 4	8110.102000	12123.254000	0.072000	0.006000	20233.434000	S	49581	3328
planetlab2.cs.columbia.edu_cs-planetlab3.cs.surrey.sfu.ca_7669 4	624.060000	21623.192000	0.078000	0.010000	22247.340000	S	48987	112
planetlab-2.cs.uh.edu_cs-planetlab3.cs.surrey.sfu.ca_3360 6	967.626000	21538.257000	0.164000	0.017000	22506.064000	S	49470	784
planetlab2.cs.pitt.edu_cs-planetlab3.cs.surrey.sfu.ca_5388 4	286.371000	22392.530000	0.122000	0.013000	22679.036000	S	49423	304
planetlab2.acis.ufl.edu_cs-planetlab3.cs.surrey.sfu.ca_14108 3	565.623000	23042.047000	0.057000	0.005000	23607.732000	S	49608	1056
planetlab1.eecs.umich.edu_cs-planetlab3.cs.surrey.sfu.ca_5008 3	787.348000	23017.539000	0.160000	0.011000	23805.058000	S	49328	2304
planetlab4.rutgers.edu_cs-planetlab3.cs.surrey.sfu.ca_19125 4	619.852000	24692.185000	0.077000	0.005000	25312.119000	S	48991	1024
planetlab4.rutgers.edu_cs-planetlab3.cs.surrey.sfu.ca_19159 4	581.050000	24853.817000	0.060000	0.005000	25434.932000	S	49007	1024
planetlab4.rutgers.edu_cs-planetlab3.cs.surrey.sfu.ca_19167 4	611.491000	24845.181000	0.063000	0.006000	25456.741000	S	49018	1024
planetlab4.rutgers.edu_cs-planetlab3.cs.surrey.sfu.ca_19171 4	581.341000	24889.335000	0.058000	0.006000	25470.740000	S	49031	1024
planetlab4.rutgers.edu_cs-planetlab3.cs.surrey.sfu.ca_19173 4	581.622000	24893.007000	0.067000	0.007000	25474.703000	S	49035	1024
planetlab4.rutgers.edu_cs-planetlab3.cs.surrey.sfu.ca_19175 4	581.800000	24908.651000	0.063000	0.006000	25490.520000	S	49037	1024
planetlab4.rutgers.edu_cs-planetlab3.cs.surrey.sfu.ca_19177 4	580.926000	24911.813000	0.058000	0.005000	25492.802000	S	49038	1024
planetlab4.rutgers.edu_cs-planetlab3.cs.surrey.sfu.ca_19180 4	580.873000	24934.914000	0.064000	0.006000	25515.857000	S	49039	1024
planetlab4.rutgers.edu_cs-planetlab3.cs.surrey.sfu.ca_19182 4	582.837000	24939.761000	0.063000	0.009000	25522.670000	S	49040	1024
planetlab4.rutgers.edu_cs-planetlab3.cs.surrey.sfu.ca_19186 4	580.836000	24970.814000	0.053000	0.007000	25551.710000	S	49055	1024
planetlab4.rutgers.edu_cs-planetlab3.cs.surrey.sfu.ca_19188 4	581.258000	24974.727000	0.054000	0.006000	25556.045000	S	49071	1024
planetlab4.rutgers.edu_cs-planetlab3.cs.surrey.sfu.ca_19194 4	580.753000	24993.052000	0.073000	0.007000	25573.885000	S	49084	1024
planetlab4.rutgers.edu_cs-planetlab3.cs.surrey.sfu.ca_19200 4	581.322000	25025.953000	0.068000	0.006000	25607.349000	S	49103	1024
planetlab4.rutgers.edu_cs-planetlab3.cs.surrey.sfu.ca_19202 4	581.372000	25027.172000	0.097000	0.005000	25608.646000	S	49125	1024
planetlab4.rutgers.edu_cs-planetlab3.cs.surrey.sfu.ca_19204 4	581.703000	25042.761000	0.064000	0.006000	25624.534000	S	49165	1024
planetlab4.rutgers.edu_cs-planetlab3.cs.surrey.sfu.ca_19206 4	581.515000	25051.186000	0.058000	0.005000	25632.764000	S	49158	1024
planetlab4.rutgers.edu_cs-planetlab3.cs.surrey.sfu.ca_19214 4	694.091000	25088.235000	0.058000	0.009000	25782.393000	S	49176	1024
planetlab4.rutgers.edu_cs-planetlab3.cs.surrey.sfu.ca_19230 4	656.206000	25141.994000	0.058000	0.009000	25798.267000	S	49192	1024
planetlab4.rutgers.edu_cs-planetlab3.cs.surrey.sfu.ca_19234 4	645.087000	25156.402000	0.068000	0.007000	25801.564000	S	49200	1024
planetlab4.rutgers.edu_cs-planetlab3.cs.surrey.sfu.ca_19242 4	702.187000	25173.612000	0.055000	0.004000	25875.858000	S	49208	1024
planetlab4.rutgers.edu_cs-planetlab3.cs.surrey.sfu.ca_19244 4	656.002000	25223.621000	0.065000	0.005000	25879.693000	S	49209	1024
planetlab4.rutgers.edu_cs-planetlab3.cs.surrey.sfu.ca_19246 4	599.798000	25282.996000	0.056000	0.007000	25882.857000	S	49210	1024
planetlab4.rutgers.edu_cs-planetlab3.cs.surrey.sfu.ca_19250 4	581.757000	25307.920000	0.057000	0.006000	25889.740000	S	49212	1024
planetlab4.rutgers.edu_cs-planetlab3.cs.surrey.sfu.ca_19264 4	702.692000	25258.441000	0.054000	0.005000	25961.192000	S	49221	1024
planetlab4.rutgers.edu_cs-planetlab3.cs.surrey.sfu.ca_19268 4	581.116000	25389.894000	0.077000	0.007000	25971.094000	S	49225	1024
planetlab4.rutgers.edu_cs-planetlab3.cs.surrey.sfu.ca_19270 4	581.070000	25395.634000	0.059000	0.006000	25976.769000	S	49228	1024
planetlab4.rutgers.edu_cs-planetlab3.cs.surrey.sfu.ca_19276 4	581.368000	25415.857000	0.065000	0.008000	25997.298000	S	49229	1024
planetlab4.rutgers.edu_cs-planetlab3.cs.surrey.sfu.ca_19285 4	581.386000	25468.282000	0.057000	0.006000	26049.731000	S	49231	1024
planetlab4.rutgers.edu_cs-planetlab3.cs.surrey.sfu.ca_19297 4	581.575000	25509.255000	0.057000	0.009000	26090.896000	S	49234	1024
planetlab4.rutgers.edu_cs-planetlab3.cs.surrey.sfu.ca_19303 4	580.744000	25530.934000	0.070000	0.006000	26111.754000	S	49245	1024
planetlab4.rutgers.edu_cs-planetlab3.cs.surrey.sfu.ca_19312 4	581.541000	25557.496000	0.061000	0.006000	26139.104000	S	49261	1024
planetlab4.rutgers.edu_cs-planetlab3.cs.surrey.sfu.ca_19314 4	581.286000	25570.949000	0.072000	0.005000	26152.312000	S	49272	1024
planetlab4.rutgers.edu_cs-planetlab3.cs.surrey.sfu.ca_19336 4	580.986000	25670.433000	0.070000	0.007000	26251.496000	S	49298	1024
planetlab4.rutgers.edu_cs-planetlab3.cs.surrey.sfu.ca_19393 4	653.034000	25835.340000	0.058000	0.006000	26488.438000	S	49326	1024
planetlab4.rutgers.edu_cs-planetlab3.cs.surrey.sfu.ca_19396 4	626.583000	25872.057000	0.061000	0.006000	26498.707000	S	49333	1024
planetlab4.rutgers.edu_cs-planetlab3.cs.surrey.sfu.ca_19398 4	595.767000	25903.984000	0.063000	0.007000	26499.821000	S	49336	1024
planetlab4.rutgers.edu_cs-planetlab3.cs.surrey.sfu.ca_19400 4	596.679000	25918.999000	0.064000	0.006000	26515.748000	S	49346	1024
planetlab4.rutgers.edu_cs-planetlab3.cs.surrey.sfu.ca_19405 4	582.190000	25960.000000	0.056000	0.006000	26542.252000	S	49357	1024
planetlab2.eecs.umich.edu_cs-planetlab3.cs.surrey.sfu.ca_16295 2	1395.610000	25176.624000	0.098000	0.004000	26572.336000	S	49368	2048
planetlab2.eecs.umich.edu_cs-planetlab3.cs.surrey.sfu.ca_16298 2	1397.115000	25197.879000	0.088000	0.004000	26595.086000	S	49369	2048
planetlab4.rutgers.edu_cs-planetlab3.cs.surrey.sfu.ca_19415 4	581.376000	26016.210000	0.076000	0.006000	26597.668000	S	49360	1024
planetlab4.rutgers.edu_cs-planetlab3.cs.surrey.sfu.ca_19417 4	581.111000	26017.531000	0.041000	0.008000	26598.691000	S	49362	1024
planetlab2.eecs.umich.edu_cs-planetlab3.cs.surrey.sfu.ca_16301 2	1410.692000	25191.877000	0.084000	0.004000	26602.657000	S	49371	2048
planetlab4.rutgers.edu_cs-planetlab3.cs.surrey.sfu.ca_19419 4	583.246000	26026.911000	0.053000	0.006000	26610.216000	S	49363	1024
planetlab4.rutgers.edu_cs-planetlab3.cs.surrey.sfu.ca_19422 4	581.390000	26028.872000	0.076000	0.009000	26610.347000	S	49366	1024
planetlab2.eecs.umich.edu_cs-planetlab3.cs.surrey.sfu.ca_16311 2	1374.850000	25293.053000	0.878000	0.004000	26668.785000	S	49373	2048
planetlab2.eecs.umich.edu_cs-planetlab3.cs.surrey.sfu.ca_16318 2	1419.450000	25287.067000	0.100000	0.003000	26706.620000	S	49386	2048
planetlab2.eecs.umich.edu_cs-planetlab3.cs.surrey.sfu.ca_16333 2	1396.747000	25391.035000	0.109000	0.004000	26787.895000	S	49401	2048
planetlab4.rutgers.edu_cs-planetlab3.cs.surrey.sfu.ca_19437 4	686.293000	26103.520000	0.062000	0.053000	26789.928000	S	49370	1024
planetlab4.rutgers.edu_cs-planetlab3.cs.surrey.sfu.ca_19447 4	722.393000	26142.414000	0.074000	0.005000	26864.886000	S	49394	1024
planetlab2.eecs.umich.edu_cs-planetlab3.cs.surrey.sfu.ca_16348 2	1462.892000	25437.611000	4.125000	0.003000	26904.631000	S	49418	2048
planetlab4.rutgers.edu_cs-planetlab3.cs.surrey.sfu.ca_19462 4	742.415000	26200.978000	0.073000	0.007000	26943.473000	S	49410	1024
planetlab4.rutgers.edu_cs-planetlab3.cs.surrey.sfu.ca_19464 4	738.428000	26205.283000	0.066000	0.006000	26943.783000	S	49412	1024
planetlab4.rutgers.edu_cs-planetlab3.cs.surrey.sfu.ca_19468 4	726.001000	26219.972000	0.074000	0.009000	26946.056000	S	49414	1024
planetlab4.rutgers.edu_cs-planetlab3.cs.surrey.sfu.ca_19470 4	723.761000	26222.752000	0.064000	0.005000	26946.582000	S	49415	1024
planetlab4.rutgers.edu_cs-planetlab3.cs.surrey.sfu.ca_19474 4	601.088000	26352.342000	0.075000	0.007000	26953.512000	S	49422	1024
planetlab2.eecs.umich.edu_cs-planetlab3.cs.surrey.sfu.ca_16355 2	1457.635000	25507.685000	0.250000	0.005000	26965.575000	S	49439	2048
planetlab2.eecs.umich.edu_cs-planetlab3.cs.surrey.sfu.ca_16357 2	1433.219000	25533.583000	0.085000	0.003000	26966.890000	S	49442	2048
planetlab4.rutgers.edu_cs-planetlab3.cs.surrey.sfu.ca_19481 4	591.912000	26433.464000	0.065000	0.006000	27025.447000	S	49430	1024
planetlab2.eecs.umich.edu_cs-planetlab3.cs.surrey.sfu.ca_16369 2	1849.058000	25178.251000	0.103000	0.004000	27027.416000	S	49448	2048
planetlab2.eecs.umich.edu_cs-planetlab3.cs.surrey.sfu.ca_16371 2	1841.771000	25200.039000	0.090000	0.002000	27041.902000	S	49450	2048
planetlab2.eecs.umich.edu_cs-planetlab3.cs.surrey.sfu.ca_16375 2	1873.511000	25175.180000	0.104000	0.002000	27048.797000	S	49451	2048
planetlab2.eecs.umich.edu_cs-planetlab3.cs.surrey.sfu.ca_16377 2	1861.196000	25194.056000	0.095000	0.004000	27055.351000	S	49454	2048
planetlab4.rutgers.edu_cs-planetlab3.cs.surrey.sfu.ca_19499 4	616.600000	26449.072000	0.078000	0.010000	27065.760000	S	49446	1024
planetlab2.eecs.umich.edu_cs-planetlab3.cs.surrey.sfu.ca_16380 2	1707.823000	25378.487000	0.094000	0.005000	27086.409000	S	49466	2048
planetlab2.eecs.umich.edu_cs-planetlab3.cs.surrey.sfu.ca_16382 2	1409.363000	25687.684000	0.072000	0.004000	27097.123000	S	49474	2048
planetlab2.eecs.umich.edu_cs-planetlab3.cs.surrey.sfu.ca_16385 2	1410.184000	25709.463000	0.216000	0.003000	27119.866000	S	49480	2048
planetlab2.eecs.umich.edu_cs-planetlab3.cs.surrey.sfu.ca_16387 2	1369.487000	25758.356000	0.091000	0.004000	27127.938000	S	49482	2048
planetlab4.rutgers.edu_cs-planetlab3.cs.surrey.sfu.ca_19514 4	582.294000	26547.802000	0.058000	0.005000	27130.159000	S	49464	1024
planetlab2.eecs.umich.edu_cs-planetlab3.cs.surrey.sfu.ca_16389 2	1352.041000	25780.424000	0.089000	0.003000	27132.557000	S	49483	2048
planetlab2.eecs.umich.edu_cs-planetlab3.cs.surrey.sfu.ca_16391 2	1346.678000	25791.194000	0.109000	0.004000	27137.985000	S	49486	2048
planetlab2.eecs.umich.edu_cs-planetlab3.cs.surrey.sfu.ca_16393 2	1326.136000	25820.284000	0.105000	0.004000	27146.529000	S	49498	2048
planetlab4.rutgers.edu_cs-planetlab3.cs.surrey.sfu.ca_19522 4	581.000000	26579.295000	0.068000	0.007000	27160.370000	S	49478	1024
planetlab2.eecs.umich.edu_cs-planetlab3.cs.surrey.sfu.ca_16395 2	1295.546000	25873.165000	0.089000	0.004000	27168.804000	S	49504	2048
planetlab2.eecs.umich.edu_cs-planetlab3.cs.surrey.sfu.ca_16397 2	1315.729000	25862.350000	0.095000	0.005000	27178.179000	S	49506	2048
planetlab2.eecs.umich.edu_cs-planetlab3.cs.surrey.sfu.ca_16399 2	1310.837000	25892.986000	0.096000	0.001000	27203.920000	S	49507	2048
planetlab4.rutgers.edu_cs-planetlab3.cs.surrey.sfu.ca_19534 4	725.189000	26480.548000	0.063000	0.006000	27205.806000	S	49485	1024
planetlab2.eecs.umich.edu_cs-planetlab3.cs.surrey.sfu.ca_16401 2	1317.707000	25891.945000	0.095000	0.003000	27209.750000	S	49510	2048
planetlab2.eecs.umich.edu_cs-planetlab3.cs.surrey.sfu.ca_16403 2	1324.878000	25890.382000	0.088000	0.004000	27215.352000	S	49512	2048
planetlab2.eecs.umich.edu_cs-planetlab3.cs.surrey.sfu.ca_16405 2	1315.016000	25906.103000	0.210000	0.003000	27221.332000	S	49513	2048
planetlab2.eecs.umich.edu_cs-planetlab3.cs.surrey.sfu.ca_16407 2	1330.498000	25900.600000	0.082000	0.003000	27231.183000	S	49514	2048
planetlab2.eecs.umich.edu_cs-planetlab3.cs.surrey.sfu.ca_16409 2	1337.828000	25914.501000	0.096000	0.003000	27252.428000	S	49515	2048
planetlab2.eecs.umich.edu_cs-planetlab3.cs.surrey.sfu.ca_16411 2	1344.823000	25919.209000	0.083000	0.004000	27264.119000	S	49516	2048
planetlab4.rutgers.edu_cs-planetlab3.cs.surrey.sfu.ca_19552 4	580.812000	26706.284000	0.057000	0.006000	27287.159000	S	49505	1024
planetlab2.eecs.umich.edu_cs-planetlab3.cs.surrey.sfu.ca_16413 2	1345.481000	25944.599000	0.087000	0.003000	27290.170000	S	49518	2048
planetlab2.eecs.umich.edu_cs-planetlab3.cs.surrey.sfu.ca_16415 2	1328.274000	25965.422000	0.088000	0.005000	27293.789000	S	49519	2048
planetlab2.eecs.umich.edu_cs-planetlab3.cs.surrey.sfu.ca_16417 2	1343.415000	25957.192000	0.082000	0.003000	27300.692000	S	49522	2048
planetlab2.eecs.umich.edu_cs-planetlab3.cs.surrey.sfu.ca_16419 2	1317.014000	25990.961000	0.097000	0.004000	27308.076000	S	49528	2048
planetlab4.rutgers.edu_cs-planetlab3.cs.surrey.sfu.ca_19560 4	596.923000	26722.068000	0.077000	0.006000	27319.074000	S	49542	1024
planetlab4.rutgers.edu_cs-planetlab3.cs.surrey.sfu.ca_19562 4	596.403000	26728.956000	0.076000	0.008000	27325.443000	S	49547	1024
planetlab2.eecs.umich.edu_cs-planetlab3.cs.surrey.sfu.ca_16422 2	1335.143000	26005.573000	0.285000	0.003000	27341.004000	S	49530	2048
planetlab2.eecs.umich.edu_cs-planetlab3.cs.surrey.sfu.ca_16424 2	1321.071000	26027.536000	0.407000	0.003000	27349.017000	S	49531	2048
planetlab2.eecs.umich.edu_cs-planetlab3.cs.surrey.sfu.ca_16426 2	1335.730000	26025.946000	0.099000	0.003000	27361.778000	S	49534	2048
planetlab2.eecs.umich.edu_cs-planetlab3.cs.surrey.sfu.ca_16428 2	1303.521000	26074.495000	0.093000	0.002000	27378.111000	S	49536	2048
planetlab2.eecs.umich.edu_cs-planetlab3.cs.surrey.sfu.ca_16437 2	1322.122000	26089.378000	0.097000	0.004000	27411.601000	S	49578	2048
planetlab2.eecs.umich.edu_cs-planetlab3.cs.surrey.sfu.ca_16446 2	1096.653000	26352.591000	0.103000	0.004000	27449.351000	S	49610	2048
node1.planetlab.albany.edu_cs-planetlab3.cs.surrey.sfu.ca_38462 4	373.070000	27607.081000	0.098000	0.008000	27980.257000	S	49095	32
planetlab2.cs.columbia.edu_cs-planetlab3.cs.surrey.sfu.ca_8180 4	367.817000	31127.829000	0.148000	0.011000	31495.805000	S	49402	112
planetlab1.rutgers.edu_cs-planetlab3.cs.surrey.sfu.ca_18421 6	754.714000	31093.914000	0.181000	0.020000	31848.829000	S	48990	512
planetlab1.cs.unc.edu_cs-planetlab3.cs.surrey.sfu.ca_10995 7	717.890000	31283.321000	0.181000	0.021000	32001.413000	S	49017	528
planetlab1.cs.unc.edu_cs-planetlab3.cs.surrey.sfu.ca_10999 7	682.904000	31346.581000	0.284000	0.018000	32029.787000	S	49030	528
planetlab-2.cmcl.cs.cmu.edu_cs-planetlab3.cs.surrey.sfu.ca_5129 6	650.594000	31386.904000	0.123000	0.014000	32037.635000	S	49538	560
planetlab1.cs.unc.edu_cs-planetlab3.cs.surrey.sfu.ca_11003 7	681.684000	31390.389000	0.147000	0.025000	32072.245000	S	49043	528
planetlab1.cs.unc.edu_cs-planetlab3.cs.surrey.sfu.ca_11006 7	686.790000	31422.974000	0.173000	0.022000	32109.959000	S	49058	528
planetlab1.cs.unc.edu_cs-planetlab3.cs.surrey.sfu.ca_11009 7	680.592000	31442.567000	0.170000	0.019000	32123.348000	S	49060	528
planetlab1.cs.unc.edu_cs-planetlab3.cs.surrey.sfu.ca_11013 7	684.236000	31505.971000	0.137000	0.030000	32190.374000	S	49062	528
planetlab1.cs.unc.edu_cs-planetlab3.cs.surrey.sfu.ca_11015 7	682.947000	31520.603000	0.112000	0.026000	32203.688000	S	49063	528
planetlab1.cs.unc.edu_cs-planetlab3.cs.surrey.sfu.ca_11025 7	764.821000	31519.306000	0.167000	0.031000	32284.325000	S	49070	528
planetlab1.cs.unc.edu_cs-planetlab3.cs.surrey.sfu.ca_11034 7	682.053000	31682.272000	0.269000	0.029000	32364.623000	S	49078	528
planetlab1.cs.unc.edu_cs-planetlab3.cs.surrey.sfu.ca_11036 7	679.625000	31688.147000	0.136000	0.017000	32367.925000	S	49081	528
planetlab1.cs.unc.edu_cs-planetlab3.cs.surrey.sfu.ca_11044 7	682.437000	31754.214000	0.131000	0.045000	32436.827000	S	49091	528
planetlab1.cs.unc.edu_cs-planetlab3.cs.surrey.sfu.ca_11065 7	683.844000	31865.416000	0.154000	0.044000	32549.458000	S	49105	528
plgmu1.ite.gmu.edu_cs-planetlab3.cs.surrey.sfu.ca_5284 4	386.793000	32168.119000	0.137000	0.012000	32555.061000	S	49068	208
planetlab1.cs.unc.edu_cs-planetlab3.cs.surrey.sfu.ca_11068 7	683.109000	31884.992000	0.161000	0.020000	32568.282000	S	49106	528
roam2.cs.ou.edu_cs-planetlab3.cs.surrey.sfu.ca_18965 5	395.375000	32193.913000	0.079000	0.012000	32589.379000	S	48988	48
planetlab1.cs.unc.edu_cs-planetlab3.cs.surrey.sfu.ca_11078 7	681.201000	31939.697000	0.164000	0.019000	32621.081000	S	49107	528
planetlab1.cs.unc.edu_cs-planetlab3.cs.surrey.sfu.ca_11084 7	684.278000	31945.709000	0.182000	0.021000	32630.190000	S	49111	528
roam2.cs.ou.edu_cs-planetlab3.cs.surrey.sfu.ca_19017 5	399.585000	32334.266000	0.113000	0.013000	32733.977000	S	48992	48
planetlab1.rutgers.edu_cs-planetlab3.cs.surrey.sfu.ca_18643 6	716.114000	32022.167000	0.181000	0.013000	32738.475000	S	49239	512
planetlab1.cs.unc.edu_cs-planetlab3.cs.surrey.sfu.ca_11113 7	684.167000	32101.957000	0.174000	0.021000	32786.319000	S	49115	528
planetlab1.cs.unc.edu_cs-planetlab3.cs.surrey.sfu.ca_11137 7	683.804000	32173.665000	0.167000	0.018000	32857.654000	S	49126	528
planetlab1.cs.unc.edu_cs-planetlab3.cs.surrey.sfu.ca_11139 7	682.319000	32181.885000	0.222000	0.050000	32864.476000	S	49133	528
planetlab1.cs.unc.edu_cs-planetlab3.cs.surrey.sfu.ca_11143 7	681.187000	32195.055000	0.180000	0.022000	32876.444000	S	49139	528
roam2.cs.ou.edu_cs-planetlab3.cs.surrey.sfu.ca_19081 5	394.400000	32548.464000	0.111000	0.012000	32942.987000	S	48996	48
roam2.cs.ou.edu_cs-planetlab3.cs.surrey.sfu.ca_19098 5	399.998000	32576.813000	0.102000	0.015000	32976.928000	S	48997	48
planetlab1.cs.unc.edu_cs-planetlab3.cs.surrey.sfu.ca_11161 7	687.177000	32299.234000	0.153000	0.035000	32986.599000	S	49166	528
roam2.cs.ou.edu_cs-planetlab3.cs.surrey.sfu.ca_19111 5	394.859000	32626.488000	0.124000	0.013000	33021.484000	S	48998	48
planetlab1.cs.unc.edu_cs-planetlab3.cs.surrey.sfu.ca_11173 7	680.789000	32364.259000	0.176000	0.022000	33045.246000	S	49188	528
planetlab1.cs.unc.edu_cs-planetlab3.cs.surrey.sfu.ca_11183 7	679.880000	32416.049000	0.175000	0.020000	33096.124000	S	49220	528
planetlab1.cs.unc.edu_cs-planetlab3.cs.surrey.sfu.ca_11192 7	682.517000	32442.522000	0.176000	0.017000	33125.232000	S	49248	528
roam2.cs.ou.edu_cs-planetlab3.cs.surrey.sfu.ca_19151 5	392.976000	32755.400000	0.110000	0.010000	33148.496000	S	49004	48
planetlab1.cs.unc.edu_cs-planetlab3.cs.surrey.sfu.ca_11196 7	683.811000	32463.749000	0.156000	0.017000	33147.733000	S	49252	528
planetlab1.cs.unc.edu_cs-planetlab3.cs.surrey.sfu.ca_11199 7	683.359000	32487.484000	0.207000	0.019000	33171.069000	S	49253	528
planetlab1.cs.unc.edu_cs-planetlab3.cs.surrey.sfu.ca_11201 7	680.964000	32495.199000	0.175000	0.019000	33176.357000	S	49254	528
planetlab1.rutgers.edu_cs-planetlab3.cs.surrey.sfu.ca_18811 6	664.756000	32519.927000	0.141000	0.020000	33184.844000	S	49431	512
planetlab1.cs.unc.edu_cs-planetlab3.cs.surrey.sfu.ca_11206 7	680.293000	32517.456000	0.183000	0.019000	33197.951000	S	49260	528
planetlab1.rutgers.edu_cs-planetlab3.cs.surrey.sfu.ca_18847 6	660.635000	32587.133000	0.143000	0.016000	33247.927000	S	49479	512
planetlab1.rutgers.edu_cs-planetlab3.cs.surrey.sfu.ca_18854 6	662.135000	32595.103000	0.157000	0.018000	33257.413000	S	49491	512
planetlab1.rutgers.edu_cs-planetlab3.cs.surrey.sfu.ca_18856 6	657.489000	32606.984000	0.116000	0.020000	33264.609000	S	49493	512
planetlab1.rutgers.edu_cs-planetlab3.cs.surrey.sfu.ca_18859 6	661.111000	32609.222000	0.170000	0.011000	33270.514000	S	49494	512
planetlab1.cs.unc.edu_cs-planetlab3.cs.surrey.sfu.ca_11230 7	955.904000	32321.832000	0.169000	0.019000	33277.924000	S	49268	528
planetlab1.cs.unc.edu_cs-planetlab3.cs.surrey.sfu.ca_11233 7	843.483000	32436.013000	0.188000	0.023000	33279.707000	S	49275	528
planetlab1.rutgers.edu_cs-planetlab3.cs.surrey.sfu.ca_18862 6	659.790000	32631.545000	0.162000	0.023000	33291.520000	S	49495	512
planetlab1.cs.unc.edu_cs-planetlab3.cs.surrey.sfu.ca_11239 7	775.936000	32521.207000	0.150000	0.016000	33297.309000	S	49284	528
planetlab1.cs.unc.edu_cs-planetlab3.cs.surrey.sfu.ca_11243 7	680.703000	32636.387000	0.144000	0.030000	33317.264000	S	49297	528
planetlab1.rutgers.edu_cs-planetlab3.cs.surrey.sfu.ca_18878 6	659.976000	32694.529000	0.208000	0.019000	33354.732000	S	49503	512
planetlab1.cs.unc.edu_cs-planetlab3.cs.surrey.sfu.ca_11252 7	691.922000	32665.939000	0.204000	0.031000	33358.096000	S	49312	528
planetlab1.cs.unc.edu_cs-planetlab3.cs.surrey.sfu.ca_11254 7	685.850000	32673.382000	0.119000	0.023000	33359.374000	S	49316	528
planetlab1.cs.unc.edu_cs-planetlab3.cs.surrey.sfu.ca_11256 7	693.580000	32681.539000	0.156000	0.033000	33375.308000	S	49317	528
roam2.cs.ou.edu_cs-planetlab3.cs.surrey.sfu.ca_19176 5	399.061000	32984.419000	0.226000	0.011000	33383.717000	S	49008	48
planetlab1.cs.unc.edu_cs-planetlab3.cs.surrey.sfu.ca_11259 7	687.405000	32705.121000	0.150000	0.030000	33392.706000	S	49318	528
planetlab1.cs.unc.edu_cs-planetlab3.cs.surrey.sfu.ca_11263 7	681.441000	32715.933000	0.124000	0.018000	33397.516000	S	49324	528
planetlab1.rutgers.edu_cs-planetlab3.cs.surrey.sfu.ca_18894 6	687.321000	32713.143000	0.181000	0.019000	33400.664000	S	49527	512
planetlab1.cs.unc.edu_cs-planetlab3.cs.surrey.sfu.ca_11265 7	680.553000	32748.318000	0.265000	0.017000	33429.153000	S	49332	528
roam2.cs.ou.edu_cs-planetlab3.cs.surrey.sfu.ca_19183 5	398.692000	33074.379000	0.074000	0.012000	33473.157000	S	49009	48
planetlab-1.cs.colostate.edu_cs-planetlab3.cs.surrey.sfu.ca_3158 6	613.679000	32859.393000	0.130000	0.013000	33473.215000	S	49161	656
planetlab1.cs.unc.edu_cs-planetlab3.cs.surrey.sfu.ca_11275 7	682.723000	32789.292000	0.186000	0.018000	33472.219000	S	49344	528
planetlab1.cs.unc.edu_cs-planetlab3.cs.surrey.sfu.ca_11280 7	682.590000	32794.818000	0.272000	0.018000	33477.698000	S	49348	528
planetlab1.cs.unc.edu_cs-planetlab3.cs.surrey.sfu.ca_11282 7	681.737000	32811.925000	0.197000	0.020000	33493.879000	S	49350	528
planetlab1.cs.unc.edu_cs-planetlab3.cs.surrey.sfu.ca_11284 7	685.801000	32808.061000	0.137000	0.016000	33494.015000	S	49349	528
roam2.cs.ou.edu_cs-planetlab3.cs.surrey.sfu.ca_19186 5	1450.145000	32073.699000	0.067000	0.011000	33523.922000	S	49010	48
planetlab1.cs.unc.edu_cs-planetlab3.cs.surrey.sfu.ca_11291 7	688.022000	32864.457000	0.168000	0.017000	33552.664000	S	49356	528
roam2.cs.ou.edu_cs-planetlab3.cs.surrey.sfu.ca_19191 5	1420.320000	32168.669000	0.098000	0.013000	33589.100000	S	49012	48
planetlab1.cs.unc.edu_cs-planetlab3.cs.surrey.sfu.ca_11296 7	683.134000	32908.540000	0.199000	0.017000	33591.890000	S	49364	528
planetlab1.cs.unc.edu_cs-planetlab3.cs.surrey.sfu.ca_11302 7	688.710000	32923.909000	0.169000	0.020000	33612.808000	S	49376	528
planetlab1.cs.unc.edu_cs-planetlab3.cs.surrey.sfu.ca_11304 7	691.809000	32935.041000	3.673000	0.018000	33630.541000	S	49378	528
roam2.cs.ou.edu_cs-planetlab3.cs.surrey.sfu.ca_19194 5	1417.833000	32222.318000	0.065000	0.015000	33640.231000	S	49013	48
planetlab1.cs.unc.edu_cs-planetlab3.cs.surrey.sfu.ca_11307 7	690.816000	32960.140000	0.162000	0.058000	33651.176000	S	49377	528
planetlab1.cs.unc.edu_cs-planetlab3.cs.surrey.sfu.ca_11310 7	683.029000	32988.839000	0.408000	0.022000	33672.298000	S	49380	528
planetlab1.cs.unc.edu_cs-planetlab3.cs.surrey.sfu.ca_11312 7	696.608000	32996.668000	0.180000	0.019000	33693.475000	S	49381	528
planetlab1.cs.unc.edu_cs-planetlab3.cs.surrey.sfu.ca_11314 7	713.024000	32998.172000	0.198000	0.016000	33711.410000	S	49382	528
planetlab-1.cs.colostate.edu_cs-planetlab3.cs.surrey.sfu.ca_3242 6	613.009000	33125.506000	0.151000	0.012000	33738.678000	S	49409	656
planetlab-1.cs.colostate.edu_cs-planetlab3.cs.surrey.sfu.ca_3244 6	620.678000	33119.252000	0.113000	0.017000	33740.060000	S	49416	656
planetlab-1.cs.colostate.edu_cs-planetlab3.cs.surrey.sfu.ca_3246 6	617.620000	33125.588000	0.135000	0.016000	33743.359000	S	49417	656
planetlab-1.cs.colostate.edu_cs-planetlab3.cs.surrey.sfu.ca_3248 6	617.975000	33125.900000	0.128000	0.018000	33744.021000	S	49419	656
planetlab1.cs.unc.edu_cs-planetlab3.cs.surrey.sfu.ca_11319 7	701.882000	33051.313000	0.131000	0.015000	33753.341000	S	49383	528
planetlab-1.cs.colostate.edu_cs-planetlab3.cs.surrey.sfu.ca_3250 6	625.640000	33129.773000	0.105000	0.012000	33755.530000	S	49421	656
planetlab1.cs.unc.edu_cs-planetlab3.cs.surrey.sfu.ca_11321 7	682.749000	33083.299000	0.151000	0.030000	33766.229000	S	49384	528
planetlab-1.cs.colostate.edu_cs-planetlab3.cs.surrey.sfu.ca_3256 6	648.181000	33130.643000	0.146000	0.009000	33778.979000	S	49433	656
planetlab1.cs.unc.edu_cs-planetlab3.cs.surrey.sfu.ca_11329 7	691.803000	33112.289000	0.173000	0.020000	33804.285000	S	49388	528
planetlab-1.cs.colostate.edu_cs-planetlab3.cs.surrey.sfu.ca_3266 6	614.880000	33194.047000	0.105000	0.014000	33809.046000	S	49449	656
planetlab1.cs.unc.edu_cs-planetlab3.cs.surrey.sfu.ca_11333 7	711.914000	33121.617000	0.151000	0.017000	33833.699000	S	49389	528
roam2.cs.ou.edu_cs-planetlab3.cs.surrey.sfu.ca_19208 5	1369.794000	32469.864000	0.072000	0.011000	33839.741000	S	49014	48
planetlab-1.cs.colostate.edu_cs-planetlab3.cs.surrey.sfu.ca_3276 6	622.392000	33227.298000	0.130000	0.014000	33849.834000	S	49481	656
planetlab1.cs.unc.edu_cs-planetlab3.cs.surrey.sfu.ca_11336 7	703.061000	33181.331000	0.119000	0.019000	33884.530000	S	49390	528
planetlab1.cs.unc.edu_cs-planetlab3.cs.surrey.sfu.ca_11338 7	682.986000	33231.004000	0.249000	0.020000	33914.259000	S	49392	528
planetlab1.cs.unc.edu_cs-planetlab3.cs.surrey.sfu.ca_11341 7	686.373000	33238.212000	0.279000	0.021000	33924.885000	S	49396	528
planetlab1.cs.unc.edu_cs-planetlab3.cs.surrey.sfu.ca_11342 7	688.178000	33238.877000	0.164000	0.019000	33927.238000	S	49397	528
planetlab-1.cs.colostate.edu_cs-planetlab3.cs.surrey.sfu.ca_3295 6	615.519000	33311.672000	0.158000	0.020000	33927.369000	S	49545	656
planetlab1.cs.unc.edu_cs-planetlab3.cs.surrey.sfu.ca_11346 7	738.715000	33190.251000	0.430000	0.022000	33929.418000	S	49398	528
roam2.cs.ou.edu_cs-planetlab3.cs.surrey.sfu.ca_19215 5	1323.519000	32644.686000	0.109000	0.012000	33968.326000	S	49015	48
planetlab1.cs.unc.edu_cs-planetlab3.cs.surrey.sfu.ca_11356 7	848.652000	33159.078000	0.140000	0.024000	34007.894000	S	49404	528
planetlab1.cs.unc.edu_cs-planetlab3.cs.surrey.sfu.ca_11371 7	684.525000	33376.978000	0.141000	0.020000	34061.664000	S	49456	528
roam2.cs.ou.edu_cs-planetlab3.cs.surrey.sfu.ca_19231 5	1201.652000	33001.298000	0.757000	0.010000	34203.717000	S	49016	48
planetlab1.cs.unc.edu_cs-planetlab3.cs.surrey.sfu.ca_11419 7	739.413000	33523.055000	0.167000	0.144000	34262.779000	S	49508	528
roam2.cs.ou.edu_cs-planetlab3.cs.surrey.sfu.ca_19241 5	1138.344000	33140.235000	0.129000	0.010000	34278.718000	S	49020	48
roam2.cs.ou.edu_cs-planetlab3.cs.surrey.sfu.ca_19244 5	1117.114000	33212.665000	0.070000	0.012000	34329.861000	S	49021	48
roam2.cs.ou.edu_cs-planetlab3.cs.surrey.sfu.ca_19252 5	1050.037000	33390.966000	0.104000	0.012000	34441.119000	S	49022	48
planetlab1.cs.unc.edu_cs-planetlab3.cs.surrey.sfu.ca_11469 7	793.499000	33848.167000	0.171000	0.020000	34641.857000	S	49572	528
planetlab1.cs.unc.edu_cs-planetlab3.cs.surrey.sfu.ca_11481 7	761.899000	33933.793000	0.134000	0.017000	34695.843000	S	49583	528
planetlab1.cs.unc.edu_cs-planetlab3.cs.surrey.sfu.ca_11502 7	701.787000	34090.281000	0.121000	0.015000	34792.204000	S	49604	528
roam2.cs.ou.edu_cs-planetlab3.cs.surrey.sfu.ca_19298 5	396.384000	34742.111000	0.151000	0.012000	35138.658000	S	49054	48
plgmu1.ite.gmu.edu_cs-planetlab3.cs.surrey.sfu.ca_5328 4	386.876000	35474.438000	0.131000	0.009000	35861.454000	S	49201	208
roam2.cs.ou.edu_cs-planetlab3.cs.surrey.sfu.ca_19364 5	393.649000	35501.545000	0.124000	0.013000	35895.331000	S	49076	48
plgmu1.ite.gmu.edu_cs-planetlab3.cs.surrey.sfu.ca_5332 4	385.871000	35838.099000	0.105000	0.006000	36224.081000	S	49233	208
roam2.cs.ou.edu_cs-planetlab3.cs.surrey.sfu.ca_19447 5	400.885000	35909.205000	0.116000	0.013000	36310.219000	S	49108	48
roam2.cs.ou.edu_cs-planetlab3.cs.surrey.sfu.ca_19480 5	392.816000	36003.598000	0.113000	0.011000	36396.538000	S	49124	48
roam2.cs.ou.edu_cs-planetlab3.cs.surrey.sfu.ca_19492 5	394.487000	36023.144000	0.176000	0.013000	36417.820000	S	49131	48
roam2.cs.ou.edu_cs-planetlab3.cs.surrey.sfu.ca_19497 5	394.174000	36035.722000	0.078000	0.013000	36429.987000	S	49136	48
roam2.cs.ou.edu_cs-planetlab3.cs.surrey.sfu.ca_19529 5	394.037000	36100.711000	0.122000	0.011000	36494.881000	S	49140	48
roam2.cs.ou.edu_cs-planetlab3.cs.surrey.sfu.ca_19533 5	393.839000	36105.004000	0.132000	0.012000	36498.987000	S	49141	48
roam2.cs.ou.edu_cs-planetlab3.cs.surrey.sfu.ca_19535 5	395.413000	36107.348000	0.060000	0.016000	36502.837000	S	49142	48
node1.planetlab.albany.edu_cs-planetlab3.cs.surrey.sfu.ca_40980 4	380.452000	36136.190000	0.103000	0.007000	36516.752000	S	49358	32
plgmu1.ite.gmu.edu_cs-planetlab3.cs.surrey.sfu.ca_5338 4	386.107000	36142.727000	0.130000	0.007000	36528.971000	S	49249	208
roam2.cs.ou.edu_cs-planetlab3.cs.surrey.sfu.ca_19551 5	393.370000	36166.401000	0.112000	0.012000	36559.895000	S	49148	48
roam2.cs.ou.edu_cs-planetlab3.cs.surrey.sfu.ca_19569 5	394.505000	36217.528000	0.095000	0.015000	36612.143000	S	49155	48
roam2.cs.ou.edu_cs-planetlab3.cs.surrey.sfu.ca_19631 5	394.180000	36324.978000	0.108000	0.010000	36719.276000	S	49174	48
plgmu1.ite.gmu.edu_cs-planetlab3.cs.surrey.sfu.ca_5340 4	385.003000	36383.135000	0.137000	0.007000	36768.282000	S	49264	208
roam2.cs.ou.edu_cs-planetlab3.cs.surrey.sfu.ca_19669 5	394.250000	36397.025000	0.106000	0.012000	36791.393000	S	49190	48
plgmu1.ite.gmu.edu_cs-planetlab3.cs.surrey.sfu.ca_5342 4	386.612000	36407.717000	0.111000	0.008000	36794.448000	S	49265	208
plgmu1.ite.gmu.edu_cs-planetlab3.cs.surrey.sfu.ca_5346 4	384.994000	36445.244000	0.126000	0.007000	36830.371000	S	49267	208
roam2.cs.ou.edu_cs-planetlab3.cs.surrey.sfu.ca_19683 5	394.816000	36447.941000	0.101000	0.014000	36842.872000	S	49193	48
plgmu1.ite.gmu.edu_cs-planetlab3.cs.surrey.sfu.ca_5348 4	384.964000	36496.047000	0.115000	0.007000	36881.133000	S	49269	208
plgmu1.ite.gmu.edu_cs-planetlab3.cs.surrey.sfu.ca_5350 4	385.972000	36500.170000	0.101000	0.007000	36886.250000	S	49273	208
roam2.cs.ou.edu_cs-planetlab3.cs.surrey.sfu.ca_19701 5	401.037000	36530.519000	0.092000	0.044000	36931.692000	S	49202	48
roam2.cs.ou.edu_cs-planetlab3.cs.surrey.sfu.ca_19715 5	393.199000	36573.926000	0.114000	0.009000	36967.248000	S	49204	48
roam2.cs.ou.edu_cs-planetlab3.cs.surrey.sfu.ca_19717 5	394.154000	36587.587000	0.105000	0.011000	36981.857000	S	49206	48
roam2.cs.ou.edu_cs-planetlab3.cs.surrey.sfu.ca_19722 5	392.969000	36603.692000	0.111000	0.011000	36996.783000	S	49207	48
roam2.cs.ou.edu_cs-planetlab3.cs.surrey.sfu.ca_19740 5	394.559000	36725.485000	0.119000	0.009000	37120.172000	S	49214	48
roam2.cs.ou.edu_cs-planetlab3.cs.surrey.sfu.ca_19746 5	393.399000	36777.636000	0.113000	0.012000	37171.160000	S	49217	48
roam2.cs.ou.edu_cs-planetlab3.cs.surrey.sfu.ca_19748 5	393.846000	36781.706000	0.072000	0.006000	37175.630000	S	49218	48
roam2.cs.ou.edu_cs-planetlab3.cs.surrey.sfu.ca_19750 5	396.177000	36788.782000	0.107000	0.010000	37185.076000	S	49219	48
roam2.cs.ou.edu_cs-planetlab3.cs.surrey.sfu.ca_19762 5	393.414000	36832.195000	0.109000	0.011000	37225.729000	S	49223	48
roam2.cs.ou.edu_cs-planetlab3.cs.surrey.sfu.ca_19766 5	395.066000	36841.028000	0.099000	0.007000	37236.200000	S	49227	48
roam2.cs.ou.edu_cs-planetlab3.cs.surrey.sfu.ca_19787 5	397.708000	36925.018000	0.117000	0.017000	37322.860000	S	49235	48
roam2.cs.ou.edu_cs-planetlab3.cs.surrey.sfu.ca_19833 5	631.829000	36816.806000	0.175000	0.008000	37448.818000	S	49251	48
roam2.cs.ou.edu_cs-planetlab3.cs.surrey.sfu.ca_19846 5	394.598000	37105.184000	0.072000	0.009000	37499.863000	S	49270	48
roam2.cs.ou.edu_cs-planetlab3.cs.surrey.sfu.ca_19859 5	395.768000	37155.393000	0.090000	0.007000	37551.258000	S	49277	48
roam2.cs.ou.edu_cs-planetlab3.cs.surrey.sfu.ca_19881 5	394.218000	37242.072000	0.107000	0.012000	37636.409000	S	49289	48
roam2.cs.ou.edu_cs-planetlab3.cs.surrey.sfu.ca_19928 5	393.907000	37418.828000	0.117000	0.009000	37812.861000	S	49313	48
roam2.cs.ou.edu_cs-planetlab3.cs.surrey.sfu.ca_19936 5	393.376000	37472.325000	0.130000	0.010000	37865.841000	S	49320	48
roam2.cs.ou.edu_cs-planetlab3.cs.surrey.sfu.ca_19941 5	395.325000	37511.086000	0.159000	0.011000	37906.581000	S	49321	48
roam2.cs.ou.edu_cs-planetlab3.cs.surrey.sfu.ca_19944 5	398.559000	37517.645000	0.080000	0.007000	37916.291000	S	49323	48
roam2.cs.ou.edu_cs-planetlab3.cs.surrey.sfu.ca_19947 5	395.322000	37557.338000	0.073000	0.008000	37952.741000	S	49325	48
roam2.cs.ou.edu_cs-planetlab3.cs.surrey.sfu.ca_19980 5	393.561000	37655.173000	0.110000	0.009000	38048.853000	S	49334	48
roam2.cs.ou.edu_cs-planetlab3.cs.surrey.sfu.ca_19985 5	395.404000	37669.278000	0.103000	0.009000	38064.794000	S	49337	48
planetlab1.williams.edu_cs-planetlab3.cs.surrey.sfu.ca_6015 3	1778.998000	36525.172000	0.114000	0.011000	38304.295000	S	48986	2176
planetlab1.williams.edu_cs-planetlab3.cs.surrey.sfu.ca_6115 3	1389.997000	38259.309000	0.088000	0.010000	39649.404000	S	49072	2176
planetlab1.williams.edu_cs-planetlab3.cs.surrey.sfu.ca_6122 3	2209.091000	37520.177000	0.099000	0.011000	39729.378000	S	49093	2176
planetlab1.williams.edu_cs-planetlab3.cs.surrey.sfu.ca_6128 3	1748.113000	37988.343000	0.104000	0.011000	39736.571000	S	49159	2176
planetlab1.williams.edu_cs-planetlab3.cs.surrey.sfu.ca_6150 3	1023.663000	38790.023000	0.103000	0.009000	39813.798000	S	49283	2176
planetlab1.williams.edu_cs-planetlab3.cs.surrey.sfu.ca_6155 3	997.487000	38827.723000	0.129000	0.012000	39825.351000	S	49286	2176
planetlab1.williams.edu_cs-planetlab3.cs.surrey.sfu.ca_6153 3	999.813000	38825.568000	0.077000	0.010000	39825.468000	S	49285	2176
planetlab1.williams.edu_cs-planetlab3.cs.surrey.sfu.ca_6159 3	906.564000	38921.842000	0.098000	0.010000	39828.514000	S	49295	2176
planetlab1.williams.edu_cs-planetlab3.cs.surrey.sfu.ca_6157 3	1012.924000	38816.230000	0.104000	0.014000	39829.272000	S	49287	2176
planetlab1.williams.edu_cs-planetlab3.cs.surrey.sfu.ca_6161 3	905.516000	38928.106000	0.099000	0.011000	39833.732000	S	49303	2176
planetlab1.williams.edu_cs-planetlab3.cs.surrey.sfu.ca_6164 3	852.784000	39000.160000	0.089000	0.011000	39853.044000	S	49319	2176
planetlab1.williams.edu_cs-planetlab3.cs.surrey.sfu.ca_6166 3	628.843000	39233.705000	0.089000	0.010000	39862.647000	S	49351	2176
node1.planetlab.albany.edu_cs-planetlab3.cs.surrey.sfu.ca_42016 4	395.250000	39611.611000	0.061000	0.008000	40006.930000	S	49434	32
planetlab1.williams.edu_cs-planetlab3.cs.surrey.sfu.ca_6294 3	1848.608000	38388.412000	0.097000	0.011000	40237.128000	S	49460	2176
planetlab1.williams.edu_cs-planetlab3.cs.surrey.sfu.ca_6296 3	1337.789000	38900.243000	0.098000	0.010000	40238.140000	S	49543	2176
roam2.cs.ou.edu_cs-planetlab3.cs.surrey.sfu.ca_20019 5	415.395000	40732.656000	0.121000	0.015000	41148.187000	S	49347	48
vn4.cse.wustl.edu_cs-planetlab3.cs.surrey.sfu.ca_10617 5	596.367000	40786.561000	0.188000	0.016000	41383.132000	S	48984	272
roam2.cs.ou.edu_cs-planetlab3.cs.surrey.sfu.ca_20088 5	408.399000	41016.284000	0.110000	0.010000	41424.803000	S	49365	48
planetlab2.umassd.edu_cs-planetlab3.cs.surrey.sfu.ca_24527 4	372.118000	41594.399000	0.134000	0.009000	41966.660000	S	49005	64
roam2.cs.ou.edu_cs-planetlab3.cs.surrey.sfu.ca_20213 5	401.577000	41587.621000	0.120000	0.013000	41989.331000	S	49385	48
vn4.cse.wustl.edu_cs-planetlab3.cs.surrey.sfu.ca_10660 5	614.064000	41661.297000	0.142000	0.013000	42275.516000	S	49000	272
roam2.cs.ou.edu_cs-planetlab3.cs.surrey.sfu.ca_20414 5	395.332000	42247.984000	0.079000	0.011000	42643.406000	S	49462	48
roam2.cs.ou.edu_cs-planetlab3.cs.surrey.sfu.ca_20472 5	396.103000	42405.066000	0.123000	0.014000	42801.306000	S	49469	48
roam2.cs.ou.edu_cs-planetlab3.cs.surrey.sfu.ca_20513 5	903.790000	42033.219000	0.074000	0.011000	42937.094000	S	49475	48
planetlab1.cs.uoregon.edu_cs-planetlab3.cs.surrey.sfu.ca_17113 4	307.020000	42982.304000	0.074000	0.012000	43289.410000	S	49019	256
vn4.cse.wustl.edu_cs-planetlab3.cs.surrey.sfu.ca_10708 5	600.014000	43345.020000	0.137000	0.014000	43945.185000	S	49024	272
vn4.cse.wustl.edu_cs-planetlab3.cs.surrey.sfu.ca_10730 5	596.574000	43865.405000	0.126000	0.018000	44462.123000	S	49032	272
vn4.cse.wustl.edu_cs-planetlab3.cs.surrey.sfu.ca_10732 5	601.153000	44005.348000	0.136000	0.011000	44606.648000	S	49033	272
plgmu1.ite.gmu.edu_cs-planetlab3.cs.surrey.sfu.ca_5418 4	2320.853000	42380.967000	0.117000	0.012000	44701.949000	S	49393	208
vn4.cse.wustl.edu_cs-planetlab3.cs.surrey.sfu.ca_10738 5	600.065000	44179.512000	0.098000	0.014000	44779.689000	S	49034	272
planetlab-03.cs.princeton.edu_cs-planetlab3.cs.surrey.sfu.ca_13780 5	402.366000	44566.081000	0.081000	0.011000	44968.539000	S	49029	80
vn4.cse.wustl.edu_cs-planetlab3.cs.surrey.sfu.ca_10748 5	595.967000	44400.101000	0.116000	0.009000	44996.193000	S	49036	272
roam2.cs.ou.edu_cs-planetlab3.cs.surrey.sfu.ca_20857 5	417.994000	44988.662000	0.111000	0.018000	45406.785000	S	49501	48
plgmu1.ite.gmu.edu_cs-planetlab3.cs.surrey.sfu.ca_5424 4	385.235000	45022.161000	0.095000	0.036000	45407.527000	S	49521	208
planetlab-03.cs.princeton.edu_cs-planetlab3.cs.surrey.sfu.ca_13800 5	402.565000	45425.399000	0.132000	0.010000	45828.106000	S	49041	80
vn4.cse.wustl.edu_cs-planetlab3.cs.surrey.sfu.ca_10791 5	595.285000	45352.877000	0.117000	0.014000	45948.293000	S	49048	272
planetlab-03.cs.princeton.edu_cs-planetlab3.cs.surrey.sfu.ca_13812 5	404.496000	45794.143000	0.169000	0.014000	46198.822000	S	49044	80
planetlab-03.cs.princeton.edu_cs-planetlab3.cs.surrey.sfu.ca_13814 5	403.396000	45816.103000	1.474000	0.014000	46220.987000	S	49045	80
planetlab-03.cs.princeton.edu_cs-planetlab3.cs.surrey.sfu.ca_13818 5	400.421000	45965.252000	0.117000	0.013000	46365.803000	S	49047	80
planetlab-03.cs.princeton.edu_cs-planetlab3.cs.surrey.sfu.ca_13840 5	401.682000	46250.387000	0.849000	0.010000	46652.928000	S	49053	80
vn4.cse.wustl.edu_cs-planetlab3.cs.surrey.sfu.ca_10831 5	599.870000	46418.473000	0.090000	0.016000	47018.449000	S	49064	272
roam2.cs.ou.edu_cs-planetlab3.cs.surrey.sfu.ca_20930 5	392.940000	46713.939000	0.104000	0.012000	47106.995000	S	49517	48
planetlab-03.cs.princeton.edu_cs-planetlab3.cs.surrey.sfu.ca_13870 5	406.904000	46783.623000	1.064000	0.009000	47191.600000	S	49067	80
planetlab-03.cs.princeton.edu_cs-planetlab3.cs.surrey.sfu.ca_13880 5	404.718000	46905.670000	1.161000	0.010000	47311.559000	S	49077	80
vn4.cse.wustl.edu_cs-planetlab3.cs.surrey.sfu.ca_10852 5	596.130000	46878.541000	0.115000	0.018000	47474.804000	S	49085	272
vn4.cse.wustl.edu_cs-planetlab3.cs.surrey.sfu.ca_10856 5	599.649000	47102.364000	0.115000	0.015000	47702.143000	S	49088	272
roam2.cs.ou.edu_cs-planetlab3.cs.surrey.sfu.ca_20963 5	395.060000	47329.754000	0.113000	0.010000	47724.937000	S	49525	48
vn4.cse.wustl.edu_cs-planetlab3.cs.surrey.sfu.ca_10858 5	596.705000	47133.749000	0.159000	0.012000	47730.625000	S	49089	272
planetlab-03.cs.princeton.edu_cs-planetlab3.cs.surrey.sfu.ca_13916 5	402.510000	47344.087000	1.487000	0.012000	47748.096000	S	49109	80
planetlab-03.cs.princeton.edu_cs-planetlab3.cs.surrey.sfu.ca_13937 5	402.235000	47481.870000	0.103000	0.009000	47884.217000	S	49118	80
roam2.cs.ou.edu_cs-planetlab3.cs.surrey.sfu.ca_20979 5	393.905000	47506.471000	0.144000	0.010000	47900.530000	S	49529	48
roam2.cs.ou.edu_cs-planetlab3.cs.surrey.sfu.ca_20985 5	403.283000	47578.259000	0.221000	0.013000	47981.776000	S	49532	48
vn4.cse.wustl.edu_cs-planetlab3.cs.surrey.sfu.ca_10866 5	596.357000	47407.856000	0.123000	0.011000	48004.347000	S	49090	272
vn4.cse.wustl.edu_cs-planetlab3.cs.surrey.sfu.ca_10871 5	597.770000	47444.554000	0.117000	0.011000	48042.452000	S	49092	272
roam2.cs.ou.edu_cs-planetlab3.cs.surrey.sfu.ca_20989 5	429.706000	47618.252000	0.126000	0.009000	48048.093000	S	49533	48
planetlab2.umassd.edu_cs-planetlab3.cs.surrey.sfu.ca_25728 4	372.765000	47687.433000	0.072000	0.006000	48060.276000	S	49138	64
roam2.cs.ou.edu_cs-planetlab3.cs.surrey.sfu.ca_20994 5	410.645000	47665.769000	0.108000	0.014000	48076.536000	S	49535	48
vn4.cse.wustl.edu_cs-planetlab3.cs.surrey.sfu.ca_10883 5	599.343000	47552.974000	0.126000	0.017000	48152.460000	S	49097	272
vn4.cse.wustl.edu_cs-planetlab3.cs.surrey.sfu.ca_10887 5	596.316000	47600.712000	0.109000	0.012000	48197.149000	S	49096	272
node1.planetlab.albany.edu_cs-planetlab3.cs.surrey.sfu.ca_43563 4	389.906000	47826.183000	0.087000	0.012000	48216.188000	S	49541	32
vn4.cse.wustl.edu_cs-planetlab3.cs.surrey.sfu.ca_10925 5	596.787000	47898.001000	0.107000	0.013000	48494.908000	S	49098	272
vn4.cse.wustl.edu_cs-planetlab3.cs.surrey.sfu.ca_10931 5	595.939000	47984.533000	0.122000	0.015000	48580.609000	S	49099	272
vn4.cse.wustl.edu_cs-planetlab3.cs.surrey.sfu.ca_10933 5	599.846000	48005.516000	0.150000	0.013000	48605.525000	S	49100	272
vn4.cse.wustl.edu_cs-planetlab3.cs.surrey.sfu.ca_10935 5	600.717000	48023.259000	0.146000	0.020000	48624.142000	S	49101	272
vn4.cse.wustl.edu_cs-planetlab3.cs.surrey.sfu.ca_10939 5	596.055000	48093.086000	0.119000	0.015000	48689.275000	S	49104	272
vn4.cse.wustl.edu_cs-planetlab3.cs.surrey.sfu.ca_10941 5	597.135000	48146.592000	0.100000	0.014000	48743.841000	S	49102	272
planetlab2.umassd.edu_cs-planetlab3.cs.surrey.sfu.ca_25879 4	375.437000	48467.739000	0.111000	0.010000	48843.297000	S	49167	64
vn4.cse.wustl.edu_cs-planetlab3.cs.surrey.sfu.ca_10947 5	597.027000	48324.561000	0.131000	0.016000	48921.735000	S	49112	272
vn4.cse.wustl.edu_cs-planetlab3.cs.surrey.sfu.ca_10950 5	595.625000	48340.244000	0.117000	0.015000	48936.001000	S	49113	272
vn4.cse.wustl.edu_cs-planetlab3.cs.surrey.sfu.ca_10952 5	595.787000	48390.455000	0.135000	0.016000	48986.393000	S	49114	272
vn4.cse.wustl.edu_cs-planetlab3.cs.surrey.sfu.ca_10969 5	644.413000	48551.099000	0.132000	0.014000	49195.658000	S	49116	272
vn4.cse.wustl.edu_cs-planetlab3.cs.surrey.sfu.ca_10971 5	603.208000	48637.757000	0.096000	0.014000	49241.075000	S	49120	272
planetlab2.umassd.edu_cs-planetlab3.cs.surrey.sfu.ca_25974 4	376.418000	48967.777000	0.083000	0.011000	49344.289000	S	49191	64
vn4.cse.wustl.edu_cs-planetlab3.cs.surrey.sfu.ca_10977 5	609.036000	48812.664000	0.138000	0.018000	49421.856000	S	49128	272
vn4.cse.wustl.edu_cs-planetlab3.cs.surrey.sfu.ca_10979 5	595.451000	48847.457000	0.097000	0.012000	49443.017000	S	49129	272
planetlab-03.cs.princeton.edu_cs-planetlab3.cs.surrey.sfu.ca_14014 5	676.183000	48779.980000	0.106000	0.008000	49456.277000	S	49180	80
vn4.cse.wustl.edu_cs-planetlab3.cs.surrey.sfu.ca_10981 5	598.712000	48903.454000	0.104000	0.010000	49502.280000	S	49130	272
planetlab2.umassd.edu_cs-planetlab3.cs.surrey.sfu.ca_25991 4	372.840000	49160.233000	0.145000	0.007000	49533.225000	S	49195	64
planetlab2.umassd.edu_cs-planetlab3.cs.surrey.sfu.ca_26003 4	373.784000	49248.144000	0.203000	0.013000	49622.144000	S	49197	64
roam2.cs.ou.edu_cs-planetlab3.cs.surrey.sfu.ca_21107 5	3349.281000	46283.763000	0.081000	0.013000	49633.138000	S	49577	48
planetlab2.umassd.edu_cs-planetlab3.cs.surrey.sfu.ca_26007 4	372.229000	49298.533000	0.091000	0.009000	49670.862000	S	49198	64
planetlab2.umassd.edu_cs-planetlab3.cs.surrey.sfu.ca_26009 4	373.090000	49300.945000	0.119000	0.011000	49674.165000	S	49199	64
vn4.cse.wustl.edu_cs-planetlab3.cs.surrey.sfu.ca_10985 5	598.915000	49086.663000	0.248000	0.012000	49685.838000	S	49132	272
planetlab2.umassd.edu_cs-planetlab3.cs.surrey.sfu.ca_26041 4	372.752000	49612.957000	0.127000	0.008000	49985.844000	S	49215	64
vn4.cse.wustl.edu_cs-planetlab3.cs.surrey.sfu.ca_11001 5	596.960000	49532.518000	0.122000	0.018000	50129.618000	S	49144	272
planetlab-03.cs.princeton.edu_cs-planetlab3.cs.surrey.sfu.ca_14048 5	403.005000	49792.318000	0.107000	0.104000	50195.534000	S	49224	80
vn4.cse.wustl.edu_cs-planetlab3.cs.surrey.sfu.ca_11005 5	599.513000	49660.066000	0.108000	0.013000	50259.700000	S	49157	272
vn4.cse.wustl.edu_cs-planetlab3.cs.surrey.sfu.ca_11011 5	598.551000	49906.660000	0.121000	0.011000	50505.343000	S	49162	272
planetlab3.williams.edu_cs-planetlab3.cs.surrey.sfu.ca_3839 4	367.563000	50196.380000	0.115000	0.010000	50564.068000	S	49196	400
planetlab3.williams.edu_cs-planetlab3.cs.surrey.sfu.ca_3875 4	388.878000	50275.271000	0.097000	0.013000	50664.259000	S	49426	400
vn4.cse.wustl.edu_cs-planetlab3.cs.surrey.sfu.ca_11028 5	594.210000	50245.189000	0.124000	0.014000	50839.537000	S	49169	272
planetlab3.williams.edu_cs-planetlab3.cs.surrey.sfu.ca_3933 4	370.612000	50473.150000	0.075000	0.011000	50843.848000	S	49511	400
planetlab2.umassd.edu_cs-planetlab3.cs.surrey.sfu.ca_26150 4	375.229000	50865.413000	0.135000	0.009000	51240.786000	S	49263	64
vn4.cse.wustl.edu_cs-planetlab3.cs.surrey.sfu.ca_11047 5	615.217000	51087.723000	0.149000	0.014000	51703.103000	S	49172	272
vn4.cse.wustl.edu_cs-planetlab3.cs.surrey.sfu.ca_11053 5	629.634000	51118.062000	0.104000	0.014000	51747.814000	S	49173	272
vn4.cse.wustl.edu_cs-planetlab3.cs.surrey.sfu.ca_11067 5	644.879000	51444.610000	0.115000	0.016000	52089.620000	S	49175	272
vn4.cse.wustl.edu_cs-planetlab3.cs.surrey.sfu.ca_11083 5	609.749000	51618.262000	0.142000	0.014000	52228.167000	S	49181	272
vn4.cse.wustl.edu_cs-planetlab3.cs.surrey.sfu.ca_11096 5	640.876000	51709.679000	0.132000	0.013000	52350.700000	S	49205	272
aguila1.lsi.upc.edu_cs-planetlab3.cs.surrey.sfu.ca_3813 6	1034.013000	51355.150000	0.148000	0.032000	52389.343000	S	49002	592
planetlab-03.cs.princeton.edu_cs-planetlab3.cs.surrey.sfu.ca_14095 5	406.027000	52022.506000	0.073000	0.008000	52428.614000	S	49292	80
planetlab-03.cs.princeton.edu_cs-planetlab3.cs.surrey.sfu.ca_14101 5	400.427000	52094.617000	0.105000	0.011000	52495.160000	S	49300	80
planetlab-03.cs.princeton.edu_cs-planetlab3.cs.surrey.sfu.ca_14104 5	399.205000	52127.854000	0.137000	0.008000	52527.204000	S	49304	80
planetlab-03.cs.princeton.edu_cs-planetlab3.cs.surrey.sfu.ca_14112 5	401.045000	52179.004000	0.078000	0.007000	52580.134000	S	49308	80
planetlab-03.cs.princeton.edu_cs-planetlab3.cs.surrey.sfu.ca_14114 5	405.505000	52188.276000	0.086000	0.007000	52593.874000	S	49309	80
planetlab-03.cs.princeton.edu_cs-planetlab3.cs.surrey.sfu.ca_14116 5	401.286000	52192.597000	0.072000	0.008000	52593.963000	S	49310	80
planetlab-03.cs.princeton.edu_cs-planetlab3.cs.surrey.sfu.ca_14129 5	402.615000	52313.923000	0.108000	0.013000	52716.659000	S	49314	80
planetlab2.umassd.edu_cs-planetlab3.cs.surrey.sfu.ca_26361 4	376.544000	52656.093000	0.069000	0.015000	53032.721000	S	49327	64
planetlab-03.cs.princeton.edu_cs-planetlab3.cs.surrey.sfu.ca_14165 5	404.097000	52914.828000	0.164000	0.008000	53319.097000	S	49340	80
planetlab-03.cs.princeton.edu_cs-planetlab3.cs.surrey.sfu.ca_14204 5	411.446000	53446.506000	0.107000	0.010000	53858.069000	S	49367	80
planetlab-03.cs.princeton.edu_cs-planetlab3.cs.surrey.sfu.ca_14221 5	418.427000	53597.785000	0.118000	0.009000	54016.339000	S	49372	80
flow.colgate.edu_cs-planetlab3.cs.surrey.sfu.ca_13432 3	410.623000	53644.694000	0.052000	0.012000	54055.381000	S	49602	192
planetlab-03.cs.princeton.edu_cs-planetlab3.cs.surrey.sfu.ca_14347 5	404.094000	54620.656000	0.128000	0.010000	55024.888000	S	49411	80
planetlab-03.cs.princeton.edu_cs-planetlab3.cs.surrey.sfu.ca_14364 5	414.988000	54763.628000	0.092000	0.014000	55178.722000	S	49420	80
planetlab-03.cs.princeton.edu_cs-planetlab3.cs.surrey.sfu.ca_14382 5	409.675000	54860.159000	0.097000	0.013000	55269.944000	S	49428	80
planetlab-03.cs.princeton.edu_cs-planetlab3.cs.surrey.sfu.ca_14392 5	433.590000	54905.608000	0.061000	0.009000	55339.268000	S	49432	80
planetlab-03.cs.princeton.edu_cs-planetlab3.cs.surrey.sfu.ca_14398 5	434.198000	54974.707000	0.122000	0.013000	55409.040000	S	49436	80
planetlab-03.cs.princeton.edu_cs-planetlab3.cs.surrey.sfu.ca_14402 5	439.129000	54998.066000	0.082000	0.012000	55437.289000	S	49437	80
planetlab-03.cs.princeton.edu_cs-planetlab3.cs.surrey.sfu.ca_14414 5	472.034000	55083.141000	0.120000	0.010000	55555.305000	S	49438	80
planetlab2.umassd.edu_cs-planetlab3.cs.surrey.sfu.ca_27002 4	384.142000	55574.730000	0.100000	0.009000	55958.981000	S	49455	64
planetlab-03.cs.princeton.edu_cs-planetlab3.cs.surrey.sfu.ca_14495 5	562.136000	56087.285000	0.106000	0.013000	56649.540000	S	49468	80
vn4.cse.wustl.edu_cs-planetlab3.cs.surrey.sfu.ca_11222 5	594.816000	56654.423000	0.139000	0.011000	57249.389000	S	49237	272
planetlab1.cs.uoregon.edu_cs-planetlab3.cs.surrey.sfu.ca_19009 4	305.057000	57273.731000	0.117000	0.009000	57578.914000	S	49266	256
vn4.cse.wustl.edu_cs-planetlab3.cs.surrey.sfu.ca_11252 5	750.222000	57145.852000	0.168000	0.015000	57896.257000	S	49257	272
vn4.cse.wustl.edu_cs-planetlab3.cs.surrey.sfu.ca_11271 5	598.086000	57419.942000	0.104000	0.012000	58018.144000	S	49279	272
vn4.cse.wustl.edu_cs-planetlab3.cs.surrey.sfu.ca_11275 5	597.911000	57427.680000	0.125000	0.014000	58025.730000	S	49282	272
vn4.cse.wustl.edu_cs-planetlab3.cs.surrey.sfu.ca_11281 5	603.204000	57549.796000	0.142000	0.015000	58153.157000	S	49288	272
vn4.cse.wustl.edu_cs-planetlab3.cs.surrey.sfu.ca_11285 5	594.339000	57583.546000	0.125000	0.012000	58178.022000	S	49290	272
vn4.cse.wustl.edu_cs-planetlab3.cs.surrey.sfu.ca_11287 5	595.199000	57594.679000	0.135000	0.012000	58190.025000	S	49291	272
vn4.cse.wustl.edu_cs-planetlab3.cs.surrey.sfu.ca_11306 5	596.604000	57770.556000	0.103000	0.010000	58367.273000	S	49294	272
vn4.cse.wustl.edu_cs-planetlab3.cs.surrey.sfu.ca_11318 5	598.256000	57848.409000	0.074000	0.010000	58446.749000	S	49301	272
vn4.cse.wustl.edu_cs-planetlab3.cs.surrey.sfu.ca_11323 5	594.218000	57917.265000	0.126000	0.012000	58511.621000	S	49306	272
planetlab-03.cs.princeton.edu_cs-planetlab3.cs.surrey.sfu.ca_14608 5	403.701000	58428.291000	0.118000	0.014000	58832.124000	S	49500	80
vn4.cse.wustl.edu_cs-planetlab3.cs.surrey.sfu.ca_11380 5	1097.173000	58269.415000	0.170000	0.011000	59366.769000	S	49322	272
vn4.cse.wustl.edu_cs-planetlab3.cs.surrey.sfu.ca_11390 5	894.687000	58578.712000	0.152000	0.013000	59473.564000	S	49343	272
vn4.cse.wustl.edu_cs-planetlab3.cs.surrey.sfu.ca_11395 5	731.649000	58777.281000	0.089000	0.009000	59509.028000	S	49345	272
vn4.cse.wustl.edu_cs-planetlab3.cs.surrey.sfu.ca_11409 5	596.370000	58993.531000	0.126000	0.013000	59590.040000	S	49354	272
planetlab-01.ece.uprm.edu_cs-planetlab3.cs.surrey.sfu.ca_7000 4	817.825000	58917.662000	0.125000	0.012000	59735.624000	S	49026	2144
vn4.cse.wustl.edu_cs-planetlab3.cs.surrey.sfu.ca_11446 5	613.345000	59212.252000	0.118000	0.014000	59825.729000	S	49375	272
planetlab-03.cs.princeton.edu_cs-planetlab3.cs.surrey.sfu.ca_14656 5	403.100000	59429.206000	0.268000	0.012000	59832.586000	S	49526	80
aguila1.lsi.upc.edu_cs-planetlab3.cs.surrey.sfu.ca_3930 6	1058.659000	59073.635000	0.137000	0.033000	60132.464000	S	49355	592
planetlab-03.cs.princeton.edu_cs-planetlab3.cs.surrey.sfu.ca_14696 5	429.462000	59723.454000	0.070000	0.021000	60153.007000	S	49540	80
planetlab-03.cs.princeton.edu_cs-planetlab3.cs.surrey.sfu.ca_14702 5	401.435000	59836.798000	0.167000	0.011000	60238.411000	S	49544	80
planetlab-03.cs.princeton.edu_cs-planetlab3.cs.surrey.sfu.ca_14706 5	439.940000	59903.662000	0.754000	0.010000	60344.366000	S	49548	80
planetlab-03.cs.princeton.edu_cs-planetlab3.cs.surrey.sfu.ca_14708 5	443.203000	59916.071000	0.072000	0.010000	60359.356000	S	49549	80
planetlab-03.cs.princeton.edu_cs-planetlab3.cs.surrey.sfu.ca_14712 5	426.044000	60093.269000	0.127000	0.012000	60519.452000	S	49550	80
planetlab-03.cs.princeton.edu_cs-planetlab3.cs.surrey.sfu.ca_14714 5	444.549000	60108.998000	0.124000	0.012000	60553.683000	S	49552	80
planetlab-03.cs.princeton.edu_cs-planetlab3.cs.surrey.sfu.ca_14722 5	430.977000	60191.130000	0.175000	0.013000	60622.295000	S	49556	80
planetlab-03.cs.princeton.edu_cs-planetlab3.cs.surrey.sfu.ca_14726 5	426.178000	60224.653000	0.072000	0.013000	60650.916000	S	49557	80
vn4.cse.wustl.edu_cs-planetlab3.cs.surrey.sfu.ca_11525 5	606.408000	60058.386000	0.086000	0.015000	60664.895000	S	49391	272
planetlab-03.cs.princeton.edu_cs-planetlab3.cs.surrey.sfu.ca_14732 5	455.926000	60214.784000	0.111000	0.015000	60670.836000	S	49560	80
planetlab-03.cs.princeton.edu_cs-planetlab3.cs.surrey.sfu.ca_14734 5	430.983000	60247.177000	0.071000	0.015000	60678.246000	S	49561	80
planetlab-03.cs.princeton.edu_cs-planetlab3.cs.surrey.sfu.ca_14738 5	463.150000	60267.233000	0.103000	0.017000	60730.503000	S	49562	80
planetlab-03.cs.princeton.edu_cs-planetlab3.cs.surrey.sfu.ca_14740 5	458.191000	60277.543000	0.212000	0.012000	60735.958000	S	49564	80
planetlab-03.cs.princeton.edu_cs-planetlab3.cs.surrey.sfu.ca_14744 5	457.520000	60316.228000	0.078000	0.010000	60773.836000	S	49565	80
planetlab-03.cs.princeton.edu_cs-planetlab3.cs.surrey.sfu.ca_14746 5	456.466000	60331.278000	0.140000	0.013000	60787.897000	S	49566	80
planetlab-03.cs.princeton.edu_cs-planetlab3.cs.surrey.sfu.ca_14748 5	460.144000	60343.822000	0.076000	0.014000	60804.056000	S	49567	80
vn4.cse.wustl.edu_cs-planetlab3.cs.surrey.sfu.ca_11549 5	599.932000	60333.562000	0.156000	0.059000	60933.709000	S	49399	272
planetlab-03.cs.princeton.edu_cs-planetlab3.cs.surrey.sfu.ca_14762 5	642.511000	60318.928000	0.103000	0.010000	60961.552000	S	49558	80
planetlab-03.cs.princeton.edu_cs-planetlab3.cs.surrey.sfu.ca_14767 5	487.364000	60584.221000	1.476000	0.012000	61073.073000	S	49580	80
planetlab-03.cs.princeton.edu_cs-planetlab3.cs.surrey.sfu.ca_14774 5	475.337000	60735.919000	0.075000	0.011000	61211.342000	S	49588	80
planetlab-03.cs.princeton.edu_cs-planetlab3.cs.surrey.sfu.ca_14777 5	447.438000	60847.444000	0.071000	0.012000	61294.965000	S	49592	80
planetlab-03.cs.princeton.edu_cs-planetlab3.cs.surrey.sfu.ca_14784 5	451.910000	60906.645000	0.113000	0.011000	61358.679000	S	49596	80
planetlab-03.cs.princeton.edu_cs-planetlab3.cs.surrey.sfu.ca_14786 5	421.083000	60941.455000	0.086000	0.009000	61362.633000	S	49597	80
vn4.cse.wustl.edu_cs-planetlab3.cs.surrey.sfu.ca_11606 5	595.721000	60792.484000	0.128000	0.012000	61388.345000	S	49403	272
vn4.cse.wustl.edu_cs-planetlab3.cs.surrey.sfu.ca_11608 5	600.212000	60817.220000	0.103000	0.014000	61417.549000	S	49405	272
planetlab-03.cs.princeton.edu_cs-planetlab3.cs.surrey.sfu.ca_14790 5	449.551000	61004.965000	0.117000	0.008000	61454.641000	S	49598	80
vn4.cse.wustl.edu_cs-planetlab3.cs.surrey.sfu.ca_11615 5	600.834000	60879.690000	0.096000	0.012000	61480.632000	S	49406	272
vn4.cse.wustl.edu_cs-planetlab3.cs.surrey.sfu.ca_11621 5	600.867000	60924.426000	0.083000	0.011000	61525.387000	S	49407	272
vn4.cse.wustl.edu_cs-planetlab3.cs.surrey.sfu.ca_11690 5	597.083000	61521.766000	0.109000	0.012000	62118.970000	S	49429	272
planetlab5.williams.edu_cs-planetlab3.cs.surrey.sfu.ca_7677 3	1451.219000	62003.159000	0.111000	0.010000	63454.499000	S	49477	2112
planetlab1.cs.uoregon.edu_cs-planetlab3.cs.surrey.sfu.ca_19757 4	305.623000	64828.224000	0.178000	0.014000	65134.039000	S	49465	256
planetlab1.cs.uoregon.edu_cs-planetlab3.cs.surrey.sfu.ca_19815 4	304.327000	65369.886000	0.097000	0.013000	65674.323000	S	49484	256
vn4.cse.wustl.edu_cs-planetlab3.cs.surrey.sfu.ca_11968 5	611.863000	65178.247000	0.101000	0.016000	65790.227000	S	49473	272
vn4.cse.wustl.edu_cs-planetlab3.cs.surrey.sfu.ca_12027 5	602.464000	66027.371000	0.117000	0.013000	66629.965000	S	49537	272
vn4.cse.wustl.edu_cs-planetlab3.cs.surrey.sfu.ca_12041 5	627.651000	66216.396000	0.155000	0.015000	66844.217000	S	49546	272
planetlab1.cs.uoregon.edu_cs-planetlab3.cs.surrey.sfu.ca_19980 4	388.905000	66489.076000	0.086000	0.010000	66878.077000	S	49574	256
vn4.cse.wustl.edu_cs-planetlab3.cs.surrey.sfu.ca_12097 5	616.345000	67068.881000	0.130000	0.017000	67685.373000	S	49600	272
vn4.cse.wustl.edu_cs-planetlab3.cs.surrey.sfu.ca_12103 5	645.164000	67149.307000	0.121000	0.012000	67794.604000	S	49601	272
vn4.cse.wustl.edu_cs-planetlab3.cs.surrey.sfu.ca_12107 5	617.097000	67192.715000	0.358000	0.014000	67810.184000	S	49603	272
vn4.cse.wustl.edu_cs-planetlab3.cs.surrey.sfu.ca_12109 5	616.960000	67220.555000	0.115000	0.012000	67837.642000	S	49605	272
vn4.cse.wustl.edu_cs-planetlab3.cs.surrey.sfu.ca_12115 5	610.415000	67309.478000	0.111000	0.012000	67920.016000	S	49609	272
plab4.eece.ksu.edu_cs-planetlab3.cs.surrey.sfu.ca_12448 3	1329.235000	69664.262000	0.102000	0.010000	70993.609000	S	49069	2080
plab4.eece.ksu.edu_cs-planetlab3.cs.surrey.sfu.ca_12669 3	1869.297000	69810.355000	0.102000	0.011000	71679.765000	S	49164	2080
planetlab4.wail.wisc.edu_cs-planetlab3.cs.surrey.sfu.ca_45466 6	400.613000	78340.758000	0.099000	0.011000	78741.481000	S	48985	16
planetlab4.wail.wisc.edu_cs-planetlab3.cs.surrey.sfu.ca_45812 6	405.590000	80677.172000	0.079000	0.014000	81082.855000	S	49006	16
planetlab4.wail.wisc.edu_cs-planetlab3.cs.surrey.sfu.ca_46093 6	401.606000	82572.959000	0.090000	0.011000	82974.666000	S	49042	16
planetlab4.wail.wisc.edu_cs-planetlab3.cs.surrey.sfu.ca_46119 6	399.804000	82742.066000	0.135000	0.015000	83142.020000	S	49050	16
pl1.rcc.uottawa.ca_cs-planetlab3.cs.surrey.sfu.ca_63985 5	384.758000	82961.057000	0.182000	0.011000	83346.008000	S	49056	0
pl1.rcc.uottawa.ca_cs-planetlab3.cs.surrey.sfu.ca_63990 5	385.947000	83012.534000	0.114000	0.061000	83398.656000	S	49057	0
pl1.rcc.uottawa.ca_cs-planetlab3.cs.surrey.sfu.ca_64007 5	3415.629000	80046.189000	0.110000	0.013000	83461.941000	S	49025	0
pl1.rcc.uottawa.ca_cs-planetlab3.cs.surrey.sfu.ca_64033 5	385.045000	83202.639000	0.118000	0.013000	83587.815000	S	49059	0
pl1.rcc.uottawa.ca_cs-planetlab3.cs.surrey.sfu.ca_64108 5	384.480000	83682.962000	0.104000	0.012000	84067.558000	S	49061	0
pl1.rcc.uottawa.ca_cs-planetlab3.cs.surrey.sfu.ca_64135 5	388.513000	83867.380000	0.081000	0.009000	84255.983000	S	49065	0
planetlab4.wail.wisc.edu_cs-planetlab3.cs.surrey.sfu.ca_46231 6	401.211000	83934.790000	0.125000	0.029000	84336.155000	S	49066	16
pl1.rcc.uottawa.ca_cs-planetlab3.cs.surrey.sfu.ca_64226 5	384.652000	84332.676000	0.118000	0.012000	84717.458000	S	49073	0
planetlab4.wail.wisc.edu_cs-planetlab3.cs.surrey.sfu.ca_46277 6	404.652000	84534.287000	0.131000	0.015000	84939.085000	S	49074	16
planetlab4.wail.wisc.edu_cs-planetlab3.cs.surrey.sfu.ca_46371 6	400.011000	85703.202000	0.117000	0.014000	86103.344000	S	49080	16
planetlab4.wail.wisc.edu_cs-planetlab3.cs.surrey.sfu.ca_46397 6	400.670000	85861.433000	0.159000	0.018000	86262.280000	S	49082	16
planetlab4.wail.wisc.edu_cs-planetlab3.cs.surrey.sfu.ca_46410 6	400.530000	85916.056000	0.105000	0.012000	86316.703000	S	49083	16
planetlab4.wail.wisc.edu_cs-planetlab3.cs.surrey.sfu.ca_46426 6	401.574000	85982.605000	0.195000	0.008000	86384.382000	S	49086	16
planetlab4.wail.wisc.edu_cs-planetlab3.cs.surrey.sfu.ca_46469 6	399.066000	86590.899000	0.159000	0.011000	86990.135000	S	49094	16
planetlab4.wail.wisc.edu_cs-planetlab3.cs.surrey.sfu.ca_46473 6	3433.763000	83575.257000	0.112000	0.013000	87009.145000	S	49028	16
pl1.rcc.uottawa.ca_cs-planetlab3.cs.surrey.sfu.ca_65284 5	385.716000	88616.594000	0.129000	0.010000	89002.449000	S	49117	0
pl1.rcc.uottawa.ca_cs-planetlab3.cs.surrey.sfu.ca_65339 5	384.766000	88803.523000	0.138000	0.012000	89188.439000	S	49121	0
planetlab4.wail.wisc.edu_cs-planetlab3.cs.surrey.sfu.ca_46738 6	400.393000	89661.406000	0.110000	0.016000	90061.925000	S	49137	16
pl1.rcc.uottawa.ca_cs-planetlab3.cs.surrey.sfu.ca_66091 5	384.987000	91222.607000	0.273000	0.011000	91607.878000	S	49152	0
pl1.rcc.uottawa.ca_cs-planetlab3.cs.surrey.sfu.ca_66159 5	386.489000	91421.095000	0.105000	0.013000	91807.702000	S	49153	0
pl1.rcc.uottawa.ca_cs-planetlab3.cs.surrey.sfu.ca_66270 5	389.019000	91847.420000	0.152000	0.013000	92236.604000	S	49154	0
pl1.rcc.uottawa.ca_cs-planetlab3.cs.surrey.sfu.ca_66366 5	385.356000	92143.779000	0.102000	0.010000	92529.247000	S	49156	0
planetlab4.wail.wisc.edu_cs-planetlab3.cs.surrey.sfu.ca_46800 6	2040.180000	90847.755000	0.135000	0.078000	92888.148000	S	49146	16
pl1.rcc.uottawa.ca_cs-planetlab3.cs.surrey.sfu.ca_66558 5	396.402000	92691.609000	0.102000	0.010000	93088.123000	S	49160	0
planetlab4.wail.wisc.edu_cs-planetlab3.cs.surrey.sfu.ca_46942 6	405.057000	93073.263000	0.110000	0.015000	93478.445000	S	49163	16
pl1.rcc.uottawa.ca_cs-planetlab3.cs.surrey.sfu.ca_66955 5	388.456000	93863.750000	0.098000	0.009000	94252.313000	S	49168	0
planetlab4.wail.wisc.edu_cs-planetlab3.cs.surrey.sfu.ca_47091 6	405.133000	94310.473000	0.132000	0.069000	94715.807000	S	49171	16
planetlab4.wail.wisc.edu_cs-planetlab3.cs.surrey.sfu.ca_47158 6	399.491000	94744.370000	0.130000	0.014000	95144.005000	S	49177	16
planetlab4.wail.wisc.edu_cs-planetlab3.cs.surrey.sfu.ca_47164 6	400.094000	94766.824000	0.115000	0.013000	95167.046000	S	49178	16
planetlab4.wail.wisc.edu_cs-planetlab3.cs.surrey.sfu.ca_47182 6	400.294000	94911.624000	0.194000	0.014000	95312.126000	S	49179	16
pl1.rcc.uottawa.ca_cs-planetlab3.cs.surrey.sfu.ca_67355 5	389.183000	95164.623000	0.103000	0.009000	95553.918000	S	49184	0
planetlab4.wail.wisc.edu_cs-planetlab3.cs.surrey.sfu.ca_47235 6	401.108000	95161.212000	0.121000	0.014000	95562.455000	S	49183	16
planetlab4.wail.wisc.edu_cs-planetlab3.cs.surrey.sfu.ca_47277 6	401.042000	95393.126000	0.116000	0.013000	95794.297000	S	49189	16
planetlab4.wail.wisc.edu_cs-planetlab3.cs.surrey.sfu.ca_47394 6	401.468000	96798.186000	0.117000	0.015000	97199.786000	S	49203	16
pl1.rcc.uottawa.ca_cs-planetlab3.cs.surrey.sfu.ca_68007 5	385.220000	97676.612000	0.109000	0.012000	98061.953000	S	49216	0
planetlab4.wail.wisc.edu_cs-planetlab3.cs.surrey.sfu.ca_47429 6	2252.500000	97388.068000	0.126000	0.014000	99640.708000	S	49211	16
planetlab4.wail.wisc.edu_cs-planetlab3.cs.surrey.sfu.ca_47706 6	840.707000	100061.981000	0.113000	0.012000	100902.813000	S	49232	16
planetlab4.wail.wisc.edu_cs-planetlab3.cs.surrey.sfu.ca_47723 6	407.436000	100632.256000	0.109000	0.028000	101039.829000	S	49243	16
planetlab4.wail.wisc.edu_cs-planetlab3.cs.surrey.sfu.ca_47789 6	401.205000	101171.222000	0.129000	0.013000	101572.569000	S	49255	16
pl1.rcc.uottawa.ca_cs-planetlab3.cs.surrey.sfu.ca_69294 5	385.749000	102423.503000	0.110000	0.009000	102809.371000	S	49276	0
pl1.rcc.uottawa.ca_cs-planetlab3.cs.surrey.sfu.ca_69354 5	384.574000	102640.825000	0.107000	0.009000	103025.515000	S	49280	0
planetlab4.wail.wisc.edu_cs-planetlab3.cs.surrey.sfu.ca_48084 6	404.037000	103391.176000	0.080000	0.012000	103795.305000	S	49293	16
planetlab4.wail.wisc.edu_cs-planetlab3.cs.surrey.sfu.ca_48112 6	400.504000	103510.030000	0.118000	0.011000	103910.663000	S	49299	16
pl1.rcc.uottawa.ca_cs-planetlab3.cs.surrey.sfu.ca_69615 5	385.984000	103585.910000	0.069000	0.009000	103971.972000	S	49302	0
planetlab4.wail.wisc.edu_cs-planetlab3.cs.surrey.sfu.ca_48174 6	402.303000	103840.583000	0.123000	0.010000	104243.019000	S	49307	16
planetlab4.wail.wisc.edu_cs-planetlab3.cs.surrey.sfu.ca_48230 6	399.502000	104147.552000	0.103000	0.008000	104547.165000	S	49315	16
planetlab4.wail.wisc.edu_cs-planetlab3.cs.surrey.sfu.ca_48289 6	401.471000	104536.124000	0.170000	0.011000	104937.776000	S	49329	16
planetlab4.wail.wisc.edu_cs-planetlab3.cs.surrey.sfu.ca_48291 6	401.005000	104537.173000	0.087000	0.009000	104938.274000	S	49330	16
planetlab4.wail.wisc.edu_cs-planetlab3.cs.surrey.sfu.ca_48295 6	406.135000	104551.512000	0.082000	0.011000	104957.740000	S	49331	16
planetlab4.wail.wisc.edu_cs-planetlab3.cs.surrey.sfu.ca_48323 6	399.408000	104714.707000	0.128000	0.014000	105114.257000	S	49335	16
planetlab4.wail.wisc.edu_cs-planetlab3.cs.surrey.sfu.ca_48342 6	408.422000	104877.540000	0.120000	0.012000	105286.094000	S	49339	16
planetlab4.wail.wisc.edu_cs-planetlab3.cs.surrey.sfu.ca_48534 6	409.313000	105912.876000	0.101000	0.009000	106322.299000	S	49359	16
pl1.rcc.uottawa.ca_cs-planetlab3.cs.surrey.sfu.ca_71087 5	389.025000	108370.526000	0.115000	0.012000	108759.678000	S	49379	0
planetlab4.wail.wisc.edu_cs-planetlab3.cs.surrey.sfu.ca_49000 6	404.374000	110735.714000	0.127000	0.013000	111140.228000	S	49395	16
planetlab4.wail.wisc.edu_cs-planetlab3.cs.surrey.sfu.ca_49036 6	411.874000	111068.163000	0.128000	0.011000	111480.176000	S	49400	16
pl1.rcc.uottawa.ca_cs-planetlab3.cs.surrey.sfu.ca_71835 5	395.760000	111557.466000	0.094000	0.011000	111953.331000	S	49408	0
planetlab4.wail.wisc.edu_cs-planetlab3.cs.surrey.sfu.ca_49158 6	400.458000	111943.108000	0.080000	0.016000	112343.662000	S	49413	16
planetlab4.wail.wisc.edu_cs-planetlab3.cs.surrey.sfu.ca_49276 6	402.081000	112486.159000	0.092000	0.009000	112888.341000	S	49424	16
planetlab4.wail.wisc.edu_cs-planetlab3.cs.surrey.sfu.ca_49298 6	415.149000	112569.256000	0.085000	0.008000	112984.498000	S	49427	16
planetlab4.wail.wisc.edu_cs-planetlab3.cs.surrey.sfu.ca_49331 6	418.801000	112808.224000	0.086000	0.015000	113227.126000	S	49435	16
planetlab4.wail.wisc.edu_cs-planetlab3.cs.surrey.sfu.ca_49408 6	413.216000	113214.635000	0.122000	0.010000	113627.983000	S	49441	16
planetlab4.wail.wisc.edu_cs-planetlab3.cs.surrey.sfu.ca_49440 6	441.101000	113285.038000	0.137000	0.016000	113726.292000	S	49443	16
planetlab4.wail.wisc.edu_cs-planetlab3.cs.surrey.sfu.ca_49450 6	430.370000	113343.882000	0.074000	0.012000	113774.338000	S	49444	16
planetlab4.wail.wisc.edu_cs-planetlab3.cs.surrey.sfu.ca_49461 6	419.378000	113380.100000	0.077000	0.010000	113799.565000	S	49445	16
planetlab4.wail.wisc.edu_cs-planetlab3.cs.surrey.sfu.ca_49508 6	404.375000	113680.429000	0.197000	0.012000	114085.013000	S	49447	16
planetlab4.wail.wisc.edu_cs-planetlab3.cs.surrey.sfu.ca_49582 6	415.339000	113990.710000	0.080000	0.015000	114406.144000	S	49452	16
planetlab4.wail.wisc.edu_cs-planetlab3.cs.surrey.sfu.ca_49586 6	425.846000	114025.950000	0.090000	0.015000	114451.901000	S	49453	16
planetlab4.wail.wisc.edu_cs-planetlab3.cs.surrey.sfu.ca_49629 6	401.200000	114177.628000	0.200000	0.014000	114579.042000	S	49457	16
planetlab4.wail.wisc.edu_cs-planetlab3.cs.surrey.sfu.ca_49633 6	400.356000	114207.736000	0.082000	0.010000	114608.184000	S	49458	16
planetlab4.wail.wisc.edu_cs-planetlab3.cs.surrey.sfu.ca_49665 6	400.660000	114414.060000	0.082000	0.014000	114814.816000	S	49459	16
planetlab4.wail.wisc.edu_cs-planetlab3.cs.surrey.sfu.ca_49675 6	399.743000	114457.081000	0.129000	0.010000	114856.963000	S	49461	16
planetlab4.wail.wisc.edu_cs-planetlab3.cs.surrey.sfu.ca_49726 6	400.494000	114804.355000	0.116000	0.013000	115204.978000	S	49463	16
planetlab4.wail.wisc.edu_cs-planetlab3.cs.surrey.sfu.ca_49793 6	400.732000	115337.756000	0.133000	0.013000	115738.634000	S	49467	16
planetlab4.wail.wisc.edu_cs-planetlab3.cs.surrey.sfu.ca_49860 6	413.331000	115718.836000	0.155000	0.015000	116132.337000	S	49472	16
planetlab4.wail.wisc.edu_cs-planetlab3.cs.surrey.sfu.ca_50017 6	624.376000	116706.479000	0.128000	0.011000	117330.994000	S	49487	16
planetlab4.wail.wisc.edu_cs-planetlab3.cs.surrey.sfu.ca_50302 6	3799.747000	116362.532000	0.125000	0.028000	120162.432000	S	49488	16
planetlab4.wail.wisc.edu_cs-planetlab3.cs.surrey.sfu.ca_50322 6	716.246000	119481.310000	0.116000	0.011000	120197.683000	S	49489	16
planetlab4.wail.wisc.edu_cs-planetlab3.cs.surrey.sfu.ca_50328 6	706.332000	119504.433000	0.123000	0.012000	120210.900000	S	49490	16
planetlab4.wail.wisc.edu_cs-planetlab3.cs.surrey.sfu.ca_50352 6	644.213000	119656.708000	0.120000	0.015000	120301.056000	S	49492	16
planetlab4.wail.wisc.edu_cs-planetlab3.cs.surrey.sfu.ca_50448 6	400.547000	120135.638000	0.220000	0.014000	120536.419000	S	49496	16
planetlab4.wail.wisc.edu_cs-planetlab3.cs.surrey.sfu.ca_50460 6	400.633000	120187.215000	0.098000	0.013000	120587.959000	S	49497	16
planetlab4.wail.wisc.edu_cs-planetlab3.cs.surrey.sfu.ca_50750 6	399.858000	122183.329000	0.116000	0.016000	122583.319000	S	49509	16
planetlab4.wail.wisc.edu_cs-planetlab3.cs.surrey.sfu.ca_51193 6	405.996000	124588.058000	0.113000	0.015000	124994.182000	S	49520	16
planetlab4.wail.wisc.edu_cs-planetlab3.cs.surrey.sfu.ca_51201 6	400.671000	124629.642000	0.128000	0.011000	125030.452000	S	49523	16
planetlab4.wail.wisc.edu_cs-planetlab3.cs.surrey.sfu.ca_51344 6	428.306000	125343.872000	0.669000	0.012000	125772.859000	S	49539	16
planetlab4.wail.wisc.edu_cs-planetlab3.cs.surrey.sfu.ca_51480 6	419.077000	125815.243000	0.082000	0.010000	126234.412000	S	49551	16
planetlab4.wail.wisc.edu_cs-planetlab3.cs.surrey.sfu.ca_51508 6	442.067000	125880.904000	0.083000	0.014000	126323.068000	S	49553	16
planetlab4.wail.wisc.edu_cs-planetlab3.cs.surrey.sfu.ca_51514 6	422.481000	125911.622000	0.072000	0.016000	126334.191000	S	49554	16
planetlab4.wail.wisc.edu_cs-planetlab3.cs.surrey.sfu.ca_51542 6	447.951000	126008.092000	0.111000	0.012000	126456.166000	S	49555	16
planetlab4.wail.wisc.edu_cs-planetlab3.cs.surrey.sfu.ca_51576 6	434.599000	126367.103000	0.224000	0.014000	126801.940000	S	49559	16
pl1.rcc.uottawa.ca_cs-planetlab3.cs.surrey.sfu.ca_76436 5	3369.634000	123950.847000	0.123000	0.014000	127320.618000	S	49576	0
planetlab4.wail.wisc.edu_cs-planetlab3.cs.surrey.sfu.ca_51654 6	462.586000	130279.353000	0.098000	0.019000	130742.056000	S	49563	16
planetlab4.wail.wisc.edu_cs-planetlab3.cs.surrey.sfu.ca_51716 6	464.666000	130613.961000	0.243000	0.010000	131078.880000	S	49569	16
planetlab4.wail.wisc.edu_cs-planetlab3.cs.surrey.sfu.ca_51726 6	458.713000	130680.635000	0.349000	0.012000	131139.709000	S	49570	16
planetlab4.wail.wisc.edu_cs-planetlab3.cs.surrey.sfu.ca_51736 6	489.447000	130702.424000	0.132000	0.009000	131192.012000	S	49571	16
planetlab4.wail.wisc.edu_cs-planetlab3.cs.surrey.sfu.ca_51756 6	488.114000	130790.711000	0.122000	0.011000	131278.958000	S	49573	16
planetlab4.wail.wisc.edu_cs-planetlab3.cs.surrey.sfu.ca_51758 6	488.244000	130801.786000	0.099000	0.008000	131290.137000	S	49575	16
planetlab4.wail.wisc.edu_cs-planetlab3.cs.surrey.sfu.ca_51790 6	3328.021000	128084.383000	0.096000	0.014000	131412.514000	S	49579	16
planetlab4.wail.wisc.edu_cs-planetlab3.cs.surrey.sfu.ca_51824 6	3289.101000	128300.927000	0.097000	0.016000	131590.141000	S	49584	16
planetlab4.wail.wisc.edu_cs-planetlab3.cs.surrey.sfu.ca_51830 6	3281.210000	128360.951000	0.107000	0.018000	131642.286000	S	49585	16
planetlab4.wail.wisc.edu_cs-planetlab3.cs.surrey.sfu.ca_51842 6	3274.100000	128606.125000	0.238000	0.015000	131880.478000	S	49586	16
planetlab4.wail.wisc.edu_cs-planetlab3.cs.surrey.sfu.ca_51846 6	3229.741000	128738.680000	0.092000	0.011000	131968.524000	S	49587	16
planetlab4.wail.wisc.edu_cs-planetlab3.cs.surrey.sfu.ca_51852 6	3240.994000	128833.606000	0.100000	0.016000	132074.716000	S	49589	16
planetlab4.wail.wisc.edu_cs-planetlab3.cs.surrey.sfu.ca_51854 6	3219.066000	128907.890000	0.072000	0.014000	132127.042000	S	49590	16
planetlab4.wail.wisc.edu_cs-planetlab3.cs.surrey.sfu.ca_51866 6	3217.910000	129323.295000	0.124000	0.015000	132541.344000	S	49591	16
planetlab4.wail.wisc.edu_cs-planetlab3.cs.surrey.sfu.ca_51868 6	3183.032000	129358.726000	0.079000	0.011000	132541.848000	S	49593	16
planetlab4.wail.wisc.edu_cs-planetlab3.cs.surrey.sfu.ca_51872 6	3170.314000	129405.170000	0.099000	0.011000	132575.594000	S	49595	16
planetlab4.wail.wisc.edu_cs-planetlab3.cs.surrey.sfu.ca_51874 6	3179.020000	129414.922000	0.099000	0.013000	132594.054000	S	49594	16
planetlab4.wail.wisc.edu_cs-planetlab3.cs.surrey.sfu.ca_51920 6	421.376000	132379.266000	0.122000	0.011000	132800.775000	S	49606	16
planetlab4.wail.wisc.edu_cs-planetlab3.cs.surrey.sfu.ca_51928 6	439.371000	132381.975000	0.124000	0.012000	132821.482000	S	49607	16
planetlab4.wail.wisc.edu_cs-planetlab3.cs.surrey.sfu.ca_51942 6	440.759000	132482.248000	0.117000	0.013000	132923.137000	S	49611	16
planetlab4.wail.wisc.edu_cs-planetlab3.cs.surrey.sfu.ca_51962 6	3572.481000	129415.783000	0.075000	0.011000	132988.350000	S	49599	16
planetlab1.mnlab.cti.depaul.edu_cs-planetlab3.cs.surrey.sfu.ca_7518 3	508.488000	239596.653000	0.050000	0.005000	240105.196000	S	49281	1088
