planetlab2.williams.edu_planetlab2.clemson.edu_887 2	1550.789000	0.063000	0.013000	0.000000	1550.865000	72267	1312
planetlab-3.cmcl.cs.cmu.edu_planetlab2.clemson.edu_1051 4	2684.606000	23.089000	0.050000	0.000000	2707.745000	72302	1568
planetlab2.williams.edu_planetlab2.clemson.edu_964 2	2959.232000	0.120000	0.020000	0.000000	2959.372000	72440	1312
planetlab2.williams.edu_planetlab2.clemson.edu_981 2	3108.426000	0.020000	0.012000	0.000000	3108.458000	72459	1312
planetlab2.williams.edu_planetlab2.clemson.edu_1001 2	3370.531000	0.022000	0.018000	0.000000	3370.571000	72515	1312
planetlab2.williams.edu_planetlab2.clemson.edu_1004 2	3385.909000	0.026000	0.013000	0.000000	3385.948000	72521	1312
planetlab2.williams.edu_planetlab2.clemson.edu_1006 2	3387.264000	0.035000	0.011000	0.000000	3387.310000	72522	1312
planetlab2.williams.edu_planetlab2.clemson.edu_1008 2	3396.878000	0.021000	0.013000	0.000000	3396.912000	72523	1312
planetlab2.williams.edu_planetlab2.clemson.edu_1013 2	3412.260000	0.022000	0.012000	0.000000	3412.294000	72527	1312
planetlab2.williams.edu_planetlab2.clemson.edu_1015 2	3420.368000	0.021000	0.012000	0.000000	3420.401000	72539	1312
planetlab-3.cmcl.cs.cmu.edu_planetlab2.clemson.edu_1084 4	3454.052000	0.178000	0.045000	0.000000	3454.275000	72485	1568
planetlab2.williams.edu_planetlab2.clemson.edu_1022 2	3475.113000	0.039000	0.015000	0.000000	3475.167000	72555	1312
planetlab-3.cmcl.cs.cmu.edu_planetlab2.clemson.edu_1101 4	3647.795000	0.049000	0.048000	0.000000	3647.892000	72528	1568
planetlab2.williams.edu_planetlab2.clemson.edu_1071 2	4121.288000	0.022000	0.011000	0.000000	4121.321000	72651	1312
planetlab-3.cmcl.cs.cmu.edu_planetlab2.clemson.edu_1128 4	4246.689000	0.144000	0.047000	0.000000	4246.880000	72634	1568
planet2.cs.rochester.edu_planetlab2.clemson.edu_1951 2	4056.845000	599.338000	0.016000	0.000000	4656.199000	72502	672
planet6.cs.ucsb.edu_planetlab2.clemson.edu_922 3	6438.095000	0.150000	0.025000	0.000000	6438.270000	72806	688
planetlab7.flux.utah.edu_planetlab2.clemson.edu_1526 5	5244.132000	1335.406000	0.022000	0.000000	6579.560000	72771	1536
planetlab2.cs.uoregon.edu_planetlab2.clemson.edu_910 4	6975.034000	0.198000	0.051000	0.000000	6975.283000	72244	3104
planetlab2.cs.uoregon.edu_planetlab2.clemson.edu_937 4	7126.035000	0.766000	0.041000	0.000000	7126.842000	72363	3104
planetlab2.cs.uoregon.edu_planetlab2.clemson.edu_939 4	7132.065000	0.775000	0.032000	0.000000	7132.872000	72414	3104
planetlab2.cs.uoregon.edu_planetlab2.clemson.edu_941 4	7128.826000	0.306000	0.021000	0.000000	7129.153000	72672	3104
planetlab1.netlab.uky.edu_planetlab2.clemson.edu_1214 3	7794.610000	0.457000	0.024000	0.000000	7795.091000	72358	1440
pl2.cs.unm.edu_planetlab2.clemson.edu_1350 2	1459.123000	7300.947000	0.016000	0.000000	8760.086000	72232	1120
pl2.cs.unm.edu_planetlab2.clemson.edu_1390 2	1860.425000	7198.468000	0.020000	0.000000	9058.913000	72285	1120
planetlab1.cs.purdue.edu_planetlab2.clemson.edu_1492 2	9811.594000	0.042000	0.015000	0.000000	9811.651000	72376	2208
pl2.cs.unm.edu_planetlab2.clemson.edu_1600 2	2692.590000	7966.314000	0.019000	0.000000	10658.923000	72386	1120
plonk.cs.uwaterloo.ca_planetlab2.clemson.edu_1500 4	11218.212000	0.464000	0.025000	0.000000	11218.701000	72361	800
planetlab1.rutgers.edu_planetlab2.clemson.edu_3965 2	3946.320000	7293.694000	0.049000	0.000000	11240.063000	72491	512
plonk.cs.uwaterloo.ca_planetlab2.clemson.edu_1513 4	11431.257000	0.204000	0.047000	0.000000	11431.508000	72573	800
plonk.cs.uwaterloo.ca_planetlab2.clemson.edu_1515 4	11435.733000	0.445000	0.037000	0.000000	11436.215000	72599	800
planetlab2.cs.colorado.edu_planetlab2.clemson.edu_1724 3	9770.710000	1769.985000	0.016000	0.000000	11540.711000	72343	2272
plonk.cs.uwaterloo.ca_planetlab2.clemson.edu_1520 4	11549.240000	0.101000	0.028000	0.000000	11549.369000	72674	800
pl2.cs.unm.edu_planetlab2.clemson.edu_1725 2	3330.751000	8246.165000	0.017000	0.000000	11576.933000	72470	1120
planetlab1.rutgers.edu_planetlab2.clemson.edu_4144 2	4257.176000	7552.595000	0.057000	0.000000	11809.828000	72542	512
pluto.cs.brown.edu_planetlab2.clemson.edu_2220 3	6472.268000	5381.420000	0.022000	0.000000	11853.710000	72836	768
planetlab2.netlab.uky.edu_planetlab2.clemson.edu_3761 3	7068.922000	5262.097000	0.046000	0.000000	12331.065000	72248	544
planetlab2.netlab.uky.edu_planetlab2.clemson.edu_3887 3	7408.898000	5317.392000	0.242000	0.000000	12726.532000	72269	544
planetlab1.rutgers.edu_planetlab2.clemson.edu_4411 2	5171.990000	7738.874000	0.032000	0.000000	12910.896000	72641	512
planetlab2.netlab.uky.edu_planetlab2.clemson.edu_3958 3	7748.512000	5361.026000	0.034000	0.000000	13109.572000	72283	544
pl2.cs.unm.edu_planetlab2.clemson.edu_2014 2	5233.570000	8452.136000	0.017000	0.000000	13685.723000	72797	1120
planetlab2.netlab.uky.edu_planetlab2.clemson.edu_4215 3	9146.209000	4929.443000	0.019000	0.000000	14075.671000	72347	544
planetlab2.netlab.uky.edu_planetlab2.clemson.edu_4255 3	9307.744000	4916.711000	0.021000	0.000000	14224.476000	72359	544
planetlab4.rutgers.edu_planetlab2.clemson.edu_6435 4	14210.858000	184.572000	0.034000	0.000000	14395.464000	72260	1024
planetlab2.netlab.uky.edu_planetlab2.clemson.edu_4344 3	9772.336000	4674.771000	0.035000	0.000000	14447.142000	72395	544
planetlab2.acis.ufl.edu_planetlab2.clemson.edu_4204 3	9362.323000	5141.897000	0.028000	0.000000	14504.248000	72306	1056
planetlab2.netlab.uky.edu_planetlab2.clemson.edu_4369 3	9946.121000	4590.711000	0.023000	0.000000	14536.855000	72403	544
planetlab2.acis.ufl.edu_planetlab2.clemson.edu_4241 3	9533.219000	5089.577000	0.019000	0.000000	14622.815000	72321	1056
planetlab2.netlab.uky.edu_planetlab2.clemson.edu_4388 3	10018.215000	4606.459000	0.026000	0.000000	14624.700000	72409	544
planetlab2.netlab.uky.edu_planetlab2.clemson.edu_4393 3	10064.162000	4585.358000	0.035000	0.000000	14649.555000	72410	544
planetlab2.netlab.uky.edu_planetlab2.clemson.edu_4396 3	10086.239000	4567.774000	0.024000	0.000000	14654.037000	72411	544
planetlab2.netlab.uky.edu_planetlab2.clemson.edu_4402 3	10104.219000	4572.716000	0.035000	0.000000	14676.970000	72415	544
planetlab2.acis.ufl.edu_planetlab2.clemson.edu_4316 3	9815.044000	4968.782000	0.023000	0.000000	14783.849000	72336	1056
planetlab2.acis.ufl.edu_planetlab2.clemson.edu_4326 3	9846.835000	4955.309000	0.022000	0.000000	14802.166000	72337	1056
planetlab2.acis.ufl.edu_planetlab2.clemson.edu_4334 3	9875.981000	4944.447000	0.024000	0.000000	14820.452000	72339	1056
planetlab2.acis.ufl.edu_planetlab2.clemson.edu_4351 3	9931.584000	4933.122000	0.026000	0.000000	14864.732000	72341	1056
planetlab2.acis.ufl.edu_planetlab2.clemson.edu_4383 3	10007.672000	4912.345000	0.017000	0.000000	14920.034000	72345	1056
ebb.colgate.edu_planetlab2.clemson.edu_2139 4	14968.698000	0.024000	0.027000	0.000000	14968.749000	72572	1184
planetlab2.acis.ufl.edu_planetlab2.clemson.edu_4504 3	10358.580000	4805.187000	0.019000	0.000000	15163.786000	72369	1056
planetlab2.netlab.uky.edu_planetlab2.clemson.edu_4492 3	10582.877000	4636.475000	0.019000	0.000000	15219.371000	72443	544
planetlab2.acis.ufl.edu_planetlab2.clemson.edu_4630 3	10826.999000	4643.152000	0.022000	0.000000	15470.173000	72401	1056
planetlab2.acis.ufl.edu_planetlab2.clemson.edu_4687 3	11085.529000	4555.522000	0.128000	0.000000	15641.179000	72429	1056
ebb.colgate.edu_planetlab2.clemson.edu_2161 4	15764.997000	0.022000	0.013000	0.000000	15765.032000	72759	1184
planetlab4.rutgers.edu_planetlab2.clemson.edu_6739 4	15846.441000	29.210000	0.029000	0.000000	15875.680000	72439	1024
planetlab2.acis.ufl.edu_planetlab2.clemson.edu_4863 3	11655.293000	4416.049000	0.024000	0.000000	16071.366000	72482	1056
planetlab2.acis.ufl.edu_planetlab2.clemson.edu_4913 3	11779.094000	4431.937000	0.018000	0.000000	16211.049000	72505	1056
planetlab4.rutgers.edu_planetlab2.clemson.edu_6826 4	16505.041000	0.058000	0.030000	0.000000	16505.129000	72567	1024
planetlab-2.cmcl.cs.cmu.edu_planetlab2.clemson.edu_1689 4	16799.561000	0.058000	0.050000	0.000000	16799.669000	72552	560
planetlab2.eecs.umich.edu_planetlab2.clemson.edu_3514 2	10153.136000	6677.699000	0.071000	0.000000	16830.906000	72271	2048
planetlab2.netlab.uky.edu_planetlab2.clemson.edu_4942 3	12174.994000	4693.471000	0.041000	0.000000	16868.506000	72563	544
planetlab2.eecs.umich.edu_planetlab2.clemson.edu_3596 2	11230.128000	6080.682000	0.074000	0.000000	17310.884000	72357	2048
planetlab2.netlab.uky.edu_planetlab2.clemson.edu_5211 3	13377.044000	4470.025000	0.028000	0.000000	17847.097000	72667	544
planetlab2.netlab.uky.edu_planetlab2.clemson.edu_5340 3	13907.708000	4390.924000	0.033000	0.000000	18298.665000	72712	544
planetlab2.netlab.uky.edu_planetlab2.clemson.edu_5377 3	14103.490000	4284.625000	0.019000	0.000000	18388.134000	72720	544
planetlab2.netlab.uky.edu_planetlab2.clemson.edu_5397 3	14162.209000	4277.485000	0.031000	0.000000	18439.725000	72728	544
planetlab2.netlab.uky.edu_planetlab2.clemson.edu_5401 3	14176.403000	4273.495000	0.024000	0.000000	18449.922000	72729	544
planetlab2.netlab.uky.edu_planetlab2.clemson.edu_5406 3	14181.231000	4277.194000	0.012000	0.000000	18458.437000	72730	544
planetlab2.netlab.uky.edu_planetlab2.clemson.edu_5408 3	14183.427000	4279.903000	0.021000	0.000000	18463.351000	72732	544
planetlab2.netlab.uky.edu_planetlab2.clemson.edu_5417 3	14258.356000	4251.819000	0.026000	0.000000	18510.201000	72736	544
planetlab2.netlab.uky.edu_planetlab2.clemson.edu_5425 3	14328.695000	4192.268000	0.026000	0.000000	18520.989000	72744	544
planetlab2.netlab.uky.edu_planetlab2.clemson.edu_5427 3	14333.133000	4192.578000	0.019000	0.000000	18525.730000	72746	544
planetlab2.netlab.uky.edu_planetlab2.clemson.edu_5430 3	14343.556000	4194.039000	0.023000	0.000000	18537.618000	72745	544
planetlab2.netlab.uky.edu_planetlab2.clemson.edu_5435 3	14360.096000	4201.898000	0.019000	0.000000	18562.013000	72748	544
planetlab2.netlab.uky.edu_planetlab2.clemson.edu_5443 3	14372.809000	4214.449000	0.027000	0.000000	18587.285000	72753	544
planetlab2.netlab.uky.edu_planetlab2.clemson.edu_5445 3	14380.372000	4208.369000	0.025000	0.000000	18588.766000	72752	544
planetlab2.netlab.uky.edu_planetlab2.clemson.edu_5447 3	14386.019000	4203.139000	0.024000	0.000000	18589.182000	72754	544
planetlab2.netlab.uky.edu_planetlab2.clemson.edu_5449 3	14410.092000	4198.624000	0.080000	0.000000	18608.796000	72756	544
planetlab2.netlab.uky.edu_planetlab2.clemson.edu_5451 3	14419.405000	4190.455000	0.031000	0.000000	18609.891000	72760	544
planetlab2.netlab.uky.edu_planetlab2.clemson.edu_5453 3	14423.497000	4190.001000	0.022000	0.000000	18613.520000	72761	544
planetlab2.netlab.uky.edu_planetlab2.clemson.edu_5467 3	14456.643000	4219.288000	0.031000	0.000000	18675.962000	72762	544
planetlab2.netlab.uky.edu_planetlab2.clemson.edu_5471 3	14473.932000	4216.797000	0.024000	0.000000	18690.753000	72763	544
planetlab2.netlab.uky.edu_planetlab2.clemson.edu_5473 3	14480.021000	4215.103000	0.018000	0.000000	18695.142000	72764	544
planetlab2.netlab.uky.edu_planetlab2.clemson.edu_5476 3	14495.729000	4204.079000	0.029000	0.000000	18699.837000	72765	544
planetlab2.netlab.uky.edu_planetlab2.clemson.edu_5480 3	14511.063000	4211.720000	0.012000	0.000000	18722.795000	72766	544
planetlab2.netlab.uky.edu_planetlab2.clemson.edu_5485 3	14590.524000	4151.483000	0.030000	0.000000	18742.037000	72781	544
planetlab2.netlab.uky.edu_planetlab2.clemson.edu_5502 3	14711.236000	4098.325000	0.029000	0.000000	18809.590000	72792	544
planetlab2.netlab.uky.edu_planetlab2.clemson.edu_5521 3	14821.240000	4071.471000	0.020000	0.000000	18892.731000	72808	544
planetlab2.netlab.uky.edu_planetlab2.clemson.edu_5539 3	14888.130000	4095.933000	0.038000	0.000000	18984.101000	72816	544
planetlab2.netlab.uky.edu_planetlab2.clemson.edu_5581 3	15107.854000	4095.324000	0.022000	0.000000	19203.200000	72824	544
planetlab2.netlab.uky.edu_planetlab2.clemson.edu_5584 3	15116.103000	4088.760000	0.020000	0.000000	19204.883000	72825	544
planetlab2.netlab.uky.edu_planetlab2.clemson.edu_5586 3	15117.899000	4087.547000	0.021000	0.000000	19205.467000	72826	544
planetlab2.netlab.uky.edu_planetlab2.clemson.edu_5588 3	15118.205000	4119.956000	0.015000	0.000000	19238.176000	72828	544
planetlab-2.cmcl.cs.cmu.edu_planetlab2.clemson.edu_1791 4	19299.541000	0.178000	0.083000	0.000000	19299.802000	72843	560
planetlab1.cs.purdue.edu_planetlab2.clemson.edu_1727 2	19757.853000	0.118000	0.019000	0.000000	19757.990000	72731	2208
planetlab1.cs.purdue.edu_planetlab2.clemson.edu_1734 2	19859.685000	0.091000	0.020000	0.000000	19859.796000	72779	2208
planetlab1.cs.purdue.edu_planetlab2.clemson.edu_1736 2	19869.852000	0.021000	0.020000	0.000000	19869.893000	72787	2208
planetlab1.cs.purdue.edu_planetlab2.clemson.edu_1738 2	19877.118000	0.027000	0.015000	0.000000	19877.160000	72793	2208
planetlab1.cs.purdue.edu_planetlab2.clemson.edu_1740 2	19879.046000	0.024000	0.013000	0.000000	19879.083000	72794	2208
planetlab1.cs.purdue.edu_planetlab2.clemson.edu_1742 2	19879.378000	0.021000	0.013000	0.000000	19879.412000	72795	2208
planetlab1.cs.purdue.edu_planetlab2.clemson.edu_1744 2	19885.790000	0.092000	0.017000	0.000000	19885.899000	72799	2208
planetlab1.cs.purdue.edu_planetlab2.clemson.edu_1746 2	20010.166000	0.032000	0.033000	0.000000	20010.231000	72827	2208
planetlab2.acis.ufl.edu_planetlab2.clemson.edu_5060 3	12254.197000	8078.239000	0.020000	0.000000	20332.456000	72593	1056
mtuplanetlab2.cs.mtu.edu_planetlab2.clemson.edu_3071 3	18993.249000	1563.564000	0.027000	0.000000	20556.840000	72473	736
planetlab2.eecs.umich.edu_planetlab2.clemson.edu_4103 2	13515.099000	7055.938000	0.073000	0.000000	20571.110000	72400	2048
planetlab4.rutgers.edu_planetlab2.clemson.edu_6924 4	20683.882000	0.045000	0.024000	0.000000	20683.951000	72631	1024
planetlab4.rutgers.edu_planetlab2.clemson.edu_6967 4	20974.252000	0.032000	0.029000	0.000000	20974.313000	72663	1024
planetlab4.rutgers.edu_planetlab2.clemson.edu_6996 4	21193.157000	0.140000	0.029000	0.000000	21193.326000	72679	1024
planetlab2.acis.ufl.edu_planetlab2.clemson.edu_5266 3	13036.552000	8187.007000	0.026000	0.000000	21223.585000	72710	1056
planetlab2.acis.ufl.edu_planetlab2.clemson.edu_5270 3	13063.543000	8167.658000	0.034000	0.000000	21231.235000	72714	1056
planetlab2.acis.ufl.edu_planetlab2.clemson.edu_5273 3	13064.499000	8173.390000	0.017000	0.000000	21237.906000	72716	1056
planetlab2.acis.ufl.edu_planetlab2.clemson.edu_5276 3	13091.872000	8156.424000	0.021000	0.000000	21248.317000	72718	1056
planetlab2.acis.ufl.edu_planetlab2.clemson.edu_5278 3	13093.672000	8161.884000	0.015000	0.000000	21255.571000	72719	1056
planetlab4.rutgers.edu_planetlab2.clemson.edu_7004 4	21255.432000	0.757000	0.035000	0.000000	21256.224000	72691	1024
planetlab4.rutgers.edu_planetlab2.clemson.edu_7008 4	21257.337000	0.022000	0.016000	0.000000	21257.375000	72693	1024
planetlab4.rutgers.edu_planetlab2.clemson.edu_7010 4	21263.850000	0.022000	0.019000	0.000000	21263.891000	72694	1024
planetlab2.acis.ufl.edu_planetlab2.clemson.edu_5283 3	13119.954000	8146.072000	0.020000	0.000000	21266.046000	72721	1056
planetlab2.acis.ufl.edu_planetlab2.clemson.edu_5295 3	13231.518000	8066.496000	0.028000	0.000000	21298.042000	72734	1056
planetlab4.rutgers.edu_planetlab2.clemson.edu_7016 4	21271.875000	29.709000	0.032000	0.000000	21301.616000	72695	1024
planetlab4.rutgers.edu_planetlab2.clemson.edu_7022 4	21302.827000	16.068000	0.027000	0.000000	21318.922000	72703	1024
planetlab2.acis.ufl.edu_planetlab2.clemson.edu_5319 3	13338.546000	8033.385000	0.024000	0.000000	21371.955000	72750	1056
planetlab2.acis.ufl.edu_planetlab2.clemson.edu_5405 3	13661.159000	8088.064000	0.022000	0.000000	21749.245000	72782	1056
planetlab2.acis.ufl.edu_planetlab2.clemson.edu_5432 3	13726.568000	8128.020000	0.023000	0.000000	21854.611000	72804	1056
planetlab2.acis.ufl.edu_planetlab2.clemson.edu_5454 3	13770.530000	8137.831000	0.018000	0.000000	21908.379000	72809	1056
planetlab2.acis.ufl.edu_planetlab2.clemson.edu_5468 3	13823.092000	8215.881000	0.028000	0.000000	22039.001000	72818	1056
planetlab2.acis.ufl.edu_planetlab2.clemson.edu_5477 3	13847.440000	8227.314000	0.019000	0.000000	22074.773000	72833	1056
planetlab2.acis.ufl.edu_planetlab2.clemson.edu_5491 3	13878.770000	8233.564000	0.018000	0.000000	22112.352000	72846	1056
planetlab2.eecs.umich.edu_planetlab2.clemson.edu_4870 2	17394.581000	6783.202000	0.234000	0.000000	24178.017000	72603	2048
planetlabpc2.upf.edu_planetlab2.clemson.edu_1352 2	20350.338000	8945.479000	0.025000	0.000000	29295.842000	72226	2592
planetlabpc2.upf.edu_planetlab2.clemson.edu_1357 2	20541.621000	8754.891000	0.031000	0.000000	29296.543000	72258	2592
planetlabpc2.upf.edu_planetlab2.clemson.edu_1367 2	20772.289000	8524.303000	0.021000	0.000000	29296.613000	72322	2592
planetlabpc2.upf.edu_planetlab2.clemson.edu_1373 2	20992.385000	8331.211000	0.024000	0.000000	29323.620000	72450	2592
planetlabpc2.upf.edu_planetlab2.clemson.edu_1387 2	21279.880000	8166.110000	0.019000	0.000000	29446.009000	72625	2592
planetlab5.csee.usf.edu_planetlab2.clemson.edu_4425 4	33377.846000	0.076000	0.038000	0.000000	33377.960000	72308	608
planetlab5.csee.usf.edu_planetlab2.clemson.edu_4437 4	36241.629000	0.035000	0.038000	0.000000	36241.702000	72372	608
planetlab-01.ece.uprm.edu_planetlab2.clemson.edu_3191 4	37002.634000	0.271000	0.042000	0.000000	37002.947000	72314	2144
planetlab-01.ece.uprm.edu_planetlab2.clemson.edu_3200 4	37041.484000	0.413000	0.044000	0.000000	37041.941000	72393	2144
planetlab-01.ece.uprm.edu_planetlab2.clemson.edu_3233 4	37451.116000	0.233000	0.048000	0.000000	37451.397000	72506	2144
planetlab-01.ece.uprm.edu_planetlab2.clemson.edu_3235 4	37455.340000	0.422000	0.041000	0.000000	37455.803000	72538	2144
planetlab-01.ece.uprm.edu_planetlab2.clemson.edu_3238 4	37513.167000	0.217000	0.040000	0.000000	37513.424000	72554	2144
planetlab-01.ece.uprm.edu_planetlab2.clemson.edu_3240 4	37540.021000	0.317000	0.047000	0.000000	37540.385000	72562	2144
planetlab-01.ece.uprm.edu_planetlab2.clemson.edu_3242 4	37542.466000	0.331000	0.040000	0.000000	37542.837000	72568	2144
planetlab5.csee.usf.edu_planetlab2.clemson.edu_4441 4	37549.893000	0.091000	0.025000	0.000000	37550.009000	72404	608
planetlab-01.ece.uprm.edu_planetlab2.clemson.edu_3244 4	37548.824000	0.327000	0.033000	0.000000	37549.184000	72570	2144
planetlab-01.ece.uprm.edu_planetlab2.clemson.edu_3246 4	37549.114000	0.136000	0.020000	0.000000	37549.270000	72571	2144
planetlab-01.ece.uprm.edu_planetlab2.clemson.edu_3248 4	37565.021000	0.446000	0.044000	0.000000	37565.511000	72574	2144
planetlab-01.ece.uprm.edu_planetlab2.clemson.edu_3252 4	37614.042000	0.218000	0.058000	0.000000	37614.318000	72698	2144
planetlab5.csee.usf.edu_planetlab2.clemson.edu_4447 4	38048.918000	0.025000	0.021000	0.000000	38048.964000	72420	608
planetlab5.csee.usf.edu_planetlab2.clemson.edu_4457 4	38657.486000	0.026000	0.030000	0.000000	38657.542000	72432	608
planetlab5.csee.usf.edu_planetlab2.clemson.edu_4462 4	39066.958000	0.032000	0.028000	0.000000	39067.018000	72436	608
planetlab5.csee.usf.edu_planetlab2.clemson.edu_4464 4	39347.174000	0.030000	0.034000	0.000000	39347.238000	72438	608
planetlab5.csee.usf.edu_planetlab2.clemson.edu_4466 4	39356.419000	0.090000	0.017000	0.000000	39356.526000	72437	608
planetlab5.csee.usf.edu_planetlab2.clemson.edu_4468 4	39433.269000	0.025000	0.023000	0.000000	39433.317000	72444	608
planetlab4.tamu.edu_planetlab2.clemson.edu_1185 5	41629.323000	0.290000	0.028000	0.000000	41629.641000	72519	624
planetlab5.csee.usf.edu_planetlab2.clemson.edu_4498 4	43862.834000	0.320000	0.039000	0.000000	43863.193000	72692	608
planetlab5.csee.usf.edu_planetlab2.clemson.edu_4504 4	44187.585000	0.205000	0.042000	0.000000	44187.832000	72727	608
plab4.eece.ksu.edu_planetlab2.clemson.edu_4207 3	17002.628000	34570.493000	0.024000	0.000000	51573.145000	72277	2080
plab4.eece.ksu.edu_planetlab2.clemson.edu_5319 3	23233.443000	33519.911000	0.016000	0.000000	56753.370000	72422	2080
plab4.eece.ksu.edu_planetlab2.clemson.edu_5373 3	23447.412000	33528.058000	0.015000	0.000000	56975.485000	72445	2080
plab4.eece.ksu.edu_planetlab2.clemson.edu_5387 3	23513.954000	33496.190000	0.019000	0.000000	57010.163000	72469	2080
plab4.eece.ksu.edu_planetlab2.clemson.edu_5408 3	23579.000000	33482.151000	0.020000	0.000000	57061.171000	72489	2080
plab4.eece.ksu.edu_planetlab2.clemson.edu_5421 3	23638.203000	33475.862000	0.020000	0.000000	57114.085000	72517	2080
plab4.eece.ksu.edu_planetlab2.clemson.edu_5430 3	23685.174000	33468.816000	0.019000	0.000000	57154.009000	72529	2080
plab4.eece.ksu.edu_planetlab2.clemson.edu_5433 3	23689.863000	33464.557000	0.013000	0.000000	57154.433000	72533	2080
plab4.eece.ksu.edu_planetlab2.clemson.edu_5435 3	23691.368000	33465.389000	0.015000	0.000000	57156.772000	72532	2080
plab4.eece.ksu.edu_planetlab2.clemson.edu_5439 3	23717.352000	33467.691000	0.019000	0.000000	57185.062000	72535	2080
plab4.eece.ksu.edu_planetlab2.clemson.edu_5458 3	23791.827000	33423.496000	0.019000	0.000000	57215.342000	72541	2080
planetlab5.cs.uiuc.edu_planetlab2.clemson.edu_964 4	12904.717000	44335.012000	0.010000	0.000000	57239.739000	72300	2336
plab4.eece.ksu.edu_planetlab2.clemson.edu_5476 3	23907.899000	33352.312000	0.020000	0.000000	57260.231000	72565	2080
planetlab5.cs.uiuc.edu_planetlab2.clemson.edu_969 4	16039.535000	41270.269000	0.010000	0.000000	57309.814000	72435	2336
planetlab5.cs.uiuc.edu_planetlab2.clemson.edu_971 4	16110.626000	41201.900000	0.008000	0.000000	57312.534000	72487	2336
planetlab5.cs.uiuc.edu_planetlab2.clemson.edu_976 4	19956.033000	37374.934000	0.010000	0.000000	57330.977000	72812	2336
plab4.eece.ksu.edu_planetlab2.clemson.edu_5562 3	24530.171000	32936.438000	0.053000	0.000000	57466.662000	72630	2080
plab4.eece.ksu.edu_planetlab2.clemson.edu_5710 3	25474.781000	32357.974000	0.027000	0.000000	57832.782000	72643	2080
plab4.eece.ksu.edu_planetlab2.clemson.edu_5766 3	25917.282000	32076.580000	0.028000	0.000000	57993.890000	72661	2080
plab4.eece.ksu.edu_planetlab2.clemson.edu_5796 3	26110.402000	31960.787000	0.022000	0.000000	58071.211000	72705	2080
plab4.eece.ksu.edu_planetlab2.clemson.edu_5807 3	26150.847000	31954.329000	0.024000	0.000000	58105.200000	72708	2080
plab4.eece.ksu.edu_planetlab2.clemson.edu_5809 3	26165.349000	31940.810000	0.018000	0.000000	58106.177000	72709	2080
plab4.eece.ksu.edu_planetlab2.clemson.edu_5811 3	26172.374000	31945.850000	0.016000	0.000000	58118.240000	72711	2080
plab4.eece.ksu.edu_planetlab2.clemson.edu_5817 3	26226.243000	31909.155000	0.023000	0.000000	58135.421000	72717	2080
plab4.eece.ksu.edu_planetlab2.clemson.edu_5831 3	26294.073000	31855.871000	0.018000	0.000000	58149.962000	72725	2080
plab4.eece.ksu.edu_planetlab2.clemson.edu_5851 3	26421.699000	31771.920000	0.020000	0.000000	58193.639000	72741	2080
plab4.eece.ksu.edu_planetlab2.clemson.edu_5883 3	26543.180000	31724.485000	0.022000	0.000000	58267.687000	72758	2080
plab4.eece.ksu.edu_planetlab2.clemson.edu_5897 3	26676.483000	31635.387000	0.019000	0.000000	58311.889000	72773	2080
plab4.eece.ksu.edu_planetlab2.clemson.edu_5907 3	26820.726000	31541.144000	0.025000	0.000000	58361.895000	72837	2080
plab4.eece.ksu.edu_planetlab2.clemson.edu_5909 3	26823.406000	31538.686000	0.015000	0.000000	58362.107000	72840	2080
plab4.eece.ksu.edu_planetlab2.clemson.edu_6092 3	28933.543000	29787.913000	0.032000	0.000000	58721.488000	72802	2080
planetlab4.cs.uiuc.edu_planetlab2.clemson.edu_333 1	4332.690000	86197.407000	0.019000	0.000000	90530.116000	72687	2720
planetlab6.cs.duke.edu_planetlab2.clemson.edu_8215 5	100102.780000	0.028000	0.030000	0.000000	100102.838000	72234	288
planetlab1.cs.uoregon.edu_planetlab2.clemson.edu_10710 4	100209.332000	0.476000	0.052000	0.000000	100209.860000	72240	256
pl2.eecs.utk.edu_planetlab2.clemson.edu_7310 4	101131.778000	1.137000	0.033000	0.000000	101132.948000	72270	224
planetlab6.cs.duke.edu_planetlab2.clemson.edu_8221 5	101180.842000	0.160000	0.030000	0.000000	101181.032000	72262	288
planetlab6.cs.duke.edu_planetlab2.clemson.edu_8234 5	101460.686000	0.323000	0.023000	0.000000	101461.032000	72274	288
planetlab6.cs.duke.edu_planetlab2.clemson.edu_8244 5	101557.223000	0.623000	0.019000	0.000000	101557.865000	72276	288
planetlab6.cs.duke.edu_planetlab2.clemson.edu_8246 5	101569.265000	0.186000	0.021000	0.000000	101569.472000	72278	288
planetlab6.cs.duke.edu_planetlab2.clemson.edu_8248 5	101600.977000	0.152000	0.028000	0.000000	101601.157000	72279	288
planetlab6.cs.duke.edu_planetlab2.clemson.edu_8260 5	101704.486000	0.034000	0.021000	0.000000	101704.541000	72286	288
planetlab6.cs.duke.edu_planetlab2.clemson.edu_8281 5	102468.334000	0.167000	0.032000	0.000000	102468.533000	72310	288
vn4.cse.wustl.edu_planetlab2.clemson.edu_6568 5	103034.242000	0.070000	0.038000	0.000000	103034.350000	72323	272
planetlab6.cs.cornell.edu_planetlab2.clemson.edu_5826 6	103880.118000	0.055000	0.038000	0.000000	103880.211000	72346	352
planetlab6.cs.duke.edu_planetlab2.clemson.edu_8289 5	104345.400000	0.118000	0.031000	0.000000	104345.549000	72373	288
planetlab6.cs.duke.edu_planetlab2.clemson.edu_8294 5	104472.352000	0.063000	0.038000	0.000000	104472.453000	72384	288
planetlab1.cs.pitt.edu_planetlab2.clemson.edu_4593 3	104478.979000	0.166000	0.025000	0.000000	104479.170000	72413	384
planetlab6.cs.duke.edu_planetlab2.clemson.edu_8298 5	104688.141000	0.201000	0.028000	0.000000	104688.370000	72406	288
planetlab1.cs.uiuc.edu_planetlab2.clemson.edu_8278 2	3636.918000	101199.074000	0.016000	0.000000	104836.008000	72455	128
planetlab6.cs.cornell.edu_planetlab2.clemson.edu_5830 6	104959.467000	0.054000	0.038000	0.000000	104959.559000	72431	352
planetlab1.cs.uoregon.edu_planetlab2.clemson.edu_10829 4	105201.821000	0.386000	0.039000	0.000000	105202.246000	72464	256
planetlab1.cs.uoregon.edu_planetlab2.clemson.edu_10835 4	105426.662000	0.034000	0.039000	0.000000	105426.735000	72480	256
planetlab1.cs.uoregon.edu_planetlab2.clemson.edu_10840 4	105551.173000	0.528000	0.044000	0.000000	105551.745000	72496	256
planetlab1.cs.uoregon.edu_planetlab2.clemson.edu_10843 4	105582.375000	0.539000	0.044000	0.000000	105582.958000	72497	256
planetlab1.cs.uoregon.edu_planetlab2.clemson.edu_10845 4	105587.448000	0.310000	0.026000	0.000000	105587.784000	72498	256
planetlab1.cs.uoregon.edu_planetlab2.clemson.edu_10848 4	105608.785000	0.900000	0.052000	0.000000	105609.737000	72500	256
planetlab1.cs.uoregon.edu_planetlab2.clemson.edu_10851 4	105639.330000	0.409000	0.047000	0.000000	105639.786000	72504	256
planetlab6.cs.duke.edu_planetlab2.clemson.edu_8329 5	105961.380000	0.031000	0.033000	0.000000	105961.444000	72534	288
planetlab1.cs.uoregon.edu_planetlab2.clemson.edu_10866 4	106097.112000	0.292000	0.026000	0.000000	106097.430000	72560	256
planetlab1.cs.uoregon.edu_planetlab2.clemson.edu_10890 4	106831.416000	0.565000	0.045000	0.000000	106832.026000	72624	256
planetlab5.eecs.umich.edu_planetlab2.clemson.edu_4586 4	106861.969000	0.211000	0.030000	0.000000	106862.210000	72635	416
planetlab6.cs.cornell.edu_planetlab2.clemson.edu_5852 6	107306.874000	0.049000	0.034000	0.000000	107306.957000	72657	352
planetlab2.cs.pitt.edu_planetlab2.clemson.edu_3220 6	107575.225000	0.026000	0.030000	0.000000	107575.281000	72677	304
planetlab6.cs.duke.edu_planetlab2.clemson.edu_8367 5	107831.693000	0.273000	0.147000	0.000000	107832.113000	72702	288
planetlab6.cs.duke.edu_planetlab2.clemson.edu_8369 5	107907.168000	0.040000	0.038000	0.000000	107907.246000	72707	288
planetlab6.cs.duke.edu_planetlab2.clemson.edu_8371 5	108028.043000	0.474000	0.034000	0.000000	108028.551000	72726	288
planetlab6.cs.duke.edu_planetlab2.clemson.edu_8373 5	108082.669000	0.469000	0.034000	0.000000	108083.172000	72733	288
pl2.eecs.utk.edu_planetlab2.clemson.edu_7338 4	108113.455000	0.070000	0.032000	0.000000	108113.557000	72749	224
planetlab6.cs.duke.edu_planetlab2.clemson.edu_8375 5	108126.793000	0.743000	0.032000	0.000000	108127.568000	72737	288
planetlab6.cs.duke.edu_planetlab2.clemson.edu_8377 5	108140.671000	0.211000	0.035000	0.000000	108140.917000	72738	288
planetlab6.cs.duke.edu_planetlab2.clemson.edu_8379 5	108154.037000	0.028000	0.022000	0.000000	108154.087000	72739	288
planetlab6.cs.duke.edu_planetlab2.clemson.edu_8383 5	108238.309000	0.433000	0.028000	0.000000	108238.770000	72743	288
planetlab1.cs.uiuc.edu_planetlab2.clemson.edu_8317 2	6113.099000	102156.285000	0.027000	0.000000	108269.411000	72780	128
planetlab6.cs.duke.edu_planetlab2.clemson.edu_8385 5	108280.157000	0.295000	0.048000	0.000000	108280.500000	72747	288
planetlab6.cs.duke.edu_planetlab2.clemson.edu_8387 5	108413.188000	0.041000	0.040000	0.000000	108413.269000	72755	288
planetlab6.cs.duke.edu_planetlab2.clemson.edu_8393 5	108549.391000	0.140000	0.032000	0.000000	108549.563000	72774	288
planetlab6.cs.duke.edu_planetlab2.clemson.edu_8395 5	108599.712000	0.183000	0.045000	0.000000	108599.940000	72777	288
planetlab6.cs.duke.edu_planetlab2.clemson.edu_8399 5	108675.414000	0.157000	0.033000	0.000000	108675.604000	72786	288
planetlab6.cs.duke.edu_planetlab2.clemson.edu_8401 5	108689.225000	0.127000	0.028000	0.000000	108689.380000	72788	288
planetlab6.cs.duke.edu_planetlab2.clemson.edu_8403 5	108760.664000	0.132000	0.035000	0.000000	108760.831000	72790	288
planetlab6.cs.duke.edu_planetlab2.clemson.edu_8405 5	108769.588000	0.446000	0.019000	0.000000	108770.053000	72791	288
planetlab6.cs.duke.edu_planetlab2.clemson.edu_8407 5	108824.465000	0.222000	0.056000	0.000000	108824.743000	72798	288
planetlab6.cs.duke.edu_planetlab2.clemson.edu_8409 5	108876.197000	0.581000	0.035000	0.000000	108876.813000	72803	288
pl2.eecs.utk.edu_planetlab2.clemson.edu_7342 4	108940.592000	0.062000	0.030000	0.000000	108940.684000	72845	224
planetlab6.cs.duke.edu_planetlab2.clemson.edu_8411 5	109060.437000	0.198000	0.033000	0.000000	109060.668000	72822	288
planetlab6.cs.duke.edu_planetlab2.clemson.edu_8413 5	109146.906000	0.355000	0.048000	0.000000	109147.309000	72841	288
node1.planetlab.albany.edu_planetlab2.clemson.edu_26305 4	156234.689000	0.228000	0.063000	0.000000	156234.980000	72220	32
roam2.cs.ou.edu_planetlab2.clemson.edu_11900 5	156320.681000	0.089000	0.040000	0.000000	156320.810000	72221	48
roam2.cs.ou.edu_planetlab2.clemson.edu_11902 5	156335.923000	0.238000	0.028000	0.000000	156336.189000	72223	48
roam2.cs.ou.edu_planetlab2.clemson.edu_11904 5	156339.816000	0.093000	0.017000	0.000000	156339.926000	72222	48
node1.planetlab.albany.edu_planetlab2.clemson.edu_26341 4	156405.667000	0.029000	0.030000	0.000000	156405.726000	72228	32
planetlab2.umassd.edu_planetlab2.clemson.edu_15808 4	156482.997000	0.233000	0.016000	0.000000	156483.246000	72230	64
roam2.cs.ou.edu_planetlab2.clemson.edu_11912 5	156504.234000	0.023000	0.020000	0.000000	156504.277000	72231	48
node1.planetlab.albany.edu_planetlab2.clemson.edu_26388 4	156533.702000	0.027000	0.049000	0.000000	156533.778000	72236	32
roam2.cs.ou.edu_planetlab2.clemson.edu_11920 5	156591.313000	0.098000	0.046000	0.000000	156591.457000	72235	48
roam2.cs.ou.edu_planetlab2.clemson.edu_11924 5	156629.937000	0.192000	0.032000	0.000000	156630.161000	72238	48
roam2.cs.ou.edu_planetlab2.clemson.edu_11926 5	156634.015000	0.128000	0.016000	0.000000	156634.159000	72237	48
roam2.cs.ou.edu_planetlab2.clemson.edu_11930 5	156653.772000	0.089000	0.020000	0.000000	156653.881000	72239	48
node1.planetlab.albany.edu_planetlab2.clemson.edu_26421 4	156712.473000	0.172000	0.021000	0.000000	156712.666000	72242	32
roam2.cs.ou.edu_planetlab2.clemson.edu_11938 5	156783.525000	0.093000	0.027000	0.000000	156783.645000	72243	48
roam2.cs.ou.edu_planetlab2.clemson.edu_11946 5	156878.412000	0.025000	0.051000	0.000000	156878.488000	72246	48
roam2.cs.ou.edu_planetlab2.clemson.edu_11948 5	156899.608000	0.147000	0.021000	0.000000	156899.776000	72245	48
roam2.cs.ou.edu_planetlab2.clemson.edu_11952 5	156959.341000	0.052000	0.028000	0.000000	156959.421000	72247	48
roam2.cs.ou.edu_planetlab2.clemson.edu_11956 5	156978.129000	0.047000	0.030000	0.000000	156978.206000	72249	48
roam2.cs.ou.edu_planetlab2.clemson.edu_11958 5	157010.448000	0.094000	0.024000	0.000000	157010.566000	72250	48
roam2.cs.ou.edu_planetlab2.clemson.edu_11960 5	157028.732000	0.030000	0.023000	0.000000	157028.785000	72251	48
roam2.cs.ou.edu_planetlab2.clemson.edu_11962 5	157029.500000	0.021000	0.017000	0.000000	157029.538000	72252	48
roam2.cs.ou.edu_planetlab2.clemson.edu_11970 5	157165.705000	0.025000	0.029000	0.000000	157165.759000	72253	48
roam2.cs.ou.edu_planetlab2.clemson.edu_11972 5	157171.553000	0.134000	0.016000	0.000000	157171.703000	72255	48
roam2.cs.ou.edu_planetlab2.clemson.edu_11974 5	157171.677000	0.115000	0.016000	0.000000	157171.808000	72254	48
node1.planetlab.albany.edu_planetlab2.clemson.edu_26537 4	157232.900000	0.027000	0.021000	0.000000	157232.948000	72264	32
node1.planetlab.albany.edu_planetlab2.clemson.edu_26547 4	157266.928000	0.025000	0.022000	0.000000	157266.975000	72263	32
roam2.cs.ou.edu_planetlab2.clemson.edu_11992 5	157379.928000	0.148000	0.028000	0.000000	157380.104000	72266	48
node1.planetlab.albany.edu_planetlab2.clemson.edu_26571 4	157458.128000	0.029000	0.030000	0.000000	157458.187000	72268	32
node1.planetlab.albany.edu_planetlab2.clemson.edu_26577 4	157473.227000	0.032000	0.030000	0.000000	157473.289000	72272	32
planetlab2.umassd.edu_planetlab2.clemson.edu_15865 4	157599.741000	0.165000	0.018000	0.000000	157599.924000	72275	64
node1.planetlab.albany.edu_planetlab2.clemson.edu_26593 4	157605.512000	0.022000	0.020000	0.000000	157605.554000	72280	32
node1.planetlab.albany.edu_planetlab2.clemson.edu_26599 4	157649.985000	0.024000	0.021000	0.000000	157650.030000	72281	32
node1.planetlab.albany.edu_planetlab2.clemson.edu_26603 4	157668.922000	0.022000	0.019000	0.000000	157668.963000	72282	32
node1.planetlab.albany.edu_planetlab2.clemson.edu_26610 4	157710.679000	0.028000	0.032000	0.000000	157710.739000	72284	32
roam2.cs.ou.edu_planetlab2.clemson.edu_12004 5	157797.392000	0.052000	0.030000	0.000000	157797.474000	72287	48
node1.planetlab.albany.edu_planetlab2.clemson.edu_26649 4	157943.718000	2.261000	0.031000	0.000000	157946.010000	72294	32
pl1.rcc.uottawa.ca_planetlab2.clemson.edu_38522 3	101775.334000	56244.642000	0.028000	0.000000	158020.004000	72298	0
roam2.cs.ou.edu_planetlab2.clemson.edu_12010 5	158183.080000	0.030000	0.032000	0.000000	158183.142000	72303	48
node1.planetlab.albany.edu_planetlab2.clemson.edu_26682 4	158240.216000	0.034000	0.030000	0.000000	158240.280000	72312	32
pl1.rcc.uottawa.ca_planetlab2.clemson.edu_38576 3	102428.275000	55861.470000	0.034000	0.000000	158289.779000	72316	0
roam2.cs.ou.edu_planetlab2.clemson.edu_12018 5	158297.440000	0.090000	0.022000	0.000000	158297.552000	72311	48
roam2.cs.ou.edu_planetlab2.clemson.edu_12020 5	158378.397000	0.029000	0.032000	0.000000	158378.458000	72315	48
roam2.cs.ou.edu_planetlab2.clemson.edu_12022 5	158380.192000	0.593000	0.019000	0.000000	158380.804000	72317	48
node1.planetlab.albany.edu_planetlab2.clemson.edu_26694 4	158395.130000	0.023000	0.022000	0.000000	158395.175000	72320	32
roam2.cs.ou.edu_planetlab2.clemson.edu_12024 5	158396.711000	0.023000	0.018000	0.000000	158396.752000	72318	48
node1.planetlab.albany.edu_planetlab2.clemson.edu_26702 4	158432.404000	0.023000	0.018000	0.000000	158432.445000	72324	32
node1.planetlab.albany.edu_planetlab2.clemson.edu_26704 4	158435.194000	0.075000	0.018000	0.000000	158435.287000	72325	32
node1.planetlab.albany.edu_planetlab2.clemson.edu_26706 4	158441.748000	0.080000	0.019000	0.000000	158441.847000	72326	32
roam2.cs.ou.edu_planetlab2.clemson.edu_12026 5	158444.095000	0.093000	0.027000	0.000000	158444.215000	72319	48
node1.planetlab.albany.edu_planetlab2.clemson.edu_26708 4	158451.145000	0.028000	0.022000	0.000000	158451.195000	72327	32
node1.planetlab.albany.edu_planetlab2.clemson.edu_26710 4	158469.449000	0.032000	0.062000	0.000000	158469.543000	72328	32
node1.planetlab.albany.edu_planetlab2.clemson.edu_26712 4	158484.026000	0.084000	0.023000	0.000000	158484.133000	72329	32
node1.planetlab.albany.edu_planetlab2.clemson.edu_26714 4	158488.086000	0.083000	0.020000	0.000000	158488.189000	72330	32
node1.planetlab.albany.edu_planetlab2.clemson.edu_26717 4	158508.676000	0.027000	0.020000	0.000000	158508.723000	72332	32
node1.planetlab.albany.edu_planetlab2.clemson.edu_26719 4	158522.432000	0.023000	0.021000	0.000000	158522.476000	72333	32
node1.planetlab.albany.edu_planetlab2.clemson.edu_26723 4	158525.352000	0.025000	0.017000	0.000000	158525.394000	72334	32
node1.planetlab.albany.edu_planetlab2.clemson.edu_26725 4	158541.616000	0.025000	0.021000	0.000000	158541.662000	72335	32
node1.planetlab.albany.edu_planetlab2.clemson.edu_26727 4	158543.165000	0.026000	0.018000	0.000000	158543.209000	72338	32
pl1.rcc.uottawa.ca_planetlab2.clemson.edu_38644 3	103401.069000	55175.297000	0.043000	0.000000	158576.409000	72342	0
node1.planetlab.albany.edu_planetlab2.clemson.edu_26737 4	158580.611000	0.022000	0.020000	0.000000	158580.653000	72340	32
node1.planetlab.albany.edu_planetlab2.clemson.edu_26741 4	158598.969000	0.245000	0.019000	0.000000	158599.233000	72344	32
node1.planetlab.albany.edu_planetlab2.clemson.edu_26749 4	158637.428000	0.036000	0.019000	0.000000	158637.483000	72348	32
node1.planetlab.albany.edu_planetlab2.clemson.edu_26751 4	158640.508000	0.021000	0.018000	0.000000	158640.547000	72349	32
node1.planetlab.albany.edu_planetlab2.clemson.edu_26760 4	158671.334000	0.027000	0.018000	0.000000	158671.379000	72350	32
node1.planetlab.albany.edu_planetlab2.clemson.edu_26770 4	158721.905000	0.023000	0.021000	0.000000	158721.949000	72354	32
node1.planetlab.albany.edu_planetlab2.clemson.edu_26777 4	158755.940000	0.061000	0.023000	0.000000	158756.024000	72356	32
roam2.cs.ou.edu_planetlab2.clemson.edu_12042 5	158765.140000	0.024000	0.025000	0.000000	158765.189000	72351	48
roam2.cs.ou.edu_planetlab2.clemson.edu_12044 5	158766.953000	0.089000	0.018000	0.000000	158767.060000	72352	48
pl1.rcc.uottawa.ca_planetlab2.clemson.edu_38709 3	103908.919000	54881.732000	0.032000	0.000000	158790.683000	72362	0
earth.cs.brown.edu_planetlab2.clemson.edu_14021 5	158797.179000	0.032000	0.027000	0.000000	158797.238000	72355	96
node1.planetlab.albany.edu_planetlab2.clemson.edu_26797 4	158820.724000	0.076000	0.025000	0.000000	158820.825000	72360	32
node1.planetlab.albany.edu_planetlab2.clemson.edu_26800 4	158841.347000	0.022000	0.018000	0.000000	158841.387000	72364	32
node1.planetlab.albany.edu_planetlab2.clemson.edu_26804 4	158859.606000	0.132000	0.028000	0.000000	158859.766000	72365	32
node1.planetlab.albany.edu_planetlab2.clemson.edu_26806 4	158875.054000	0.113000	0.020000	0.000000	158875.187000	72366	32
node1.planetlab.albany.edu_planetlab2.clemson.edu_26813 4	158934.637000	2.076000	0.023000	0.000000	158936.736000	72368	32
node1.planetlab.albany.edu_planetlab2.clemson.edu_26815 4	158950.712000	0.087000	0.022000	0.000000	158950.821000	72371	32
node1.planetlab.albany.edu_planetlab2.clemson.edu_26817 4	158950.927000	0.036000	0.044000	0.000000	158951.007000	72370	32
roam2.cs.ou.edu_planetlab2.clemson.edu_12052 5	158996.573000	0.028000	0.031000	0.000000	158996.632000	72367	48
node1.planetlab.albany.edu_planetlab2.clemson.edu_26824 4	159005.091000	0.026000	0.030000	0.000000	159005.147000	72374	32
node1.planetlab.albany.edu_planetlab2.clemson.edu_26827 4	159043.790000	0.027000	0.026000	0.000000	159043.843000	72378	32
node1.planetlab.albany.edu_planetlab2.clemson.edu_26832 4	159060.992000	0.028000	0.018000	0.000000	159061.038000	72380	32
roam2.cs.ou.edu_planetlab2.clemson.edu_12056 5	159076.253000	0.025000	0.023000	0.000000	159076.301000	72375	48
planetlab2.umassd.edu_planetlab2.clemson.edu_15900 4	159086.409000	0.135000	0.018000	0.000000	159086.562000	72377	64
roam2.cs.ou.edu_planetlab2.clemson.edu_12058 5	159110.487000	0.026000	0.029000	0.000000	159110.542000	72379	48
node1.planetlab.albany.edu_planetlab2.clemson.edu_26844 4	159121.416000	0.026000	0.030000	0.000000	159121.472000	72387	32
roam2.cs.ou.edu_planetlab2.clemson.edu_12062 5	159129.104000	0.086000	0.019000	0.000000	159129.209000	72381	48
roam2.cs.ou.edu_planetlab2.clemson.edu_12064 5	159134.613000	0.023000	0.017000	0.000000	159134.653000	72382	48
node1.planetlab.albany.edu_planetlab2.clemson.edu_26850 4	159151.744000	0.077000	0.019000	0.000000	159151.840000	72390	32
node1.planetlab.albany.edu_planetlab2.clemson.edu_26852 4	159158.309000	0.021000	0.018000	0.000000	159158.348000	72389	32
node1.planetlab.albany.edu_planetlab2.clemson.edu_26854 4	159158.470000	0.027000	0.017000	0.000000	159158.514000	72391	32
roam2.cs.ou.edu_planetlab2.clemson.edu_12066 5	159159.369000	0.024000	0.022000	0.000000	159159.415000	72383	48
pl1.rcc.uottawa.ca_planetlab2.clemson.edu_38833 3	104340.150000	54858.985000	0.022000	0.000000	159199.157000	72394	0
node1.planetlab.albany.edu_planetlab2.clemson.edu_26857 4	159219.552000	0.087000	0.033000	0.000000	159219.672000	72396	32
node1.planetlab.albany.edu_planetlab2.clemson.edu_26861 4	159235.358000	0.024000	0.019000	0.000000	159235.401000	72397	32
node1.planetlab.albany.edu_planetlab2.clemson.edu_26863 4	159238.823000	0.026000	0.018000	0.000000	159238.867000	72398	32
node1.planetlab.albany.edu_planetlab2.clemson.edu_26865 4	159247.047000	0.027000	0.021000	0.000000	159247.095000	72399	32
node1.planetlab.albany.edu_planetlab2.clemson.edu_26870 4	159310.010000	0.086000	0.021000	0.000000	159310.117000	72408	32
node1.planetlab.albany.edu_planetlab2.clemson.edu_26872 4	159313.965000	2.187000	0.019000	0.000000	159316.171000	72407	32
node1.planetlab.albany.edu_planetlab2.clemson.edu_26877 4	159330.802000	0.027000	0.030000	0.000000	159330.859000	72412	32
roam2.cs.ou.edu_planetlab2.clemson.edu_12070 5	159364.641000	0.037000	0.031000	0.000000	159364.709000	72405	48
node1.planetlab.albany.edu_planetlab2.clemson.edu_26885 4	159370.348000	0.075000	0.022000	0.000000	159370.445000	72388	32
pl1.rcc.uottawa.ca_planetlab2.clemson.edu_38873 3	104594.726000	54777.755000	0.026000	0.000000	159372.507000	72418	0
pl1.rcc.uottawa.ca_planetlab2.clemson.edu_38882 3	104633.624000	54771.127000	0.022000	0.000000	159404.773000	72424	0
pl1.rcc.uottawa.ca_planetlab2.clemson.edu_38884 3	104640.121000	54766.319000	0.024000	0.000000	159406.464000	72426	0
node1.planetlab.albany.edu_planetlab2.clemson.edu_26891 4	159413.489000	0.056000	0.024000	0.000000	159413.569000	72423	32
pl1.rcc.uottawa.ca_planetlab2.clemson.edu_38894 3	104681.881000	54767.567000	0.030000	0.000000	159449.478000	72427	0
pl1.rcc.uottawa.ca_planetlab2.clemson.edu_38896 3	104681.974000	54768.640000	0.013000	0.000000	159450.627000	72430	0
node1.planetlab.albany.edu_planetlab2.clemson.edu_26903 4	159453.876000	0.083000	0.024000	0.000000	159453.983000	72428	32
node1.planetlab.albany.edu_planetlab2.clemson.edu_26905 4	159497.382000	0.030000	0.029000	0.000000	159497.441000	72434	32
pl1.rcc.uottawa.ca_planetlab2.clemson.edu_38917 3	104768.346000	54769.955000	0.027000	0.000000	159538.328000	72442	0
node1.planetlab.albany.edu_planetlab2.clemson.edu_26914 4	159546.038000	0.026000	0.030000	0.000000	159546.094000	72441	32
node1.planetlab.albany.edu_planetlab2.clemson.edu_26921 4	159577.325000	0.137000	0.017000	0.000000	159577.479000	72448	32
node1.planetlab.albany.edu_planetlab2.clemson.edu_26930 4	159616.550000	0.032000	0.026000	0.000000	159616.608000	72451	32
node1.planetlab.albany.edu_planetlab2.clemson.edu_26932 4	159616.753000	0.021000	0.016000	0.000000	159616.790000	72452	32
roam2.cs.ou.edu_planetlab2.clemson.edu_12078 5	159643.987000	0.024000	0.021000	0.000000	159644.032000	72447	48
node1.planetlab.albany.edu_planetlab2.clemson.edu_26935 4	159652.154000	0.082000	0.062000	0.000000	159652.298000	72453	32
node1.planetlab.albany.edu_planetlab2.clemson.edu_26937 4	159659.377000	0.031000	0.020000	0.000000	159659.428000	72454	32
node1.planetlab.albany.edu_planetlab2.clemson.edu_26942 4	159670.450000	0.067000	0.023000	0.000000	159670.540000	72456	32
node1.planetlab.albany.edu_planetlab2.clemson.edu_26944 4	159670.793000	0.053000	0.017000	0.000000	159670.863000	72457	32
roam2.cs.ou.edu_planetlab2.clemson.edu_12086 5	159679.563000	0.148000	0.037000	0.000000	159679.748000	72449	48
node1.planetlab.albany.edu_planetlab2.clemson.edu_26952 4	159701.467000	0.056000	0.024000	0.000000	159701.547000	72458	32
node1.planetlab.albany.edu_planetlab2.clemson.edu_26954 4	159703.744000	0.022000	0.016000	0.000000	159703.782000	72460	32
node1.planetlab.albany.edu_planetlab2.clemson.edu_26956 4	159707.575000	0.028000	0.019000	0.000000	159707.622000	72461	32
node1.planetlab.albany.edu_planetlab2.clemson.edu_26963 4	159734.062000	0.075000	0.020000	0.000000	159734.157000	72462	32
node1.planetlab.albany.edu_planetlab2.clemson.edu_26966 4	159741.642000	0.022000	0.019000	0.000000	159741.683000	72463	32
node1.planetlab.albany.edu_planetlab2.clemson.edu_26970 4	159747.638000	0.074000	0.017000	0.000000	159747.729000	72465	32
node1.planetlab.albany.edu_planetlab2.clemson.edu_26972 4	159758.147000	0.028000	0.033000	0.000000	159758.208000	72466	32
node1.planetlab.albany.edu_planetlab2.clemson.edu_26982 4	159812.581000	0.023000	0.020000	0.000000	159812.624000	72467	32
node1.planetlab.albany.edu_planetlab2.clemson.edu_26984 4	159818.638000	0.023000	0.017000	0.000000	159818.678000	72468	32
node1.planetlab.albany.edu_planetlab2.clemson.edu_26988 4	159842.373000	0.054000	0.020000	0.000000	159842.447000	72471	32
node1.planetlab.albany.edu_planetlab2.clemson.edu_26990 4	159859.439000	0.089000	0.026000	0.000000	159859.554000	72474	32
node1.planetlab.albany.edu_planetlab2.clemson.edu_26992 4	159873.965000	0.031000	0.031000	0.000000	159874.027000	72472	32
node1.planetlab.albany.edu_planetlab2.clemson.edu_26995 4	159892.622000	0.028000	0.024000	0.000000	159892.674000	72475	32
node1.planetlab.albany.edu_planetlab2.clemson.edu_27000 4	159919.389000	0.026000	0.018000	0.000000	159919.433000	72476	32
node1.planetlab.albany.edu_planetlab2.clemson.edu_27002 4	159932.117000	0.030000	0.040000	0.000000	159932.187000	72477	32
node1.planetlab.albany.edu_planetlab2.clemson.edu_27005 4	159945.977000	0.023000	0.020000	0.000000	159946.020000	72478	32
roam2.cs.ou.edu_planetlab2.clemson.edu_12102 5	160096.682000	0.030000	0.032000	0.000000	160096.744000	72479	48
node1.planetlab.albany.edu_planetlab2.clemson.edu_27020 4	160153.268000	0.077000	0.026000	0.000000	160153.371000	72484	32
node1.planetlab.albany.edu_planetlab2.clemson.edu_27022 4	160162.585000	0.028000	0.022000	0.000000	160162.635000	72486	32
earth.cs.brown.edu_planetlab2.clemson.edu_14077 5	160191.973000	0.033000	0.030000	0.000000	160192.036000	72483	96
node1.planetlab.albany.edu_planetlab2.clemson.edu_27025 4	160242.701000	0.026000	0.025000	0.000000	160242.752000	72488	32
node1.planetlab.albany.edu_planetlab2.clemson.edu_27027 4	160248.014000	0.028000	0.018000	0.000000	160248.060000	72492	32
node1.planetlab.albany.edu_planetlab2.clemson.edu_27029 4	160248.337000	0.078000	0.018000	0.000000	160248.433000	72493	32
node1.planetlab.albany.edu_planetlab2.clemson.edu_27033 4	160268.097000	0.329000	0.017000	0.000000	160268.443000	72494	32
node1.planetlab.albany.edu_planetlab2.clemson.edu_27041 4	160306.451000	0.158000	0.024000	0.000000	160306.633000	72499	32
roam2.cs.ou.edu_planetlab2.clemson.edu_12114 5	160339.089000	0.044000	0.024000	0.000000	160339.157000	72495	48
earth.cs.brown.edu_planetlab2.clemson.edu_14089 5	160363.223000	0.032000	0.020000	0.000000	160363.275000	72501	96
node1.planetlab.albany.edu_planetlab2.clemson.edu_27052 4	160372.230000	0.024000	0.020000	0.000000	160372.274000	72508	32
roam2.cs.ou.edu_planetlab2.clemson.edu_12124 5	160391.416000	0.023000	0.022000	0.000000	160391.461000	72503	48
pl1.rcc.uottawa.ca_planetlab2.clemson.edu_39141 3	105528.072000	54871.141000	0.111000	0.000000	160399.324000	72514	0
roam2.cs.ou.edu_planetlab2.clemson.edu_12126 5	160419.318000	0.091000	0.028000	0.000000	160419.437000	72507	48
node1.planetlab.albany.edu_planetlab2.clemson.edu_27061 4	160435.751000	0.027000	0.030000	0.000000	160435.808000	72516	32
roam2.cs.ou.edu_planetlab2.clemson.edu_12128 5	160444.273000	0.097000	0.029000	0.000000	160444.399000	72509	48
roam2.cs.ou.edu_planetlab2.clemson.edu_12130 5	160454.557000	0.023000	0.018000	0.000000	160454.598000	72510	48
roam2.cs.ou.edu_planetlab2.clemson.edu_12132 5	160455.279000	0.032000	0.018000	0.000000	160455.329000	72511	48
earth.cs.brown.edu_planetlab2.clemson.edu_14093 5	160455.796000	0.583000	0.039000	0.000000	160456.418000	72512	96
node1.planetlab.albany.edu_planetlab2.clemson.edu_27064 4	160459.446000	0.023000	0.019000	0.000000	160459.488000	72518	32
node1.planetlab.albany.edu_planetlab2.clemson.edu_27068 4	160477.799000	0.023000	0.019000	0.000000	160477.841000	72520	32
node1.planetlab.albany.edu_planetlab2.clemson.edu_27070 4	160482.291000	0.026000	0.017000	0.000000	160482.334000	72524	32
node1.planetlab.albany.edu_planetlab2.clemson.edu_27074 4	160540.888000	0.032000	0.024000	0.000000	160540.944000	72525	32
node1.planetlab.albany.edu_planetlab2.clemson.edu_27076 4	160545.558000	0.045000	0.020000	0.000000	160545.623000	72526	32
node1.planetlab.albany.edu_planetlab2.clemson.edu_27078 4	160563.924000	0.024000	0.043000	0.000000	160563.991000	72531	32
node1.planetlab.albany.edu_planetlab2.clemson.edu_27081 4	160604.641000	0.096000	0.025000	0.000000	160604.762000	72536	32
planetlab4.wail.wisc.edu_planetlab2.clemson.edu_26218 4	160623.664000	0.024000	0.021000	0.000000	160623.709000	72537	16
node1.planetlab.albany.edu_planetlab2.clemson.edu_27083 4	160643.436000	0.032000	0.032000	0.000000	160643.500000	72540	32
node1.planetlab.albany.edu_planetlab2.clemson.edu_27089 4	160693.463000	0.026000	0.020000	0.000000	160693.509000	72546	32
node1.planetlab.albany.edu_planetlab2.clemson.edu_27094 4	160711.441000	0.022000	0.019000	0.000000	160711.482000	72548	32
node1.planetlab.albany.edu_planetlab2.clemson.edu_27098 4	160741.663000	0.022000	0.020000	0.000000	160741.705000	72550	32
node1.planetlab.albany.edu_planetlab2.clemson.edu_27100 4	160745.738000	0.023000	0.018000	0.000000	160745.779000	72551	32
node1.planetlab.albany.edu_planetlab2.clemson.edu_27104 4	160760.334000	0.029000	0.018000	0.000000	160760.381000	72556	32
node1.planetlab.albany.edu_planetlab2.clemson.edu_27110 4	160786.489000	0.044000	0.025000	0.000000	160786.558000	72558	32
node1.planetlab.albany.edu_planetlab2.clemson.edu_27112 4	160786.687000	0.021000	0.018000	0.000000	160786.726000	72559	32
planetlab2.umassd.edu_planetlab2.clemson.edu_15990 4	160828.852000	0.128000	0.052000	0.000000	160829.032000	72557	64
node1.planetlab.albany.edu_planetlab2.clemson.edu_27124 4	160832.690000	0.235000	0.033000	0.000000	160832.958000	72566	32
node1.planetlab.albany.edu_planetlab2.clemson.edu_27130 4	160858.067000	0.159000	2.028000	0.000000	160860.254000	72569	32
node1.planetlab.albany.edu_planetlab2.clemson.edu_27137 4	160876.383000	0.023000	0.019000	0.000000	160876.425000	72576	32
roam2.cs.ou.edu_planetlab2.clemson.edu_12142 5	160889.835000	0.028000	0.025000	0.000000	160889.888000	72564	48
node1.planetlab.albany.edu_planetlab2.clemson.edu_27142 4	160891.403000	0.097000	0.017000	0.000000	160891.517000	72577	32
node1.planetlab.albany.edu_planetlab2.clemson.edu_27143 4	160891.409000	0.172000	0.014000	0.000000	160891.595000	72578	32
roam2.cs.ou.edu_planetlab2.clemson.edu_12144 5	160939.748000	0.029000	0.029000	0.000000	160939.806000	72575	48
node1.planetlab.albany.edu_planetlab2.clemson.edu_27147 4	160941.291000	0.167000	0.032000	0.000000	160941.490000	72580	32
node1.planetlab.albany.edu_planetlab2.clemson.edu_27151 4	160954.885000	0.079000	0.020000	0.000000	160954.984000	72581	32
node1.planetlab.albany.edu_planetlab2.clemson.edu_27165 4	160979.342000	0.023000	0.018000	0.000000	160979.383000	72582	32
earth.cs.brown.edu_planetlab2.clemson.edu_14119 5	160983.717000	0.037000	0.030000	0.000000	160983.784000	72579	96
node1.planetlab.albany.edu_planetlab2.clemson.edu_27167 4	160985.414000	0.074000	0.017000	0.000000	160985.505000	72583	32
node1.planetlab.albany.edu_planetlab2.clemson.edu_27171 4	160990.711000	0.021000	0.018000	0.000000	160990.750000	72585	32
node1.planetlab.albany.edu_planetlab2.clemson.edu_27173 4	160994.338000	0.271000	0.018000	0.000000	160994.627000	72584	32
node1.planetlab.albany.edu_planetlab2.clemson.edu_27177 4	161006.838000	0.079000	0.041000	0.000000	161006.958000	72586	32
node1.planetlab.albany.edu_planetlab2.clemson.edu_27181 4	161023.261000	0.079000	0.023000	0.000000	161023.363000	72587	32
node1.planetlab.albany.edu_planetlab2.clemson.edu_27191 4	161048.476000	0.024000	0.025000	0.000000	161048.525000	72588	32
node1.planetlab.albany.edu_planetlab2.clemson.edu_27195 4	161057.482000	0.241000	0.024000	0.000000	161057.747000	72589	32
node1.planetlab.albany.edu_planetlab2.clemson.edu_27201 4	161085.291000	0.022000	0.019000	0.000000	161085.332000	72590	32
node1.planetlab.albany.edu_planetlab2.clemson.edu_27211 4	161104.271000	0.025000	0.021000	0.000000	161104.317000	72592	32
node1.planetlab.albany.edu_planetlab2.clemson.edu_27213 4	161104.824000	0.022000	0.018000	0.000000	161104.864000	72591	32
node1.planetlab.albany.edu_planetlab2.clemson.edu_27219 4	161122.875000	0.024000	0.065000	0.000000	161122.964000	72595	32
node1.planetlab.albany.edu_planetlab2.clemson.edu_27226 4	161136.484000	0.075000	0.018000	0.000000	161136.577000	72597	32
node1.planetlab.albany.edu_planetlab2.clemson.edu_27228 4	161141.544000	0.023000	0.019000	0.000000	161141.586000	72596	32
node1.planetlab.albany.edu_planetlab2.clemson.edu_27232 4	161144.036000	0.075000	0.050000	0.000000	161144.161000	72598	32
node1.planetlab.albany.edu_planetlab2.clemson.edu_27252 4	161200.743000	0.023000	0.021000	0.000000	161200.787000	72601	32
node1.planetlab.albany.edu_planetlab2.clemson.edu_27254 4	161203.802000	0.078000	0.019000	0.000000	161203.899000	72600	32
node1.planetlab.albany.edu_planetlab2.clemson.edu_27258 4	161212.936000	0.026000	0.024000	0.000000	161212.986000	72602	32
node1.planetlab.albany.edu_planetlab2.clemson.edu_27262 4	161219.791000	0.043000	0.018000	0.000000	161219.852000	72604	32
node1.planetlab.albany.edu_planetlab2.clemson.edu_27276 4	161241.003000	3.048000	0.018000	0.000000	161244.069000	72605	32
node1.planetlab.albany.edu_planetlab2.clemson.edu_27282 4	161249.489000	0.077000	0.025000	0.000000	161249.591000	72606	32
node1.planetlab.albany.edu_planetlab2.clemson.edu_27284 4	161253.055000	1.056000	0.018000	0.000000	161254.129000	72607	32
node1.planetlab.albany.edu_planetlab2.clemson.edu_27295 4	161278.298000	0.022000	0.021000	0.000000	161278.341000	72608	32
node1.planetlab.albany.edu_planetlab2.clemson.edu_27307 4	161329.274000	0.028000	0.026000	0.000000	161329.328000	72612	32
node1.planetlab.albany.edu_planetlab2.clemson.edu_27313 4	161341.503000	0.066000	0.023000	0.000000	161341.592000	72613	32
earth.cs.brown.edu_planetlab2.clemson.edu_14123 5	161347.245000	0.037000	0.030000	0.000000	161347.312000	72609	96
node1.planetlab.albany.edu_planetlab2.clemson.edu_27315 4	161352.836000	0.077000	0.022000	0.000000	161352.935000	72614	32
earth.cs.brown.edu_planetlab2.clemson.edu_14125 5	161354.915000	0.029000	0.018000	0.000000	161354.962000	72610	96
earth.cs.brown.edu_planetlab2.clemson.edu_14127 5	161356.605000	0.024000	0.015000	0.000000	161356.644000	72611	96
node1.planetlab.albany.edu_planetlab2.clemson.edu_27331 4	161399.055000	0.055000	0.021000	0.000000	161399.131000	72616	32
node1.planetlab.albany.edu_planetlab2.clemson.edu_27339 4	161416.404000	0.217000	0.019000	0.000000	161416.640000	72617	32
node1.planetlab.albany.edu_planetlab2.clemson.edu_27341 4	161416.420000	0.426000	0.014000	0.000000	161416.860000	72618	32
earth.cs.brown.edu_planetlab2.clemson.edu_14129 5	161419.898000	0.036000	0.028000	0.000000	161419.962000	72615	96
node1.planetlab.albany.edu_planetlab2.clemson.edu_27352 4	161450.358000	0.028000	0.019000	0.000000	161450.405000	72620	32
node1.planetlab.albany.edu_planetlab2.clemson.edu_27358 4	161457.720000	0.102000	0.015000	0.000000	161457.837000	72621	32
node1.planetlab.albany.edu_planetlab2.clemson.edu_27360 4	161469.821000	0.024000	0.021000	0.000000	161469.866000	72622	32
node1.planetlab.albany.edu_planetlab2.clemson.edu_27373 4	161490.183000	0.027000	0.020000	0.000000	161490.230000	72623	32
earth.cs.brown.edu_planetlab2.clemson.edu_14131 5	161492.005000	0.041000	0.028000	0.000000	161492.074000	72619	96
node1.planetlab.albany.edu_planetlab2.clemson.edu_27393 4	161533.388000	0.024000	0.045000	0.000000	161533.457000	72626	32
node1.planetlab.albany.edu_planetlab2.clemson.edu_27406 4	161591.768000	0.084000	0.032000	0.000000	161591.884000	72628	32
earth.cs.brown.edu_planetlab2.clemson.edu_14133 5	161593.757000	0.037000	0.028000	0.000000	161593.822000	72627	96
node1.planetlab.albany.edu_planetlab2.clemson.edu_27421 4	161641.804000	0.027000	0.021000	0.000000	161641.852000	72632	32
node1.planetlab.albany.edu_planetlab2.clemson.edu_27423 4	161648.361000	0.025000	0.020000	0.000000	161648.406000	72633	32
node1.planetlab.albany.edu_planetlab2.clemson.edu_27427 4	161654.390000	0.028000	0.019000	0.000000	161654.437000	72636	32
node1.planetlab.albany.edu_planetlab2.clemson.edu_27435 4	161675.596000	0.205000	0.019000	0.000000	161675.820000	72637	32
node1.planetlab.albany.edu_planetlab2.clemson.edu_27437 4	161676.182000	0.151000	0.019000	0.000000	161676.352000	72638	32
node1.planetlab.albany.edu_planetlab2.clemson.edu_27441 4	161685.833000	0.147000	0.024000	0.000000	161686.004000	72640	32
node1.planetlab.albany.edu_planetlab2.clemson.edu_27456 4	161717.146000	2.993000	0.020000	0.000000	161720.159000	72644	32
node1.planetlab.albany.edu_planetlab2.clemson.edu_27458 4	161717.872000	3.388000	0.018000	0.000000	161721.278000	72645	32
node1.planetlab.albany.edu_planetlab2.clemson.edu_27464 4	161737.173000	0.050000	0.056000	0.000000	161737.279000	72646	32
roam2.cs.ou.edu_planetlab2.clemson.edu_12188 5	161742.387000	0.132000	0.030000	0.000000	161742.549000	72639	48
node1.planetlab.albany.edu_planetlab2.clemson.edu_27474 4	161755.133000	0.076000	0.132000	0.000000	161755.341000	72649	32
node1.planetlab.albany.edu_planetlab2.clemson.edu_27477 4	161765.460000	5.753000	0.021000	0.000000	161771.234000	72647	32
node1.planetlab.albany.edu_planetlab2.clemson.edu_27479 4	161766.333000	12.751000	0.018000	0.000000	161779.102000	72648	32
node1.planetlab.albany.edu_planetlab2.clemson.edu_27481 4	161768.864000	11.069000	0.016000	0.000000	161779.949000	72650	32
node1.planetlab.albany.edu_planetlab2.clemson.edu_27485 4	161773.738000	13.960000	0.020000	0.000000	161787.718000	72652	32
node1.planetlab.albany.edu_planetlab2.clemson.edu_27487 4	161784.205000	5.015000	0.020000	0.000000	161789.240000	72653	32
node1.planetlab.albany.edu_planetlab2.clemson.edu_27498 4	161819.380000	2.192000	0.021000	0.000000	161821.593000	72654	32
node1.planetlab.albany.edu_planetlab2.clemson.edu_27502 4	161829.235000	0.022000	0.028000	0.000000	161829.285000	72655	32
node1.planetlab.albany.edu_planetlab2.clemson.edu_27519 4	161876.127000	0.079000	0.022000	0.000000	161876.228000	72660	32
node1.planetlab.albany.edu_planetlab2.clemson.edu_27544 4	161927.669000	21.153000	0.022000	0.000000	161948.844000	72665	32
node1.planetlab.albany.edu_planetlab2.clemson.edu_27547 4	161934.391000	15.314000	0.022000	0.000000	161949.727000	72664	32
node1.planetlab.albany.edu_planetlab2.clemson.edu_27560 4	161966.078000	18.384000	0.021000	0.000000	161984.483000	72669	32
node1.planetlab.albany.edu_planetlab2.clemson.edu_27561 4	161965.257000	21.978000	0.013000	0.000000	161987.248000	72668	32
node1.planetlab.albany.edu_planetlab2.clemson.edu_27574 4	161992.008000	26.662000	0.021000	0.000000	162018.691000	72670	32
node1.planetlab.albany.edu_planetlab2.clemson.edu_27589 4	162052.952000	1.589000	0.060000	0.000000	162054.601000	72676	32
earth.cs.brown.edu_planetlab2.clemson.edu_14150 5	162060.484000	0.074000	0.029000	0.000000	162060.587000	72671	96
node1.planetlab.albany.edu_planetlab2.clemson.edu_27595 4	162063.918000	0.021000	0.021000	0.000000	162063.960000	72678	32
earth.cs.brown.edu_planetlab2.clemson.edu_14155 5	162077.676000	0.050000	0.025000	0.000000	162077.751000	72675	96
node1.planetlab.albany.edu_planetlab2.clemson.edu_27601 4	162081.059000	0.023000	0.018000	0.000000	162081.100000	72680	32
node1.planetlab.albany.edu_planetlab2.clemson.edu_27611 4	162101.995000	0.026000	0.020000	0.000000	162102.041000	72681	32
pl1.rcc.uottawa.ca_planetlab2.clemson.edu_39623 3	107387.329000	54715.481000	0.031000	0.000000	162102.841000	72682	0
node1.planetlab.albany.edu_planetlab2.clemson.edu_27620 4	162128.222000	0.023000	0.023000	0.000000	162128.268000	72684	32
node1.planetlab.albany.edu_planetlab2.clemson.edu_27624 4	162139.031000	0.024000	0.024000	0.000000	162139.079000	72685	32
node1.planetlab.albany.edu_planetlab2.clemson.edu_27634 4	162167.611000	0.027000	0.019000	0.000000	162167.657000	72392	32
node1.planetlab.albany.edu_planetlab2.clemson.edu_27642 4	162179.332000	0.078000	0.023000	0.000000	162179.433000	72686	32
roam2.cs.ou.edu_planetlab2.clemson.edu_12252 5	162182.777000	0.283000	0.062000	0.000000	162183.122000	72683	48
node1.planetlab.albany.edu_planetlab2.clemson.edu_27656 4	162222.134000	0.079000	0.034000	0.000000	162222.247000	72688	32
node1.planetlab.albany.edu_planetlab2.clemson.edu_27658 4	162231.386000	0.033000	0.020000	0.000000	162231.439000	72689	32
node1.planetlab.albany.edu_planetlab2.clemson.edu_27672 4	162291.996000	0.025000	0.023000	0.000000	162292.044000	72696	32
node1.planetlab.albany.edu_planetlab2.clemson.edu_27674 4	162295.373000	0.076000	0.017000	0.000000	162295.466000	72697	32
node1.planetlab.albany.edu_planetlab2.clemson.edu_27678 4	162312.672000	0.026000	0.234000	0.000000	162312.932000	72699	32
node1.planetlab.albany.edu_planetlab2.clemson.edu_27680 4	162326.562000	0.028000	0.032000	0.000000	162326.622000	72700	32
node1.planetlab.albany.edu_planetlab2.clemson.edu_27682 4	162330.837000	0.029000	0.034000	0.000000	162330.900000	72701	32
earth.cs.brown.edu_planetlab2.clemson.edu_14161 5	162425.115000	0.028000	0.030000	0.000000	162425.173000	72704	96
pl1.rcc.uottawa.ca_planetlab2.clemson.edu_39716 3	107680.167000	54782.033000	0.025000	0.000000	162462.225000	72713	0
node1.planetlab.albany.edu_planetlab2.clemson.edu_27736 4	162528.664000	0.103000	0.026000	0.000000	162528.793000	72723	32
planetlab4.wail.wisc.edu_planetlab2.clemson.edu_26327 4	162534.322000	0.090000	0.030000	0.000000	162534.442000	72722	16
earth.cs.brown.edu_planetlab2.clemson.edu_14165 5	162536.262000	0.030000	0.027000	0.000000	162536.319000	72715	96
pl1.rcc.uottawa.ca_planetlab2.clemson.edu_39759 3	107831.478000	54756.384000	0.025000	0.000000	162587.887000	72735	0
node1.planetlab.albany.edu_planetlab2.clemson.edu_27780 4	162623.797000	0.057000	0.022000	0.000000	162623.876000	72740	32
planetlab2.umassd.edu_planetlab2.clemson.edu_16053 4	162704.154000	0.091000	0.017000	0.000000	162704.262000	72742	64
node1.planetlab.albany.edu_planetlab2.clemson.edu_27825 4	162720.592000	0.025000	0.025000	0.000000	162720.642000	72751	32
pl1.rcc.uottawa.ca_planetlab2.clemson.edu_39814 3	108162.739000	54579.979000	0.017000	0.000000	162742.735000	72757	0
roam2.cs.ou.edu_planetlab2.clemson.edu_12292 5	162866.304000	0.096000	0.020000	0.000000	162866.420000	72767	48
node1.planetlab.albany.edu_planetlab2.clemson.edu_27847 4	162875.167000	0.029000	0.031000	0.000000	162875.227000	72775	32
earth.cs.brown.edu_planetlab2.clemson.edu_14170 5	162886.021000	0.030000	0.030000	0.000000	162886.081000	72768	96
earth.cs.brown.edu_planetlab2.clemson.edu_14172 5	162891.615000	0.024000	0.022000	0.000000	162891.661000	72769	96
earth.cs.brown.edu_planetlab2.clemson.edu_14174 5	162895.676000	0.021000	0.016000	0.000000	162895.713000	72770	96
earth.cs.brown.edu_planetlab2.clemson.edu_14176 5	162916.383000	0.028000	0.030000	0.000000	162916.441000	72772	96
earth.cs.brown.edu_planetlab2.clemson.edu_14178 5	162977.063000	0.029000	0.029000	0.000000	162977.121000	72776	96
node1.planetlab.albany.edu_planetlab2.clemson.edu_27870 4	162982.434000	0.031000	0.032000	0.000000	162982.497000	72783	32
roam2.cs.ou.edu_planetlab2.clemson.edu_12304 5	163000.450000	0.090000	0.019000	0.000000	163000.559000	72778	48
earth.cs.brown.edu_planetlab2.clemson.edu_14180 5	163038.244000	0.551000	0.035000	0.000000	163038.830000	72784	96
node1.planetlab.albany.edu_planetlab2.clemson.edu_27885 4	163057.484000	0.023000	0.022000	0.000000	163057.529000	72785	32
pl1.rcc.uottawa.ca_planetlab2.clemson.edu_39871 3	108432.604000	54639.534000	0.019000	0.000000	163072.157000	72789	0
pl1.rcc.uottawa.ca_planetlab2.clemson.edu_39915 3	108634.483000	54602.233000	0.038000	0.000000	163236.754000	72805	0
roam2.cs.ou.edu_planetlab2.clemson.edu_12330 5	163241.889000	0.045000	0.021000	0.000000	163241.955000	72796	48
node1.planetlab.albany.edu_planetlab2.clemson.edu_27926 4	163250.037000	0.026000	0.027000	0.000000	163250.090000	72807	32
earth.cs.brown.edu_planetlab2.clemson.edu_14186 5	163264.107000	0.069000	0.033000	0.000000	163264.209000	72800	96
pl1.rcc.uottawa.ca_planetlab2.clemson.edu_39932 3	108696.482000	54593.261000	0.030000	0.000000	163289.773000	72810	0
node1.planetlab.albany.edu_planetlab2.clemson.edu_27935 4	163301.996000	0.079000	0.028000	0.000000	163302.103000	72811	32
node1.planetlab.albany.edu_planetlab2.clemson.edu_27939 4	163336.003000	0.129000	0.025000	0.000000	163336.157000	72814	32
node1.planetlab.albany.edu_planetlab2.clemson.edu_27941 4	163338.022000	0.026000	0.017000	0.000000	163338.065000	72813	32
pl1.rcc.uottawa.ca_planetlab2.clemson.edu_39949 3	108742.577000	54610.216000	0.022000	0.000000	163352.815000	72817	0
node1.planetlab.albany.edu_planetlab2.clemson.edu_27947 4	163352.418000	0.448000	0.079000	0.000000	163352.945000	72815	32
