planetlab-01.bu.edu_planetlab2.cs.cornell.edu_55 3	326.525000	0.092000	0.021000	0.000000	326.638000	17594	640
planetlab-01.bu.edu_planetlab2.cs.cornell.edu_63 3	440.252000	0.357000	0.020000	0.000000	440.629000	17615	640
planetlab2.eecs.umich.edu_planetlab2.cs.cornell.edu_271 4	711.808000	8.775000	0.096000	0.000000	720.679000	17596	2048
planetlab2.eecs.umich.edu_planetlab2.cs.cornell.edu_287 4	795.820000	5.847000	0.072000	0.000000	801.739000	17606	2048
planetlab2.eecs.umich.edu_planetlab2.cs.cornell.edu_289 4	803.239000	7.326000	0.069000	0.000000	810.634000	17609	2048
planetlab2.eecs.umich.edu_planetlab2.cs.cornell.edu_300 4	871.882000	18.814000	0.077000	0.000000	890.773000	17617	2048
planetlab1.williams.edu_planetlab2.cs.cornell.edu_136 3	920.019000	5.774000	0.015000	0.000000	925.808000	17716	2176
planetlab2.dtc.umn.edu_planetlab2.cs.cornell.edu_22 3	929.288000	0.031000	0.024000	0.000000	929.343000	17703	3072
planetlab2.eecs.umich.edu_planetlab2.cs.cornell.edu_310 4	921.432000	18.493000	0.073000	0.000000	939.998000	17625	2048
planetlab2.eecs.umich.edu_planetlab2.cs.cornell.edu_312 4	956.621000	4.626000	0.213000	0.000000	961.460000	17624	2048
planetlab2.eecs.umich.edu_planetlab2.cs.cornell.edu_314 4	964.631000	10.839000	0.071000	0.000000	975.541000	17627	2048
planetlab2.eecs.umich.edu_planetlab2.cs.cornell.edu_318 4	987.486000	8.088000	0.076000	0.000000	995.650000	17629	2048
planetlab1.williams.edu_planetlab2.cs.cornell.edu_147 3	1052.759000	0.493000	0.021000	0.000000	1053.273000	17729	2176
planetlab2.eecs.umich.edu_planetlab2.cs.cornell.edu_328 4	1031.237000	29.717000	0.072000	0.000000	1061.026000	17644	2048
planetlab2.eecs.umich.edu_planetlab2.cs.cornell.edu_348 4	1119.962000	33.933000	0.074000	0.000000	1153.969000	17657	2048
planetlab2.eecs.umich.edu_planetlab2.cs.cornell.edu_393 4	1350.067000	3.395000	0.072000	0.000000	1353.534000	17682	2048
planetlab2.williams.edu_planetlab2.cs.cornell.edu_113 4	1385.818000	0.025000	0.015000	0.000000	1385.858000	17730	1312
planetlab1.williams.edu_planetlab2.cs.cornell.edu_201 3	1716.237000	16.944000	0.016000	0.000000	1733.197000	17835	2176
planetlab2.eecs.umich.edu_planetlab2.cs.cornell.edu_499 4	1884.289000	70.668000	0.079000	0.000000	1955.036000	17734	2048
nodeb.howard.edu_planetlab2.cs.cornell.edu_104 2	2010.468000	0.045000	0.029000	0.000000	2010.542000	17871	2368
planetlab1.cs.pitt.edu_planetlab2.cs.cornell.edu_658 1	164.761000	1906.547000	0.017000	0.000000	2071.325000	17604	384
planetlab1.cs.pitt.edu_planetlab2.cs.cornell.edu_663 1	222.418000	1858.376000	0.017000	0.000000	2080.811000	17616	384
planetlab1.cs.pitt.edu_planetlab2.cs.cornell.edu_668 1	243.141000	1838.319000	0.015000	0.000000	2081.475000	17620	384
planetlab1.cs.pitt.edu_planetlab2.cs.cornell.edu_672 1	259.077000	1832.433000	0.013000	0.000000	2091.523000	17621	384
planetlab1.cs.pitt.edu_planetlab2.cs.cornell.edu_674 1	260.624000	1838.639000	0.014000	0.000000	2099.277000	17622	384
planetlab1.cs.pitt.edu_planetlab2.cs.cornell.edu_676 1	280.983000	1820.437000	0.018000	0.000000	2101.438000	17628	384
planetlab1.cs.pitt.edu_planetlab2.cs.cornell.edu_685 1	399.440000	1721.951000	0.022000	0.000000	2121.413000	17652	384
planetlab-01.ece.uprm.edu_planetlab2.cs.cornell.edu_223 4	1656.566000	463.690000	0.045000	0.000000	2120.301000	17779	2144
planetlab1.eecs.umich.edu_planetlab2.cs.cornell.edu_134 3	2232.675000	2.957000	0.071000	0.000000	2235.703000	17888	2304
planetlab1.cs.pitt.edu_planetlab2.cs.cornell.edu_832 1	1971.338000	458.111000	0.019000	0.000000	2429.468000	17876	384
planetlab2.eecs.umich.edu_planetlab2.cs.cornell.edu_564 4	2109.878000	325.929000	0.073000	0.000000	2435.880000	17770	2048
planetlab2.eecs.umich.edu_planetlab2.cs.cornell.edu_603 4	2240.173000	461.332000	0.073000	0.000000	2701.578000	17794	2048
planetlab2.eecs.umich.edu_planetlab2.cs.cornell.edu_610 4	2259.804000	483.220000	0.069000	0.000000	2743.093000	17808	2048
planetlab2.eecs.umich.edu_planetlab2.cs.cornell.edu_621 4	2290.806000	508.207000	0.074000	0.000000	2799.087000	17810	2048
planetlab2.eecs.umich.edu_planetlab2.cs.cornell.edu_623 4	2298.162000	504.795000	0.063000	0.000000	2803.020000	17811	2048
planetlab2.eecs.umich.edu_planetlab2.cs.cornell.edu_653 4	2425.637000	482.019000	0.075000	0.000000	2907.731000	17814	2048
planetlab5.williams.edu_planetlab2.cs.cornell.edu_515 3	2593.066000	327.039000	0.023000	0.000000	2920.128000	17925	2112
planetlab2.eecs.umich.edu_planetlab2.cs.cornell.edu_668 4	2492.338000	453.250000	0.073000	0.000000	2945.661000	17818	2048
planetlab5.williams.edu_planetlab2.cs.cornell.edu_525 3	2643.035000	343.666000	0.017000	0.000000	2986.718000	17937	2112
planetlab5.williams.edu_planetlab2.cs.cornell.edu_529 3	2668.869000	321.665000	0.022000	0.000000	2990.556000	17940	2112
planetlab5.williams.edu_planetlab2.cs.cornell.edu_531 3	2672.691000	321.806000	0.014000	0.000000	2994.511000	17941	2112
planetlab5.williams.edu_planetlab2.cs.cornell.edu_535 3	2683.903000	318.852000	0.016000	0.000000	3002.771000	17943	2112
planetlab5.williams.edu_planetlab2.cs.cornell.edu_553 3	2732.845000	340.444000	0.019000	0.000000	3073.308000	17949	2112
planetlab1.eecs.umich.edu_planetlab2.cs.cornell.edu_168 3	3135.335000	0.886000	0.067000	0.000000	3136.288000	17992	2304
planetlab2.eecs.umich.edu_planetlab2.cs.cornell.edu_724 4	2682.413000	508.706000	0.074000	0.000000	3191.193000	17836	2048
planetlab5.williams.edu_planetlab2.cs.cornell.edu_592 3	2924.880000	327.693000	0.018000	0.000000	3252.591000	17973	2112
planetlab2.eecs.umich.edu_planetlab2.cs.cornell.edu_744 4	2767.220000	563.205000	0.071000	0.000000	3330.496000	17842	2048
flow.colgate.edu_planetlab2.cs.cornell.edu_783 1	1125.914000	2310.514000	0.021000	0.000000	3436.449000	17757	192
planetlab2.dtc.umn.edu_planetlab2.cs.cornell.edu_202 3	3597.308000	0.029000	0.019000	0.000000	3597.356000	18063	3072
planetlab2.eecs.umich.edu_planetlab2.cs.cornell.edu_836 4	3123.904000	779.143000	0.072000	0.000000	3903.119000	17874	2048
planetlab2.eecs.umich.edu_planetlab2.cs.cornell.edu_849 4	3193.193000	744.002000	0.072000	0.000000	3937.267000	17881	2048
flow.colgate.edu_planetlab2.cs.cornell.edu_879 1	1730.886000	2288.667000	0.238000	0.000000	4019.791000	17847	192
flow.colgate.edu_planetlab2.cs.cornell.edu_902 1	1873.852000	2319.827000	0.022000	0.000000	4193.701000	17858	192
planetlab2.eecs.umich.edu_planetlab2.cs.cornell.edu_927 4	3502.151000	765.000000	0.096000	0.000000	4267.247000	17909	2048
planetlab-1.cse.ohio-state.edu_planetlab2.cs.cornell.edu_214 5	1651.013000	3034.947000	0.026000	0.000000	4685.986000	17773	2560
planetlab2.eecs.umich.edu_planetlab2.cs.cornell.edu_1046 4	3884.158000	848.585000	0.076000	0.000000	4732.819000	17946	2048
planetlab1.cs.pitt.edu_planetlab2.cs.cornell.edu_1448 1	3752.356000	1129.595000	0.018000	0.000000	4881.969000	18132	384
planetlab2.eecs.umich.edu_planetlab2.cs.cornell.edu_1098 4	4151.603000	777.422000	0.073000	0.000000	4929.098000	17962	2048
planetlab03.cs.washington.edu_planetlab2.cs.cornell.edu_730 1	759.092000	4545.097000	0.035000	0.000000	5304.224000	17686	320
planetlab5.williams.edu_planetlab2.cs.cornell.edu_652 3	3151.736000	2351.647000	0.015000	0.000000	5503.398000	18005	2112
planetlab2.clemson.edu_planetlab2.cs.cornell.edu_212 4	3507.423000	2053.009000	0.011000	0.000000	5560.443000	18048	2688
planetlab5.williams.edu_planetlab2.cs.cornell.edu_742 3	3520.869000	2956.381000	0.014000	0.000000	6477.264000	18069	2112
planetlab-1.cse.ohio-state.edu_planetlab2.cs.cornell.edu_262 5	3707.273000	2797.812000	0.030000	0.000000	6505.115000	18029	2560
planetlab2.eecs.umich.edu_planetlab2.cs.cornell.edu_1884 4	5547.549000	3288.177000	0.071000	0.000000	8835.797000	17978	2048
planetlab1.cs.cornell.edu_planetlab2.cs.cornell.edu_1675 3	8538.887000	306.644000	0.038000	0.000000	8845.569000	17924	1280
planetlab1.cs.cornell.edu_planetlab2.cs.cornell.edu_1686 3	8590.362000	272.399000	0.035000	0.000000	8862.796000	17952	1280
planetlab2.eecs.umich.edu_planetlab2.cs.cornell.edu_1890 4	5554.020000	3324.823000	0.069000	0.000000	8878.912000	17979	2048
planetlab03.cs.washington.edu_planetlab2.cs.cornell.edu_1230 1	3855.075000	5079.947000	0.047000	0.000000	8935.069000	18110	320
planetlab2.umassd.edu_planetlab2.cs.cornell.edu_2007 2	3141.209000	6116.964000	0.017000	0.000000	9258.190000	17584	64
planetlab2.umassd.edu_planetlab2.cs.cornell.edu_2011 2	3143.633000	6134.178000	0.016000	0.000000	9277.827000	17586	64
planetlab2.umassd.edu_planetlab2.cs.cornell.edu_2019 2	3156.879000	6170.687000	0.017000	0.000000	9327.583000	17585	64
planetlab2.umassd.edu_planetlab2.cs.cornell.edu_2032 2	3163.834000	6250.593000	0.015000	0.000000	9414.442000	17588	64
planetlab2.umassd.edu_planetlab2.cs.cornell.edu_2036 2	3170.542000	6268.356000	0.016000	0.000000	9438.914000	17592	64
planetlab-1.cse.ohio-state.edu_planetlab2.cs.cornell.edu_312 5	4313.460000	5325.699000	0.031000	0.000000	9639.190000	18142	2560
planetlab2.umassd.edu_planetlab2.cs.cornell.edu_2070 2	3224.488000	6435.403000	0.015000	0.000000	9659.906000	17612	64
planetlab2.eecs.umich.edu_planetlab2.cs.cornell.edu_1966 4	5660.878000	4005.941000	0.041000	0.000000	9666.860000	17982	2048
planetlab2.umassd.edu_planetlab2.cs.cornell.edu_2079 2	3229.061000	6513.755000	0.014000	0.000000	9742.830000	17626	64
planetlab2.umassd.edu_planetlab2.cs.cornell.edu_2118 2	3289.743000	6785.974000	0.016000	0.000000	10075.733000	17648	64
planetlab2.umassd.edu_planetlab2.cs.cornell.edu_2178 2	3400.220000	6999.805000	0.016000	0.000000	10400.041000	17700	64
planetlab2.umassd.edu_planetlab2.cs.cornell.edu_2187 2	3423.819000	7018.580000	0.018000	0.000000	10442.417000	17711	64
planetlab2.umassd.edu_planetlab2.cs.cornell.edu_2205 2	3453.187000	7077.317000	0.014000	0.000000	10530.518000	17732	64
planetlab2.eecs.umich.edu_planetlab2.cs.cornell.edu_2124 4	5921.168000	4677.077000	0.074000	0.000000	10598.319000	17990	2048
planetlab2.umassd.edu_planetlab2.cs.cornell.edu_2240 2	3507.817000	7167.975000	0.018000	0.000000	10675.810000	17754	64
planetlab2.umassd.edu_planetlab2.cs.cornell.edu_2245 2	3521.641000	7180.536000	0.015000	0.000000	10702.192000	17760	64
planetlab2.umassd.edu_planetlab2.cs.cornell.edu_2251 2	3527.191000	7219.108000	0.014000	0.000000	10746.313000	17764	64
planetlab2.umassd.edu_planetlab2.cs.cornell.edu_2254 2	3537.022000	7217.334000	0.014000	0.000000	10754.370000	17765	64
planetlab2.umassd.edu_planetlab2.cs.cornell.edu_2256 2	3538.890000	7232.275000	0.015000	0.000000	10771.180000	17766	64
planetlab2.mnlab.cti.depaul.edu_planetlab2.cs.cornell.edu_1130 3	1245.348000	9572.618000	0.011000	0.000000	10817.977000	17683	1152
planetlab2.umassd.edu_planetlab2.cs.cornell.edu_2263 2	3553.448000	7270.444000	0.016000	0.000000	10823.908000	17772	64
planetlab2.umassd.edu_planetlab2.cs.cornell.edu_2271 2	3583.268000	7284.649000	0.023000	0.000000	10867.940000	17780	64
planetlab2.mnlab.cti.depaul.edu_planetlab2.cs.cornell.edu_1162 3	2513.618000	8686.560000	0.011000	0.000000	11200.189000	17824	1152
flow.colgate.edu_planetlab2.cs.cornell.edu_1460 1	4099.360000	7158.260000	0.017000	0.000000	11257.637000	18209	192
kupl2.ittc.ku.edu_planetlab2.cs.cornell.edu_219 4	315.048000	11283.602000	0.160000	0.000000	11598.810000	17591	2816
planetlab2.umassd.edu_planetlab2.cs.cornell.edu_2415 2	4003.112000	7898.113000	0.057000	0.000000	11901.282000	17840	64
planetlab2.eecs.umich.edu_planetlab2.cs.cornell.edu_2365 4	7513.886000	4465.544000	0.076000	0.000000	11979.506000	18042	2048
planetlab2.eecs.umich.edu_planetlab2.cs.cornell.edu_2376 4	7576.800000	4495.039000	0.074000	0.000000	12071.913000	17970	2048
planetlab4.rutgers.edu_planetlab2.cs.cornell.edu_4213 4	11125.901000	1265.128000	0.022000	0.000000	12391.051000	17589	1024
planetlab4.rutgers.edu_planetlab2.cs.cornell.edu_4230 4	11154.585000	1270.995000	0.018000	0.000000	12425.598000	17598	1024
planetlab-6.ece.iastate.edu_planetlab2.cs.cornell.edu_778 4	12473.810000	0.049000	0.017000	0.000000	12473.876000	17672	3136
planetlab2.eecs.umich.edu_planetlab2.cs.cornell.edu_2452 4	7858.639000	4621.650000	0.076000	0.000000	12480.365000	17976	2048
planetlab-03.cs.princeton.edu_planetlab2.cs.cornell.edu_2790 3	9712.817000	2863.521000	0.017000	0.000000	12576.355000	17623	80
planetlab4.rutgers.edu_planetlab2.cs.cornell.edu_4238 4	11307.712000	1279.644000	0.039000	0.000000	12587.395000	17600	1024
planetlab4.rutgers.edu_planetlab2.cs.cornell.edu_4269 4	11225.289000	1390.671000	0.018000	0.000000	12615.978000	17613	1024
planetlab-03.cs.princeton.edu_planetlab2.cs.cornell.edu_2870 3	10238.142000	2640.699000	0.022000	0.000000	12878.863000	17667	80
planetlab-03.cs.princeton.edu_planetlab2.cs.cornell.edu_3014 3	11287.713000	2015.261000	0.018000	0.000000	13302.992000	17820	80
planetlab2.umassd.edu_planetlab2.cs.cornell.edu_2638 2	4796.249000	8563.776000	0.017000	0.000000	13360.042000	17892	64
planetlab1.cs.cornell.edu_planetlab2.cs.cornell.edu_2089 3	14336.803000	0.053000	0.035000	0.000000	14336.891000	17956	1280
planetlab1.cs.cornell.edu_planetlab2.cs.cornell.edu_2091 3	14343.916000	0.043000	0.037000	0.000000	14343.996000	17958	1280
planetlab1.cs.cornell.edu_planetlab2.cs.cornell.edu_2093 3	14350.022000	0.045000	0.035000	0.000000	14350.102000	17957	1280
planetlab1.cs.cornell.edu_planetlab2.cs.cornell.edu_2095 3	14416.881000	0.060000	0.057000	0.000000	14416.998000	17964	1280
planetlab1.cs.cornell.edu_planetlab2.cs.cornell.edu_2101 3	14514.427000	0.051000	0.041000	0.000000	14514.519000	17972	1280
planetlab-03.cs.princeton.edu_planetlab2.cs.cornell.edu_3400 3	13401.799000	1114.960000	1.152000	0.000000	14517.911000	17897	80
planetlab2.umassd.edu_planetlab2.cs.cornell.edu_2992 2	6033.753000	9059.164000	0.056000	0.000000	15092.973000	17967	64
planetlab1.cs.cornell.edu_planetlab2.cs.cornell.edu_2108 3	15104.809000	0.131000	0.046000	0.000000	15104.986000	18020	1280
planetlab4.rutgers.edu_planetlab2.cs.cornell.edu_5151 4	13708.096000	1501.563000	0.023000	0.000000	15209.682000	17630	1024
planetlab4.rutgers.edu_planetlab2.cs.cornell.edu_5209 4	13837.015000	1544.432000	0.023000	0.000000	15381.470000	17646	1024
planetlab1.cs.cornell.edu_planetlab2.cs.cornell.edu_2126 3	15568.234000	0.043000	0.048000	0.000000	15568.325000	18084	1280
planetlab4.rutgers.edu_planetlab2.cs.cornell.edu_5326 4	14175.893000	1678.495000	0.029000	0.000000	15854.417000	17654	1024
planetlab4.rutgers.edu_planetlab2.cs.cornell.edu_5340 4	14204.906000	1682.731000	0.023000	0.000000	15887.660000	17658	1024
planetlab4.rutgers.edu_planetlab2.cs.cornell.edu_5405 4	14383.591000	1623.062000	0.022000	0.000000	16006.675000	17660	1024
planetlab2.umassd.edu_planetlab2.cs.cornell.edu_3222 2	6589.262000	9434.950000	0.017000	0.000000	16024.229000	17996	64
planetlab4.rutgers.edu_planetlab2.cs.cornell.edu_5422 4	14441.384000	1590.352000	0.019000	0.000000	16031.755000	17662	1024
planetlab1.eecs.umich.edu_planetlab2.cs.cornell.edu_1161 3	9531.852000	6566.973000	0.069000	0.000000	16098.894000	18179	2304
planetlab4.rutgers.edu_planetlab2.cs.cornell.edu_5451 4	14650.838000	1481.226000	0.033000	0.000000	16132.097000	17663	1024
planetlab5.csee.usf.edu_planetlab2.cs.cornell.edu_3080 4	14110.745000	2088.750000	0.018000	0.000000	16199.513000	17661	608
planetlab2.umassd.edu_planetlab2.cs.cornell.edu_3286 2	6765.610000	9512.723000	0.015000	0.000000	16278.348000	18010	64
planetlab1.cs.uoregon.edu_planetlab2.cs.cornell.edu_2355 2	5268.897000	11251.403000	0.070000	0.000000	16520.370000	17593	256
planetlab1.cs.uoregon.edu_planetlab2.cs.cornell.edu_2368 2	5279.841000	11310.583000	0.427000	0.000000	16590.851000	17645	256
planetlab2.mnlab.cti.depaul.edu_planetlab2.cs.cornell.edu_2195 3	14354.699000	2323.143000	0.026000	0.000000	16677.868000	17939	1152
planetlab1.cs.uoregon.edu_planetlab2.cs.cornell.edu_2379 2	5293.933000	11415.686000	0.023000	0.000000	16709.642000	17673	256
planetlab1.cs.uoregon.edu_planetlab2.cs.cornell.edu_2386 2	5302.363000	11446.240000	0.025000	0.000000	16748.628000	17681	256
planetlab1.cs.uoregon.edu_planetlab2.cs.cornell.edu_2395 2	5308.634000	11503.665000	0.018000	0.000000	16812.317000	17688	256
planetlab1.cs.uoregon.edu_planetlab2.cs.cornell.edu_2397 2	5309.496000	11511.532000	0.015000	0.000000	16821.043000	17689	256
planetlab1.cs.uoregon.edu_planetlab2.cs.cornell.edu_2399 2	5320.814000	11500.447000	0.033000	0.000000	16821.294000	17691	256
planetlab1.cs.uoregon.edu_planetlab2.cs.cornell.edu_2401 2	5321.619000	11500.965000	0.016000	0.000000	16822.600000	17693	256
planetlab2.umassd.edu_planetlab2.cs.cornell.edu_3435 2	7056.085000	9790.920000	0.016000	0.000000	16847.021000	18060	64
planetlab4.rutgers.edu_planetlab2.cs.cornell.edu_5645 4	15204.280000	1656.448000	0.025000	0.000000	16860.753000	17684	1024
planetlab1.cs.uoregon.edu_planetlab2.cs.cornell.edu_2412 2	5327.464000	11552.859000	0.049000	0.000000	16880.372000	17697	256
planetlab1.cs.uoregon.edu_planetlab2.cs.cornell.edu_2413 2	5327.534000	11556.387000	0.014000	0.000000	16883.935000	17704	256
planetlab1.cs.uoregon.edu_planetlab2.cs.cornell.edu_2415 2	5332.657000	11619.800000	0.020000	0.000000	16952.477000	17705	256
planetlab1.cs.uoregon.edu_planetlab2.cs.cornell.edu_2418 2	5333.772000	11622.542000	0.029000	0.000000	16956.343000	17707	256
planetlab1.cs.uoregon.edu_planetlab2.cs.cornell.edu_2420 2	5341.625000	11622.527000	0.047000	0.000000	16964.199000	17709	256
planetlab1.cs.uoregon.edu_planetlab2.cs.cornell.edu_2427 2	5350.221000	11673.694000	0.327000	0.000000	17024.242000	17712	256
planetlab1.cs.uoregon.edu_planetlab2.cs.cornell.edu_2429 2	5352.623000	11676.017000	0.041000	0.000000	17028.681000	17713	256
planetlab1.cs.uoregon.edu_planetlab2.cs.cornell.edu_2435 2	5360.389000	11673.021000	0.032000	0.000000	17033.442000	17715	256
planetlab1.cs.uoregon.edu_planetlab2.cs.cornell.edu_2438 2	5362.335000	11726.724000	0.023000	0.000000	17089.082000	17717	256
planetlab1.cs.uoregon.edu_planetlab2.cs.cornell.edu_2442 2	5363.923000	11732.299000	0.032000	0.000000	17096.254000	17720	256
planetlab1.cs.uoregon.edu_planetlab2.cs.cornell.edu_2444 2	5366.948000	11738.883000	0.016000	0.000000	17105.847000	17721	256
planetlab1.cs.uoregon.edu_planetlab2.cs.cornell.edu_2453 2	5379.606000	11740.866000	0.043000	0.000000	17120.515000	17722	256
planetlab1.cs.uoregon.edu_planetlab2.cs.cornell.edu_2454 2	5376.733000	11764.130000	0.014000	0.000000	17140.877000	17723	256
planetlab1.cs.uoregon.edu_planetlab2.cs.cornell.edu_2456 2	5378.445000	11800.453000	0.013000	0.000000	17178.911000	17724	256
planetlab1.cs.uoregon.edu_planetlab2.cs.cornell.edu_2466 2	5382.428000	11830.373000	0.027000	0.000000	17212.828000	17725	256
planetlab1.cs.uoregon.edu_planetlab2.cs.cornell.edu_2467 2	5382.415000	11858.228000	0.014000	0.000000	17240.657000	17727	256
planetlab2.umassd.edu_planetlab2.cs.cornell.edu_3523 2	7315.325000	9920.529000	0.054000	0.000000	17235.908000	18096	64
planetlab1.cs.uoregon.edu_planetlab2.cs.cornell.edu_2471 2	5383.592000	11885.816000	0.028000	0.000000	17269.436000	17740	256
planetlab1.cs.uoregon.edu_planetlab2.cs.cornell.edu_2476 2	5389.418000	11896.784000	0.022000	0.000000	17286.224000	17753	256
planetlab1.cs.uoregon.edu_planetlab2.cs.cornell.edu_2480 2	5389.497000	11938.086000	0.016000	0.000000	17327.599000	17769	256
planetlab1.cs.uoregon.edu_planetlab2.cs.cornell.edu_2483 2	5396.102000	11941.304000	0.036000	0.000000	17337.442000	17777	256
planetlab1.cs.uoregon.edu_planetlab2.cs.cornell.edu_2487 2	5396.810000	11950.881000	0.016000	0.000000	17347.707000	17784	256
planetlab1.cs.uoregon.edu_planetlab2.cs.cornell.edu_2489 2	5396.397000	11961.405000	0.015000	0.000000	17357.817000	17785	256
planetlab1.cs.uoregon.edu_planetlab2.cs.cornell.edu_2493 2	5402.081000	11996.383000	0.028000	0.000000	17398.492000	17787	256
planetlab1.cs.uoregon.edu_planetlab2.cs.cornell.edu_2497 2	5405.304000	12004.133000	0.021000	0.000000	17409.458000	17789	256
planetlab2.umassd.edu_planetlab2.cs.cornell.edu_3582 2	7457.663000	10028.797000	0.024000	0.000000	17486.484000	18116	64
planetlab2.umassd.edu_planetlab2.cs.cornell.edu_3598 2	7489.768000	10072.468000	0.015000	0.000000	17562.251000	18120	64
planetlab2.umassd.edu_planetlab2.cs.cornell.edu_3611 2	7526.146000	10096.334000	0.016000	0.000000	17622.496000	18124	64
planetlab2.umassd.edu_planetlab2.cs.cornell.edu_3613 2	7530.936000	10095.367000	0.017000	0.000000	17626.320000	18125	64
earth.cs.brown.edu_planetlab2.cs.cornell.edu_6829 3	11688.828000	6111.077000	0.018000	0.000000	17799.923000	17834	96
planetlab2.umassd.edu_planetlab2.cs.cornell.edu_3643 2	7622.838000	10176.455000	0.064000	0.000000	17799.357000	18140	64
pluto.cs.brown.edu_planetlab2.cs.cornell.edu_2502 3	15570.237000	2333.019000	0.019000	0.000000	17903.275000	17938	768
pluto.cs.brown.edu_planetlab2.cs.cornell.edu_2505 3	15579.015000	2330.876000	0.027000	0.000000	17909.918000	18061	768
planetlab1.cs.uoregon.edu_planetlab2.cs.cornell.edu_2568 2	5561.376000	12438.800000	0.041000	0.000000	18000.217000	17817	256
pluto.cs.brown.edu_planetlab2.cs.cornell.edu_2539 3	15872.029000	2306.778000	0.025000	0.000000	18178.832000	18168	768
planetlab1.cs.uoregon.edu_planetlab2.cs.cornell.edu_2596 2	5641.707000	12589.955000	0.023000	0.000000	18231.685000	17830	256
planetlab2.umassd.edu_planetlab2.cs.cornell.edu_3743 2	7901.305000	10373.003000	0.019000	0.000000	18274.327000	18156	64
planetlab1.cs.uoregon.edu_planetlab2.cs.cornell.edu_2610 2	5692.952000	12652.052000	0.145000	0.000000	18345.149000	17833	256
planetlab1.cs.uoregon.edu_planetlab2.cs.cornell.edu_2629 2	5731.345000	12762.259000	0.034000	0.000000	18493.638000	17841	256
planetlab1.cs.uoregon.edu_planetlab2.cs.cornell.edu_2661 2	5803.527000	12954.778000	0.023000	0.000000	18758.328000	17848	256
planetlab1.cs.uoregon.edu_planetlab2.cs.cornell.edu_2663 2	5811.774000	12961.125000	0.035000	0.000000	18772.934000	17849	256
planetlab1.cs.uoregon.edu_planetlab2.cs.cornell.edu_2667 2	5821.872000	13001.211000	0.036000	0.000000	18823.119000	17851	256
planetlab1.cs.uoregon.edu_planetlab2.cs.cornell.edu_2688 2	5866.362000	13122.631000	0.020000	0.000000	18989.013000	17853	256
planetlab1.cs.uoregon.edu_planetlab2.cs.cornell.edu_2779 2	6091.122000	13661.418000	0.026000	0.000000	19752.566000	17875	256
planetlab5.williams.edu_planetlab2.cs.cornell.edu_1738 3	5743.112000	14268.406000	0.017000	0.000000	20011.535000	18197	2112
planetlab-01.bu.edu_planetlab2.cs.cornell.edu_3025 3	20323.965000	0.088000	0.027000	0.000000	20324.080000	17905	640
vn4.cse.wustl.edu_planetlab2.cs.cornell.edu_2736 3	16734.371000	3607.632000	0.028000	0.000000	20342.031000	17610	272
vn4.cse.wustl.edu_planetlab2.cs.cornell.edu_2792 3	17802.326000	2679.301000	0.030000	0.000000	20481.657000	17802	272
planetlab1.cs.ucla.edu_planetlab2.cs.cornell.edu_1462 2	7716.098000	12791.848000	0.016000	0.000000	20507.962000	18038	704
planetlab-01.bu.edu_planetlab2.cs.cornell.edu_3032 3	20514.189000	0.029000	0.018000	0.000000	20514.236000	18009	640
planetlab1.cs.uoregon.edu_planetlab2.cs.cornell.edu_2924 2	6396.917000	14355.319000	0.043000	0.000000	20752.279000	17913	256
earth.cs.brown.edu_planetlab2.cs.cornell.edu_7966 3	14058.839000	7511.916000	0.019000	0.000000	21570.774000	17922	96
planetlab2.eecs.umich.edu_planetlab2.cs.cornell.edu_3643 4	16217.152000	5998.405000	0.078000	0.000000	22215.635000	18092	2048
planetlab1.rutgers.edu_planetlab2.cs.cornell.edu_5344 4	13548.905000	10928.864000	0.133000	0.000000	24477.902000	17608	512
planetlab1.cs.unc.edu_planetlab2.cs.cornell.edu_3148 5	24812.300000	0.225000	0.029000	0.000000	24812.554000	17636	528
planetlab2.eecs.umich.edu_planetlab2.cs.cornell.edu_4049 4	18024.483000	6869.239000	0.067000	0.000000	24893.789000	17695	2048
planetlab2.eecs.umich.edu_planetlab2.cs.cornell.edu_4051 4	18017.801000	6875.738000	0.072000	0.000000	24893.611000	18106	2048
planetlab1.rutgers.edu_planetlab2.cs.cornell.edu_5488 4	14089.083000	10887.876000	0.051000	0.000000	24977.010000	17666	512
planetlab1.rutgers.edu_planetlab2.cs.cornell.edu_5542 4	14231.506000	10874.171000	0.051000	0.000000	25105.728000	17687	512
planetlab1.rutgers.edu_planetlab2.cs.cornell.edu_5544 4	14231.194000	10874.842000	0.029000	0.000000	25106.065000	17692	512
planetlab3.williams.edu_planetlab2.cs.cornell.edu_781 2	2174.872000	22947.960000	0.017000	0.000000	25122.849000	17767	400
planetlab1.rutgers.edu_planetlab2.cs.cornell.edu_5561 4	14295.019000	10855.454000	0.036000	0.000000	25150.509000	17696	512
planetlab1.rutgers.edu_planetlab2.cs.cornell.edu_5569 4	14317.678000	10869.537000	0.061000	0.000000	25187.276000	17698	512
planetlab1.rutgers.edu_planetlab2.cs.cornell.edu_5575 4	14366.485000	10834.235000	0.056000	0.000000	25200.776000	17699	512
planetlab1.rutgers.edu_planetlab2.cs.cornell.edu_5577 4	14366.590000	10836.978000	0.035000	0.000000	25203.603000	17702	512
planetlab1.rutgers.edu_planetlab2.cs.cornell.edu_5582 4	14372.691000	10838.564000	0.042000	0.000000	25211.297000	17706	512
planetlab6.cs.duke.edu_planetlab2.cs.cornell.edu_5748 3	25216.159000	1.036000	0.043000	0.000000	25217.238000	17951	288
planetlab1.rutgers.edu_planetlab2.cs.cornell.edu_5623 4	14503.386000	10809.471000	0.036000	0.000000	25312.893000	17714	512
planetlab2.umassd.edu_planetlab2.cs.cornell.edu_4683 2	10535.918000	14944.420000	0.018000	0.000000	25480.356000	18126	64
planetlab1.cs.uoregon.edu_planetlab2.cs.cornell.edu_3283 2	7153.117000	19224.619000	0.047000	0.000000	26377.783000	17977	256
planetlab2.eecs.umich.edu_planetlab2.cs.cornell.edu_4447 4	19627.313000	7343.060000	0.065000	0.000000	26970.438000	18137	2048
planetlab6.cs.duke.edu_planetlab2.cs.cornell.edu_5854 3	27449.913000	0.468000	0.035000	0.000000	27450.416000	17999	288
planetlab6.cs.duke.edu_planetlab2.cs.cornell.edu_5868 3	27855.387000	0.028000	0.033000	0.000000	27855.448000	18007	288
planetlab6.cs.duke.edu_planetlab2.cs.cornell.edu_5872 3	27955.156000	0.597000	0.026000	0.000000	27955.779000	18011	288
planetlab2.netlab.uky.edu_planetlab2.cs.cornell.edu_6544 5	24847.307000	3213.249000	0.017000	0.000000	28060.573000	17618	544
planetlab6.cs.duke.edu_planetlab2.cs.cornell.edu_5883 3	28082.137000	0.107000	0.031000	0.000000	28082.275000	18013	288
planetlab6.cs.duke.edu_planetlab2.cs.cornell.edu_5893 3	28162.074000	0.028000	0.021000	0.000000	28162.123000	18014	288
planetlab6.cs.duke.edu_planetlab2.cs.cornell.edu_5898 3	28234.836000	0.027000	0.025000	0.000000	28234.888000	18015	288
plab4.eece.ksu.edu_planetlab2.cs.cornell.edu_2528 5	2234.257000	26979.452000	0.013000	0.000000	29213.722000	17756	2080
aguila2.lsi.upc.edu_planetlab2.cs.cornell.edu_1558 3	10090.617000	19335.162000	0.017000	0.000000	29425.796000	17819	576
planetlab6.cs.duke.edu_planetlab2.cs.cornell.edu_5938 3	29432.189000	0.028000	0.030000	0.000000	29432.247000	18047	288
vn4.cse.wustl.edu_planetlab2.cs.cornell.edu_3393 3	29754.645000	0.023000	0.025000	0.000000	29754.693000	18058	272
planetlab1.cs.uoregon.edu_planetlab2.cs.cornell.edu_3741 2	8265.251000	21509.311000	0.054000	0.000000	29774.616000	18065	256
planetlab6.cs.duke.edu_planetlab2.cs.cornell.edu_6009 3	32356.260000	0.028000	0.032000	0.000000	32356.320000	18143	288
planetlab1.cs.uoregon.edu_planetlab2.cs.cornell.edu_4401 2	9920.391000	26692.523000	0.029000	0.000000	36612.943000	18201	256
planetlab1.rutgers.edu_planetlab2.cs.cornell.edu_8304 4	28006.664000	8635.098000	0.052000	0.000000	36641.814000	17735	512
planetlab1.rutgers.edu_planetlab2.cs.cornell.edu_8325 4	28098.688000	8583.642000	0.055000	0.000000	36682.385000	17736	512
planetlab1.rutgers.edu_planetlab2.cs.cornell.edu_8347 4	28377.322000	8480.494000	0.055000	0.000000	36857.871000	17747	512
planetlab1.rutgers.edu_planetlab2.cs.cornell.edu_8351 4	28372.386000	8501.030000	0.052000	0.000000	36873.468000	17750	512
planetlab1.rutgers.edu_planetlab2.cs.cornell.edu_8355 4	28433.664000	8443.027000	0.043000	0.000000	36876.734000	17749	512
planetlab1.rutgers.edu_planetlab2.cs.cornell.edu_8360 4	28498.673000	8388.494000	0.051000	0.000000	36887.218000	17751	512
planetlab1.rutgers.edu_planetlab2.cs.cornell.edu_8407 4	28637.801000	8290.105000	0.055000	0.000000	36927.961000	17759	512
planetlab1.rutgers.edu_planetlab2.cs.cornell.edu_8411 4	28656.110000	8274.831000	0.071000	0.000000	36931.012000	17762	512
planetlab1.rutgers.edu_planetlab2.cs.cornell.edu_8453 4	28912.143000	8049.889000	0.054000	0.000000	36962.086000	17783	512
planetlab1.rutgers.edu_planetlab2.cs.cornell.edu_8468 4	29174.572000	7807.516000	0.144000	0.000000	36982.232000	17800	512
planetlab1.rutgers.edu_planetlab2.cs.cornell.edu_8482 4	29578.003000	7421.629000	0.056000	0.000000	36999.688000	17826	512
pl1.rcc.uottawa.ca_planetlab2.cs.cornell.edu_10613 3	9401.796000	35249.030000	0.018000	0.000000	44650.844000	17587	0
pl1.rcc.uottawa.ca_planetlab2.cs.cornell.edu_10739 3	9535.315000	36043.888000	0.045000	0.000000	45579.248000	17599	0
pl1.rcc.uottawa.ca_planetlab2.cs.cornell.edu_10759 3	9560.935000	36248.176000	0.020000	0.000000	45809.131000	17601	0
pl1.rcc.uottawa.ca_planetlab2.cs.cornell.edu_10768 3	9567.684000	36294.976000	0.017000	0.000000	45862.677000	17602	0
pl1.rcc.uottawa.ca_planetlab2.cs.cornell.edu_10785 3	9580.598000	36433.518000	0.016000	0.000000	46014.132000	17603	0
pl1.rcc.uottawa.ca_planetlab2.cs.cornell.edu_10794 3	9586.965000	36497.232000	0.019000	0.000000	46084.216000	17607	0
pl1.rcc.uottawa.ca_planetlab2.cs.cornell.edu_10843 3	9634.674000	36853.422000	0.021000	0.000000	46488.117000	17611	0
pl1.rcc.uottawa.ca_planetlab2.cs.cornell.edu_10936 3	9720.291000	37230.210000	0.028000	0.000000	46950.529000	17619	0
pl1.rcc.uottawa.ca_planetlab2.cs.cornell.edu_11009 3	9786.500000	37603.972000	0.018000	0.000000	47390.490000	17631	0
pl1.rcc.uottawa.ca_planetlab2.cs.cornell.edu_11045 3	9828.425000	37885.560000	0.021000	0.000000	47714.006000	17632	0
pl1.rcc.uottawa.ca_planetlab2.cs.cornell.edu_11090 3	9871.379000	38289.342000	0.027000	0.000000	48160.748000	17633	0
pl1.rcc.uottawa.ca_planetlab2.cs.cornell.edu_11104 3	9879.058000	38354.341000	0.019000	0.000000	48233.418000	17634	0
pl1.rcc.uottawa.ca_planetlab2.cs.cornell.edu_11114 3	9884.493000	38387.323000	0.018000	0.000000	48271.834000	17635	0
pl1.rcc.uottawa.ca_planetlab2.cs.cornell.edu_11192 3	9958.011000	38580.169000	0.025000	0.000000	48538.205000	17637	0
pl1.rcc.uottawa.ca_planetlab2.cs.cornell.edu_11194 3	9960.231000	38583.272000	0.026000	0.000000	48543.529000	17638	0
pl1.rcc.uottawa.ca_planetlab2.cs.cornell.edu_11231 3	10003.279000	38723.812000	0.019000	0.000000	48727.110000	17639	0
pl1.rcc.uottawa.ca_planetlab2.cs.cornell.edu_11264 3	10046.566000	38876.833000	0.026000	0.000000	48923.425000	17641	0
pl1.rcc.uottawa.ca_planetlab2.cs.cornell.edu_11277 3	10060.394000	38938.406000	0.021000	0.000000	48998.821000	17643	0
pl1.rcc.uottawa.ca_planetlab2.cs.cornell.edu_11289 3	10073.356000	39033.120000	0.018000	0.000000	49106.494000	17642	0
pl1.rcc.uottawa.ca_planetlab2.cs.cornell.edu_11321 3	10102.219000	39287.028000	0.018000	0.000000	49389.265000	17647	0
planetlab1.rutgers.edu_planetlab2.cs.cornell.edu_9103 4	49424.896000	0.047000	0.071000	0.000000	49425.014000	17844	512
planetlab1.cs.unc.edu_planetlab2.cs.cornell.edu_5505 5	49466.317000	0.382000	0.045000	0.000000	49466.744000	17839	528
pl1.rcc.uottawa.ca_planetlab2.cs.cornell.edu_11337 3	10116.627000	39394.718000	0.018000	0.000000	49511.363000	17649	0
planetlab1.rutgers.edu_planetlab2.cs.cornell.edu_9106 4	49555.116000	0.063000	0.056000	0.000000	49555.235000	17856	512
planetlab1.rutgers.edu_planetlab2.cs.cornell.edu_9108 4	49555.915000	0.047000	0.059000	0.000000	49556.021000	17864	512
planetlab1.rutgers.edu_planetlab2.cs.cornell.edu_9111 4	49564.513000	0.052000	0.071000	0.000000	49564.636000	17865	512
planetlab1.rutgers.edu_planetlab2.cs.cornell.edu_9113 4	49587.904000	0.307000	0.057000	0.000000	49588.268000	17866	512
planetlab1.rutgers.edu_planetlab2.cs.cornell.edu_9115 4	49609.555000	1.518000	0.058000	0.000000	49611.131000	17868	512
planetlab1.rutgers.edu_planetlab2.cs.cornell.edu_9118 4	49696.955000	0.051000	0.065000	0.000000	49697.071000	17880	512
planetlab1.rutgers.edu_planetlab2.cs.cornell.edu_9120 4	49699.402000	0.185000	0.047000	0.000000	49699.634000	17879	512
planetlab1.cs.unc.edu_planetlab2.cs.cornell.edu_5514 5	49743.898000	0.270000	0.042000	0.000000	49744.210000	17927	528
planetlab1.rutgers.edu_planetlab2.cs.cornell.edu_9125 4	49744.972000	0.188000	0.075000	0.000000	49745.235000	17948	512
planetlab1.rutgers.edu_planetlab2.cs.cornell.edu_9127 4	49750.381000	0.041000	0.046000	0.000000	49750.468000	17896	512
aguila1.lsi.upc.edu_planetlab2.cs.cornell.edu_1664 4	49755.668000	0.020000	0.014000	0.000000	49755.702000	17960	592
planetlab2.netlab.uky.edu_planetlab2.cs.cornell.edu_7465 5	49889.109000	0.321000	0.041000	0.000000	49889.471000	17969	544
pl1.rcc.uottawa.ca_planetlab2.cs.cornell.edu_11374 3	10158.654000	39757.238000	0.016000	0.000000	49915.908000	17650	0
aguila2.lsi.upc.edu_planetlab2.cs.cornell.edu_2890 3	20929.700000	28998.924000	0.014000	0.000000	49928.638000	18075	576
planetlab1.rutgers.edu_planetlab2.cs.cornell.edu_9136 4	50039.840000	0.719000	0.068000	0.000000	50040.627000	18100	512
planetlab2.netlab.uky.edu_planetlab2.cs.cornell.edu_7470 5	50135.413000	0.099000	0.046000	0.000000	50135.558000	17988	544
planetlab2.netlab.uky.edu_planetlab2.cs.cornell.edu_7474 5	50139.625000	0.062000	0.015000	0.000000	50139.702000	18094	544
pl1.rcc.uottawa.ca_planetlab2.cs.cornell.edu_11410 3	10193.882000	40171.778000	0.533000	0.000000	50366.193000	17651	0
pl1.rcc.uottawa.ca_planetlab2.cs.cornell.edu_11421 3	10201.575000	40392.260000	0.023000	0.000000	50593.858000	17653	0
aguila2.lsi.upc.edu_planetlab2.cs.cornell.edu_2939 3	21758.235000	29013.447000	0.017000	0.000000	50771.699000	18203	576
planetlab1.rutgers.edu_planetlab2.cs.cornell.edu_9158 4	50793.931000	0.315000	0.064000	0.000000	50794.310000	18210	512
pl1.rcc.uottawa.ca_planetlab2.cs.cornell.edu_11445 3	10223.483000	41277.059000	0.032000	0.000000	51500.574000	17655	0
pl1.rcc.uottawa.ca_planetlab2.cs.cornell.edu_11479 3	10242.976000	41615.639000	0.026000	0.000000	51858.641000	17659	0
pl1.rcc.uottawa.ca_planetlab2.cs.cornell.edu_11502 3	10264.034000	41744.602000	0.015000	0.000000	52008.651000	17664	0
roam2.cs.ou.edu_planetlab2.cs.cornell.edu_8662 5	53110.487000	0.042000	0.039000	0.000000	53110.568000	17590	48
node1.planetlab.albany.edu_planetlab2.cs.cornell.edu_17750 4	45257.673000	7990.505000	0.028000	0.000000	53248.206000	17595	32
node1.planetlab.albany.edu_planetlab2.cs.cornell.edu_17811 4	46232.036000	7261.731000	0.029000	0.000000	53493.796000	17605	32
node1.planetlab.albany.edu_planetlab2.cs.cornell.edu_17873 4	46793.971000	6923.601000	0.024000	0.000000	53717.596000	17614	32
node1.planetlab.albany.edu_planetlab2.cs.cornell.edu_18031 4	52033.287000	2208.954000	0.086000	0.000000	54242.327000	17665	32
node1.planetlab.albany.edu_planetlab2.cs.cornell.edu_18035 4	52277.392000	1969.247000	0.031000	0.000000	54246.670000	17669	32
node1.planetlab.albany.edu_planetlab2.cs.cornell.edu_18037 4	52359.382000	1887.659000	0.030000	0.000000	54247.071000	17668	32
node1.planetlab.albany.edu_planetlab2.cs.cornell.edu_18039 4	55038.316000	0.035000	0.032000	0.000000	55038.383000	17671	32
pl1.rcc.uottawa.ca_planetlab2.cs.cornell.edu_11565 3	10328.676000	45001.736000	0.015000	0.000000	55330.427000	17675	0
node1.planetlab.albany.edu_planetlab2.cs.cornell.edu_18048 4	55931.948000	0.033000	0.041000	0.000000	55932.022000	17677	32
plab4.eece.ksu.edu_planetlab2.cs.cornell.edu_5226 5	27163.244000	33755.643000	0.030000	0.000000	60918.917000	18164	2080
plab4.eece.ksu.edu_planetlab2.cs.cornell.edu_5254 5	27382.213000	33706.475000	0.019000	0.000000	61088.707000	18208	2080
node1.planetlab.albany.edu_planetlab2.cs.cornell.edu_18054 4	61782.051000	0.039000	0.034000	0.000000	61782.124000	17685	32
node1.planetlab.albany.edu_planetlab2.cs.cornell.edu_18337 4	64458.611000	0.031000	0.026000	0.000000	64458.668000	17690	32
node1.planetlab.albany.edu_planetlab2.cs.cornell.edu_18468 4	65120.127000	0.032000	0.033000	0.000000	65120.192000	17701	32
pl1.rcc.uottawa.ca_planetlab2.cs.cornell.edu_11730 3	10535.569000	55274.325000	0.032000	0.000000	65809.926000	17719	0
roam2.cs.ou.edu_planetlab2.cs.cornell.edu_8962 5	65829.223000	0.031000	0.042000	0.000000	65829.296000	17718	48
pl1.rcc.uottawa.ca_planetlab2.cs.cornell.edu_11749 3	10556.978000	55404.206000	0.034000	0.000000	65961.218000	17731	0
pl1.rcc.uottawa.ca_planetlab2.cs.cornell.edu_11782 3	10583.024000	56212.388000	0.022000	0.000000	66795.434000	17737	0
node1.planetlab.albany.edu_planetlab2.cs.cornell.edu_18478 4	66821.232000	0.084000	0.032000	0.000000	66821.348000	17733	32
pl1.rcc.uottawa.ca_planetlab2.cs.cornell.edu_11800 3	10610.513000	56556.091000	0.026000	0.000000	67166.630000	17739	0
pl1.rcc.uottawa.ca_planetlab2.cs.cornell.edu_11804 3	10619.785000	56638.541000	0.028000	0.000000	67258.354000	17738	0
pl1.rcc.uottawa.ca_planetlab2.cs.cornell.edu_11819 3	10648.850000	56884.261000	0.039000	0.000000	67533.150000	17743	0
pl1.rcc.uottawa.ca_planetlab2.cs.cornell.edu_11872 3	10721.380000	57551.103000	0.030000	0.000000	68272.513000	17755	0
pl1.rcc.uottawa.ca_planetlab2.cs.cornell.edu_11878 3	10746.092000	57573.750000	0.034000	0.000000	68319.876000	17763	0
pl1.rcc.uottawa.ca_planetlab2.cs.cornell.edu_11926 3	10850.096000	58270.514000	0.031000	0.000000	69120.641000	17771	0
node1.planetlab.albany.edu_planetlab2.cs.cornell.edu_18485 4	69212.501000	1.874000	0.038000	0.000000	69214.413000	17775	32
pl1.rcc.uottawa.ca_planetlab2.cs.cornell.edu_11975 3	10934.586000	59131.970000	0.035000	0.000000	70066.591000	17781	0
node1.planetlab.albany.edu_planetlab2.cs.cornell.edu_18497 4	71213.253000	0.093000	0.034000	0.000000	71213.380000	17792	32
node1.planetlab.albany.edu_planetlab2.cs.cornell.edu_18503 4	71260.344000	0.030000	0.026000	0.000000	71260.400000	17793	32
node1.planetlab.albany.edu_planetlab2.cs.cornell.edu_18509 4	71300.058000	0.031000	0.021000	0.000000	71300.110000	17795	32
node1.planetlab.albany.edu_planetlab2.cs.cornell.edu_18513 4	71388.275000	0.033000	0.031000	0.000000	71388.339000	17796	32
node1.planetlab.albany.edu_planetlab2.cs.cornell.edu_18517 4	71448.904000	0.046000	0.032000	0.000000	71448.982000	17797	32
node1.planetlab.albany.edu_planetlab2.cs.cornell.edu_18523 4	71519.980000	0.031000	0.028000	0.000000	71520.039000	17798	32
node1.planetlab.albany.edu_planetlab2.cs.cornell.edu_18525 4	71539.017000	0.028000	0.022000	0.000000	71539.067000	17799	32
node1.planetlab.albany.edu_planetlab2.cs.cornell.edu_18527 4	71561.736000	0.094000	0.035000	0.000000	71561.865000	17801	32
node1.planetlab.albany.edu_planetlab2.cs.cornell.edu_18532 4	71672.859000	0.034000	0.031000	0.000000	71672.924000	17804	32
node1.planetlab.albany.edu_planetlab2.cs.cornell.edu_18544 4	71810.687000	0.240000	0.028000	0.000000	71810.955000	17805	32
node1.planetlab.albany.edu_planetlab2.cs.cornell.edu_18546 4	71835.268000	0.033000	0.028000	0.000000	71835.329000	17809	32
node1.planetlab.albany.edu_planetlab2.cs.cornell.edu_18550 4	71884.042000	0.042000	0.021000	0.000000	71884.105000	17812	32
node1.planetlab.albany.edu_planetlab2.cs.cornell.edu_18553 4	71936.944000	0.032000	0.031000	0.000000	71937.007000	17813	32
node1.planetlab.albany.edu_planetlab2.cs.cornell.edu_18556 4	71990.487000	0.083000	0.025000	0.000000	71990.595000	17815	32
pl1.rcc.uottawa.ca_planetlab2.cs.cornell.edu_12271 3	11377.456000	60757.659000	0.023000	0.000000	72135.138000	17823	0
node1.planetlab.albany.edu_planetlab2.cs.cornell.edu_18559 4	72204.645000	0.035000	0.034000	0.000000	72204.714000	17825	32
node1.planetlab.albany.edu_planetlab2.cs.cornell.edu_18564 4	72318.186000	0.090000	0.033000	0.000000	72318.309000	17828	32
node1.planetlab.albany.edu_planetlab2.cs.cornell.edu_18568 4	72440.011000	0.246000	0.034000	0.000000	72440.291000	17829	32
node1.planetlab.albany.edu_planetlab2.cs.cornell.edu_18570 4	72500.429000	0.033000	0.029000	0.000000	72500.491000	17831	32
pl1.rcc.uottawa.ca_planetlab2.cs.cornell.edu_12375 3	11522.116000	61000.362000	0.015000	0.000000	72522.493000	17832	0
node1.planetlab.albany.edu_planetlab2.cs.cornell.edu_18584 4	73221.694000	0.037000	0.048000	0.000000	73221.779000	17837	32
node1.planetlab.albany.edu_planetlab2.cs.cornell.edu_18599 4	74159.391000	0.227000	0.032000	0.000000	74159.650000	17845	32
node1.planetlab.albany.edu_planetlab2.cs.cornell.edu_18624 4	75529.674000	0.222000	0.030000	0.000000	75529.926000	17857	32
pl1.rcc.uottawa.ca_planetlab2.cs.cornell.edu_13191 3	12470.885000	63184.336000	0.031000	0.000000	75655.252000	17859	0
node1.planetlab.albany.edu_planetlab2.cs.cornell.edu_18626 4	75745.021000	0.035000	0.034000	0.000000	75745.090000	17860	32
node1.planetlab.albany.edu_planetlab2.cs.cornell.edu_18629 4	75812.165000	0.030000	0.027000	0.000000	75812.222000	17861	32
node1.planetlab.albany.edu_planetlab2.cs.cornell.edu_18633 4	76110.602000	0.088000	0.026000	0.000000	76110.716000	17863	32
pl1.rcc.uottawa.ca_planetlab2.cs.cornell.edu_13353 3	12694.135000	63509.393000	0.022000	0.000000	76203.550000	17867	0
node1.planetlab.albany.edu_planetlab2.cs.cornell.edu_18637 4	76246.861000	0.033000	0.038000	0.000000	76246.932000	17869	32
node1.planetlab.albany.edu_planetlab2.cs.cornell.edu_18647 4	76593.029000	0.038000	0.036000	0.000000	76593.103000	17877	32
pl1.rcc.uottawa.ca_planetlab2.cs.cornell.edu_13588 3	13050.123000	63852.766000	0.028000	0.000000	76902.917000	17885	0
pl1.rcc.uottawa.ca_planetlab2.cs.cornell.edu_13711 3	13171.114000	64133.666000	0.026000	0.000000	77304.806000	17889	0
pl1.rcc.uottawa.ca_planetlab2.cs.cornell.edu_13789 3	13243.224000	64394.142000	0.022000	0.000000	77637.388000	17890	0
pl1.rcc.uottawa.ca_planetlab2.cs.cornell.edu_13816 3	13267.155000	64484.337000	0.033000	0.000000	77751.525000	17891	0
pl1.rcc.uottawa.ca_planetlab2.cs.cornell.edu_13960 3	13407.104000	64895.191000	0.020000	0.000000	78302.315000	17895	0
node1.planetlab.albany.edu_planetlab2.cs.cornell.edu_18676 4	78361.227000	0.032000	0.033000	0.000000	78361.292000	17893	32
planetlab4.wail.wisc.edu_planetlab2.cs.cornell.edu_12115 4	51841.221000	26613.064000	0.033000	0.000000	78454.318000	17656	16
pl1.rcc.uottawa.ca_planetlab2.cs.cornell.edu_14135 3	13590.543000	65424.671000	0.019000	0.000000	79015.233000	17899	0
node1.planetlab.albany.edu_planetlab2.cs.cornell.edu_18723 4	79461.540000	0.030000	0.029000	0.000000	79461.599000	17904	32
pl1.rcc.uottawa.ca_planetlab2.cs.cornell.edu_14282 3	13801.565000	65937.556000	0.020000	0.000000	79739.141000	17907	0
pl1.rcc.uottawa.ca_planetlab2.cs.cornell.edu_14457 3	14067.474000	66402.295000	0.028000	0.000000	80469.797000	17920	0
pl1.rcc.uottawa.ca_planetlab2.cs.cornell.edu_14474 3	14097.157000	66420.886000	0.024000	0.000000	80518.067000	17921	0
pl1.rcc.uottawa.ca_planetlab2.cs.cornell.edu_14488 3	14113.507000	66428.731000	0.852000	0.000000	80543.090000	17923	0
pl1.rcc.uottawa.ca_planetlab2.cs.cornell.edu_14518 3	14169.743000	66483.137000	0.047000	0.000000	80652.927000	17928	0
pl1.rcc.uottawa.ca_planetlab2.cs.cornell.edu_14527 3	14179.585000	66487.907000	0.025000	0.000000	80667.517000	17929	0
pl1.rcc.uottawa.ca_planetlab2.cs.cornell.edu_14547 3	14211.777000	66507.318000	0.025000	0.000000	80719.120000	17931	0
pl1.rcc.uottawa.ca_planetlab2.cs.cornell.edu_14602 3	14353.449000	66521.455000	0.023000	0.000000	80874.927000	17933	0
planetlab4.wail.wisc.edu_planetlab2.cs.cornell.edu_12329 4	61789.828000	19126.076000	0.243000	0.000000	80916.147000	17680	16
pl1.rcc.uottawa.ca_planetlab2.cs.cornell.edu_14678 3	14478.794000	66601.071000	0.029000	0.000000	81079.894000	17942	0
pl1.rcc.uottawa.ca_planetlab2.cs.cornell.edu_14704 3	14528.077000	66612.558000	0.044000	0.000000	81140.679000	17945	0
pl1.rcc.uottawa.ca_planetlab2.cs.cornell.edu_14817 3	14736.034000	66750.193000	0.023000	0.000000	81486.250000	17953	0
pl1.rcc.uottawa.ca_planetlab2.cs.cornell.edu_14826 3	14751.447000	66752.748000	0.030000	0.000000	81504.225000	17954	0
pl1.rcc.uottawa.ca_planetlab2.cs.cornell.edu_14873 3	14811.269000	66837.517000	0.040000	0.000000	81648.826000	17955	0
planetlab4.wail.wisc.edu_planetlab2.cs.cornell.edu_12417 4	65287.723000	16468.567000	0.035000	0.000000	81756.325000	17708	16
pl1.rcc.uottawa.ca_planetlab2.cs.cornell.edu_14923 3	14875.640000	66900.105000	0.021000	0.000000	81775.766000	17959	0
pl1.rcc.uottawa.ca_planetlab2.cs.cornell.edu_14949 3	14924.629000	66922.164000	0.029000	0.000000	81846.822000	17961	0
pl1.rcc.uottawa.ca_planetlab2.cs.cornell.edu_14956 3	14932.619000	66932.747000	0.014000	0.000000	81865.380000	17963	0
planetlab4.wail.wisc.edu_planetlab2.cs.cornell.edu_12462 4	65948.099000	15996.119000	0.035000	0.000000	81944.253000	17728	16
node1.planetlab.albany.edu_planetlab2.cs.cornell.edu_18822 4	82033.149000	0.086000	0.075000	0.000000	82033.310000	17965	32
planetlab4.wail.wisc.edu_planetlab2.cs.cornell.edu_12531 4	67678.216000	14635.519000	0.034000	0.000000	82313.769000	17744	16
planetlab4.wail.wisc.edu_planetlab2.cs.cornell.edu_12533 4	67702.904000	14610.985000	0.029000	0.000000	82313.918000	17745	16
planetlab4.wail.wisc.edu_planetlab2.cs.cornell.edu_12540 4	67925.510000	14425.404000	0.031000	0.000000	82350.945000	17746	16
planetlab4.wail.wisc.edu_planetlab2.cs.cornell.edu_12548 4	67991.004000	14384.531000	0.041000	0.000000	82375.576000	17748	16
planetlab4.wail.wisc.edu_planetlab2.cs.cornell.edu_12562 4	68132.655000	14293.484000	0.032000	0.000000	82426.171000	17752	16
pl1.rcc.uottawa.ca_planetlab2.cs.cornell.edu_15154 3	15230.791000	67297.989000	0.022000	0.000000	82528.802000	17971	0
pl1.rcc.uottawa.ca_planetlab2.cs.cornell.edu_15185 3	15272.872000	67371.354000	0.020000	0.000000	82644.246000	17975	0
pl1.rcc.uottawa.ca_planetlab2.cs.cornell.edu_15220 3	15340.163000	67388.697000	0.026000	0.000000	82728.886000	17980	0
roam2.cs.ou.edu_planetlab2.cs.cornell.edu_9148 5	82734.824000	0.037000	0.033000	0.000000	82734.894000	17974	48
planetlab4.wail.wisc.edu_planetlab2.cs.cornell.edu_12664 4	69351.789000	13447.918000	0.039000	0.000000	82799.746000	17776	16
pl1.rcc.uottawa.ca_planetlab2.cs.cornell.edu_15468 3	15666.033000	67909.600000	0.026000	0.000000	83575.659000	17985	0
pl1.rcc.uottawa.ca_planetlab2.cs.cornell.edu_15503 3	15714.575000	67989.575000	0.022000	0.000000	83704.172000	17986	0
pl1.rcc.uottawa.ca_planetlab2.cs.cornell.edu_15565 3	15773.976000	68087.557000	0.017000	0.000000	83861.550000	17987	0
pl1.rcc.uottawa.ca_planetlab2.cs.cornell.edu_15609 3	15827.072000	68169.022000	0.019000	0.000000	83996.113000	17991	0
pl1.rcc.uottawa.ca_planetlab2.cs.cornell.edu_15701 3	15946.819000	68338.167000	0.028000	0.000000	84285.014000	17993	0
pl1.rcc.uottawa.ca_planetlab2.cs.cornell.edu_15713 3	15960.758000	68353.958000	0.021000	0.000000	84314.737000	17995	0
node1.planetlab.albany.edu_planetlab2.cs.cornell.edu_18952 4	84758.667000	0.039000	0.031000	0.000000	84758.737000	17807	32
pl1.rcc.uottawa.ca_planetlab2.cs.cornell.edu_15899 3	16220.258000	68682.253000	0.026000	0.000000	84902.537000	18003	0
node1.planetlab.albany.edu_planetlab2.cs.cornell.edu_18969 4	85089.946000	0.075000	0.038000	0.000000	85090.059000	17821	32
planetlab4.wail.wisc.edu_planetlab2.cs.cornell.edu_13239 4	74189.491000	11063.129000	0.023000	0.000000	85252.643000	17843	16
pl1.rcc.uottawa.ca_planetlab2.cs.cornell.edu_15997 3	16339.936000	68933.089000	0.058000	0.000000	85273.083000	17827	0
pl1.rcc.uottawa.ca_planetlab2.cs.cornell.edu_16017 3	16358.973000	68983.809000	0.032000	0.000000	85342.814000	18012	0
pl1.rcc.uottawa.ca_planetlab2.cs.cornell.edu_16040 3	16378.015000	69056.670000	0.024000	0.000000	85434.709000	18016	0
pl1.rcc.uottawa.ca_planetlab2.cs.cornell.edu_16064 3	16412.464000	69101.162000	0.028000	0.000000	85513.654000	18017	0
pl1.rcc.uottawa.ca_planetlab2.cs.cornell.edu_16074 3	16427.579000	69119.254000	0.044000	0.000000	85546.877000	18018	0
pl1.rcc.uottawa.ca_planetlab2.cs.cornell.edu_16079 3	16441.941000	69110.191000	0.038000	0.000000	85552.170000	18019	0
pl1.rcc.uottawa.ca_planetlab2.cs.cornell.edu_16086 3	16443.887000	69127.875000	0.017000	0.000000	85571.779000	18021	0
pl1.rcc.uottawa.ca_planetlab2.cs.cornell.edu_16089 3	16446.778000	69130.152000	0.025000	0.000000	85576.955000	18022	0
pl1.rcc.uottawa.ca_planetlab2.cs.cornell.edu_16109 3	16469.695000	69146.195000	0.043000	0.000000	85615.933000	18023	0
pl1.rcc.uottawa.ca_planetlab2.cs.cornell.edu_16139 3	16511.266000	69189.877000	0.025000	0.000000	85701.168000	18025	0
pl1.rcc.uottawa.ca_planetlab2.cs.cornell.edu_16144 3	16518.346000	69207.596000	0.023000	0.000000	85725.965000	18027	0
pl1.rcc.uottawa.ca_planetlab2.cs.cornell.edu_16148 3	16524.242000	69213.002000	0.016000	0.000000	85737.260000	18026	0
pl1.rcc.uottawa.ca_planetlab2.cs.cornell.edu_16158 3	16533.560000	69225.390000	0.027000	0.000000	85758.977000	18028	0
pl1.rcc.uottawa.ca_planetlab2.cs.cornell.edu_16180 3	16561.456000	69253.417000	0.018000	0.000000	85814.891000	18031	0
pl1.rcc.uottawa.ca_planetlab2.cs.cornell.edu_16185 3	16569.685000	69257.927000	0.023000	0.000000	85827.635000	18033	0
pl1.rcc.uottawa.ca_planetlab2.cs.cornell.edu_16190 3	16575.151000	69260.711000	0.017000	0.000000	85835.879000	18034	0
pl1.rcc.uottawa.ca_planetlab2.cs.cornell.edu_16205 3	16596.487000	69271.426000	0.033000	0.000000	85867.946000	18035	0
pl1.rcc.uottawa.ca_planetlab2.cs.cornell.edu_16220 3	16609.157000	69290.313000	0.015000	0.000000	85899.485000	18036	0
pl1.rcc.uottawa.ca_planetlab2.cs.cornell.edu_16272 3	16681.131000	69371.677000	0.028000	0.000000	86052.836000	18037	0
pl1.rcc.uottawa.ca_planetlab2.cs.cornell.edu_16281 3	16690.584000	69387.145000	0.025000	0.000000	86077.754000	18039	0
pl1.rcc.uottawa.ca_planetlab2.cs.cornell.edu_16293 3	16712.461000	69390.437000	0.036000	0.000000	86102.934000	18040	0
pl1.rcc.uottawa.ca_planetlab2.cs.cornell.edu_16298 3	16728.497000	69380.203000	0.023000	0.000000	86108.723000	18043	0
pl1.rcc.uottawa.ca_planetlab2.cs.cornell.edu_16302 3	16733.168000	69387.509000	0.018000	0.000000	86120.695000	18044	0
pl1.rcc.uottawa.ca_planetlab2.cs.cornell.edu_16305 3	16735.162000	69392.578000	0.019000	0.000000	86127.759000	18045	0
pl1.rcc.uottawa.ca_planetlab2.cs.cornell.edu_16328 3	16756.180000	69416.989000	0.033000	0.000000	86173.202000	18046	0
pl1.rcc.uottawa.ca_planetlab2.cs.cornell.edu_16352 3	16774.491000	69472.072000	0.022000	0.000000	86246.585000	18049	0
pl1.rcc.uottawa.ca_planetlab2.cs.cornell.edu_16358 3	16777.693000	69476.848000	0.014000	0.000000	86254.555000	18050	0
pl1.rcc.uottawa.ca_planetlab2.cs.cornell.edu_16367 3	16798.156000	69481.190000	0.031000	0.000000	86279.377000	18051	0
node1.planetlab.albany.edu_planetlab2.cs.cornell.edu_19035 4	86312.837000	0.031000	0.032000	0.000000	86312.900000	18053	32
pl1.rcc.uottawa.ca_planetlab2.cs.cornell.edu_16386 3	16819.622000	69499.227000	0.024000	0.000000	86318.873000	18054	0
pl1.rcc.uottawa.ca_planetlab2.cs.cornell.edu_16398 3	16840.802000	69501.979000	0.018000	0.000000	86342.799000	18055	0
planetlab4.wail.wisc.edu_planetlab2.cs.cornell.edu_13462 4	75961.700000	10393.702000	0.050000	0.000000	86355.452000	17862	16
pl1.rcc.uottawa.ca_planetlab2.cs.cornell.edu_16413 3	16855.775000	69513.648000	0.025000	0.000000	86369.448000	18057	0
pl1.rcc.uottawa.ca_planetlab2.cs.cornell.edu_16415 3	16861.205000	69520.811000	0.028000	0.000000	86382.044000	18059	0
pl1.rcc.uottawa.ca_planetlab2.cs.cornell.edu_16469 3	16944.373000	69555.269000	0.020000	0.000000	86499.662000	18066	0
pl1.rcc.uottawa.ca_planetlab2.cs.cornell.edu_16492 3	16972.578000	69579.453000	0.116000	0.000000	86552.147000	18067	0
pl1.rcc.uottawa.ca_planetlab2.cs.cornell.edu_16498 3	16985.664000	69586.062000	0.023000	0.000000	86571.749000	18068	0
pl1.rcc.uottawa.ca_planetlab2.cs.cornell.edu_16513 3	17019.561000	69592.464000	0.023000	0.000000	86612.048000	18070	0
pl1.rcc.uottawa.ca_planetlab2.cs.cornell.edu_16522 3	17029.953000	69606.841000	0.026000	0.000000	86636.820000	18071	0
planetlab4.wail.wisc.edu_planetlab2.cs.cornell.edu_13542 4	76354.438000	10292.508000	0.026000	0.000000	86646.972000	17872	16
pl1.rcc.uottawa.ca_planetlab2.cs.cornell.edu_16554 3	17077.822000	69626.430000	0.022000	0.000000	86704.274000	18078	0
pl1.rcc.uottawa.ca_planetlab2.cs.cornell.edu_16559 3	17079.448000	69643.352000	0.019000	0.000000	86722.819000	18079	0
pl1.rcc.uottawa.ca_planetlab2.cs.cornell.edu_16575 3	17100.853000	69659.520000	0.020000	0.000000	86760.393000	18080	0
pl1.rcc.uottawa.ca_planetlab2.cs.cornell.edu_16599 3	17138.537000	69675.086000	0.022000	0.000000	86813.645000	18081	0
pl1.rcc.uottawa.ca_planetlab2.cs.cornell.edu_16603 3	17142.766000	69673.733000	0.019000	0.000000	86816.518000	18083	0
pl1.rcc.uottawa.ca_planetlab2.cs.cornell.edu_16626 3	17170.138000	69715.250000	0.023000	0.000000	86885.411000	18085	0
pl1.rcc.uottawa.ca_planetlab2.cs.cornell.edu_16634 3	17180.372000	69729.743000	0.027000	0.000000	86910.142000	18086	0
pl1.rcc.uottawa.ca_planetlab2.cs.cornell.edu_16645 3	17189.190000	69748.173000	0.018000	0.000000	86937.381000	18087	0
pl1.rcc.uottawa.ca_planetlab2.cs.cornell.edu_16652 3	17194.483000	69756.392000	0.013000	0.000000	86950.888000	18088	0
pl1.rcc.uottawa.ca_planetlab2.cs.cornell.edu_16678 3	17223.771000	69786.195000	0.020000	0.000000	87009.986000	18089	0
pl1.rcc.uottawa.ca_planetlab2.cs.cornell.edu_16689 3	17230.886000	69807.590000	0.019000	0.000000	87038.495000	18090	0
pl1.rcc.uottawa.ca_planetlab2.cs.cornell.edu_16694 3	17236.341000	69814.895000	0.255000	0.000000	87051.491000	18091	0
pl1.rcc.uottawa.ca_planetlab2.cs.cornell.edu_16725 3	17279.110000	69832.325000	0.026000	0.000000	87111.461000	18097	0
pl1.rcc.uottawa.ca_planetlab2.cs.cornell.edu_16727 3	17279.566000	69832.337000	0.014000	0.000000	87111.917000	18098	0
pl1.rcc.uottawa.ca_planetlab2.cs.cornell.edu_16742 3	17306.207000	69848.607000	0.024000	0.000000	87154.838000	18099	0
pl1.rcc.uottawa.ca_planetlab2.cs.cornell.edu_16746 3	17308.360000	69849.553000	0.019000	0.000000	87157.932000	18102	0
pl1.rcc.uottawa.ca_planetlab2.cs.cornell.edu_16778 3	17356.684000	69883.854000	0.024000	0.000000	87240.562000	18103	0
pl1.rcc.uottawa.ca_planetlab2.cs.cornell.edu_16808 3	17404.173000	69979.610000	0.029000	0.000000	87383.812000	18107	0
pl1.rcc.uottawa.ca_planetlab2.cs.cornell.edu_16829 3	17438.509000	69993.946000	0.031000	0.000000	87432.486000	18112	0
pl1.rcc.uottawa.ca_planetlab2.cs.cornell.edu_16848 3	17479.038000	70045.455000	0.027000	0.000000	87524.520000	18114	0
pl1.rcc.uottawa.ca_planetlab2.cs.cornell.edu_16850 3	17481.494000	70065.609000	0.022000	0.000000	87547.125000	18115	0
pl1.rcc.uottawa.ca_planetlab2.cs.cornell.edu_16874 3	17524.494000	70110.609000	0.032000	0.000000	87635.135000	18117	0
pl1.rcc.uottawa.ca_planetlab2.cs.cornell.edu_16882 3	17534.905000	70125.396000	0.027000	0.000000	87660.328000	18082	0
pl1.rcc.uottawa.ca_planetlab2.cs.cornell.edu_16904 3	17572.657000	70153.379000	0.028000	0.000000	87726.064000	18118	0
pl1.rcc.uottawa.ca_planetlab2.cs.cornell.edu_16912 3	17577.385000	70173.468000	0.029000	0.000000	87750.882000	18119	0
pl1.rcc.uottawa.ca_planetlab2.cs.cornell.edu_16934 3	17614.344000	70229.763000	0.020000	0.000000	87844.127000	18121	0
pl1.rcc.uottawa.ca_planetlab2.cs.cornell.edu_16956 3	17647.270000	70266.516000	0.039000	0.000000	87913.825000	18123	0
pl1.rcc.uottawa.ca_planetlab2.cs.cornell.edu_16987 3	17694.572000	70374.396000	0.020000	0.000000	88068.988000	18127	0
pl1.rcc.uottawa.ca_planetlab2.cs.cornell.edu_17003 3	17731.993000	70383.627000	0.053000	0.000000	88115.673000	18129	0
pl1.rcc.uottawa.ca_planetlab2.cs.cornell.edu_17005 3	17733.906000	70382.005000	0.021000	0.000000	88115.932000	18130	0
pl1.rcc.uottawa.ca_planetlab2.cs.cornell.edu_17019 3	17756.617000	70399.349000	0.023000	0.000000	88155.989000	18131	0
pl1.rcc.uottawa.ca_planetlab2.cs.cornell.edu_17029 3	17776.562000	70423.657000	0.025000	0.000000	88200.244000	18134	0
pl1.rcc.uottawa.ca_planetlab2.cs.cornell.edu_17057 3	17816.455000	70508.821000	0.019000	0.000000	88325.295000	18135	0
pl1.rcc.uottawa.ca_planetlab2.cs.cornell.edu_17059 3	17818.080000	70526.748000	0.041000	0.000000	88344.869000	18139	0
pl1.rcc.uottawa.ca_planetlab2.cs.cornell.edu_17075 3	17850.121000	70548.472000	0.019000	0.000000	88398.612000	18141	0
pl1.rcc.uottawa.ca_planetlab2.cs.cornell.edu_17081 3	17858.551000	70585.737000	0.025000	0.000000	88444.313000	18144	0
pl1.rcc.uottawa.ca_planetlab2.cs.cornell.edu_17092 3	17886.829000	70629.761000	0.026000	0.000000	88516.616000	18145	0
pl1.rcc.uottawa.ca_planetlab2.cs.cornell.edu_17095 3	17891.755000	70625.080000	0.029000	0.000000	88516.864000	18146	0
pl1.rcc.uottawa.ca_planetlab2.cs.cornell.edu_17128 3	17965.627000	70679.313000	0.025000	0.000000	88644.965000	18147	0
pl1.rcc.uottawa.ca_planetlab2.cs.cornell.edu_17163 3	18048.201000	70713.128000	0.028000	0.000000	88761.357000	18148	0
pl1.rcc.uottawa.ca_planetlab2.cs.cornell.edu_17166 3	18051.006000	70723.775000	0.029000	0.000000	88774.810000	18150	0
pl1.rcc.uottawa.ca_planetlab2.cs.cornell.edu_17169 3	18061.761000	70738.071000	0.041000	0.000000	88799.873000	18149	0
pl1.rcc.uottawa.ca_planetlab2.cs.cornell.edu_17176 3	18074.581000	70746.830000	0.031000	0.000000	88821.442000	18122	0
planetlab4.wail.wisc.edu_planetlab2.cs.cornell.edu_14229 4	81037.685000	7796.047000	0.032000	0.000000	88833.764000	17936	16
planetlab4.wail.wisc.edu_planetlab2.cs.cornell.edu_14253 4	81243.882000	7637.321000	0.040000	0.000000	88881.243000	17947	16
pl1.rcc.uottawa.ca_planetlab2.cs.cornell.edu_17217 3	18144.012000	70836.817000	0.031000	0.000000	88980.860000	18151	0
pl1.rcc.uottawa.ca_planetlab2.cs.cornell.edu_17249 3	18191.580000	70912.760000	0.035000	0.000000	89104.375000	18152	0
pl1.rcc.uottawa.ca_planetlab2.cs.cornell.edu_17254 3	18199.942000	70929.294000	0.024000	0.000000	89129.260000	18153	0
pl1.rcc.uottawa.ca_planetlab2.cs.cornell.edu_17257 3	18207.021000	70938.791000	0.026000	0.000000	89145.838000	18154	0
pl1.rcc.uottawa.ca_planetlab2.cs.cornell.edu_17265 3	18218.890000	70951.623000	0.022000	0.000000	89170.535000	18155	0
pl1.rcc.uottawa.ca_planetlab2.cs.cornell.edu_17319 3	18347.289000	71019.728000	0.023000	0.000000	89367.040000	18157	0
pl1.rcc.uottawa.ca_planetlab2.cs.cornell.edu_17323 3	18359.900000	71023.199000	0.038000	0.000000	89383.137000	18158	0
pl1.rcc.uottawa.ca_planetlab2.cs.cornell.edu_17334 3	18404.669000	71008.206000	0.017000	0.000000	89412.892000	18159	0
pl1.rcc.uottawa.ca_planetlab2.cs.cornell.edu_17336 3	18410.437000	71005.194000	0.028000	0.000000	89415.659000	18160	0
pl1.rcc.uottawa.ca_planetlab2.cs.cornell.edu_17348 3	18444.584000	71010.274000	0.019000	0.000000	89454.877000	18161	0
pl1.rcc.uottawa.ca_planetlab2.cs.cornell.edu_17364 3	18479.871000	71037.715000	0.025000	0.000000	89517.611000	18162	0
pl1.rcc.uottawa.ca_planetlab2.cs.cornell.edu_17376 3	18508.857000	71054.536000	0.020000	0.000000	89563.413000	18163	0
pl1.rcc.uottawa.ca_planetlab2.cs.cornell.edu_17387 3	18535.485000	71059.108000	0.029000	0.000000	89594.622000	18165	0
planetlab4.wail.wisc.edu_planetlab2.cs.cornell.edu_14473 4	83467.810000	6224.324000	0.032000	0.000000	89692.166000	17984	16
pl1.rcc.uottawa.ca_planetlab2.cs.cornell.edu_17419 3	18606.427000	71097.062000	0.028000	0.000000	89703.517000	18166	0
pl1.rcc.uottawa.ca_planetlab2.cs.cornell.edu_17441 3	18670.143000	71104.770000	0.048000	0.000000	89774.961000	18167	0
pl1.rcc.uottawa.ca_planetlab2.cs.cornell.edu_17486 3	18743.207000	71192.589000	0.020000	0.000000	89935.816000	18169	0
planetlab4.wail.wisc.edu_planetlab2.cs.cornell.edu_14608 4	84803.914000	5294.458000	0.030000	0.000000	90098.402000	18000	16
planetlab4.wail.wisc.edu_planetlab2.cs.cornell.edu_14613 4	84913.811000	5199.323000	0.037000	0.000000	90113.171000	18001	16
planetlab4.wail.wisc.edu_planetlab2.cs.cornell.edu_14615 4	84926.329000	5190.865000	0.022000	0.000000	90117.216000	18002	16
planetlab4.wail.wisc.edu_planetlab2.cs.cornell.edu_14627 4	85037.699000	5116.355000	0.031000	0.000000	90154.085000	18004	16
planetlab4.wail.wisc.edu_planetlab2.cs.cornell.edu_14640 4	85238.694000	4957.187000	0.038000	0.000000	90195.919000	18008	16
planetlab4.wail.wisc.edu_planetlab2.cs.cornell.edu_14675 4	85853.767000	4515.453000	0.035000	0.000000	90369.255000	18030	16
planetlab4.wail.wisc.edu_planetlab2.cs.cornell.edu_14679 4	85878.465000	4501.868000	0.031000	0.000000	90380.364000	18032	16
planetlab4.wail.wisc.edu_planetlab2.cs.cornell.edu_14714 4	86362.308000	4180.535000	0.035000	0.000000	90542.878000	18052	16
planetlab4.wail.wisc.edu_planetlab2.cs.cornell.edu_14817 4	88146.797000	2771.536000	0.036000	0.000000	90918.369000	18128	16
planetlab1.cs.uiuc.edu_planetlab2.cs.cornell.edu_7982 2	3352.972000	91206.909000	0.022000	0.000000	94559.903000	17670	128
planetlab1.cs.uiuc.edu_planetlab2.cs.cornell.edu_7983 2	3353.354000	91213.334000	0.016000	0.000000	94566.704000	17674	128
planetlab1.cs.uiuc.edu_planetlab2.cs.cornell.edu_7984 2	3361.442000	91216.402000	0.019000	0.000000	94577.863000	17676	128
planetlab1.cs.uiuc.edu_planetlab2.cs.cornell.edu_7996 2	3385.169000	91263.011000	0.022000	0.000000	94648.202000	17678	128
planetlab1.cs.uiuc.edu_planetlab2.cs.cornell.edu_7997 2	3382.255000	91269.920000	0.017000	0.000000	94652.192000	17679	128
planetlab1.cs.uiuc.edu_planetlab2.cs.cornell.edu_7998 2	3396.685000	91287.097000	0.018000	0.000000	94683.800000	17694	128
planetlab1.cs.uiuc.edu_planetlab2.cs.cornell.edu_8000 2	3428.741000	91333.088000	0.019000	0.000000	94761.848000	17710	128
planetlab1.cs.uiuc.edu_planetlab2.cs.cornell.edu_8003 2	3472.023000	91399.628000	1.172000	0.000000	94872.823000	17742	128
planetlab1.cs.uiuc.edu_planetlab2.cs.cornell.edu_8005 2	3585.581000	91505.346000	0.019000	0.000000	95090.946000	17778	128
planetlab1.cs.uiuc.edu_planetlab2.cs.cornell.edu_8065 2	3684.197000	92262.892000	0.023000	0.000000	95947.112000	17806	128
planetlab1.cs.uiuc.edu_planetlab2.cs.cornell.edu_8066 2	3727.715000	92261.817000	0.019000	0.000000	95989.551000	17816	128
pl1.rcc.uottawa.ca_planetlab2.cs.cornell.edu_19334 3	25226.766000	71519.166000	0.028000	0.000000	96745.960000	18095	0
planetlab7.flux.utah.edu_planetlab2.cs.cornell.edu_2521 5	96926.936000	0.032000	0.029000	0.000000	96926.997000	17983	1536
planetlab7.flux.utah.edu_planetlab2.cs.cornell.edu_2523 5	96927.162000	24.395000	0.016000	0.000000	96951.573000	17994	1536
planetlab7.flux.utah.edu_planetlab2.cs.cornell.edu_2525 5	96945.828000	15.924000	0.020000	0.000000	96961.772000	18133	1536
planetlab7.flux.utah.edu_planetlab2.cs.cornell.edu_2528 5	96954.940000	18.911000	0.022000	0.000000	96973.873000	18177	1536
pl1.rcc.uottawa.ca_planetlab2.cs.cornell.edu_19463 3	25386.828000	71753.813000	0.038000	0.000000	97140.679000	18172	0
pl1.rcc.uottawa.ca_planetlab2.cs.cornell.edu_19497 3	25430.304000	71876.259000	0.103000	0.000000	97306.666000	18113	0
pl1.rcc.uottawa.ca_planetlab2.cs.cornell.edu_19576 3	25524.565000	72035.855000	0.098000	0.000000	97560.518000	18175	0
planetlab4.wail.wisc.edu_planetlab2.cs.cornell.edu_15895 4	97734.935000	0.256000	0.037000	0.000000	97735.228000	18176	16
pl1.rcc.uottawa.ca_planetlab2.cs.cornell.edu_19820 3	25847.198000	72581.684000	0.037000	0.000000	98428.919000	18185	0
planetlab4.wail.wisc.edu_planetlab2.cs.cornell.edu_16025 4	98880.910000	0.028000	0.024000	0.000000	98880.962000	18192	16
planetlab4.wail.wisc.edu_planetlab2.cs.cornell.edu_16035 4	98968.877000	0.102000	0.033000	0.000000	98969.012000	18193	16
planetlab4.wail.wisc.edu_planetlab2.cs.cornell.edu_16039 4	98986.216000	0.092000	0.023000	0.000000	98986.331000	18194	16
planetlab4.wail.wisc.edu_planetlab2.cs.cornell.edu_16045 4	99020.026000	0.738000	0.034000	0.000000	99020.798000	18196	16
pl1.rcc.uottawa.ca_planetlab2.cs.cornell.edu_19997 3	26057.067000	72969.853000	0.017000	0.000000	99026.937000	18199	0
planetlab4.wail.wisc.edu_planetlab2.cs.cornell.edu_16059 4	99106.974000	0.267000	0.036000	0.000000	99107.277000	18200	16
node1.planetlab.albany.edu_planetlab2.cs.cornell.edu_19684 4	98070.131000	1091.625000	0.021000	0.000000	99161.777000	18181	32
node1.planetlab.albany.edu_planetlab2.cs.cornell.edu_19708 4	98937.994000	446.823000	0.032000	0.000000	99384.849000	18195	32
pl1.rcc.uottawa.ca_planetlab2.cs.cornell.edu_20104 3	26219.599000	73199.731000	0.028000	0.000000	99419.358000	18170	0
pl1.rcc.uottawa.ca_planetlab2.cs.cornell.edu_20107 3	26227.420000	73203.208000	0.020000	0.000000	99430.648000	18171	0
pl1.rcc.uottawa.ca_planetlab2.cs.cornell.edu_20146 3	26288.641000	73275.078000	0.024000	0.000000	99563.743000	18211	0
planetlab1.cs.uiuc.edu_planetlab2.cs.cornell.edu_8230 2	4936.810000	95409.951000	0.024000	0.000000	100346.785000	17901	128
planetlab1.cs.uiuc.edu_planetlab2.cs.cornell.edu_8238 2	5361.449000	96977.187000	0.022000	0.000000	102338.658000	17926	128
planetlab1.cs.uiuc.edu_planetlab2.cs.cornell.edu_8239 2	5452.925000	97165.891000	0.027000	0.000000	102618.843000	17930	128
planetlab1.cs.uiuc.edu_planetlab2.cs.cornell.edu_8241 2	5523.255000	97181.169000	0.022000	0.000000	102704.446000	17932	128
planetlab1.cs.uiuc.edu_planetlab2.cs.cornell.edu_8242 2	5564.647000	97187.272000	0.019000	0.000000	102751.938000	17934	128
planetlab1.cs.uiuc.edu_planetlab2.cs.cornell.edu_8243 2	5566.346000	97193.027000	0.016000	0.000000	102759.389000	17935	128
planetlab1.cs.uiuc.edu_planetlab2.cs.cornell.edu_8244 2	5770.474000	97386.688000	0.034000	0.000000	103157.196000	17950	128
planetlab1.cs.uiuc.edu_planetlab2.cs.cornell.edu_8246 2	6035.868000	97513.924000	0.030000	0.000000	103549.822000	17966	128
planetlab1.cs.uiuc.edu_planetlab2.cs.cornell.edu_8247 2	6067.111000	97546.854000	0.020000	0.000000	103613.985000	17968	128
planetlab1.cs.uiuc.edu_planetlab2.cs.cornell.edu_8251 2	6421.754000	98436.502000	0.031000	0.000000	104858.287000	17989	128
planetlab1.cs.uiuc.edu_planetlab2.cs.cornell.edu_8255 2	6623.597000	98695.409000	0.030000	0.000000	105319.036000	17998	128
planetlab1.cs.uiuc.edu_planetlab2.cs.cornell.edu_8260 2	7089.994000	99260.858000	0.024000	0.000000	106350.876000	18062	128
planetlab1.cs.uiuc.edu_planetlab2.cs.cornell.edu_8267 2	7612.990000	100945.709000	0.024000	0.000000	108558.723000	18138	128
planetlab1.cs.uiuc.edu_planetlab2.cs.cornell.edu_8309 2	10609.296000	102057.550000	0.019000	0.000000	112666.865000	18178	128
planetlab1.cs.uiuc.edu_planetlab2.cs.cornell.edu_8310 2	10623.578000	102049.085000	0.016000	0.000000	112672.679000	18180	128
planetlab1.cs.uiuc.edu_planetlab2.cs.cornell.edu_8314 2	10734.023000	102114.529000	0.026000	0.000000	112848.578000	18182	128
planetlab1.cs.uiuc.edu_planetlab2.cs.cornell.edu_8315 2	10756.344000	102123.350000	0.018000	0.000000	112879.712000	18183	128
planetlab1.cs.uiuc.edu_planetlab2.cs.cornell.edu_8318 2	10825.558000	102162.944000	0.022000	0.000000	112988.524000	18184	128
planetlab1.cs.uiuc.edu_planetlab2.cs.cornell.edu_8319 2	10871.659000	102213.303000	0.019000	0.000000	113084.981000	18186	128
planetlab1.cs.uiuc.edu_planetlab2.cs.cornell.edu_8320 2	10894.449000	102227.438000	0.019000	0.000000	113121.906000	18187	128
planetlab1.cs.uiuc.edu_planetlab2.cs.cornell.edu_8324 2	10938.528000	102269.266000	0.031000	0.000000	113207.825000	18188	128
planetlab1.cs.uiuc.edu_planetlab2.cs.cornell.edu_8327 2	10991.293000	102298.387000	0.022000	0.000000	113289.702000	18189	128
planetlab1.cs.uiuc.edu_planetlab2.cs.cornell.edu_8328 2	10993.824000	102313.427000	0.019000	0.000000	113307.270000	18190	128
planetlab1.cs.uiuc.edu_planetlab2.cs.cornell.edu_8329 2	11034.985000	102321.957000	0.020000	0.000000	113356.962000	18191	128
planetlab1.cs.uiuc.edu_planetlab2.cs.cornell.edu_8330 2	11104.752000	102339.876000	0.031000	0.000000	113444.659000	18198	128
planetlab1.cs.uiuc.edu_planetlab2.cs.cornell.edu_8335 2	11175.438000	102373.256000	0.022000	0.000000	113548.716000	18202	128
planetlab1.cs.uiuc.edu_planetlab2.cs.cornell.edu_8336 2	11235.618000	102322.919000	0.018000	0.000000	113558.555000	18204	128
planetlab1.cs.uiuc.edu_planetlab2.cs.cornell.edu_8338 2	11315.252000	102256.373000	0.019000	0.000000	113571.644000	18206	128
planetlab1.cs.uiuc.edu_planetlab2.cs.cornell.edu_8339 2	11330.220000	102244.057000	0.016000	0.000000	113574.293000	18207	128
planetlab01.sys.virginia.edu_planetlab2.cs.cornell.edu_3598 3	95298.728000	81981.485000	0.058000	0.000000	177280.271000	17597	144
planetlab01.sys.virginia.edu_planetlab2.cs.cornell.edu_3883 3	104723.484000	76596.248000	0.053000	0.000000	181319.785000	17981	144
planetlab01.sys.virginia.edu_planetlab2.cs.cornell.edu_3970 3	107552.909000	75145.038000	0.073000	0.000000	182698.020000	18077	144
planetlab01.sys.virginia.edu_planetlab2.cs.cornell.edu_3995 3	108599.931000	74423.801000	0.031000	0.000000	183023.763000	18093	144
planetlab01.sys.virginia.edu_planetlab2.cs.cornell.edu_3998 3	108544.808000	74504.934000	0.062000	0.000000	183049.804000	18101	144
planetlab01.sys.virginia.edu_planetlab2.cs.cornell.edu_4005 3	108732.700000	74403.812000	0.031000	0.000000	183136.543000	18105	144
planetlab01.sys.virginia.edu_planetlab2.cs.cornell.edu_4007 3	108781.296000	74475.244000	0.027000	0.000000	183256.567000	18108	144
planetlab01.sys.virginia.edu_planetlab2.cs.cornell.edu_4010 3	108870.491000	74386.178000	0.087000	0.000000	183256.756000	18109	144
planetlab01.sys.virginia.edu_planetlab2.cs.cornell.edu_4012 3	108875.658000	74381.152000	0.077000	0.000000	183256.887000	18111	144
planetlab01.sys.virginia.edu_planetlab2.cs.cornell.edu_4076 3	113186.744000	70756.597000	0.053000	0.000000	183943.394000	18173	144
planetlab4.rutgers.edu_planetlab2.cs.cornell.edu_8987 4	221460.376000	0.031000	0.026000	0.000000	221460.433000	17726	1024
planetlab4.rutgers.edu_planetlab2.cs.cornell.edu_9001 4	221498.123000	0.025000	0.025000	0.000000	221498.173000	17741	1024
planetlab4.rutgers.edu_planetlab2.cs.cornell.edu_9022 4	221573.344000	0.072000	0.027000	0.000000	221573.443000	17758	1024
planetlab4.rutgers.edu_planetlab2.cs.cornell.edu_9030 4	221585.897000	0.112000	0.018000	0.000000	221586.027000	17774	1024
planetlab4.rutgers.edu_planetlab2.cs.cornell.edu_9035 4	221605.794000	0.111000	0.025000	0.000000	221605.930000	17761	1024
planetlab4.rutgers.edu_planetlab2.cs.cornell.edu_9075 4	221756.943000	0.032000	0.032000	0.000000	221757.007000	17786	1024
planetlab4.rutgers.edu_planetlab2.cs.cornell.edu_9078 4	221801.150000	0.149000	0.031000	0.000000	221801.330000	17788	1024
planetlab4.rutgers.edu_planetlab2.cs.cornell.edu_9082 4	221862.323000	0.029000	0.034000	0.000000	221862.386000	17782	1024
planetlab4.rutgers.edu_planetlab2.cs.cornell.edu_9097 4	221992.326000	0.799000	0.034000	0.000000	221993.159000	17791	1024
planetlab4.rutgers.edu_planetlab2.cs.cornell.edu_9101 4	222036.601000	0.033000	0.026000	0.000000	222036.660000	17790	1024
planetlab4.rutgers.edu_planetlab2.cs.cornell.edu_9112 4	222138.337000	0.237000	0.023000	0.000000	222138.597000	17803	1024
planetlab4.rutgers.edu_planetlab2.cs.cornell.edu_9116 4	222162.480000	0.053000	0.020000	0.000000	222162.553000	17822	1024
planetlab4.rutgers.edu_planetlab2.cs.cornell.edu_9150 4	222386.048000	0.032000	0.030000	0.000000	222386.110000	17838	1024
planetlab4.rutgers.edu_planetlab2.cs.cornell.edu_9152 4	222399.369000	0.030000	0.020000	0.000000	222399.419000	17846	1024
planetlab4.rutgers.edu_planetlab2.cs.cornell.edu_9164 4	222440.602000	0.480000	0.032000	0.000000	222441.114000	17852	1024
planetlab4.rutgers.edu_planetlab2.cs.cornell.edu_10113 4	234486.430000	118.837000	0.021000	0.000000	234605.288000	17854	1024
planetlab4.rutgers.edu_planetlab2.cs.cornell.edu_10115 4	234490.441000	115.188000	0.017000	0.000000	234605.646000	17850	1024
planetlab4.rutgers.edu_planetlab2.cs.cornell.edu_10119 4	234495.441000	111.282000	0.017000	0.000000	234606.740000	17855	1024
planetlab1.mnlab.cti.depaul.edu_planetlab2.cs.cornell.edu_2098 3	12440.494000	222290.536000	0.018000	0.000000	234731.048000	17873	1088
planetlab4.rutgers.edu_planetlab2.cs.cornell.edu_10150 4	234706.495000	36.864000	0.024000	0.000000	234743.383000	17878	1024
planetlab4.rutgers.edu_planetlab2.cs.cornell.edu_10152 4	234732.232000	12.756000	0.036000	0.000000	234745.024000	17870	1024
planetlab4.rutgers.edu_planetlab2.cs.cornell.edu_10171 4	234841.986000	0.059000	0.021000	0.000000	234842.066000	17882	1024
planetlab4.rutgers.edu_planetlab2.cs.cornell.edu_10173 4	234866.850000	0.106000	0.024000	0.000000	234866.980000	17884	1024
planetlab4.rutgers.edu_planetlab2.cs.cornell.edu_10175 4	234891.244000	0.071000	0.041000	0.000000	234891.356000	17886	1024
planetlab4.rutgers.edu_planetlab2.cs.cornell.edu_10177 4	234892.018000	0.165000	0.029000	0.000000	234892.212000	17887	1024
planetlab4.rutgers.edu_planetlab2.cs.cornell.edu_10181 4	234947.902000	0.517000	0.042000	0.000000	234948.461000	17898	1024
planetlab4.rutgers.edu_planetlab2.cs.cornell.edu_10189 4	235001.941000	0.046000	0.024000	0.000000	235002.011000	17894	1024
planetlab4.rutgers.edu_planetlab2.cs.cornell.edu_10199 4	235079.863000	0.024000	0.024000	0.000000	235079.911000	17900	1024
planetlab4.rutgers.edu_planetlab2.cs.cornell.edu_10201 4	235090.529000	1.568000	0.032000	0.000000	235092.129000	17903	1024
planetlab4.rutgers.edu_planetlab2.cs.cornell.edu_10205 4	235119.009000	0.531000	0.039000	0.000000	235119.579000	17902	1024
planetlab4.rutgers.edu_planetlab2.cs.cornell.edu_10207 4	235120.005000	0.022000	0.017000	0.000000	235120.044000	17906	1024
