planetlab6.cs.duke.edu_planetlab-03.cs.princeton.edu_8451 4	196.375000	14.750000	0.067000	0.006000	211.198000	S	3145	288
planetlab-1.cse.ohio-state.edu_planetlab-03.cs.princeton.edu_2563 3	235.608000	1.531000	0.082000	0.015000	237.236000	S	3144	2560
planetlab2.acis.ufl.edu_planetlab-03.cs.princeton.edu_8402 3	198.111000	46.801000	0.049000	0.006000	244.967000	S	3150	1056
planetlab2.eecs.umich.edu_planetlab-03.cs.princeton.edu_11725 2	298.386000	31.272000	0.083000	0.002000	329.743000	S	3151	2048
planetlab5.williams.edu_planetlab-03.cs.princeton.edu_4281 1	62.131000	337.807000	0.017000	0.001000	399.956000	S	3202	2112
planetlab5.williams.edu_planetlab-03.cs.princeton.edu_4283 1	63.918000	340.182000	0.017000	0.001000	404.118000	S	3203	2112
plab4.eece.ksu.edu_planetlab-03.cs.princeton.edu_8217 3	271.406000	136.195000	0.090000	0.012000	407.703000	S	3170	2080
planetlab4.rutgers.edu_planetlab-03.cs.princeton.edu_11993 2	238.660000	169.274000	0.048000	0.003000	407.985000	S	3176	1024
planetlab5.williams.edu_planetlab-03.cs.princeton.edu_4285 1	59.361000	359.767000	0.018000	0.001000	419.147000	S	3207	2112
planetlab5.williams.edu_planetlab-03.cs.princeton.edu_4287 1	61.915000	374.173000	0.022000	0.001000	436.111000	S	3211	2112
planetlab5.williams.edu_planetlab-03.cs.princeton.edu_4293 1	81.484000	414.268000	0.019000	0.001000	495.772000	S	3219	2112
planetlab5.williams.edu_planetlab-03.cs.princeton.edu_4278 1	213.121000	328.135000	0.025000	0.001000	541.282000	S	3201	2112
planetlab6.cs.duke.edu_planetlab-03.cs.princeton.edu_8478 4	199.076000	388.456000	0.067000	0.005000	587.604000	S	3209	288
planetlab5.williams.edu_planetlab-03.cs.princeton.edu_4296 1	62.726000	526.692000	0.024000	0.001000	589.443000	S	3235	2112
planetlab2.acis.ufl.edu_planetlab-03.cs.princeton.edu_8432 3	199.928000	390.945000	0.051000	0.004000	590.928000	S	3214	1056
planetlab1.cs.cornell.edu_planetlab-03.cs.princeton.edu_2994 3	179.288000	524.036000	0.077000	0.005000	703.406000	S	3234	1280
planetlab1.cs.cornell.edu_planetlab-03.cs.princeton.edu_2997 3	334.189000	404.406000	0.074000	0.005000	738.674000	S	3218	1280
pluto.cs.brown.edu_planetlab-03.cs.princeton.edu_3800 4	567.634000	202.750000	0.098000	0.019000	770.501000	S	3182	768
planetlab1.cs.cornell.edu_planetlab-03.cs.princeton.edu_3003 3	174.198000	605.470000	0.066000	0.005000	779.739000	S	3250	1280
planetlab1.cs.cornell.edu_planetlab-03.cs.princeton.edu_3005 3	175.087000	609.016000	0.062000	0.004000	784.169000	S	3251	1280
planetlab7.flux.utah.edu_planetlab-03.cs.princeton.edu_2691 3	263.274000	556.163000	0.085000	0.008000	819.530000	S	3241	1536
planetlab1.cs.cornell.edu_planetlab-03.cs.princeton.edu_3008 3	187.558000	638.909000	0.072000	0.005000	826.544000	S	3254	1280
planetlab1.cs.unc.edu_planetlab-03.cs.princeton.edu_6637 2	444.959000	401.264000	0.031000	0.052000	846.306000	S	3217	528
planetlab4.rutgers.edu_planetlab-03.cs.princeton.edu_12157 2	101.184000	746.373000	0.039000	0.002000	847.598000	S	3264	1024
planetlab2.mnlab.cti.depaul.edu_planetlab-03.cs.princeton.edu_3522 3	539.123000	346.010000	0.041000	0.006000	885.180000	S	3205	1152
planetlab1.rutgers.edu_planetlab-03.cs.princeton.edu_10597 3	452.876000	453.778000	0.080000	0.010000	906.744000	S	3210	512
planetlab2.eecs.umich.edu_planetlab-03.cs.princeton.edu_11803 2	544.958000	385.891000	0.082000	0.003000	930.934000	S	3212	2048
planetlab1.cs.cornell.edu_planetlab-03.cs.princeton.edu_3022 3	360.454000	602.426000	0.059000	0.004000	962.943000	S	3248	1280
planetlab1.cs.cornell.edu_planetlab-03.cs.princeton.edu_3037 3	380.386000	669.135000	0.083000	0.005000	1049.609000	S	3258	1280
aguila1.lsi.upc.edu_planetlab-03.cs.princeton.edu_2229 1	438.199000	684.717000	0.019000	0.002000	1122.937000	S	3262	592
planetlab4.rutgers.edu_planetlab-03.cs.princeton.edu_12296 2	110.779000	1020.920000	0.041000	0.003000	1131.743000	S	3291	1024
planetlab5.williams.edu_planetlab-03.cs.princeton.edu_4369 1	484.373000	728.100000	0.030000	0.001000	1212.504000	S	3267	2112
planetlab1.mnlab.cti.depaul.edu_planetlab-03.cs.princeton.edu_4622 1	104.258000	1132.218000	0.037000	0.001000	1236.514000	S	3311	1088
planetlab2.eecs.umich.edu_planetlab-03.cs.princeton.edu_11845 2	702.875000	565.370000	0.082000	0.006000	1268.333000	S	3240	2048
planetlab2.eecs.umich.edu_planetlab-03.cs.princeton.edu_11852 2	718.001000	576.873000	0.073000	0.003000	1294.950000	S	3244	2048
planetlab2.netlab.uky.edu_planetlab-03.cs.princeton.edu_8420 4	764.309000	553.533000	0.141000	0.067000	1318.050000	S	3239	544
planetlab2.eecs.umich.edu_planetlab-03.cs.princeton.edu_11854 2	739.703000	583.122000	0.070000	0.002000	1322.897000	S	3245	2048
planetlab2.eecs.umich.edu_planetlab-03.cs.princeton.edu_11856 2	739.457000	589.350000	0.077000	0.002000	1328.886000	S	3246	2048
planetlab1.cs.cornell.edu_planetlab-03.cs.princeton.edu_3086 3	191.481000	1170.158000	0.069000	0.006000	1361.714000	S	3314	1280
pluto.cs.brown.edu_planetlab-03.cs.princeton.edu_3820 4	1017.545000	345.860000	0.072000	0.062000	1363.539000	S	3204	768
planetlab1.cs.cornell.edu_planetlab-03.cs.princeton.edu_3090 3	188.126000	1239.473000	0.071000	0.006000	1427.676000	S	3329	1280
planetlab7.flux.utah.edu_planetlab-03.cs.princeton.edu_2699 3	500.841000	932.861000	0.103000	0.018000	1433.823000	S	3292	1536
planetlab-01.bu.edu_planetlab-03.cs.princeton.edu_4199 4	611.564000	832.930000	0.073000	0.013000	1444.580000	S	3279	640
planetlab1.cs.ucla.edu_planetlab-03.cs.princeton.edu_3479 3	647.926000	973.937000	0.054000	0.008000	1621.925000	S	3296	704
planetlab2.eecs.umich.edu_planetlab-03.cs.princeton.edu_11914 2	1213.812000	546.099000	0.080000	0.003000	1759.994000	S	3236	2048
planetlab4.rutgers.edu_planetlab-03.cs.princeton.edu_12611 2	131.299000	1807.542000	0.051000	0.003000	1938.895000	S	3348	1024
aguila2.lsi.upc.edu_planetlab-03.cs.princeton.edu_4904 2	438.687000	1540.057000	0.025000	0.004000	1978.773000	S	3333	576
planetlab1.mnlab.cti.depaul.edu_planetlab-03.cs.princeton.edu_4733 1	83.950000	1901.796000	0.023000	0.001000	1985.770000	S	3387	1088
planetlab1.cs.uiuc.edu_planetlab-03.cs.princeton.edu_12066 3	501.911000	1697.664000	0.124000	0.010000	2199.709000	S	3148	128
planetlab4.rutgers.edu_planetlab-03.cs.princeton.edu_12727 2	91.212000	2131.296000	0.049000	0.003000	2222.560000	S	3368	1024
planetlab2.cs.umass.edu_planetlab-03.cs.princeton.edu_2016 4	424.768000	2062.764000	0.199000	0.006000	2487.737000	S	3423	1408
planetlab2.acis.ufl.edu_planetlab-03.cs.princeton.edu_8813 3	430.448000	2098.873000	0.052000	0.006000	2529.379000	S	3342	1056
planetlab2.eecs.umich.edu_planetlab-03.cs.princeton.edu_11994 2	1706.148000	850.401000	0.138000	0.002000	2556.689000	S	3280	2048
planetlab-03.cs.princeton.edu_planetlab-03.cs.princeton.edu_8685 0	0.261000	2688.969000	0.013000	0.000000	2689.243000	S	3561	80
planetlab2.eecs.umich.edu_planetlab-03.cs.princeton.edu_12020 2	2084.257000	683.884000	0.085000	0.002000	2768.228000	S	3260	2048
planetlab1.mnlab.cti.depaul.edu_planetlab-03.cs.princeton.edu_4805 1	83.799000	2700.329000	0.024000	0.000000	2784.152000	S	3492	1088
planetlab4.rutgers.edu_planetlab-03.cs.princeton.edu_12919 2	92.785000	2767.618000	0.040000	0.004000	2860.447000	S	3400	1024
planetlab7.flux.utah.edu_planetlab-03.cs.princeton.edu_2923 3	258.781000	2602.945000	0.085000	0.007000	2861.818000	S	3479	1536
planetlab-03.cs.princeton.edu_planetlab-03.cs.princeton.edu_8774 0	0.594000	3140.485000	0.013000	0.000000	3141.092000	S	3649	80
planetlab2.umassd.edu_planetlab-03.cs.princeton.edu_17444 1	44.182000	3774.751000	0.018000	0.002000	3818.953000	S	3146	64
planetlab2.umassd.edu_planetlab-03.cs.princeton.edu_17462 1	42.054000	3792.376000	0.020000	0.002000	3834.452000	S	3154	64
planetlab2.umassd.edu_planetlab-03.cs.princeton.edu_17474 1	46.517000	3799.048000	0.019000	0.001000	3845.585000	S	3160	64
planetlab2.umassd.edu_planetlab-03.cs.princeton.edu_17476 1	43.156000	3802.808000	0.020000	0.001000	3845.985000	S	3162	64
planetlab2.umassd.edu_planetlab-03.cs.princeton.edu_17478 1	45.006000	3801.660000	0.020000	0.001000	3846.687000	S	3163	64
planetlab2.umassd.edu_planetlab-03.cs.princeton.edu_17480 1	45.847000	3803.130000	0.017000	0.002000	3848.996000	S	3166	64
planetlab2.umassd.edu_planetlab-03.cs.princeton.edu_17497 1	45.433000	3819.331000	0.019000	0.001000	3864.784000	S	3194	64
planetlab2.umassd.edu_planetlab-03.cs.princeton.edu_17574 1	48.654000	4003.853000	0.017000	0.001000	4052.525000	S	3257	64
planetlab2.umassd.edu_planetlab-03.cs.princeton.edu_17598 1	45.951000	4091.726000	0.050000	0.001000	4137.728000	S	3276	64
planetlab2.umassd.edu_planetlab-03.cs.princeton.edu_17623 1	47.986000	4150.954000	0.057000	0.002000	4198.999000	S	3290	64
planetlab1.eecs.umich.edu_planetlab-03.cs.princeton.edu_3337 3	380.615000	4661.490000	0.097000	0.004000	5042.206000	S	3294	2304
planetlab1.eecs.umich.edu_planetlab-03.cs.princeton.edu_3356 3	170.133000	4976.925000	0.103000	0.004000	5147.165000	S	3338	2304
planetlab4.rutgers.edu_planetlab-03.cs.princeton.edu_12998 2	214.671000	5185.309000	0.049000	0.004000	5400.033000	S	3424	1024
planetlab4.rutgers.edu_planetlab-03.cs.princeton.edu_13021 2	92.787000	5356.611000	0.041000	0.003000	5449.442000	S	3432	1024
planetlab4.rutgers.edu_planetlab-03.cs.princeton.edu_13025 2	95.493000	5368.265000	0.039000	0.003000	5463.800000	S	3433	1024
planetlab4.rutgers.edu_planetlab-03.cs.princeton.edu_13027 2	95.828000	5372.786000	0.036000	0.002000	5468.652000	S	3434	1024
planetlab4.rutgers.edu_planetlab-03.cs.princeton.edu_13033 2	93.227000	5396.539000	0.039000	0.002000	5489.807000	S	3436	1024
planetlab2.umassd.edu_planetlab-03.cs.princeton.edu_17978 1	46.291000	5549.118000	0.051000	0.001000	5595.461000	S	3418	64
planetlab4.rutgers.edu_planetlab-03.cs.princeton.edu_13071 2	105.600000	5765.557000	0.040000	0.003000	5871.200000	S	3448	1024
planetlab4.wail.wisc.edu_planetlab-03.cs.princeton.edu_28006 1	116.202000	5818.853000	0.037000	0.007000	5935.099000	S	3142	16
planetlab4.wail.wisc.edu_planetlab-03.cs.princeton.edu_28111 1	112.124000	6076.779000	0.034000	0.001000	6188.938000	S	3206	16
planetlab4.wail.wisc.edu_planetlab-03.cs.princeton.edu_28120 1	114.265000	6111.576000	0.032000	0.001000	6225.874000	S	3213	16
planetlab4.rutgers.edu_planetlab-03.cs.princeton.edu_13186 2	92.286000	6143.012000	0.029000	0.003000	6235.330000	S	3467	1024
earth.cs.brown.edu_planetlab-03.cs.princeton.edu_15036 2	59.772000	6270.411000	0.068000	0.009000	6330.260000	S	3220	96
planetlab2.eecs.umich.edu_planetlab-03.cs.princeton.edu_12380 2	1318.498000	5211.815000	0.085000	0.004000	6530.402000	S	3332	2048
planetlab2.eecs.umich.edu_planetlab-03.cs.princeton.edu_12419 2	4352.000000	2321.370000	0.087000	0.003000	6673.460000	S	3308	2048
planetlab5.williams.edu_planetlab-03.cs.princeton.edu_4479 1	58.670000	7463.915000	0.027000	0.001000	7522.613000	S	3376	2112
planetlab03.cs.washington.edu_planetlab-03.cs.princeton.edu_6865 2	279.621000	7376.612000	0.046000	0.003000	7656.282000	S	3350	320
planetlab03.cs.washington.edu_planetlab-03.cs.princeton.edu_6875 2	274.879000	7438.334000	0.053000	0.002000	7713.268000	S	3427	320
planetlab2.cs.pitt.edu_planetlab-03.cs.princeton.edu_4681 3	170.043000	7568.290000	0.061000	0.006000	7738.400000	S	3450	304
planetlab03.cs.washington.edu_planetlab-03.cs.princeton.edu_6895 2	272.905000	7601.015000	0.046000	0.003000	7873.969000	S	3580	320
vn4.cse.wustl.edu_planetlab-03.cs.princeton.edu_7747 2	158.120000	7928.351000	0.043000	0.003000	8086.517000	S	3596	272
vn4.cse.wustl.edu_planetlab-03.cs.princeton.edu_7750 2	169.816000	7940.037000	0.033000	0.004000	8109.890000	S	3604	272
vn4.cse.wustl.edu_planetlab-03.cs.princeton.edu_7757 2	227.403000	7919.739000	0.040000	0.002000	8147.184000	S	3608	272
vn4.cse.wustl.edu_planetlab-03.cs.princeton.edu_7759 2	203.254000	7957.374000	0.034000	0.003000	8160.665000	S	3612	272
vn4.cse.wustl.edu_planetlab-03.cs.princeton.edu_7763 2	199.888000	7972.373000	0.035000	0.003000	8172.299000	S	3613	272
vn4.cse.wustl.edu_planetlab-03.cs.princeton.edu_7761 2	197.634000	7974.848000	0.038000	0.002000	8172.522000	S	3614	272
vn4.cse.wustl.edu_planetlab-03.cs.princeton.edu_7781 2	165.481000	8114.414000	0.033000	0.003000	8279.931000	S	3644	272
vn4.cse.wustl.edu_planetlab-03.cs.princeton.edu_7807 2	197.037000	8246.322000	0.048000	0.002000	8443.409000	S	3676	272
planetlab2.umassd.edu_planetlab-03.cs.princeton.edu_18139 1	43.028000	8568.589000	0.019000	0.001000	8611.637000	S	3570	64
planetlab2.umassd.edu_planetlab-03.cs.princeton.edu_18167 1	45.215000	8724.687000	0.021000	0.002000	8769.925000	S	3590	64
planetlab1.rutgers.edu_planetlab-03.cs.princeton.edu_12029 3	665.264000	8121.899000	0.118000	0.006000	8787.287000	S	3330	512
vn4.cse.wustl.edu_planetlab-03.cs.princeton.edu_7862 2	161.681000	8638.574000	0.038000	0.004000	8800.297000	S	3740	272
planetlab2.umassd.edu_planetlab-03.cs.princeton.edu_18205 1	41.801000	9043.247000	0.026000	0.001000	9085.075000	S	3618	64
planetlab2.umassd.edu_planetlab-03.cs.princeton.edu_18208 1	42.089000	9062.478000	0.020000	0.001000	9104.588000	S	3620	64
planetlab2.umassd.edu_planetlab-03.cs.princeton.edu_18212 1	41.833000	9099.046000	0.052000	0.001000	9140.932000	S	3622	64
planetlab2.umassd.edu_planetlab-03.cs.princeton.edu_18215 1	41.374000	9113.326000	0.052000	0.001000	9154.753000	S	3623	64
planetlab2.umassd.edu_planetlab-03.cs.princeton.edu_18219 1	47.618000	9115.060000	0.020000	0.001000	9162.699000	S	3630	64
planetlab2.umassd.edu_planetlab-03.cs.princeton.edu_18226 1	41.751000	9156.615000	0.018000	0.001000	9198.385000	S	3638	64
planetlab2.umassd.edu_planetlab-03.cs.princeton.edu_18231 1	44.918000	9171.769000	0.018000	0.001000	9216.706000	S	3641	64
planetlab-1.cse.ohio-state.edu_planetlab-03.cs.princeton.edu_2986 3	773.042000	8459.905000	0.056000	0.005000	9233.008000	S	3323	2560
planetlab2.umassd.edu_planetlab-03.cs.princeton.edu_18238 1	41.541000	9205.982000	0.048000	0.002000	9247.573000	S	3660	64
planetlab2.umassd.edu_planetlab-03.cs.princeton.edu_18256 1	42.619000	9262.393000	0.019000	0.001000	9305.032000	S	3674	64
planetlab4.wail.wisc.edu_planetlab-03.cs.princeton.edu_28237 1	117.397000	9212.226000	0.026000	0.001000	9329.650000	S	3266	16
planetlab4.wail.wisc.edu_planetlab-03.cs.princeton.edu_28247 1	118.693000	9242.165000	0.027000	0.001000	9360.886000	S	3268	16
planetlab2.umassd.edu_planetlab-03.cs.princeton.edu_18270 1	42.482000	9338.196000	0.048000	0.002000	9380.728000	S	3686	64
planetlab4.wail.wisc.edu_planetlab-03.cs.princeton.edu_28263 1	115.336000	9283.785000	0.027000	0.002000	9399.150000	S	3270	16
planetlab4.wail.wisc.edu_planetlab-03.cs.princeton.edu_28272 1	116.318000	9320.773000	0.030000	0.002000	9437.123000	S	3271	16
planetlab4.wail.wisc.edu_planetlab-03.cs.princeton.edu_28303 1	116.258000	9429.669000	0.025000	0.002000	9545.954000	S	3278	16
planetlab2.umassd.edu_planetlab-03.cs.princeton.edu_18311 1	42.865000	9530.586000	0.056000	0.001000	9573.508000	S	3724	64
planetlab4.wail.wisc.edu_planetlab-03.cs.princeton.edu_28329 1	112.514000	9588.100000	0.023000	0.001000	9700.638000	S	3286	16
planetlab2.umassd.edu_planetlab-03.cs.princeton.edu_18341 1	43.277000	9655.047000	0.020000	0.001000	9698.345000	S	3737	64
planetlab2.umassd.edu_planetlab-03.cs.princeton.edu_18357 1	42.260000	9744.156000	0.021000	0.002000	9786.439000	S	3750	64
planetlab2.umassd.edu_planetlab-03.cs.princeton.edu_18363 1	41.338000	9759.885000	0.053000	0.001000	9801.277000	S	3753	64
planetlab2.umassd.edu_planetlab-03.cs.princeton.edu_18377 1	42.999000	9835.352000	0.024000	0.002000	9878.377000	S	3761	64
planetlab4.wail.wisc.edu_planetlab-03.cs.princeton.edu_28446 1	127.359000	10118.079000	0.032000	0.001000	10245.471000	S	3302	16
planetlab4.wail.wisc.edu_planetlab-03.cs.princeton.edu_28508 1	115.556000	10377.496000	0.028000	0.002000	10493.082000	S	3320	16
righthand.eecs.harvard.edu_planetlab-03.cs.princeton.edu_3934 2	61.265000	10580.814000	0.037000	0.003000	10642.119000	S	3438	2240
planetlab5.williams.edu_planetlab-03.cs.princeton.edu_4539 1	88.717000	10608.333000	0.022000	0.001000	10697.073000	S	3459	2112
planetlab6.cs.duke.edu_planetlab-03.cs.princeton.edu_10179 4	197.493000	10557.496000	0.070000	0.009000	10755.068000	S	3265	288
planetlab4.wail.wisc.edu_planetlab-03.cs.princeton.edu_28551 1	124.136000	10695.792000	0.024000	0.001000	10819.953000	S	3334	16
planetlab4.wail.wisc.edu_planetlab-03.cs.princeton.edu_28664 1	111.636000	11758.491000	0.026000	0.001000	11870.154000	S	3372	16
planetlab4.wail.wisc.edu_planetlab-03.cs.princeton.edu_28720 1	111.531000	12264.365000	0.024000	0.001000	12375.921000	S	3394	16
planetlab4.wail.wisc.edu_planetlab-03.cs.princeton.edu_28725 1	114.536000	12297.090000	0.026000	0.001000	12411.653000	S	3396	16
planetlab4.wail.wisc.edu_planetlab-03.cs.princeton.edu_28728 1	113.475000	12316.203000	0.029000	0.001000	12429.708000	S	3398	16
planetlab4.wail.wisc.edu_planetlab-03.cs.princeton.edu_28730 1	112.626000	12322.633000	0.021000	0.001000	12435.281000	S	3399	16
planetlab4.wail.wisc.edu_planetlab-03.cs.princeton.edu_28743 1	113.805000	12405.377000	0.027000	0.001000	12519.210000	S	3406	16
planetlab4.wail.wisc.edu_planetlab-03.cs.princeton.edu_28765 1	111.306000	12552.514000	0.021000	0.001000	12663.842000	S	3414	16
planetlab4.wail.wisc.edu_planetlab-03.cs.princeton.edu_28775 1	115.511000	12624.983000	0.026000	0.001000	12740.521000	S	3417	16
planetlab4.wail.wisc.edu_planetlab-03.cs.princeton.edu_28806 1	113.419000	12888.782000	0.031000	0.001000	13002.233000	S	3430	16
planetlab4.wail.wisc.edu_planetlab-03.cs.princeton.edu_28865 1	112.654000	13669.037000	0.028000	0.001000	13781.720000	S	3458	16
planetlab4.wail.wisc.edu_planetlab-03.cs.princeton.edu_28871 1	116.999000	13708.102000	0.024000	0.002000	13825.127000	S	3460	16
planetlab4.wail.wisc.edu_planetlab-03.cs.princeton.edu_28878 1	113.830000	13756.091000	0.022000	0.003000	13869.946000	S	3462	16
planetlab4.wail.wisc.edu_planetlab-03.cs.princeton.edu_28882 1	113.694000	13794.319000	0.021000	0.002000	13908.036000	S	3463	16
planetlab4.wail.wisc.edu_planetlab-03.cs.princeton.edu_28891 1	113.318000	13868.548000	0.028000	0.000000	13981.894000	S	3470	16
planetlab4.wail.wisc.edu_planetlab-03.cs.princeton.edu_28900 1	125.453000	13935.908000	0.025000	0.000000	14061.386000	S	3478	16
planetlab4.wail.wisc.edu_planetlab-03.cs.princeton.edu_28926 1	113.005000	14133.068000	0.022000	0.001000	14246.096000	S	3494	16
planetlab4.wail.wisc.edu_planetlab-03.cs.princeton.edu_28949 1	114.515000	14248.613000	0.023000	0.002000	14363.153000	S	3507	16
planetlab4.wail.wisc.edu_planetlab-03.cs.princeton.edu_28969 1	115.036000	14355.611000	0.028000	0.002000	14470.677000	S	3520	16
planetlab4.wail.wisc.edu_planetlab-03.cs.princeton.edu_28973 1	111.891000	14383.888000	0.025000	0.000000	14495.804000	S	3522	16
planetlab4.wail.wisc.edu_planetlab-03.cs.princeton.edu_28978 1	113.032000	14419.996000	0.022000	0.002000	14533.052000	S	3523	16
planetlab4.wail.wisc.edu_planetlab-03.cs.princeton.edu_28984 1	115.520000	14456.159000	0.028000	0.001000	14571.708000	S	3524	16
planetlab4.wail.wisc.edu_planetlab-03.cs.princeton.edu_28986 1	112.581000	14459.953000	0.021000	0.001000	14572.556000	S	3525	16
planetlab4.wail.wisc.edu_planetlab-03.cs.princeton.edu_28991 1	116.891000	14486.531000	0.022000	0.002000	14603.446000	S	3526	16
planetlab4.wail.wisc.edu_planetlab-03.cs.princeton.edu_28995 1	113.688000	14501.885000	0.031000	0.001000	14615.605000	S	3527	16
planetlab4.wail.wisc.edu_planetlab-03.cs.princeton.edu_29003 1	111.462000	14554.595000	0.023000	0.001000	14666.081000	S	3530	16
planetlab4.wail.wisc.edu_planetlab-03.cs.princeton.edu_29008 1	112.579000	14579.764000	0.032000	0.001000	14692.376000	S	3532	16
planetlab4.wail.wisc.edu_planetlab-03.cs.princeton.edu_29020 1	114.778000	14691.706000	0.023000	0.001000	14806.508000	S	3538	16
planetlab4.wail.wisc.edu_planetlab-03.cs.princeton.edu_29013 1	216.112000	14612.529000	0.020000	0.001000	14828.662000	S	3534	16
planetlab4.wail.wisc.edu_planetlab-03.cs.princeton.edu_29015 1	219.427000	14614.854000	0.024000	0.001000	14834.306000	S	3535	16
planetlab4.wail.wisc.edu_planetlab-03.cs.princeton.edu_29028 1	116.472000	14742.312000	0.027000	0.001000	14858.812000	S	3540	16
planetlab4.wail.wisc.edu_planetlab-03.cs.princeton.edu_29031 1	112.306000	14759.070000	0.020000	0.001000	14871.397000	S	3542	16
planetlab4.wail.wisc.edu_planetlab-03.cs.princeton.edu_29033 1	111.834000	14764.018000	0.020000	0.001000	14875.873000	S	3543	16
planetlab4.wail.wisc.edu_planetlab-03.cs.princeton.edu_29045 1	113.081000	14840.162000	0.021000	0.001000	14953.265000	S	3550	16
planetlab4.wail.wisc.edu_planetlab-03.cs.princeton.edu_29050 1	112.965000	14877.867000	0.021000	0.001000	14990.854000	S	3554	16
planetlab4.wail.wisc.edu_planetlab-03.cs.princeton.edu_29059 1	113.975000	14939.404000	0.021000	0.000000	15053.400000	S	3558	16
planetlab4.wail.wisc.edu_planetlab-03.cs.princeton.edu_29061 1	114.276000	14954.500000	0.023000	0.001000	15068.800000	S	3559	16
planetlab4.wail.wisc.edu_planetlab-03.cs.princeton.edu_29056 1	248.256000	14925.647000	0.022000	0.001000	15173.926000	S	3556	16
planetlab4.wail.wisc.edu_planetlab-03.cs.princeton.edu_29080 1	113.089000	15197.022000	0.026000	0.001000	15310.138000	S	3574	16
planetlab4.wail.wisc.edu_planetlab-03.cs.princeton.edu_29070 1	267.228000	15058.760000	0.028000	0.001000	15326.017000	S	3566	16
planetlab2.netlab.uky.edu_planetlab-03.cs.princeton.edu_9943 4	545.087000	15366.461000	0.098000	0.010000	15911.656000	S	3282	544
planetlab2.eecs.umich.edu_planetlab-03.cs.princeton.edu_13516 2	1230.552000	15180.430000	0.081000	0.003000	16411.066000	S	3359	2048
earth.cs.brown.edu_planetlab-03.cs.princeton.edu_16763 2	1420.648000	15093.954000	0.132000	0.010000	16514.744000	S	3392	96
planetlab1.cs.uoregon.edu_planetlab-03.cs.princeton.edu_12972 3	366.272000	16639.532000	0.071000	0.004000	17005.879000	S	3247	256
earth.cs.brown.edu_planetlab-03.cs.princeton.edu_16836 2	1049.012000	15966.456000	0.061000	0.012000	17015.541000	S	3498	96
earth.cs.brown.edu_planetlab-03.cs.princeton.edu_16843 2	829.289000	16208.491000	0.081000	0.008000	17037.869000	S	3551	96
planetlab6.cs.duke.edu_planetlab-03.cs.princeton.edu_10568 4	203.251000	17065.938000	0.070000	0.006000	17269.265000	S	3272	288
planetlab6.cs.duke.edu_planetlab-03.cs.princeton.edu_10569 4	207.931000	17074.432000	0.052000	0.006000	17282.421000	S	3273	288
planetlab6.cs.duke.edu_planetlab-03.cs.princeton.edu_10577 4	195.512000	17125.634000	0.062000	0.007000	17321.215000	S	3277	288
planetlab6.cs.duke.edu_planetlab-03.cs.princeton.edu_10584 4	210.548000	17196.388000	0.059000	0.008000	17407.003000	S	3289	288
planetlab4.wail.wisc.edu_planetlab-03.cs.princeton.edu_29281 1	115.044000	17498.471000	0.026000	0.001000	17613.542000	S	3694	16
planetlab5.williams.edu_planetlab-03.cs.princeton.edu_4784 1	62.643000	17636.413000	0.021000	0.001000	17699.078000	S	3715	2112
planetlab1.cs.unc.edu_planetlab-03.cs.princeton.edu_8609 2	439.393000	17299.556000	0.041000	0.001000	17738.991000	S	3591	528
planetlab6.cs.duke.edu_planetlab-03.cs.princeton.edu_10621 4	399.007000	17414.848000	0.070000	0.006000	17813.931000	S	3275	288
planetlab6.cs.duke.edu_planetlab-03.cs.princeton.edu_10636 4	189.990000	17749.982000	0.090000	0.005000	17940.067000	S	3305	288
planetlab1.cs.unc.edu_planetlab-03.cs.princeton.edu_8659 2	443.638000	17565.790000	0.031000	0.004000	18009.463000	S	3698	528
aguila2.lsi.upc.edu_planetlab-03.cs.princeton.edu_5542 2	443.715000	18891.550000	0.027000	0.006000	19335.298000	S	3337	576
aguila2.lsi.upc.edu_planetlab-03.cs.princeton.edu_5548 2	460.205000	19001.279000	0.025000	0.006000	19461.515000	S	3340	576
aguila2.lsi.upc.edu_planetlab-03.cs.princeton.edu_5555 2	427.691000	19094.751000	0.023000	0.007000	19522.472000	S	3343	576
aguila2.lsi.upc.edu_planetlab-03.cs.princeton.edu_5560 2	501.484000	19069.287000	0.021000	0.006000	19570.798000	S	3341	576
planetlab6.cs.duke.edu_planetlab-03.cs.princeton.edu_10856 4	207.528000	19775.221000	0.076000	0.008000	19982.833000	S	3529	288
roam2.cs.ou.edu_planetlab-03.cs.princeton.edu_15706 2	168.922000	21675.549000	0.038000	0.002000	21844.511000	S	3232	48
planetlab2.eecs.umich.edu_planetlab-03.cs.princeton.edu_14288 2	1711.154000	20209.287000	0.081000	0.002000	21920.524000	S	3500	2048
node1.planetlab.albany.edu_planetlab-03.cs.princeton.edu_35587 3	166.430000	22734.704000	0.060000	0.006000	22901.200000	S	3259	32
planetlab2.eecs.umich.edu_planetlab-03.cs.princeton.edu_14702 2	365.567000	23304.492000	0.080000	0.003000	23670.142000	S	3588	2048
planetlab2.eecs.umich.edu_planetlab-03.cs.princeton.edu_14722 2	413.076000	23328.605000	0.082000	0.003000	23741.766000	S	3599	2048
planetlab2.eecs.umich.edu_planetlab-03.cs.princeton.edu_14754 2	672.290000	23192.326000	0.072000	0.004000	23864.692000	S	3610	2048
kupl2.ittc.ku.edu_planetlab-03.cs.princeton.edu_2401 4	418.582000	23506.953000	0.106000	0.006000	23925.647000	S	3617	2816
planetlab2.eecs.umich.edu_planetlab-03.cs.princeton.edu_14790 2	731.779000	23301.150000	0.081000	0.002000	24033.012000	S	3626	2048
planetlab2.eecs.umich.edu_planetlab-03.cs.princeton.edu_14822 2	966.163000	23162.189000	0.084000	0.004000	24128.440000	S	3634	2048
planetlab2.eecs.umich.edu_planetlab-03.cs.princeton.edu_14856 2	1759.254000	22530.536000	0.084000	0.003000	24289.877000	S	3643	2048
planetlab2.eecs.umich.edu_planetlab-03.cs.princeton.edu_14873 2	1825.163000	22504.714000	0.080000	0.002000	24329.959000	S	3646	2048
planetlab2.eecs.umich.edu_planetlab-03.cs.princeton.edu_14924 2	2009.747000	22472.412000	0.078000	0.005000	24482.242000	S	3655	2048
node1.planetlab.albany.edu_planetlab-03.cs.princeton.edu_36151 3	171.600000	24432.063000	0.056000	0.004000	24603.723000	S	3331	32
planetlab2.eecs.umich.edu_planetlab-03.cs.princeton.edu_14956 2	2085.526000	22517.457000	0.081000	0.004000	24603.068000	S	3659	2048
planetlab2.eecs.umich.edu_planetlab-03.cs.princeton.edu_14958 2	2088.025000	22517.384000	0.078000	0.002000	24605.489000	S	3661	2048
planetlab2.eecs.umich.edu_planetlab-03.cs.princeton.edu_14967 2	2106.168000	22540.392000	0.080000	0.003000	24646.643000	S	3662	2048
planetlab2.eecs.umich.edu_planetlab-03.cs.princeton.edu_14971 2	2112.441000	22549.184000	0.078000	0.002000	24661.705000	S	3663	2048
planetlab2.eecs.umich.edu_planetlab-03.cs.princeton.edu_14973 2	2117.032000	22545.344000	0.079000	0.003000	24662.458000	S	3664	2048
pl1.rcc.uottawa.ca_planetlab-03.cs.princeton.edu_47932 2	126.467000	24758.586000	0.042000	0.003000	24885.098000	S	3147	0
pl1.rcc.uottawa.ca_planetlab-03.cs.princeton.edu_47937 2	123.891000	24777.929000	0.095000	0.003000	24901.918000	S	3149	0
pl1.rcc.uottawa.ca_planetlab-03.cs.princeton.edu_47959 2	125.205000	24821.299000	0.027000	0.003000	24946.534000	S	3152	0
pl1.rcc.uottawa.ca_planetlab-03.cs.princeton.edu_47963 2	122.623000	24827.619000	0.029000	0.002000	24950.273000	S	3153	0
pl1.rcc.uottawa.ca_planetlab-03.cs.princeton.edu_47970 2	125.795000	24842.072000	0.029000	0.004000	24967.900000	S	3155	0
pl1.rcc.uottawa.ca_planetlab-03.cs.princeton.edu_47972 2	125.729000	24844.530000	0.034000	0.005000	24970.298000	S	3156	0
pl1.rcc.uottawa.ca_planetlab-03.cs.princeton.edu_47986 2	995.303000	24015.440000	0.037000	0.004000	25010.784000	S	3157	0
pl1.rcc.uottawa.ca_planetlab-03.cs.princeton.edu_47990 2	992.214000	24023.729000	0.029000	0.003000	25015.975000	S	3158	0
pl1.rcc.uottawa.ca_planetlab-03.cs.princeton.edu_48006 2	986.704000	24061.980000	0.035000	0.003000	25048.722000	S	3159	0
pl1.rcc.uottawa.ca_planetlab-03.cs.princeton.edu_48021 2	1083.387000	24008.354000	0.043000	0.005000	25091.789000	S	3140	0
pl1.rcc.uottawa.ca_planetlab-03.cs.princeton.edu_48023 2	1079.876000	24014.880000	0.029000	0.005000	25094.790000	S	3141	0
pl1.rcc.uottawa.ca_planetlab-03.cs.princeton.edu_48032 2	1083.289000	24032.303000	0.039000	0.005000	25115.636000	S	3143	0
pl1.rcc.uottawa.ca_planetlab-03.cs.princeton.edu_48035 2	972.634000	24156.040000	0.028000	0.003000	25128.705000	S	3164	0
planetlab2.eecs.umich.edu_planetlab-03.cs.princeton.edu_15120 2	2662.844000	22479.017000	0.093000	0.003000	25141.957000	S	3679	2048
pl1.rcc.uottawa.ca_planetlab-03.cs.princeton.edu_48047 2	968.668000	24181.801000	0.036000	0.003000	25150.508000	S	3165	0
planetlab2.eecs.umich.edu_planetlab-03.cs.princeton.edu_15130 2	3147.068000	22020.582000	0.085000	0.003000	25167.738000	S	3642	2048
planetlab2.eecs.umich.edu_planetlab-03.cs.princeton.edu_15131 2	3144.550000	22034.380000	0.044000	0.003000	25178.977000	S	3640	2048
pl1.rcc.uottawa.ca_planetlab-03.cs.princeton.edu_48060 2	948.018000	24241.260000	0.176000	0.004000	25189.458000	S	3168	0
pl1.rcc.uottawa.ca_planetlab-03.cs.princeton.edu_48064 2	944.127000	24251.351000	0.027000	0.006000	25195.511000	S	3169	0
pl1.rcc.uottawa.ca_planetlab-03.cs.princeton.edu_48066 2	942.050000	24254.778000	0.035000	0.003000	25196.866000	S	3171	0
pluto.cs.brown.edu_planetlab-03.cs.princeton.edu_6770 4	1046.401000	24149.745000	0.071000	0.015000	25196.232000	S	3408	768
pl1.rcc.uottawa.ca_planetlab-03.cs.princeton.edu_48077 2	932.408000	24284.855000	0.030000	0.002000	25217.295000	S	3172	0
pl1.rcc.uottawa.ca_planetlab-03.cs.princeton.edu_48082 2	926.026000	24301.975000	0.137000	0.003000	25228.141000	S	3173	0
pl1.rcc.uottawa.ca_planetlab-03.cs.princeton.edu_48086 2	924.291000	24308.708000	0.030000	0.002000	25233.031000	S	3174	0
planetlab1.cs.uoregon.edu_planetlab-03.cs.princeton.edu_14155 3	366.707000	24886.562000	0.068000	0.004000	25253.341000	S	3375	256
pl1.rcc.uottawa.ca_planetlab-03.cs.princeton.edu_48103 2	913.693000	24359.044000	0.033000	0.003000	25272.773000	S	3175	0
pl1.rcc.uottawa.ca_planetlab-03.cs.princeton.edu_48108 2	912.300000	24361.418000	0.035000	0.002000	25273.755000	S	3177	0
planetlab2.eecs.umich.edu_planetlab-03.cs.princeton.edu_15161 2	165.678000	25109.705000	0.094000	0.003000	25275.480000	S	3695	2048
pl1.rcc.uottawa.ca_planetlab-03.cs.princeton.edu_48121 2	907.119000	24409.666000	0.042000	0.005000	25316.832000	S	3178	0
pl1.rcc.uottawa.ca_planetlab-03.cs.princeton.edu_48127 2	896.814000	24430.611000	0.027000	0.003000	25327.455000	S	3180	0
pl1.rcc.uottawa.ca_planetlab-03.cs.princeton.edu_48129 2	895.900000	24443.313000	0.029000	0.002000	25339.244000	S	3181	0
pl1.rcc.uottawa.ca_planetlab-03.cs.princeton.edu_48138 2	893.364000	24459.220000	0.033000	0.003000	25352.620000	S	3183	0
pl1.rcc.uottawa.ca_planetlab-03.cs.princeton.edu_48140 2	887.841000	24469.138000	0.037000	0.003000	25357.019000	S	3184	0
pl1.rcc.uottawa.ca_planetlab-03.cs.princeton.edu_48142 2	884.647000	24475.925000	0.032000	0.004000	25360.608000	S	3185	0
pl1.rcc.uottawa.ca_planetlab-03.cs.princeton.edu_48157 2	998.372000	24389.982000	0.479000	0.003000	25388.836000	S	3161	0
pl1.rcc.uottawa.ca_planetlab-03.cs.princeton.edu_48159 2	875.955000	24512.517000	0.044000	0.003000	25388.519000	S	3186	0
pl1.rcc.uottawa.ca_planetlab-03.cs.princeton.edu_48161 2	877.555000	24530.584000	0.034000	0.003000	25408.176000	S	3187	0
pl1.rcc.uottawa.ca_planetlab-03.cs.princeton.edu_48170 2	870.700000	24549.358000	0.035000	0.003000	25420.096000	S	3188	0
planetlab1.cs.uoregon.edu_planetlab-03.cs.princeton.edu_14184 3	372.501000	25053.118000	0.069000	0.006000	25425.694000	S	3385	256
pl1.rcc.uottawa.ca_planetlab-03.cs.princeton.edu_48174 2	864.713000	24569.154000	0.028000	0.003000	25433.898000	S	3189	0
pl1.rcc.uottawa.ca_planetlab-03.cs.princeton.edu_48176 2	996.683000	24442.876000	0.026000	0.002000	25439.587000	S	3167	0
pl1.rcc.uottawa.ca_planetlab-03.cs.princeton.edu_48182 2	854.472000	24599.398000	0.027000	0.002000	25453.899000	S	3190	0
pl1.rcc.uottawa.ca_planetlab-03.cs.princeton.edu_48184 2	860.087000	24595.565000	0.029000	0.002000	25455.683000	S	3191	0
pl1.rcc.uottawa.ca_planetlab-03.cs.princeton.edu_48193 2	851.222000	24625.544000	0.029000	0.003000	25476.798000	S	3195	0
planetlab1.cs.uoregon.edu_planetlab-03.cs.princeton.edu_14205 3	371.193000	25226.350000	0.055000	0.006000	25597.604000	S	3404	256
node1.planetlab.albany.edu_planetlab-03.cs.princeton.edu_36506 3	170.967000	25459.741000	0.040000	0.003000	25630.751000	S	3345	32
planetlab2.eecs.umich.edu_planetlab-03.cs.princeton.edu_15258 2	414.187000	25220.893000	0.093000	0.003000	25635.176000	S	3706	2048
node1.planetlab.albany.edu_planetlab-03.cs.princeton.edu_36572 3	162.263000	25613.492000	0.050000	0.004000	25775.809000	S	3347	32
planetlab1.cs.uoregon.edu_planetlab-03.cs.princeton.edu_14253 3	402.169000	25475.311000	0.058000	0.003000	25877.541000	S	3471	256
node1.planetlab.albany.edu_planetlab-03.cs.princeton.edu_36613 3	161.410000	25727.950000	0.048000	0.006000	25889.414000	S	3351	32
node1.planetlab.albany.edu_planetlab-03.cs.princeton.edu_36615 3	251.994000	25645.053000	0.038000	0.004000	25897.089000	S	3346	32
planetlab2.eecs.umich.edu_planetlab-03.cs.princeton.edu_15316 2	557.184000	25353.429000	0.083000	0.021000	25910.717000	S	3728	2048
node1.planetlab.albany.edu_planetlab-03.cs.princeton.edu_36649 3	165.618000	25875.957000	0.047000	0.004000	26041.626000	S	3355	32
planetlab1.cs.uoregon.edu_planetlab-03.cs.princeton.edu_14277 3	393.687000	25678.533000	0.054000	0.006000	26072.280000	S	3495	256
planetlab1.cs.uoregon.edu_planetlab-03.cs.princeton.edu_14282 3	383.114000	25704.795000	0.067000	0.006000	26087.982000	S	3499	256
planetlab1.cs.uoregon.edu_planetlab-03.cs.princeton.edu_14290 3	389.076000	25762.158000	0.061000	0.006000	26151.301000	S	3501	256
planetlab1.cs.uoregon.edu_planetlab-03.cs.princeton.edu_14292 3	388.598000	25770.005000	0.050000	0.004000	26158.657000	S	3502	256
planetlab1.cs.uoregon.edu_planetlab-03.cs.princeton.edu_14294 3	370.479000	25802.221000	0.060000	0.005000	26172.765000	S	3503	256
pl1.rcc.uottawa.ca_planetlab-03.cs.princeton.edu_48372 2	1678.202000	24524.660000	0.036000	0.002000	26202.900000	S	3196	0
pl1.rcc.uottawa.ca_planetlab-03.cs.princeton.edu_48375 2	1685.570000	24528.490000	0.042000	0.002000	26214.104000	S	3197	0
pl1.rcc.uottawa.ca_planetlab-03.cs.princeton.edu_48377 2	1678.254000	24537.466000	0.037000	0.003000	26215.760000	S	3199	0
planetlab1.cs.uoregon.edu_planetlab-03.cs.princeton.edu_14297 3	369.455000	25844.785000	0.053000	0.004000	26214.297000	S	3519	256
pl1.rcc.uottawa.ca_planetlab-03.cs.princeton.edu_48379 2	1682.159000	24536.864000	0.028000	0.004000	26219.055000	S	3198	0
planetlab2.eecs.umich.edu_planetlab-03.cs.princeton.edu_15433 2	1050.588000	25283.769000	0.083000	0.002000	26334.442000	S	3756	2048
planetlab1.cs.uoregon.edu_planetlab-03.cs.princeton.edu_14326 3	386.569000	26006.332000	0.071000	0.005000	26392.977000	S	3539	256
node1.planetlab.albany.edu_planetlab-03.cs.princeton.edu_36796 3	163.301000	26300.269000	0.050000	0.004000	26463.624000	S	3379	32
planetlab1.cs.uoregon.edu_planetlab-03.cs.princeton.edu_14336 3	367.529000	26108.111000	0.071000	0.005000	26475.716000	S	3567	256
planetlab2.eecs.umich.edu_planetlab-03.cs.princeton.edu_15480 2	1157.709000	25322.673000	0.082000	0.003000	26480.467000	S	3767	2048
pl1.rcc.uottawa.ca_planetlab-03.cs.princeton.edu_48537 2	1015.119000	25834.560000	0.029000	0.005000	26849.713000	S	3192	0
pl1.rcc.uottawa.ca_planetlab-03.cs.princeton.edu_48548 2	265.470000	26630.174000	0.040000	0.003000	26895.687000	S	3193	0
pl1.rcc.uottawa.ca_planetlab-03.cs.princeton.edu_48559 2	123.618000	26809.359000	0.036000	0.003000	26933.016000	S	3222	0
planetlab1.cs.uoregon.edu_planetlab-03.cs.princeton.edu_14406 3	379.181000	26646.733000	0.075000	0.005000	27025.994000	S	3631	256
planetlab1.eecs.umich.edu_planetlab-03.cs.princeton.edu_4784 3	251.377000	26799.237000	0.123000	0.003000	27050.740000	S	3477	2304
pl1.rcc.uottawa.ca_planetlab-03.cs.princeton.edu_48573 2	124.854000	26961.900000	0.031000	0.003000	27086.788000	S	3223	0
node1.planetlab.albany.edu_planetlab-03.cs.princeton.edu_37006 3	162.455000	26938.729000	0.043000	0.006000	27101.233000	S	3411	32
planetlab1.eecs.umich.edu_planetlab-03.cs.princeton.edu_4826 3	153.120000	27055.405000	0.085000	0.004000	27208.614000	S	3552	2304
planetlab-1.cse.ohio-state.edu_planetlab-03.cs.princeton.edu_4254 3	474.016000	26823.350000	0.061000	0.006000	27297.433000	S	3451	2560
planetlab-1.cse.ohio-state.edu_planetlab-03.cs.princeton.edu_4256 3	433.434000	26894.765000	0.053000	0.006000	27328.258000	S	3515	2560
planetlab-1.cse.ohio-state.edu_planetlab-03.cs.princeton.edu_4261 3	251.142000	27134.453000	0.061000	0.004000	27385.660000	S	3547	2560
planetlab-1.cse.ohio-state.edu_planetlab-03.cs.princeton.edu_4264 3	333.033000	27066.623000	0.051000	0.005000	27399.712000	S	3563	2560
planetlab-1.cse.ohio-state.edu_planetlab-03.cs.princeton.edu_4266 3	334.072000	27087.948000	0.068000	0.004000	27422.092000	S	3577	2560
planetlab-1.cse.ohio-state.edu_planetlab-03.cs.princeton.edu_4269 3	331.072000	27105.905000	0.046000	0.006000	27437.029000	S	3578	2560
planetlab-1.cse.ohio-state.edu_planetlab-03.cs.princeton.edu_4270 3	324.367000	27134.191000	0.045000	0.004000	27458.607000	S	3583	2560
planetlab-1.cse.ohio-state.edu_planetlab-03.cs.princeton.edu_4272 3	325.206000	27148.511000	0.051000	0.006000	27473.774000	S	3579	2560
planetlab-1.cse.ohio-state.edu_planetlab-03.cs.princeton.edu_4274 3	334.360000	27140.637000	0.040000	0.006000	27475.043000	S	3571	2560
planetlab1.rutgers.edu_planetlab-03.cs.princeton.edu_15732 3	447.400000	27310.626000	0.065000	0.006000	27758.097000	S	3360	512
planetlab1.rutgers.edu_planetlab-03.cs.princeton.edu_15740 3	458.098000	27311.213000	0.070000	0.007000	27769.388000	S	3362	512
planetlab1.rutgers.edu_planetlab-03.cs.princeton.edu_15748 3	455.732000	27323.881000	0.081000	0.011000	27779.705000	S	3363	512
planetlab1.rutgers.edu_planetlab-03.cs.princeton.edu_15750 3	453.461000	27327.547000	0.166000	0.003000	27781.177000	S	3366	512
node1.planetlab.albany.edu_planetlab-03.cs.princeton.edu_37232 3	162.540000	27619.336000	0.040000	0.005000	27781.921000	S	3439	32
planetlab1.cs.uoregon.edu_planetlab-03.cs.princeton.edu_14532 3	370.872000	27421.385000	0.063000	0.005000	27792.325000	S	3707	256
planetlab1.rutgers.edu_planetlab-03.cs.princeton.edu_15766 3	452.522000	27351.926000	0.087000	0.008000	27804.543000	S	3370	512
planetlab1.rutgers.edu_planetlab-03.cs.princeton.edu_15768 3	450.146000	27355.728000	0.073000	0.008000	27805.955000	S	3378	512
planetlab5.csee.usf.edu_planetlab-03.cs.princeton.edu_8729 3	570.246000	27293.403000	0.068000	0.006000	27863.723000	S	3691	608
planetlab1.rutgers.edu_planetlab-03.cs.princeton.edu_15829 3	445.429000	27471.940000	0.075000	0.005000	27917.449000	S	3422	512
planetlab1.rutgers.edu_planetlab-03.cs.princeton.edu_15832 3	446.495000	27476.590000	0.083000	0.006000	27923.174000	S	3426	512
planetlab1.rutgers.edu_planetlab-03.cs.princeton.edu_15854 3	449.888000	27512.395000	0.059000	0.006000	27962.348000	S	3490	512
planetlab1.rutgers.edu_planetlab-03.cs.princeton.edu_15878 3	451.005000	27570.466000	0.094000	0.012000	28021.577000	S	3508	512
planetlab1.rutgers.edu_planetlab-03.cs.princeton.edu_15882 3	444.692000	27579.389000	0.071000	0.007000	28024.159000	S	3521	512
planetlab1.cs.uoregon.edu_planetlab-03.cs.princeton.edu_14577 3	371.749000	27681.768000	0.056000	0.005000	28053.578000	S	3727	256
planetlab1.rutgers.edu_planetlab-03.cs.princeton.edu_15941 3	448.673000	27677.388000	0.099000	0.003000	28126.163000	S	3594	512
planetlab1.rutgers.edu_planetlab-03.cs.princeton.edu_15970 3	450.760000	27739.668000	0.086000	0.006000	28190.520000	S	3678	512
planetlab1.rutgers.edu_planetlab-03.cs.princeton.edu_15991 3	449.573000	27766.899000	0.076000	0.006000	28216.554000	S	3714	512
planetlab1.rutgers.edu_planetlab-03.cs.princeton.edu_15996 3	449.423000	27771.240000	0.074000	0.006000	28220.743000	S	3720	512
planetlab1.rutgers.edu_planetlab-03.cs.princeton.edu_16001 3	448.564000	27783.426000	0.075000	0.007000	28232.072000	S	3722	512
planetlab1.cs.uoregon.edu_planetlab-03.cs.princeton.edu_14600 3	369.272000	27877.197000	0.056000	0.005000	28246.530000	S	3729	256
planetlab1.rutgers.edu_planetlab-03.cs.princeton.edu_16015 3	448.653000	27804.796000	0.172000	0.006000	28253.627000	S	3723	512
planetlab1.rutgers.edu_planetlab-03.cs.princeton.edu_16018 3	448.347000	27811.523000	0.104000	0.053000	28260.027000	S	3726	512
planetlab1.rutgers.edu_planetlab-03.cs.princeton.edu_16021 3	447.243000	27817.936000	0.082000	0.006000	28265.267000	S	3738	512
planetlab1.rutgers.edu_planetlab-03.cs.princeton.edu_16035 3	449.273000	27851.976000	0.084000	0.006000	28301.339000	S	3754	512
planetlab1.rutgers.edu_planetlab-03.cs.princeton.edu_16042 3	446.788000	27864.196000	0.126000	0.004000	28311.114000	S	3764	512
node1.planetlab.albany.edu_planetlab-03.cs.princeton.edu_37455 3	163.294000	28243.314000	0.041000	0.004000	28406.653000	S	3461	32
planetlab1.cs.uoregon.edu_planetlab-03.cs.princeton.edu_14651 3	479.877000	28110.973000	0.063000	0.004000	28590.917000	S	3751	256
node1.planetlab.albany.edu_planetlab-03.cs.princeton.edu_37527 3	161.677000	28470.962000	0.052000	0.005000	28632.696000	S	3475	32
planetlab1.cs.uoregon.edu_planetlab-03.cs.princeton.edu_14664 3	460.834000	28272.021000	0.059000	0.005000	28732.919000	S	3755	256
planetlab1.cs.uoregon.edu_planetlab-03.cs.princeton.edu_14667 3	454.109000	28292.757000	0.044000	0.006000	28746.916000	S	3757	256
planetlab1.cs.uoregon.edu_planetlab-03.cs.princeton.edu_14676 3	446.717000	28372.254000	0.067000	0.004000	28819.042000	S	3758	256
planetlab1.cs.uoregon.edu_planetlab-03.cs.princeton.edu_14685 3	427.606000	28478.854000	0.059000	0.005000	28906.524000	S	3759	256
pl1.rcc.uottawa.ca_planetlab-03.cs.princeton.edu_48712 2	128.372000	28992.242000	0.044000	0.004000	29120.662000	S	3229	0
pl1.rcc.uottawa.ca_planetlab-03.cs.princeton.edu_48738 2	123.459000	29480.716000	0.042000	0.003000	29604.220000	S	3230	0
node1.planetlab.albany.edu_planetlab-03.cs.princeton.edu_37834 3	1176.536000	28466.786000	0.048000	0.004000	29643.374000	S	3568	32
pl1.rcc.uottawa.ca_planetlab-03.cs.princeton.edu_48749 2	124.053000	29641.310000	0.031000	0.004000	29765.398000	S	3231	0
planetlab1.williams.edu_planetlab-03.cs.princeton.edu_5398 3	89.416000	29773.372000	0.039000	0.005000	29862.832000	S	3393	2176
pl1.rcc.uottawa.ca_planetlab-03.cs.princeton.edu_48787 2	124.825000	29879.184000	0.032000	0.004000	30004.045000	S	3233	0
node1.planetlab.albany.edu_planetlab-03.cs.princeton.edu_37928 3	918.996000	29105.851000	0.039000	0.004000	30024.890000	S	3587	32
pl1.rcc.uottawa.ca_planetlab-03.cs.princeton.edu_48796 2	125.821000	29909.808000	0.037000	0.003000	30035.669000	S	3237	0
pl1.rcc.uottawa.ca_planetlab-03.cs.princeton.edu_48827 2	131.730000	30025.078000	0.041000	0.004000	30156.853000	S	3242	0
roam2.cs.ou.edu_planetlab-03.cs.princeton.edu_17014 2	167.191000	30054.430000	0.085000	0.003000	30221.709000	S	3616	48
pl1.rcc.uottawa.ca_planetlab-03.cs.princeton.edu_48892 2	284.338000	30116.475000	0.043000	0.003000	30400.859000	S	3221	0
pl1.rcc.uottawa.ca_planetlab-03.cs.princeton.edu_48964 2	125.202000	30642.085000	0.029000	0.003000	30767.319000	S	3249	0
node1.planetlab.albany.edu_planetlab-03.cs.princeton.edu_38209 3	3169.476000	27766.464000	0.052000	0.004000	30935.996000	S	3601	32
pl1.rcc.uottawa.ca_planetlab-03.cs.princeton.edu_49009 2	130.897000	30820.429000	0.031000	0.002000	30951.359000	S	3252	0
roam2.cs.ou.edu_planetlab-03.cs.princeton.edu_17258 2	172.007000	30874.008000	0.042000	0.001000	31046.058000	S	3712	48
node1.planetlab.albany.edu_planetlab-03.cs.princeton.edu_38256 3	176.007000	30903.119000	0.073000	0.006000	31079.205000	S	3607	32
pl1.rcc.uottawa.ca_planetlab-03.cs.princeton.edu_49044 2	303.442000	30866.535000	0.031000	0.003000	31170.011000	S	3227	0
pl1.rcc.uottawa.ca_planetlab-03.cs.princeton.edu_49053 2	3151.508000	28068.438000	0.037000	0.003000	31219.986000	S	3200	0
node1.planetlab.albany.edu_planetlab-03.cs.princeton.edu_38291 3	187.651000	31033.305000	0.053000	0.009000	31221.018000	S	3611	32
node1.planetlab.albany.edu_planetlab-03.cs.princeton.edu_38298 3	3187.994000	28053.463000	0.043000	0.006000	31241.506000	S	3602	32
node1.planetlab.albany.edu_planetlab-03.cs.princeton.edu_38317 3	3190.945000	28108.026000	0.039000	0.004000	31299.014000	S	3603	32
roam2.cs.ou.edu_planetlab-03.cs.princeton.edu_17349 2	196.941000	31150.817000	0.040000	0.004000	31347.802000	S	3744	48
roam2.cs.ou.edu_planetlab-03.cs.princeton.edu_17352 2	200.268000	31156.459000	0.035000	0.002000	31356.764000	S	3745	48
roam2.cs.ou.edu_planetlab-03.cs.princeton.edu_17356 2	197.409000	31170.483000	0.026000	0.003000	31367.921000	S	3746	48
pl1.rcc.uottawa.ca_planetlab-03.cs.princeton.edu_49093 2	163.503000	31215.601000	0.040000	0.003000	31379.147000	S	3253	0
roam2.cs.ou.edu_planetlab-03.cs.princeton.edu_17364 2	201.626000	31194.506000	0.038000	0.003000	31396.173000	S	3748	48
roam2.cs.ou.edu_planetlab-03.cs.princeton.edu_17369 2	206.230000	31212.295000	0.036000	0.005000	31418.566000	S	3752	48
planetlab2.netlab.uky.edu_planetlab-03.cs.princeton.edu_12966 4	577.925000	30856.080000	0.106000	0.014000	31434.125000	S	3564	544
pl1.rcc.uottawa.ca_planetlab-03.cs.princeton.edu_49110 2	168.872000	31289.660000	0.029000	0.004000	31458.565000	S	3255	0
pl1.rcc.uottawa.ca_planetlab-03.cs.princeton.edu_49118 2	3168.245000	28327.038000	0.031000	0.003000	31495.317000	S	3215	0
planetlab2.netlab.uky.edu_planetlab-03.cs.princeton.edu_12995 4	580.798000	30929.068000	0.298000	0.012000	31510.176000	S	3652	544
roam2.cs.ou.edu_planetlab-03.cs.princeton.edu_17401 2	212.111000	31329.523000	0.036000	0.002000	31541.672000	S	3760	48
pl1.rcc.uottawa.ca_planetlab-03.cs.princeton.edu_49176 2	187.949000	31535.588000	0.031000	0.003000	31723.571000	S	3261	0
node1.planetlab.albany.edu_planetlab-03.cs.princeton.edu_38424 3	227.972000	31525.666000	0.050000	0.034000	31753.722000	S	3629	32
node1.planetlab.albany.edu_planetlab-03.cs.princeton.edu_38483 3	244.383000	31725.286000	0.046000	0.006000	31969.721000	S	3635	32
pl1.rcc.uottawa.ca_planetlab-03.cs.princeton.edu_49256 2	221.606000	31939.345000	0.061000	0.004000	32161.016000	S	3269	0
flow.colgate.edu_planetlab-03.cs.princeton.edu_11282 2	109.730000	32336.708000	0.060000	0.006000	32446.504000	S	3511	192
node1.planetlab.albany.edu_planetlab-03.cs.princeton.edu_38633 3	296.263000	32267.622000	0.050000	0.003000	32563.938000	S	3667	32
node1.planetlab.albany.edu_planetlab-03.cs.princeton.edu_38672 3	210.727000	32404.973000	0.079000	0.005000	32615.784000	S	3672	32
pl1.rcc.uottawa.ca_planetlab-03.cs.princeton.edu_49403 2	127.945000	32783.628000	0.132000	0.003000	32911.708000	S	3274	0
pl1.rcc.uottawa.ca_planetlab-03.cs.princeton.edu_49511 2	129.139000	33121.801000	0.027000	0.003000	33250.970000	S	3284	0
pl1.rcc.uottawa.ca_planetlab-03.cs.princeton.edu_49528 2	126.965000	33180.093000	0.038000	0.003000	33307.099000	S	3285	0
pl1.rcc.uottawa.ca_planetlab-03.cs.princeton.edu_49597 2	319.028000	33229.088000	0.037000	0.003000	33548.156000	S	3263	0
pl1.rcc.uottawa.ca_planetlab-03.cs.princeton.edu_49673 2	130.438000	33688.719000	0.034000	0.004000	33819.195000	S	3287	0
node1.planetlab.albany.edu_planetlab-03.cs.princeton.edu_39168 3	161.507000	34217.805000	0.043000	0.006000	34379.361000	S	3731	32
pl1.rcc.uottawa.ca_planetlab-03.cs.princeton.edu_49892 2	136.548000	34373.757000	0.036000	0.003000	34510.344000	S	3293	0
pl1.rcc.uottawa.ca_planetlab-03.cs.princeton.edu_49916 2	129.232000	34444.663000	0.030000	0.002000	34573.927000	S	3295	0
pl1.rcc.uottawa.ca_planetlab-03.cs.princeton.edu_50026 2	132.614000	34763.194000	0.038000	0.003000	34895.849000	S	3298	0
pl1.rcc.uottawa.ca_planetlab-03.cs.princeton.edu_50049 2	130.079000	34817.720000	0.031000	0.002000	34947.832000	S	3300	0
pl1.rcc.uottawa.ca_planetlab-03.cs.princeton.edu_50051 2	132.278000	34822.771000	0.036000	0.003000	34955.088000	S	3299	0
pl1.rcc.uottawa.ca_planetlab-03.cs.princeton.edu_50080 2	125.110000	34911.962000	0.040000	0.003000	35037.115000	S	3301	0
pl1.rcc.uottawa.ca_planetlab-03.cs.princeton.edu_50112 2	332.172000	34804.886000	0.356000	0.002000	35137.416000	S	3281	0
pl1.rcc.uottawa.ca_planetlab-03.cs.princeton.edu_50133 2	131.041000	35052.325000	0.061000	0.003000	35183.430000	S	3304	0
pl1.rcc.uottawa.ca_planetlab-03.cs.princeton.edu_50169 2	133.684000	35153.299000	0.030000	0.003000	35287.016000	S	3307	0
pl1.rcc.uottawa.ca_planetlab-03.cs.princeton.edu_50193 2	131.835000	35194.290000	0.081000	0.003000	35326.209000	S	3309	0
pl1.rcc.uottawa.ca_planetlab-03.cs.princeton.edu_50197 2	128.347000	35207.253000	0.276000	0.003000	35335.879000	S	3310	0
planetlabpc2.upf.edu_planetlab-03.cs.princeton.edu_3804 4	768.588000	34574.838000	0.092000	0.009000	35343.527000	S	3741	2592
pl1.rcc.uottawa.ca_planetlab-03.cs.princeton.edu_50232 2	126.554000	35313.248000	0.037000	0.004000	35439.843000	S	3312	0
pl1.rcc.uottawa.ca_planetlab-03.cs.princeton.edu_50262 2	131.692000	35385.774000	0.041000	0.003000	35517.510000	S	3313	0
pl1.rcc.uottawa.ca_planetlab-03.cs.princeton.edu_50272 2	132.712000	35405.737000	0.043000	0.005000	35538.497000	S	3316	0
pl1.rcc.uottawa.ca_planetlab-03.cs.princeton.edu_50276 2	134.059000	35415.365000	0.030000	0.003000	35549.457000	S	3317	0
pl1.rcc.uottawa.ca_planetlab-03.cs.princeton.edu_50279 2	133.051000	35424.915000	0.037000	0.004000	35558.007000	S	3315	0
pl1.rcc.uottawa.ca_planetlab-03.cs.princeton.edu_50310 2	131.005000	35504.991000	0.032000	0.003000	35636.031000	S	3318	0
pl1.rcc.uottawa.ca_planetlab-03.cs.princeton.edu_50319 2	134.321000	35526.231000	0.305000	0.003000	35660.860000	S	3319	0
pl1.rcc.uottawa.ca_planetlab-03.cs.princeton.edu_50348 2	133.663000	35599.972000	0.040000	0.004000	35733.679000	S	3321	0
pl1.rcc.uottawa.ca_planetlab-03.cs.princeton.edu_50360 2	133.101000	35623.764000	0.045000	0.002000	35756.912000	S	3322	0
pl1.rcc.uottawa.ca_planetlab-03.cs.princeton.edu_50385 2	339.927000	35484.606000	0.039000	0.002000	35824.574000	S	3297	0
pl1.rcc.uottawa.ca_planetlab-03.cs.princeton.edu_50391 2	134.739000	35699.529000	0.040000	0.003000	35834.311000	S	3325	0
pl1.rcc.uottawa.ca_planetlab-03.cs.princeton.edu_50420 2	133.270000	35749.043000	0.032000	0.003000	35882.348000	S	3328	0
flow.colgate.edu_planetlab-03.cs.princeton.edu_11703 2	142.855000	36065.564000	0.067000	0.006000	36208.492000	S	3615	192
pl1.rcc.uottawa.ca_planetlab-03.cs.princeton.edu_50558 2	343.785000	35881.021000	0.036000	0.004000	36224.846000	S	3306	0
pl1.rcc.uottawa.ca_planetlab-03.cs.princeton.edu_50842 2	134.412000	37054.119000	0.054000	0.003000	37188.588000	S	3339	0
planetlab-01.bu.edu_planetlab-03.cs.princeton.edu_7812 4	607.713000	36729.333000	0.075000	0.008000	37337.129000	S	3628	640
planetlab-01.bu.edu_planetlab-03.cs.princeton.edu_7814 4	607.506000	36735.088000	0.066000	0.005000	37342.665000	S	3673	640
planetlab-01.bu.edu_planetlab-03.cs.princeton.edu_7817 4	606.045000	36744.354000	0.084000	0.007000	37350.490000	S	3763	640
pl1.rcc.uottawa.ca_planetlab-03.cs.princeton.edu_50895 2	345.241000	37054.283000	0.030000	0.004000	37399.558000	S	3327	0
pl1.rcc.uottawa.ca_planetlab-03.cs.princeton.edu_50996 2	128.455000	37790.632000	0.038000	0.003000	37919.128000	S	3349	0
pl1.rcc.uottawa.ca_planetlab-03.cs.princeton.edu_51140 2	122.320000	38470.663000	0.388000	0.003000	38593.374000	S	3358	0
pl1.rcc.uottawa.ca_planetlab-03.cs.princeton.edu_51161 2	123.904000	38594.726000	0.034000	0.003000	38718.667000	S	3361	0
pl1.rcc.uottawa.ca_planetlab-03.cs.princeton.edu_51283 2	121.599000	39140.904000	0.033000	0.002000	39262.538000	S	3365	0
pl1.rcc.uottawa.ca_planetlab-03.cs.princeton.edu_51462 2	125.438000	39867.012000	0.033000	0.005000	39992.488000	S	3374	0
pl1.rcc.uottawa.ca_planetlab-03.cs.princeton.edu_51535 2	124.852000	40076.892000	0.036000	0.003000	40201.783000	S	3377	0
pl1.rcc.uottawa.ca_planetlab-03.cs.princeton.edu_51587 2	122.347000	40228.732000	0.033000	0.003000	40351.115000	S	3380	0
pl1.rcc.uottawa.ca_planetlab-03.cs.princeton.edu_51605 2	125.710000	40272.168000	0.029000	0.002000	40397.909000	S	3381	0
pl1.rcc.uottawa.ca_planetlab-03.cs.princeton.edu_51664 2	123.914000	40437.363000	0.033000	0.004000	40561.314000	S	3382	0
pl1.rcc.uottawa.ca_planetlab-03.cs.princeton.edu_51679 2	126.375000	40479.055000	0.039000	0.004000	40605.473000	S	3383	0
pl1.rcc.uottawa.ca_planetlab-03.cs.princeton.edu_51723 2	124.773000	40584.918000	0.033000	0.003000	40709.727000	S	3386	0
pl1.rcc.uottawa.ca_planetlab-03.cs.princeton.edu_51740 2	124.738000	40648.350000	0.038000	0.004000	40773.130000	S	3388	0
pl1.rcc.uottawa.ca_planetlab-03.cs.princeton.edu_51757 2	123.196000	40717.163000	0.135000	0.003000	40840.497000	S	3389	0
pl1.rcc.uottawa.ca_planetlab-03.cs.princeton.edu_51790 2	125.210000	40802.710000	0.031000	0.003000	40927.954000	S	3390	0
pl1.rcc.uottawa.ca_planetlab-03.cs.princeton.edu_51811 2	125.040000	40849.844000	0.030000	0.003000	40974.917000	S	3391	0
pl1.rcc.uottawa.ca_planetlab-03.cs.princeton.edu_51844 2	127.091000	40935.771000	0.030000	0.003000	41062.895000	S	3395	0
pl1.rcc.uottawa.ca_planetlab-03.cs.princeton.edu_51867 2	123.339000	41005.158000	0.041000	0.003000	41128.541000	S	3397	0
pl1.rcc.uottawa.ca_planetlab-03.cs.princeton.edu_51912 2	122.140000	41120.962000	0.037000	0.003000	41243.142000	S	3401	0
pl1.rcc.uottawa.ca_planetlab-03.cs.princeton.edu_51928 2	125.347000	41155.191000	0.034000	0.003000	41280.575000	S	3402	0
pl1.rcc.uottawa.ca_planetlab-03.cs.princeton.edu_51932 2	125.351000	41160.132000	0.039000	0.003000	41285.525000	S	3403	0
pl1.rcc.uottawa.ca_planetlab-03.cs.princeton.edu_51976 2	126.214000	41293.092000	0.041000	0.003000	41419.350000	S	3407	0
pl1.rcc.uottawa.ca_planetlab-03.cs.princeton.edu_52001 2	125.196000	41385.576000	0.047000	0.004000	41510.823000	S	3409	0
pl1.rcc.uottawa.ca_planetlab-03.cs.princeton.edu_52062 2	125.410000	41578.728000	0.053000	0.002000	41704.193000	S	3413	0
pl1.rcc.uottawa.ca_planetlab-03.cs.princeton.edu_52065 2	126.193000	41595.908000	0.031000	0.003000	41722.135000	S	3412	0
pl1.rcc.uottawa.ca_planetlab-03.cs.princeton.edu_52122 2	128.208000	41814.120000	0.054000	0.002000	41942.384000	S	3415	0
pl1.rcc.uottawa.ca_planetlab-03.cs.princeton.edu_52179 2	121.337000	44924.003000	0.069000	0.003000	45045.412000	S	3419	0
pl1.rcc.uottawa.ca_planetlab-03.cs.princeton.edu_52192 2	415.733000	44974.549000	0.037000	0.002000	45390.321000	S	3421	0
pl1.rcc.uottawa.ca_planetlab-03.cs.princeton.edu_52317 2	121.847000	45428.019000	0.027000	0.003000	45549.896000	S	3428	0
pl1.rcc.uottawa.ca_planetlab-03.cs.princeton.edu_52356 2	129.464000	45572.717000	0.143000	0.004000	45702.328000	S	3429	0
pl1.rcc.uottawa.ca_planetlab-03.cs.princeton.edu_52280 2	438.179000	45275.558000	0.030000	0.002000	45713.769000	S	3425	0
pl1.rcc.uottawa.ca_planetlab-03.cs.princeton.edu_52411 2	437.700000	45783.667000	0.029000	0.004000	46221.400000	S	3431	0
pl1.rcc.uottawa.ca_planetlab-03.cs.princeton.edu_52519 2	129.069000	46108.243000	0.044000	0.003000	46237.359000	S	3435	0
pl1.rcc.uottawa.ca_planetlab-03.cs.princeton.edu_52599 2	133.826000	46356.931000	0.025000	0.003000	46490.785000	S	3437	0
pl1.rcc.uottawa.ca_planetlab-03.cs.princeton.edu_52615 2	3138.522000	43398.450000	0.042000	0.007000	46537.021000	S	3303	0
pl1.rcc.uottawa.ca_planetlab-03.cs.princeton.edu_52673 2	127.622000	46613.636000	0.148000	0.004000	46741.410000	S	3440	0
pl1.rcc.uottawa.ca_planetlab-03.cs.princeton.edu_52690 2	126.047000	46681.064000	0.033000	0.003000	46807.147000	S	3441	0
pl1.rcc.uottawa.ca_planetlab-03.cs.princeton.edu_52741 2	126.218000	46859.660000	0.033000	0.002000	46985.913000	S	3443	0
pl1.rcc.uottawa.ca_planetlab-03.cs.princeton.edu_52816 2	131.188000	47095.539000	0.030000	0.002000	47226.759000	S	3444	0
pl1.rcc.uottawa.ca_planetlab-03.cs.princeton.edu_52843 2	131.576000	47187.593000	0.032000	0.003000	47319.204000	S	3445	0
pl1.rcc.uottawa.ca_planetlab-03.cs.princeton.edu_52939 2	132.580000	47583.600000	0.032000	0.004000	47716.216000	S	3447	0
pl1.rcc.uottawa.ca_planetlab-03.cs.princeton.edu_52922 2	451.624000	47480.937000	0.051000	0.003000	47932.615000	S	3446	0
pl1.rcc.uottawa.ca_planetlab-03.cs.princeton.edu_52994 2	135.642000	47856.221000	0.049000	0.002000	47991.914000	S	3449	0
pl1.rcc.uottawa.ca_planetlab-03.cs.princeton.edu_53013 2	130.510000	47935.679000	0.041000	0.003000	48066.233000	S	3452	0
pl1.rcc.uottawa.ca_planetlab-03.cs.princeton.edu_53033 2	134.327000	48010.643000	0.038000	0.003000	48145.011000	S	3453	0
pl1.rcc.uottawa.ca_planetlab-03.cs.princeton.edu_53045 2	135.962000	48062.902000	0.034000	0.003000	48198.901000	S	3454	0
pl1.rcc.uottawa.ca_planetlab-03.cs.princeton.edu_53068 2	124.106000	48159.000000	0.224000	0.002000	48283.332000	S	3455	0
pl1.rcc.uottawa.ca_planetlab-03.cs.princeton.edu_53091 2	131.548000	48252.488000	0.035000	0.003000	48384.074000	S	3457	0
planetlab01.sys.virginia.edu_planetlab-03.cs.princeton.edu_6452 2	1208.084000	47583.208000	0.095000	0.005000	48791.392000	S	3179	144
pl1.rcc.uottawa.ca_planetlab-03.cs.princeton.edu_53394 2	123.048000	49942.467000	0.033000	0.002000	50065.550000	S	3487	0
pl1.rcc.uottawa.ca_planetlab-03.cs.princeton.edu_53418 2	122.464000	50072.461000	0.032000	0.003000	50194.960000	S	3488	0
pl1.rcc.uottawa.ca_planetlab-03.cs.princeton.edu_53440 2	123.760000	50175.736000	0.031000	0.003000	50299.530000	S	3489	0
pl1.rcc.uottawa.ca_planetlab-03.cs.princeton.edu_53442 2	124.638000	50177.738000	0.027000	0.003000	50302.406000	S	3491	0
pl1.rcc.uottawa.ca_planetlab-03.cs.princeton.edu_53475 2	124.972000	50435.569000	0.039000	0.003000	50560.583000	S	3493	0
pl1.rcc.uottawa.ca_planetlab-03.cs.princeton.edu_53480 2	124.270000	50484.921000	0.036000	0.010000	50609.237000	S	3497	0
pl1.rcc.uottawa.ca_planetlab-03.cs.princeton.edu_53562 2	149.251000	51240.506000	0.037000	0.003000	51389.797000	S	3505	0
pl1.rcc.uottawa.ca_planetlab-03.cs.princeton.edu_53591 2	196.088000	51475.461000	0.028000	0.003000	51671.580000	S	3509	0
pl1.rcc.uottawa.ca_planetlab-03.cs.princeton.edu_53659 2	122.299000	52251.474000	0.027000	0.003000	52373.803000	S	3518	0
aguila2.lsi.upc.edu_planetlab-03.cs.princeton.edu_7447 2	430.540000	53465.108000	0.034000	0.004000	53895.686000	S	3357	576
planetlab1.cs.pitt.edu_planetlab-03.cs.princeton.edu_9894 4	417.047000	53853.651000	0.087000	0.005000	54270.790000	S	3650	384
planetlab1.cs.pitt.edu_planetlab-03.cs.princeton.edu_9896 4	422.354000	53855.322000	0.062000	0.003000	54277.741000	S	3648	384
planetlab1.cs.pitt.edu_planetlab-03.cs.princeton.edu_9898 4	398.744000	53887.176000	0.070000	0.015000	54286.005000	S	3654	384
planetlab1.cs.pitt.edu_planetlab-03.cs.princeton.edu_9900 4	413.129000	53881.314000	0.074000	0.027000	54294.544000	S	3651	384
planetlab1.cs.pitt.edu_planetlab-03.cs.princeton.edu_9904 4	404.957000	53904.697000	0.064000	0.005000	54309.723000	S	3658	384
planetlab1.cs.pitt.edu_planetlab-03.cs.princeton.edu_9908 4	408.748000	53937.536000	0.051000	0.006000	54346.341000	S	3666	384
planetlab1.cs.pitt.edu_planetlab-03.cs.princeton.edu_9910 4	346.503000	54015.007000	0.050000	0.004000	54361.564000	S	3682	384
planetlab5.eecs.umich.edu_planetlab-03.cs.princeton.edu_9093 5	661.206000	53738.888000	0.103000	0.015000	54400.212000	S	3364	416
aguila2.lsi.upc.edu_planetlab-03.cs.princeton.edu_7482 2	428.607000	53998.955000	0.019000	0.003000	54427.584000	S	3373	576
pl1.rcc.uottawa.ca_planetlab-03.cs.princeton.edu_53842 2	122.037000	54552.253000	0.040000	0.003000	54674.333000	S	3531	0
planetlab1.cs.pitt.edu_planetlab-03.cs.princeton.edu_9942 4	3345.311000	51546.793000	0.056000	0.006000	54892.166000	S	3586	384
aguila2.lsi.upc.edu_planetlab-03.cs.princeton.edu_7524 2	424.087000	54656.334000	0.020000	0.004000	55080.445000	S	3405	576
aguila2.lsi.upc.edu_planetlab-03.cs.princeton.edu_7553 2	425.288000	55112.782000	0.048000	0.004000	55538.122000	S	3469	576
pl1.rcc.uottawa.ca_planetlab-03.cs.princeton.edu_53981 2	124.859000	56171.175000	0.031000	0.002000	56296.067000	S	3541	0
pl1.rcc.uottawa.ca_planetlab-03.cs.princeton.edu_54024 2	124.395000	56441.844000	0.035000	0.002000	56566.276000	S	3549	0
pl1.rcc.uottawa.ca_planetlab-03.cs.princeton.edu_54060 2	123.552000	56584.673000	0.032000	0.003000	56708.260000	S	3553	0
pl1.rcc.uottawa.ca_planetlab-03.cs.princeton.edu_54106 2	122.916000	56783.046000	0.032000	0.003000	56905.997000	S	3557	0
pl1.rcc.uottawa.ca_planetlab-03.cs.princeton.edu_54163 2	122.010000	57023.240000	0.033000	0.004000	57145.287000	S	3562	0
pl1.rcc.uottawa.ca_planetlab-03.cs.princeton.edu_54229 2	120.764000	57264.032000	0.032000	0.003000	57384.831000	S	3569	0
pl1.rcc.uottawa.ca_planetlab-03.cs.princeton.edu_54244 2	124.359000	57315.235000	0.247000	0.002000	57439.843000	S	3572	0
pl1.rcc.uottawa.ca_planetlab-03.cs.princeton.edu_54297 2	121.974000	57520.254000	0.037000	0.002000	57642.267000	S	3573	0
pl1.rcc.uottawa.ca_planetlab-03.cs.princeton.edu_54370 2	124.601000	57724.806000	0.031000	0.003000	57849.441000	S	3575	0
pl1.rcc.uottawa.ca_planetlab-03.cs.princeton.edu_54445 2	122.503000	57996.000000	0.041000	0.003000	58118.547000	S	3581	0
pl1.rcc.uottawa.ca_planetlab-03.cs.princeton.edu_54497 2	123.962000	58171.382000	0.035000	0.003000	58295.382000	S	3584	0
pl1.rcc.uottawa.ca_planetlab-03.cs.princeton.edu_54517 2	122.787000	58233.382000	0.031000	0.002000	58356.202000	S	3585	0
pl1.rcc.uottawa.ca_planetlab-03.cs.princeton.edu_54584 2	123.252000	58434.911000	0.068000	0.003000	58558.234000	S	3592	0
pl1.rcc.uottawa.ca_planetlab-03.cs.princeton.edu_54587 2	123.065000	58450.793000	0.038000	0.048000	58573.944000	S	3593	0
pl1.rcc.uottawa.ca_planetlab-03.cs.princeton.edu_54603 2	128.463000	58493.888000	0.040000	0.002000	58622.393000	S	3595	0
pl1.rcc.uottawa.ca_planetlab-03.cs.princeton.edu_54663 2	126.916000	58685.465000	0.038000	0.003000	58812.422000	S	3597	0
planetlab1.cs.uiuc.edu_planetlab-03.cs.princeton.edu_19201 3	1060.650000	57830.264000	0.116000	0.018000	58891.048000	S	3208	128
pl1.rcc.uottawa.ca_planetlab-03.cs.princeton.edu_55113 2	209.424000	60014.490000	0.029000	0.002000	60223.945000	S	3605	0
pl1.rcc.uottawa.ca_planetlab-03.cs.princeton.edu_55137 2	218.289000	60094.315000	0.041000	0.002000	60312.647000	S	3606	0
pl1.rcc.uottawa.ca_planetlab-03.cs.princeton.edu_55182 2	229.214000	60215.145000	0.044000	0.003000	60444.406000	S	3609	0
pl1.rcc.uottawa.ca_planetlab-03.cs.princeton.edu_55324 2	123.820000	60590.076000	0.033000	0.004000	60713.933000	S	3621	0
pl1.rcc.uottawa.ca_planetlab-03.cs.princeton.edu_55368 2	124.562000	60697.417000	0.038000	0.005000	60822.022000	S	3625	0
pl1.rcc.uottawa.ca_planetlab-03.cs.princeton.edu_55441 2	124.913000	60856.284000	0.032000	0.002000	60981.231000	S	3633	0
pl1.rcc.uottawa.ca_planetlab-03.cs.princeton.edu_55453 2	121.110000	60891.510000	0.052000	0.003000	61012.675000	S	3636	0
pl1.rcc.uottawa.ca_planetlab-03.cs.princeton.edu_55470 2	123.185000	60923.278000	0.035000	0.004000	61046.502000	S	3637	0
pl1.rcc.uottawa.ca_planetlab-03.cs.princeton.edu_55503 2	126.590000	60995.982000	0.054000	1.194000	61123.820000	S	3639	0
pl1.rcc.uottawa.ca_planetlab-03.cs.princeton.edu_55576 2	122.941000	61146.453000	0.036000	0.003000	61269.433000	S	3645	0
pl1.rcc.uottawa.ca_planetlab-03.cs.princeton.edu_55648 2	124.609000	61311.448000	0.034000	0.002000	61436.093000	S	3653	0
pl1.rcc.uottawa.ca_planetlab-03.cs.princeton.edu_55651 2	122.148000	61313.976000	0.036000	0.004000	61436.164000	S	3657	0
pl1.rcc.uottawa.ca_planetlab-03.cs.princeton.edu_55696 2	124.939000	61426.074000	0.036000	0.002000	61551.051000	S	3665	0
pl1.rcc.uottawa.ca_planetlab-03.cs.princeton.edu_55728 2	121.850000	61501.204000	0.031000	0.003000	61623.088000	S	3668	0
pl1.rcc.uottawa.ca_planetlab-03.cs.princeton.edu_55732 2	132.987000	61508.180000	0.040000	0.003000	61641.210000	S	3669	0
pl1.rcc.uottawa.ca_planetlab-03.cs.princeton.edu_55747 2	125.512000	61538.877000	0.033000	0.005000	61664.427000	S	3671	0
pl1.rcc.uottawa.ca_planetlab-03.cs.princeton.edu_55792 2	126.616000	61654.715000	0.151000	0.003000	61781.485000	S	3677	0
pl1.rcc.uottawa.ca_planetlab-03.cs.princeton.edu_55839 2	126.404000	61775.949000	0.036000	0.003000	61902.392000	S	3681	0
pl1.rcc.uottawa.ca_planetlab-03.cs.princeton.edu_55855 2	123.814000	61816.770000	0.035000	0.002000	61940.621000	S	3683	0
pl1.rcc.uottawa.ca_planetlab-03.cs.princeton.edu_55865 2	126.295000	61839.564000	0.029000	0.003000	61965.891000	S	3684	0
pl1.rcc.uottawa.ca_planetlab-03.cs.princeton.edu_55882 2	125.073000	61882.535000	0.029000	0.002000	62007.639000	S	3685	0
pl1.rcc.uottawa.ca_planetlab-03.cs.princeton.edu_55895 2	125.269000	61912.161000	0.034000	0.004000	62037.468000	S	3687	0
pl1.rcc.uottawa.ca_planetlab-03.cs.princeton.edu_55921 2	125.622000	61979.308000	0.034000	0.003000	62104.967000	S	3693	0
pl1.rcc.uottawa.ca_planetlab-03.cs.princeton.edu_55933 2	122.195000	62007.624000	0.032000	0.003000	62129.854000	S	3696	0
pl1.rcc.uottawa.ca_planetlab-03.cs.princeton.edu_55951 2	127.933000	62036.119000	0.040000	0.003000	62164.095000	S	3697	0
pl1.rcc.uottawa.ca_planetlab-03.cs.princeton.edu_55958 2	123.992000	62060.765000	0.031000	0.003000	62184.791000	S	3699	0
pl1.rcc.uottawa.ca_planetlab-03.cs.princeton.edu_55964 2	122.808000	62073.494000	0.050000	0.003000	62196.355000	S	3700	0
pl1.rcc.uottawa.ca_planetlab-03.cs.princeton.edu_55967 2	123.382000	62082.940000	0.033000	0.003000	62206.358000	S	3701	0
pl1.rcc.uottawa.ca_planetlab-03.cs.princeton.edu_55970 2	123.992000	62094.827000	0.030000	0.002000	62218.851000	S	3702	0
pl1.rcc.uottawa.ca_planetlab-03.cs.princeton.edu_55981 2	123.669000	62120.118000	0.035000	0.003000	62243.825000	S	3703	0
pl1.rcc.uottawa.ca_planetlab-03.cs.princeton.edu_55993 2	121.334000	62150.750000	0.032000	0.003000	62272.119000	S	3705	0
pl1.rcc.uottawa.ca_planetlab-03.cs.princeton.edu_56000 2	125.138000	62161.138000	0.041000	0.002000	62286.319000	S	3708	0
pl1.rcc.uottawa.ca_planetlab-03.cs.princeton.edu_56017 2	124.213000	62205.937000	0.035000	0.003000	62330.188000	S	3709	0
pl1.rcc.uottawa.ca_planetlab-03.cs.princeton.edu_56052 2	121.853000	62292.662000	0.031000	0.003000	62414.549000	S	3711	0
pl1.rcc.uottawa.ca_planetlab-03.cs.princeton.edu_56072 2	122.369000	62348.931000	0.031000	0.002000	62471.333000	S	3718	0
pl1.rcc.uottawa.ca_planetlab-03.cs.princeton.edu_56101 2	123.604000	62426.368000	0.036000	0.002000	62550.010000	S	3721	0
planetlab1.cs.uiuc.edu_planetlab-03.cs.princeton.edu_19672 3	767.782000	62230.398000	0.226000	0.011000	62998.417000	S	3216	128
pl1.rcc.uottawa.ca_planetlab-03.cs.princeton.edu_56341 2	128.041000	63051.911000	0.027000	0.003000	63179.982000	S	3730	0
pl1.rcc.uottawa.ca_planetlab-03.cs.princeton.edu_56380 2	122.446000	63155.164000	0.049000	0.007000	63277.666000	S	3732	0
pl1.rcc.uottawa.ca_planetlab-03.cs.princeton.edu_56397 2	122.613000	63189.739000	0.035000	0.002000	63312.389000	S	3734	0
pl1.rcc.uottawa.ca_planetlab-03.cs.princeton.edu_56416 2	123.057000	63238.697000	0.029000	0.004000	63361.787000	S	3735	0
pl1.rcc.uottawa.ca_planetlab-03.cs.princeton.edu_56461 2	124.854000	63370.162000	0.034000	0.003000	63495.053000	S	3742	0
pl1.rcc.uottawa.ca_planetlab-03.cs.princeton.edu_56463 2	122.439000	63375.814000	0.030000	0.004000	63498.287000	S	3743	0
pl1.rcc.uottawa.ca_planetlab-03.cs.princeton.edu_56483 2	124.018000	63425.747000	0.028000	0.003000	63549.796000	S	3747	0
pl1.rcc.uottawa.ca_planetlab-03.cs.princeton.edu_56601 2	122.707000	63770.336000	0.034000	0.004000	63893.081000	S	3766	0
pl1.rcc.uottawa.ca_planetlab-03.cs.princeton.edu_56603 2	123.595000	63771.322000	0.041000	0.004000	63894.962000	S	3765	0
pl1.rcc.uottawa.ca_planetlab-03.cs.princeton.edu_57071 2	3130.542000	62006.220000	0.036000	0.003000	65136.801000	S	3324	0
planetlab01.sys.virginia.edu_planetlab-03.cs.princeton.edu_6909 2	1384.775000	64420.707000	0.079000	0.007000	65805.568000	S	3243	144
planetlab1.cs.uiuc.edu_planetlab-03.cs.princeton.edu_19892 3	1489.372000	64664.395000	0.116000	0.010000	66153.893000	S	3224	128
planetlab1.cs.uiuc.edu_planetlab-03.cs.princeton.edu_19894 3	1523.726000	64653.499000	0.098000	0.011000	66177.334000	S	3225	128
planetlab1.cs.uiuc.edu_planetlab-03.cs.princeton.edu_19897 3	1496.005000	64714.989000	0.123000	0.008000	66211.125000	S	3226	128
planetlab1.cs.uiuc.edu_planetlab-03.cs.princeton.edu_19899 3	1498.736000	64715.915000	0.094000	0.009000	66214.754000	S	3228	128
planetlab1.cs.uiuc.edu_planetlab-03.cs.princeton.edu_19903 3	1555.791000	64693.391000	0.108000	0.012000	66249.302000	S	3238	128
planetlab1.cs.uiuc.edu_planetlab-03.cs.princeton.edu_19907 3	1382.324000	64901.297000	0.123000	0.011000	66283.755000	S	3256	128
planetlab1.cs.uiuc.edu_planetlab-03.cs.princeton.edu_19942 3	1388.164000	65176.590000	0.121000	0.012000	66564.887000	S	3283	128
planetlab1.cs.uiuc.edu_planetlab-03.cs.princeton.edu_19950 3	1497.269000	65101.305000	0.087000	0.011000	66598.672000	S	3288	128
planetlab1.cs.uiuc.edu_planetlab-03.cs.princeton.edu_20009 3	1568.772000	65917.719000	0.116000	0.010000	67486.617000	S	3335	128
planetlab1.cs.uiuc.edu_planetlab-03.cs.princeton.edu_20039 3	1791.469000	66487.745000	0.108000	0.010000	68279.332000	S	3336	128
planetlab1.cs.uiuc.edu_planetlab-03.cs.princeton.edu_20047 3	1706.850000	66939.403000	0.145000	0.085000	68646.483000	S	3344	128
planetlab1.cs.uiuc.edu_planetlab-03.cs.princeton.edu_20049 3	1688.733000	67080.578000	0.335000	0.011000	68769.657000	S	3352	128
planetlab1.cs.uiuc.edu_planetlab-03.cs.princeton.edu_20051 3	1322.598000	67520.104000	0.109000	0.036000	68842.847000	S	3353	128
planetlab1.cs.uiuc.edu_planetlab-03.cs.princeton.edu_20054 3	1237.045000	67628.551000	0.091000	0.011000	68865.698000	S	3354	128
planetlab1.cs.uiuc.edu_planetlab-03.cs.princeton.edu_20058 3	1212.340000	67697.415000	0.110000	0.009000	68909.874000	S	3356	128
planetlab01.sys.virginia.edu_planetlab-03.cs.princeton.edu_6992 2	807.839000	68583.528000	0.096000	0.006000	69391.469000	S	3371	144
planetlab1.cs.uiuc.edu_planetlab-03.cs.princeton.edu_20095 3	701.151000	69033.932000	0.197000	0.008000	69735.288000	S	3384	128
planetlab1.cs.uiuc.edu_planetlab-03.cs.princeton.edu_20103 3	771.711000	69162.738000	0.102000	0.009000	69934.560000	S	3416	128
planetlab1.cs.uiuc.edu_planetlab-03.cs.princeton.edu_20112 3	742.708000	69364.056000	0.087000	0.009000	70106.860000	S	3442	128
planetlab1.cs.uiuc.edu_planetlab-03.cs.princeton.edu_20118 3	753.137000	69440.775000	0.106000	0.011000	70194.029000	S	3456	128
planetlab1.cs.uiuc.edu_planetlab-03.cs.princeton.edu_20147 3	1122.588000	69708.214000	0.111000	0.011000	70830.924000	S	3464	128
planetlab1.cs.uiuc.edu_planetlab-03.cs.princeton.edu_20158 3	1087.370000	69901.839000	0.089000	0.010000	70989.308000	S	3465	128
planetlab1.cs.uiuc.edu_planetlab-03.cs.princeton.edu_20186 3	968.564000	70632.076000	0.133000	0.009000	71600.782000	S	3466	128
planetlab1.cs.uiuc.edu_planetlab-03.cs.princeton.edu_20197 3	844.629000	70857.466000	0.167000	0.007000	71702.269000	S	3468	128
planetlab1.cs.uiuc.edu_planetlab-03.cs.princeton.edu_20200 3	825.657000	70943.785000	0.101000	0.009000	71769.552000	S	3472	128
planetlab1.cs.uiuc.edu_planetlab-03.cs.princeton.edu_20204 3	902.664000	70937.182000	0.112000	0.010000	71839.968000	S	3473	128
planetlab1.cs.uiuc.edu_planetlab-03.cs.princeton.edu_20207 3	852.776000	71126.914000	0.092000	0.008000	71979.790000	S	3474	128
planetlab1.cs.uiuc.edu_planetlab-03.cs.princeton.edu_20216 3	800.681000	71203.342000	0.110000	0.030000	72004.163000	S	3476	128
planetlab1.cs.uiuc.edu_planetlab-03.cs.princeton.edu_20241 3	1128.092000	71303.812000	0.112000	0.012000	72432.028000	S	3480	128
planetlab1.cs.uiuc.edu_planetlab-03.cs.princeton.edu_20243 3	1123.191000	71309.871000	0.097000	0.008000	72433.167000	S	3481	128
planetlab1.cs.uiuc.edu_planetlab-03.cs.princeton.edu_20266 3	1171.442000	71672.988000	0.100000	0.010000	72844.540000	S	3482	128
planetlab1.cs.uiuc.edu_planetlab-03.cs.princeton.edu_20272 3	1096.368000	71802.779000	0.095000	0.011000	72899.253000	S	3483	128
planetlab1.cs.uiuc.edu_planetlab-03.cs.princeton.edu_20275 3	1079.099000	71848.730000	0.224000	0.011000	72928.064000	S	3484	128
planetlab1.cs.uiuc.edu_planetlab-03.cs.princeton.edu_20278 3	1007.234000	71954.539000	0.214000	0.011000	72961.998000	S	3485	128
planetlab1.cs.uiuc.edu_planetlab-03.cs.princeton.edu_20287 3	1298.343000	71984.018000	0.109000	0.010000	73282.480000	S	3486	128
plab4.eece.ksu.edu_planetlab-03.cs.princeton.edu_12145 3	1258.842000	72430.090000	0.079000	0.008000	73689.019000	S	3369	2080
planetlab1.cs.uiuc.edu_planetlab-03.cs.princeton.edu_20333 3	1324.029000	73006.011000	0.124000	0.012000	74330.176000	S	3496	128
planetlab1.cs.uiuc.edu_planetlab-03.cs.princeton.edu_20348 3	962.758000	73478.541000	0.110000	0.009000	74441.418000	S	3504	128
planetlab1.cs.uiuc.edu_planetlab-03.cs.princeton.edu_20368 3	916.265000	73694.350000	0.094000	0.018000	74610.727000	S	3512	128
planetlab1.cs.uiuc.edu_planetlab-03.cs.princeton.edu_20376 3	1020.908000	73698.503000	0.106000	0.009000	74719.526000	S	3513	128
plab4.eece.ksu.edu_planetlab-03.cs.princeton.edu_12361 3	805.730000	73924.409000	0.089000	0.010000	74730.238000	S	3420	2080
planetlab1.cs.uiuc.edu_planetlab-03.cs.princeton.edu_20399 3	1029.954000	73813.640000	0.138000	0.012000	74843.744000	S	3514	128
planetlab1.cs.uiuc.edu_planetlab-03.cs.princeton.edu_20406 3	1285.444000	73843.009000	0.097000	0.011000	75128.561000	S	3516	128
planetlab1.cs.uiuc.edu_planetlab-03.cs.princeton.edu_20469 3	1064.127000	74567.514000	0.097000	0.010000	75631.748000	S	3528	128
planetlab1.cs.uiuc.edu_planetlab-03.cs.princeton.edu_20486 3	979.362000	74932.345000	0.207000	0.012000	75911.926000	S	3536	128
plab4.eece.ksu.edu_planetlab-03.cs.princeton.edu_12908 3	3327.606000	72803.452000	0.081000	0.075000	76131.214000	S	3510	2080
planetlab1.cs.uiuc.edu_planetlab-03.cs.princeton.edu_20506 3	1022.658000	75363.030000	0.099000	0.012000	76385.799000	S	3545	128
planetlab1.cs.uiuc.edu_planetlab-03.cs.princeton.edu_20498 3	1287.748000	75179.880000	0.109000	0.011000	76467.748000	S	3544	128
planetlab1.cs.uiuc.edu_planetlab-03.cs.princeton.edu_20508 3	1088.328000	75430.536000	0.110000	0.010000	76518.984000	S	3546	128
planetlab1.cs.uiuc.edu_planetlab-03.cs.princeton.edu_20510 3	1033.155000	75505.381000	0.087000	0.064000	76538.687000	S	3548	128
planetlab1.cs.uiuc.edu_planetlab-03.cs.princeton.edu_20515 3	1024.139000	75612.188000	0.126000	0.009000	76636.462000	S	3565	128
planetlab1.cs.uiuc.edu_planetlab-03.cs.princeton.edu_20523 3	1122.892000	75730.687000	0.113000	0.009000	76853.701000	S	3576	128
planetlab01.sys.virginia.edu_planetlab-03.cs.princeton.edu_7305 2	1721.250000	76572.164000	0.082000	0.006000	78293.502000	S	3627	144
planetlab1.cs.uiuc.edu_planetlab-03.cs.princeton.edu_20588 3	1404.194000	77002.222000	0.115000	0.012000	78406.543000	S	3632	128
planetlab1.cs.uiuc.edu_planetlab-03.cs.princeton.edu_20935 3	1326.592000	79934.736000	0.092000	0.011000	81261.431000	S	3736	128
planetlab1.cs.cornell.edu_planetlab-03.cs.princeton.edu_5815 3	170.222000	126246.505000	0.092000	0.007000	126416.826000	S	3506	1280
planetlab2.acis.ufl.edu_planetlab-03.cs.princeton.edu_15537 3	191.237000	126500.025000	0.069000	0.006000	126691.337000	S	3517	1056
planetlab1.mnlab.cti.depaul.edu_planetlab-03.cs.princeton.edu_4858 1	83.621000	139515.073000	0.034000	0.001000	139598.729000	S	3537	1088
planetlab4.rutgers.edu_planetlab-03.cs.princeton.edu_20926 2	91.884000	140090.793000	0.051000	0.003000	140182.731000	S	3560	1024
ebb.colgate.edu_planetlab-03.cs.princeton.edu_4621 4	3592.146000	139881.344000	0.080000	0.009000	143473.579000	S	3555	1184
planetlab4.rutgers.edu_planetlab-03.cs.princeton.edu_20934 2	92.154000	211214.156000	0.061000	0.005000	211306.376000	S	3582	1024
planetlab2.mnlab.cti.depaul.edu_planetlab-03.cs.princeton.edu_6773 3	533.657000	211301.747000	0.140000	0.009000	211835.553000	S	3589	1152
