planetlab5.cs.uiuc.edu_planetlab7.flux.utah.edu_2570 3	224.914000	75.904000	0.178000	0.006000	301.002000	S	49622	2336
planetlab7.flux.utah.edu_planetlab7.flux.utah.edu_3171 0	0.233000	320.807000	0.012000	0.000000	321.052000	S	49657	1536
planetlab7.flux.utah.edu_planetlab7.flux.utah.edu_3253 0	0.165000	1039.406000	0.010000	0.000000	1039.581000	S	49738	1536
planetlab1.eecs.umich.edu_planetlab7.flux.utah.edu_3498 4	312.534000	2132.355000	0.180000	0.007000	2445.076000	S	49712	2304
planetlab7.flux.utah.edu_planetlab7.flux.utah.edu_3429 0	0.189000	2490.200000	0.010000	0.000000	2490.399000	S	49913	1536
planetlab1.eecs.umich.edu_planetlab7.flux.utah.edu_3598 4	304.372000	3119.952000	0.136000	0.008000	3424.468000	S	49808	2304
planetlab2.uta.edu_planetlab7.flux.utah.edu_2403 1	92.208000	3380.599000	0.034000	0.002000	3472.843000	S	49684	1664
planetlab1.eecs.umich.edu_planetlab7.flux.utah.edu_3609 4	302.900000	3201.061000	0.161000	0.015000	3504.137000	S	49824	2304
planetlab1.rutgers.edu_planetlab7.flux.utah.edu_11783 1	191.483000	3378.704000	0.094000	0.002000	3570.283000	S	49623	512
planetlab7.flux.utah.edu_planetlab7.flux.utah.edu_3558 0	0.265000	3567.214000	0.011000	0.000000	3567.490000	S	50041	1536
planetlab1.cs.unc.edu_planetlab7.flux.utah.edu_7940 2	206.057000	3407.493000	0.070000	0.006000	3613.626000	S	49626	528
planetlab7.cs.duke.edu_planetlab7.flux.utah.edu_2290 3	248.406000	3384.488000	0.082000	0.007000	3632.983000	S	50013	2432
planetlab1.eecs.umich.edu_planetlab7.flux.utah.edu_3628 4	313.979000	3387.858000	0.137000	0.014000	3701.988000	S	49840	2304
planetlab1.eecs.umich.edu_planetlab7.flux.utah.edu_3630 4	303.205000	3429.594000	0.116000	0.008000	3732.923000	S	49841	2304
planetlab1.eecs.umich.edu_planetlab7.flux.utah.edu_3636 4	315.975000	3464.224000	0.120000	0.007000	3780.326000	S	49842	2304
planetlab1.cs.unc.edu_planetlab7.flux.utah.edu_7947 2	344.516000	3456.935000	0.122000	0.004000	3801.577000	S	49632	528
planetlab1.eecs.umich.edu_planetlab7.flux.utah.edu_3638 4	313.567000	3501.271000	0.111000	0.009000	3814.958000	S	49844	2304
planetlab1.cs.unc.edu_planetlab7.flux.utah.edu_7952 2	340.569000	3477.323000	0.082000	0.006000	3817.980000	S	49636	528
planetlab1.cs.unc.edu_planetlab7.flux.utah.edu_7953 2	338.563000	3479.491000	0.044000	0.006000	3818.104000	S	49637	528
planetlab1.cs.unc.edu_planetlab7.flux.utah.edu_7955 2	309.170000	3509.407000	0.060000	0.006000	3818.643000	S	49638	528
planetlab1.cs.unc.edu_planetlab7.flux.utah.edu_7957 2	223.331000	3609.346000	0.062000	0.006000	3832.745000	S	49644	528
planetlab1.eecs.umich.edu_planetlab7.flux.utah.edu_3644 4	313.262000	3549.013000	0.131000	0.009000	3862.415000	S	49848	2304
planetlab1.cs.unc.edu_planetlab7.flux.utah.edu_7959 2	205.719000	3663.705000	0.076000	0.005000	3869.505000	S	49652	528
planetlab1.cs.unc.edu_planetlab7.flux.utah.edu_7967 2	206.878000	3797.529000	0.088000	0.006000	4004.501000	S	49671	528
planetlab7.flux.utah.edu_planetlab7.flux.utah.edu_3623 0	0.333000	4163.921000	0.012000	0.000000	4164.266000	S	50105	1536
planetlab1.eecs.umich.edu_planetlab7.flux.utah.edu_3702 4	303.477000	3905.846000	0.119000	0.007000	4209.449000	S	49904	2304
planetlab1.eecs.umich.edu_planetlab7.flux.utah.edu_3718 4	304.833000	3983.877000	0.123000	0.008000	4288.841000	S	49923	2304
planetlab7.flux.utah.edu_planetlab7.flux.utah.edu_3656 0	0.226000	4412.201000	0.012000	0.000000	4412.439000	S	50137	1536
planetlab7.flux.utah.edu_planetlab7.flux.utah.edu_3673 0	0.203000	4505.709000	0.011000	0.000000	4505.923000	S	50153	1536
planetlab7.flux.utah.edu_planetlab7.flux.utah.edu_3682 0	0.211000	4549.985000	0.010000	0.000000	4550.206000	S	50161	1536
planetlab7.flux.utah.edu_planetlab7.flux.utah.edu_3690 0	0.248000	4742.488000	0.009000	0.000000	4742.745000	S	50168	1536
planetlab7.flux.utah.edu_planetlab7.flux.utah.edu_3692 0	0.337000	4742.603000	0.010000	0.000000	4742.950000	S	50169	1536
planetlab7.flux.utah.edu_planetlab7.flux.utah.edu_3695 0	0.183000	4779.461000	0.009000	0.000000	4779.653000	S	50171	1536
planetlab7.flux.utah.edu_planetlab7.flux.utah.edu_3698 0	0.167000	4793.903000	0.010000	0.000000	4794.080000	S	50173	1536
planetlab1.cs.unc.edu_planetlab7.flux.utah.edu_8023 2	212.522000	4820.797000	0.067000	0.024000	5033.410000	S	49764	528
planetlab1.cs.unc.edu_planetlab7.flux.utah.edu_8028 2	205.969000	5244.461000	0.087000	0.005000	5450.522000	S	49778	528
planetlab1.cs.unc.edu_planetlab7.flux.utah.edu_8039 2	208.112000	6005.136000	0.065000	0.005000	6213.318000	S	49816	528
planetlab1.cs.unc.edu_planetlab7.flux.utah.edu_8049 2	260.286000	6228.078000	0.094000	0.005000	6488.463000	S	49828	528
planet6.cs.ucsb.edu_planetlab7.flux.utah.edu_2484 4	290.178000	6225.553000	0.115000	0.008000	6515.854000	S	49775	688
planetlab1.cs.unc.edu_planetlab7.flux.utah.edu_8066 2	207.525000	6770.732000	0.066000	0.005000	6978.328000	S	49860	528
planetlab1.cs.unc.edu_planetlab7.flux.utah.edu_8075 2	210.641000	6929.090000	0.099000	0.008000	7139.838000	S	49888	528
planetlab1.cs.unc.edu_planetlab7.flux.utah.edu_8080 2	208.510000	6955.561000	0.145000	0.008000	7164.224000	S	49892	528
planetlab1.cs.unc.edu_planetlab7.flux.utah.edu_8082 2	207.457000	6959.853000	0.059000	0.004000	7167.373000	S	49893	528
planetlab1.cs.unc.edu_planetlab7.flux.utah.edu_8084 2	207.803000	6966.805000	0.068000	0.005000	7174.681000	S	49894	528
planetlab1.cs.unc.edu_planetlab7.flux.utah.edu_8094 2	206.165000	7005.730000	0.076000	0.005000	7211.976000	S	49900	528
planetlab1.cs.unc.edu_planetlab7.flux.utah.edu_8097 2	209.766000	7047.181000	0.078000	0.007000	7257.032000	S	49908	528
planetlab2.mnlab.cti.depaul.edu_planetlab7.flux.utah.edu_5310 2	181.557000	7131.135000	0.030000	0.004000	7312.726000	S	49621	1152
planetlab4.rutgers.edu_planetlab7.flux.utah.edu_14527 1	186.939000	7127.961000	0.031000	0.001000	7314.932000	S	49618	1024
planetlab4.rutgers.edu_planetlab7.flux.utah.edu_14556 1	186.820000	7190.140000	0.028000	0.001000	7376.989000	S	49662	1024
planetlab4.rutgers.edu_planetlab7.flux.utah.edu_14593 1	192.412000	7257.811000	0.023000	0.002000	7450.248000	S	49710	1024
planetlab4.rutgers.edu_planetlab7.flux.utah.edu_14608 1	188.974000	7293.463000	0.024000	0.002000	7482.463000	S	49720	1024
planetlab4.rutgers.edu_planetlab7.flux.utah.edu_14619 1	192.388000	7330.167000	0.029000	0.002000	7522.586000	S	49741	1024
planetlab4.rutgers.edu_planetlab7.flux.utah.edu_14758 1	186.524000	7695.415000	0.021000	0.004000	7881.964000	S	49806	1024
planetlab4.rutgers.edu_planetlab7.flux.utah.edu_14780 1	187.792000	7735.334000	0.029000	0.001000	7923.156000	S	49830	1024
planetlab4.rutgers.edu_planetlab7.flux.utah.edu_14782 1	187.037000	7739.765000	0.034000	0.001000	7926.837000	S	49834	1024
planetlab4.rutgers.edu_planetlab7.flux.utah.edu_14786 1	186.187000	7757.849000	0.025000	0.002000	7944.063000	S	49836	1024
planetlab4.rutgers.edu_planetlab7.flux.utah.edu_14788 1	186.638000	7757.557000	0.016000	0.001000	7944.212000	S	49838	1024
planetlab4.rutgers.edu_planetlab7.flux.utah.edu_14792 1	186.397000	7762.983000	0.020000	0.001000	7949.401000	S	49839	1024
planetlab4.rutgers.edu_planetlab7.flux.utah.edu_14804 1	186.836000	7801.816000	0.025000	0.002000	7988.679000	S	49854	1024
planetlab4.rutgers.edu_planetlab7.flux.utah.edu_14831 1	186.635000	7857.531000	0.034000	0.002000	8044.202000	S	49874	1024
planetlab1.cs.cornell.edu_planetlab7.flux.utah.edu_4751 2	187.080000	7864.647000	0.071000	0.003000	8051.801000	S	49884	1280
planetlab4.rutgers.edu_planetlab7.flux.utah.edu_14859 1	187.000000	7927.418000	0.025000	0.002000	8114.445000	S	49902	1024
planetlab4.rutgers.edu_planetlab7.flux.utah.edu_14926 1	341.775000	8069.203000	0.019000	0.002000	8410.999000	S	49926	1024
planetlab1.cs.cornell.edu_planetlab7.flux.utah.edu_4789 2	270.464000	8171.892000	0.068000	0.005000	8442.429000	S	49928	1280
planetlab4.rutgers.edu_planetlab7.flux.utah.edu_15026 1	186.279000	8868.075000	0.025000	0.002000	9054.381000	S	49949	1024
planetlab2.mnlab.cti.depaul.edu_planetlab7.flux.utah.edu_5513 2	181.411000	9399.458000	0.047000	0.004000	9580.920000	S	49987	1152
planetlab1.cs.cornell.edu_planetlab7.flux.utah.edu_4963 2	186.764000	11047.202000	0.078000	0.003000	11234.047000	S	50071	1280
planetlab4.rutgers.edu_planetlab7.flux.utah.edu_15339 1	186.677000	11057.307000	0.028000	0.002000	11244.014000	S	50094	1024
planetlab1.cs.unc.edu_planetlab7.flux.utah.edu_8308 2	209.168000	11250.561000	0.073000	0.005000	11459.807000	S	49996	528
pluto.cs.brown.edu_planetlab7.flux.utah.edu_5497 2	200.753000	11288.158000	0.087000	0.005000	11489.003000	S	49805	768
planetlab1.rutgers.edu_planetlab7.flux.utah.edu_12884 1	187.550000	11326.953000	0.078000	0.002000	11514.583000	S	50007	512
planetlab1.cs.purdue.edu_planetlab7.flux.utah.edu_4258 3	259.892000	11588.246000	0.049000	0.005000	11848.192000	S	50145	2208
planetlab1.cs.cornell.edu_planetlab7.flux.utah.edu_4994 2	187.027000	11953.736000	0.078000	0.005000	12140.846000	S	50146	1280
planetlab2.acis.ufl.edu_planetlab7.flux.utah.edu_11161 2	240.206000	12106.896000	0.041000	0.004000	12347.147000	S	49760	1056
planetlab4.rutgers.edu_planetlab7.flux.utah.edu_15685 1	186.584000	12394.922000	0.021000	0.001000	12581.528000	S	50181	1024
planetlab4.rutgers.edu_planetlab7.flux.utah.edu_15729 1	186.618000	12701.808000	0.021000	0.002000	12888.449000	S	50185	1024
planetlab4.rutgers.edu_planetlab7.flux.utah.edu_15740 1	186.346000	12774.181000	0.017000	0.001000	12960.545000	S	50188	1024
planetlab4.rutgers.edu_planetlab7.flux.utah.edu_15748 1	186.165000	12836.454000	0.020000	0.001000	13022.640000	S	50189	1024
planetlab4.rutgers.edu_planetlab7.flux.utah.edu_15767 1	188.201000	12931.531000	0.021000	0.002000	13119.755000	S	50191	1024
planetlab2.mnlab.cti.depaul.edu_planetlab7.flux.utah.edu_5704 2	181.112000	12961.454000	0.031000	0.003000	13142.600000	S	50195	1152
planetlab4.rutgers.edu_planetlab7.flux.utah.edu_15804 1	186.924000	13016.722000	0.028000	0.002000	13203.676000	S	50205	1024
planetlab4.rutgers.edu_planetlab7.flux.utah.edu_15861 1	188.109000	13127.992000	0.030000	0.002000	13316.133000	S	50221	1024
planetlab4.rutgers.edu_planetlab7.flux.utah.edu_15895 1	187.094000	13225.868000	0.026000	0.001000	13412.989000	S	50232	1024
planetlab1.cs.unc.edu_planetlab7.flux.utah.edu_8565 2	206.719000	13313.178000	0.329000	0.006000	13520.232000	S	50148	528
planetlab3.eecs.northwestern.edu_planetlab7.flux.utah.edu_2130 4	216.166000	13707.342000	0.102000	0.087000	13923.697000	S	49875	912
planetlab1.cs.unc.edu_planetlab7.flux.utah.edu_8645 2	205.708000	13784.432000	0.073000	0.007000	13990.220000	S	50183	528
planetlab1.cs.unc.edu_planetlab7.flux.utah.edu_8664 2	206.697000	13871.128000	0.075000	0.005000	14077.905000	S	50193	528
planetlab1.rutgers.edu_planetlab7.flux.utah.edu_13495 1	188.533000	13964.268000	0.040000	0.001000	14152.842000	S	50204	512
planetlab1.cs.unc.edu_planetlab7.flux.utah.edu_8721 2	206.719000	14303.003000	0.039000	0.006000	14509.767000	S	50235	528
planetlab2.acis.ufl.edu_planetlab7.flux.utah.edu_11625 2	241.272000	14284.341000	0.043000	0.003000	14525.659000	S	49963	1056
planetlab2.netlab.uky.edu_planetlab7.flux.utah.edu_10572 2	241.492000	15059.635000	0.075000	0.008000	15301.210000	S	49713	544
planetlab-2.cs.uh.edu_planetlab7.flux.utah.edu_3019 3	620.562000	15275.153000	0.169000	0.389000	15896.273000	S	49726	784
planetlab2.acis.ufl.edu_planetlab7.flux.utah.edu_11917 2	320.086000	15621.035000	0.034000	0.004000	15941.159000	S	50014	1056
planetlab2.acis.ufl.edu_planetlab7.flux.utah.edu_11988 2	239.899000	15947.354000	0.095000	0.004000	16187.352000	S	50100	1056
planetlab-2.cmcl.cs.cmu.edu_planetlab7.flux.utah.edu_4435 3	387.077000	16184.297000	0.119000	0.007000	16571.500000	S	49794	560
planetlab1.williams.edu_planetlab7.flux.utah.edu_4477 4	297.269000	17008.898000	0.057000	0.008000	17306.232000	S	49799	2176
planetlabpc1.upf.edu_planetlab7.flux.utah.edu_3842 3	631.746000	18821.963000	0.046000	0.006000	19453.761000	S	50028	1216
planetlab1.eecs.umich.edu_planetlab7.flux.utah.edu_4568 4	303.239000	19294.173000	0.126000	0.006000	19597.544000	S	50096	2304
planetlab-2.cs.uh.edu_planetlab7.flux.utah.edu_3261 3	771.400000	19732.793000	0.067000	0.008000	20504.268000	S	49950	784
planetlab-2.cs.uh.edu_planetlab7.flux.utah.edu_3258 3	757.188000	19748.057000	0.113000	0.009000	20505.367000	S	49966	784
planetlab-2.cs.uh.edu_planetlab7.flux.utah.edu_3264 3	644.927000	19952.749000	0.075000	0.008000	20597.759000	S	49974	784
planetlab-2.cs.uh.edu_planetlab7.flux.utah.edu_3266 3	644.525000	19956.826000	0.160000	0.007000	20601.518000	S	49978	784
planetlab-2.cs.uh.edu_planetlab7.flux.utah.edu_3268 3	844.209000	19956.583000	0.092000	0.007000	20800.891000	S	49980	784
planetlab-2.cs.uh.edu_planetlab7.flux.utah.edu_3270 3	833.799000	19967.072000	0.098000	0.020000	20800.989000	S	49982	784
planetlab-2.cs.uh.edu_planetlab7.flux.utah.edu_3272 3	874.157000	19972.694000	0.109000	0.007000	20846.967000	S	49983	784
planetlab-2.cs.uh.edu_planetlab7.flux.utah.edu_3279 3	820.184000	20091.415000	0.099000	0.008000	20911.706000	S	50046	784
planetlab-2.cs.uh.edu_planetlab7.flux.utah.edu_3281 3	642.556000	20298.232000	0.097000	0.008000	20940.893000	S	50110	784
planetlab-1.cse.ohio-state.edu_planetlab7.flux.utah.edu_4018 6	855.066000	20106.643000	0.099000	0.013000	20961.821000	S	49729	2560
planetlab-1.cse.ohio-state.edu_planetlab7.flux.utah.edu_4081 6	894.832000	20486.904000	0.116000	0.013000	21381.865000	S	49835	2560
planetlab-1.cse.ohio-state.edu_planetlab7.flux.utah.edu_4100 6	814.864000	20696.795000	0.113000	0.016000	21511.788000	S	49886	2560
planetlab-2.cmcl.cs.cmu.edu_planetlab7.flux.utah.edu_4678 3	781.378000	21231.649000	0.111000	0.009000	22013.147000	S	49922	560
planetlab-1.cse.ohio-state.edu_planetlab7.flux.utah.edu_4153 6	892.334000	21184.679000	0.090000	0.012000	22077.115000	S	50069	2560
pl1.rcc.uottawa.ca_planetlab7.flux.utah.edu_48468 2	209.901000	22377.631000	0.069000	0.007000	22587.608000	S	49664	0
pl1.rcc.uottawa.ca_planetlab7.flux.utah.edu_48523 2	215.053000	22602.478000	0.079000	0.004000	22817.614000	S	49686	0
aguila1.lsi.upc.edu_planetlab7.flux.utah.edu_3468 3	576.376000	22981.691000	0.064000	0.009000	23558.140000	S	49704	592
aguila1.lsi.upc.edu_planetlab7.flux.utah.edu_3505 3	649.311000	23605.999000	0.043000	0.008000	24255.361000	S	49757	592
pl1.rcc.uottawa.ca_planetlab7.flux.utah.edu_48673 2	210.994000	24346.943000	0.123000	0.004000	24558.064000	S	49724	0
node1.planetlab.albany.edu_planetlab7.flux.utah.edu_37780 3	260.794000	25291.384000	0.100000	0.007000	25552.285000	S	49648	32
planetlab-2.cmcl.cs.cmu.edu_planetlab7.flux.utah.edu_4908 3	280.592000	25714.223000	0.096000	0.008000	25994.919000	S	50048	560
planetlab-2.cmcl.cs.cmu.edu_planetlab7.flux.utah.edu_4911 3	279.893000	25777.963000	0.110000	0.008000	26057.974000	S	50050	560
planetlab-2.cmcl.cs.cmu.edu_planetlab7.flux.utah.edu_4913 3	278.132000	25812.352000	0.093000	0.014000	26090.591000	S	50051	560
planetlab-2.cmcl.cs.cmu.edu_planetlab7.flux.utah.edu_4916 3	281.154000	25854.366000	0.118000	0.009000	26135.647000	S	50054	560
planetlab-2.cmcl.cs.cmu.edu_planetlab7.flux.utah.edu_4919 3	282.838000	25911.445000	0.087000	0.008000	26194.378000	S	50058	560
planetlab-2.cmcl.cs.cmu.edu_planetlab7.flux.utah.edu_4922 3	276.908000	26025.589000	0.106000	0.008000	26302.611000	S	50066	560
pl1.rcc.uottawa.ca_planetlab7.flux.utah.edu_48880 2	396.442000	25987.409000	0.130000	0.006000	26383.987000	S	49756	0
planetlab-2.cmcl.cs.cmu.edu_planetlab7.flux.utah.edu_4930 3	277.611000	26335.648000	0.110000	0.008000	26613.377000	S	50082	560
pl1.rcc.uottawa.ca_planetlab7.flux.utah.edu_48967 2	214.388000	26611.969000	0.065000	0.229000	26826.651000	S	49763	0
pl1.rcc.uottawa.ca_planetlab7.flux.utah.edu_49036 2	213.867000	26928.024000	0.061000	0.007000	27141.959000	S	49772	0
planetlab-2.cmcl.cs.cmu.edu_planetlab7.flux.utah.edu_4955 3	281.278000	26911.277000	0.147000	0.007000	27192.709000	S	50114	560
pl1.rcc.uottawa.ca_planetlab7.flux.utah.edu_49322 2	210.410000	28312.701000	0.062000	0.005000	28523.178000	S	49780	0
pl1.rcc.uottawa.ca_planetlab7.flux.utah.edu_49442 2	211.073000	28872.196000	0.072000	0.005000	29083.346000	S	49784	0
aguila1.lsi.upc.edu_planetlab7.flux.utah.edu_3577 3	718.189000	28480.658000	0.106000	0.009000	29198.962000	S	49847	592
pl1.rcc.uottawa.ca_planetlab7.flux.utah.edu_49575 2	339.191000	29173.734000	0.127000	0.007000	29513.059000	S	49788	0
pl1.rcc.uottawa.ca_planetlab7.flux.utah.edu_49579 2	338.936000	29175.899000	0.054000	0.005000	29514.894000	S	49789	0
pl1.rcc.uottawa.ca_planetlab7.flux.utah.edu_49595 2	336.079000	29240.992000	0.052000	0.006000	29577.129000	S	49790	0
pl1.rcc.uottawa.ca_planetlab7.flux.utah.edu_49786 2	270.559000	29949.955000	0.067000	0.008000	30220.589000	S	49798	0
pl1.rcc.uottawa.ca_planetlab7.flux.utah.edu_49971 2	210.459000	30560.141000	0.087000	0.004000	30770.691000	S	49810	0
pl1.rcc.uottawa.ca_planetlab7.flux.utah.edu_49979 2	213.869000	30592.274000	0.071000	0.005000	30806.219000	S	49812	0
pl1.rcc.uottawa.ca_planetlab7.flux.utah.edu_50013 2	210.612000	30682.419000	0.053000	0.008000	30893.092000	S	49814	0
pl1.rcc.uottawa.ca_planetlab7.flux.utah.edu_50020 2	210.020000	30691.830000	0.044000	0.006000	30901.900000	S	49815	0
pl1.rcc.uottawa.ca_planetlab7.flux.utah.edu_50167 2	210.522000	31099.691000	0.070000	0.006000	31310.289000	S	49822	0
pl1.rcc.uottawa.ca_planetlab7.flux.utah.edu_50302 2	266.547000	31381.231000	0.073000	0.005000	31647.856000	S	49827	0
pl1.rcc.uottawa.ca_planetlab7.flux.utah.edu_50315 2	265.863000	31425.153000	0.051000	0.005000	31691.072000	S	49832	0
pl1.rcc.uottawa.ca_planetlab7.flux.utah.edu_50598 2	402.503000	31954.457000	0.061000	0.004000	32357.025000	S	49846	0
pl1.rcc.uottawa.ca_planetlab7.flux.utah.edu_50655 2	211.946000	32312.787000	0.079000	0.004000	32524.816000	S	49859	0
pl1.rcc.uottawa.ca_planetlab7.flux.utah.edu_50758 2	210.893000	32676.350000	0.068000	0.005000	32887.316000	S	49878	0
pl1.rcc.uottawa.ca_planetlab7.flux.utah.edu_50797 2	213.534000	32792.968000	0.057000	0.006000	33006.565000	S	49889	0
pl1.rcc.uottawa.ca_planetlab7.flux.utah.edu_50802 2	212.832000	32811.722000	0.052000	0.006000	33024.612000	S	49890	0
pl1.rcc.uottawa.ca_planetlab7.flux.utah.edu_50809 2	208.614000	32841.848000	0.064000	0.007000	33050.533000	S	49891	0
planetlab-1.cs.colostate.edu_planetlab7.flux.utah.edu_3035 3	318.005000	32771.228000	0.068000	0.010000	33089.311000	S	49929	656
pl1.rcc.uottawa.ca_planetlab7.flux.utah.edu_50827 2	209.685000	32899.239000	0.075000	0.005000	33109.004000	S	49895	0
pl1.rcc.uottawa.ca_planetlab7.flux.utah.edu_50840 2	209.629000	33006.845000	0.337000	0.006000	33216.817000	S	49899	0
pl1.rcc.uottawa.ca_planetlab7.flux.utah.edu_50862 2	212.199000	33091.745000	0.062000	0.007000	33304.013000	S	49907	0
pl1.rcc.uottawa.ca_planetlab7.flux.utah.edu_50929 2	210.138000	33413.560000	0.048000	0.004000	33623.750000	S	49916	0
roam2.cs.ou.edu_planetlab7.flux.utah.edu_19206 4	1245.505000	32492.918000	0.082000	0.008000	33738.513000	S	49661	48
roam2.cs.ou.edu_planetlab7.flux.utah.edu_19268 4	270.073000	34251.654000	0.083000	0.010000	34521.820000	S	49718	48
roam2.cs.ou.edu_planetlab7.flux.utah.edu_19290 4	270.533000	34710.666000	0.071000	0.008000	34981.278000	S	49731	48
roam2.cs.ou.edu_planetlab7.flux.utah.edu_19330 4	269.590000	35150.116000	0.097000	0.012000	35419.815000	S	49749	48
planetlab1.williams.edu_planetlab7.flux.utah.edu_6001 4	286.131000	37693.097000	0.057000	0.006000	37979.291000	S	50200	2176
planetlab4.wail.wisc.edu_planetlab7.flux.utah.edu_36505 3	235.905000	41279.634000	0.093000	0.004000	41515.636000	S	49613	16
planetlab4.wail.wisc.edu_planetlab7.flux.utah.edu_36518 3	239.795000	41315.229000	0.055000	0.006000	41555.085000	S	49615	16
planetlab4.wail.wisc.edu_planetlab7.flux.utah.edu_36516 3	239.104000	41316.057000	0.098000	0.014000	41555.273000	S	49614	16
planetlab4.wail.wisc.edu_planetlab7.flux.utah.edu_36530 3	229.765000	41363.519000	0.075000	0.007000	41593.366000	S	49616	16
planetlab4.wail.wisc.edu_planetlab7.flux.utah.edu_36537 3	229.453000	41371.517000	0.084000	0.009000	41601.063000	S	49619	16
roam2.cs.ou.edu_planetlab7.flux.utah.edu_20164 4	269.801000	41409.602000	0.079000	0.010000	41679.492000	S	49813	48
planetlab-03.cs.princeton.edu_planetlab7.flux.utah.edu_13607 4	326.014000	41358.192000	0.090000	0.006000	41684.302000	S	49612	80
planetlab4.wail.wisc.edu_planetlab7.flux.utah.edu_36585 3	355.800000	41369.512000	0.083000	0.008000	41725.403000	S	49631	16
planetlab4.wail.wisc.edu_planetlab7.flux.utah.edu_36596 3	354.320000	41405.806000	0.077000	0.007000	41760.210000	S	49635	16
planetlab-03.cs.princeton.edu_planetlab7.flux.utah.edu_13609 4	330.338000	41455.082000	0.082000	0.009000	41785.511000	S	49620	80
planetlab4.wail.wisc.edu_planetlab7.flux.utah.edu_36608 3	233.894000	41573.607000	0.590000	0.009000	41808.100000	S	49647	16
planetlab-03.cs.princeton.edu_planetlab7.flux.utah.edu_13617 4	325.874000	41491.366000	0.077000	0.016000	41817.333000	S	49624	80
planetlab4.wail.wisc.edu_planetlab7.flux.utah.edu_36614 3	228.659000	41590.905000	0.081000	0.006000	41819.651000	S	49649	16
planetlab4.wail.wisc.edu_planetlab7.flux.utah.edu_36624 3	227.174000	41618.277000	0.064000	0.006000	41845.521000	S	49650	16
planetlab4.wail.wisc.edu_planetlab7.flux.utah.edu_36626 3	228.725000	41617.567000	0.154000	0.008000	41846.454000	S	49651	16
planetlab-03.cs.princeton.edu_planetlab7.flux.utah.edu_13622 4	364.201000	41506.856000	0.085000	0.008000	41871.150000	S	49628	80
planetlab4.wail.wisc.edu_planetlab7.flux.utah.edu_36641 3	227.627000	41656.085000	0.072000	0.007000	41883.791000	S	49655	16
planetlab4.wail.wisc.edu_planetlab7.flux.utah.edu_36649 3	228.588000	41668.399000	0.080000	0.009000	41897.076000	S	49659	16
planetlab-03.cs.princeton.edu_planetlab7.flux.utah.edu_13629 4	445.245000	41519.914000	0.086000	0.070000	41965.315000	S	49629	80
planetlab4.wail.wisc.edu_planetlab7.flux.utah.edu_36682 3	227.264000	41744.778000	0.090000	0.008000	41972.140000	S	49667	16
planetlab4.wail.wisc.edu_planetlab7.flux.utah.edu_36687 3	228.721000	41764.946000	0.056000	0.008000	41993.731000	S	49669	16
planetlab-03.cs.princeton.edu_planetlab7.flux.utah.edu_13631 4	453.453000	41552.187000	0.062000	0.008000	42005.710000	S	49630	80
planetlab1.cs.uiuc.edu_planetlab7.flux.utah.edu_18121 3	224.576000	41782.422000	0.162000	0.008000	42007.168000	S	49645	128
planetlab4.wail.wisc.edu_planetlab7.flux.utah.edu_36704 3	229.702000	41801.181000	0.072000	0.008000	42030.963000	S	49673	16
planetlab4.wail.wisc.edu_planetlab7.flux.utah.edu_36706 3	228.431000	41804.487000	0.066000	0.007000	42032.991000	S	49674	16
planetlab4.wail.wisc.edu_planetlab7.flux.utah.edu_36720 3	228.679000	41846.000000	0.095000	0.008000	42074.782000	S	49675	16
planetlab4.wail.wisc.edu_planetlab7.flux.utah.edu_36729 3	229.065000	41867.793000	0.078000	0.007000	42096.943000	S	49679	16
planetlab4.wail.wisc.edu_planetlab7.flux.utah.edu_36737 3	230.493000	41879.117000	0.065000	0.008000	42109.683000	S	49680	16
planetlab4.wail.wisc.edu_planetlab7.flux.utah.edu_36742 3	237.291000	41903.647000	0.068000	0.007000	42141.013000	S	49681	16
planetlab4.wail.wisc.edu_planetlab7.flux.utah.edu_36744 3	237.464000	41907.007000	0.057000	0.006000	42144.534000	S	49682	16
planetlab4.wail.wisc.edu_planetlab7.flux.utah.edu_36755 3	233.065000	41946.897000	0.061000	0.008000	42180.031000	S	49683	16
planetlab-03.cs.princeton.edu_planetlab7.flux.utah.edu_13645 4	410.221000	41788.071000	0.079000	0.008000	42198.379000	S	49641	80
planetlab4.wail.wisc.edu_planetlab7.flux.utah.edu_36768 3	231.745000	41982.499000	0.078000	0.009000	42214.331000	S	49687	16
planetlab4.wail.wisc.edu_planetlab7.flux.utah.edu_36780 3	229.896000	42014.484000	0.055000	0.008000	42244.443000	S	49688	16
planetlab4.wail.wisc.edu_planetlab7.flux.utah.edu_36789 3	228.594000	42042.002000	0.068000	0.007000	42270.671000	S	49689	16
planetlab4.wail.wisc.edu_planetlab7.flux.utah.edu_36794 3	231.694000	42053.355000	0.076000	0.008000	42285.133000	S	49690	16
planetlab4.wail.wisc.edu_planetlab7.flux.utah.edu_36801 3	236.419000	42069.180000	0.065000	0.006000	42305.670000	S	49691	16
planetlab4.wail.wisc.edu_planetlab7.flux.utah.edu_36805 3	328.599000	41984.707000	0.076000	0.006000	42313.388000	S	49693	16
roam2.cs.ou.edu_planetlab7.flux.utah.edu_20328 4	321.398000	42006.974000	0.071000	0.008000	42328.451000	S	49833	48
planetlab4.wail.wisc.edu_planetlab7.flux.utah.edu_36849 3	396.975000	42048.903000	0.081000	0.007000	42445.966000	S	49694	16
planetlab4.wail.wisc.edu_planetlab7.flux.utah.edu_36855 3	397.257000	42055.254000	0.099000	0.006000	42452.616000	S	49695	16
planetlab-03.cs.princeton.edu_planetlab7.flux.utah.edu_13663 4	328.081000	42135.338000	0.071000	0.010000	42463.500000	S	49660	80
planetlab4.wail.wisc.edu_planetlab7.flux.utah.edu_36864 3	383.544000	42098.861000	0.073000	0.004000	42482.482000	S	49697	16
planetlab4.wail.wisc.edu_planetlab7.flux.utah.edu_36884 3	371.921000	42171.327000	0.070000	0.009000	42543.327000	S	49700	16
planetlab4.wail.wisc.edu_planetlab7.flux.utah.edu_36892 3	271.018000	42286.323000	0.087000	0.005000	42557.433000	S	49701	16
planetlab4.wail.wisc.edu_planetlab7.flux.utah.edu_36899 3	228.948000	42353.109000	0.072000	0.014000	42582.143000	S	49703	16
planetlab4.wail.wisc.edu_planetlab7.flux.utah.edu_36907 3	231.260000	42367.147000	0.066000	0.009000	42598.482000	S	49707	16
planetlab4.wail.wisc.edu_planetlab7.flux.utah.edu_36920 3	230.309000	42409.724000	0.168000	0.007000	42640.208000	S	49709	16
planetlab4.wail.wisc.edu_planetlab7.flux.utah.edu_36930 3	230.115000	42427.634000	0.089000	0.008000	42657.846000	S	49715	16
planetlab4.wail.wisc.edu_planetlab7.flux.utah.edu_36939 3	228.595000	42469.307000	0.088000	0.008000	42697.998000	S	49717	16
roam2.cs.ou.edu_planetlab7.flux.utah.edu_20482 4	268.919000	42484.793000	0.063000	0.007000	42753.782000	S	49861	48
planetlab4.wail.wisc.edu_planetlab7.flux.utah.edu_36955 3	234.152000	42529.896000	0.084000	0.007000	42764.139000	S	49721	16
planetlab4.wail.wisc.edu_planetlab7.flux.utah.edu_36958 3	233.143000	42542.874000	0.072000	0.007000	42776.096000	S	49722	16
planetlab4.wail.wisc.edu_planetlab7.flux.utah.edu_36961 3	232.261000	42544.030000	0.065000	0.006000	42776.362000	S	49723	16
planetlab4.wail.wisc.edu_planetlab7.flux.utah.edu_36980 3	230.380000	42624.788000	0.663000	0.008000	42855.839000	S	49727	16
planetlab4.wail.wisc.edu_planetlab7.flux.utah.edu_36982 3	230.470000	42628.312000	0.077000	0.004000	42858.863000	S	49728	16
planetlab4.wail.wisc.edu_planetlab7.flux.utah.edu_36991 3	232.381000	42656.512000	0.082000	0.005000	42888.980000	S	49739	16
planetlab4.wail.wisc.edu_planetlab7.flux.utah.edu_36996 3	235.515000	42673.819000	0.078000	0.008000	42909.420000	S	49743	16
planetlab4.wail.wisc.edu_planetlab7.flux.utah.edu_36998 3	236.553000	42676.296000	0.065000	0.007000	42912.921000	S	49744	16
planetlab4.wail.wisc.edu_planetlab7.flux.utah.edu_37011 3	250.722000	42694.877000	0.063000	0.006000	42945.668000	S	49745	16
planetlab4.wail.wisc.edu_planetlab7.flux.utah.edu_37014 3	237.358000	42710.714000	0.086000	0.008000	42948.166000	S	49746	16
planetlab4.wail.wisc.edu_planetlab7.flux.utah.edu_37019 3	232.131000	42731.864000	0.107000	0.009000	42964.111000	S	49747	16
planetlab4.wail.wisc.edu_planetlab7.flux.utah.edu_37021 3	231.609000	42732.552000	0.050000	0.008000	42964.219000	S	49748	16
planetlab4.wail.wisc.edu_planetlab7.flux.utah.edu_37028 3	229.950000	42756.144000	0.084000	0.006000	42986.184000	S	49752	16
roam2.cs.ou.edu_planetlab7.flux.utah.edu_20548 4	613.401000	42386.877000	0.086000	0.012000	43000.376000	S	49873	48
planetlab4.wail.wisc.edu_planetlab7.flux.utah.edu_37037 3	229.675000	42772.783000	0.072000	0.009000	43002.539000	S	49753	16
planetlab4.wail.wisc.edu_planetlab7.flux.utah.edu_37042 3	257.526000	42767.494000	0.081000	0.008000	43025.109000	S	49754	16
planetlab4.wail.wisc.edu_planetlab7.flux.utah.edu_37056 3	305.977000	42741.594000	0.054000	0.007000	43047.632000	S	49755	16
roam2.cs.ou.edu_planetlab7.flux.utah.edu_20564 4	557.379000	42520.089000	0.078000	0.015000	43077.561000	S	49876	48
roam2.cs.ou.edu_planetlab7.flux.utah.edu_20566 4	554.705000	42533.018000	0.064000	0.009000	43087.796000	S	49877	48
roam2.cs.ou.edu_planetlab7.flux.utah.edu_20568 4	541.413000	42546.379000	0.080000	0.009000	43087.881000	S	49879	48
roam2.cs.ou.edu_planetlab7.flux.utah.edu_20582 4	458.072000	42670.087000	0.085000	0.011000	43128.255000	S	49885	48
roam2.cs.ou.edu_planetlab7.flux.utah.edu_20603 4	270.114000	42928.895000	0.093000	0.016000	43199.118000	S	49909	48
planetlab4.wail.wisc.edu_planetlab7.flux.utah.edu_37116 3	258.091000	42955.337000	0.075000	0.008000	43213.511000	S	49759	16
planetlab4.wail.wisc.edu_planetlab7.flux.utah.edu_37207 3	237.051000	43217.581000	0.052000	0.028000	43454.712000	S	49765	16
planetlab4.wail.wisc.edu_planetlab7.flux.utah.edu_37291 3	234.457000	43437.800000	0.052000	0.009000	43672.318000	S	49774	16
planetlab4.wail.wisc.edu_planetlab7.flux.utah.edu_37359 3	227.978000	43638.943000	0.068000	0.006000	43866.995000	S	49776	16
aguila1.lsi.upc.edu_planetlab7.flux.utah.edu_3736 3	651.873000	43656.317000	0.071000	0.011000	44308.272000	S	50019	592
planetlab2.umassd.edu_planetlab7.flux.utah.edu_25029 3	288.696000	44351.958000	0.069000	0.008000	44640.731000	S	49711	64
planetlab-03.cs.princeton.edu_planetlab7.flux.utah.edu_13782 4	323.430000	44650.688000	1.064000	0.014000	44975.196000	S	49716	80
planetlab4.wail.wisc.edu_planetlab7.flux.utah.edu_38085 3	365.512000	45421.525000	0.072000	0.007000	45787.116000	S	49787	16
planetlab4.wail.wisc.edu_planetlab7.flux.utah.edu_38269 3	335.338000	45898.995000	0.060000	0.007000	46234.400000	S	49796	16
planetlab4.wail.wisc.edu_planetlab7.flux.utah.edu_38343 3	230.418000	46214.171000	0.074000	0.006000	46444.669000	S	49803	16
planetlab4.wail.wisc.edu_planetlab7.flux.utah.edu_38372 3	235.374000	46290.643000	0.067000	0.009000	46526.093000	S	49807	16
planetlab4.wail.wisc.edu_planetlab7.flux.utah.edu_38386 3	233.813000	46328.811000	0.082000	0.006000	46562.712000	S	49811	16
planetlab4.wail.wisc.edu_planetlab7.flux.utah.edu_38442 3	227.722000	46472.325000	0.060000	0.009000	46700.116000	S	49817	16
planetlab4.wail.wisc.edu_planetlab7.flux.utah.edu_38471 3	227.103000	46528.572000	0.078000	0.010000	46755.763000	S	49818	16
planetlab4.wail.wisc.edu_planetlab7.flux.utah.edu_38475 3	228.501000	46532.795000	0.056000	0.009000	46761.361000	S	49819	16
planetlab4.wail.wisc.edu_planetlab7.flux.utah.edu_38505 3	237.936000	46624.794000	0.073000	0.016000	46862.819000	S	49823	16
planetlab4.wail.wisc.edu_planetlab7.flux.utah.edu_38587 3	290.453000	46796.212000	0.070000	0.008000	47086.743000	S	49829	16
planetlab1.cs.uiuc.edu_planetlab7.flux.utah.edu_18667 3	220.630000	47167.675000	0.085000	0.012000	47388.402000	S	49733	128
planetlab4.wail.wisc.edu_planetlab7.flux.utah.edu_38736 3	430.141000	46981.440000	0.054000	0.007000	47411.642000	S	49843	16
planetlab4.wail.wisc.edu_planetlab7.flux.utah.edu_38759 3	342.584000	47146.450000	0.052000	0.006000	47489.092000	S	49851	16
planetlab4.wail.wisc.edu_planetlab7.flux.utah.edu_38846 3	230.624000	47459.860000	0.072000	0.009000	47690.565000	S	49863	16
planetlab4.wail.wisc.edu_planetlab7.flux.utah.edu_38894 3	230.699000	47563.458000	0.137000	0.013000	47794.307000	S	49867	16
planetlab4.wail.wisc.edu_planetlab7.flux.utah.edu_38898 3	229.389000	47566.851000	0.051000	0.007000	47796.298000	S	49869	16
planetlab4.wail.wisc.edu_planetlab7.flux.utah.edu_38903 3	231.801000	47580.817000	0.074000	0.008000	47812.700000	S	49870	16
planetlab4.wail.wisc.edu_planetlab7.flux.utah.edu_38906 3	230.038000	47589.282000	0.076000	0.005000	47819.401000	S	49872	16
planetlab4.wail.wisc.edu_planetlab7.flux.utah.edu_38908 3	231.020000	47588.427000	0.075000	0.009000	47819.531000	S	49871	16
planetlab4.wail.wisc.edu_planetlab7.flux.utah.edu_38951 3	228.392000	47694.248000	0.071000	0.009000	47922.720000	S	49883	16
planetlab4.wail.wisc.edu_planetlab7.flux.utah.edu_38955 3	229.641000	47707.097000	0.140000	0.009000	47936.887000	S	49887	16
planetlab4.wail.wisc.edu_planetlab7.flux.utah.edu_38973 3	229.041000	47728.688000	0.086000	0.014000	47957.829000	S	49903	16
planetlab4.wail.wisc.edu_planetlab7.flux.utah.edu_38975 3	230.113000	47736.454000	0.079000	0.006000	47966.652000	S	49905	16
planetlab4.wail.wisc.edu_planetlab7.flux.utah.edu_39023 3	327.727000	47781.488000	0.076000	0.008000	48109.299000	S	49920	16
planetlab2.cs.columbia.edu_planetlab7.flux.utah.edu_8551 5	312.578000	52079.816000	0.172000	0.013000	52392.579000	S	49786	112
planetlab4.wail.wisc.edu_planetlab7.flux.utah.edu_40217 3	566.226000	52057.288000	0.063000	0.009000	52623.586000	S	49924	16
planetlab4.wail.wisc.edu_planetlab7.flux.utah.edu_40219 3	560.071000	52065.828000	0.050000	0.008000	52625.957000	S	49925	16
planetlab4.wail.wisc.edu_planetlab7.flux.utah.edu_40223 3	542.050000	52102.715000	0.189000	0.005000	52644.959000	S	49927	16
planetlab4.wail.wisc.edu_planetlab7.flux.utah.edu_40225 3	584.796000	52064.201000	0.122000	0.008000	52649.127000	S	49921	16
planetlab4.wail.wisc.edu_planetlab7.flux.utah.edu_40263 3	239.440000	52503.648000	0.091000	0.008000	52743.187000	S	49931	16
planetlab4.wail.wisc.edu_planetlab7.flux.utah.edu_40270 3	238.564000	52520.894000	0.056000	0.014000	52759.528000	S	49933	16
planetlab4.wail.wisc.edu_planetlab7.flux.utah.edu_40284 3	238.296000	52559.483000	0.085000	0.008000	52797.872000	S	49935	16
planetlab4.wail.wisc.edu_planetlab7.flux.utah.edu_40304 3	235.426000	52605.517000	0.071000	0.007000	52841.021000	S	49936	16
planetlab4.wail.wisc.edu_planetlab7.flux.utah.edu_40310 3	232.896000	52611.952000	0.119000	0.008000	52844.975000	S	49937	16
planetlab4.wail.wisc.edu_planetlab7.flux.utah.edu_40312 3	232.745000	52616.695000	0.059000	0.014000	52849.513000	S	49938	16
planetlab4.wail.wisc.edu_planetlab7.flux.utah.edu_40355 3	227.898000	52838.656000	0.110000	0.011000	53066.675000	S	49939	16
planetlab4.wail.wisc.edu_planetlab7.flux.utah.edu_40361 3	235.512000	52860.192000	0.084000	0.007000	53095.795000	S	49940	16
planetlab4.wail.wisc.edu_planetlab7.flux.utah.edu_40363 3	233.535000	52862.474000	0.054000	0.007000	53096.070000	S	49941	16
planetlab4.wail.wisc.edu_planetlab7.flux.utah.edu_40367 3	228.134000	52882.911000	0.074000	0.016000	53111.135000	S	49944	16
planetlab4.wail.wisc.edu_planetlab7.flux.utah.edu_40375 3	230.072000	52903.441000	0.091000	0.007000	53133.611000	S	49945	16
planetlab4.wail.wisc.edu_planetlab7.flux.utah.edu_40378 3	230.582000	52905.856000	0.092000	0.007000	53136.537000	S	49946	16
planetlab4.wail.wisc.edu_planetlab7.flux.utah.edu_40382 3	230.177000	52927.910000	0.070000	0.008000	53158.165000	S	49947	16
planetlab4.wail.wisc.edu_planetlab7.flux.utah.edu_40398 3	229.250000	53015.755000	0.077000	0.010000	53245.092000	S	49951	16
planetlab4.wail.wisc.edu_planetlab7.flux.utah.edu_40402 3	231.272000	53030.544000	0.087000	0.008000	53261.911000	S	49952	16
planetlab4.wail.wisc.edu_planetlab7.flux.utah.edu_40404 3	231.004000	53035.484000	0.082000	0.005000	53266.575000	S	49953	16
planetlab2.eecs.umich.edu_planetlab7.flux.utah.edu_20391 5	1361.776000	51939.437000	0.138000	0.013000	53301.364000	S	49625	2048
planetlab4.wail.wisc.edu_planetlab7.flux.utah.edu_40412 3	234.839000	53086.884000	0.059000	0.007000	53321.789000	S	49955	16
planetlab4.wail.wisc.edu_planetlab7.flux.utah.edu_40424 3	229.088000	53136.558000	0.091000	0.011000	53365.748000	S	49956	16
planetlab4.wail.wisc.edu_planetlab7.flux.utah.edu_40426 3	227.933000	53143.853000	0.087000	0.011000	53371.884000	S	49957	16
planetlab4.wail.wisc.edu_planetlab7.flux.utah.edu_40428 3	231.084000	53148.383000	0.066000	0.007000	53379.540000	S	49958	16
pl1.rcc.uottawa.ca_planetlab7.flux.utah.edu_54221 2	215.700000	53170.966000	0.225000	0.004000	53386.895000	S	49960	0
planetlab4.wail.wisc.edu_planetlab7.flux.utah.edu_40430 3	232.568000	53163.753000	0.055000	0.007000	53396.383000	S	49959	16
planetlab4.wail.wisc.edu_planetlab7.flux.utah.edu_40435 3	228.592000	53189.229000	0.068000	0.007000	53417.896000	S	49961	16
planetlab4.wail.wisc.edu_planetlab7.flux.utah.edu_40443 3	231.116000	53227.583000	0.078000	0.009000	53458.786000	S	49964	16
planetlab4.wail.wisc.edu_planetlab7.flux.utah.edu_40458 3	228.891000	53257.454000	0.077000	0.008000	53486.430000	S	49965	16
planetlab4.wail.wisc.edu_planetlab7.flux.utah.edu_40460 3	229.083000	53273.625000	0.067000	0.008000	53502.783000	S	49967	16
planetlab4.wail.wisc.edu_planetlab7.flux.utah.edu_40464 3	229.361000	53288.648000	0.063000	0.063000	53518.135000	S	49968	16
planetlab4.wail.wisc.edu_planetlab7.flux.utah.edu_40468 3	228.851000	53308.668000	0.069000	0.008000	53537.596000	S	49969	16
planetlab4.wail.wisc.edu_planetlab7.flux.utah.edu_40478 3	234.041000	53359.342000	0.077000	0.012000	53593.472000	S	49971	16
planetlab4.wail.wisc.edu_planetlab7.flux.utah.edu_40480 3	229.972000	53365.308000	0.080000	0.009000	53595.369000	S	49972	16
planetlab4.wail.wisc.edu_planetlab7.flux.utah.edu_40482 3	227.966000	53388.962000	0.078000	0.006000	53617.012000	S	49973	16
planetlab4.wail.wisc.edu_planetlab7.flux.utah.edu_40488 3	229.908000	53414.665000	0.066000	0.006000	53644.645000	S	49975	16
planetlab2.eecs.umich.edu_planetlab7.flux.utah.edu_20467 5	1055.438000	52660.372000	0.268000	0.010000	53716.088000	S	49634	2048
planetlab4.wail.wisc.edu_planetlab7.flux.utah.edu_40509 3	228.648000	53484.417000	0.069000	0.008000	53713.142000	S	49979	16
planetlab4.wail.wisc.edu_planetlab7.flux.utah.edu_40519 3	230.441000	53505.143000	0.088000	0.010000	53735.682000	S	49981	16
planetlab4.wail.wisc.edu_planetlab7.flux.utah.edu_40533 3	239.014000	53557.445000	0.074000	0.007000	53796.540000	S	49984	16
planetlab4.wail.wisc.edu_planetlab7.flux.utah.edu_40537 3	237.971000	53567.716000	0.068000	0.007000	53805.762000	S	49985	16
planetlab4.wail.wisc.edu_planetlab7.flux.utah.edu_40541 3	234.544000	53573.092000	0.076000	0.031000	53807.743000	S	49986	16
planetlab4.wail.wisc.edu_planetlab7.flux.utah.edu_40551 3	228.770000	53615.241000	0.067000	0.008000	53844.086000	S	49988	16
planetlab4.wail.wisc.edu_planetlab7.flux.utah.edu_40557 3	229.947000	53631.451000	0.089000	0.008000	53861.495000	S	49989	16
planetlab4.wail.wisc.edu_planetlab7.flux.utah.edu_40578 3	229.758000	53698.243000	0.054000	0.011000	53928.066000	S	49991	16
planetlab4.wail.wisc.edu_planetlab7.flux.utah.edu_40584 3	230.704000	53718.265000	0.081000	0.008000	53949.058000	S	49992	16
planetlab4.wail.wisc.edu_planetlab7.flux.utah.edu_40613 3	229.503000	53828.887000	0.068000	0.007000	54058.465000	S	49995	16
planetlab4.wail.wisc.edu_planetlab7.flux.utah.edu_40619 3	236.408000	53865.417000	0.095000	0.005000	54101.925000	S	49997	16
planetlab4.wail.wisc.edu_planetlab7.flux.utah.edu_40622 3	240.219000	53869.796000	0.079000	0.015000	54110.109000	S	49998	16
planetlab4.wail.wisc.edu_planetlab7.flux.utah.edu_40624 3	230.628000	53885.767000	2.364000	0.007000	54118.766000	S	49999	16
planetlab4.wail.wisc.edu_planetlab7.flux.utah.edu_40626 3	232.800000	53891.776000	0.074000	0.007000	54124.657000	S	50000	16
planetlab4.wail.wisc.edu_planetlab7.flux.utah.edu_40632 3	228.604000	53912.130000	0.062000	0.008000	54140.804000	S	50001	16
planetlab2.eecs.umich.edu_planetlab7.flux.utah.edu_20528 5	599.153000	53556.296000	0.093000	0.012000	54155.554000	S	49640	2048
planetlab4.wail.wisc.edu_planetlab7.flux.utah.edu_40645 3	228.930000	53969.715000	0.065000	0.009000	54198.719000	S	50002	16
planetlab4.wail.wisc.edu_planetlab7.flux.utah.edu_40653 3	234.487000	53988.682000	0.079000	0.006000	54223.254000	S	50003	16
planetlab4.wail.wisc.edu_planetlab7.flux.utah.edu_40655 3	229.785000	54007.747000	0.065000	0.011000	54237.608000	S	50004	16
planetlab4.wail.wisc.edu_planetlab7.flux.utah.edu_40657 3	230.553000	54008.848000	0.216000	0.008000	54239.625000	S	50005	16
planetlab4.wail.wisc.edu_planetlab7.flux.utah.edu_40659 3	232.814000	54014.921000	0.061000	0.006000	54247.802000	S	50006	16
planetlab4.wail.wisc.edu_planetlab7.flux.utah.edu_40684 3	233.008000	54061.816000	0.060000	0.006000	54294.890000	S	50008	16
planetlab4.wail.wisc.edu_planetlab7.flux.utah.edu_40687 3	234.909000	54060.877000	0.071000	0.009000	54295.866000	S	50009	16
planetlab4.wail.wisc.edu_planetlab7.flux.utah.edu_40688 3	235.509000	54061.317000	0.072000	0.005000	54296.903000	S	50010	16
planetlab2.eecs.umich.edu_planetlab7.flux.utah.edu_20542 5	574.456000	53747.550000	0.121000	0.011000	54322.138000	S	49642	2048
planetlab4.wail.wisc.edu_planetlab7.flux.utah.edu_40700 3	229.296000	54106.932000	0.079000	0.025000	54336.332000	S	50011	16
planetlab4.wail.wisc.edu_planetlab7.flux.utah.edu_40710 3	231.892000	54138.056000	0.074000	0.007000	54370.029000	S	50012	16
planetlab4.wail.wisc.edu_planetlab7.flux.utah.edu_40712 3	235.802000	54142.804000	0.070000	0.011000	54378.687000	S	50015	16
planetlab4.wail.wisc.edu_planetlab7.flux.utah.edu_40722 3	230.124000	54170.108000	0.079000	0.006000	54400.317000	S	50017	16
planetlab4.wail.wisc.edu_planetlab7.flux.utah.edu_40730 3	231.990000	54204.079000	0.063000	0.006000	54436.138000	S	50016	16
planetlab4.wail.wisc.edu_planetlab7.flux.utah.edu_40745 3	230.578000	54250.470000	0.072000	0.015000	54481.135000	S	50020	16
planetlab4.wail.wisc.edu_planetlab7.flux.utah.edu_40756 3	234.384000	54283.522000	0.085000	0.006000	54517.997000	S	50021	16
planetlab4.wail.wisc.edu_planetlab7.flux.utah.edu_40771 3	242.704000	54329.609000	0.193000	0.008000	54572.514000	S	50023	16
planetlab-03.cs.princeton.edu_planetlab7.flux.utah.edu_14286 4	320.899000	54297.166000	0.074000	0.008000	54618.147000	S	49820	80
planetlab2.eecs.umich.edu_planetlab7.flux.utah.edu_20572 5	557.323000	54101.664000	0.114000	0.010000	54659.111000	S	49643	2048
aguila1.lsi.upc.edu_planetlab7.flux.utah.edu_3839 3	578.343000	54134.198000	0.055000	0.010000	54712.606000	S	50216	592
planetlab5.williams.edu_planetlab7.flux.utah.edu_7003 4	472.371000	54351.060000	0.070000	0.006000	54823.507000	S	49901	2112
planetlab4.wail.wisc.edu_planetlab7.flux.utah.edu_40839 3	349.407000	54560.084000	0.083000	0.006000	54909.580000	S	50029	16
planetlab5.williams.edu_planetlab7.flux.utah.edu_7027 4	418.750000	54493.804000	0.086000	0.008000	54912.648000	S	49977	2112
planetlab4.wail.wisc.edu_planetlab7.flux.utah.edu_40853 3	361.298000	54642.825000	0.090000	0.007000	55004.220000	S	50031	16
planetlab4.wail.wisc.edu_planetlab7.flux.utah.edu_40859 3	353.004000	54653.680000	0.067000	0.007000	55006.758000	S	50032	16
planetlab4.wail.wisc.edu_planetlab7.flux.utah.edu_40861 3	349.272000	54659.949000	0.065000	0.007000	55009.293000	S	50033	16
planetlab4.wail.wisc.edu_planetlab7.flux.utah.edu_40863 3	350.087000	54663.760000	0.084000	0.007000	55013.938000	S	50034	16
planetlab2.eecs.umich.edu_planetlab7.flux.utah.edu_20623 5	836.573000	54270.441000	0.138000	0.011000	55107.163000	S	49646	2048
planetlab4.wail.wisc.edu_planetlab7.flux.utah.edu_40940 3	355.218000	54912.567000	0.078000	0.007000	55267.870000	S	50036	16
plab4.eece.ksu.edu_planetlab7.flux.utah.edu_10459 4	394.838000	54893.862000	0.073000	0.007000	55288.780000	S	49668	2080
planetlab4.wail.wisc.edu_planetlab7.flux.utah.edu_40947 3	352.212000	54938.501000	0.080000	0.006000	55290.799000	S	50037	16
pl1.rcc.uottawa.ca_planetlab7.flux.utah.edu_54817 2	301.847000	55046.253000	0.197000	0.007000	55348.304000	S	50044	0
planetlab4.wail.wisc.edu_planetlab7.flux.utah.edu_40970 3	339.503000	55015.256000	0.064000	0.009000	55354.832000	S	50040	16
planetlab4.wail.wisc.edu_planetlab7.flux.utah.edu_41039 3	229.360000	55391.857000	0.076000	0.007000	55621.300000	S	50053	16
pl1.rcc.uottawa.ca_planetlab7.flux.utah.edu_54912 2	214.158000	55422.679000	0.066000	0.008000	55636.911000	S	50056	0
planetlab4.wail.wisc.edu_planetlab7.flux.utah.edu_41047 3	228.154000	55426.916000	0.064000	0.011000	55655.145000	S	50055	16
planetlab4.wail.wisc.edu_planetlab7.flux.utah.edu_41053 3	233.619000	55444.821000	0.060000	0.006000	55678.506000	S	50059	16
planetlab4.wail.wisc.edu_planetlab7.flux.utah.edu_41064 3	228.743000	55492.103000	0.132000	0.008000	55720.986000	S	50061	16
planetlab4.wail.wisc.edu_planetlab7.flux.utah.edu_41068 3	227.790000	55505.369000	0.068000	0.007000	55733.234000	S	50062	16
planetlab4.wail.wisc.edu_planetlab7.flux.utah.edu_41074 3	227.945000	55545.672000	0.086000	0.007000	55773.710000	S	50063	16
planetlab4.wail.wisc.edu_planetlab7.flux.utah.edu_41076 3	228.335000	55547.292000	0.069000	0.008000	55775.704000	S	50064	16
pl1.rcc.uottawa.ca_planetlab7.flux.utah.edu_54978 2	212.150000	55595.217000	0.069000	0.006000	55807.442000	S	50070	0
planetlab4.wail.wisc.edu_planetlab7.flux.utah.edu_41086 3	228.206000	55583.779000	0.059000	0.007000	55812.051000	S	50067	16
planetlab4.wail.wisc.edu_planetlab7.flux.utah.edu_41108 3	231.157000	55664.118000	0.133000	0.010000	55895.418000	S	50075	16
planetlab2.eecs.umich.edu_planetlab7.flux.utah.edu_20726 5	1418.734000	54488.041000	12.307000	0.012000	55919.094000	S	49653	2048
planetlab4.wail.wisc.edu_planetlab7.flux.utah.edu_41122 3	231.598000	55717.037000	0.069000	0.006000	55948.710000	S	50079	16
pl1.rcc.uottawa.ca_planetlab7.flux.utah.edu_55083 2	208.862000	55888.612000	0.061000	0.007000	56097.542000	S	50080	0
plab4.eece.ksu.edu_planetlab7.flux.utah.edu_10493 4	388.070000	55752.068000	0.063000	0.009000	56140.210000	S	49672	2080
planetlab4.wail.wisc.edu_planetlab7.flux.utah.edu_41186 3	228.729000	55906.546000	0.056000	0.010000	56135.341000	S	50081	16
planetlab2.eecs.umich.edu_planetlab7.flux.utah.edu_20758 5	1581.095000	54566.154000	0.118000	0.010000	56147.377000	S	49658	2048
planetlab4.wail.wisc.edu_planetlab7.flux.utah.edu_41198 3	230.700000	55942.534000	0.060000	0.008000	56173.302000	S	50083	16
planetlab4.wail.wisc.edu_planetlab7.flux.utah.edu_41204 3	229.042000	55952.915000	0.057000	0.006000	56182.020000	S	50084	16
planetlab4.wail.wisc.edu_planetlab7.flux.utah.edu_41226 3	231.407000	56007.302000	0.058000	0.010000	56238.777000	S	50085	16
planetlab4.wail.wisc.edu_planetlab7.flux.utah.edu_41235 3	227.931000	56058.294000	0.084000	0.007000	56286.316000	S	50087	16
planetlab2.cs.columbia.edu_planetlab7.flux.utah.edu_8603 5	443.840000	55872.243000	0.210000	0.011000	56316.304000	S	49850	112
pl1.rcc.uottawa.ca_planetlab7.flux.utah.edu_55169 2	209.317000	56133.520000	0.089000	0.005000	56342.931000	S	50088	0
pl1.rcc.uottawa.ca_planetlab7.flux.utah.edu_55174 2	211.321000	56139.838000	0.070000	0.005000	56351.234000	S	50090	0
pl1.rcc.uottawa.ca_planetlab7.flux.utah.edu_55172 2	210.803000	56141.871000	0.050000	0.005000	56352.729000	S	50089	0
pl1.rcc.uottawa.ca_planetlab7.flux.utah.edu_55188 2	212.212000	56187.230000	0.131000	0.006000	56399.579000	S	50092	0
planetlab4.wail.wisc.edu_planetlab7.flux.utah.edu_41321 3	339.941000	56301.553000	0.071000	0.007000	56641.572000	S	50093	16
planetlab4.wail.wisc.edu_planetlab7.flux.utah.edu_41357 3	279.069000	56490.907000	0.072000	0.007000	56770.055000	S	50095	16
planetlab4.wail.wisc.edu_planetlab7.flux.utah.edu_41361 3	230.609000	56553.648000	0.136000	0.007000	56784.400000	S	50097	16
planetlab4.wail.wisc.edu_planetlab7.flux.utah.edu_41363 3	231.574000	56559.937000	0.073000	0.007000	56791.591000	S	50098	16
planetlab4.wail.wisc.edu_planetlab7.flux.utah.edu_41365 3	233.891000	56567.777000	0.071000	0.007000	56801.746000	S	50099	16
planetlab4.wail.wisc.edu_planetlab7.flux.utah.edu_41372 3	230.390000	56592.132000	0.262000	0.008000	56822.792000	S	50101	16
planetlab4.wail.wisc.edu_planetlab7.flux.utah.edu_41401 3	231.176000	56676.967000	0.092000	0.007000	56908.242000	S	50103	16
pl1.rcc.uottawa.ca_planetlab7.flux.utah.edu_55399 2	214.627000	56705.395000	0.091000	0.007000	56920.120000	S	50104	0
planetlab2.cs.columbia.edu_planetlab7.flux.utah.edu_8606 5	308.885000	56655.116000	0.181000	0.011000	56964.193000	S	49882	112
planetlab4.wail.wisc.edu_planetlab7.flux.utah.edu_41417 3	232.899000	56734.603000	0.074000	0.007000	56967.583000	S	50106	16
planetlab4.wail.wisc.edu_planetlab7.flux.utah.edu_41419 3	231.094000	56745.562000	0.082000	0.009000	56976.747000	S	50107	16
planetlab4.wail.wisc.edu_planetlab7.flux.utah.edu_41438 3	228.844000	56810.180000	0.080000	0.016000	57039.120000	S	50112	16
planetlab2.cs.columbia.edu_planetlab7.flux.utah.edu_8608 5	311.698000	56771.039000	0.138000	0.016000	57082.891000	S	49898	112
planetlab2.cs.columbia.edu_planetlab7.flux.utah.edu_8610 5	308.660000	56812.102000	0.138000	0.013000	57120.913000	S	49906	112
plab4.eece.ksu.edu_planetlab7.flux.utah.edu_10531 4	390.525000	56792.374000	0.070000	0.007000	57182.976000	S	49676	2080
planetlab1.cs.uiuc.edu_planetlab7.flux.utah.edu_19506 3	230.883000	56957.388000	0.083000	0.007000	57188.361000	S	49934	128
planetlab2.cs.columbia.edu_planetlab7.flux.utah.edu_8616 5	306.073000	56889.582000	0.193000	0.012000	57195.860000	S	49912	112
planetlab4.wail.wisc.edu_planetlab7.flux.utah.edu_41495 3	232.997000	56974.924000	0.075000	0.008000	57208.004000	S	50115	16
planetlab2.cs.columbia.edu_planetlab7.flux.utah.edu_8618 5	311.920000	56909.034000	0.171000	0.015000	57221.140000	S	49914	112
planetlab2.cs.columbia.edu_planetlab7.flux.utah.edu_8620 5	310.172000	56918.935000	0.142000	0.011000	57229.260000	S	49915	112
planetlab4.wail.wisc.edu_planetlab7.flux.utah.edu_41506 3	230.145000	56996.710000	0.063000	0.006000	57226.924000	S	50117	16
planetlab4.wail.wisc.edu_planetlab7.flux.utah.edu_41508 3	230.132000	56999.249000	0.047000	0.006000	57229.434000	S	50118	16
planetlab4.wail.wisc.edu_planetlab7.flux.utah.edu_41516 3	234.068000	57014.251000	0.066000	0.008000	57248.393000	S	50119	16
planetlab2.cs.columbia.edu_planetlab7.flux.utah.edu_8622 5	314.940000	56970.916000	0.193000	0.010000	57286.059000	S	49918	112
planetlab4.wail.wisc.edu_planetlab7.flux.utah.edu_41534 3	227.754000	57075.832000	0.072000	0.018000	57303.676000	S	50121	16
planetlab4.wail.wisc.edu_planetlab7.flux.utah.edu_41546 3	230.265000	57099.415000	0.075000	0.008000	57329.763000	S	50122	16
plab4.eece.ksu.edu_planetlab7.flux.utah.edu_10541 4	377.198000	56964.724000	0.064000	0.009000	57341.995000	S	49678	2080
planetlab4.wail.wisc.edu_planetlab7.flux.utah.edu_41554 3	237.701000	57106.819000	0.082000	0.006000	57344.608000	S	50123	16
planetlab4.wail.wisc.edu_planetlab7.flux.utah.edu_41560 3	251.152000	57123.639000	0.077000	0.011000	57374.879000	S	50124	16
plab4.eece.ksu.edu_planetlab7.flux.utah.edu_10547 4	379.991000	57038.131000	0.047000	0.009000	57418.178000	S	49677	2080
planetlab4.wail.wisc.edu_planetlab7.flux.utah.edu_41566 3	504.878000	57094.608000	0.130000	0.024000	57599.640000	S	50125	16
planetlab4.wail.wisc.edu_planetlab7.flux.utah.edu_41570 3	470.345000	57130.174000	0.088000	0.008000	57600.615000	S	50126	16
planetlab4.wail.wisc.edu_planetlab7.flux.utah.edu_41580 3	417.906000	57221.046000	0.048000	0.007000	57639.007000	S	50127	16
planetlab4.wail.wisc.edu_planetlab7.flux.utah.edu_41592 3	403.416000	57273.928000	0.064000	0.007000	57677.415000	S	50128	16
planetlab4.wail.wisc.edu_planetlab7.flux.utah.edu_41598 3	357.476000	57334.199000	0.052000	0.007000	57691.734000	S	50129	16
planetlab4.wail.wisc.edu_planetlab7.flux.utah.edu_41600 3	334.327000	57357.592000	0.063000	0.006000	57691.988000	S	50130	16
planetlab4.wail.wisc.edu_planetlab7.flux.utah.edu_41602 3	328.987000	57387.163000	0.077000	0.007000	57716.234000	S	50132	16
planetlab4.wail.wisc.edu_planetlab7.flux.utah.edu_41631 3	239.397000	57549.166000	0.087000	0.007000	57788.657000	S	50135	16
planetlab4.wail.wisc.edu_planetlab7.flux.utah.edu_41649 3	230.916000	57605.756000	0.052000	0.006000	57836.730000	S	50136	16
pl1.rcc.uottawa.ca_planetlab7.flux.utah.edu_55799 2	209.053000	57640.663000	0.059000	0.008000	57849.783000	S	50147	0
planetlab4.wail.wisc.edu_planetlab7.flux.utah.edu_41669 3	228.794000	57676.098000	0.051000	0.008000	57904.951000	S	50139	16
pl1.rcc.uottawa.ca_planetlab7.flux.utah.edu_55824 2	209.030000	57700.738000	0.241000	0.006000	57910.015000	S	50152	0
planetlab4.wail.wisc.edu_planetlab7.flux.utah.edu_41671 3	230.203000	57688.964000	0.073000	0.006000	57919.246000	S	50141	16
planetlab4.wail.wisc.edu_planetlab7.flux.utah.edu_41673 3	231.324000	57696.490000	0.083000	0.008000	57927.905000	S	50142	16
planetlab4.wail.wisc.edu_planetlab7.flux.utah.edu_41689 3	234.709000	57732.021000	0.071000	0.006000	57966.807000	S	50143	16
planetlab4.wail.wisc.edu_planetlab7.flux.utah.edu_41714 3	229.521000	57830.142000	0.072000	0.015000	58059.750000	S	50149	16
planetlab4.wail.wisc.edu_planetlab7.flux.utah.edu_41720 3	227.395000	57840.909000	0.074000	0.007000	58068.385000	S	50151	16
planetlab4.wail.wisc.edu_planetlab7.flux.utah.edu_41732 3	243.635000	57863.389000	0.071000	0.008000	58107.103000	S	50155	16
planetlab4.wail.wisc.edu_planetlab7.flux.utah.edu_41748 3	331.635000	57816.447000	0.065000	0.008000	58148.155000	S	50157	16
planetlab4.wail.wisc.edu_planetlab7.flux.utah.edu_41752 3	341.980000	57833.654000	0.069000	0.006000	58175.709000	S	50158	16
planetlab4.wail.wisc.edu_planetlab7.flux.utah.edu_41771 3	371.250000	57866.452000	0.084000	0.007000	58237.793000	S	50159	16
plab4.eece.ksu.edu_planetlab7.flux.utah.edu_10626 4	377.960000	58094.502000	0.067000	0.010000	58472.539000	S	49692	2080
pl1.rcc.uottawa.ca_planetlab7.flux.utah.edu_56057 2	211.823000	58259.349000	0.062000	0.006000	58471.240000	S	50176	0
planetlab4.wail.wisc.edu_planetlab7.flux.utah.edu_41867 3	820.965000	57867.973000	0.150000	0.006000	58689.094000	S	50160	16
planetlab4.wail.wisc.edu_planetlab7.flux.utah.edu_41871 3	797.091000	57896.972000	0.072000	0.006000	58694.141000	S	50163	16
planetlab4.wail.wisc.edu_planetlab7.flux.utah.edu_41893 3	424.254000	58317.572000	0.149000	0.011000	58741.986000	S	50175	16
planetlab4.wail.wisc.edu_planetlab7.flux.utah.edu_41969 3	227.787000	58699.560000	0.052000	0.008000	58927.407000	S	50192	16
planetlab1.cs.uiuc.edu_planetlab7.flux.utah.edu_19669 3	309.741000	58646.547000	0.247000	0.011000	58956.546000	S	50043	128
planetlab4.wail.wisc.edu_planetlab7.flux.utah.edu_42035 3	232.527000	58830.702000	0.062000	0.007000	59063.298000	S	50203	16
planetlab1.cs.uiuc.edu_planetlab7.flux.utah.edu_19687 3	221.330000	58917.033000	0.104000	0.008000	59138.475000	S	50065	128
planetlab4.wail.wisc.edu_planetlab7.flux.utah.edu_42093 3	236.303000	58969.543000	0.059000	0.007000	59205.912000	S	50220	16
node1.planetlab.albany.edu_planetlab7.flux.utah.edu_47521 3	263.552000	59384.067000	0.072000	0.006000	59647.697000	S	50022	32
roam2.cs.ou.edu_planetlab7.flux.utah.edu_22052 4	365.241000	59471.386000	0.092000	0.014000	59836.733000	S	50045	48
roam2.cs.ou.edu_planetlab7.flux.utah.edu_22074 4	291.214000	59638.596000	0.068000	0.009000	59929.887000	S	50133	48
roam2.cs.ou.edu_planetlab7.flux.utah.edu_22083 4	271.187000	59677.437000	0.080000	0.009000	59948.713000	S	50182	48
roam2.cs.ou.edu_planetlab7.flux.utah.edu_22086 4	267.345000	59704.600000	0.093000	0.008000	59972.046000	S	50194	48
roam2.cs.ou.edu_planetlab7.flux.utah.edu_22088 4	267.703000	59705.496000	0.079000	0.008000	59973.286000	S	50196	48
roam2.cs.ou.edu_planetlab7.flux.utah.edu_22092 4	275.434000	59711.383000	0.091000	0.059000	59986.967000	S	50198	48
roam2.cs.ou.edu_planetlab7.flux.utah.edu_22094 4	270.582000	59716.575000	0.067000	0.010000	59987.234000	S	50199	48
roam2.cs.ou.edu_planetlab7.flux.utah.edu_22096 4	270.227000	59717.590000	0.084000	0.007000	59987.908000	S	50206	48
roam2.cs.ou.edu_planetlab7.flux.utah.edu_22098 4	269.248000	59719.800000	0.086000	0.007000	59989.141000	S	50210	48
roam2.cs.ou.edu_planetlab7.flux.utah.edu_22100 4	269.248000	59740.948000	0.073000	0.007000	60010.276000	S	50212	48
roam2.cs.ou.edu_planetlab7.flux.utah.edu_22102 4	272.423000	59739.667000	0.085000	0.010000	60012.185000	S	50214	48
roam2.cs.ou.edu_planetlab7.flux.utah.edu_22106 4	267.995000	59757.200000	0.075000	0.011000	60025.281000	S	50215	48
roam2.cs.ou.edu_planetlab7.flux.utah.edu_22110 4	276.909000	59748.367000	0.094000	0.009000	60025.379000	S	50222	48
roam2.cs.ou.edu_planetlab7.flux.utah.edu_22116 4	286.559000	59766.993000	0.092000	0.009000	60053.653000	S	50224	48
roam2.cs.ou.edu_planetlab7.flux.utah.edu_22118 4	286.845000	59769.507000	0.073000	0.007000	60056.432000	S	50226	48
roam2.cs.ou.edu_planetlab7.flux.utah.edu_22120 4	280.459000	59783.418000	0.114000	0.009000	60064.000000	S	50227	48
roam2.cs.ou.edu_planetlab7.flux.utah.edu_22122 4	276.685000	59787.311000	0.079000	0.009000	60064.084000	S	50228	48
roam2.cs.ou.edu_planetlab7.flux.utah.edu_22124 4	274.856000	59789.219000	0.069000	0.013000	60064.157000	S	50229	48
roam2.cs.ou.edu_planetlab7.flux.utah.edu_22126 4	272.595000	59819.936000	0.096000	0.008000	60092.635000	S	50230	48
roam2.cs.ou.edu_planetlab7.flux.utah.edu_22128 4	270.020000	59824.266000	0.078000	0.011000	60094.375000	S	50234	48
roam2.cs.ou.edu_planetlab7.flux.utah.edu_22130 4	275.629000	59818.610000	0.262000	0.017000	60094.518000	S	50231	48
roam2.cs.ou.edu_planetlab7.flux.utah.edu_22134 4	268.739000	59834.647000	0.087000	0.006000	60103.479000	S	50238	48
roam2.cs.ou.edu_planetlab7.flux.utah.edu_22132 4	267.924000	59835.587000	0.096000	0.010000	60103.617000	S	50236	48
roam2.cs.ou.edu_planetlab7.flux.utah.edu_22136 4	266.643000	59846.403000	0.080000	0.010000	60113.136000	S	50239	48
vn4.cse.wustl.edu_planetlab7.flux.utah.edu_11545 4	527.593000	60318.722000	0.102000	0.008000	60846.425000	S	49617	272
vn4.cse.wustl.edu_planetlab7.flux.utah.edu_11613 4	647.509000	60725.171000	0.089000	0.010000	61372.779000	S	49633	272
planetlab3.williams.edu_planetlab7.flux.utah.edu_4555 5	506.123000	61192.653000	0.150000	0.015000	61698.941000	S	49656	400
vn4.cse.wustl.edu_planetlab7.flux.utah.edu_11665 4	522.308000	61291.356000	0.110000	0.013000	61813.787000	S	49663	272
planetlab4.williams.edu_planetlab7.flux.utah.edu_4754 5	457.448000	61448.667000	0.111000	0.015000	61906.241000	S	49670	336
vn4.cse.wustl.edu_planetlab7.flux.utah.edu_11699 4	521.930000	61620.866000	0.099000	0.018000	62142.913000	S	49685	272
planetlab5.williams.edu_planetlab7.flux.utah.edu_7472 4	421.706000	61852.679000	0.064000	0.009000	62274.458000	S	50086	2112
planetlab5.williams.edu_planetlab7.flux.utah.edu_7517 4	422.182000	62010.082000	0.077000	0.009000	62432.350000	S	50131	2112
plab4.eece.ksu.edu_planetlab7.flux.utah.edu_10953 4	376.545000	62071.658000	0.052000	0.009000	62448.264000	S	49708	2080
vn4.cse.wustl.edu_planetlab7.flux.utah.edu_11746 4	521.497000	62273.382000	0.056000	0.011000	62794.946000	S	49705	272
planetlab4.williams.edu_planetlab7.flux.utah.edu_4775 5	458.061000	63547.311000	0.122000	0.013000	64005.507000	S	49730	336
planetlab4.williams.edu_planetlab7.flux.utah.edu_4777 5	459.457000	63634.520000	0.130000	0.010000	64094.117000	S	49732	336
plab4.eece.ksu.edu_planetlab7.flux.utah.edu_11110 4	406.324000	63836.110000	0.052000	0.007000	64242.493000	S	49740	2080
planetlab4.williams.edu_planetlab7.flux.utah.edu_4780 5	473.464000	63923.764000	0.141000	0.015000	64397.384000	S	49734	336
planetlab4.williams.edu_planetlab7.flux.utah.edu_4782 5	473.318000	63925.055000	0.087000	0.010000	64398.470000	S	49735	336
vn4.cse.wustl.edu_planetlab7.flux.utah.edu_11839 4	522.840000	63984.676000	0.124000	0.012000	64507.652000	S	49737	272
planetlab4.williams.edu_planetlab7.flux.utah.edu_4785 5	497.691000	64117.706000	0.141000	0.013000	64615.551000	S	49742	336
planetlab4.williams.edu_planetlab7.flux.utah.edu_4787 5	473.548000	64307.700000	0.117000	0.013000	64781.378000	S	49750	336
vn4.cse.wustl.edu_planetlab7.flux.utah.edu_11925 4	522.940000	64835.834000	0.124000	0.011000	65358.909000	S	49761	272
planetlab4.williams.edu_planetlab7.flux.utah.edu_4798 5	470.579000	64966.994000	0.119000	0.014000	65437.706000	S	49766	336
vn4.cse.wustl.edu_planetlab7.flux.utah.edu_11953 4	522.432000	65135.741000	0.100000	0.010000	65658.283000	S	49768	272
vn4.cse.wustl.edu_planetlab7.flux.utah.edu_11959 4	522.701000	65157.762000	0.091000	0.013000	65680.567000	S	49769	272
vn4.cse.wustl.edu_planetlab7.flux.utah.edu_11961 4	523.381000	65160.036000	0.110000	0.010000	65683.537000	S	49771	272
vn4.cse.wustl.edu_planetlab7.flux.utah.edu_11970 4	524.485000	65253.591000	0.088000	0.014000	65778.178000	S	49773	272
plab4.eece.ksu.edu_planetlab7.flux.utah.edu_11315 4	377.527000	65934.318000	0.068000	0.008000	66311.921000	S	49804	2080
planetlab2.eecs.umich.edu_planetlab7.flux.utah.edu_21987 5	1113.665000	65256.819000	0.135000	0.011000	66370.630000	S	49770	2048
plab4.eece.ksu.edu_planetlab7.flux.utah.edu_11447 4	377.083000	66555.583000	0.077000	0.009000	66932.752000	S	49932	2080
planetlab2.eecs.umich.edu_planetlab7.flux.utah.edu_22126 5	1245.216000	66127.907000	0.145000	0.010000	67373.278000	S	49858	2048
planetlab2.eecs.umich.edu_planetlab7.flux.utah.edu_22136 5	1320.033000	66149.311000	0.166000	0.011000	67469.521000	S	49881	2048
vn4.cse.wustl.edu_planetlab7.flux.utah.edu_12111 4	521.356000	67316.640000	0.103000	0.011000	67838.110000	S	49785	272
planetlab2.eecs.umich.edu_planetlab7.flux.utah.edu_22205 5	1289.991000	66761.866000	0.151000	0.009000	68052.017000	S	49942	2048
planetlab2.eecs.umich.edu_planetlab7.flux.utah.edu_22219 5	1275.739000	66904.781000	0.132000	0.011000	68180.663000	S	49962	2048
planetlab2.eecs.umich.edu_planetlab7.flux.utah.edu_22242 5	1311.337000	67088.768000	0.160000	0.013000	68400.278000	S	49994	2048
planetlab2.eecs.umich.edu_planetlab7.flux.utah.edu_22252 5	1250.532000	67203.319000	0.145000	0.014000	68454.010000	S	50018	2048
planetlab2.eecs.umich.edu_planetlab7.flux.utah.edu_22263 5	1287.629000	67268.767000	0.122000	0.011000	68556.529000	S	50024	2048
planetlab2.eecs.umich.edu_planetlab7.flux.utah.edu_22269 5	1288.181000	67310.166000	2.063000	0.016000	68600.426000	S	50026	2048
planetlab2.eecs.umich.edu_planetlab7.flux.utah.edu_22273 5	1299.048000	67324.253000	0.122000	0.012000	68623.435000	S	50027	2048
planetlab2.eecs.umich.edu_planetlab7.flux.utah.edu_22301 5	1360.457000	67444.789000	0.123000	0.011000	68805.380000	S	50030	2048
planetlab2.eecs.umich.edu_planetlab7.flux.utah.edu_22317 5	1417.285000	67503.206000	0.144000	0.011000	68920.646000	S	50042	2048
vn4.cse.wustl.edu_planetlab7.flux.utah.edu_12252 4	521.748000	68907.059000	0.082000	0.009000	69428.898000	S	49802	272
planetlab2.cs.pitt.edu_planetlab7.flux.utah.edu_6155 5	535.845000	69875.115000	0.153000	0.021000	70411.134000	S	49831	304
planetlab2.eecs.umich.edu_planetlab7.flux.utah.edu_22601 5	971.038000	69990.174000	0.127000	0.010000	70961.349000	S	50057	2048
planetlab4.williams.edu_planetlab7.flux.utah.edu_4922 5	460.345000	71001.525000	0.111000	0.011000	71461.992000	S	49862	336
vn4.cse.wustl.edu_planetlab7.flux.utah.edu_12479 4	521.812000	71534.606000	0.082000	0.010000	72056.510000	S	49897	272
plab4.eece.ksu.edu_planetlab7.flux.utah.edu_12965 4	376.399000	71938.015000	0.098000	0.009000	72314.521000	S	50111	2080
vn4.cse.wustl.edu_planetlab7.flux.utah.edu_12534 4	524.452000	72225.623000	0.333000	0.011000	72750.419000	S	49919	272
planetlab2.eecs.umich.edu_planetlab7.flux.utah.edu_22917 5	623.791000	73398.771000	0.140000	0.009000	74022.711000	S	50154	2048
planetlab2.eecs.umich.edu_planetlab7.flux.utah.edu_22937 5	710.652000	73480.068000	0.141000	0.010000	74190.871000	S	50172	2048
planetlab2.eecs.umich.edu_planetlab7.flux.utah.edu_22939 5	702.271000	73496.427000	0.136000	0.012000	74198.846000	S	50177	2048
planetlab2.eecs.umich.edu_planetlab7.flux.utah.edu_22956 5	783.483000	73571.973000	0.121000	0.009000	74355.586000	S	50207	2048
planetlab2.eecs.umich.edu_planetlab7.flux.utah.edu_22960 5	798.192000	73593.843000	0.140000	0.009000	74392.184000	S	50208	2048
planetlab2.eecs.umich.edu_planetlab7.flux.utah.edu_22962 5	814.372000	73591.726000	0.134000	0.012000	74406.244000	S	50209	2048
planetlab2.eecs.umich.edu_planetlab7.flux.utah.edu_22968 5	817.367000	73633.814000	0.149000	0.011000	74451.341000	S	50211	2048
planetlab2.eecs.umich.edu_planetlab7.flux.utah.edu_22972 5	839.005000	73638.930000	0.129000	0.019000	74478.083000	S	50213	2048
planetlab2.eecs.umich.edu_planetlab7.flux.utah.edu_22974 5	884.480000	73637.526000	0.138000	0.009000	74522.153000	S	50217	2048
planetlab2.eecs.umich.edu_planetlab7.flux.utah.edu_22992 5	895.843000	73742.015000	0.136000	0.010000	74638.004000	S	50225	2048
plgmu1.ite.gmu.edu_planetlab7.flux.utah.edu_5800 5	350.313000	75069.976000	1.842000	0.012000	75422.143000	S	49777	208
planetlab6.flux.utah.edu_planetlab7.flux.utah.edu_4380 6	380.140000	75623.479000	0.160000	0.014000	76003.793000	S	49943	240
plgmu1.ite.gmu.edu_planetlab7.flux.utah.edu_5841 5	349.281000	75801.402000	0.137000	0.016000	76150.836000	S	50180	208
planetlab-03.cs.princeton.edu_planetlab7.flux.utah.edu_15585 4	348.465000	77051.007000	0.085000	0.007000	77399.564000	S	49930	80
planetlab-03.cs.princeton.edu_planetlab7.flux.utah.edu_15600 4	336.668000	77389.311000	0.083000	0.021000	77726.083000	S	49948	80
earth.cs.brown.edu_planetlab7.flux.utah.edu_27484 4	299.011000	78515.150000	0.076000	0.007000	78814.244000	S	49993	96
planetlab-03.cs.princeton.edu_planetlab7.flux.utah.edu_15678 4	339.022000	79632.990000	0.065000	0.009000	79972.086000	S	50060	80
planetlab-03.cs.princeton.edu_planetlab7.flux.utah.edu_15686 4	336.471000	79695.435000	0.091000	0.008000	80032.005000	S	50072	80
planetlab-03.cs.princeton.edu_planetlab7.flux.utah.edu_15689 4	347.633000	79698.230000	0.066000	0.006000	80045.935000	S	50077	80
planetlab-03.cs.princeton.edu_planetlab7.flux.utah.edu_15690 4	347.895000	79698.960000	0.071000	0.009000	80046.935000	S	50076	80
planetlab-03.cs.princeton.edu_planetlab7.flux.utah.edu_15694 4	342.332000	79716.788000	0.080000	0.008000	80059.208000	S	50078	80
planetlab-03.cs.princeton.edu_planetlab7.flux.utah.edu_15670 4	573.487000	79577.356000	0.090000	0.009000	80150.942000	S	50047	80
planetlab-03.cs.princeton.edu_planetlab7.flux.utah.edu_15716 4	557.302000	79687.847000	0.087000	0.009000	80245.245000	S	50068	80
planetlab-03.cs.princeton.edu_planetlab7.flux.utah.edu_15760 4	337.296000	80119.034000	0.070000	0.007000	80456.407000	S	50108	80
planetlab-03.cs.princeton.edu_planetlab7.flux.utah.edu_15786 4	342.097000	80611.315000	0.084000	0.007000	80953.503000	S	50140	80
planetlab-03.cs.princeton.edu_planetlab7.flux.utah.edu_15789 4	338.727000	80721.687000	0.072000	0.007000	81060.493000	S	50144	80
planetlab2.cs.columbia.edu_planetlab7.flux.utah.edu_8902 5	327.871000	81336.152000	0.164000	0.009000	81664.196000	S	50170	112
planetlab-03.cs.princeton.edu_planetlab7.flux.utah.edu_15819 4	321.022000	81432.071000	0.074000	0.011000	81753.178000	S	50179	80
planetlab2.cs.columbia.edu_planetlab7.flux.utah.edu_8906 5	311.419000	81701.703000	0.200000	0.013000	82013.335000	S	50201	112
planetlab2.umassd.edu_planetlab7.flux.utah.edu_31198 3	297.417000	81915.921000	0.081000	0.010000	82213.429000	S	50223	64
planetlab4.williams.edu_planetlab7.flux.utah.edu_5056 5	461.593000	82463.027000	0.141000	0.015000	82924.776000	S	49990	336
planetlab2.cs.pitt.edu_planetlab7.flux.utah.edu_6405 5	595.500000	82568.729000	0.160000	0.023000	83164.412000	S	50035	304
vn4.cse.wustl.edu_planetlab7.flux.utah.edu_13171 4	649.495000	82522.906000	0.164000	0.010000	83172.575000	S	50025	272
planetlab2.cs.pitt.edu_planetlab7.flux.utah.edu_6407 5	479.881000	82804.389000	0.108000	0.018000	83284.396000	S	50073	304
planetlab3.williams.edu_planetlab7.flux.utah.edu_4684 5	497.578000	82789.248000	0.103000	0.015000	83286.944000	S	50052	400
cs-planetlab4.cs.surrey.sfu.ca_planetlab7.flux.utah.edu_3398 6	582.659000	82881.403000	0.122000	0.020000	83464.204000	S	50091	464
planetlab1.cs.uoregon.edu_planetlab7.flux.utah.edu_21685 3	276.956000	83280.065000	0.277000	0.011000	83557.309000	S	50138	256
vn4.cse.wustl.edu_planetlab7.flux.utah.edu_13211 4	527.243000	83040.243000	0.275000	0.010000	83567.771000	S	50113	272
planetlab2.cs.pitt.edu_planetlab7.flux.utah.edu_6415 5	549.481000	83292.333000	0.105000	0.012000	83841.931000	S	50156	304
planetlab03.cs.washington.edu_planetlab7.flux.utah.edu_11683 4	370.212000	83611.536000	0.100000	0.010000	83981.858000	S	50165	320
planetlab1.cs.uoregon.edu_planetlab7.flux.utah.edu_21745 3	276.735000	83893.092000	0.081000	0.008000	84169.916000	S	50233	256
vn4.cse.wustl.edu_planetlab7.flux.utah.edu_13301 4	523.699000	83765.345000	0.113000	0.011000	84289.168000	S	50178	272
vn4.cse.wustl.edu_planetlab7.flux.utah.edu_13303 4	519.568000	83778.419000	0.088000	0.013000	84298.088000	S	50184	272
vn4.cse.wustl.edu_planetlab7.flux.utah.edu_13305 4	527.069000	83785.138000	0.103000	0.010000	84312.320000	S	50186	272
vn4.cse.wustl.edu_planetlab7.flux.utah.edu_13307 4	521.899000	83793.789000	0.108000	0.010000	84315.806000	S	50187	272
vn4.cse.wustl.edu_planetlab7.flux.utah.edu_13309 4	520.475000	83799.645000	0.088000	0.010000	84320.218000	S	50190	272
vn4.cse.wustl.edu_planetlab7.flux.utah.edu_13311 4	530.859000	83818.370000	0.102000	0.009000	84349.340000	S	50197	272
vn4.cse.wustl.edu_planetlab7.flux.utah.edu_13313 4	534.287000	83832.090000	0.122000	0.014000	84366.513000	S	50202	272
vn4.cse.wustl.edu_planetlab7.flux.utah.edu_13315 4	524.123000	83873.509000	0.107000	0.010000	84397.749000	S	50218	272
planetlab01.sys.virginia.edu_planetlab7.flux.utah.edu_9733 4	1410.030000	116669.026000	0.117000	0.011000	118079.184000	S	49654	144
planetlab01.sys.virginia.edu_planetlab7.flux.utah.edu_9753 4	1295.538000	116988.773000	0.095000	0.011000	118284.417000	S	49666	144
planetlab01.sys.virginia.edu_planetlab7.flux.utah.edu_9845 4	1271.925000	118343.602000	0.148000	0.010000	119615.685000	S	49696	144
planetlab01.sys.virginia.edu_planetlab7.flux.utah.edu_9876 4	1236.432000	118929.776000	0.143000	0.011000	120166.362000	S	49698	144
planetlab01.sys.virginia.edu_planetlab7.flux.utah.edu_9887 4	1251.647000	119058.594000	0.157000	0.011000	120310.409000	S	49699	144
planetlab01.sys.virginia.edu_planetlab7.flux.utah.edu_9921 4	1004.014000	119954.865000	0.100000	0.013000	120958.992000	S	49702	144
planetlab01.sys.virginia.edu_planetlab7.flux.utah.edu_10002 4	1012.480000	121673.090000	0.101000	0.019000	122685.690000	S	49706	144
planetlab01.sys.virginia.edu_planetlab7.flux.utah.edu_10024 4	1016.550000	122063.229000	0.087000	0.011000	123079.877000	S	49714	144
planetlab01.sys.virginia.edu_planetlab7.flux.utah.edu_10065 4	820.896000	122873.173000	0.142000	0.011000	123694.222000	S	49725	144
planetlab01.sys.virginia.edu_planetlab7.flux.utah.edu_10093 4	871.246000	123198.810000	0.132000	0.009000	124070.197000	S	49736	144
planetlab01.sys.virginia.edu_planetlab7.flux.utah.edu_10116 4	965.840000	123432.675000	0.123000	0.007000	124398.645000	S	49758	144
planetlab01.sys.virginia.edu_planetlab7.flux.utah.edu_10124 4	886.737000	123668.573000	0.143000	0.009000	124555.462000	S	49762	144
planetlab01.sys.virginia.edu_planetlab7.flux.utah.edu_10283 4	1072.807000	125114.221000	0.150000	0.010000	126187.188000	S	49800	144
planetlab01.sys.virginia.edu_planetlab7.flux.utah.edu_10295 4	1044.109000	125252.277000	0.103000	0.011000	126296.500000	S	49826	144
planetlab01.sys.virginia.edu_planetlab7.flux.utah.edu_10294 4	1015.338000	125281.260000	0.105000	0.012000	126296.715000	S	49821	144
planetlab01.sys.virginia.edu_planetlab7.flux.utah.edu_10305 4	1010.331000	125461.354000	0.334000	0.011000	126472.030000	S	49837	144
planetlab01.sys.virginia.edu_planetlab7.flux.utah.edu_10328 4	994.010000	125784.459000	0.145000	0.008000	126778.622000	S	49849	144
planetlab01.sys.virginia.edu_planetlab7.flux.utah.edu_10326 4	1034.194000	125744.661000	0.092000	0.011000	126778.958000	S	49845	144
planetlab01.sys.virginia.edu_planetlab7.flux.utah.edu_10330 4	861.007000	125945.055000	0.119000	0.011000	126806.192000	S	49852	144
planetlab01.sys.virginia.edu_planetlab7.flux.utah.edu_10335 4	864.186000	126005.917000	0.113000	0.009000	126870.225000	S	49855	144
planetlab01.sys.virginia.edu_planetlab7.flux.utah.edu_10332 4	904.629000	125965.342000	0.474000	0.009000	126870.454000	S	49853	144
planetlab01.sys.virginia.edu_planetlab7.flux.utah.edu_10336 4	818.778000	126076.925000	0.082000	0.017000	126895.802000	S	49856	144
planetlab01.sys.virginia.edu_planetlab7.flux.utah.edu_10347 4	856.626000	126096.550000	0.097000	0.011000	126953.284000	S	49864	144
planetlab01.sys.virginia.edu_planetlab7.flux.utah.edu_10349 4	856.090000	126097.210000	0.112000	0.011000	126953.423000	S	49865	144
planetlab01.sys.virginia.edu_planetlab7.flux.utah.edu_10351 4	947.966000	126091.600000	0.140000	0.012000	127039.718000	S	49866	144
planetlab01.sys.virginia.edu_planetlab7.flux.utah.edu_10353 4	918.536000	126121.322000	0.127000	0.009000	127039.994000	S	49868	144
planetlab01.sys.virginia.edu_planetlab7.flux.utah.edu_10359 4	862.674000	126176.934000	0.094000	0.011000	127039.713000	S	49896	144
planetlab01.sys.virginia.edu_planetlab7.flux.utah.edu_10358 4	891.957000	126174.610000	0.118000	0.011000	127066.696000	S	49880	144
planetlab01.sys.virginia.edu_planetlab7.flux.utah.edu_10361 4	860.510000	126258.592000	0.124000	0.013000	127119.239000	S	49910	144
planetlab01.sys.virginia.edu_planetlab7.flux.utah.edu_10364 4	915.784000	126203.308000	0.165000	0.018000	127119.275000	S	49917	144
planetlab01.sys.virginia.edu_planetlab7.flux.utah.edu_10530 4	891.214000	128083.333000	0.457000	0.014000	128975.018000	S	49954	144
planetlab01.sys.virginia.edu_planetlab7.flux.utah.edu_10629 4	1149.702000	128977.178000	0.324000	0.011000	130127.215000	S	50038	144
planetlab01.sys.virginia.edu_planetlab7.flux.utah.edu_10647 4	993.624000	129302.974000	0.119000	0.010000	130296.727000	S	50102	144
planetlab01.sys.virginia.edu_planetlab7.flux.utah.edu_10649 4	992.390000	129365.287000	0.149000	0.009000	130357.835000	S	50109	144
planetlab01.sys.virginia.edu_planetlab7.flux.utah.edu_10653 4	1022.564000	129335.187000	0.120000	0.011000	130357.882000	S	50120	144
planetlab01.sys.virginia.edu_planetlab7.flux.utah.edu_10655 4	1055.836000	129356.843000	0.127000	0.014000	130412.820000	S	50134	144
planetlab01.sys.virginia.edu_planetlab7.flux.utah.edu_10661 4	1372.570000	129109.992000	0.154000	0.011000	130482.727000	S	50150	144
planetlab01.sys.virginia.edu_planetlab7.flux.utah.edu_10677 4	1319.894000	129311.499000	0.145000	0.009000	130631.547000	S	50162	144
planetlab01.sys.virginia.edu_planetlab7.flux.utah.edu_10679 4	1178.285000	129479.613000	0.136000	0.010000	130658.044000	S	50164	144
planetlab01.sys.virginia.edu_planetlab7.flux.utah.edu_10683 4	1060.776000	129597.229000	0.137000	0.012000	130658.154000	S	50166	144
planetlab01.sys.virginia.edu_planetlab7.flux.utah.edu_10684 4	1055.004000	129659.941000	0.786000	0.012000	130715.743000	S	50167	144
planetlab01.sys.virginia.edu_planetlab7.flux.utah.edu_10686 4	1016.780000	129698.735000	0.239000	0.009000	130715.763000	S	50174	144
