nodeb.howard.edu_planetlab-1.cmcl.cs.cmu.edu_2094 3	148.777000	972.261000	0.080000	0.008000	1121.126000	S	53475	2368
planetlab1.eecs.umich.edu_planetlab-1.cmcl.cs.cmu.edu_3492 2	112.937000	1913.309000	0.107000	0.004000	2026.357000	S	53452	2304
planetlab2.mnlab.cti.depaul.edu_planetlab-1.cmcl.cs.cmu.edu_5551 2	480.338000	10147.206000	0.064000	0.005000	10627.613000	S	53388	1152
planetlab2.mnlab.cti.depaul.edu_planetlab-1.cmcl.cs.cmu.edu_5638 2	454.659000	11398.328000	0.050000	0.005000	11853.042000	S	53535	1152
planetlab2.mnlab.cti.depaul.edu_planetlab-1.cmcl.cs.cmu.edu_5650 2	456.653000	11503.890000	0.072000	0.004000	11960.619000	S	53551	1152
planetlab2.mnlab.cti.depaul.edu_planetlab-1.cmcl.cs.cmu.edu_5662 2	479.819000	11549.411000	0.051000	0.005000	12029.286000	S	53559	1152
planetlab2.mnlab.cti.depaul.edu_planetlab-1.cmcl.cs.cmu.edu_5667 2	456.482000	11579.563000	0.047000	0.005000	12036.097000	S	53563	1152
planetlab2.mnlab.cti.depaul.edu_planetlab-1.cmcl.cs.cmu.edu_5670 2	454.192000	11595.894000	0.045000	0.004000	12050.135000	S	53565	1152
planetlab2.mnlab.cti.depaul.edu_planetlab-1.cmcl.cs.cmu.edu_5672 2	456.110000	11605.250000	0.049000	0.004000	12061.413000	S	53566	1152
planetlab2.mnlab.cti.depaul.edu_planetlab-1.cmcl.cs.cmu.edu_5674 2	482.042000	11591.138000	0.060000	0.005000	12073.245000	S	53567	1152
planetlab2.mnlab.cti.depaul.edu_planetlab-1.cmcl.cs.cmu.edu_5690 2	457.538000	11939.287000	0.069000	0.006000	12396.900000	S	53631	1152
planetlab2.mnlab.cti.depaul.edu_planetlab-1.cmcl.cs.cmu.edu_5696 2	481.012000	12030.195000	0.056000	0.011000	12511.274000	S	53695	1152
planetlab-2.usask.ca_planetlab-1.cmcl.cs.cmu.edu_2493 1	120.368000	12583.016000	0.071000	0.003000	12703.458000	S	53674	1600
planetlab7.flux.utah.edu_planetlab-1.cmcl.cs.cmu.edu_4509 2	228.865000	12551.701000	0.077000	0.008000	12780.651000	S	53637	1536
planetlab7.flux.utah.edu_planetlab-1.cmcl.cs.cmu.edu_4514 2	229.303000	12647.528000	0.082000	0.010000	12876.923000	S	53805	1536
ebb.colgate.edu_planetlab-1.cmcl.cs.cmu.edu_4166 3	513.077000	12474.382000	0.053000	0.008000	12987.520000	S	53849	1184
planetlab1.eecs.umich.edu_planetlab-1.cmcl.cs.cmu.edu_4570 2	94.340000	19130.301000	0.161000	0.006000	19224.808000	S	53807	2304
planetlab3.tamu.edu_planetlab-1.cmcl.cs.cmu.edu_2285 4	234.366000	19021.831000	0.076000	0.009000	19256.282000	S	53613	848
planetlab1.eecs.umich.edu_planetlab-1.cmcl.cs.cmu.edu_4573 2	94.546000	19152.220000	0.088000	0.005000	19246.859000	S	53850	2304
planetlab1.eecs.umich.edu_planetlab-1.cmcl.cs.cmu.edu_4581 2	95.045000	19170.149000	0.090000	0.005000	19265.289000	S	53936	2304
planetlab2.cs.umass.edu_planetlab-1.cmcl.cs.cmu.edu_3360 3	579.418000	18975.465000	0.073000	0.012000	19554.968000	S	53989	1408
planetlab1.cs.cornell.edu_planetlab-1.cmcl.cs.cmu.edu_5257 4	701.468000	18912.672000	0.088000	0.005000	19614.233000	S	53512	1280
planetlab1.cs.cornell.edu_planetlab-1.cmcl.cs.cmu.edu_5261 4	690.241000	18933.176000	0.087000	0.009000	19623.513000	S	53768	1280
planetlab1.cs.cornell.edu_planetlab-1.cmcl.cs.cmu.edu_5263 4	685.751000	18946.878000	0.113000	0.007000	19632.749000	S	53947	1280
planetlab-2.cs.uh.edu_planetlab-1.cmcl.cs.cmu.edu_3358 5	694.171000	21266.661000	0.700000	0.014000	21961.546000	S	53994	784
planetlab-2.cs.uh.edu_planetlab-1.cmcl.cs.cmu.edu_3357 5	780.990000	21228.995000	0.109000	0.009000	22010.103000	S	53570	784
planetlab-1.cs.colostate.edu_planetlab-1.cmcl.cs.cmu.edu_3004 3	367.423000	32342.971000	0.149000	0.009000	32710.552000	S	53469	656
planetlab-1.cs.colostate.edu_planetlab-1.cmcl.cs.cmu.edu_3011 3	365.233000	32360.488000	0.069000	0.007000	32725.797000	S	53513	656
planetlab-1.cs.colostate.edu_planetlab-1.cmcl.cs.cmu.edu_3124 3	364.934000	32700.457000	0.087000	0.023000	33065.501000	S	53654	656
planetlab-1.cs.colostate.edu_planetlab-1.cmcl.cs.cmu.edu_3140 3	378.284000	32708.640000	0.076000	0.007000	33087.007000	S	53731	656
plgmu1.ite.gmu.edu_planetlab-1.cmcl.cs.cmu.edu_5336 3	309.263000	35637.677000	0.093000	0.008000	35947.041000	S	53403	208
aguila1.lsi.upc.edu_planetlab-1.cmcl.cs.cmu.edu_3641 3	590.629000	35360.270000	0.050000	0.008000	35950.957000	S	53431	592
planetlab1.cs.unc.edu_planetlab-1.cmcl.cs.cmu.edu_11758 4	653.296000	35337.252000	0.097000	0.013000	35990.658000	S	53390	528
planetlab1.cs.unc.edu_planetlab-1.cmcl.cs.cmu.edu_11780 4	656.662000	35472.450000	0.098000	0.015000	36129.225000	S	53400	528
planetlab1.cs.unc.edu_planetlab-1.cmcl.cs.cmu.edu_11814 4	655.283000	35610.187000	0.110000	0.013000	36265.593000	S	53412	528
planetlab1.cs.unc.edu_planetlab-1.cmcl.cs.cmu.edu_11849 4	657.847000	36097.562000	0.146000	0.061000	36755.616000	S	53444	528
planetlab1.cs.unc.edu_planetlab-1.cmcl.cs.cmu.edu_11913 4	653.455000	36453.893000	0.094000	0.022000	37107.464000	S	53472	528
planetlab1.cs.unc.edu_planetlab-1.cmcl.cs.cmu.edu_11947 4	652.806000	36579.859000	0.094000	0.011000	37232.770000	S	53477	528
planetlab1.cs.unc.edu_planetlab-1.cmcl.cs.cmu.edu_11950 4	681.720000	36551.540000	0.101000	0.012000	37233.373000	S	53476	528
planetlab1.cs.unc.edu_planetlab-1.cmcl.cs.cmu.edu_11979 4	677.533000	36662.464000	0.078000	0.011000	37340.086000	S	53478	528
planetlab1.cs.unc.edu_planetlab-1.cmcl.cs.cmu.edu_11989 4	768.604000	36920.495000	0.098000	0.019000	37689.216000	S	53484	528
planetlab1.cs.unc.edu_planetlab-1.cmcl.cs.cmu.edu_11993 4	654.910000	37116.060000	0.100000	0.011000	37771.081000	S	53492	528
planetlab1.cs.unc.edu_planetlab-1.cmcl.cs.cmu.edu_12002 4	680.176000	37585.283000	0.510000	0.016000	38265.985000	S	53499	528
planetlab1.cs.unc.edu_planetlab-1.cmcl.cs.cmu.edu_12018 4	681.561000	38485.186000	0.110000	0.024000	39166.881000	S	53518	528
planetlab1.cs.unc.edu_planetlab-1.cmcl.cs.cmu.edu_12022 4	659.264000	38554.927000	0.312000	0.013000	39214.516000	S	53520	528
plgmu1.ite.gmu.edu_planetlab-1.cmcl.cs.cmu.edu_5378 3	307.247000	39603.732000	0.091000	0.007000	39911.077000	S	53486	208
planetlab1.williams.edu_planetlab-1.cmcl.cs.cmu.edu_6408 4	203.073000	39787.409000	0.081000	0.014000	39990.577000	S	53383	2176
planetlab1.cs.unc.edu_planetlab-1.cmcl.cs.cmu.edu_12047 4	657.178000	39516.294000	0.110000	0.013000	40173.595000	S	53536	528
planetlab2.eecs.umich.edu_planetlab-1.cmcl.cs.cmu.edu_18856 3	4326.023000	36510.878000	0.128000	0.016000	40837.045000	S	53406	2048
planetlab1.cs.unc.edu_planetlab-1.cmcl.cs.cmu.edu_12061 4	657.135000	40202.993000	0.247000	0.012000	40860.387000	S	53552	528
planetlab1.cs.unc.edu_planetlab-1.cmcl.cs.cmu.edu_12065 4	655.870000	40260.011000	0.122000	0.016000	40916.019000	S	53553	528
planetlab1.cs.unc.edu_planetlab-1.cmcl.cs.cmu.edu_12067 4	676.972000	40244.538000	0.123000	0.019000	40921.652000	S	53554	528
planetlab1.cs.unc.edu_planetlab-1.cmcl.cs.cmu.edu_12069 4	678.801000	40299.499000	0.110000	0.014000	40978.424000	S	53556	528
planetlab1.cs.unc.edu_planetlab-1.cmcl.cs.cmu.edu_12077 4	687.363000	40434.356000	0.134000	0.013000	41121.866000	S	53560	528
planetlab1.rutgers.edu_planetlab-1.cmcl.cs.cmu.edu_19662 3	618.253000	41344.143000	0.098000	0.014000	41962.508000	S	53591	512
planetlab1.cs.unc.edu_planetlab-1.cmcl.cs.cmu.edu_12114 4	755.058000	41812.880000	0.123000	0.012000	42568.073000	S	53616	528
planetlab1.cs.unc.edu_planetlab-1.cmcl.cs.cmu.edu_12119 4	626.049000	42193.124000	0.119000	0.012000	42819.304000	S	53627	528
plgmu1.ite.gmu.edu_planetlab-1.cmcl.cs.cmu.edu_5428 3	307.717000	44709.280000	0.087000	0.008000	45017.092000	S	53669	208
planetlab2.eecs.umich.edu_planetlab-1.cmcl.cs.cmu.edu_19350 3	254.708000	45624.311000	0.121000	0.011000	45879.151000	S	53422	2048
planetlab2.eecs.umich.edu_planetlab-1.cmcl.cs.cmu.edu_19397 3	398.716000	45771.290000	0.113000	0.014000	46170.133000	S	53430	2048
planetlab2.eecs.umich.edu_planetlab-1.cmcl.cs.cmu.edu_19408 3	445.371000	45786.229000	0.108000	0.008000	46231.716000	S	53434	2048
planetlab2.eecs.umich.edu_planetlab-1.cmcl.cs.cmu.edu_19417 3	490.362000	45815.798000	0.111000	0.016000	46306.287000	S	53436	2048
planetlab2.eecs.umich.edu_planetlab-1.cmcl.cs.cmu.edu_19431 3	540.813000	45847.964000	0.100000	0.006000	46388.883000	S	53438	2048
planetlab2.eecs.umich.edu_planetlab-1.cmcl.cs.cmu.edu_19437 3	557.952000	45867.606000	0.109000	0.009000	46425.676000	S	53439	2048
planetlab2.eecs.umich.edu_planetlab-1.cmcl.cs.cmu.edu_19592 3	994.211000	46296.980000	0.108000	0.011000	47291.310000	S	53465	2048
planetlab2.eecs.umich.edu_planetlab-1.cmcl.cs.cmu.edu_19743 3	1366.150000	46705.295000	0.171000	0.009000	48071.625000	S	53493	2048
planetlab2.eecs.umich.edu_planetlab-1.cmcl.cs.cmu.edu_19784 3	1380.457000	46945.338000	1.175000	0.007000	48326.977000	S	53504	2048
planetlab2.eecs.umich.edu_planetlab-1.cmcl.cs.cmu.edu_19810 3	1380.192000	47087.321000	0.118000	0.007000	48467.638000	S	53517	2048
planetlab2.eecs.umich.edu_planetlab-1.cmcl.cs.cmu.edu_19851 3	1420.433000	47304.967000	0.113000	0.011000	48725.524000	S	53526	2048
plgmu1.ite.gmu.edu_planetlab-1.cmcl.cs.cmu.edu_5445 3	314.417000	48978.873000	0.089000	0.005000	49293.384000	S	53773	208
planetlab2.eecs.umich.edu_planetlab-1.cmcl.cs.cmu.edu_19983 3	3197.172000	46871.530000	0.103000	0.007000	50068.812000	S	53502	2048
planetlab2.eecs.umich.edu_planetlab-1.cmcl.cs.cmu.edu_20013 3	200.999000	50126.792000	0.097000	0.006000	50327.894000	S	53546	2048
planetlab1.williams.edu_planetlab-1.cmcl.cs.cmu.edu_6547 4	209.861000	50928.547000	0.089000	0.008000	51138.505000	S	53587	2176
planetlab3.williams.edu_planetlab-1.cmcl.cs.cmu.edu_4404 5	387.725000	51227.744000	0.097000	0.022000	51615.588000	S	53496	400
planetlab2.eecs.umich.edu_planetlab-1.cmcl.cs.cmu.edu_20201 3	854.203000	50857.884000	0.110000	0.008000	51712.205000	S	53578	2048
planetlab3.williams.edu_planetlab-1.cmcl.cs.cmu.edu_4447 5	2093.642000	49661.937000	0.097000	0.013000	51755.689000	S	53624	400
planetlab3.williams.edu_planetlab-1.cmcl.cs.cmu.edu_4449 5	384.214000	51370.992000	0.108000	0.012000	51755.326000	S	53688	400
planetlab3.williams.edu_planetlab-1.cmcl.cs.cmu.edu_4471 5	384.802000	51368.183000	0.128000	0.013000	51753.126000	S	53720	400
planetlab3.williams.edu_planetlab-1.cmcl.cs.cmu.edu_4473 5	392.330000	51360.383000	0.099000	0.018000	51752.830000	S	53736	400
planetlab3.williams.edu_planetlab-1.cmcl.cs.cmu.edu_4475 5	385.860000	51370.353000	0.097000	0.014000	51756.324000	S	53744	400
planetlab3.williams.edu_planetlab-1.cmcl.cs.cmu.edu_4477 5	390.237000	51375.671000	0.152000	0.015000	51766.075000	S	53752	400
planetlab3.williams.edu_planetlab-1.cmcl.cs.cmu.edu_4479 5	389.815000	51377.762000	0.096000	0.012000	51767.685000	S	53753	400
planetlab3.williams.edu_planetlab-1.cmcl.cs.cmu.edu_4481 5	391.225000	51380.383000	0.093000	0.011000	51771.712000	S	53754	400
planetlab3.williams.edu_planetlab-1.cmcl.cs.cmu.edu_4484 5	384.303000	51387.608000	0.103000	0.012000	51772.026000	S	53756	400
planetlab2.eecs.umich.edu_planetlab-1.cmcl.cs.cmu.edu_20288 3	1103.044000	51076.461000	0.115000	0.007000	52179.627000	S	53602	2048
planetlab2.eecs.umich.edu_planetlab-1.cmcl.cs.cmu.edu_20303 3	1210.889000	51076.419000	0.105000	0.007000	52287.420000	S	53608	2048
planetlab2.eecs.umich.edu_planetlab-1.cmcl.cs.cmu.edu_20329 3	1380.132000	51130.396000	0.175000	0.008000	52510.711000	S	53610	2048
planetlab2.eecs.umich.edu_planetlab-1.cmcl.cs.cmu.edu_20332 3	1392.225000	51134.843000	0.103000	0.005000	52527.176000	S	53611	2048
planetlab2.eecs.umich.edu_planetlab-1.cmcl.cs.cmu.edu_20345 3	1265.910000	51370.628000	0.116000	0.009000	52636.663000	S	53626	2048
planetlab2.eecs.umich.edu_planetlab-1.cmcl.cs.cmu.edu_20349 3	1519.347000	51135.888000	0.103000	0.006000	52655.344000	S	53614	2048
planetlab2.eecs.umich.edu_planetlab-1.cmcl.cs.cmu.edu_20365 3	1216.721000	51539.957000	0.118000	0.014000	52756.810000	S	53632	2048
planetlab2.eecs.umich.edu_planetlab-1.cmcl.cs.cmu.edu_20371 3	1219.069000	51602.796000	0.107000	0.006000	52821.978000	S	53633	2048
planetlab2.eecs.umich.edu_planetlab-1.cmcl.cs.cmu.edu_20375 3	1190.474000	51660.551000	0.108000	0.010000	52851.143000	S	53634	2048
planetlab2.eecs.umich.edu_planetlab-1.cmcl.cs.cmu.edu_20379 3	1145.999000	51724.158000	0.110000	0.007000	52870.274000	S	53636	2048
planetlab2.eecs.umich.edu_planetlab-1.cmcl.cs.cmu.edu_20384 3	1040.110000	51864.915000	11.318000	0.006000	52916.349000	S	53640	2048
planetlab4.williams.edu_planetlab-1.cmcl.cs.cmu.edu_4719 5	576.815000	52569.272000	0.122000	0.012000	53146.221000	S	53830	336
planetlab2.eecs.umich.edu_planetlab-1.cmcl.cs.cmu.edu_20460 3	727.534000	52567.896000	0.112000	0.008000	53295.550000	S	53648	2048
planetlab2.eecs.umich.edu_planetlab-1.cmcl.cs.cmu.edu_20533 3	210.380000	53634.248000	0.116000	0.011000	53844.755000	S	53664	2048
planetlab2.eecs.umich.edu_planetlab-1.cmcl.cs.cmu.edu_20603 3	3312.052000	51243.296000	0.108000	0.005000	54555.461000	S	53621	2048
planetlab1.cs.uiuc.edu_planetlab-1.cmcl.cs.cmu.edu_19223 3	356.662000	54308.309000	0.086000	0.007000	54665.064000	S	53649	128
planetlab2.eecs.umich.edu_planetlab-1.cmcl.cs.cmu.edu_20662 3	755.142000	54318.204000	0.117000	0.021000	55073.484000	S	53685	2048
planetlab1.cs.unc.edu_planetlab-1.cmcl.cs.cmu.edu_12341 4	654.993000	54553.067000	0.136000	0.013000	55208.209000	S	53680	528
planetlab1.rutgers.edu_planetlab-1.cmcl.cs.cmu.edu_19921 3	630.794000	54687.978000	0.111000	0.015000	55318.898000	S	53693	512
planetlab2.eecs.umich.edu_planetlab-1.cmcl.cs.cmu.edu_20710 3	979.943000	54443.181000	0.112000	0.013000	55423.249000	S	53694	2048
planetlab2.eecs.umich.edu_planetlab-1.cmcl.cs.cmu.edu_20712 3	1000.041000	54436.871000	0.115000	0.009000	55437.036000	S	53696	2048
planetlab1.rutgers.edu_planetlab-1.cmcl.cs.cmu.edu_19924 3	702.330000	54879.684000	0.126000	0.009000	55582.149000	S	53704	512
planetlab4.tamu.edu_planetlab-1.cmcl.cs.cmu.edu_3063 4	819.096000	54974.906000	0.295000	0.010000	55794.307000	S	53713	624
planetlab2.eecs.umich.edu_planetlab-1.cmcl.cs.cmu.edu_20770 3	1277.922000	54580.221000	0.100000	0.011000	55858.254000	S	53717	2048
planetlab1.cs.unc.edu_planetlab-1.cmcl.cs.cmu.edu_12364 4	690.711000	55385.033000	0.133000	0.023000	56075.900000	S	53732	528
plab4.eece.ksu.edu_planetlab-1.cmcl.cs.cmu.edu_10507 2	115.363000	56075.867000	0.063000	0.009000	56191.302000	S	53772	2080
planetlab2.eecs.umich.edu_planetlab-1.cmcl.cs.cmu.edu_20847 3	1523.662000	54835.611000	0.112000	0.008000	56359.393000	S	53738	2048
planetlab-2.cmcl.cs.cmu.edu_planetlab-1.cmcl.cs.cmu.edu_5585 5	742.296000	55627.010000	0.157000	0.037000	56369.500000	S	53758	560
planetlab2.eecs.umich.edu_planetlab-1.cmcl.cs.cmu.edu_20854 3	1502.708000	54891.629000	0.187000	0.007000	56394.531000	S	53745	2048
planetlab2.eecs.umich.edu_planetlab-1.cmcl.cs.cmu.edu_20859 3	1499.238000	54924.245000	0.123000	0.008000	56423.614000	S	53748	2048
planetlab2.eecs.umich.edu_planetlab-1.cmcl.cs.cmu.edu_20874 3	1414.424000	55075.320000	0.108000	0.006000	56489.858000	S	53751	2048
planetlab2.eecs.umich.edu_planetlab-1.cmcl.cs.cmu.edu_20876 3	1386.730000	55108.913000	0.101000	0.010000	56495.754000	S	53749	2048
planetlab1.cs.unc.edu_planetlab-1.cmcl.cs.cmu.edu_12391 4	815.394000	55835.193000	0.120000	0.015000	56650.722000	S	53774	528
planetlab2.eecs.umich.edu_planetlab-1.cmcl.cs.cmu.edu_20907 3	1158.702000	55503.110000	0.134000	0.009000	56661.955000	S	53757	2048
planetlab1.cs.unc.edu_planetlab-1.cmcl.cs.cmu.edu_12396 4	744.461000	56045.249000	0.107000	0.013000	56789.830000	S	53784	528
planetlab2.eecs.umich.edu_planetlab-1.cmcl.cs.cmu.edu_20975 3	292.726000	56703.473000	2.049000	0.006000	56998.254000	S	53782	2048
aguila1.lsi.upc.edu_planetlab-1.cmcl.cs.cmu.edu_3887 3	619.561000	56569.315000	0.059000	0.008000	57188.943000	S	53815	592
planetlab-2.cmcl.cs.cmu.edu_planetlab-1.cmcl.cs.cmu.edu_5603 5	847.405000	56973.291000	0.174000	0.016000	57820.886000	S	53846	560
planetlab2.cs.columbia.edu_planetlab-1.cmcl.cs.cmu.edu_8679 5	347.816000	57676.515000	0.166000	0.012000	58024.509000	S	53382	112
planetlab2.eecs.umich.edu_planetlab-1.cmcl.cs.cmu.edu_21044 3	3329.816000	54761.253000	0.114000	0.007000	58091.190000	S	53733	2048
planetlab-03.cs.princeton.edu_planetlab-1.cmcl.cs.cmu.edu_14610 4	351.263000	58160.493000	0.852000	0.007000	58512.615000	S	53404	80
planetlab05.cs.washington.edu_planetlab-1.cmcl.cs.cmu.edu_3417 6	602.089000	57970.359000	0.166000	0.014000	58572.628000	S	53918	432
planetlab4.williams.edu_planetlab-1.cmcl.cs.cmu.edu_4727 5	571.973000	58471.547000	0.113000	0.021000	59043.654000	S	53932	336
planetlab2.umassd.edu_planetlab-1.cmcl.cs.cmu.edu_27765 3	337.967000	58824.298000	0.071000	0.014000	59162.350000	S	53424	64
planetlab1.cs.unc.edu_planetlab-1.cmcl.cs.cmu.edu_12515 4	679.465000	58453.703000	0.113000	0.014000	59133.295000	S	53883	528
planetlab2.umassd.edu_planetlab-1.cmcl.cs.cmu.edu_27847 3	334.422000	59183.361000	0.084000	0.007000	59517.874000	S	53445	64
planetlab1.cs.uiuc.edu_planetlab-1.cmcl.cs.cmu.edu_19787 3	355.884000	59141.215000	0.075000	0.008000	59497.182000	S	53905	128
planetlab-03.cs.princeton.edu_planetlab-1.cmcl.cs.cmu.edu_14690 4	349.533000	59299.391000	0.066000	0.008000	59648.998000	S	53448	80
planetlab1.cs.unc.edu_planetlab-1.cmcl.cs.cmu.edu_12527 4	679.793000	59242.468000	0.107000	0.014000	59922.382000	S	53896	528
planetlab1.cs.unc.edu_planetlab-1.cmcl.cs.cmu.edu_12535 4	654.539000	59757.544000	0.115000	0.014000	60412.212000	S	53904	528
aguila1.lsi.upc.edu_planetlab-1.cmcl.cs.cmu.edu_3936 3	615.808000	59816.603000	0.035000	0.007000	60432.453000	S	53911	592
planetlab1.cs.unc.edu_planetlab-1.cmcl.cs.cmu.edu_12540 4	740.625000	59940.101000	0.155000	0.012000	60680.893000	S	53912	528
planetlab1.cs.unc.edu_planetlab-1.cmcl.cs.cmu.edu_12545 4	798.826000	59962.990000	0.099000	0.074000	60761.989000	S	53913	528
planetlab1.cs.unc.edu_planetlab-1.cmcl.cs.cmu.edu_12548 4	805.847000	60013.549000	0.107000	0.016000	60819.519000	S	53914	528
planetlab1.cs.unc.edu_planetlab-1.cmcl.cs.cmu.edu_12550 4	655.957000	60184.664000	0.124000	0.015000	60840.760000	S	53916	528
aguila1.lsi.upc.edu_planetlab-1.cmcl.cs.cmu.edu_3942 3	614.757000	60609.643000	0.053000	0.006000	61224.459000	S	53927	592
aguila1.lsi.upc.edu_planetlab-1.cmcl.cs.cmu.edu_3950 3	616.890000	60816.358000	0.051000	0.010000	61433.309000	S	53939	592
aguila1.lsi.upc.edu_planetlab-1.cmcl.cs.cmu.edu_3954 3	615.781000	60893.830000	0.048000	0.007000	61509.666000	S	53941	592
aguila1.lsi.upc.edu_planetlab-1.cmcl.cs.cmu.edu_3952 3	602.802000	60917.498000	0.077000	0.008000	61520.385000	S	53942	592
aguila1.lsi.upc.edu_planetlab-1.cmcl.cs.cmu.edu_3956 3	604.352000	60965.930000	0.053000	0.010000	61570.345000	S	53943	592
planetlab1.cs.unc.edu_planetlab-1.cmcl.cs.cmu.edu_12589 4	756.493000	61038.650000	0.117000	0.033000	61795.293000	S	53944	528
aguila1.lsi.upc.edu_planetlab-1.cmcl.cs.cmu.edu_3969 3	590.163000	61282.059000	0.073000	0.008000	61872.303000	S	53951	592
plab4.eece.ksu.edu_planetlab-1.cmcl.cs.cmu.edu_10950 2	114.823000	62006.475000	0.043000	0.007000	62121.348000	S	53907	2080
plab4.eece.ksu.edu_planetlab-1.cmcl.cs.cmu.edu_10957 2	115.432000	62032.777000	0.058000	0.005000	62148.272000	S	53990	2080
righthand.eecs.harvard.edu_planetlab-1.cmcl.cs.cmu.edu_4597 5	302.806000	62031.369000	0.111000	0.009000	62334.295000	S	53972	2240
planetlab1.cs.unc.edu_planetlab-1.cmcl.cs.cmu.edu_12606 4	655.581000	61731.256000	0.185000	0.016000	62387.038000	S	53976	528
planetlab1.cs.unc.edu_planetlab-1.cmcl.cs.cmu.edu_12608 4	654.205000	61818.736000	0.100000	0.012000	62473.053000	S	53988	528
aguila1.lsi.upc.edu_planetlab-1.cmcl.cs.cmu.edu_4000 3	614.715000	61954.904000	0.098000	0.007000	62569.724000	S	54007	592
planetlab4.williams.edu_planetlab-1.cmcl.cs.cmu.edu_4770 5	575.098000	62156.368000	0.122000	0.028000	62731.616000	S	53977	336
planetlab2.eecs.umich.edu_planetlab-1.cmcl.cs.cmu.edu_21706 3	1799.242000	62042.881000	0.128000	0.007000	63842.258000	S	53925	2048
planetlab2.eecs.umich.edu_planetlab-1.cmcl.cs.cmu.edu_21712 3	1834.986000	62041.666000	0.112000	0.008000	63876.772000	S	53950	2048
planetlab5.williams.edu_planetlab-1.cmcl.cs.cmu.edu_7907 4	314.901000	64066.774000	0.095000	0.013000	64381.783000	S	53561	2112
planetlab5.williams.edu_planetlab-1.cmcl.cs.cmu.edu_7943 4	311.897000	64220.085000	0.087000	0.016000	64532.085000	S	53817	2112
planetlab5.williams.edu_planetlab-1.cmcl.cs.cmu.edu_7945 4	319.932000	64214.924000	0.096000	0.011000	64534.963000	S	53898	2112
planetlab-03.cs.princeton.edu_planetlab-1.cmcl.cs.cmu.edu_14865 4	351.268000	64814.282000	0.083000	0.009000	65165.642000	S	53505	80
planetlab-03.cs.princeton.edu_planetlab-1.cmcl.cs.cmu.edu_14875 4	353.796000	65574.541000	0.122000	0.008000	65928.467000	S	53506	80
planetlab-03.cs.princeton.edu_planetlab-1.cmcl.cs.cmu.edu_14880 4	352.931000	65981.870000	0.074000	0.014000	66334.889000	S	53507	80
planetlab-03.cs.princeton.edu_planetlab-1.cmcl.cs.cmu.edu_14887 4	412.648000	66656.297000	0.071000	0.020000	67069.036000	S	53511	80
planetlab-03.cs.princeton.edu_planetlab-1.cmcl.cs.cmu.edu_14891 4	436.399000	66929.554000	0.063000	0.007000	67366.023000	S	53515	80
planetlab-03.cs.princeton.edu_planetlab-1.cmcl.cs.cmu.edu_14911 4	353.638000	67443.731000	0.064000	0.009000	67797.442000	S	53523	80
planetlab-03.cs.princeton.edu_planetlab-1.cmcl.cs.cmu.edu_14919 4	352.571000	67767.235000	0.075000	0.008000	68119.889000	S	53532	80
planetlab-03.cs.princeton.edu_planetlab-1.cmcl.cs.cmu.edu_14925 4	351.857000	68229.098000	0.177000	0.007000	68581.139000	S	53539	80
planetlab-03.cs.princeton.edu_planetlab-1.cmcl.cs.cmu.edu_15346 4	3373.376000	68422.876000	0.900000	0.008000	71797.160000	S	53558	80
planetlab-03.cs.princeton.edu_planetlab-1.cmcl.cs.cmu.edu_15351 4	2806.000000	69536.221000	0.063000	0.008000	72342.292000	S	53571	80
planetlab-03.cs.princeton.edu_planetlab-1.cmcl.cs.cmu.edu_15365 4	2723.359000	69761.666000	0.053000	0.015000	72485.093000	S	53576	80
planetlab-03.cs.princeton.edu_planetlab-1.cmcl.cs.cmu.edu_15388 4	2358.898000	70185.442000	0.059000	0.005000	72544.404000	S	53590	80
planetlab-03.cs.princeton.edu_planetlab-1.cmcl.cs.cmu.edu_15424 4	2206.051000	70831.414000	0.060000	0.008000	73037.533000	S	53606	80
planetlab-03.cs.princeton.edu_planetlab-1.cmcl.cs.cmu.edu_15447 4	2149.840000	71027.639000	0.062000	0.008000	73177.549000	S	53618	80
planetlab-03.cs.princeton.edu_planetlab-1.cmcl.cs.cmu.edu_15449 4	2115.929000	71082.862000	0.059000	0.006000	73198.856000	S	53620	80
planetlab-03.cs.princeton.edu_planetlab-1.cmcl.cs.cmu.edu_15453 4	2112.728000	71113.414000	0.062000	0.008000	73226.212000	S	53622	80
planetlab-03.cs.princeton.edu_planetlab-1.cmcl.cs.cmu.edu_15455 4	2087.253000	71156.378000	0.060000	0.006000	73243.697000	S	53623	80
planetlab-03.cs.princeton.edu_planetlab-1.cmcl.cs.cmu.edu_15459 4	2543.903000	70768.681000	0.073000	0.010000	73312.667000	S	53630	80
planetlab-03.cs.princeton.edu_planetlab-1.cmcl.cs.cmu.edu_15467 4	367.604000	73196.347000	0.064000	0.007000	73564.022000	S	53652	80
planetlab-03.cs.princeton.edu_planetlab-1.cmcl.cs.cmu.edu_15461 4	2791.800000	70775.507000	0.065000	0.008000	73567.380000	S	53635	80
planetlab-03.cs.princeton.edu_planetlab-1.cmcl.cs.cmu.edu_15469 4	374.604000	73250.942000	0.763000	0.008000	73626.317000	S	53656	80
planetlab-03.cs.princeton.edu_planetlab-1.cmcl.cs.cmu.edu_15473 4	360.496000	73291.237000	0.064000	0.010000	73651.807000	S	53660	80
planetlab-03.cs.princeton.edu_planetlab-1.cmcl.cs.cmu.edu_15475 4	367.291000	73291.694000	0.748000	0.009000	73659.742000	S	53661	80
planetlab-03.cs.princeton.edu_planetlab-1.cmcl.cs.cmu.edu_15479 4	368.913000	73310.560000	0.060000	0.009000	73679.542000	S	53662	80
planetlab-03.cs.princeton.edu_planetlab-1.cmcl.cs.cmu.edu_15481 4	3597.769000	70121.801000	0.062000	0.009000	73719.641000	S	53644	80
planetlab-03.cs.princeton.edu_planetlab-1.cmcl.cs.cmu.edu_15524 4	364.647000	74261.977000	1.150000	0.007000	74627.781000	S	53692	80
planetlab-03.cs.princeton.edu_planetlab-1.cmcl.cs.cmu.edu_15530 4	373.866000	74601.177000	0.066000	0.008000	74975.117000	S	53724	80
planetlab-03.cs.princeton.edu_planetlab-1.cmcl.cs.cmu.edu_15532 4	370.865000	74693.480000	0.068000	0.006000	75064.419000	S	53728	80
planetlab-03.cs.princeton.edu_planetlab-1.cmcl.cs.cmu.edu_15540 4	373.176000	74981.737000	0.065000	0.018000	75354.996000	S	53750	80
planetlab2.umassd.edu_planetlab-1.cmcl.cs.cmu.edu_30059 3	341.592000	75025.713000	0.070000	0.005000	75367.380000	S	53755	64
planetlab2.cs.columbia.edu_planetlab-1.cmcl.cs.cmu.edu_8857 5	353.388000	75322.412000	0.164000	0.012000	75675.976000	S	53776	112
planetlab2.umassd.edu_planetlab-1.cmcl.cs.cmu.edu_30397 3	337.824000	77187.119000	0.067000	0.009000	77525.019000	S	53843	64
planetlab-03.cs.princeton.edu_planetlab-1.cmcl.cs.cmu.edu_15602 4	617.951000	76995.657000	0.071000	0.015000	77613.694000	S	53832	80
planetlab2.cs.columbia.edu_planetlab-1.cmcl.cs.cmu.edu_8878 5	344.543000	77487.510000	0.144000	0.012000	77832.209000	S	53861	112
planetlab1.cs.uoregon.edu_planetlab-1.cmcl.cs.cmu.edu_21283 5	582.992000	78616.744000	0.120000	0.020000	79199.876000	S	53414	256
vn4.cse.wustl.edu_planetlab-1.cmcl.cs.cmu.edu_12974 6	664.065000	78607.112000	0.154000	0.016000	79271.347000	S	53381	272
vn4.cse.wustl.edu_planetlab-1.cmcl.cs.cmu.edu_12976 6	664.981000	78624.075000	0.151000	0.017000	79289.224000	S	53386	272
vn4.cse.wustl.edu_planetlab-1.cmcl.cs.cmu.edu_12986 6	670.258000	78662.930000	0.242000	0.018000	79333.448000	S	53393	272
vn4.cse.wustl.edu_planetlab-1.cmcl.cs.cmu.edu_12988 6	664.201000	78670.517000	0.097000	0.016000	79334.831000	S	53396	272
vn4.cse.wustl.edu_planetlab-1.cmcl.cs.cmu.edu_12990 6	662.761000	78693.749000	0.113000	0.013000	79356.636000	S	53397	272
vn4.cse.wustl.edu_planetlab-1.cmcl.cs.cmu.edu_12992 6	668.121000	78705.054000	0.124000	0.015000	79373.314000	S	53399	272
vn4.cse.wustl.edu_planetlab-1.cmcl.cs.cmu.edu_12996 6	664.420000	78728.706000	0.129000	0.017000	79393.272000	S	53405	272
vn4.cse.wustl.edu_planetlab-1.cmcl.cs.cmu.edu_12998 6	667.607000	78745.513000	0.142000	0.018000	79413.280000	S	53429	272
vn4.cse.wustl.edu_planetlab-1.cmcl.cs.cmu.edu_13002 6	671.162000	78761.198000	0.161000	0.020000	79432.541000	S	53461	272
planetlab1.cs.uoregon.edu_planetlab-1.cmcl.cs.cmu.edu_21306 5	583.051000	78847.081000	0.138000	0.014000	79430.284000	S	53542	256
vn4.cse.wustl.edu_planetlab-1.cmcl.cs.cmu.edu_13008 6	664.404000	78795.013000	0.149000	0.016000	79459.582000	S	53503	272
vn4.cse.wustl.edu_planetlab-1.cmcl.cs.cmu.edu_13010 6	664.060000	78804.755000	0.133000	0.015000	79468.963000	S	53509	272
vn4.cse.wustl.edu_planetlab-1.cmcl.cs.cmu.edu_13014 6	664.690000	78810.135000	0.184000	0.015000	79475.024000	S	53521	272
vn4.cse.wustl.edu_planetlab-1.cmcl.cs.cmu.edu_13016 6	664.682000	78835.294000	0.142000	0.016000	79500.134000	S	53524	272
vn4.cse.wustl.edu_planetlab-1.cmcl.cs.cmu.edu_13018 6	664.918000	78843.587000	0.136000	0.013000	79508.654000	S	53525	272
vn4.cse.wustl.edu_planetlab-1.cmcl.cs.cmu.edu_13020 6	666.488000	78850.327000	0.153000	0.015000	79516.983000	S	53527	272
vn4.cse.wustl.edu_planetlab-1.cmcl.cs.cmu.edu_13022 6	667.671000	78848.777000	0.163000	0.017000	79516.628000	S	53533	272
vn4.cse.wustl.edu_planetlab-1.cmcl.cs.cmu.edu_13024 6	663.712000	78862.208000	0.159000	0.018000	79526.097000	S	53547	272
vn4.cse.wustl.edu_planetlab-1.cmcl.cs.cmu.edu_13026 6	666.609000	78869.408000	0.145000	0.014000	79536.176000	S	53557	272
vn4.cse.wustl.edu_planetlab-1.cmcl.cs.cmu.edu_13042 6	2692.481000	77322.867000	0.161000	0.016000	80015.525000	S	53589	272
vn4.cse.wustl.edu_planetlab-1.cmcl.cs.cmu.edu_13048 6	2565.878000	77453.505000	0.138000	0.018000	80019.539000	S	53598	272
planetlab2.cs.pitt.edu_planetlab-1.cmcl.cs.cmu.edu_6359 7	2354.019000	77705.179000	0.200000	0.027000	80059.425000	S	53619	304
planetlab1.cs.uoregon.edu_planetlab-1.cmcl.cs.cmu.edu_21376 5	2779.240000	77302.075000	0.143000	0.013000	80081.471000	S	53638	256
planetlab1.cs.uoregon.edu_planetlab-1.cmcl.cs.cmu.edu_21381 5	581.707000	79526.513000	0.113000	0.014000	80108.347000	S	53666	256
planetlab1.cs.uoregon.edu_planetlab-1.cmcl.cs.cmu.edu_21383 5	581.502000	79529.145000	0.128000	0.014000	80110.789000	S	53668	256
planetlab1.cs.uoregon.edu_planetlab-1.cmcl.cs.cmu.edu_21386 5	583.252000	79551.945000	0.143000	0.011000	80135.351000	S	53670	256
planetlab1.cs.uoregon.edu_planetlab-1.cmcl.cs.cmu.edu_21388 5	584.911000	79563.913000	0.127000	0.013000	80148.964000	S	53671	256
planetlab1.cs.uoregon.edu_planetlab-1.cmcl.cs.cmu.edu_21392 5	581.629000	79590.369000	0.121000	0.011000	80172.130000	S	53678	256
vn4.cse.wustl.edu_planetlab-1.cmcl.cs.cmu.edu_13062 6	683.956000	79491.423000	0.141000	0.016000	80175.536000	S	53653	272
planetlab1.cs.uoregon.edu_planetlab-1.cmcl.cs.cmu.edu_21396 5	582.577000	79616.822000	0.128000	0.013000	80199.540000	S	53686	256
planetlab1.cs.uoregon.edu_planetlab-1.cmcl.cs.cmu.edu_21463 5	597.300000	80222.006000	0.128000	0.015000	80819.449000	S	53734	256
vn4.cse.wustl.edu_planetlab-1.cmcl.cs.cmu.edu_13123 6	673.317000	80222.591000	0.189000	0.020000	80896.117000	S	53697	272
vn4.cse.wustl.edu_planetlab-1.cmcl.cs.cmu.edu_13125 6	668.758000	80290.436000	0.172000	0.017000	80959.383000	S	53765	272
vn4.cse.wustl.edu_planetlab-1.cmcl.cs.cmu.edu_13127 6	669.698000	80301.570000	0.149000	0.015000	80971.432000	S	53777	272
vn4.cse.wustl.edu_planetlab-1.cmcl.cs.cmu.edu_13129 6	666.451000	80312.068000	0.140000	0.018000	80978.677000	S	53780	272
vn4.cse.wustl.edu_planetlab-1.cmcl.cs.cmu.edu_13131 6	663.899000	80318.224000	0.154000	0.035000	80982.312000	S	53781	272
vn4.cse.wustl.edu_planetlab-1.cmcl.cs.cmu.edu_13133 6	663.588000	80323.068000	0.161000	0.020000	80986.837000	S	53783	272
vn4.cse.wustl.edu_planetlab-1.cmcl.cs.cmu.edu_13135 6	665.238000	80327.012000	0.122000	0.016000	80992.388000	S	53789	272
vn4.cse.wustl.edu_planetlab-1.cmcl.cs.cmu.edu_13139 6	667.489000	80391.687000	0.185000	0.017000	81059.378000	S	53813	272
vn4.cse.wustl.edu_planetlab-1.cmcl.cs.cmu.edu_13147 6	669.009000	81869.676000	0.170000	0.018000	82538.873000	S	53845	272
planetlab2.cs.pitt.edu_planetlab-1.cmcl.cs.cmu.edu_6399 7	597.394000	81975.139000	0.165000	0.018000	82572.716000	S	53875	304
vn4.cse.wustl.edu_planetlab-1.cmcl.cs.cmu.edu_13151 6	667.774000	81957.711000	0.154000	0.027000	82625.666000	S	53865	272
vn4.cse.wustl.edu_planetlab-1.cmcl.cs.cmu.edu_13241 6	664.602000	82755.778000	0.245000	0.013000	83420.638000	S	53891	272
planetlab-03.cs.princeton.edu_planetlab-1.cmcl.cs.cmu.edu_15856 4	353.210000	83393.274000	0.087000	0.011000	83746.582000	S	53984	80
vn4.cse.wustl.edu_planetlab-1.cmcl.cs.cmu.edu_13283 6	662.489000	83106.769000	0.148000	0.031000	83769.437000	S	53909	272
planetlab6.cs.duke.edu_planetlab-1.cmcl.cs.cmu.edu_16495 6	596.380000	83496.537000	0.127000	0.017000	84093.061000	S	53952	288
vn4.cse.wustl.edu_planetlab-1.cmcl.cs.cmu.edu_13321 6	667.655000	83556.947000	0.138000	0.019000	84224.759000	S	54006	272
planetlab01.sys.virginia.edu_planetlab-1.cmcl.cs.cmu.edu_10402 4	870.462000	126324.235000	0.133000	0.017000	127194.847000	S	53410	144
planetlab01.sys.virginia.edu_planetlab-1.cmcl.cs.cmu.edu_10411 4	932.052000	126340.816000	0.115000	0.011000	127272.994000	S	53441	144
planetlab01.sys.virginia.edu_planetlab-1.cmcl.cs.cmu.edu_10406 4	951.001000	126381.206000	0.099000	0.009000	127332.315000	S	53428	144
planetlab01.sys.virginia.edu_planetlab-1.cmcl.cs.cmu.edu_10427 4	965.992000	126436.188000	0.143000	0.009000	127402.332000	S	53538	144
planetlab01.sys.virginia.edu_planetlab-1.cmcl.cs.cmu.edu_10438 4	3976.664000	123580.957000	0.097000	0.019000	127557.737000	S	53642	144
planetlab01.sys.virginia.edu_planetlab-1.cmcl.cs.cmu.edu_10457 4	919.188000	126767.310000	0.131000	0.010000	127686.639000	S	53760	144
planetlab01.sys.virginia.edu_planetlab-1.cmcl.cs.cmu.edu_10454 4	971.264000	126732.207000	0.148000	0.009000	127703.628000	S	53762	144
planetlab01.sys.virginia.edu_planetlab-1.cmcl.cs.cmu.edu_10458 4	935.498000	126793.776000	0.097000	0.009000	127729.380000	S	53763	144
planetlab01.sys.virginia.edu_planetlab-1.cmcl.cs.cmu.edu_10462 4	918.724000	126837.121000	0.098000	0.009000	127755.952000	S	53766	144
planetlab01.sys.virginia.edu_planetlab-1.cmcl.cs.cmu.edu_10464 4	998.453000	126785.158000	0.114000	0.010000	127783.735000	S	53770	144
planetlab01.sys.virginia.edu_planetlab-1.cmcl.cs.cmu.edu_10473 4	878.815000	127024.914000	0.102000	0.008000	127903.839000	S	53778	144
planetlab01.sys.virginia.edu_planetlab-1.cmcl.cs.cmu.edu_10480 4	946.004000	127037.301000	0.225000	0.010000	127983.540000	S	53793	144
planetlab01.sys.virginia.edu_planetlab-1.cmcl.cs.cmu.edu_10481 4	929.122000	127054.617000	0.098000	0.011000	127983.848000	S	53792	144
planetlab01.sys.virginia.edu_planetlab-1.cmcl.cs.cmu.edu_10483 4	1079.601000	127036.242000	0.142000	0.010000	128115.995000	S	53794	144
planetlab01.sys.virginia.edu_planetlab-1.cmcl.cs.cmu.edu_10488 4	1016.753000	127099.357000	0.121000	0.015000	128116.246000	S	53795	144
planetlab01.sys.virginia.edu_planetlab-1.cmcl.cs.cmu.edu_10489 4	1071.160000	127112.959000	0.104000	0.011000	128184.234000	S	53796	144
planetlab01.sys.virginia.edu_planetlab-1.cmcl.cs.cmu.edu_10491 4	1180.969000	127003.030000	0.140000	0.013000	128184.152000	S	53798	144
planetlab01.sys.virginia.edu_planetlab-1.cmcl.cs.cmu.edu_10495 4	1245.458000	126938.627000	0.113000	0.012000	128184.210000	S	53799	144
planetlab01.sys.virginia.edu_planetlab-1.cmcl.cs.cmu.edu_10493 4	1217.577000	126966.685000	0.132000	0.009000	128184.403000	S	53800	144
planetlab01.sys.virginia.edu_planetlab-1.cmcl.cs.cmu.edu_10497 4	1294.223000	126964.576000	0.120000	0.012000	128258.931000	S	53803	144
planetlab01.sys.virginia.edu_planetlab-1.cmcl.cs.cmu.edu_10500 4	1215.108000	127083.191000	0.131000	0.011000	128298.441000	S	53802	144
planetlab01.sys.virginia.edu_planetlab-1.cmcl.cs.cmu.edu_10501 4	1217.600000	127080.874000	0.093000	0.014000	128298.581000	S	53806	144
planetlab01.sys.virginia.edu_planetlab-1.cmcl.cs.cmu.edu_10503 4	1287.677000	127010.908000	0.144000	0.013000	128298.742000	S	53808	144
planetlab01.sys.virginia.edu_planetlab-1.cmcl.cs.cmu.edu_10505 4	1117.908000	127214.269000	0.110000	0.010000	128332.297000	S	53811	144
planetlab01.sys.virginia.edu_planetlab-1.cmcl.cs.cmu.edu_10509 4	989.790000	127367.844000	0.171000	0.011000	128357.816000	S	53814	144
planetlab01.sys.virginia.edu_planetlab-1.cmcl.cs.cmu.edu_10511 4	1002.338000	127398.714000	0.144000	0.011000	128401.207000	S	53818	144
planetlab01.sys.virginia.edu_planetlab-1.cmcl.cs.cmu.edu_10507 4	1011.010000	127395.042000	0.106000	0.010000	128406.168000	S	53810	144
planetlab01.sys.virginia.edu_planetlab-1.cmcl.cs.cmu.edu_10527 4	977.025000	127586.303000	0.104000	0.010000	128563.442000	S	53826	144
planetlab01.sys.virginia.edu_planetlab-1.cmcl.cs.cmu.edu_10534 4	908.051000	127739.944000	0.270000	0.019000	128648.284000	S	53847	144
planetlab01.sys.virginia.edu_planetlab-1.cmcl.cs.cmu.edu_10539 4	938.896000	127820.679000	0.113000	0.012000	128759.700000	S	53856	144
planetlab01.sys.virginia.edu_planetlab-1.cmcl.cs.cmu.edu_10543 4	945.248000	127841.099000	0.128000	0.025000	128786.500000	S	53858	144
planetlab01.sys.virginia.edu_planetlab-1.cmcl.cs.cmu.edu_10545 4	929.974000	127882.548000	0.095000	0.012000	128812.629000	S	53859	144
planetlab01.sys.virginia.edu_planetlab-1.cmcl.cs.cmu.edu_10549 4	997.200000	127875.438000	0.129000	0.010000	128872.777000	S	53862	144
planetlab01.sys.virginia.edu_planetlab-1.cmcl.cs.cmu.edu_10586 4	1163.820000	128211.682000	0.183000	0.008000	129375.693000	S	53866	144
planetlab01.sys.virginia.edu_planetlab-1.cmcl.cs.cmu.edu_10597 4	1020.352000	128611.113000	0.139000	0.011000	129631.615000	S	53874	144
planetlab01.sys.virginia.edu_planetlab-1.cmcl.cs.cmu.edu_10657 4	1345.667000	128680.441000	0.118000	0.012000	130026.238000	S	53890	144
planetlab01.sys.virginia.edu_planetlab-1.cmcl.cs.cmu.edu_10692 4	1170.076000	129243.577000	0.152000	0.009000	130413.814000	S	53920	144
planetlab01.sys.virginia.edu_planetlab-1.cmcl.cs.cmu.edu_10693 4	1146.251000	129267.776000	0.091000	0.009000	130414.127000	S	53922	144
planetlab01.sys.virginia.edu_planetlab-1.cmcl.cs.cmu.edu_10696 4	1215.016000	129314.836000	0.145000	0.013000	130530.010000	S	53923	144
planetlab01.sys.virginia.edu_planetlab-1.cmcl.cs.cmu.edu_10700 4	1216.786000	129339.391000	0.089000	0.022000	130556.288000	S	53926	144
planetlab01.sys.virginia.edu_planetlab-1.cmcl.cs.cmu.edu_10709 4	1115.118000	129494.013000	0.151000	0.014000	130609.296000	S	53930	144
planetlab01.sys.virginia.edu_planetlab-1.cmcl.cs.cmu.edu_10741 4	1038.695000	129977.404000	0.146000	0.010000	131016.255000	S	53938	144
planetlab01.sys.virginia.edu_planetlab-1.cmcl.cs.cmu.edu_10752 4	1050.702000	130073.330000	0.122000	0.010000	131124.164000	S	53949	144
planetlab01.sys.virginia.edu_planetlab-1.cmcl.cs.cmu.edu_10770 4	1091.850000	130200.347000	0.113000	0.012000	131292.322000	S	53960	144
planetlab01.sys.virginia.edu_planetlab-1.cmcl.cs.cmu.edu_10776 4	1401.164000	129948.016000	0.101000	0.016000	131349.297000	S	53986	144
roam2.cs.ou.edu_planetlab-1.cmcl.cs.cmu.edu_24424 6	519.394000	134636.495000	0.099000	0.019000	135156.007000	S	53384	48
pl1.rcc.uottawa.ca_planetlab-1.cmcl.cs.cmu.edu_79064 4	413.355000	134758.306000	0.089000	0.008000	135171.758000	S	53407	0
roam2.cs.ou.edu_planetlab-1.cmcl.cs.cmu.edu_24426 6	514.873000	134667.010000	0.082000	0.012000	135181.977000	S	53385	48
roam2.cs.ou.edu_planetlab-1.cmcl.cs.cmu.edu_24428 6	516.001000	134669.110000	0.099000	0.017000	135185.227000	S	53387	48
roam2.cs.ou.edu_planetlab-1.cmcl.cs.cmu.edu_24436 6	516.103000	134700.616000	0.097000	0.008000	135216.824000	S	53389	48
roam2.cs.ou.edu_planetlab-1.cmcl.cs.cmu.edu_24460 6	515.605000	134812.230000	0.102000	0.009000	135327.946000	S	53408	48
roam2.cs.ou.edu_planetlab-1.cmcl.cs.cmu.edu_24462 6	577.312000	134784.691000	0.096000	0.010000	135362.109000	S	53401	48
roam2.cs.ou.edu_planetlab-1.cmcl.cs.cmu.edu_24466 6	514.172000	134866.094000	0.100000	0.228000	135380.594000	S	53409	48
roam2.cs.ou.edu_planetlab-1.cmcl.cs.cmu.edu_24468 6	517.590000	134903.410000	0.105000	0.013000	135421.118000	S	53411	48
roam2.cs.ou.edu_planetlab-1.cmcl.cs.cmu.edu_24472 6	517.079000	134923.315000	0.104000	0.011000	135440.509000	S	53413	48
roam2.cs.ou.edu_planetlab-1.cmcl.cs.cmu.edu_24476 6	516.864000	134956.388000	0.107000	0.012000	135473.371000	S	53417	48
roam2.cs.ou.edu_planetlab-1.cmcl.cs.cmu.edu_24480 6	515.141000	134972.665000	0.107000	0.018000	135487.931000	S	53418	48
roam2.cs.ou.edu_planetlab-1.cmcl.cs.cmu.edu_24482 6	514.725000	134976.738000	0.089000	0.010000	135491.562000	S	53419	48
roam2.cs.ou.edu_planetlab-1.cmcl.cs.cmu.edu_24484 6	514.040000	134984.595000	0.098000	0.013000	135498.746000	S	53420	48
roam2.cs.ou.edu_planetlab-1.cmcl.cs.cmu.edu_24486 6	514.681000	134990.839000	0.109000	0.013000	135505.642000	S	53421	48
roam2.cs.ou.edu_planetlab-1.cmcl.cs.cmu.edu_24488 6	516.677000	135006.577000	0.096000	0.011000	135523.361000	S	53423	48
roam2.cs.ou.edu_planetlab-1.cmcl.cs.cmu.edu_24498 6	514.039000	135025.898000	0.099000	0.010000	135540.046000	S	53425	48
roam2.cs.ou.edu_planetlab-1.cmcl.cs.cmu.edu_24506 6	514.392000	135106.641000	0.099000	0.014000	135621.146000	S	53432	48
roam2.cs.ou.edu_planetlab-1.cmcl.cs.cmu.edu_24508 6	514.633000	135126.630000	0.086000	0.017000	135641.366000	S	53433	48
roam2.cs.ou.edu_planetlab-1.cmcl.cs.cmu.edu_24510 6	514.180000	135127.283000	0.131000	0.010000	135641.604000	S	53435	48
roam2.cs.ou.edu_planetlab-1.cmcl.cs.cmu.edu_24512 6	514.560000	135128.966000	0.096000	0.010000	135643.632000	S	53437	48
roam2.cs.ou.edu_planetlab-1.cmcl.cs.cmu.edu_24518 6	752.877000	134957.172000	0.241000	0.012000	135710.302000	S	53416	48
roam2.cs.ou.edu_planetlab-1.cmcl.cs.cmu.edu_24522 6	515.124000	135227.148000	0.105000	0.009000	135742.386000	S	53449	48
roam2.cs.ou.edu_planetlab-1.cmcl.cs.cmu.edu_24538 6	514.726000	135331.267000	0.106000	0.011000	135846.110000	S	53468	48
roam2.cs.ou.edu_planetlab-1.cmcl.cs.cmu.edu_24548 6	515.331000	135419.399000	0.102000	0.014000	135934.846000	S	53473	48
planetlab4.wail.wisc.edu_planetlab-1.cmcl.cs.cmu.edu_53036 5	444.230000	135751.353000	0.093000	0.009000	136195.685000	S	53380	16
planetlab4.wail.wisc.edu_planetlab-1.cmcl.cs.cmu.edu_53050 5	437.232000	135787.613000	0.096000	0.009000	136224.950000	S	53391	16
planetlab4.wail.wisc.edu_planetlab-1.cmcl.cs.cmu.edu_53074 5	437.113000	135870.632000	0.073000	0.008000	136307.826000	S	53427	16
planetlab4.wail.wisc.edu_planetlab-1.cmcl.cs.cmu.edu_53086 5	433.813000	135964.561000	0.086000	0.012000	136398.472000	S	53447	16
planetlab4.wail.wisc.edu_planetlab-1.cmcl.cs.cmu.edu_53090 5	434.905000	135974.581000	0.088000	0.008000	136409.582000	S	53451	16
planetlab4.wail.wisc.edu_planetlab-1.cmcl.cs.cmu.edu_53094 5	434.395000	135985.575000	0.096000	0.009000	136420.075000	S	53453	16
planetlab4.wail.wisc.edu_planetlab-1.cmcl.cs.cmu.edu_53098 5	434.662000	135995.836000	0.085000	0.012000	136430.595000	S	53454	16
planetlab4.wail.wisc.edu_planetlab-1.cmcl.cs.cmu.edu_53100 5	434.757000	135997.854000	0.088000	0.009000	136432.708000	S	53455	16
planetlab4.wail.wisc.edu_planetlab-1.cmcl.cs.cmu.edu_53102 5	435.562000	135999.787000	0.097000	0.008000	136435.454000	S	53471	16
pl1.rcc.uottawa.ca_planetlab-1.cmcl.cs.cmu.edu_79587 4	412.965000	136066.886000	0.465000	0.008000	136480.324000	S	53500	0
planetlab4.wail.wisc.edu_planetlab-1.cmcl.cs.cmu.edu_53118 5	436.360000	136045.788000	0.092000	0.008000	136482.248000	S	53479	16
roam2.cs.ou.edu_planetlab-1.cmcl.cs.cmu.edu_24596 6	516.148000	136004.488000	0.094000	0.008000	136520.738000	S	53480	48
roam2.cs.ou.edu_planetlab-1.cmcl.cs.cmu.edu_24600 6	515.641000	136026.602000	0.081000	0.016000	136542.340000	S	53481	48
roam2.cs.ou.edu_planetlab-1.cmcl.cs.cmu.edu_24606 6	513.845000	136075.959000	0.102000	0.012000	136589.918000	S	53483	48
roam2.cs.ou.edu_planetlab-1.cmcl.cs.cmu.edu_24610 6	515.974000	136100.164000	0.094000	0.009000	136616.241000	S	53485	48
roam2.cs.ou.edu_planetlab-1.cmcl.cs.cmu.edu_24622 6	517.267000	136138.454000	0.098000	0.012000	136655.831000	S	53497	48
planetlab4.wail.wisc.edu_planetlab-1.cmcl.cs.cmu.edu_53172 5	438.675000	136228.728000	0.080000	0.010000	136667.493000	S	53487	16
planetlab4.wail.wisc.edu_planetlab-1.cmcl.cs.cmu.edu_53182 5	435.312000	136259.767000	0.079000	0.007000	136695.165000	S	53489	16
pl1.rcc.uottawa.ca_planetlab-1.cmcl.cs.cmu.edu_79687 4	3418.332000	133315.635000	0.081000	0.011000	136734.059000	S	53482	0
node1.planetlab.albany.edu_planetlab-1.cmcl.cs.cmu.edu_54411 5	424.245000	136405.116000	0.079000	0.010000	136829.450000	S	53514	32
node1.planetlab.albany.edu_planetlab-1.cmcl.cs.cmu.edu_54453 5	423.651000	136539.442000	0.084000	0.009000	136963.186000	S	53522	32
node1.planetlab.albany.edu_planetlab-1.cmcl.cs.cmu.edu_54482 5	429.028000	136641.939000	0.196000	0.010000	137071.173000	S	53528	32
planetlab4.wail.wisc.edu_planetlab-1.cmcl.cs.cmu.edu_53358 5	435.783000	136657.783000	0.094000	0.010000	137093.670000	S	53516	16
node1.planetlab.albany.edu_planetlab-1.cmcl.cs.cmu.edu_54498 5	424.745000	136680.539000	0.077000	0.009000	137105.370000	S	53531	32
node1.planetlab.albany.edu_planetlab-1.cmcl.cs.cmu.edu_54496 5	426.532000	136679.276000	0.080000	0.007000	137105.895000	S	53530	32
node1.planetlab.albany.edu_planetlab-1.cmcl.cs.cmu.edu_54514 5	423.583000	136746.429000	0.082000	0.010000	137170.104000	S	53534	32
planetlab4.wail.wisc.edu_planetlab-1.cmcl.cs.cmu.edu_53400 5	442.891000	136760.686000	0.078000	0.008000	137203.663000	S	53529	16
planetlab4.wail.wisc.edu_planetlab-1.cmcl.cs.cmu.edu_53470 5	434.407000	136918.207000	0.090000	0.009000	137352.713000	S	53540	16
planetlab4.wail.wisc.edu_planetlab-1.cmcl.cs.cmu.edu_53472 5	433.046000	136930.247000	0.070000	0.008000	137363.371000	S	53541	16
planetlab4.wail.wisc.edu_planetlab-1.cmcl.cs.cmu.edu_53482 5	436.283000	136943.332000	0.084000	0.010000	137379.709000	S	53544	16
planetlab4.wail.wisc.edu_planetlab-1.cmcl.cs.cmu.edu_53488 5	437.940000	136949.643000	0.106000	0.010000	137387.699000	S	53548	16
planetlab4.wail.wisc.edu_planetlab-1.cmcl.cs.cmu.edu_53490 5	437.790000	136961.220000	0.088000	0.007000	137399.105000	S	53549	16
planetlab4.wail.wisc.edu_planetlab-1.cmcl.cs.cmu.edu_53492 5	438.469000	136961.589000	0.072000	0.016000	137400.146000	S	53550	16
planetlab4.wail.wisc.edu_planetlab-1.cmcl.cs.cmu.edu_53500 5	436.066000	136979.794000	0.089000	0.012000	137415.961000	S	53555	16
roam2.cs.ou.edu_planetlab-1.cmcl.cs.cmu.edu_24684 6	514.892000	136934.521000	0.108000	0.017000	137449.538000	S	53545	48
planetlab4.wail.wisc.edu_planetlab-1.cmcl.cs.cmu.edu_53506 5	3434.636000	134085.044000	0.091000	0.011000	137519.782000	S	53519	16
planetlab4.wail.wisc.edu_planetlab-1.cmcl.cs.cmu.edu_53614 5	2675.939000	135175.127000	0.081000	0.010000	137851.157000	S	53564	16
node1.planetlab.albany.edu_planetlab-1.cmcl.cs.cmu.edu_54681 5	424.523000	137487.140000	0.086000	0.011000	137911.760000	S	53562	32
planetlab4.wail.wisc.edu_planetlab-1.cmcl.cs.cmu.edu_53626 5	2579.539000	135340.627000	0.085000	0.012000	137920.263000	S	53575	16
planetlab4.wail.wisc.edu_planetlab-1.cmcl.cs.cmu.edu_53630 5	2556.958000	135381.235000	0.107000	0.011000	137938.311000	S	53577	16
planetlab4.wail.wisc.edu_planetlab-1.cmcl.cs.cmu.edu_53638 5	2542.301000	135413.820000	0.097000	0.009000	137956.227000	S	53579	16
planetlab4.wail.wisc.edu_planetlab-1.cmcl.cs.cmu.edu_53644 5	2527.668000	135435.741000	0.079000	0.008000	137963.496000	S	53581	16
planetlab4.wail.wisc.edu_planetlab-1.cmcl.cs.cmu.edu_53652 5	2510.824000	135467.601000	0.067000	0.009000	137978.501000	S	53582	16
planetlab4.wail.wisc.edu_planetlab-1.cmcl.cs.cmu.edu_53662 5	2485.280000	135516.353000	0.098000	0.010000	138001.741000	S	53584	16
planetlab4.wail.wisc.edu_planetlab-1.cmcl.cs.cmu.edu_53664 5	2486.713000	135523.443000	0.064000	0.009000	138010.229000	S	53583	16
planetlab4.wail.wisc.edu_planetlab-1.cmcl.cs.cmu.edu_53666 5	2468.641000	135552.430000	0.091000	0.009000	138021.171000	S	53585	16
planetlab4.wail.wisc.edu_planetlab-1.cmcl.cs.cmu.edu_53674 5	2410.233000	135621.745000	0.100000	0.015000	138032.093000	S	53592	16
planetlab4.wail.wisc.edu_planetlab-1.cmcl.cs.cmu.edu_53684 5	2387.141000	135665.980000	0.084000	0.010000	138053.215000	S	53593	16
planetlab4.wail.wisc.edu_planetlab-1.cmcl.cs.cmu.edu_53698 5	2361.493000	135720.877000	0.074000	0.011000	138082.455000	S	53595	16
planetlab4.wail.wisc.edu_planetlab-1.cmcl.cs.cmu.edu_53702 5	2348.673000	135743.805000	0.097000	0.008000	138092.583000	S	53597	16
node1.planetlab.albany.edu_planetlab-1.cmcl.cs.cmu.edu_54736 5	2359.071000	135761.828000	0.081000	0.013000	138120.993000	S	53594	32
planetlab4.wail.wisc.edu_planetlab-1.cmcl.cs.cmu.edu_53710 5	2316.775000	135807.768000	0.072000	0.011000	138124.626000	S	53599	16
planetlab4.wail.wisc.edu_planetlab-1.cmcl.cs.cmu.edu_53724 5	2274.417000	135885.328000	0.075000	0.010000	138159.830000	S	53607	16
planetlab4.wail.wisc.edu_planetlab-1.cmcl.cs.cmu.edu_53728 5	2253.445000	135911.727000	0.075000	0.007000	138165.254000	S	53612	16
planetlab4.wail.wisc.edu_planetlab-1.cmcl.cs.cmu.edu_53732 5	2239.615000	135938.227000	0.082000	0.015000	138177.939000	S	53615	16
pl1.rcc.uottawa.ca_planetlab-1.cmcl.cs.cmu.edu_80332 4	2598.975000	135622.835000	0.069000	0.007000	138221.886000	S	53628	0
planetlab4.wail.wisc.edu_planetlab-1.cmcl.cs.cmu.edu_53742 5	2618.145000	135617.093000	0.082000	0.011000	138235.331000	S	53625	16
planetlab4.wail.wisc.edu_planetlab-1.cmcl.cs.cmu.edu_53754 5	3435.524000	134837.425000	0.081000	0.009000	138273.039000	S	53639	16
planetlab4.wail.wisc.edu_planetlab-1.cmcl.cs.cmu.edu_53758 5	3434.646000	134860.684000	0.093000	0.010000	138295.433000	S	53643	16
planetlab4.wail.wisc.edu_planetlab-1.cmcl.cs.cmu.edu_53762 5	3436.150000	134876.990000	0.112000	0.011000	138313.263000	S	53646	16
planetlab4.wail.wisc.edu_planetlab-1.cmcl.cs.cmu.edu_53764 5	3434.804000	134879.425000	0.066000	0.011000	138314.306000	S	53645	16
planetlab4.wail.wisc.edu_planetlab-1.cmcl.cs.cmu.edu_53770 5	3436.705000	134900.294000	0.081000	0.013000	138337.093000	S	53647	16
planetlab4.wail.wisc.edu_planetlab-1.cmcl.cs.cmu.edu_53772 5	435.794000	137904.967000	0.078000	0.009000	138340.848000	S	53651	16
planetlab4.wail.wisc.edu_planetlab-1.cmcl.cs.cmu.edu_53782 5	454.475000	137941.328000	0.102000	0.011000	138395.916000	S	53663	16
planetlab4.wail.wisc.edu_planetlab-1.cmcl.cs.cmu.edu_53784 5	435.924000	137972.542000	0.079000	0.008000	138408.553000	S	53667	16
roam2.cs.ou.edu_planetlab-1.cmcl.cs.cmu.edu_24764 6	2699.655000	135731.755000	0.101000	0.009000	138431.520000	S	53629	48
planetlab4.wail.wisc.edu_planetlab-1.cmcl.cs.cmu.edu_53788 5	436.327000	138007.649000	0.076000	0.011000	138444.063000	S	53676	16
planetlab4.wail.wisc.edu_planetlab-1.cmcl.cs.cmu.edu_53796 5	439.642000	138037.086000	0.074000	0.012000	138476.814000	S	53679	16
planetlab4.wail.wisc.edu_planetlab-1.cmcl.cs.cmu.edu_53800 5	435.706000	138058.144000	0.108000	0.010000	138493.968000	S	53682	16
planetlab4.wail.wisc.edu_planetlab-1.cmcl.cs.cmu.edu_53802 5	439.510000	138056.693000	0.091000	0.008000	138496.302000	S	53681	16
planetlab4.wail.wisc.edu_planetlab-1.cmcl.cs.cmu.edu_53804 5	437.281000	138070.605000	0.085000	0.011000	138507.982000	S	53683	16
roam2.cs.ou.edu_planetlab-1.cmcl.cs.cmu.edu_24768 6	3521.510000	135006.086000	0.099000	0.012000	138527.707000	S	53641	48
node1.planetlab.albany.edu_planetlab-1.cmcl.cs.cmu.edu_54854 5	424.607000	138155.472000	0.087000	0.011000	138580.177000	S	53658	32
roam2.cs.ou.edu_planetlab-1.cmcl.cs.cmu.edu_24777 6	521.950000	138098.548000	0.093000	0.011000	138620.602000	S	53655	48
planetlab4.wail.wisc.edu_planetlab-1.cmcl.cs.cmu.edu_53824 5	3439.303000	135211.847000	0.097000	0.010000	138651.257000	S	53687	16
planetlab4.wail.wisc.edu_planetlab-1.cmcl.cs.cmu.edu_53828 5	438.400000	138226.635000	0.102000	0.011000	138665.148000	S	53690	16
planetlab4.wail.wisc.edu_planetlab-1.cmcl.cs.cmu.edu_53830 5	436.055000	138229.358000	0.080000	0.011000	138665.504000	S	53691	16
roam2.cs.ou.edu_planetlab-1.cmcl.cs.cmu.edu_24788 6	520.181000	138194.092000	0.091000	0.014000	138714.378000	S	53665	48
planetlab4.wail.wisc.edu_planetlab-1.cmcl.cs.cmu.edu_53840 5	454.618000	138265.346000	0.082000	0.008000	138720.054000	S	53701	16
planetlab4.wail.wisc.edu_planetlab-1.cmcl.cs.cmu.edu_53842 5	458.603000	138265.753000	0.076000	0.009000	138724.441000	S	53699	16
planetlab4.wail.wisc.edu_planetlab-1.cmcl.cs.cmu.edu_53844 5	440.995000	138299.905000	0.091000	0.023000	138741.014000	S	53702	16
planetlab4.wail.wisc.edu_planetlab-1.cmcl.cs.cmu.edu_53846 5	439.148000	138303.665000	0.075000	0.009000	138742.897000	S	53703	16
planetlab4.wail.wisc.edu_planetlab-1.cmcl.cs.cmu.edu_53850 5	435.026000	138328.523000	0.079000	0.013000	138763.641000	S	53705	16
planetlab4.wail.wisc.edu_planetlab-1.cmcl.cs.cmu.edu_53852 5	434.262000	138343.024000	0.089000	0.009000	138777.384000	S	53706	16
planetlab4.wail.wisc.edu_planetlab-1.cmcl.cs.cmu.edu_53854 5	434.086000	138345.271000	0.082000	0.011000	138779.450000	S	53707	16
roam2.cs.ou.edu_planetlab-1.cmcl.cs.cmu.edu_24798 6	518.906000	138266.449000	0.093000	0.019000	138785.467000	S	53672	48
planetlab4.wail.wisc.edu_planetlab-1.cmcl.cs.cmu.edu_53856 5	436.419000	138350.106000	0.088000	0.008000	138786.621000	S	53708	16
planetlab4.wail.wisc.edu_planetlab-1.cmcl.cs.cmu.edu_53858 5	435.958000	138366.418000	0.094000	0.011000	138802.481000	S	53710	16
planetlab4.wail.wisc.edu_planetlab-1.cmcl.cs.cmu.edu_53860 5	435.811000	138367.155000	0.078000	0.010000	138803.054000	S	53709	16
roam2.cs.ou.edu_planetlab-1.cmcl.cs.cmu.edu_24804 6	515.400000	138304.456000	0.113000	0.011000	138819.980000	S	53673	48
roam2.cs.ou.edu_planetlab-1.cmcl.cs.cmu.edu_24806 6	517.238000	138306.540000	0.086000	0.010000	138823.874000	S	53675	48
planetlab4.wail.wisc.edu_planetlab-1.cmcl.cs.cmu.edu_53862 5	434.422000	138386.346000	0.089000	0.014000	138820.871000	S	53711	16
roam2.cs.ou.edu_planetlab-1.cmcl.cs.cmu.edu_24808 6	519.054000	138309.324000	0.091000	0.011000	138828.480000	S	53677	48
pl1.rcc.uottawa.ca_planetlab-1.cmcl.cs.cmu.edu_80558 4	414.630000	138430.450000	0.080000	0.009000	138845.169000	S	53716	0
planetlab4.wail.wisc.edu_planetlab-1.cmcl.cs.cmu.edu_53870 5	432.922000	138443.973000	0.112000	0.010000	138877.017000	S	53719	16
planetlab4.wail.wisc.edu_planetlab-1.cmcl.cs.cmu.edu_53874 5	436.728000	138456.966000	0.086000	0.011000	138893.791000	S	53721	16
planetlab4.wail.wisc.edu_planetlab-1.cmcl.cs.cmu.edu_53876 5	442.941000	138454.514000	0.086000	0.008000	138897.549000	S	53723	16
planetlab4.wail.wisc.edu_planetlab-1.cmcl.cs.cmu.edu_53878 5	436.265000	138476.463000	0.107000	0.011000	138912.846000	S	53725	16
planetlab4.wail.wisc.edu_planetlab-1.cmcl.cs.cmu.edu_53882 5	436.668000	138497.899000	0.088000	0.009000	138934.664000	S	53727	16
planetlab4.wail.wisc.edu_planetlab-1.cmcl.cs.cmu.edu_53884 5	436.382000	138499.835000	0.104000	0.007000	138936.328000	S	53726	16
planetlab4.wail.wisc.edu_planetlab-1.cmcl.cs.cmu.edu_53894 5	440.310000	138536.538000	0.072000	0.008000	138976.928000	S	53735	16
planetlab4.wail.wisc.edu_planetlab-1.cmcl.cs.cmu.edu_53898 5	436.680000	138560.877000	0.089000	0.009000	138997.655000	S	53739	16
planetlab4.wail.wisc.edu_planetlab-1.cmcl.cs.cmu.edu_53900 5	439.586000	138572.923000	0.083000	0.013000	139012.605000	S	53742	16
planetlab4.wail.wisc.edu_planetlab-1.cmcl.cs.cmu.edu_53902 5	444.625000	138575.456000	0.071000	0.010000	139020.162000	S	53741	16
planetlab4.wail.wisc.edu_planetlab-1.cmcl.cs.cmu.edu_53904 5	441.873000	138596.180000	0.075000	0.008000	139038.136000	S	53743	16
roam2.cs.ou.edu_planetlab-1.cmcl.cs.cmu.edu_24832 6	517.368000	138528.565000	0.096000	0.010000	139046.039000	S	53689	48
planetlab4.wail.wisc.edu_planetlab-1.cmcl.cs.cmu.edu_53906 5	440.811000	138607.508000	0.093000	0.013000	139048.425000	S	53747	16
planetlab4.wail.wisc.edu_planetlab-1.cmcl.cs.cmu.edu_53912 5	436.576000	138652.903000	0.078000	0.012000	139089.569000	S	53759	16
pl1.rcc.uottawa.ca_planetlab-1.cmcl.cs.cmu.edu_80666 4	424.303000	138717.291000	0.090000	0.008000	139141.692000	S	53769	0
planetlab4.wail.wisc.edu_planetlab-1.cmcl.cs.cmu.edu_53916 5	447.982000	138694.069000	0.086000	0.009000	139142.146000	S	53764	16
planetlab4.wail.wisc.edu_planetlab-1.cmcl.cs.cmu.edu_53920 5	437.703000	138719.087000	0.099000	0.018000	139156.907000	S	53771	16
planetlab4.wail.wisc.edu_planetlab-1.cmcl.cs.cmu.edu_53924 5	437.633000	138740.293000	0.092000	0.011000	139178.029000	S	53775	16
planetlab4.wail.wisc.edu_planetlab-1.cmcl.cs.cmu.edu_53928 5	434.422000	138761.427000	0.114000	0.011000	139195.974000	S	53779	16
planetlab4.wail.wisc.edu_planetlab-1.cmcl.cs.cmu.edu_53936 5	437.671000	138813.920000	0.104000	0.008000	139251.703000	S	53785	16
pl1.rcc.uottawa.ca_planetlab-1.cmcl.cs.cmu.edu_80719 4	414.685000	138846.766000	0.079000	0.007000	139261.537000	S	53788	0
planetlab4.wail.wisc.edu_planetlab-1.cmcl.cs.cmu.edu_53942 5	436.276000	138826.461000	0.078000	0.021000	139262.836000	S	53786	16
planetlab4.wail.wisc.edu_planetlab-1.cmcl.cs.cmu.edu_53944 5	437.105000	138831.284000	0.082000	0.008000	139268.479000	S	53787	16
planetlab4.wail.wisc.edu_planetlab-1.cmcl.cs.cmu.edu_53946 5	435.053000	138850.651000	0.103000	0.011000	139285.818000	S	53791	16
pl1.rcc.uottawa.ca_planetlab-1.cmcl.cs.cmu.edu_80748 4	418.600000	138905.618000	0.079000	0.014000	139324.311000	S	53804	0
planetlab4.wail.wisc.edu_planetlab-1.cmcl.cs.cmu.edu_53954 5	442.404000	138885.235000	0.117000	0.014000	139327.770000	S	53797	16
pl1.rcc.uottawa.ca_planetlab-1.cmcl.cs.cmu.edu_80754 4	419.921000	138923.374000	0.077000	0.008000	139343.380000	S	53812	0
pl1.rcc.uottawa.ca_planetlab-1.cmcl.cs.cmu.edu_80764 4	417.305000	138953.757000	0.283000	0.008000	139371.353000	S	53816	0
roam2.cs.ou.edu_planetlab-1.cmcl.cs.cmu.edu_24870 6	526.272000	138873.177000	0.106000	0.014000	139399.569000	S	53730	48
pl1.rcc.uottawa.ca_planetlab-1.cmcl.cs.cmu.edu_80862 4	3413.715000	136219.529000	0.074000	0.008000	139633.326000	S	53820	0
pl1.rcc.uottawa.ca_planetlab-1.cmcl.cs.cmu.edu_80864 4	3412.438000	136220.720000	0.080000	0.007000	139633.245000	S	53821	0
planetlab4.wail.wisc.edu_planetlab-1.cmcl.cs.cmu.edu_53980 5	3437.291000	136202.236000	0.088000	0.008000	139639.623000	S	53819	16
pl1.rcc.uottawa.ca_planetlab-1.cmcl.cs.cmu.edu_80870 4	414.360000	139230.778000	0.077000	0.009000	139645.224000	S	53822	0
planetlab4.wail.wisc.edu_planetlab-1.cmcl.cs.cmu.edu_53988 5	435.616000	139261.390000	0.086000	0.009000	139697.101000	S	53831	16
pl1.rcc.uottawa.ca_planetlab-1.cmcl.cs.cmu.edu_80893 4	418.138000	139282.333000	0.074000	0.007000	139700.552000	S	53836	0
planetlab4.wail.wisc.edu_planetlab-1.cmcl.cs.cmu.edu_53990 5	435.306000	139279.394000	0.093000	0.010000	139714.803000	S	53835	16
planetlab4.wail.wisc.edu_planetlab-1.cmcl.cs.cmu.edu_53992 5	437.524000	139305.036000	0.092000	0.021000	139742.673000	S	53837	16
planetlab4.wail.wisc.edu_planetlab-1.cmcl.cs.cmu.edu_53994 5	436.896000	139311.213000	0.113000	0.010000	139748.232000	S	53838	16
pl1.rcc.uottawa.ca_planetlab-1.cmcl.cs.cmu.edu_80912 4	415.584000	139351.897000	0.080000	0.006000	139767.567000	S	53844	0
planetlab4.wail.wisc.edu_planetlab-1.cmcl.cs.cmu.edu_53996 5	439.823000	139328.191000	0.087000	0.011000	139768.112000	S	53839	16
planetlab4.wail.wisc.edu_planetlab-1.cmcl.cs.cmu.edu_53998 5	436.110000	139332.175000	0.071000	0.009000	139768.365000	S	53840	16
pl1.rcc.uottawa.ca_planetlab-1.cmcl.cs.cmu.edu_80924 4	416.631000	139374.326000	0.071000	0.008000	139791.036000	S	53848	0
pl1.rcc.uottawa.ca_planetlab-1.cmcl.cs.cmu.edu_80931 4	421.605000	139387.926000	0.072000	0.016000	139809.619000	S	53852	0
pl1.rcc.uottawa.ca_planetlab-1.cmcl.cs.cmu.edu_80935 4	417.983000	139403.068000	0.093000	0.009000	139821.153000	S	53853	0
planetlab4.wail.wisc.edu_planetlab-1.cmcl.cs.cmu.edu_54002 5	439.257000	139387.591000	0.100000	0.010000	139826.958000	S	53851	16
pl1.rcc.uottawa.ca_planetlab-1.cmcl.cs.cmu.edu_80940 4	418.484000	139417.471000	0.100000	0.007000	139836.062000	S	53854	0
planetlab4.wail.wisc.edu_planetlab-1.cmcl.cs.cmu.edu_54008 5	438.978000	139415.086000	0.094000	0.011000	139854.169000	S	53855	16
pl1.rcc.uottawa.ca_planetlab-1.cmcl.cs.cmu.edu_80953 4	432.457000	139444.800000	0.076000	0.008000	139877.341000	S	53860	0
planetlab4.wail.wisc.edu_planetlab-1.cmcl.cs.cmu.edu_54012 5	439.726000	139462.745000	0.085000	0.009000	139902.565000	S	53863	16
pl1.rcc.uottawa.ca_planetlab-1.cmcl.cs.cmu.edu_80968 4	420.452000	139482.275000	0.082000	0.009000	139902.818000	S	53864	0
roam2.cs.ou.edu_planetlab-1.cmcl.cs.cmu.edu_24912 6	519.350000	139548.233000	0.094000	0.011000	140067.688000	S	53801	48
pl1.rcc.uottawa.ca_planetlab-1.cmcl.cs.cmu.edu_81042 4	412.422000	139677.331000	0.083000	0.016000	140089.852000	S	53868	0
pl1.rcc.uottawa.ca_planetlab-1.cmcl.cs.cmu.edu_81048 4	413.899000	139687.891000	0.495000	0.006000	140102.291000	S	53869	0
pl1.rcc.uottawa.ca_planetlab-1.cmcl.cs.cmu.edu_81055 4	413.198000	139703.951000	0.072000	0.008000	140117.229000	S	53870	0
planetlab4.wail.wisc.edu_planetlab-1.cmcl.cs.cmu.edu_54038 5	434.539000	139717.887000	0.094000	0.010000	140152.530000	S	53871	16
pl1.rcc.uottawa.ca_planetlab-1.cmcl.cs.cmu.edu_81071 4	412.101000	139746.547000	0.067000	0.009000	140158.724000	S	53872	0
planetlab4.wail.wisc.edu_planetlab-1.cmcl.cs.cmu.edu_54040 5	434.580000	139748.541000	0.094000	0.007000	140183.222000	S	53873	16
pl1.rcc.uottawa.ca_planetlab-1.cmcl.cs.cmu.edu_81085 4	414.973000	139789.328000	0.070000	0.006000	140204.377000	S	53876	0
pl1.rcc.uottawa.ca_planetlab-1.cmcl.cs.cmu.edu_81091 4	413.885000	139802.764000	0.073000	0.010000	140216.732000	S	53877	0
pl1.rcc.uottawa.ca_planetlab-1.cmcl.cs.cmu.edu_81096 4	417.740000	139806.815000	0.065000	0.007000	140224.627000	S	53880	0
pl1.rcc.uottawa.ca_planetlab-1.cmcl.cs.cmu.edu_81094 4	417.915000	139806.972000	0.107000	0.011000	140225.005000	S	53878	0
pl1.rcc.uottawa.ca_planetlab-1.cmcl.cs.cmu.edu_81105 4	413.001000	139838.200000	0.079000	0.017000	140251.297000	S	53881	0
pl1.rcc.uottawa.ca_planetlab-1.cmcl.cs.cmu.edu_81152 4	413.033000	139965.958000	0.107000	0.011000	140379.109000	S	53882	0
pl1.rcc.uottawa.ca_planetlab-1.cmcl.cs.cmu.edu_81156 4	413.924000	139980.803000	0.081000	0.007000	140394.815000	S	53884	0
pl1.rcc.uottawa.ca_planetlab-1.cmcl.cs.cmu.edu_81171 4	413.379000	140016.605000	0.075000	0.006000	140430.065000	S	53885	0
pl1.rcc.uottawa.ca_planetlab-1.cmcl.cs.cmu.edu_81176 4	416.663000	140045.673000	0.067000	0.008000	140462.411000	S	53886	0
pl1.rcc.uottawa.ca_planetlab-1.cmcl.cs.cmu.edu_81182 4	416.070000	140062.225000	0.076000	0.008000	140478.379000	S	53887	0
planetlab4.wail.wisc.edu_planetlab-1.cmcl.cs.cmu.edu_54062 5	435.043000	140073.863000	0.090000	0.009000	140509.005000	S	53888	16
roam2.cs.ou.edu_planetlab-1.cmcl.cs.cmu.edu_24938 6	517.237000	140046.491000	0.103000	0.017000	140563.848000	S	53823	48
roam2.cs.ou.edu_planetlab-1.cmcl.cs.cmu.edu_24940 6	517.853000	140079.711000	0.100000	0.012000	140597.676000	S	53834	48
planetlab4.wail.wisc.edu_planetlab-1.cmcl.cs.cmu.edu_54086 5	437.607000	140372.614000	0.088000	0.011000	140810.320000	S	53892	16
planetlab4.wail.wisc.edu_planetlab-1.cmcl.cs.cmu.edu_54088 5	435.475000	140390.779000	0.085000	0.008000	140826.347000	S	53893	16
planetlab4.wail.wisc.edu_planetlab-1.cmcl.cs.cmu.edu_54090 5	436.154000	140392.031000	0.078000	0.009000	140828.272000	S	53894	16
planetlab4.wail.wisc.edu_planetlab-1.cmcl.cs.cmu.edu_54092 5	434.737000	140415.030000	0.075000	0.010000	140849.852000	S	53895	16
planetlab4.wail.wisc.edu_planetlab-1.cmcl.cs.cmu.edu_54102 5	435.406000	140520.288000	0.099000	0.008000	140955.801000	S	53899	16
planetlab4.wail.wisc.edu_planetlab-1.cmcl.cs.cmu.edu_54104 5	435.899000	140530.111000	0.078000	0.010000	140966.098000	S	53900	16
roam2.cs.ou.edu_planetlab-1.cmcl.cs.cmu.edu_24962 6	3517.450000	137486.363000	0.121000	0.012000	141003.946000	S	53737	48
planetlab4.wail.wisc.edu_planetlab-1.cmcl.cs.cmu.edu_54106 5	434.598000	140561.251000	0.095000	0.008000	140995.952000	S	53901	16
planetlab4.wail.wisc.edu_planetlab-1.cmcl.cs.cmu.edu_54108 5	434.633000	140571.454000	0.085000	0.018000	141006.190000	S	53902	16
planetlab4.wail.wisc.edu_planetlab-1.cmcl.cs.cmu.edu_54110 5	435.129000	140571.571000	0.085000	0.007000	141006.792000	S	53903	16
planetlab4.wail.wisc.edu_planetlab-1.cmcl.cs.cmu.edu_54112 5	443.353000	140615.039000	0.082000	0.008000	141058.482000	S	53908	16
pl1.rcc.uottawa.ca_planetlab-1.cmcl.cs.cmu.edu_81410 4	416.755000	140655.654000	0.075000	0.009000	141072.493000	S	53910	0
planetlab4.wail.wisc.edu_planetlab-1.cmcl.cs.cmu.edu_54116 5	445.850000	140715.473000	0.081000	0.010000	141161.414000	S	53915	16
planetlab4.wail.wisc.edu_planetlab-1.cmcl.cs.cmu.edu_54118 5	438.733000	140761.900000	0.093000	0.010000	141200.736000	S	53919	16
planetlab4.wail.wisc.edu_planetlab-1.cmcl.cs.cmu.edu_54120 5	439.863000	140828.671000	0.115000	0.098000	141268.747000	S	53924	16
planetlab4.wail.wisc.edu_planetlab-1.cmcl.cs.cmu.edu_54126 5	435.295000	141036.999000	0.079000	0.009000	141472.382000	S	53937	16
roam2.cs.ou.edu_planetlab-1.cmcl.cs.cmu.edu_25032 6	514.524000	141415.671000	0.091000	0.010000	141930.296000	S	53897	48
roam2.cs.ou.edu_planetlab-1.cmcl.cs.cmu.edu_25066 6	1834.328000	140996.367000	0.102000	0.011000	142830.808000	S	53921	48
roam2.cs.ou.edu_planetlab-1.cmcl.cs.cmu.edu_25084 6	1726.261000	141333.300000	0.084000	0.010000	143059.655000	S	53928	48
roam2.cs.ou.edu_planetlab-1.cmcl.cs.cmu.edu_25086 6	1715.258000	141376.490000	0.114000	0.012000	143091.874000	S	53929	48
roam2.cs.ou.edu_planetlab-1.cmcl.cs.cmu.edu_25090 6	1700.272000	141407.888000	0.110000	0.010000	143108.280000	S	53931	48
roam2.cs.ou.edu_planetlab-1.cmcl.cs.cmu.edu_25100 6	1918.138000	141475.033000	0.113000	0.016000	143393.300000	S	53933	48
planetlab4.wail.wisc.edu_planetlab-1.cmcl.cs.cmu.edu_54140 5	433.042000	144188.616000	0.095000	0.011000	144621.764000	S	53946	16
planetlab4.wail.wisc.edu_planetlab-1.cmcl.cs.cmu.edu_54142 5	3433.240000	141202.270000	0.077000	0.010000	144635.597000	S	53935	16
pl1.rcc.uottawa.ca_planetlab-1.cmcl.cs.cmu.edu_81641 4	415.259000	144230.052000	0.108000	0.009000	144645.428000	S	53948	0
roam2.cs.ou.edu_planetlab-1.cmcl.cs.cmu.edu_25106 6	515.171000	144182.553000	0.135000	0.013000	144697.872000	S	53945	48
planetlab4.wail.wisc.edu_planetlab-1.cmcl.cs.cmu.edu_54146 5	436.688000	144289.832000	0.082000	0.009000	144726.611000	S	53955	16
planetlab4.wail.wisc.edu_planetlab-1.cmcl.cs.cmu.edu_54148 5	435.263000	144335.847000	0.086000	0.011000	144771.207000	S	53957	16
planetlab4.wail.wisc.edu_planetlab-1.cmcl.cs.cmu.edu_54150 5	434.126000	144341.850000	0.077000	0.019000	144776.072000	S	53958	16
planetlab4.wail.wisc.edu_planetlab-1.cmcl.cs.cmu.edu_54152 5	434.875000	144386.790000	0.085000	0.013000	144821.763000	S	53959	16
planetlab4.wail.wisc.edu_planetlab-1.cmcl.cs.cmu.edu_54156 5	436.712000	144410.083000	0.082000	0.019000	144846.896000	S	53961	16
planetlab4.wail.wisc.edu_planetlab-1.cmcl.cs.cmu.edu_54158 5	436.035000	144411.007000	0.068000	0.007000	144847.117000	S	53962	16
planetlab4.wail.wisc.edu_planetlab-1.cmcl.cs.cmu.edu_54160 5	439.887000	144407.322000	0.081000	0.013000	144847.303000	S	53963	16
planetlab4.wail.wisc.edu_planetlab-1.cmcl.cs.cmu.edu_54162 5	666.458000	144181.939000	0.078000	0.010000	144848.485000	S	53956	16
planetlab4.wail.wisc.edu_planetlab-1.cmcl.cs.cmu.edu_54164 5	436.698000	144418.052000	0.076000	0.009000	144854.835000	S	53965	16
planetlab4.wail.wisc.edu_planetlab-1.cmcl.cs.cmu.edu_54166 5	439.041000	144423.590000	0.092000	0.008000	144862.731000	S	53964	16
pl1.rcc.uottawa.ca_planetlab-1.cmcl.cs.cmu.edu_81726 4	413.568000	144451.243000	0.078000	0.019000	144864.908000	S	53980	0
planetlab4.wail.wisc.edu_planetlab-1.cmcl.cs.cmu.edu_54168 5	437.607000	144431.993000	0.084000	0.012000	144869.696000	S	53966	16
planetlab4.wail.wisc.edu_planetlab-1.cmcl.cs.cmu.edu_54170 5	444.265000	144428.451000	0.090000	0.013000	144872.819000	S	53967	16
planetlab4.wail.wisc.edu_planetlab-1.cmcl.cs.cmu.edu_54172 5	439.011000	144429.809000	0.311000	0.011000	144869.142000	S	53975	16
planetlab4.wail.wisc.edu_planetlab-1.cmcl.cs.cmu.edu_54174 5	436.169000	144449.908000	0.090000	0.008000	144886.175000	S	53979	16
planetlab4.wail.wisc.edu_planetlab-1.cmcl.cs.cmu.edu_54176 5	434.563000	144453.904000	0.099000	0.011000	144888.577000	S	53981	16
planetlab4.wail.wisc.edu_planetlab-1.cmcl.cs.cmu.edu_54178 5	433.155000	144456.311000	0.077000	0.010000	144889.553000	S	53982	16
pl1.rcc.uottawa.ca_planetlab-1.cmcl.cs.cmu.edu_81739 4	414.126000	144482.920000	0.088000	0.008000	144897.142000	S	53987	0
planetlab4.wail.wisc.edu_planetlab-1.cmcl.cs.cmu.edu_54180 5	437.010000	144472.110000	0.120000	0.011000	144909.251000	S	53983	16
planetlab4.wail.wisc.edu_planetlab-1.cmcl.cs.cmu.edu_54182 5	434.728000	144474.603000	0.085000	0.013000	144909.429000	S	53985	16
pl1.rcc.uottawa.ca_planetlab-1.cmcl.cs.cmu.edu_81755 4	415.658000	144515.063000	0.085000	0.005000	144930.811000	S	53996	0
planetlab4.wail.wisc.edu_planetlab-1.cmcl.cs.cmu.edu_54184 5	433.562000	144512.141000	0.276000	0.016000	144945.995000	S	53991	16
planetlab4.wail.wisc.edu_planetlab-1.cmcl.cs.cmu.edu_54186 5	432.890000	144515.905000	0.095000	0.009000	144948.899000	S	53995	16
planetlab4.wail.wisc.edu_planetlab-1.cmcl.cs.cmu.edu_54188 5	435.150000	144520.092000	0.084000	0.010000	144955.336000	S	53997	16
planetlab4.wail.wisc.edu_planetlab-1.cmcl.cs.cmu.edu_54190 5	440.942000	144529.222000	0.141000	0.009000	144970.314000	S	53998	16
planetlab4.wail.wisc.edu_planetlab-1.cmcl.cs.cmu.edu_54192 5	435.958000	144558.205000	0.114000	0.010000	144994.287000	S	53999	16
pl1.rcc.uottawa.ca_planetlab-1.cmcl.cs.cmu.edu_81784 4	416.720000	144587.046000	0.111000	0.007000	145003.884000	S	54004	0
planetlab4.wail.wisc.edu_planetlab-1.cmcl.cs.cmu.edu_54194 5	433.201000	144575.649000	0.118000	0.012000	145008.980000	S	54000	16
planetlab4.wail.wisc.edu_planetlab-1.cmcl.cs.cmu.edu_54196 5	434.410000	144580.511000	0.081000	0.017000	145015.019000	S	54001	16
planetlab4.wail.wisc.edu_planetlab-1.cmcl.cs.cmu.edu_54198 5	432.141000	144588.969000	0.070000	0.010000	145021.190000	S	54003	16
planetlab4.wail.wisc.edu_planetlab-1.cmcl.cs.cmu.edu_54200 5	433.114000	144596.416000	0.252000	0.011000	145029.793000	S	54005	16
planetlab4.wail.wisc.edu_planetlab-1.cmcl.cs.cmu.edu_54204 5	3432.499000	141679.355000	0.084000	0.010000	145111.948000	S	53969	16
roam2.cs.ou.edu_planetlab-1.cmcl.cs.cmu.edu_25130 6	518.209000	144645.063000	0.103000	0.019000	145163.394000	S	53993	48
roam2.cs.ou.edu_planetlab-1.cmcl.cs.cmu.edu_25134 6	3513.459000	141919.560000	0.096000	0.015000	145433.130000	S	53973	48
planetlab4.rutgers.edu_planetlab-1.cmcl.cs.cmu.edu_22256 3	484.415000	224504.769000	0.069000	0.008000	224989.261000	S	53392	1024
planetlab4.rutgers.edu_planetlab-1.cmcl.cs.cmu.edu_22260 3	484.686000	224532.978000	0.055000	0.007000	225017.726000	S	53394	1024
planetlab4.rutgers.edu_planetlab-1.cmcl.cs.cmu.edu_22277 3	484.609000	224761.986000	0.060000	0.007000	225246.662000	S	53395	1024
planetlab4.rutgers.edu_planetlab-1.cmcl.cs.cmu.edu_22295 3	486.943000	225172.892000	0.079000	0.008000	225659.922000	S	53398	1024
planetlab4.rutgers.edu_planetlab-1.cmcl.cs.cmu.edu_22322 3	485.492000	225717.871000	0.078000	0.006000	226203.447000	S	53402	1024
planetlab4.rutgers.edu_planetlab-1.cmcl.cs.cmu.edu_22346 3	586.534000	225939.645000	0.081000	0.008000	226526.268000	S	53415	1024
planetlab4.rutgers.edu_planetlab-1.cmcl.cs.cmu.edu_22354 3	512.077000	226075.815000	0.076000	0.018000	226587.986000	S	53426	1024
planetlab4.rutgers.edu_planetlab-1.cmcl.cs.cmu.edu_22359 3	486.398000	226313.267000	0.078000	0.006000	226799.749000	S	53443	1024
planetlab4.rutgers.edu_planetlab-1.cmcl.cs.cmu.edu_22361 3	486.513000	226344.043000	0.079000	0.006000	226830.641000	S	53446	1024
planetlab4.rutgers.edu_planetlab-1.cmcl.cs.cmu.edu_22363 3	512.382000	226345.154000	0.065000	0.009000	226857.610000	S	53440	1024
planetlab4.rutgers.edu_planetlab-1.cmcl.cs.cmu.edu_22365 3	512.192000	226373.123000	0.070000	0.008000	226885.393000	S	53442	1024
planetlab4.rutgers.edu_planetlab-1.cmcl.cs.cmu.edu_22367 3	511.158000	226394.118000	0.060000	0.008000	226905.344000	S	53450	1024
planetlab4.rutgers.edu_planetlab-1.cmcl.cs.cmu.edu_22369 3	484.784000	226428.074000	0.060000	0.007000	226912.925000	S	53456	1024
planetlab4.rutgers.edu_planetlab-1.cmcl.cs.cmu.edu_22371 3	485.006000	226447.994000	0.060000	0.006000	226933.066000	S	53457	1024
planetlab4.rutgers.edu_planetlab-1.cmcl.cs.cmu.edu_22373 3	487.402000	226454.882000	0.058000	0.006000	226942.348000	S	53458	1024
planetlab4.rutgers.edu_planetlab-1.cmcl.cs.cmu.edu_22375 3	485.198000	226476.412000	0.063000	0.006000	226961.679000	S	53459	1024
planetlab4.rutgers.edu_planetlab-1.cmcl.cs.cmu.edu_22377 3	486.363000	226503.630000	0.085000	0.009000	226990.087000	S	53463	1024
planetlab4.rutgers.edu_planetlab-1.cmcl.cs.cmu.edu_22379 3	509.236000	226483.839000	0.061000	0.007000	226993.143000	S	53460	1024
planetlab4.rutgers.edu_planetlab-1.cmcl.cs.cmu.edu_22381 3	513.525000	226511.240000	0.070000	0.007000	227024.842000	S	53462	1024
planetlab4.rutgers.edu_planetlab-1.cmcl.cs.cmu.edu_22383 3	487.623000	226561.979000	0.077000	0.006000	227049.685000	S	53467	1024
planetlab4.rutgers.edu_planetlab-1.cmcl.cs.cmu.edu_22385 3	511.399000	226586.333000	0.091000	0.006000	227097.829000	S	53464	1024
planetlab4.rutgers.edu_planetlab-1.cmcl.cs.cmu.edu_22387 3	509.078000	226616.087000	0.077000	0.008000	227125.250000	S	53466	1024
planetlab4.rutgers.edu_planetlab-1.cmcl.cs.cmu.edu_22389 3	487.072000	226645.364000	0.072000	0.009000	227132.517000	S	53470	1024
planetlab4.rutgers.edu_planetlab-1.cmcl.cs.cmu.edu_22391 3	485.782000	226687.210000	0.075000	0.016000	227173.083000	S	53474	1024
planetlab4.rutgers.edu_planetlab-1.cmcl.cs.cmu.edu_22393 3	484.989000	226714.347000	0.074000	0.006000	227199.416000	S	53488	1024
planetlab4.rutgers.edu_planetlab-1.cmcl.cs.cmu.edu_22397 3	486.012000	226820.544000	0.067000	0.006000	227306.629000	S	53491	1024
planetlab4.rutgers.edu_planetlab-1.cmcl.cs.cmu.edu_22401 3	487.872000	226848.769000	0.064000	0.006000	227336.711000	S	53494	1024
planetlab4.rutgers.edu_planetlab-1.cmcl.cs.cmu.edu_22403 3	670.787000	226876.293000	0.061000	0.009000	227547.150000	S	53490	1024
planetlab1.mnlab.cti.depaul.edu_planetlab-1.cmcl.cs.cmu.edu_6872 2	456.765000	227198.910000	0.064000	0.006000	227655.745000	S	53501	1088
planetlab4.rutgers.edu_planetlab-1.cmcl.cs.cmu.edu_22415 3	509.949000	227230.988000	0.092000	0.009000	227741.038000	S	53498	1024
planetlab4.rutgers.edu_planetlab-1.cmcl.cs.cmu.edu_22417 3	486.786000	227279.897000	0.080000	0.008000	227766.771000	S	53510	1024
planetlab4.rutgers.edu_planetlab-1.cmcl.cs.cmu.edu_22433 3	486.796000	227467.348000	0.080000	0.008000	227954.232000	S	53537	1024
planetlab4.rutgers.edu_planetlab-1.cmcl.cs.cmu.edu_22449 3	488.540000	227623.418000	0.072000	0.009000	228112.039000	S	53569	1024
planetlab4.rutgers.edu_planetlab-1.cmcl.cs.cmu.edu_22455 3	511.718000	227623.702000	0.302000	0.006000	228135.728000	S	53586	1024
planetlab4.rutgers.edu_planetlab-1.cmcl.cs.cmu.edu_22461 3	491.236000	227753.504000	0.080000	0.006000	228244.826000	S	53600	1024
planetlab4.rutgers.edu_planetlab-1.cmcl.cs.cmu.edu_22465 3	488.414000	227784.601000	0.075000	0.008000	228273.098000	S	53601	1024
planetlab4.rutgers.edu_planetlab-1.cmcl.cs.cmu.edu_22467 3	488.776000	227856.931000	0.065000	0.008000	228345.780000	S	53603	1024
planetlab4.rutgers.edu_planetlab-1.cmcl.cs.cmu.edu_22473 3	623.669000	227889.941000	0.059000	0.007000	228513.676000	S	53605	1024
planetlab4.rutgers.edu_planetlab-1.cmcl.cs.cmu.edu_22475 3	591.159000	227949.445000	0.078000	0.008000	228540.690000	S	53609	1024
planetlab4.rutgers.edu_planetlab-1.cmcl.cs.cmu.edu_22478 3	514.682000	228053.989000	0.069000	0.008000	228568.748000	S	53617	1024
planetlab4.rutgers.edu_planetlab-1.cmcl.cs.cmu.edu_22482 3	509.367000	228159.682000	0.213000	0.007000	228669.269000	S	53650	1024
planetlab4.rutgers.edu_planetlab-1.cmcl.cs.cmu.edu_22484 3	486.450000	228184.884000	0.066000	0.010000	228671.410000	S	53657	1024
planetlab4.rutgers.edu_planetlab-1.cmcl.cs.cmu.edu_22487 3	486.536000	228208.863000	0.087000	0.007000	228695.493000	S	53698	1024
planetlab2.acis.ufl.edu_planetlab-1.cmcl.cs.cmu.edu_16088 4	630.969000	228185.360000	0.099000	0.010000	228816.438000	S	53684	1056
planetlab4.rutgers.edu_planetlab-1.cmcl.cs.cmu.edu_22497 3	485.442000	228439.952000	0.079000	0.008000	228925.481000	S	53714	1024
planetlab4.rutgers.edu_planetlab-1.cmcl.cs.cmu.edu_22503 3	484.352000	228489.065000	0.067000	0.008000	228973.492000	S	53715	1024
planetlab4.rutgers.edu_planetlab-1.cmcl.cs.cmu.edu_22505 3	510.525000	228483.227000	0.056000	0.007000	228993.815000	S	53712	1024
planetlab4.rutgers.edu_planetlab-1.cmcl.cs.cmu.edu_22507 3	485.683000	228576.057000	0.071000	0.009000	229061.820000	S	53718	1024
planetlab4.rutgers.edu_planetlab-1.cmcl.cs.cmu.edu_22509 3	484.704000	228605.200000	0.062000	0.009000	229089.975000	S	53722	1024
planetlab4.rutgers.edu_planetlab-1.cmcl.cs.cmu.edu_22515 3	510.233000	228717.329000	0.082000	0.008000	229227.652000	S	53729	1024
planetlab4.rutgers.edu_planetlab-1.cmcl.cs.cmu.edu_22523 3	486.626000	228826.145000	0.068000	0.009000	229312.848000	S	53740	1024
planetlab4.rutgers.edu_planetlab-1.cmcl.cs.cmu.edu_22533 3	485.781000	229424.443000	0.068000	0.007000	229910.299000	S	53746	1024
planetlab2.acis.ufl.edu_planetlab-1.cmcl.cs.cmu.edu_16090 4	608.668000	229542.857000	0.118000	0.010000	230151.653000	S	53767	1056
planetlab1.mnlab.cti.depaul.edu_planetlab-1.cmcl.cs.cmu.edu_7028 2	482.837000	229731.764000	0.055000	0.007000	230214.663000	S	53790	1088
planetlab4.rutgers.edu_planetlab-1.cmcl.cs.cmu.edu_22566 3	486.389000	229834.753000	0.089000	0.015000	230321.246000	S	53809	1024
planetlab4.rutgers.edu_planetlab-1.cmcl.cs.cmu.edu_22586 3	485.026000	230178.446000	0.079000	0.007000	230663.558000	S	53828	1024
planetlab4.rutgers.edu_planetlab-1.cmcl.cs.cmu.edu_22593 3	513.791000	230232.821000	0.082000	0.008000	230746.702000	S	53842	1024
planetlab1.mnlab.cti.depaul.edu_planetlab-1.cmcl.cs.cmu.edu_7065 2	457.047000	230378.319000	0.071000	0.006000	230835.443000	S	53867	1088
planetlab1.mnlab.cti.depaul.edu_planetlab-1.cmcl.cs.cmu.edu_7067 2	454.606000	230399.384000	0.054000	0.006000	230854.050000	S	53889	1088
planetlab4.rutgers.edu_planetlab-1.cmcl.cs.cmu.edu_22603 3	485.720000	230504.454000	0.082000	0.010000	230990.266000	S	53906	1024
planetlab4.rutgers.edu_planetlab-1.cmcl.cs.cmu.edu_22636 3	615.324000	233674.570000	0.093000	0.007000	234289.994000	S	53934	1024
planetlab4.rutgers.edu_planetlab-1.cmcl.cs.cmu.edu_22653 3	509.949000	233848.405000	0.077000	0.006000	234358.437000	S	53954	1024
planetlab2.acis.ufl.edu_planetlab-1.cmcl.cs.cmu.edu_16132 4	668.112000	233756.479000	0.083000	0.010000	234424.684000	S	53940	1056
planetlab4.rutgers.edu_planetlab-1.cmcl.cs.cmu.edu_22660 3	601.467000	233931.574000	0.090000	0.008000	234533.139000	S	53968	1024
planetlab4.rutgers.edu_planetlab-1.cmcl.cs.cmu.edu_22667 3	554.608000	233992.807000	0.085000	0.010000	234547.510000	S	53970	1024
planetlab4.rutgers.edu_planetlab-1.cmcl.cs.cmu.edu_22673 3	488.378000	234073.739000	0.079000	0.009000	234562.205000	S	53974	1024
