planetlab1.eecs.umich.edu_plab4.eece.ksu.edu_5285 2	139.202000	39186.449000	0.110000	0.005000	39325.766000	S	60294	2304
planetlab1.eecs.umich.edu_plab4.eece.ksu.edu_5316 2	134.566000	42187.697000	0.099000	0.005000	42322.367000	S	60298	2304
planetlab1.eecs.umich.edu_plab4.eece.ksu.edu_5318 2	134.826000	42204.554000	0.084000	0.004000	42339.468000	S	60300	2304
planetlab1.eecs.umich.edu_plab4.eece.ksu.edu_5320 2	134.637000	42208.765000	0.080000	0.004000	42343.486000	S	60302	2304
planetlab1.eecs.umich.edu_plab4.eece.ksu.edu_5322 2	136.443000	42222.389000	0.081000	0.004000	42358.917000	S	60303	2304
plab4.eece.ksu.edu_plab4.eece.ksu.edu_9296 0	0.267000	42388.219000	0.015000	0.000000	42388.501000	S	60338	2080
planetlab1.eecs.umich.edu_plab4.eece.ksu.edu_5324 2	134.948000	42301.171000	0.085000	0.006000	42436.210000	S	60318	2304
planetlab1.eecs.umich.edu_plab4.eece.ksu.edu_5326 2	134.591000	42379.422000	0.083000	0.010000	42514.106000	S	60334	2304
planetlab1.williams.edu_plab4.eece.ksu.edu_6473 2	178.811000	42421.160000	0.048000	0.004000	42600.023000	S	60345	2176
planetlab2.dtc.umn.edu_plab4.eece.ksu.edu_3735 2	163.769000	42492.555000	0.078000	0.010000	42656.412000	S	60361	3072
planetlab1.eecs.umich.edu_plab4.eece.ksu.edu_5329 2	135.054000	42524.503000	0.084000	0.012000	42659.653000	S	60366	2304
planetlab7.flux.utah.edu_plab4.eece.ksu.edu_4916 4	283.245000	42491.023000	0.123000	0.014000	42774.405000	S	60359	1536
planetlab2.eecs.umich.edu_plab4.eece.ksu.edu_19039 1	183.459000	42635.874000	0.066000	0.002000	42819.401000	S	60391	2048
planetlab-1.cse.ohio-state.edu_plab4.eece.ksu.edu_4656 2	632.693000	42244.461000	0.112000	0.012000	42877.278000	S	60309	2560
planetlab2.eecs.umich.edu_plab4.eece.ksu.edu_19041 1	183.518000	42742.951000	0.074000	0.002000	42926.545000	S	60412	2048
planetlab2.eecs.umich.edu_plab4.eece.ksu.edu_19043 1	183.318000	42765.988000	0.075000	0.002000	42949.383000	S	60417	2048
planetlab-2.usask.ca_plab4.eece.ksu.edu_2938 3	216.712000	42820.061000	0.108000	0.007000	43036.888000	S	60427	1600
planetlab2.eecs.umich.edu_plab4.eece.ksu.edu_19045 1	184.791000	42861.339000	0.073000	0.002000	43046.205000	S	60436	2048
planetlab2.eecs.umich.edu_plab4.eece.ksu.edu_19047 1	183.772000	42907.547000	0.159000	0.003000	43091.481000	S	60447	2048
planetlab2.eecs.umich.edu_plab4.eece.ksu.edu_19049 1	184.222000	42913.411000	0.068000	0.002000	43097.703000	S	60448	2048
planetlab2.eecs.umich.edu_plab4.eece.ksu.edu_19051 1	183.350000	42922.538000	0.079000	0.002000	43105.969000	S	60449	2048
planetlab2.eecs.umich.edu_plab4.eece.ksu.edu_19053 1	183.243000	42925.977000	0.151000	0.002000	43109.373000	S	60451	2048
planetlab2.eecs.umich.edu_plab4.eece.ksu.edu_19055 1	183.326000	42936.354000	0.063000	0.003000	43119.746000	S	60453	2048
planetlab2.eecs.umich.edu_plab4.eece.ksu.edu_19057 1	184.349000	42972.865000	0.066000	0.003000	43157.283000	S	60457	2048
planetlab1.cs.cornell.edu_plab4.eece.ksu.edu_5415 4	572.111000	42608.667000	0.098000	0.009000	43180.885000	S	60386	1280
planetlab2.eecs.umich.edu_plab4.eece.ksu.edu_19059 1	186.166000	43008.963000	0.063000	0.003000	43195.195000	S	60465	2048
planetlab7.flux.utah.edu_plab4.eece.ksu.edu_4920 4	278.889000	42933.180000	0.135000	0.014000	43212.218000	S	60452	1536
planetlab-1.cse.ohio-state.edu_plab4.eece.ksu.edu_4658 2	626.836000	42603.799000	0.081000	0.004000	43230.720000	S	60384	2560
planetlab2.eecs.umich.edu_plab4.eece.ksu.edu_19062 1	183.041000	43099.029000	0.066000	0.002000	43282.138000	S	60484	2048
planetlab2.eecs.umich.edu_plab4.eece.ksu.edu_19064 1	183.838000	43139.171000	0.064000	0.003000	43323.076000	S	60491	2048
planetlab2.eecs.umich.edu_plab4.eece.ksu.edu_19066 1	184.583000	43165.688000	0.107000	0.003000	43350.381000	S	60496	2048
planetlab2.eecs.umich.edu_plab4.eece.ksu.edu_19068 1	184.479000	43194.178000	0.078000	0.009000	43378.744000	S	60500	2048
planetlab2.eecs.umich.edu_plab4.eece.ksu.edu_19070 1	188.622000	43197.540000	0.063000	0.003000	43386.228000	S	60501	2048
planetlab2.eecs.umich.edu_plab4.eece.ksu.edu_19072 1	186.127000	43200.135000	0.062000	0.002000	43386.326000	S	60502	2048
planetlab2.eecs.umich.edu_plab4.eece.ksu.edu_19074 1	183.533000	43235.454000	0.066000	0.002000	43419.055000	S	60508	2048
planetlab2.eecs.umich.edu_plab4.eece.ksu.edu_19076 1	183.382000	43260.347000	0.066000	0.001000	43443.796000	S	60513	2048
planetlab2.eecs.umich.edu_plab4.eece.ksu.edu_19078 1	183.130000	43355.523000	0.065000	0.002000	43538.720000	S	60532	2048
planetlab2.eecs.umich.edu_plab4.eece.ksu.edu_19083 1	183.556000	43465.284000	0.079000	0.003000	43648.922000	S	60555	2048
planetlab2.mnlab.cti.depaul.edu_plab4.eece.ksu.edu_6471 4	770.764000	42903.786000	0.082000	0.008000	43674.640000	S	60446	1152
planetlab2.eecs.umich.edu_plab4.eece.ksu.edu_19085 1	183.476000	43587.694000	0.070000	0.003000	43771.243000	S	60577	2048
planetlab2.eecs.umich.edu_plab4.eece.ksu.edu_19088 1	186.464000	43638.439000	0.065000	0.002000	43824.970000	S	60588	2048
planetlab2.eecs.umich.edu_plab4.eece.ksu.edu_19092 1	184.304000	43687.920000	0.064000	0.002000	43872.290000	S	60599	2048
planetlab2.eecs.umich.edu_plab4.eece.ksu.edu_19099 1	183.558000	43750.453000	0.067000	0.002000	43934.080000	S	60611	2048
planetlabpc2.upf.edu_plab4.eece.ksu.edu_4138 1	505.520000	43449.528000	0.073000	0.002000	43955.123000	S	60550	2592
planetlab2.eecs.umich.edu_plab4.eece.ksu.edu_19105 1	184.511000	43792.855000	0.066000	0.003000	43977.435000	S	60617	2048
planetlab2.eecs.umich.edu_plab4.eece.ksu.edu_19107 1	189.169000	43792.876000	0.081000	0.002000	43982.128000	S	60618	2048
planetlab2.eecs.umich.edu_plab4.eece.ksu.edu_19109 1	189.043000	43793.436000	0.063000	0.002000	43982.544000	S	60619	2048
planetlab1.cs.cornell.edu_plab4.eece.ksu.edu_5419 4	358.475000	43628.928000	0.097000	0.010000	43987.510000	S	60585	1280
planetlab2.eecs.umich.edu_plab4.eece.ksu.edu_19113 1	186.655000	43811.337000	0.067000	0.003000	43998.062000	S	60623	2048
planetlab2.eecs.umich.edu_plab4.eece.ksu.edu_19121 1	185.131000	43853.729000	0.067000	0.002000	44038.929000	S	60628	2048
planetlab2.eecs.umich.edu_plab4.eece.ksu.edu_19125 1	187.261000	43878.515000	0.075000	0.001000	44065.852000	S	60635	2048
planetlab2.mnlab.cti.depaul.edu_plab4.eece.ksu.edu_6475 4	625.431000	43474.270000	0.085000	0.009000	44099.795000	S	60558	1152
planetlab2.eecs.umich.edu_plab4.eece.ksu.edu_19129 1	183.196000	43959.089000	0.063000	0.002000	44142.350000	S	60651	2048
planetlab2.mnlab.cti.depaul.edu_plab4.eece.ksu.edu_6477 4	623.789000	43520.013000	0.079000	0.008000	44143.889000	S	60566	1152
planetlab2.mnlab.cti.depaul.edu_plab4.eece.ksu.edu_6479 4	623.969000	43538.193000	0.070000	0.010000	44162.242000	S	60570	1152
planetlab1.williams.edu_plab4.eece.ksu.edu_6483 2	178.804000	43986.180000	0.051000	0.004000	44165.039000	S	60658	2176
planetlab2.mnlab.cti.depaul.edu_plab4.eece.ksu.edu_6481 4	628.734000	43553.389000	0.073000	0.015000	44182.211000	S	60572	1152
planetlab2.mnlab.cti.depaul.edu_plab4.eece.ksu.edu_6483 4	623.998000	43562.018000	0.058000	0.009000	44186.083000	S	60574	1152
planetlab2.mnlab.cti.depaul.edu_plab4.eece.ksu.edu_6485 4	626.238000	43569.838000	0.071000	0.008000	44196.155000	S	60575	1152
planetlab2.eecs.umich.edu_plab4.eece.ksu.edu_19150 1	185.464000	44119.073000	0.078000	0.002000	44304.617000	S	60687	2048
planetlab2.eecs.umich.edu_plab4.eece.ksu.edu_19155 1	184.954000	44156.261000	0.069000	0.001000	44341.285000	S	60695	2048
planetlab2.mnlab.cti.depaul.edu_plab4.eece.ksu.edu_6487 4	624.995000	43719.987000	0.084000	0.009000	44345.075000	S	60606	1152
planetlab2.eecs.umich.edu_plab4.eece.ksu.edu_19158 1	184.891000	44180.290000	0.178000	0.003000	44365.362000	S	60699	2048
planetlab2.eecs.umich.edu_plab4.eece.ksu.edu_19160 1	185.650000	44184.254000	0.068000	0.002000	44369.974000	S	60701	2048
planetlab2.eecs.umich.edu_plab4.eece.ksu.edu_19162 1	189.719000	44191.461000	0.075000	0.001000	44381.256000	S	60702	2048
planetlab1.williams.edu_plab4.eece.ksu.edu_6487 2	181.843000	44245.394000	0.079000	0.004000	44427.320000	S	60710	2176
planetlab2.eecs.umich.edu_plab4.eece.ksu.edu_19168 1	236.414000	44202.397000	0.073000	0.003000	44438.887000	S	60703	2048
planetlab2.eecs.umich.edu_plab4.eece.ksu.edu_19172 1	242.044000	44216.311000	0.072000	0.002000	44458.429000	S	60705	2048
planetlab2.mnlab.cti.depaul.edu_plab4.eece.ksu.edu_6489 4	626.519000	43897.075000	0.071000	0.009000	44523.674000	S	60638	1152
planetlab2.eecs.umich.edu_plab4.eece.ksu.edu_19189 1	192.344000	44359.699000	0.088000	0.002000	44552.133000	S	60735	2048
nodeb.howard.edu_plab4.eece.ksu.edu_3190 3	181.793000	44371.695000	0.085000	0.014000	44553.587000	S	60738	2368
planetlab2.eecs.umich.edu_plab4.eece.ksu.edu_19209 1	209.999000	44458.106000	0.070000	0.002000	44668.177000	S	60756	2048
planetlab1.eecs.umich.edu_plab4.eece.ksu.edu_5361 2	134.725000	44578.758000	0.096000	0.010000	44713.589000	S	60781	2304
planetlab2.eecs.umich.edu_plab4.eece.ksu.edu_19220 1	210.637000	44519.858000	0.066000	0.002000	44730.563000	S	60767	2048
planetlab2.eecs.umich.edu_plab4.eece.ksu.edu_19240 1	185.087000	44650.966000	0.075000	0.002000	44836.130000	S	60792	2048
planetlab2.eecs.umich.edu_plab4.eece.ksu.edu_19261 1	186.756000	44766.497000	0.168000	0.002000	44953.423000	S	60818	2048
planetlab2.mnlab.cti.depaul.edu_plab4.eece.ksu.edu_6494 4	702.199000	44275.871000	0.089000	0.010000	44978.169000	S	60717	1152
planetlab2.eecs.umich.edu_plab4.eece.ksu.edu_19273 1	186.615000	44824.140000	4.151000	0.001000	45014.907000	S	60831	2048
planetlab2.dtc.umn.edu_plab4.eece.ksu.edu_3799 2	162.923000	44871.699000	0.057000	0.002000	45034.681000	S	60842	3072
plab4.eece.ksu.edu_plab4.eece.ksu.edu_9841 0	0.153000	45053.389000	0.012000	0.000000	45053.554000	S	60881	2080
planetlab1.williams.edu_plab4.eece.ksu.edu_6492 2	177.969000	44941.344000	0.051000	0.004000	45119.368000	S	60857	2176
planetlab1.williams.edu_plab4.eece.ksu.edu_6495 2	178.739000	45026.299000	0.051000	0.004000	45205.093000	S	60876	2176
planetlab2.eecs.umich.edu_plab4.eece.ksu.edu_19307 1	187.014000	45023.994000	0.323000	0.002000	45211.333000	S	60875	2048
planetlab2.eecs.umich.edu_plab4.eece.ksu.edu_19335 1	208.034000	45152.760000	0.127000	0.002000	45360.923000	S	60903	2048
planetlab2.williams.edu_plab4.eece.ksu.edu_4465 5	525.689000	45183.117000	0.108000	0.008000	45708.922000	S	60879	1312
planetlab-1.cse.ohio-state.edu_plab4.eece.ksu.edu_4690 2	663.694000	45120.386000	0.083000	0.012000	45784.175000	S	60896	2560
planetlab2.mnlab.cti.depaul.edu_plab4.eece.ksu.edu_6504 4	762.971000	45088.415000	0.086000	0.009000	45851.481000	S	60830	1152
planetlab-6.ece.iastate.edu_plab4.eece.ksu.edu_2036 3	1216.456000	44700.124000	0.110000	0.013000	45916.703000	S	60805	3136
planetlab2.cs.columbia.edu_plab4.eece.ksu.edu_8560 3	3133.514000	49919.722000	0.109000	0.007000	53053.352000	S	60292	112
planetlab2.cs.pitt.edu_plab4.eece.ksu.edu_6038 3	154.012000	53092.842000	0.067000	0.006000	53246.927000	S	60313	304
planetlab1.cs.unc.edu_plab4.eece.ksu.edu_12294 4	242.202000	53102.645000	0.099000	0.009000	53344.955000	S	60314	528
planetlab1.cs.unc.edu_plab4.eece.ksu.edu_12296 4	242.683000	53203.773000	0.106000	0.013000	53446.575000	S	60326	528
planetlab2.cs.columbia.edu_plab4.eece.ksu.edu_8576 3	133.475000	53443.215000	0.112000	0.006000	53576.808000	S	60352	112
planetlab-2.cmcl.cs.cmu.edu_plab4.eece.ksu.edu_5570 3	209.637000	53372.116000	0.090000	0.005000	53581.848000	S	60348	560
pluto.cs.brown.edu_plab4.eece.ksu.edu_7268 4	298.295000	53295.836000	0.106000	0.010000	53594.247000	S	60339	768
planetlab2.cs.columbia.edu_plab4.eece.ksu.edu_8578 3	134.236000	53496.771000	0.118000	0.006000	53631.131000	S	60356	112
planetlab2.cs.columbia.edu_plab4.eece.ksu.edu_8580 3	132.900000	53499.214000	0.074000	0.007000	53632.195000	S	60357	112
planetlab2.cs.columbia.edu_plab4.eece.ksu.edu_8582 3	136.444000	53546.049000	0.116000	0.007000	53682.616000	S	60358	112
planetlab2.cs.columbia.edu_plab4.eece.ksu.edu_8584 3	133.911000	53580.660000	0.119000	0.005000	53714.695000	S	60364	112
planetlab1.cs.unc.edu_plab4.eece.ksu.edu_12303 4	242.588000	53548.484000	0.104000	0.009000	53791.185000	S	60362	528
planetlab2.cs.columbia.edu_plab4.eece.ksu.edu_8586 3	133.901000	53690.525000	0.125000	0.004000	53824.555000	S	60372	112
planetlab1.cs.unc.edu_plab4.eece.ksu.edu_12311 4	242.922000	53674.456000	0.113000	0.011000	53917.502000	S	60370	528
planetlab1.cs.unc.edu_plab4.eece.ksu.edu_12314 4	242.577000	53731.501000	0.111000	0.010000	53974.199000	S	60376	528
planetlab1.cs.unc.edu_plab4.eece.ksu.edu_12319 4	242.321000	53747.063000	0.089000	0.011000	53989.484000	S	60378	528
planetlab2.cs.columbia.edu_plab4.eece.ksu.edu_8589 3	135.616000	53855.100000	0.109000	0.007000	53990.832000	S	60388	112
planetlab1.cs.unc.edu_plab4.eece.ksu.edu_12323 4	242.657000	53781.544000	0.104000	0.011000	54024.316000	S	60379	528
planetlab1.cs.unc.edu_plab4.eece.ksu.edu_12329 4	402.199000	53816.306000	0.110000	0.010000	54218.625000	S	60382	528
roam2.cs.ou.edu_plab4.eece.ksu.edu_21411 2	126.279000	54166.302000	0.032000	0.004000	54292.617000	S	60311	48
roam2.cs.ou.edu_plab4.eece.ksu.edu_21419 2	126.578000	54176.410000	0.039000	0.004000	54303.031000	S	60331	48
planetlab3.eecs.northwestern.edu_plab4.eece.ksu.edu_2317 6	333.734000	53976.671000	0.193000	0.017000	54310.615000	S	60397	912
roam2.cs.ou.edu_plab4.eece.ksu.edu_21440 2	126.858000	54224.365000	0.030000	0.004000	54351.257000	S	60363	48
planetlab1.cs.unc.edu_plab4.eece.ksu.edu_12333 4	265.865000	54093.225000	0.090000	0.007000	54359.187000	S	60410	528
roam2.cs.ou.edu_plab4.eece.ksu.edu_21457 2	126.256000	54269.995000	0.041000	0.003000	54396.295000	S	60387	48
roam2.cs.ou.edu_plab4.eece.ksu.edu_21467 2	126.146000	54280.760000	0.035000	0.005000	54406.946000	S	60393	48
roam2.cs.ou.edu_plab4.eece.ksu.edu_21469 2	128.589000	54289.035000	0.029000	0.003000	54417.656000	S	60394	48
roam2.cs.ou.edu_plab4.eece.ksu.edu_21473 2	126.018000	54302.299000	0.032000	0.003000	54428.352000	S	60395	48
roam2.cs.ou.edu_plab4.eece.ksu.edu_21483 2	126.606000	54311.695000	0.033000	0.004000	54438.338000	S	60399	48
roam2.cs.ou.edu_plab4.eece.ksu.edu_21492 2	132.370000	54316.417000	0.053000	0.004000	54448.844000	S	60411	48
roam2.cs.ou.edu_plab4.eece.ksu.edu_21498 2	126.309000	54348.961000	0.039000	0.004000	54475.313000	S	60416	48
roam2.cs.ou.edu_plab4.eece.ksu.edu_21510 2	126.106000	54368.078000	0.034000	0.004000	54494.222000	S	60424	48
planetlab4.williams.edu_plab4.eece.ksu.edu_4721 5	421.230000	54074.173000	0.110000	0.010000	54495.523000	S	60408	336
roam2.cs.ou.edu_plab4.eece.ksu.edu_21512 2	128.029000	54370.895000	0.031000	0.002000	54498.957000	S	60425	48
roam2.cs.ou.edu_plab4.eece.ksu.edu_21516 2	126.663000	54381.604000	0.038000	0.003000	54508.308000	S	60426	48
roam2.cs.ou.edu_plab4.eece.ksu.edu_21518 2	125.794000	54383.833000	0.038000	0.003000	54509.668000	S	60428	48
roam2.cs.ou.edu_plab4.eece.ksu.edu_21524 2	126.275000	54393.974000	0.044000	0.004000	54520.297000	S	60440	48
planetlab1.cs.unc.edu_plab4.eece.ksu.edu_12337 4	242.287000	54311.369000	0.124000	0.012000	54553.792000	S	60433	528
roam2.cs.ou.edu_plab4.eece.ksu.edu_21540 2	125.757000	54438.697000	0.043000	0.003000	54564.500000	S	60456	48
planetlab1.rutgers.edu_plab4.eece.ksu.edu_19912 3	223.665000	54361.556000	0.087000	0.005000	54585.313000	S	60444	512
planetlab3.williams.edu_plab4.eece.ksu.edu_4506 5	271.518000	54345.454000	0.121000	0.016000	54617.109000	S	60441	400
roam2.cs.ou.edu_plab4.eece.ksu.edu_21546 2	126.630000	54513.931000	0.044000	0.003000	54640.608000	S	60470	48
node1.planetlab.albany.edu_plab4.eece.ksu.edu_45945 1	104.370000	54551.723000	0.060000	0.001000	54656.154000	S	60475	32
roam2.cs.ou.edu_plab4.eece.ksu.edu_21562 2	130.103000	54607.398000	0.042000	0.003000	54737.546000	S	60483	48
roam2.cs.ou.edu_plab4.eece.ksu.edu_21570 2	126.716000	54649.982000	0.043000	0.003000	54776.744000	S	60488	48
planetlab-1.cs.colostate.edu_plab4.eece.ksu.edu_3649 5	313.176000	54518.975000	0.098000	0.011000	54832.260000	S	60471	656
planetlab1.cs.unc.edu_plab4.eece.ksu.edu_12343 4	244.316000	54618.101000	0.136000	0.015000	54862.568000	S	60485	528
planetlab-1.cs.colostate.edu_plab4.eece.ksu.edu_3652 5	314.972000	54596.455000	0.091000	0.016000	54911.534000	S	60482	656
planetlab3.williams.edu_plab4.eece.ksu.edu_4510 5	272.144000	54653.233000	0.108000	0.015000	54925.500000	S	60489	400
planetlab3.williams.edu_plab4.eece.ksu.edu_4512 5	273.486000	54713.650000	0.086000	0.016000	54987.238000	S	60497	400
planetlab3.williams.edu_plab4.eece.ksu.edu_4514 5	271.839000	54785.422000	0.092000	0.016000	55057.369000	S	60504	400
planetlab3.williams.edu_plab4.eece.ksu.edu_4516 5	273.262000	54800.787000	0.070000	0.009000	55074.128000	S	60505	400
planetlab-2.cmcl.cs.cmu.edu_plab4.eece.ksu.edu_5578 3	209.327000	54870.912000	0.087000	0.010000	55080.336000	S	60511	560
planetlab3.williams.edu_plab4.eece.ksu.edu_4518 5	277.493000	54832.958000	0.086000	0.011000	55110.548000	S	60507	400
planetlab3.williams.edu_plab4.eece.ksu.edu_4520 5	275.035000	54844.715000	0.073000	0.008000	55119.831000	S	60509	400
planetlab4.tamu.edu_plab4.eece.ksu.edu_3061 4	212.636000	55016.777000	0.406000	0.009000	55229.828000	S	60528	624
planetlab1.rutgers.edu_plab4.eece.ksu.edu_19926 3	276.442000	54958.201000	0.109000	0.005000	55234.757000	S	60521	512
roam2.cs.ou.edu_plab4.eece.ksu.edu_21665 2	125.987000	55215.880000	0.040000	0.003000	55341.910000	S	60552	48
planetlab3.williams.edu_plab4.eece.ksu.edu_4524 5	273.718000	55084.226000	0.094000	0.017000	55358.055000	S	60537	400
planetlab1.cs.unc.edu_plab4.eece.ksu.edu_12348 4	241.946000	55141.070000	0.098000	0.011000	55383.125000	S	60545	528
node1.planetlab.albany.edu_plab4.eece.ksu.edu_46332 1	106.828000	55411.261000	0.025000	0.003000	55518.117000	S	60571	32
planetlab1.cs.unc.edu_plab4.eece.ksu.edu_12351 4	242.140000	55298.128000	0.108000	0.012000	55540.388000	S	60560	528
planetlab1.cs.unc.edu_plab4.eece.ksu.edu_12353 4	242.760000	55304.256000	0.108000	0.019000	55547.143000	S	60561	528
planetlab1.cs.unc.edu_plab4.eece.ksu.edu_12356 4	247.916000	55333.453000	0.180000	0.016000	55581.565000	S	60563	528
node1.planetlab.albany.edu_plab4.eece.ksu.edu_46388 1	104.846000	55505.005000	0.024000	0.002000	55609.877000	S	60587	32
planetlab1.cs.unc.edu_plab4.eece.ksu.edu_12359 4	242.206000	55368.946000	0.105000	0.008000	55611.265000	S	60565	528
planetlab1.cs.unc.edu_plab4.eece.ksu.edu_12362 4	242.382000	55394.669000	0.147000	0.015000	55637.213000	S	60569	528
node1.planetlab.albany.edu_plab4.eece.ksu.edu_46410 1	103.978000	55549.718000	0.023000	0.001000	55653.720000	S	60595	32
node1.planetlab.albany.edu_plab4.eece.ksu.edu_46431 1	105.924000	55588.178000	0.024000	0.002000	55694.128000	S	60601	32
node1.planetlab.albany.edu_plab4.eece.ksu.edu_46434 1	120.076000	55577.534000	0.032000	0.001000	55697.643000	S	60603	32
node1.planetlab.albany.edu_plab4.eece.ksu.edu_46436 1	123.304000	55581.958000	0.020000	0.002000	55705.284000	S	60602	32
node1.planetlab.albany.edu_plab4.eece.ksu.edu_46445 1	104.512000	55618.164000	0.025000	0.003000	55722.704000	S	60607	32
planetlab1.cs.unc.edu_plab4.eece.ksu.edu_12368 4	242.152000	55519.482000	0.105000	0.010000	55761.749000	S	60591	528
planetlab1.cs.unc.edu_plab4.eece.ksu.edu_12370 4	241.582000	55540.156000	0.100000	0.009000	55781.847000	S	60593	528
planetlab-1.cs.colostate.edu_plab4.eece.ksu.edu_3657 5	313.940000	55469.918000	0.110000	0.011000	55783.979000	S	60584	656
planetlab2.cs.pitt.edu_plab4.eece.ksu.edu_6046 3	154.464000	55765.058000	0.052000	0.005000	55919.579000	S	60626	304
roam2.cs.ou.edu_plab4.eece.ksu.edu_21755 2	126.145000	55835.114000	0.072000	0.004000	55961.335000	S	60636	48
planetlab1.cs.unc.edu_plab4.eece.ksu.edu_12381 4	243.596000	55732.362000	0.100000	0.011000	55976.069000	S	60625	528
planetlab3.williams.edu_plab4.eece.ksu.edu_4527 5	278.411000	55810.781000	0.099000	0.016000	56089.307000	S	60633	400
planetlab3.tamu.edu_plab4.eece.ksu.edu_2583 6	407.774000	55693.941000	0.156000	0.028000	56101.899000	S	60620	848
node1.planetlab.albany.edu_plab4.eece.ksu.edu_46651 1	135.821000	55977.768000	0.023000	0.002000	56113.614000	S	60667	32
planetlab1.cs.unc.edu_plab4.eece.ksu.edu_12388 4	334.294000	55824.927000	0.111000	0.009000	56159.341000	S	60634	528
roam2.cs.ou.edu_plab4.eece.ksu.edu_21782 2	148.323000	56014.924000	0.043000	0.003000	56163.293000	S	60672	48
roam2.cs.ou.edu_plab4.eece.ksu.edu_21784 2	139.776000	56029.944000	0.030000	0.004000	56169.754000	S	60673	48
roam2.cs.ou.edu_plab4.eece.ksu.edu_21788 2	127.636000	56056.095000	0.033000	0.004000	56183.768000	S	60674	48
roam2.cs.ou.edu_plab4.eece.ksu.edu_21790 2	126.902000	56067.279000	0.033000	0.005000	56194.219000	S	60676	48
roam2.cs.ou.edu_plab4.eece.ksu.edu_21792 2	125.968000	56088.676000	0.037000	0.004000	56214.685000	S	60680	48
roam2.cs.ou.edu_plab4.eece.ksu.edu_21794 2	126.188000	56091.576000	0.030000	0.003000	56217.797000	S	60681	48
roam2.cs.ou.edu_plab4.eece.ksu.edu_21798 2	126.617000	56102.158000	0.032000	0.003000	56228.810000	S	60682	48
roam2.cs.ou.edu_plab4.eece.ksu.edu_21800 2	126.892000	56106.530000	0.032000	0.004000	56233.458000	S	60683	48
roam2.cs.ou.edu_plab4.eece.ksu.edu_21802 2	125.965000	56109.252000	0.047000	0.004000	56235.268000	S	60684	48
roam2.cs.ou.edu_plab4.eece.ksu.edu_21804 2	129.670000	56123.365000	0.037000	0.004000	56253.076000	S	60685	48
roam2.cs.ou.edu_plab4.eece.ksu.edu_21806 2	128.320000	56128.613000	0.031000	0.004000	56256.968000	S	60686	48
roam2.cs.ou.edu_plab4.eece.ksu.edu_21810 2	126.715000	56141.234000	0.036000	0.003000	56267.988000	S	60688	48
planetlab1.rutgers.edu_plab4.eece.ksu.edu_19953 3	370.126000	55910.120000	0.107000	0.005000	56280.358000	S	60662	512
planetlab1.cs.unc.edu_plab4.eece.ksu.edu_12394 4	242.073000	56068.127000	0.110000	0.009000	56310.319000	S	60677	528
roam2.cs.ou.edu_plab4.eece.ksu.edu_21818 2	126.830000	56184.402000	0.033000	0.003000	56311.268000	S	60696	48
roam2.cs.ou.edu_plab4.eece.ksu.edu_21820 2	128.332000	56198.320000	0.034000	0.005000	56326.691000	S	60697	48
roam2.cs.ou.edu_plab4.eece.ksu.edu_21824 2	128.334000	56209.049000	0.032000	0.003000	56337.418000	S	60698	48
roam2.cs.ou.edu_plab4.eece.ksu.edu_21826 2	127.292000	56215.073000	0.031000	0.003000	56342.399000	S	60700	48
roam2.cs.ou.edu_plab4.eece.ksu.edu_21830 2	126.307000	56242.781000	0.037000	0.004000	56369.129000	S	60704	48
planetlab2.cs.columbia.edu_plab4.eece.ksu.edu_8614 3	134.344000	56301.308000	0.105000	0.004000	56435.761000	S	60711	112
roam2.cs.ou.edu_plab4.eece.ksu.edu_21840 2	126.461000	56315.419000	0.043000	0.003000	56441.926000	S	60713	48
planetlab-2.cs.uh.edu_plab4.eece.ksu.edu_3716 5	575.000000	55869.126000	0.107000	0.012000	56444.245000	S	60643	784
roam2.cs.ou.edu_plab4.eece.ksu.edu_21842 2	125.942000	56317.391000	0.030000	0.004000	56443.367000	S	60714	48
roam2.cs.ou.edu_plab4.eece.ksu.edu_21844 2	126.360000	56328.530000	0.039000	0.003000	56454.932000	S	60716	48
planetlab1.rutgers.edu_plab4.eece.ksu.edu_19963 3	224.439000	56255.067000	0.096000	0.006000	56479.608000	S	60706	512
roam2.cs.ou.edu_plab4.eece.ksu.edu_21853 2	125.736000	56415.606000	0.034000	0.003000	56541.379000	S	60728	48
planetlab1.cs.unc.edu_plab4.eece.ksu.edu_12403 4	244.707000	56343.729000	0.118000	0.010000	56588.564000	S	60719	528
roam2.cs.ou.edu_plab4.eece.ksu.edu_21865 2	126.104000	56501.252000	0.040000	0.004000	56627.400000	S	60736	48
planetlab1.cs.unc.edu_plab4.eece.ksu.edu_12408 4	242.445000	56430.334000	0.111000	0.012000	56672.902000	S	60729	528
roam2.cs.ou.edu_plab4.eece.ksu.edu_21875 2	364.637000	56315.459000	0.032000	0.003000	56680.131000	S	60712	48
roam2.cs.ou.edu_plab4.eece.ksu.edu_21881 2	130.883000	56590.978000	0.032000	0.004000	56721.897000	S	60744	48
roam2.cs.ou.edu_plab4.eece.ksu.edu_21885 2	126.397000	56608.059000	0.037000	0.003000	56734.496000	S	60745	48
roam2.cs.ou.edu_plab4.eece.ksu.edu_21887 2	126.192000	56626.562000	0.043000	0.004000	56752.801000	S	60746	48
roam2.cs.ou.edu_plab4.eece.ksu.edu_21889 2	127.901000	56633.643000	0.036000	0.004000	56761.584000	S	60748	48
planetlab1.cs.unc.edu_plab4.eece.ksu.edu_12415 4	242.357000	56529.028000	0.107000	0.009000	56771.501000	S	60737	528
planetlab1.cs.unc.edu_plab4.eece.ksu.edu_12420 4	242.536000	56560.913000	0.109000	0.015000	56803.573000	S	60740	528
planetlab1.cs.unc.edu_plab4.eece.ksu.edu_12422 4	243.004000	56567.136000	0.111000	0.010000	56810.261000	S	60741	528
roam2.cs.ou.edu_plab4.eece.ksu.edu_21901 2	126.217000	56703.402000	0.050000	0.004000	56829.673000	S	60760	48
planetlab1.cs.unc.edu_plab4.eece.ksu.edu_12425 4	243.248000	56592.219000	0.106000	0.011000	56835.584000	S	60743	528
planetlab1.cs.unc.edu_plab4.eece.ksu.edu_12430 4	244.302000	56635.745000	0.100000	0.009000	56880.156000	S	60749	528
planetlab1.cs.unc.edu_plab4.eece.ksu.edu_12436 4	244.760000	56692.681000	0.104000	0.008000	56937.553000	S	60757	528
planetlab1.cs.unc.edu_plab4.eece.ksu.edu_12439 4	241.752000	56721.120000	0.144000	0.009000	56963.025000	S	60762	528
roam2.cs.ou.edu_plab4.eece.ksu.edu_21914 2	127.751000	56838.211000	0.043000	0.004000	56966.009000	S	60776	48
planetlab3.williams.edu_plab4.eece.ksu.edu_4535 5	272.056000	56711.332000	0.091000	0.022000	56983.501000	S	60761	400
planetlab1.cs.unc.edu_plab4.eece.ksu.edu_12444 4	242.583000	56795.774000	0.124000	0.011000	57038.492000	S	60773	528
roam2.cs.ou.edu_plab4.eece.ksu.edu_21922 2	126.427000	56986.624000	0.036000	0.004000	57113.091000	S	60797	48
roam2.cs.ou.edu_plab4.eece.ksu.edu_21924 2	126.375000	57017.961000	0.043000	0.004000	57144.383000	S	60800	48
roam2.cs.ou.edu_plab4.eece.ksu.edu_21927 2	128.665000	57069.939000	0.045000	0.004000	57198.653000	S	60808	48
roam2.cs.ou.edu_plab4.eece.ksu.edu_21929 2	125.889000	57076.231000	0.045000	0.002000	57202.167000	S	60810	48
roam2.cs.ou.edu_plab4.eece.ksu.edu_21931 2	126.371000	57076.321000	0.029000	0.004000	57202.725000	S	60809	48
roam2.cs.ou.edu_plab4.eece.ksu.edu_21934 2	126.055000	57092.457000	0.037000	0.003000	57218.552000	S	60812	48
planetlab-1.cs.colostate.edu_plab4.eece.ksu.edu_3663 5	313.317000	56965.669000	0.127000	0.013000	57279.126000	S	60796	656
roam2.cs.ou.edu_plab4.eece.ksu.edu_21952 2	127.730000	57181.035000	0.037000	0.003000	57308.805000	S	60823	48
roam2.cs.ou.edu_plab4.eece.ksu.edu_21954 2	127.099000	57192.133000	0.037000	0.003000	57319.272000	S	60824	48
planetlab1.cs.unc.edu_plab4.eece.ksu.edu_12461 4	243.476000	57125.557000	0.111000	0.007000	57369.151000	S	60815	528
planetlab1.cs.unc.edu_plab4.eece.ksu.edu_12463 4	245.724000	57130.414000	0.109000	0.009000	57376.256000	S	60817	528
planetlab1.cs.unc.edu_plab4.eece.ksu.edu_12466 4	242.855000	57215.684000	0.116000	0.014000	57458.669000	S	60826	528
roam2.cs.ou.edu_plab4.eece.ksu.edu_21980 2	126.303000	57338.744000	0.034000	0.003000	57465.084000	S	60840	48
node1.planetlab.albany.edu_plab4.eece.ksu.edu_47357 1	104.766000	57388.290000	0.028000	0.003000	57493.087000	S	60859	32
roam2.cs.ou.edu_plab4.eece.ksu.edu_21982 2	126.426000	57422.099000	0.046000	0.004000	57548.575000	S	60872	48
planetlab1.cs.unc.edu_plab4.eece.ksu.edu_12471 4	243.244000	57334.031000	0.103000	0.015000	57577.393000	S	60839	528
planetlab1.cs.unc.edu_plab4.eece.ksu.edu_12473 4	242.715000	57345.709000	0.117000	0.013000	57588.554000	S	60843	528
planetlab1.cs.unc.edu_plab4.eece.ksu.edu_12475 4	242.901000	57353.800000	0.081000	0.009000	57596.791000	S	60845	528
planetlab1.cs.unc.edu_plab4.eece.ksu.edu_12477 4	244.859000	57354.567000	0.086000	0.008000	57599.520000	S	60846	528
planetlab1.cs.unc.edu_plab4.eece.ksu.edu_12479 4	242.642000	57367.315000	0.179000	0.011000	57610.147000	S	60847	528
roam2.cs.ou.edu_plab4.eece.ksu.edu_21984 2	126.439000	57491.954000	0.045000	0.003000	57618.441000	S	60898	48
planetlab1.cs.unc.edu_plab4.eece.ksu.edu_12481 4	244.837000	57400.435000	0.110000	0.009000	57645.391000	S	60863	528
planetlab4.williams.edu_plab4.eece.ksu.edu_4725 5	429.742000	57221.481000	0.117000	0.017000	57651.357000	S	60827	336
planetlab1.cs.unc.edu_plab4.eece.ksu.edu_12483 4	241.634000	57410.792000	0.105000	0.011000	57652.542000	S	60869	528
planetlab1.cs.unc.edu_plab4.eece.ksu.edu_12486 4	242.810000	57434.499000	0.245000	0.010000	57677.564000	S	60874	528
planetlab1.cs.unc.edu_plab4.eece.ksu.edu_12488 4	242.047000	57440.979000	0.109000	0.011000	57683.146000	S	60882	528
planetlab1.cs.unc.edu_plab4.eece.ksu.edu_12490 4	244.303000	57458.592000	0.118000	0.012000	57703.025000	S	60888	528
planetlab1.cs.unc.edu_plab4.eece.ksu.edu_12492 4	243.154000	57469.035000	0.094000	0.007000	57712.290000	S	60890	528
planetlab1.cs.unc.edu_plab4.eece.ksu.edu_12494 4	241.458000	57470.831000	0.093000	0.011000	57712.393000	S	60891	528
planetlab1.cs.unc.edu_plab4.eece.ksu.edu_12496 4	242.726000	57475.610000	0.204000	0.015000	57718.555000	S	60894	528
planetlab1.cs.pitt.edu_plab4.eece.ksu.edu_10068 4	236.801000	57509.241000	0.074000	0.007000	57746.123000	S	60906	384
planetlab1.cs.unc.edu_plab4.eece.ksu.edu_12498 4	243.307000	57521.618000	0.097000	0.010000	57765.032000	S	60911	528
planetlab5.williams.edu_plab4.eece.ksu.edu_7827 2	288.639000	63426.781000	0.056000	0.007000	63715.483000	S	60371	2112
planetlab5.williams.edu_plab4.eece.ksu.edu_7851 2	287.485000	63453.231000	0.057000	0.010000	63740.783000	S	60568	2112
aguila1.lsi.upc.edu_plab4.eece.ksu.edu_4150 5	3674.679000	70254.994000	0.139000	0.008000	73929.820000	S	60297	592
aguila1.lsi.upc.edu_plab4.eece.ksu.edu_4154 5	674.746000	73250.629000	0.080000	0.009000	73925.464000	S	60694	592
planetlab-03.cs.princeton.edu_plab4.eece.ksu.edu_15614 4	184.889000	77884.064000	0.069000	0.006000	78069.028000	S	60322	80
planetlab-03.cs.princeton.edu_plab4.eece.ksu.edu_15638 4	192.663000	78843.681000	0.078000	0.005000	79036.427000	S	60445	80
planetlab-03.cs.princeton.edu_plab4.eece.ksu.edu_15640 4	194.631000	78844.574000	0.058000	0.006000	79039.269000	S	60450	80
planetlab-03.cs.princeton.edu_plab4.eece.ksu.edu_15650 4	189.236000	78884.874000	0.058000	0.004000	79074.172000	S	60469	80
planetlab-03.cs.princeton.edu_plab4.eece.ksu.edu_15652 4	197.883000	78898.038000	0.069000	0.009000	79095.999000	S	60473	80
planetlab-03.cs.princeton.edu_plab4.eece.ksu.edu_15656 4	188.081000	78909.869000	0.060000	0.005000	79098.015000	S	60477	80
planetlab-03.cs.princeton.edu_plab4.eece.ksu.edu_15658 4	194.968000	78919.077000	0.057000	0.005000	79114.107000	S	60476	80
planetlab-03.cs.princeton.edu_plab4.eece.ksu.edu_15660 4	194.220000	78926.933000	0.064000	0.007000	79121.224000	S	60479	80
planetlab-03.cs.princeton.edu_plab4.eece.ksu.edu_15662 4	197.890000	78925.947000	0.060000	0.006000	79123.903000	S	60481	80
planetlab2.umassd.edu_plab4.eece.ksu.edu_30731 3	142.725000	79013.571000	0.048000	0.005000	79156.349000	S	60506	64
planetlab-03.cs.princeton.edu_plab4.eece.ksu.edu_15674 4	190.617000	78992.064000	0.074000	0.006000	79182.761000	S	60503	80
planetlab-03.cs.princeton.edu_plab4.eece.ksu.edu_15684 4	424.356000	78867.414000	0.066000	0.010000	79291.846000	S	60461	80
planetlab-03.cs.princeton.edu_plab4.eece.ksu.edu_15698 4	195.038000	79149.780000	0.074000	0.007000	79344.899000	S	60546	80
planetlab-03.cs.princeton.edu_plab4.eece.ksu.edu_15702 4	199.640000	79176.357000	0.073000	0.006000	79376.076000	S	60567	80
planetlab-03.cs.princeton.edu_plab4.eece.ksu.edu_15704 4	191.640000	79202.522000	0.059000	0.006000	79394.227000	S	60579	80
planetlab-03.cs.princeton.edu_plab4.eece.ksu.edu_15708 4	196.476000	79232.621000	0.064000	0.005000	79429.166000	S	60586	80
planetlab-03.cs.princeton.edu_plab4.eece.ksu.edu_15712 4	184.839000	79245.563000	0.064000	0.006000	79430.472000	S	60594	80
planetlab-03.cs.princeton.edu_plab4.eece.ksu.edu_15714 4	187.584000	79262.583000	0.069000	0.005000	79450.241000	S	60605	80
planetlab-03.cs.princeton.edu_plab4.eece.ksu.edu_15693 4	399.352000	79124.138000	0.073000	0.006000	79523.569000	S	60541	80
planetlab-03.cs.princeton.edu_plab4.eece.ksu.edu_15722 4	192.042000	79372.511000	0.067000	0.006000	79564.626000	S	60627	80
planetlab-03.cs.princeton.edu_plab4.eece.ksu.edu_15724 4	185.549000	79382.832000	0.052000	0.004000	79568.437000	S	60630	80
planetlab-03.cs.princeton.edu_plab4.eece.ksu.edu_15726 4	192.002000	79387.252000	0.096000	0.006000	79579.356000	S	60629	80
planetlab-03.cs.princeton.edu_plab4.eece.ksu.edu_15732 4	179.530000	79409.406000	0.065000	0.007000	79589.008000	S	60639	80
planetlab-03.cs.princeton.edu_plab4.eece.ksu.edu_15736 4	409.061000	79206.781000	0.052000	0.006000	79615.900000	S	60578	80
planetlab-03.cs.princeton.edu_plab4.eece.ksu.edu_15738 4	192.495000	79424.985000	0.055000	0.006000	79617.541000	S	60642	80
planetlab-03.cs.princeton.edu_plab4.eece.ksu.edu_15742 4	401.023000	79229.846000	0.054000	0.004000	79630.927000	S	60582	80
planetlab2.umassd.edu_plab4.eece.ksu.edu_30831 3	142.800000	79503.609000	0.050000	0.004000	79646.463000	S	60689	64
planetlab-03.cs.princeton.edu_plab4.eece.ksu.edu_15748 4	191.821000	79473.409000	0.066000	0.007000	79665.303000	S	60649	80
planetlab-03.cs.princeton.edu_plab4.eece.ksu.edu_15752 4	245.403000	79422.415000	0.066000	0.004000	79667.888000	S	60663	80
planetlab-03.cs.princeton.edu_plab4.eece.ksu.edu_15762 4	413.105000	79302.210000	0.070000	0.009000	79715.394000	S	60615	80
planetlab-03.cs.princeton.edu_plab4.eece.ksu.edu_15764 4	176.743000	79560.087000	0.072000	0.008000	79736.910000	S	60733	80
planetlab-03.cs.princeton.edu_plab4.eece.ksu.edu_15728 4	421.878000	79390.218000	0.076000	0.008000	79812.180000	S	60631	80
planetlab2.umassd.edu_plab4.eece.ksu.edu_30892 3	139.772000	79872.594000	0.057000	0.013000	80012.436000	S	60772	64
planetlab-03.cs.princeton.edu_plab4.eece.ksu.edu_15784 4	179.575000	79950.187000	0.098000	0.006000	80129.866000	S	60777	80
planetlab2.umassd.edu_plab4.eece.ksu.edu_30966 3	140.192000	80270.625000	0.044000	0.004000	80410.865000	S	60814	64
planetlab-03.cs.princeton.edu_plab4.eece.ksu.edu_15797 4	176.337000	80481.869000	0.067000	0.007000	80658.280000	S	60834	80
planetlab-03.cs.princeton.edu_plab4.eece.ksu.edu_15801 4	169.708000	80542.339000	0.068000	0.007000	80712.122000	S	60841	80
planetlab-03.cs.princeton.edu_plab4.eece.ksu.edu_15803 4	168.703000	80601.646000	0.088000	0.008000	80770.445000	S	60873	80
planetlab-03.cs.princeton.edu_plab4.eece.ksu.edu_15805 4	169.228000	80637.671000	0.070000	0.007000	80806.976000	S	60887	80
planetlab-03.cs.princeton.edu_plab4.eece.ksu.edu_15807 4	167.461000	80654.986000	0.067000	0.006000	80822.520000	S	60897	80
planetlab-03.cs.princeton.edu_plab4.eece.ksu.edu_15809 4	167.595000	80688.271000	0.069000	0.005000	80855.940000	S	60905	80
planetlab-03.cs.princeton.edu_plab4.eece.ksu.edu_15811 4	169.755000	80692.305000	0.054000	0.004000	80862.118000	S	60904	80
planetlab-03.cs.princeton.edu_plab4.eece.ksu.edu_15813 4	166.763000	80700.423000	0.068000	0.005000	80867.259000	S	60907	80
planetlab-03.cs.princeton.edu_plab4.eece.ksu.edu_15815 4	166.726000	80707.238000	0.063000	0.007000	80874.034000	S	60909	80
vn4.cse.wustl.edu_plab4.eece.ksu.edu_13157 4	465.900000	81787.763000	0.106000	0.009000	82253.778000	S	60340	272
planetlab1.cs.uoregon.edu_plab4.eece.ksu.edu_21619 3	280.110000	82001.811000	0.078000	0.008000	82282.007000	S	60419	256
planetlab1.cs.uoregon.edu_plab4.eece.ksu.edu_21621 3	280.468000	82007.794000	0.048000	0.004000	82288.314000	S	60421	256
planetlab1.cs.uoregon.edu_plab4.eece.ksu.edu_21623 3	278.426000	82040.285000	0.075000	0.006000	82318.792000	S	60422	256
planetlab1.cs.uoregon.edu_plab4.eece.ksu.edu_21625 3	280.093000	82046.584000	0.063000	0.006000	82326.746000	S	60423	256
planetlab1.cs.uoregon.edu_plab4.eece.ksu.edu_21627 3	279.935000	82053.946000	0.082000	0.005000	82333.968000	S	60431	256
vn4.cse.wustl.edu_plab4.eece.ksu.edu_13159 4	468.487000	81879.794000	0.089000	0.013000	82348.383000	S	60353	272
planetlab1.cs.uoregon.edu_plab4.eece.ksu.edu_21632 3	278.339000	82072.386000	0.076000	0.007000	82350.808000	S	60455	256
planetlab1.cs.uoregon.edu_plab4.eece.ksu.edu_21630 3	279.612000	82071.583000	0.083000	0.006000	82351.284000	S	60439	256
vn4.cse.wustl.edu_plab4.eece.ksu.edu_13163 4	463.356000	81893.307000	0.080000	0.014000	82356.757000	S	60375	272
planetlab1.cs.uoregon.edu_plab4.eece.ksu.edu_21641 3	281.195000	82100.089000	0.073000	0.006000	82381.363000	S	60487	256
planetlab-03.cs.princeton.edu_plab4.eece.ksu.edu_15706 4	3193.233000	79195.183000	0.109000	0.006000	82388.531000	S	60576	80
planetlab1.cs.uoregon.edu_plab4.eece.ksu.edu_21646 3	279.646000	82115.821000	0.065000	0.004000	82395.536000	S	60551	256
vn4.cse.wustl.edu_plab4.eece.ksu.edu_13180 4	463.536000	82085.361000	0.093000	0.008000	82548.998000	S	60468	272
vn4.cse.wustl.edu_plab4.eece.ksu.edu_13182 4	464.461000	82108.037000	0.088000	0.009000	82572.595000	S	60512	272
planetlab1.cs.uoregon.edu_plab4.eece.ksu.edu_21664 3	279.700000	82321.284000	0.072000	0.007000	82601.063000	S	60679	256
vn4.cse.wustl.edu_plab4.eece.ksu.edu_13184 4	464.460000	82145.715000	0.082000	0.007000	82610.264000	S	60554	272
vn4.cse.wustl.edu_plab4.eece.ksu.edu_13188 4	466.047000	82182.077000	0.076000	0.008000	82648.208000	S	60564	272
vn4.cse.wustl.edu_plab4.eece.ksu.edu_13190 4	465.835000	82190.990000	0.080000	0.009000	82656.914000	S	60580	272
vn4.cse.wustl.edu_plab4.eece.ksu.edu_13194 4	462.597000	82205.534000	0.101000	0.013000	82668.245000	S	60592	272
vn4.cse.wustl.edu_plab4.eece.ksu.edu_13196 4	466.141000	82214.486000	0.109000	0.008000	82680.744000	S	60596	272
vn4.cse.wustl.edu_plab4.eece.ksu.edu_13199 4	467.046000	82268.817000	0.089000	0.010000	82735.962000	S	60597	272
vn4.cse.wustl.edu_plab4.eece.ksu.edu_13201 4	465.604000	82290.164000	0.068000	0.008000	82755.844000	S	60598	272
vn4.cse.wustl.edu_plab4.eece.ksu.edu_13203 4	477.203000	82282.873000	0.069000	0.008000	82760.153000	S	60604	272
vn4.cse.wustl.edu_plab4.eece.ksu.edu_13205 4	468.622000	82302.169000	0.085000	0.022000	82770.898000	S	60660	272
vn4.cse.wustl.edu_plab4.eece.ksu.edu_13207 4	488.476000	82287.782000	0.095000	0.009000	82776.362000	S	60671	272
vn4.cse.wustl.edu_plab4.eece.ksu.edu_13209 4	465.799000	82341.644000	0.086000	0.009000	82807.538000	S	60692	272
vn4.cse.wustl.edu_plab4.eece.ksu.edu_13215 4	465.177000	82397.628000	0.065000	0.015000	82862.885000	S	60708	272
vn4.cse.wustl.edu_plab4.eece.ksu.edu_13217 4	469.187000	82398.326000	0.090000	0.012000	82867.615000	S	60715	272
vn4.cse.wustl.edu_plab4.eece.ksu.edu_13219 4	464.245000	82413.656000	0.089000	0.010000	82878.000000	S	60720	272
vn4.cse.wustl.edu_plab4.eece.ksu.edu_13221 4	465.341000	82417.279000	0.079000	0.008000	82882.707000	S	60724	272
vn4.cse.wustl.edu_plab4.eece.ksu.edu_13223 4	464.256000	82449.076000	0.093000	0.008000	82913.433000	S	60725	272
vn4.cse.wustl.edu_plab4.eece.ksu.edu_13225 4	464.715000	82455.869000	0.070000	0.010000	82920.664000	S	60726	272
vn4.cse.wustl.edu_plab4.eece.ksu.edu_13229 4	464.580000	82481.984000	0.136000	0.017000	82946.717000	S	60732	272
vn4.cse.wustl.edu_plab4.eece.ksu.edu_13239 4	463.415000	82563.726000	0.082000	0.008000	83027.231000	S	60766	272
vn4.cse.wustl.edu_plab4.eece.ksu.edu_13243 4	465.365000	82611.452000	0.117000	0.013000	83076.947000	S	60788	272
vn4.cse.wustl.edu_plab4.eece.ksu.edu_13245 4	464.170000	82644.571000	0.095000	0.012000	83108.848000	S	60804	272
vn4.cse.wustl.edu_plab4.eece.ksu.edu_13247 4	467.412000	82669.997000	0.102000	0.020000	83137.531000	S	60816	272
vn4.cse.wustl.edu_plab4.eece.ksu.edu_13249 4	463.780000	82677.906000	0.108000	0.010000	83141.804000	S	60820	272
vn4.cse.wustl.edu_plab4.eece.ksu.edu_13251 4	463.508000	82688.611000	0.076000	0.009000	83152.204000	S	60821	272
vn4.cse.wustl.edu_plab4.eece.ksu.edu_13253 4	463.020000	82718.202000	0.080000	0.008000	83181.310000	S	60822	272
vn4.cse.wustl.edu_plab4.eece.ksu.edu_13255 4	464.709000	82751.781000	0.092000	0.010000	83216.592000	S	60828	272
vn4.cse.wustl.edu_plab4.eece.ksu.edu_13257 4	464.098000	82759.748000	0.077000	0.012000	83223.935000	S	60832	272
vn4.cse.wustl.edu_plab4.eece.ksu.edu_13261 4	469.513000	82774.655000	0.076000	0.007000	83244.251000	S	60836	272
vn4.cse.wustl.edu_plab4.eece.ksu.edu_13263 4	467.605000	82780.849000	0.077000	0.009000	83248.540000	S	60837	272
vn4.cse.wustl.edu_plab4.eece.ksu.edu_13265 4	464.067000	82796.372000	0.084000	0.007000	83260.530000	S	60838	272
vn4.cse.wustl.edu_plab4.eece.ksu.edu_13267 4	472.650000	82806.031000	0.074000	0.009000	83278.764000	S	60844	272
vn4.cse.wustl.edu_plab4.eece.ksu.edu_13269 4	466.334000	82822.407000	0.083000	0.017000	83288.841000	S	60849	272
vn4.cse.wustl.edu_plab4.eece.ksu.edu_13271 4	468.597000	82855.822000	0.079000	0.010000	83324.508000	S	60848	272
vn4.cse.wustl.edu_plab4.eece.ksu.edu_13274 4	466.095000	82868.010000	0.063000	0.013000	83334.181000	S	60850	272
vn4.cse.wustl.edu_plab4.eece.ksu.edu_13275 4	464.562000	82869.832000	0.061000	0.008000	83334.463000	S	60852	272
vn4.cse.wustl.edu_plab4.eece.ksu.edu_13277 4	466.774000	82885.074000	0.090000	0.010000	83351.948000	S	60853	272
vn4.cse.wustl.edu_plab4.eece.ksu.edu_13279 4	465.234000	82892.913000	0.186000	0.008000	83358.341000	S	60855	272
vn4.cse.wustl.edu_plab4.eece.ksu.edu_13281 4	463.681000	82902.924000	0.062000	0.010000	83366.677000	S	60854	272
vn4.cse.wustl.edu_plab4.eece.ksu.edu_13285 4	470.253000	82961.653000	0.083000	0.009000	83431.998000	S	60856	272
vn4.cse.wustl.edu_plab4.eece.ksu.edu_13287 4	465.885000	82975.739000	0.054000	0.006000	83441.684000	S	60861	272
vn4.cse.wustl.edu_plab4.eece.ksu.edu_13289 4	466.827000	82975.458000	0.063000	0.011000	83442.359000	S	60860	272
vn4.cse.wustl.edu_plab4.eece.ksu.edu_13291 4	466.646000	82984.719000	0.064000	0.009000	83451.438000	S	60862	272
vn4.cse.wustl.edu_plab4.eece.ksu.edu_13293 4	464.030000	82995.658000	0.072000	0.008000	83459.768000	S	60865	272
vn4.cse.wustl.edu_plab4.eece.ksu.edu_13295 4	464.635000	82998.548000	0.074000	0.009000	83463.266000	S	60884	272
vn4.cse.wustl.edu_plab4.eece.ksu.edu_13297 4	463.790000	83017.757000	0.082000	0.011000	83481.640000	S	60900	272
vn4.cse.wustl.edu_plab4.eece.ksu.edu_13299 4	468.614000	83024.601000	0.079000	0.008000	83493.302000	S	60912	272
pl1.rcc.uottawa.ca_plab4.eece.ksu.edu_77668 2	3123.817000	128079.255000	0.038000	0.003000	131203.113000	S	60296	0
pl1.rcc.uottawa.ca_plab4.eece.ksu.edu_77693 2	127.463000	131142.656000	0.048000	0.003000	131270.170000	S	60310	0
pl1.rcc.uottawa.ca_plab4.eece.ksu.edu_77718 2	123.893000	131214.034000	0.039000	0.004000	131337.970000	S	60317	0
pl1.rcc.uottawa.ca_plab4.eece.ksu.edu_77724 2	124.015000	131219.079000	0.045000	0.004000	131343.143000	S	60320	0
pl1.rcc.uottawa.ca_plab4.eece.ksu.edu_77745 2	123.857000	131285.603000	0.038000	0.002000	131409.500000	S	60328	0
pl1.rcc.uottawa.ca_plab4.eece.ksu.edu_77753 2	124.326000	131296.251000	0.038000	0.002000	131420.617000	S	60329	0
pl1.rcc.uottawa.ca_plab4.eece.ksu.edu_77758 2	127.142000	131313.703000	0.037000	0.004000	131440.886000	S	60330	0
pl1.rcc.uottawa.ca_plab4.eece.ksu.edu_77761 2	124.832000	131316.143000	0.059000	0.004000	131441.038000	S	60332	0
pl1.rcc.uottawa.ca_plab4.eece.ksu.edu_77793 2	124.130000	131410.703000	0.029000	0.003000	131534.865000	S	60344	0
pl1.rcc.uottawa.ca_plab4.eece.ksu.edu_77825 2	123.609000	131485.783000	0.035000	0.003000	131609.430000	S	60354	0
pl1.rcc.uottawa.ca_plab4.eece.ksu.edu_77863 2	127.634000	131563.140000	0.040000	0.004000	131690.818000	S	60365	0
pl1.rcc.uottawa.ca_plab4.eece.ksu.edu_77885 2	125.440000	131623.908000	0.039000	0.004000	131749.391000	S	60373	0
pl1.rcc.uottawa.ca_plab4.eece.ksu.edu_77891 2	125.814000	131638.191000	0.054000	0.003000	131764.062000	S	60377	0
pl1.rcc.uottawa.ca_plab4.eece.ksu.edu_77898 2	123.866000	131664.138000	0.052000	0.003000	131788.059000	S	60381	0
pl1.rcc.uottawa.ca_plab4.eece.ksu.edu_77900 2	124.681000	131667.843000	0.036000	0.003000	131792.563000	S	60380	0
pl1.rcc.uottawa.ca_plab4.eece.ksu.edu_77919 2	124.407000	131720.570000	0.041000	0.004000	131845.022000	S	60383	0
pl1.rcc.uottawa.ca_plab4.eece.ksu.edu_77938 2	126.101000	131786.399000	0.044000	0.004000	131912.548000	S	60392	0
pl1.rcc.uottawa.ca_plab4.eece.ksu.edu_78006 2	124.520000	131988.835000	0.043000	0.003000	132113.401000	S	60413	0
pl1.rcc.uottawa.ca_plab4.eece.ksu.edu_78319 2	124.921000	132844.856000	0.046000	0.004000	132969.827000	S	60533	0
pl1.rcc.uottawa.ca_plab4.eece.ksu.edu_78559 2	124.733000	133402.633000	0.037000	0.002000	133527.405000	S	60637	0
pl1.rcc.uottawa.ca_plab4.eece.ksu.edu_78719 2	126.231000	133786.174000	0.059000	0.005000	133912.469000	S	60734	0
pl1.rcc.uottawa.ca_plab4.eece.ksu.edu_78747 2	124.260000	133849.412000	0.034000	0.004000	133973.710000	S	60747	0
pl1.rcc.uottawa.ca_plab4.eece.ksu.edu_78764 2	124.562000	133899.053000	0.030000	0.004000	134023.649000	S	60765	0
pl1.rcc.uottawa.ca_plab4.eece.ksu.edu_78903 2	124.092000	134198.647000	0.041000	0.005000	134322.785000	S	60829	0
pl1.rcc.uottawa.ca_plab4.eece.ksu.edu_78910 2	124.341000	134215.622000	0.045000	0.003000	134340.011000	S	60833	0
pl1.rcc.uottawa.ca_plab4.eece.ksu.edu_78948 2	125.458000	134302.808000	0.055000	0.002000	134428.323000	S	60877	0
pl1.rcc.uottawa.ca_plab4.eece.ksu.edu_78956 2	124.729000	134318.844000	0.044000	0.003000	134443.620000	S	60885	0
pl1.rcc.uottawa.ca_plab4.eece.ksu.edu_78962 2	125.044000	134336.987000	0.044000	0.004000	134462.079000	S	60889	0
pl1.rcc.uottawa.ca_plab4.eece.ksu.edu_78964 2	125.245000	134337.095000	0.036000	0.003000	134462.379000	S	60892	0
pl1.rcc.uottawa.ca_plab4.eece.ksu.edu_78966 2	124.404000	134344.086000	0.028000	0.004000	134468.522000	S	60893	0
pl1.rcc.uottawa.ca_plab4.eece.ksu.edu_78971 2	124.253000	134354.651000	0.031000	0.004000	134478.939000	S	60895	0
planetlab4.wail.wisc.edu_plab4.eece.ksu.edu_52574 3	3146.351000	131426.099000	0.064000	0.004000	134572.518000	S	60293	16
planetlab4.wail.wisc.edu_plab4.eece.ksu.edu_52582 3	142.762000	134460.246000	0.056000	0.005000	134603.069000	S	60301	16
planetlab4.wail.wisc.edu_plab4.eece.ksu.edu_52594 3	144.349000	134504.161000	0.080000	0.004000	134648.594000	S	60315	16
planetlab4.wail.wisc.edu_plab4.eece.ksu.edu_52598 3	141.778000	134510.630000	0.068000	0.005000	134652.481000	S	60321	16
planetlab4.wail.wisc.edu_plab4.eece.ksu.edu_52606 3	142.166000	134530.298000	0.067000	0.006000	134672.537000	S	60324	16
planetlab4.wail.wisc.edu_plab4.eece.ksu.edu_52608 3	142.945000	134545.985000	0.057000	0.007000	134688.994000	S	60325	16
planetlab4.wail.wisc.edu_plab4.eece.ksu.edu_52616 3	145.894000	134564.499000	0.059000	0.004000	134710.456000	S	60327	16
planetlab4.wail.wisc.edu_plab4.eece.ksu.edu_52628 3	143.665000	134590.042000	0.047000	0.006000	134733.760000	S	60333	16
planetlab4.wail.wisc.edu_plab4.eece.ksu.edu_52630 3	141.763000	134612.097000	0.055000	0.005000	134753.920000	S	60337	16
planetlab4.wail.wisc.edu_plab4.eece.ksu.edu_52637 3	144.838000	134628.746000	0.100000	0.005000	134773.689000	S	60341	16
planetlab4.wail.wisc.edu_plab4.eece.ksu.edu_52646 3	145.385000	134682.985000	0.065000	0.005000	134828.440000	S	60346	16
planetlab4.wail.wisc.edu_plab4.eece.ksu.edu_52662 3	143.134000	134727.298000	0.065000	0.004000	134870.501000	S	60367	16
planetlab4.wail.wisc.edu_plab4.eece.ksu.edu_52664 3	142.118000	134735.633000	0.058000	0.005000	134877.814000	S	60369	16
planetlab4.wail.wisc.edu_plab4.eece.ksu.edu_52682 3	142.112000	134781.401000	0.058000	0.004000	134923.575000	S	60385	16
planetlab4.wail.wisc.edu_plab4.eece.ksu.edu_52684 3	142.921000	134781.598000	0.058000	0.005000	134924.582000	S	60389	16
planetlab4.wail.wisc.edu_plab4.eece.ksu.edu_52702 3	143.073000	134835.457000	0.071000	0.005000	134978.606000	S	60398	16
planetlab4.wail.wisc.edu_plab4.eece.ksu.edu_52706 3	142.425000	134837.584000	0.129000	0.005000	134980.143000	S	60400	16
planetlab4.wail.wisc.edu_plab4.eece.ksu.edu_52708 3	141.712000	134838.455000	0.048000	0.004000	134980.219000	S	60401	16
planetlab4.wail.wisc.edu_plab4.eece.ksu.edu_52710 3	141.584000	134856.237000	0.052000	0.005000	134997.878000	S	60403	16
planetlab4.wail.wisc.edu_plab4.eece.ksu.edu_52714 3	145.823000	134854.608000	0.042000	0.005000	135000.478000	S	60405	16
planetlab4.wail.wisc.edu_plab4.eece.ksu.edu_52716 3	144.230000	134858.239000	0.064000	0.006000	135002.539000	S	60409	16
planetlab4.wail.wisc.edu_plab4.eece.ksu.edu_52728 3	142.379000	134880.341000	0.053000	0.005000	135022.778000	S	60418	16
planetlab4.wail.wisc.edu_plab4.eece.ksu.edu_52744 3	142.624000	134932.267000	0.060000	0.006000	135074.957000	S	60429	16
planetlab4.wail.wisc.edu_plab4.eece.ksu.edu_52746 3	146.594000	134930.859000	0.050000	0.005000	135077.508000	S	60430	16
planetlab4.wail.wisc.edu_plab4.eece.ksu.edu_52750 3	142.425000	134945.736000	0.049000	0.006000	135088.216000	S	60432	16
planetlab4.wail.wisc.edu_plab4.eece.ksu.edu_52752 3	145.603000	134945.402000	0.067000	0.006000	135091.078000	S	60434	16
planetlab4.wail.wisc.edu_plab4.eece.ksu.edu_52754 3	145.349000	134947.369000	0.050000	0.003000	135092.771000	S	60435	16
planetlab4.wail.wisc.edu_plab4.eece.ksu.edu_52756 3	141.963000	134952.593000	0.059000	0.004000	135094.619000	S	60438	16
planetlab4.wail.wisc.edu_plab4.eece.ksu.edu_52764 3	142.670000	134970.390000	0.053000	0.006000	135113.119000	S	60442	16
planetlab4.wail.wisc.edu_plab4.eece.ksu.edu_52766 3	143.815000	134971.308000	0.043000	0.004000	135115.170000	S	60443	16
planetlab4.wail.wisc.edu_plab4.eece.ksu.edu_52772 3	142.310000	134988.933000	0.072000	0.006000	135131.321000	S	60454	16
planetlab4.wail.wisc.edu_plab4.eece.ksu.edu_52782 3	142.709000	135029.856000	0.060000	0.004000	135172.629000	S	60458	16
planetlab4.wail.wisc.edu_plab4.eece.ksu.edu_52784 3	143.228000	135038.704000	0.057000	0.006000	135181.995000	S	60460	16
planetlab4.wail.wisc.edu_plab4.eece.ksu.edu_52790 3	143.606000	135048.937000	0.054000	0.004000	135192.601000	S	60462	16
planetlab4.wail.wisc.edu_plab4.eece.ksu.edu_52792 3	143.846000	135058.594000	0.042000	0.003000	135202.485000	S	60463	16
planetlab4.wail.wisc.edu_plab4.eece.ksu.edu_52796 3	145.314000	135067.228000	0.102000	0.005000	135212.649000	S	60466	16
planetlab4.wail.wisc.edu_plab4.eece.ksu.edu_52804 3	142.909000	135089.459000	0.065000	0.005000	135232.438000	S	60478	16
planetlab4.wail.wisc.edu_plab4.eece.ksu.edu_52812 3	141.828000	135123.244000	0.040000	0.004000	135265.116000	S	60486	16
planetlab4.wail.wisc.edu_plab4.eece.ksu.edu_52814 3	144.575000	135138.333000	0.051000	0.005000	135282.964000	S	60490	16
planetlab4.wail.wisc.edu_plab4.eece.ksu.edu_52816 3	141.725000	135142.674000	0.048000	0.006000	135284.453000	S	60492	16
planetlab4.wail.wisc.edu_plab4.eece.ksu.edu_52820 3	142.239000	135160.604000	0.060000	0.005000	135302.908000	S	60494	16
planetlab4.wail.wisc.edu_plab4.eece.ksu.edu_52822 3	142.627000	135162.503000	0.061000	0.006000	135305.197000	S	60495	16
planetlab4.wail.wisc.edu_plab4.eece.ksu.edu_52826 3	143.445000	135179.078000	0.056000	0.006000	135322.585000	S	60498	16
planetlab4.wail.wisc.edu_plab4.eece.ksu.edu_52832 3	143.662000	135181.221000	0.060000	0.005000	135324.948000	S	60510	16
planetlab4.wail.wisc.edu_plab4.eece.ksu.edu_52836 3	144.456000	135197.739000	0.046000	0.006000	135342.247000	S	60514	16
planetlab4.wail.wisc.edu_plab4.eece.ksu.edu_52838 3	146.310000	135198.984000	0.057000	0.005000	135345.356000	S	60516	16
planetlab4.wail.wisc.edu_plab4.eece.ksu.edu_52840 3	143.005000	135202.344000	0.072000	0.005000	135345.426000	S	60518	16
planetlab4.wail.wisc.edu_plab4.eece.ksu.edu_52842 3	145.181000	135202.401000	0.052000	0.005000	135347.639000	S	60519	16
planetlab4.wail.wisc.edu_plab4.eece.ksu.edu_52844 3	143.155000	135219.133000	0.058000	0.005000	135362.351000	S	60520	16
planetlab4.wail.wisc.edu_plab4.eece.ksu.edu_52846 3	143.425000	135222.391000	0.059000	0.006000	135365.881000	S	60522	16
planetlab4.wail.wisc.edu_plab4.eece.ksu.edu_52850 3	145.059000	135222.177000	0.051000	0.005000	135367.292000	S	60523	16
planetlab4.wail.wisc.edu_plab4.eece.ksu.edu_52852 3	143.232000	135224.275000	0.044000	0.005000	135367.556000	S	60524	16
planetlab4.wail.wisc.edu_plab4.eece.ksu.edu_52856 3	144.208000	135237.789000	0.035000	0.004000	135382.036000	S	60525	16
planetlab4.wail.wisc.edu_plab4.eece.ksu.edu_52858 3	142.209000	135243.381000	0.045000	0.004000	135385.639000	S	60526	16
planetlab4.wail.wisc.edu_plab4.eece.ksu.edu_52860 3	144.172000	135243.520000	0.047000	0.004000	135387.743000	S	60527	16
planetlab4.wail.wisc.edu_plab4.eece.ksu.edu_52864 3	145.684000	135249.045000	0.047000	0.004000	135394.780000	S	60534	16
planetlab4.wail.wisc.edu_plab4.eece.ksu.edu_52866 3	141.693000	135254.506000	0.059000	0.006000	135396.264000	S	60536	16
planetlab4.wail.wisc.edu_plab4.eece.ksu.edu_52870 3	143.396000	135262.036000	0.054000	0.005000	135405.491000	S	60538	16
planetlab4.wail.wisc.edu_plab4.eece.ksu.edu_52872 3	142.933000	135264.630000	0.064000	0.005000	135407.632000	S	60540	16
planetlab4.wail.wisc.edu_plab4.eece.ksu.edu_52878 3	147.126000	135274.692000	0.037000	0.006000	135421.861000	S	60542	16
planetlab4.wail.wisc.edu_plab4.eece.ksu.edu_52880 3	148.753000	135281.680000	0.061000	0.004000	135430.498000	S	60543	16
planetlab4.wail.wisc.edu_plab4.eece.ksu.edu_52882 3	147.390000	135285.073000	0.063000	0.005000	135432.531000	S	60548	16
planetlab4.wail.wisc.edu_plab4.eece.ksu.edu_52884 3	145.831000	135286.941000	0.058000	0.005000	135432.835000	S	60549	16
planetlab4.wail.wisc.edu_plab4.eece.ksu.edu_52886 3	143.771000	135289.623000	0.082000	0.006000	135433.482000	S	60553	16
planetlab4.wail.wisc.edu_plab4.eece.ksu.edu_52888 3	141.697000	135299.820000	0.060000	0.006000	135441.583000	S	60556	16
planetlab4.wail.wisc.edu_plab4.eece.ksu.edu_52890 3	144.718000	135305.599000	0.057000	0.003000	135450.377000	S	60557	16
planetlab4.wail.wisc.edu_plab4.eece.ksu.edu_52892 3	141.614000	135311.169000	0.062000	0.005000	135452.850000	S	60559	16
planetlab4.wail.wisc.edu_plab4.eece.ksu.edu_52894 3	145.939000	135308.375000	0.061000	0.006000	135454.381000	S	60562	16
planetlab4.wail.wisc.edu_plab4.eece.ksu.edu_52896 3	145.289000	135308.900000	0.141000	0.006000	135454.336000	S	60573	16
planetlab4.wail.wisc.edu_plab4.eece.ksu.edu_52898 3	142.306000	135318.693000	0.063000	0.005000	135461.067000	S	60589	16
planetlab4.wail.wisc.edu_plab4.eece.ksu.edu_52900 3	142.746000	135326.945000	0.052000	0.006000	135469.749000	S	60590	16
planetlab4.wail.wisc.edu_plab4.eece.ksu.edu_52902 3	145.108000	135328.105000	0.072000	0.006000	135473.291000	S	60600	16
planetlab4.wail.wisc.edu_plab4.eece.ksu.edu_52904 3	142.669000	135330.655000	0.051000	0.006000	135473.381000	S	60614	16
planetlab4.wail.wisc.edu_plab4.eece.ksu.edu_52906 3	143.415000	135329.886000	0.068000	0.005000	135473.374000	S	60621	16
planetlab4.wail.wisc.edu_plab4.eece.ksu.edu_52908 3	142.029000	135338.934000	0.057000	0.006000	135481.026000	S	60622	16
planetlab4.wail.wisc.edu_plab4.eece.ksu.edu_52910 3	146.516000	135338.007000	0.051000	0.005000	135484.579000	S	60632	16
planetlab4.wail.wisc.edu_plab4.eece.ksu.edu_52912 3	144.343000	135340.158000	0.086000	0.004000	135484.591000	S	60646	16
planetlab4.wail.wisc.edu_plab4.eece.ksu.edu_52914 3	141.892000	135346.889000	0.064000	0.005000	135488.850000	S	60648	16
planetlab4.wail.wisc.edu_plab4.eece.ksu.edu_52916 3	143.122000	135349.387000	0.061000	0.005000	135492.575000	S	60650	16
planetlab4.wail.wisc.edu_plab4.eece.ksu.edu_52918 3	144.601000	135348.104000	0.051000	0.005000	135492.761000	S	60652	16
planetlab4.wail.wisc.edu_plab4.eece.ksu.edu_52920 3	142.661000	135350.733000	0.043000	0.004000	135493.441000	S	60654	16
planetlab4.wail.wisc.edu_plab4.eece.ksu.edu_52924 3	144.896000	135356.216000	0.038000	0.005000	135501.155000	S	60655	16
planetlab4.wail.wisc.edu_plab4.eece.ksu.edu_52926 3	142.447000	135361.611000	0.055000	0.005000	135504.118000	S	60656	16
planetlab4.wail.wisc.edu_plab4.eece.ksu.edu_52928 3	143.221000	135361.178000	0.040000	0.004000	135504.443000	S	60657	16
planetlab4.wail.wisc.edu_plab4.eece.ksu.edu_52930 3	199.518000	135310.800000	0.064000	0.007000	135510.389000	S	60664	16
planetlab4.wail.wisc.edu_plab4.eece.ksu.edu_52932 3	189.307000	135323.374000	0.053000	0.004000	135512.738000	S	60665	16
planetlab4.wail.wisc.edu_plab4.eece.ksu.edu_52936 3	177.165000	135336.097000	0.053000	0.004000	135513.319000	S	60666	16
planetlab4.wail.wisc.edu_plab4.eece.ksu.edu_52938 3	173.403000	135347.439000	0.057000	0.005000	135520.904000	S	60668	16
planetlab4.wail.wisc.edu_plab4.eece.ksu.edu_52940 3	165.950000	135355.147000	0.055000	0.006000	135521.158000	S	60670	16
planetlab4.wail.wisc.edu_plab4.eece.ksu.edu_52944 3	146.321000	135378.908000	0.055000	0.007000	135525.291000	S	60690	16
planetlab4.wail.wisc.edu_plab4.eece.ksu.edu_52950 3	143.002000	135390.085000	0.050000	0.003000	135533.140000	S	60709	16
planetlab4.wail.wisc.edu_plab4.eece.ksu.edu_52958 3	145.485000	135407.456000	0.084000	0.003000	135553.028000	S	60718	16
planetlab4.wail.wisc.edu_plab4.eece.ksu.edu_52962 3	142.101000	135414.501000	0.054000	0.004000	135556.660000	S	60742	16
planetlab4.wail.wisc.edu_plab4.eece.ksu.edu_52964 3	143.066000	135415.645000	0.060000	0.006000	135558.777000	S	60750	16
planetlab4.wail.wisc.edu_plab4.eece.ksu.edu_52966 3	142.652000	135424.126000	0.060000	0.004000	135566.842000	S	60752	16
planetlab4.wail.wisc.edu_plab4.eece.ksu.edu_52970 3	143.803000	135422.503000	0.069000	0.005000	135566.380000	S	60774	16
planetlab4.wail.wisc.edu_plab4.eece.ksu.edu_52972 3	142.744000	135427.949000	0.045000	0.005000	135570.743000	S	60778	16
planetlab4.wail.wisc.edu_plab4.eece.ksu.edu_52974 3	141.926000	135429.792000	0.055000	0.006000	135571.779000	S	60780	16
planetlab4.wail.wisc.edu_plab4.eece.ksu.edu_52978 3	142.269000	135435.652000	0.046000	0.005000	135577.972000	S	60782	16
planetlab4.wail.wisc.edu_plab4.eece.ksu.edu_52980 3	142.837000	135438.208000	0.054000	0.006000	135581.105000	S	60783	16
planetlab4.wail.wisc.edu_plab4.eece.ksu.edu_52988 3	146.792000	135443.620000	0.060000	0.004000	135590.476000	S	60798	16
planetlab4.wail.wisc.edu_plab4.eece.ksu.edu_52994 3	142.283000	135458.469000	0.040000	0.005000	135600.797000	S	60806	16
planetlab4.wail.wisc.edu_plab4.eece.ksu.edu_52996 3	142.367000	135464.776000	0.061000	0.005000	135607.209000	S	60813	16
planetlab4.wail.wisc.edu_plab4.eece.ksu.edu_53018 3	143.284000	135524.690000	0.056000	0.005000	135668.035000	S	60858	16
planetlab4.wail.wisc.edu_plab4.eece.ksu.edu_53020 3	144.736000	135543.493000	0.066000	0.005000	135688.300000	S	60866	16
planetlab4.wail.wisc.edu_plab4.eece.ksu.edu_53022 3	142.435000	135547.320000	0.037000	0.005000	135689.797000	S	60868	16
planetlab4.wail.wisc.edu_plab4.eece.ksu.edu_53024 3	143.998000	135551.720000	0.063000	0.004000	135695.785000	S	60870	16
planetlab4.wail.wisc.edu_plab4.eece.ksu.edu_53026 3	145.468000	135551.492000	0.052000	0.005000	135697.017000	S	60871	16
planetlab4.wail.wisc.edu_plab4.eece.ksu.edu_53028 3	146.533000	135561.468000	0.049000	0.005000	135708.055000	S	60878	16
planetlab4.wail.wisc.edu_plab4.eece.ksu.edu_53030 3	144.944000	135564.843000	0.064000	0.007000	135709.858000	S	60886	16
planetlab4.wail.wisc.edu_plab4.eece.ksu.edu_53032 3	143.985000	135569.309000	0.071000	0.006000	135713.371000	S	60902	16
planetlab4.wail.wisc.edu_plab4.eece.ksu.edu_53034 3	142.632000	135572.144000	0.052000	0.005000	135714.833000	S	60910	16
planetlab1.mnlab.cti.depaul.edu_plab4.eece.ksu.edu_8307 4	777.324000	250249.279000	0.067000	0.007000	251026.677000	S	60319	1088
planetlab1.mnlab.cti.depaul.edu_plab4.eece.ksu.edu_8309 4	717.915000	250310.731000	0.113000	0.008000	251028.767000	S	60335	1088
planetlab4.rutgers.edu_plab4.eece.ksu.edu_23679 5	3759.248000	247270.273000	0.128000	0.012000	251029.661000	S	60288	1024
planetlab4.rutgers.edu_plab4.eece.ksu.edu_23681 5	746.267000	250285.256000	0.248000	0.028000	251031.799000	S	60306	1024
planetlab1.mnlab.cti.depaul.edu_plab4.eece.ksu.edu_8313 4	840.725000	250203.138000	0.059000	0.006000	251043.928000	S	60349	1088
planetlab1.mnlab.cti.depaul.edu_plab4.eece.ksu.edu_8314 4	875.776000	250182.941000	0.034000	0.008000	251058.759000	S	60350	1088
planetlab1.mnlab.cti.depaul.edu_plab4.eece.ksu.edu_8316 4	901.639000	250171.851000	0.188000	0.009000	251073.687000	S	60347	1088
planetlab1.mnlab.cti.depaul.edu_plab4.eece.ksu.edu_8318 4	824.826000	250263.760000	0.044000	0.007000	251088.637000	S	60351	1088
planetlab1.mnlab.cti.depaul.edu_plab4.eece.ksu.edu_8320 4	910.782000	250193.064000	0.063000	0.008000	251103.917000	S	60343	1088
planetlab4.rutgers.edu_plab4.eece.ksu.edu_23683 5	893.233000	250269.581000	0.070000	0.014000	251162.898000	S	60304	1024
planetlab4.rutgers.edu_plab4.eece.ksu.edu_23685 5	909.385000	250269.551000	0.087000	0.007000	251179.030000	S	60305	1024
planetlab4.rutgers.edu_plab4.eece.ksu.edu_23687 5	1071.232000	250162.253000	0.086000	0.010000	251233.581000	S	60308	1024
planetlab4.rutgers.edu_plab4.eece.ksu.edu_23689 5	1042.791000	250190.760000	0.152000	0.010000	251233.713000	S	60312	1024
planetlab1.mnlab.cti.depaul.edu_plab4.eece.ksu.edu_8324 4	870.630000	250377.308000	0.091000	0.010000	251248.039000	S	60415	1088
planetlab4.rutgers.edu_plab4.eece.ksu.edu_23691 5	962.378000	250320.587000	0.077000	0.011000	251283.053000	S	60336	1024
planetlab4.rutgers.edu_plab4.eece.ksu.edu_23693 5	1084.446000	250223.955000	0.099000	0.009000	251308.509000	S	60368	1024
planetlab4.rutgers.edu_plab4.eece.ksu.edu_23695 5	919.507000	250391.446000	0.095000	0.010000	251311.058000	S	60396	1024
planetlab4.rutgers.edu_plab4.eece.ksu.edu_23698 5	787.972000	250562.287000	0.100000	0.010000	251350.369000	S	60472	1024
planetlab4.rutgers.edu_plab4.eece.ksu.edu_23700 5	798.641000	250568.392000	0.102000	0.011000	251367.146000	S	60480	1024
planetlab4.rutgers.edu_plab4.eece.ksu.edu_23702 5	861.902000	250517.156000	0.076000	0.011000	251379.145000	S	60467	1024
planetlab2.acis.ufl.edu_plab4.eece.ksu.edu_16726 6	936.944000	250456.927000	0.111000	0.021000	251394.003000	S	60437	1056
planetlab4.rutgers.edu_plab4.eece.ksu.edu_23704 5	741.086000	250653.973000	0.115000	0.012000	251395.186000	S	60499	1024
planetlab4.rutgers.edu_plab4.eece.ksu.edu_23706 5	778.916000	250628.344000	0.083000	0.011000	251407.354000	S	60493	1024
planetlab4.rutgers.edu_plab4.eece.ksu.edu_23708 5	712.154000	250711.069000	0.105000	0.011000	251423.339000	S	60515	1024
planetlab4.rutgers.edu_plab4.eece.ksu.edu_23710 5	713.107000	250722.871000	0.102000	0.010000	251436.090000	S	60529	1024
planetlab4.rutgers.edu_plab4.eece.ksu.edu_23712 5	712.694000	250741.015000	0.090000	0.010000	251453.809000	S	60530	1024
planetlab4.rutgers.edu_plab4.eece.ksu.edu_23714 5	714.986000	250748.878000	0.080000	0.011000	251463.955000	S	60531	1024
planetlab4.rutgers.edu_plab4.eece.ksu.edu_23716 5	713.597000	250769.834000	0.083000	0.013000	251483.527000	S	60535	1024
planetlab4.rutgers.edu_plab4.eece.ksu.edu_23718 5	716.150000	250776.205000	0.082000	0.011000	251492.448000	S	60539	1024
planetlab4.rutgers.edu_plab4.eece.ksu.edu_23720 5	712.776000	250798.372000	0.094000	0.010000	251511.252000	S	60544	1024
planetlab4.rutgers.edu_plab4.eece.ksu.edu_23722 5	713.919000	250830.349000	0.099000	0.011000	251544.378000	S	60583	1024
planetlab4.rutgers.edu_plab4.eece.ksu.edu_23724 5	717.286000	250844.223000	0.099000	0.013000	251561.621000	S	60608	1024
planetlab4.rutgers.edu_plab4.eece.ksu.edu_23726 5	711.967000	250860.829000	0.073000	0.012000	251572.881000	S	60610	1024
planetlab4.rutgers.edu_plab4.eece.ksu.edu_23728 5	711.682000	250878.064000	0.069000	0.012000	251589.827000	S	60612	1024
planetlab4.rutgers.edu_plab4.eece.ksu.edu_23730 5	718.754000	250886.086000	0.084000	0.010000	251604.934000	S	60609	1024
planetlab4.rutgers.edu_plab4.eece.ksu.edu_23732 5	713.766000	250904.310000	0.107000	0.010000	251618.193000	S	60616	1024
planetlab4.rutgers.edu_plab4.eece.ksu.edu_23734 5	714.951000	250915.106000	0.096000	0.012000	251630.165000	S	60624	1024
planetlab4.rutgers.edu_plab4.eece.ksu.edu_23736 5	710.428000	250936.108000	0.096000	0.007000	251646.639000	S	60640	1024
planetlab4.rutgers.edu_plab4.eece.ksu.edu_23738 5	714.380000	250945.724000	0.110000	0.036000	251660.250000	S	60659	1024
planetlab4.rutgers.edu_plab4.eece.ksu.edu_23740 5	714.848000	250960.173000	0.115000	0.012000	251675.148000	S	60678	1024
planetlab4.rutgers.edu_plab4.eece.ksu.edu_23742 5	715.817000	250970.241000	0.109000	0.013000	251686.180000	S	60691	1024
planetlab4.rutgers.edu_plab4.eece.ksu.edu_23744 5	742.393000	250960.666000	0.109000	0.013000	251703.181000	S	60707	1024
planetlab4.rutgers.edu_plab4.eece.ksu.edu_23746 5	772.437000	250941.870000	0.180000	0.011000	251714.498000	S	60721	1024
planetlab4.rutgers.edu_plab4.eece.ksu.edu_23748 5	772.717000	250959.443000	0.081000	0.011000	251732.252000	S	60722	1024
planetlab4.rutgers.edu_plab4.eece.ksu.edu_23750 5	762.120000	250981.011000	0.100000	0.164000	251743.395000	S	60727	1024
planetlab1.mnlab.cti.depaul.edu_plab4.eece.ksu.edu_8364 4	803.657000	250952.222000	0.074000	0.009000	251755.962000	S	60764	1088
planetlab4.rutgers.edu_plab4.eece.ksu.edu_23752 5	779.265000	250979.819000	0.079000	0.012000	251759.175000	S	60723	1024
planetlab4.rutgers.edu_plab4.eece.ksu.edu_23754 5	783.639000	250988.787000	0.088000	0.012000	251772.526000	S	60731	1024
planetlab4.rutgers.edu_plab4.eece.ksu.edu_23756 5	959.848000	250827.691000	0.092000	0.011000	251787.642000	S	60739	1024
planetlab4.rutgers.edu_plab4.eece.ksu.edu_23758 5	927.719000	250871.787000	0.087000	0.011000	251799.604000	S	60753	1024
