planet2.cs.rochester.edu_planet12.csc.ncsu.edu_1612 1	1559.455000	581.306000	0.017000	0.000000	2140.778000	86432	672
planet2.cs.rochester.edu_planet12.csc.ncsu.edu_1726 1	1958.316000	613.178000	0.017000	0.000000	2571.511000	86536	672
planetlab2.williams.edu_planet12.csc.ncsu.edu_1096 3	3194.372000	0.026000	0.016000	0.000000	3194.414000	86126	1312
planetlab2.williams.edu_planet12.csc.ncsu.edu_1102 3	3227.761000	0.102000	0.014000	0.000000	3227.877000	86237	1312
planetlab2.williams.edu_planet12.csc.ncsu.edu_1107 3	3265.441000	0.034000	0.014000	0.000000	3265.489000	86365	1312
planetlab2.williams.edu_planet12.csc.ncsu.edu_1114 3	3320.747000	0.022000	0.015000	0.000000	3320.784000	86429	1312
planetlab2.williams.edu_planet12.csc.ncsu.edu_1121 3	3400.815000	0.409000	0.022000	0.000000	3401.246000	86477	1312
planetlab2.williams.edu_planet12.csc.ncsu.edu_1128 3	3436.400000	0.155000	0.015000	0.000000	3436.570000	86485	1312
planetlab2.williams.edu_planet12.csc.ncsu.edu_1131 3	3438.694000	0.022000	0.012000	0.000000	3438.728000	86489	1312
planetlab2.williams.edu_planet12.csc.ncsu.edu_1134 3	3449.632000	0.025000	0.015000	0.000000	3449.672000	86492	1312
planetlab2.williams.edu_planet12.csc.ncsu.edu_1136 3	3449.635000	0.220000	0.024000	0.000000	3449.879000	86493	1312
planetlab2.williams.edu_planet12.csc.ncsu.edu_1139 3	3457.724000	0.027000	0.015000	0.000000	3457.766000	86495	1312
planetlab2.williams.edu_planet12.csc.ncsu.edu_1146 3	3518.490000	0.087000	0.018000	0.000000	3518.595000	86525	1312
planetlab2.csee.usf.edu_planet12.csc.ncsu.edu_1209 2	4236.295000	502.013000	0.041000	0.000000	4738.349000	86582	2400
planetlab2.netlab.uky.edu_planet12.csc.ncsu.edu_2083 2	289.481000	4583.448000	0.034000	0.000000	4872.963000	86065	544
planetlab2.netlab.uky.edu_planet12.csc.ncsu.edu_2125 2	405.565000	4612.608000	0.025000	0.000000	5018.198000	86085	544
planetlab2.netlab.uky.edu_planet12.csc.ncsu.edu_2136 2	428.297000	4642.502000	0.018000	0.000000	5070.817000	86089	544
planetlab2.netlab.uky.edu_planet12.csc.ncsu.edu_2147 2	452.241000	4654.006000	0.029000	0.000000	5106.276000	86092	544
planetlab2.netlab.uky.edu_planet12.csc.ncsu.edu_2149 2	452.571000	4657.759000	0.013000	0.000000	5110.343000	86093	544
planetlab2.netlab.uky.edu_planet12.csc.ncsu.edu_2155 2	471.300000	4662.717000	0.020000	0.000000	5134.037000	86095	544
planetlab2.netlab.uky.edu_planet12.csc.ncsu.edu_2173 2	554.948000	4664.791000	0.030000	0.000000	5219.769000	86109	544
planetlab2.netlab.uky.edu_planet12.csc.ncsu.edu_2201 2	625.706000	4688.744000	0.020000	0.000000	5314.470000	86125	544
planetlab2.cs.uoregon.edu_planet12.csc.ncsu.edu_865 3	5407.014000	0.351000	0.041000	0.000000	5407.406000	86077	3104
planetlab2.cs.uoregon.edu_planet12.csc.ncsu.edu_867 3	5412.432000	0.303000	0.051000	0.000000	5412.786000	86088	3104
planetlab2.cs.uoregon.edu_planet12.csc.ncsu.edu_869 3	5413.195000	0.304000	0.015000	0.000000	5413.514000	86178	3104
planetlab2.cs.uoregon.edu_planet12.csc.ncsu.edu_871 3	5412.791000	0.455000	0.017000	0.000000	5413.263000	86390	3104
planetlab2.netlab.uky.edu_planet12.csc.ncsu.edu_2290 2	945.069000	4693.040000	0.020000	0.000000	5638.129000	86190	544
planetlab2.netlab.uky.edu_planet12.csc.ncsu.edu_2337 2	1098.845000	4769.912000	0.017000	0.000000	5868.774000	86221	544
planetlab2.netlab.uky.edu_planet12.csc.ncsu.edu_2366 2	1171.343000	4809.370000	0.024000	0.000000	5980.737000	86235	544
planetlab2.netlab.uky.edu_planet12.csc.ncsu.edu_2489 2	1735.829000	4704.112000	0.039000	0.000000	6439.980000	86349	544
plonk.cs.uwaterloo.ca_planet12.csc.ncsu.edu_1059 3	2344.190000	4418.387000	0.019000	0.000000	6762.596000	86079	800
planetlab2.netlab.uky.edu_planet12.csc.ncsu.edu_2718 2	2489.701000	4778.788000	0.019000	0.000000	7268.508000	86501	544
planetlab-2.cmcl.cs.cmu.edu_planet12.csc.ncsu.edu_1359 3	7378.465000	0.284000	0.054000	0.000000	7378.803000	86526	560
planetlab2.netlab.uky.edu_planet12.csc.ncsu.edu_2757 2	2672.585000	4740.740000	0.041000	0.000000	7413.366000	86545	544
planetlab2.netlab.uky.edu_planet12.csc.ncsu.edu_2773 2	2736.508000	4731.955000	0.057000	0.000000	7468.520000	86561	544
planetlab2.netlab.uky.edu_planet12.csc.ncsu.edu_2798 2	2814.196000	4737.976000	0.029000	0.000000	7552.201000	86574	544
planetlab2.netlab.uky.edu_planet12.csc.ncsu.edu_2801 2	2822.890000	4738.195000	0.021000	0.000000	7561.106000	86576	544
planetlab2.netlab.uky.edu_planet12.csc.ncsu.edu_2803 2	2823.862000	4738.320000	0.119000	0.000000	7562.301000	86577	544
planetlab2.netlab.uky.edu_planet12.csc.ncsu.edu_2809 2	2843.538000	4736.386000	0.017000	0.000000	7579.941000	86579	544
planetlab2.netlab.uky.edu_planet12.csc.ncsu.edu_2824 2	2862.794000	4770.537000	0.018000	0.000000	7633.349000	86581	544
planetlab2.netlab.uky.edu_planet12.csc.ncsu.edu_2826 2	2882.314000	4751.582000	0.022000	0.000000	7633.918000	86585	544
planetlab2.netlab.uky.edu_planet12.csc.ncsu.edu_2870 2	3028.354000	4809.193000	0.023000	0.000000	7837.570000	86605	544
planetlab2.netlab.uky.edu_planet12.csc.ncsu.edu_2904 2	3095.142000	4899.679000	0.022000	0.000000	7994.843000	86619	544
planetlab-2.cmcl.cs.cmu.edu_planet12.csc.ncsu.edu_1397 3	8013.151000	0.348000	0.039000	0.000000	8013.538000	86614	560
planetlab2.netlab.uky.edu_planet12.csc.ncsu.edu_2946 2	3213.100000	4935.746000	0.016000	0.000000	8148.862000	86641	544
plonk.cs.uwaterloo.ca_planet12.csc.ncsu.edu_1355 3	4703.464000	3612.390000	0.034000	0.000000	8315.888000	86273	800
plonk.cs.uwaterloo.ca_planet12.csc.ncsu.edu_1371 3	5251.582000	3095.719000	0.033000	0.000000	8347.334000	86388	800
plonk.cs.uwaterloo.ca_planet12.csc.ncsu.edu_1384 3	5719.774000	2650.183000	0.023000	0.000000	8369.980000	86507	800
planetlab5.csee.usf.edu_planet12.csc.ncsu.edu_2811 3	4892.473000	4212.605000	0.032000	0.000000	9105.110000	86050	608
planetlab5.csee.usf.edu_planet12.csc.ncsu.edu_2821 3	5071.853000	4094.488000	0.022000	0.000000	9166.363000	86082	608
planetlab5.csee.usf.edu_planet12.csc.ncsu.edu_2845 3	5315.596000	3959.464000	0.021000	0.000000	9275.081000	86112	608
planetlab5.csee.usf.edu_planet12.csc.ncsu.edu_2847 3	5315.898000	3959.927000	0.011000	0.000000	9275.836000	86114	608
planetlab5.csee.usf.edu_planet12.csc.ncsu.edu_2850 3	5341.129000	3943.453000	0.020000	0.000000	9284.602000	86115	608
planetlab5.csee.usf.edu_planet12.csc.ncsu.edu_2852 3	5368.688000	3927.548000	0.021000	0.000000	9296.257000	86118	608
planetlab5.csee.usf.edu_planet12.csc.ncsu.edu_2855 3	5385.648000	3916.393000	0.025000	0.000000	9302.066000	86122	608
planetlab5.csee.usf.edu_planet12.csc.ncsu.edu_2858 3	5419.471000	3900.716000	0.027000	0.000000	9320.214000	86130	608
planetlab5.csee.usf.edu_planet12.csc.ncsu.edu_2915 3	6080.635000	3478.220000	0.026000	0.000000	9558.881000	86242	608
planetlab5.csee.usf.edu_planet12.csc.ncsu.edu_2963 3	6654.661000	3203.218000	0.033000	0.000000	9857.912000	86370	608
planetlab5.csee.usf.edu_planet12.csc.ncsu.edu_3072 3	8168.981000	2190.597000	0.023000	0.000000	10359.601000	86626	608
mtuplanetlab2.cs.mtu.edu_planet12.csc.ncsu.edu_2110 2	2136.871000	11058.720000	0.031000	0.000000	13195.622000	86415	736
planetlab1.netlab.uky.edu_planet12.csc.ncsu.edu_1338 4	13227.764000	0.261000	0.037000	0.000000	13228.062000	86064	1440
planetlab1.rutgers.edu_planet12.csc.ncsu.edu_4920 3	5482.175000	8591.859000	0.053000	0.000000	14074.087000	86147	512
planetlab1.rutgers.edu_planet12.csc.ncsu.edu_5110 3	6537.023000	8427.866000	0.067000	0.000000	14964.956000	86359	512
planetlab1.rutgers.edu_planet12.csc.ncsu.edu_5203 3	7124.981000	11160.909000	0.053000	0.000000	18285.943000	86461	512
planetlab1.rutgers.edu_planet12.csc.ncsu.edu_5209 3	7144.638000	11149.231000	0.047000	0.000000	18293.916000	86472	512
planetlab4.tamu.edu_planet12.csc.ncsu.edu_909 4	10131.912000	13059.335000	0.029000	0.000000	23191.276000	86481	624
planetlab1.cs.purdue.edu_planet12.csc.ncsu.edu_1833 5	29147.151000	0.362000	0.032000	0.000000	29147.545000	86062	2208
planetlab-01.ece.uprm.edu_planet12.csc.ncsu.edu_3057 3	29252.044000	0.507000	0.071000	0.000000	29252.622000	86111	2144
planetlab-01.ece.uprm.edu_planet12.csc.ncsu.edu_3061 3	29430.303000	3.837000	0.056000	0.000000	29434.196000	86252	2144
planetlab-01.ece.uprm.edu_planet12.csc.ncsu.edu_3064 3	29594.508000	0.564000	0.054000	0.000000	29595.126000	86380	2144
planetlab-01.ece.uprm.edu_planet12.csc.ncsu.edu_3066 3	29603.278000	0.348000	0.040000	0.000000	29603.666000	86444	2144
planetlab-01.ece.uprm.edu_planet12.csc.ncsu.edu_3072 3	29677.473000	0.606000	0.062000	0.000000	29678.141000	86476	2144
planetlab-01.ece.uprm.edu_planet12.csc.ncsu.edu_3074 3	29726.272000	0.352000	0.055000	0.000000	29726.679000	86500	2144
planetlab-01.ece.uprm.edu_planet12.csc.ncsu.edu_3076 3	29737.685000	0.259000	0.041000	0.000000	29737.985000	86508	2144
planetlab-01.ece.uprm.edu_planet12.csc.ncsu.edu_3078 3	29752.373000	0.474000	0.043000	0.000000	29752.890000	86504	2144
planetlab-01.ece.uprm.edu_planet12.csc.ncsu.edu_3080 3	29790.674000	0.067000	0.058000	0.000000	29790.799000	86509	2144
planetlab-01.ece.uprm.edu_planet12.csc.ncsu.edu_3083 3	29798.870000	0.385000	0.045000	0.000000	29799.300000	86510	2144
planetlab-01.ece.uprm.edu_planet12.csc.ncsu.edu_3085 3	29809.191000	0.288000	0.050000	0.000000	29809.529000	86524	2144
planetlab1.cs.purdue.edu_planet12.csc.ncsu.edu_1842 5	29834.949000	0.095000	0.027000	0.000000	29835.071000	86610	2208
planetlabpc2.upf.edu_planet12.csc.ncsu.edu_1708 5	27905.967000	2932.982000	0.037000	0.000000	30838.986000	86148	2592
planetlabpc2.upf.edu_planet12.csc.ncsu.edu_1709 5	27899.183000	2939.840000	0.023000	0.000000	30839.046000	86160	2592
planetlabpc2.upf.edu_planet12.csc.ncsu.edu_1710 5	27996.666000	3148.960000	0.243000	0.000000	31145.869000	86036	2592
planetlabpc2.upf.edu_planet12.csc.ncsu.edu_1712 5	28018.938000	3124.160000	0.021000	0.000000	31143.119000	86164	2592
planetlabpc2.upf.edu_planet12.csc.ncsu.edu_1716 5	28098.661000	3044.695000	0.030000	0.000000	31143.386000	86165	2592
planetlabpc2.upf.edu_planet12.csc.ncsu.edu_1720 5	28098.944000	3045.581000	0.018000	0.000000	31144.543000	86172	2592
planetlabpc2.upf.edu_planet12.csc.ncsu.edu_1714 5	28034.134000	3111.326000	0.022000	0.000000	31145.482000	86166	2592
planetlabpc2.upf.edu_planet12.csc.ncsu.edu_1718 5	28099.955000	3045.420000	0.019000	0.000000	31145.394000	86196	2592
planetlabpc2.upf.edu_planet12.csc.ncsu.edu_1724 5	28278.530000	2866.582000	0.023000	0.000000	31145.135000	86228	2592
planetlabpc2.upf.edu_planet12.csc.ncsu.edu_1722 5	28278.505000	2865.717000	0.041000	0.000000	31144.263000	86311	2592
planetlabpc2.upf.edu_planet12.csc.ncsu.edu_1726 5	28191.956000	3144.869000	0.035000	0.000000	31336.860000	86420	2592
planetlab2.eecs.umich.edu_planet12.csc.ncsu.edu_7120 3	29589.049000	2742.940000	0.073000	0.000000	32332.062000	86067	2048
planetlab2.eecs.umich.edu_planet12.csc.ncsu.edu_7125 3	29599.857000	2742.034000	0.078000	0.000000	32341.969000	86086	2048
planetlab2.eecs.umich.edu_planet12.csc.ncsu.edu_7243 3	30098.063000	2704.568000	0.076000	0.000000	32802.707000	86233	2048
planetlab2.eecs.umich.edu_planet12.csc.ncsu.edu_7272 3	30207.943000	2726.852000	0.078000	0.000000	32934.873000	86285	2048
planetlab5.cs.uiuc.edu_planet12.csc.ncsu.edu_938 3	10426.221000	45556.447000	0.012000	0.000000	55982.680000	86117	2336
planetlab5.cs.uiuc.edu_planet12.csc.ncsu.edu_939 3	10433.294000	45550.315000	0.011000	0.000000	55983.620000	86159	2336
planetlab5.cs.uiuc.edu_planet12.csc.ncsu.edu_940 3	10463.459000	45524.527000	0.011000	0.000000	55987.997000	86266	2336
planetlab5.cs.uiuc.edu_planet12.csc.ncsu.edu_942 3	10487.044000	45509.485000	0.010000	0.000000	55996.539000	86449	2336
planetlab5.cs.uiuc.edu_planet12.csc.ncsu.edu_943 3	10493.478000	45502.746000	0.009000	0.000000	55996.233000	86553	2336
plab4.eece.ksu.edu_planet12.csc.ncsu.edu_6488 4	32480.133000	25716.999000	0.022000	0.000000	58197.154000	86123	2080
plab4.eece.ksu.edu_planet12.csc.ncsu.edu_6492 4	32499.379000	25708.459000	0.017000	0.000000	58207.855000	86128	2080
plab4.eece.ksu.edu_planet12.csc.ncsu.edu_6504 4	32792.238000	25450.017000	0.022000	0.000000	58242.277000	86211	2080
plab4.eece.ksu.edu_planet12.csc.ncsu.edu_6514 4	33077.159000	25203.365000	0.032000	0.000000	58280.556000	86304	2080
plab4.eece.ksu.edu_planet12.csc.ncsu.edu_6520 4	33224.268000	25061.874000	0.022000	0.000000	58286.164000	86339	2080
plab4.eece.ksu.edu_planet12.csc.ncsu.edu_6522 4	33273.207000	25014.665000	0.026000	0.000000	58287.898000	86357	2080
plab4.eece.ksu.edu_planet12.csc.ncsu.edu_6526 4	33351.620000	24940.038000	0.024000	0.000000	58291.682000	86463	2080
plab4.eece.ksu.edu_planet12.csc.ncsu.edu_6528 4	33371.690000	24953.479000	0.027000	0.000000	58325.196000	86466	2080
plab4.eece.ksu.edu_planet12.csc.ncsu.edu_6530 4	33374.430000	24950.819000	0.014000	0.000000	58325.263000	86467	2080
plab4.eece.ksu.edu_planet12.csc.ncsu.edu_6532 4	33377.625000	24947.575000	0.023000	0.000000	58325.223000	86475	2080
plab4.eece.ksu.edu_planet12.csc.ncsu.edu_6534 4	33380.548000	24949.600000	0.014000	0.000000	58330.162000	86471	2080
plab4.eece.ksu.edu_planet12.csc.ncsu.edu_6536 4	33382.639000	24949.323000	0.015000	0.000000	58331.977000	86483	2080
plab4.eece.ksu.edu_planet12.csc.ncsu.edu_6538 4	33394.965000	24941.294000	0.017000	0.000000	58336.276000	86499	2080
plab4.eece.ksu.edu_planet12.csc.ncsu.edu_6544 4	33508.926000	24860.546000	0.023000	0.000000	58369.495000	86540	2080
plab4.eece.ksu.edu_planet12.csc.ncsu.edu_6546 4	33533.087000	24836.225000	0.022000	0.000000	58369.334000	86560	2080
plab4.eece.ksu.edu_planet12.csc.ncsu.edu_6548 4	33533.026000	24841.509000	0.018000	0.000000	58374.553000	86571	2080
plab4.eece.ksu.edu_planet12.csc.ncsu.edu_6550 4	33542.165000	24834.169000	0.017000	0.000000	58376.351000	86603	2080
plab4.eece.ksu.edu_planet12.csc.ncsu.edu_6552 4	33567.214000	24813.284000	0.021000	0.000000	58380.519000	86613	2080
plab4.eece.ksu.edu_planet12.csc.ncsu.edu_6554 4	33594.157000	24820.174000	0.031000	0.000000	58414.362000	86627	2080
plab4.eece.ksu.edu_planet12.csc.ncsu.edu_6556 4	33603.226000	24811.131000	0.018000	0.000000	58414.375000	86633	2080
plab4.eece.ksu.edu_planet12.csc.ncsu.edu_6558 4	33604.619000	24815.743000	0.016000	0.000000	58420.378000	86634	2080
plab4.eece.ksu.edu_planet12.csc.ncsu.edu_6560 4	33614.951000	24806.790000	0.018000	0.000000	58421.759000	86635	2080
plab4.eece.ksu.edu_planet12.csc.ncsu.edu_6562 4	33627.001000	24798.979000	0.016000	0.000000	58425.996000	86639	2080
plab4.eece.ksu.edu_planet12.csc.ncsu.edu_6564 4	33628.113000	24813.767000	0.017000	0.000000	58441.897000	86651	2080
plab4.eece.ksu.edu_planet12.csc.ncsu.edu_6660 4	35712.716000	23071.992000	0.020000	0.000000	58784.728000	86403	2080
plab4.eece.ksu.edu_planet12.csc.ncsu.edu_6664 4	35759.109000	23054.642000	0.024000	0.000000	58813.775000	86465	2080
planetlab-3.cmcl.cs.cmu.edu_planet12.csc.ncsu.edu_2201 5	88010.714000	0.067000	0.066000	0.000000	88010.847000	86264	1568
planetlab-3.cmcl.cs.cmu.edu_planet12.csc.ncsu.edu_2204 5	88040.303000	0.062000	0.051000	0.000000	88040.416000	86316	1568
planetlab-3.cmcl.cs.cmu.edu_planet12.csc.ncsu.edu_2206 5	88047.907000	0.209000	0.041000	0.000000	88048.157000	86451	1568
planetlab-3.cmcl.cs.cmu.edu_planet12.csc.ncsu.edu_2208 5	88051.516000	0.050000	0.040000	0.000000	88051.606000	86470	1568
planetlab4.cs.uiuc.edu_planet12.csc.ncsu.edu_342 6	14887.014000	74766.499000	0.016000	0.000000	89653.529000	86393	2720
planetlab2.acis.ufl.edu_planet12.csc.ncsu.edu_7458 4	220428.361000	0.172000	0.029000	0.000000	220428.562000	86039	1056
planetlab4.rutgers.edu_planet12.csc.ncsu.edu_9669 3	220427.884000	0.030000	0.042000	0.000000	220427.956000	86113	1024
planetlab2.acis.ufl.edu_planet12.csc.ncsu.edu_7460 4	220442.353000	0.603000	0.033000	0.000000	220442.989000	86055	1056
planetlab2.acis.ufl.edu_planet12.csc.ncsu.edu_7462 4	220470.895000	0.550000	0.035000	0.000000	220471.480000	86087	1056
pl2.cs.unm.edu_planet12.csc.ncsu.edu_3645 3	220585.640000	0.522000	0.064000	0.000000	220586.226000	86100	1120
planetlab4.rutgers.edu_planet12.csc.ncsu.edu_9690 3	220637.438000	0.109000	0.023000	0.000000	220637.570000	86226	1024
planetlab2.acis.ufl.edu_planet12.csc.ncsu.edu_7464 4	220658.488000	0.417000	0.034000	0.000000	220658.939000	86139	1056
planetlab2.acis.ufl.edu_planet12.csc.ncsu.edu_7466 4	220684.381000	0.086000	0.027000	0.000000	220684.494000	86151	1056
planetlab2.acis.ufl.edu_planet12.csc.ncsu.edu_7468 4	220696.645000	0.147000	0.026000	0.000000	220696.818000	86161	1056
planetlab4.rutgers.edu_planet12.csc.ncsu.edu_9704 3	220676.819000	24.038000	0.023000	0.000000	220700.880000	86305	1024
planetlab4.rutgers.edu_planet12.csc.ncsu.edu_9711 3	220699.647000	24.685000	0.014000	0.000000	220724.346000	86337	1024
planetlab2.acis.ufl.edu_planet12.csc.ncsu.edu_7470 4	220730.383000	0.035000	0.030000	0.000000	220730.448000	86244	1056
pl2.cs.unm.edu_planet12.csc.ncsu.edu_3649 3	220735.733000	0.192000	0.018000	0.000000	220735.943000	86206	1120
planetlab2.acis.ufl.edu_planet12.csc.ncsu.edu_7472 4	220739.731000	0.133000	0.019000	0.000000	220739.883000	86279	1056
pl2.cs.unm.edu_planet12.csc.ncsu.edu_3651 3	220744.166000	0.128000	0.048000	0.000000	220744.342000	86219	1120
planetlab4.rutgers.edu_planet12.csc.ncsu.edu_9726 3	220735.635000	71.415000	0.022000	0.000000	220807.072000	86368	1024
planetlab4.rutgers.edu_planet12.csc.ncsu.edu_9728 3	220746.041000	67.524000	0.024000	0.000000	220813.589000	86369	1024
planetlab4.rutgers.edu_planet12.csc.ncsu.edu_9731 3	220752.072000	79.299000	0.033000	0.000000	220831.404000	86371	1024
planetlab4.rutgers.edu_planet12.csc.ncsu.edu_9734 3	220751.372000	81.007000	0.013000	0.000000	220832.392000	86373	1024
planetlab4.rutgers.edu_planet12.csc.ncsu.edu_9738 3	220764.210000	79.056000	0.025000	0.000000	220843.291000	86377	1024
