planetlab1.cs.uoregon.edu_planetlab1.cs.uoregon.edu_11195 0	1.265000	120.194000	0.016000	0.000000	121.475000	S	10053	256
planetlab4.rutgers.edu_planetlab1.cs.uoregon.edu_12159 2	250.279000	153.518000	0.059000	0.003000	403.859000	S	10054	1024
planetlab4.rutgers.edu_planetlab1.cs.uoregon.edu_12231 2	251.139000	277.918000	0.056000	0.006000	529.119000	S	10066	1024
planetlab4.rutgers.edu_planetlab1.cs.uoregon.edu_12252 2	249.889000	322.696000	0.039000	0.006000	572.630000	S	10068	1024
planetlab4.rutgers.edu_planetlab1.cs.uoregon.edu_12258 2	250.319000	325.176000	0.060000	0.007000	575.562000	S	10070	1024
planetlab4.rutgers.edu_planetlab1.cs.uoregon.edu_12266 2	252.052000	353.790000	0.043000	0.006000	605.891000	S	10071	1024
planetlab1.cs.unc.edu_planetlab1.cs.uoregon.edu_6676 3	296.089000	359.983000	0.079000	0.009000	656.160000	S	10060	528
planetlab4.rutgers.edu_planetlab1.cs.uoregon.edu_12308 2	249.807000	447.268000	0.041000	0.006000	697.122000	S	10078	1024
planetlab1.cs.uoregon.edu_planetlab1.cs.uoregon.edu_11256 0	0.879000	736.633000	0.015000	0.000000	737.527000	S	10113	256
planetlab4.rutgers.edu_planetlab1.cs.uoregon.edu_12340 2	250.254000	507.728000	0.087000	0.006000	758.075000	S	10085	1024
planetlab4.rutgers.edu_planetlab1.cs.uoregon.edu_12354 2	249.708000	536.532000	0.064000	0.006000	786.310000	S	10088	1024
planetlab1.rutgers.edu_planetlab1.cs.uoregon.edu_10713 2	266.044000	575.761000	0.063000	0.004000	841.872000	S	10080	512
planetlab1.cs.uoregon.edu_planetlab1.cs.uoregon.edu_11272 0	0.566000	882.320000	0.013000	0.000000	882.899000	S	10128	256
planetlab1.cs.uoregon.edu_planetlab1.cs.uoregon.edu_11274 0	0.560000	882.622000	0.011000	0.000000	883.193000	S	10129	256
planetlab1.cs.uoregon.edu_planetlab1.cs.uoregon.edu_11277 0	0.644000	885.554000	0.012000	0.000000	886.210000	S	10131	256
planetlab1.cs.uoregon.edu_planetlab1.cs.uoregon.edu_11280 0	0.619000	889.658000	0.011000	0.000000	890.288000	S	10133	256
planetlab1.cs.uoregon.edu_planetlab1.cs.uoregon.edu_11285 0	0.817000	923.563000	0.016000	0.000000	924.396000	S	10137	256
planetlab4.rutgers.edu_planetlab1.cs.uoregon.edu_12437 2	250.409000	700.865000	0.045000	0.006000	951.325000	S	10102	1024
planetlab-01.bu.edu_planetlab1.cs.uoregon.edu_4197 3	279.520000	689.578000	0.079000	0.006000	969.183000	S	10087	640
planetlab1.cs.cornell.edu_planetlab1.cs.uoregon.edu_3108 1	217.774000	836.207000	0.042000	0.003000	1054.026000	S	10124	1280
planetlab1.cs.uoregon.edu_planetlab1.cs.uoregon.edu_11310 0	0.899000	1126.797000	0.014000	0.000000	1127.710000	S	10159	256
planetlab1.cs.uoregon.edu_planetlab1.cs.uoregon.edu_11313 0	0.541000	1130.590000	0.012000	0.000000	1131.143000	S	10161	256
planetlab4.rutgers.edu_planetlab1.cs.uoregon.edu_12507 2	326.075000	866.465000	0.042000	0.005000	1192.587000	S	10114	1024
planetlab1.cs.uoregon.edu_planetlab1.cs.uoregon.edu_11346 0	0.661000	1421.976000	0.016000	0.000000	1422.653000	S	10193	256
planetlab2.mnlab.cti.depaul.edu_planetlab1.cs.uoregon.edu_3631 3	330.863000	1179.784000	0.067000	0.008000	1510.722000	S	10139	1152
planetlab1.cs.uoregon.edu_planetlab1.cs.uoregon.edu_11356 0	1.750000	1522.619000	0.012000	0.000000	1524.381000	S	10202	256
pluto.cs.brown.edu_planetlab1.cs.uoregon.edu_3895 1	242.880000	1331.946000	0.040000	0.067000	1574.933000	S	10182	768
planetlab4.rutgers.edu_planetlab1.cs.uoregon.edu_12642 2	250.431000	1336.104000	0.049000	0.005000	1586.589000	S	10149	1024
planetlab2.eecs.umich.edu_planetlab1.cs.uoregon.edu_11956 2	1610.084000	134.796000	0.183000	0.007000	1745.070000	S	10052	2048
planetlab2.mnlab.cti.depaul.edu_planetlab1.cs.uoregon.edu_3665 3	247.009000	1508.553000	0.075000	0.007000	1755.644000	S	10155	1152
planetlab2.mnlab.cti.depaul.edu_planetlab1.cs.uoregon.edu_3671 3	246.339000	1569.353000	0.052000	0.010000	1815.754000	S	10163	1152
planetlab2.mnlab.cti.depaul.edu_planetlab1.cs.uoregon.edu_3684 3	245.310000	1706.039000	0.072000	0.008000	1951.429000	S	10169	1152
planetlab1.cs.uoregon.edu_planetlab1.cs.uoregon.edu_11402 0	0.513000	1951.485000	0.012000	0.000000	1952.010000	S	10247	256
planetlab2.mnlab.cti.depaul.edu_planetlab1.cs.uoregon.edu_3687 3	246.312000	1715.375000	0.073000	0.011000	1961.771000	S	10170	1152
planetlab2.mnlab.cti.depaul.edu_planetlab1.cs.uoregon.edu_3695 3	244.752000	1767.045000	0.061000	0.008000	2011.866000	S	10171	1152
planetlab2.mnlab.cti.depaul.edu_planetlab1.cs.uoregon.edu_3702 3	247.817000	1798.368000	0.137000	0.009000	2046.331000	S	10175	1152
planetlab4.rutgers.edu_planetlab1.cs.uoregon.edu_12887 2	257.158000	2080.569000	0.050000	0.006000	2337.783000	S	10181	1024
planetlab2.cs.umass.edu_planetlab1.cs.uoregon.edu_2028 2	279.479000	2066.464000	0.063000	0.006000	2346.012000	S	10260	1408
planetlabpc2.upf.edu_planetlab1.cs.uoregon.edu_2221 4	1234.127000	1156.472000	1.523000	0.027000	2392.149000	S	10147	2592
planetlab2.eecs.umich.edu_planetlab1.cs.uoregon.edu_12027 2	2144.814000	253.889000	0.133000	0.012000	2398.848000	S	10065	2048
planetlab1.cs.pitt.edu_planetlab1.cs.uoregon.edu_5755 1	295.515000	2179.706000	0.094000	0.003000	2475.318000	S	10076	384
planetlab1.cs.pitt.edu_planetlab1.cs.uoregon.edu_5766 1	292.648000	2191.744000	0.020000	0.003000	2484.415000	S	10092	384
planetlab1.cs.pitt.edu_planetlab1.cs.uoregon.edu_5780 1	291.181000	2249.268000	0.029000	0.002000	2540.480000	S	10100	384
planetlab1.cs.pitt.edu_planetlab1.cs.uoregon.edu_5789 1	293.984000	2276.404000	0.021000	0.003000	2570.412000	S	10104	384
planetlab1.cs.pitt.edu_planetlab1.cs.uoregon.edu_5794 1	293.357000	2278.160000	0.021000	0.003000	2571.541000	S	10108	384
planetlab1.cs.pitt.edu_planetlab1.cs.uoregon.edu_5798 1	292.574000	2287.263000	0.021000	0.003000	2579.861000	S	10109	384
planetlab1.cs.pitt.edu_planetlab1.cs.uoregon.edu_5802 1	295.201000	2302.418000	0.018000	0.002000	2597.639000	S	10110	384
planetlab2.eecs.umich.edu_planetlab1.cs.uoregon.edu_12057 2	2264.536000	393.007000	0.151000	0.013000	2657.707000	S	10081	2048
planetlab2.eecs.umich.edu_planetlab1.cs.uoregon.edu_12070 2	2264.062000	518.719000	0.137000	0.016000	2782.934000	S	10094	2048
planetlab1.cs.cornell.edu_planetlab1.cs.uoregon.edu_3313 1	220.213000	2566.651000	0.034000	0.001000	2786.899000	S	10314	1280
planetlab1.cs.uoregon.edu_planetlab1.cs.uoregon.edu_11496 0	0.627000	2795.854000	0.011000	0.000000	2796.492000	S	10340	256
planetlab1.cs.pitt.edu_planetlab1.cs.uoregon.edu_5871 1	291.906000	2533.191000	0.040000	0.003000	2825.140000	S	10236	384
planetlab2.eecs.umich.edu_planetlab1.cs.uoregon.edu_12075 2	2287.584000	546.364000	0.096000	0.015000	2834.059000	S	10096	2048
planetlab1.cs.uoregon.edu_planetlab1.cs.uoregon.edu_11511 0	1.149000	2912.627000	0.013000	0.000000	2913.789000	S	10354	256
planetlab2.eecs.umich.edu_planetlab1.cs.uoregon.edu_12081 2	2315.091000	615.708000	0.128000	0.018000	2930.945000	S	10097	2048
planetlab2.eecs.umich.edu_planetlab1.cs.uoregon.edu_12083 2	2292.743000	662.568000	0.135000	0.013000	2955.459000	S	10099	2048
planetlab2.eecs.umich.edu_planetlab1.cs.uoregon.edu_12085 2	2296.399000	665.853000	0.114000	0.009000	2962.375000	S	10101	2048
planetlab2.eecs.umich.edu_planetlab1.cs.uoregon.edu_12095 2	2296.598000	852.141000	1.313000	0.013000	3150.065000	S	10105	2048
planetlab2.eecs.umich.edu_planetlab1.cs.uoregon.edu_12107 2	2243.935000	1027.570000	0.128000	0.013000	3271.646000	S	10116	2048
planetlab1.cs.uoregon.edu_planetlab1.cs.uoregon.edu_11550 0	1.078000	3263.154000	0.011000	0.000000	3264.243000	S	10392	256
planetlab1.cs.uoregon.edu_planetlab1.cs.uoregon.edu_11563 0	3.158000	3355.749000	0.012000	0.000000	3358.919000	S	10404	256
planetlab2.eecs.umich.edu_planetlab1.cs.uoregon.edu_12113 2	2232.540000	1135.499000	0.129000	0.010000	3368.178000	S	10121	2048
planetlab1.eecs.umich.edu_planetlab1.cs.uoregon.edu_3201 1	364.985000	3017.013000	0.073000	0.003000	3382.074000	S	10305	2304
planetlab2.eecs.umich.edu_planetlab1.cs.uoregon.edu_12127 2	2239.083000	1430.596000	0.142000	0.010000	3669.831000	S	10130	2048
planetlab1.cs.uoregon.edu_planetlab1.cs.uoregon.edu_11596 0	0.545000	3663.069000	0.017000	0.000000	3663.631000	S	10436	256
planetlab1.cs.uoregon.edu_planetlab1.cs.uoregon.edu_11627 0	0.671000	3923.082000	0.011000	0.000000	3923.764000	S	10464	256
planetlab1.cs.uoregon.edu_planetlab1.cs.uoregon.edu_11632 0	0.589000	3944.787000	0.012000	0.000000	3945.388000	S	10468	256
planetlab1.cs.uoregon.edu_planetlab1.cs.uoregon.edu_11634 0	0.458000	3945.680000	0.010000	0.000000	3946.148000	S	10469	256
planetlab1.cs.uoregon.edu_planetlab1.cs.uoregon.edu_11636 0	0.550000	3945.832000	0.015000	0.000000	3946.397000	S	10470	256
planetlab1.cs.uoregon.edu_planetlab1.cs.uoregon.edu_11643 0	1.778000	4006.312000	0.012000	0.000000	4008.102000	S	10476	256
planetlab1.cs.uoregon.edu_planetlab1.cs.uoregon.edu_11652 0	1.223000	4067.618000	0.011000	0.000000	4068.852000	S	10484	256
planetlab5.csee.usf.edu_planetlab1.cs.uoregon.edu_5504 4	795.898000	3839.820000	0.076000	0.009000	4635.803000	S	10069	608
planetlab1.eecs.umich.edu_planetlab1.cs.uoregon.edu_3344 1	370.984000	4255.964000	0.076000	0.003000	4627.027000	S	10411	2304
planetlab2.eecs.umich.edu_planetlab1.cs.uoregon.edu_12194 2	2162.665000	2543.602000	0.094000	0.010000	4706.371000	S	10190	2048
planetlab2.eecs.umich.edu_planetlab1.cs.uoregon.edu_12200 2	2023.364000	2790.526000	0.141000	0.009000	4814.040000	S	10214	2048
planetlab4.rutgers.edu_planetlab1.cs.uoregon.edu_13002 2	249.724000	4606.568000	0.058000	0.006000	4856.356000	S	10198	1024
planetlab1.cs.uoregon.edu_planetlab1.cs.uoregon.edu_11741 0	0.753000	4864.720000	0.011000	0.000000	4865.484000	S	10572	256
planetlab2.eecs.umich.edu_planetlab1.cs.uoregon.edu_12203 2	2005.959000	2932.114000	0.133000	0.017000	4938.223000	S	10218	2048
planetlab2.eecs.umich.edu_planetlab1.cs.uoregon.edu_12205 2	2032.333000	2906.716000	0.139000	0.010000	4939.198000	S	10220	2048
planetlab2.eecs.umich.edu_planetlab1.cs.uoregon.edu_12210 2	2046.905000	3014.656000	0.139000	0.009000	5061.709000	S	10222	2048
planetlab1.eecs.umich.edu_planetlab1.cs.uoregon.edu_3435 1	363.848000	4749.995000	0.079000	0.003000	5113.925000	S	10462	2304
planetlab2.eecs.umich.edu_planetlab1.cs.uoregon.edu_12213 2	2085.353000	3047.428000	0.123000	0.012000	5132.916000	S	10223	2048
pl1.rcc.uottawa.ca_planetlab1.cs.uoregon.edu_43132 1	208.193000	5054.035000	0.033000	0.003000	5262.264000	S	10049	0
pl1.rcc.uottawa.ca_planetlab1.cs.uoregon.edu_43134 1	208.711000	5053.821000	0.027000	0.002000	5262.561000	S	10050	0
planetlab2.eecs.umich.edu_planetlab1.cs.uoregon.edu_12220 2	2096.391000	3199.242000	0.208000	0.018000	5295.859000	S	10225	2048
pl1.rcc.uottawa.ca_planetlab1.cs.uoregon.edu_43162 1	209.218000	5110.514000	0.029000	0.003000	5319.764000	S	10051	0
pl1.rcc.uottawa.ca_planetlab1.cs.uoregon.edu_43195 1	210.194000	5167.099000	0.030000	0.003000	5377.326000	S	10055	0
pl1.rcc.uottawa.ca_planetlab1.cs.uoregon.edu_43199 1	210.481000	5167.723000	0.025000	0.003000	5378.232000	S	10056	0
pl1.rcc.uottawa.ca_planetlab1.cs.uoregon.edu_43222 1	208.396000	5213.980000	0.021000	0.003000	5422.400000	S	10057	0
planetlab2.eecs.umich.edu_planetlab1.cs.uoregon.edu_12233 2	2086.205000	3328.283000	0.157000	0.007000	5414.652000	S	10238	2048
planetlab4.rutgers.edu_planetlab1.cs.uoregon.edu_13073 2	250.490000	5172.575000	0.052000	0.005000	5423.122000	S	10209	1024
pl1.rcc.uottawa.ca_planetlab1.cs.uoregon.edu_43224 1	210.432000	5220.709000	0.026000	0.002000	5431.169000	S	10058	0
pl1.rcc.uottawa.ca_planetlab1.cs.uoregon.edu_43227 1	215.244000	5216.351000	0.023000	0.002000	5431.620000	S	10059	0
pl1.rcc.uottawa.ca_planetlab1.cs.uoregon.edu_43244 1	208.934000	5267.197000	0.019000	0.087000	5476.237000	S	10061	0
vn4.cse.wustl.edu_planetlab1.cs.uoregon.edu_7496 1	337.278000	5150.092000	0.031000	0.003000	5487.404000	S	10082	272
planetlab-1.cse.ohio-state.edu_planetlab1.cs.uoregon.edu_2830 3	1225.593000	4269.983000	0.132000	0.023000	5495.731000	S	10288	2560
pl1.rcc.uottawa.ca_planetlab1.cs.uoregon.edu_43263 1	208.170000	5299.841000	0.021000	0.004000	5508.036000	S	10062	0
planetlab4.rutgers.edu_planetlab1.cs.uoregon.edu_13092 2	248.802000	5261.515000	0.059000	0.003000	5510.379000	S	10212	1024
pl1.rcc.uottawa.ca_planetlab1.cs.uoregon.edu_43267 1	209.097000	5324.777000	0.020000	0.003000	5533.897000	S	10063	0
planetlab4.rutgers.edu_planetlab1.cs.uoregon.edu_13096 2	250.487000	5281.431000	0.049000	0.006000	5531.973000	S	10213	1024
planetlab4.rutgers.edu_planetlab1.cs.uoregon.edu_13098 2	251.836000	5281.736000	0.051000	0.004000	5533.627000	S	10215	1024
pl1.rcc.uottawa.ca_planetlab1.cs.uoregon.edu_43296 1	208.388000	5398.650000	0.020000	0.002000	5607.060000	S	10067	0
planetlab4.rutgers.edu_planetlab1.cs.uoregon.edu_13133 2	251.986000	5400.207000	0.066000	0.005000	5652.264000	S	10221	1024
vn4.cse.wustl.edu_planetlab1.cs.uoregon.edu_7537 1	322.999000	5339.284000	0.030000	0.003000	5662.316000	S	10146	272
pl1.rcc.uottawa.ca_planetlab1.cs.uoregon.edu_43332 1	209.056000	5467.726000	0.028000	0.005000	5676.815000	S	10073	0
pl1.rcc.uottawa.ca_planetlab1.cs.uoregon.edu_43334 1	209.202000	5474.428000	0.017000	0.003000	5683.650000	S	10074	0
pl1.rcc.uottawa.ca_planetlab1.cs.uoregon.edu_43345 1	208.658000	5502.504000	0.020000	0.003000	5711.185000	S	10075	0
pl1.rcc.uottawa.ca_planetlab1.cs.uoregon.edu_43353 1	212.466000	5534.782000	0.026000	0.005000	5747.279000	S	10077	0
pl1.rcc.uottawa.ca_planetlab1.cs.uoregon.edu_43356 1	210.242000	5537.676000	0.024000	0.003000	5747.945000	S	10079	0
planetlab4.rutgers.edu_planetlab1.cs.uoregon.edu_13196 2	250.340000	5551.825000	0.040000	0.004000	5802.209000	S	10229	1024
planetlab2.eecs.umich.edu_planetlab1.cs.uoregon.edu_12302 2	1123.020000	4682.631000	0.125000	0.008000	5805.784000	S	10319	2048
pl1.rcc.uottawa.ca_planetlab1.cs.uoregon.edu_43381 1	208.940000	5624.669000	0.036000	0.003000	5833.648000	S	10083	0
planetlab1.rutgers.edu_planetlab1.cs.uoregon.edu_11528 2	264.596000	5589.641000	0.056000	0.005000	5854.298000	S	10122	512
planetlab2.eecs.umich.edu_planetlab1.cs.uoregon.edu_12333 2	1301.682000	4622.869000	0.135000	0.010000	5924.696000	S	10324	2048
planetlab1.rutgers.edu_planetlab1.cs.uoregon.edu_11551 2	382.078000	5552.232000	0.085000	0.003000	5934.398000	S	10132	512
planetlab4.rutgers.edu_planetlab1.cs.uoregon.edu_13284 2	411.196000	5517.934000	0.040000	0.005000	5929.175000	S	10243	1024
pl1.rcc.uottawa.ca_planetlab1.cs.uoregon.edu_43437 1	210.681000	5754.711000	0.029000	0.001000	5965.422000	S	10089	0
planetlab1.rutgers.edu_planetlab1.cs.uoregon.edu_11563 2	267.407000	5700.785000	0.066000	0.004000	5968.262000	S	10148	512
pl1.rcc.uottawa.ca_planetlab1.cs.uoregon.edu_43447 1	207.892000	5774.863000	0.032000	0.002000	5982.789000	S	10090	0
pl1.rcc.uottawa.ca_planetlab1.cs.uoregon.edu_43455 1	208.093000	5810.643000	0.027000	0.004000	6018.767000	S	10091	0
planetlab03.cs.washington.edu_planetlab1.cs.uoregon.edu_6744 1	25.231000	6004.305000	0.036000	0.004000	6029.576000	S	10280	320
pl1.rcc.uottawa.ca_planetlab1.cs.uoregon.edu_43482 1	207.387000	5903.211000	0.033000	0.003000	6110.634000	S	10095	0
planetlab1.rutgers.edu_planetlab1.cs.uoregon.edu_11583 2	331.503000	5791.327000	0.076000	0.007000	6122.913000	S	10160	512
planetlab1.rutgers.edu_planetlab1.cs.uoregon.edu_11594 2	424.692000	5827.676000	0.051000	0.006000	6252.425000	S	10164	512
planetlab1.rutgers.edu_planetlab1.cs.uoregon.edu_11596 2	419.935000	5834.722000	0.043000	0.005000	6254.705000	S	10165	512
planetlab1.rutgers.edu_planetlab1.cs.uoregon.edu_11598 2	414.424000	5841.474000	0.085000	0.004000	6255.987000	S	10166	512
planetlab1.rutgers.edu_planetlab1.cs.uoregon.edu_11605 2	387.651000	5876.251000	0.075000	0.005000	6263.982000	S	10172	512
pl1.rcc.uottawa.ca_planetlab1.cs.uoregon.edu_43564 1	209.137000	6112.672000	0.026000	0.004000	6321.839000	S	10103	0
planetlab4.rutgers.edu_planetlab1.cs.uoregon.edu_13400 2	249.185000	6103.581000	0.038000	0.007000	6352.811000	S	10273	1024
planetlab4.rutgers.edu_planetlab1.cs.uoregon.edu_13403 2	251.670000	6113.839000	0.053000	0.005000	6365.567000	S	10274	1024
pl1.rcc.uottawa.ca_planetlab1.cs.uoregon.edu_43597 1	207.825000	6178.208000	0.019000	0.003000	6386.055000	S	10107	0
planetlab1.cs.unc.edu_planetlab1.cs.uoregon.edu_7854 3	302.637000	6088.387000	0.077000	0.009000	6391.110000	S	10195	528
planetlab4.rutgers.edu_planetlab1.cs.uoregon.edu_13407 2	250.757000	6141.012000	0.079000	0.005000	6391.853000	S	10275	1024
planetlab5.eecs.umich.edu_planetlab1.cs.uoregon.edu_5541 2	371.985000	6039.955000	0.035000	0.007000	6411.982000	S	10351	416
planetlab4.rutgers.edu_planetlab1.cs.uoregon.edu_13422 2	252.299000	6196.904000	0.055000	0.006000	6449.264000	S	10279	1024
planetlab4.rutgers.edu_planetlab1.cs.uoregon.edu_13441 2	249.942000	6261.010000	0.046000	0.005000	6511.003000	S	10283	1024
planetlab6.cs.duke.edu_planetlab1.cs.uoregon.edu_9321 1	267.923000	6321.919000	0.097000	0.006000	6589.945000	S	10231	288
planetlab4.rutgers.edu_planetlab1.cs.uoregon.edu_13488 2	250.822000	6353.291000	0.054000	0.004000	6604.171000	S	10291	1024
pl1.rcc.uottawa.ca_planetlab1.cs.uoregon.edu_43678 1	210.188000	6430.979000	0.018000	0.003000	6641.188000	S	10120	0
planetlab03.cs.washington.edu_planetlab1.cs.uoregon.edu_6823 1	22.292000	6622.210000	0.046000	0.003000	6644.551000	S	10333	320
pl1.rcc.uottawa.ca_planetlab1.cs.uoregon.edu_43689 1	208.520000	6474.846000	0.025000	0.002000	6683.393000	S	10123	0
planetlab2.mnlab.cti.depaul.edu_planetlab1.cs.uoregon.edu_4778 3	245.330000	6584.400000	0.116000	0.006000	6829.852000	S	10235	1152
planetlab2.cs.pitt.edu_planetlab1.cs.uoregon.edu_4658 2	301.867000	6637.940000	0.038000	0.006000	6939.851000	S	10289	304
planetlab1.cs.pitt.edu_planetlab1.cs.uoregon.edu_6819 1	292.985000	6782.850000	0.021000	0.002000	7075.858000	S	10505	384
pl1.rcc.uottawa.ca_planetlab1.cs.uoregon.edu_43825 1	208.876000	6965.819000	0.019000	0.002000	7174.716000	S	10141	0
pluto.cs.brown.edu_planetlab1.cs.uoregon.edu_4606 1	235.449000	7077.249000	0.032000	0.003000	7312.733000	S	10267	768
planetlab1.eecs.umich.edu_planetlab1.cs.uoregon.edu_3655 1	366.173000	7112.596000	0.084000	0.003000	7478.856000	S	10645	2304
pl1.rcc.uottawa.ca_planetlab1.cs.uoregon.edu_43851 1	211.329000	7285.704000	0.039000	0.003000	7497.075000	S	10144	0
planetlab2.eecs.umich.edu_planetlab1.cs.uoregon.edu_12627 2	4920.250000	2632.292000	0.128000	0.012000	7552.682000	S	10158	2048
pl1.rcc.uottawa.ca_planetlab1.cs.uoregon.edu_43856 1	209.174000	7400.454000	0.025000	0.002000	7609.655000	S	10145	0
planetlab6.cs.duke.edu_planetlab1.cs.uoregon.edu_9576 1	268.003000	7346.286000	0.033000	0.003000	7614.325000	S	10370	288
planetlab1.cs.cornell.edu_planetlab1.cs.uoregon.edu_4089 1	215.728000	7670.190000	0.048000	0.002000	7885.968000	S	10489	1280
planetlab-01.bu.edu_planetlab1.cs.uoregon.edu_5533 3	280.317000	7795.674000	0.079000	0.009000	8076.079000	S	10125	640
planetlab1.cs.cornell.edu_planetlab1.cs.uoregon.edu_4209 1	217.832000	7849.669000	0.038000	0.002000	8067.541000	S	10617	1280
planetlab03.cs.washington.edu_planetlab1.cs.uoregon.edu_7000 1	22.998000	8121.228000	0.028000	0.003000	8144.257000	S	10423	320
pl1.rcc.uottawa.ca_planetlab1.cs.uoregon.edu_43913 1	208.303000	8371.434000	0.034000	0.002000	8579.773000	S	10152	0
pl1.rcc.uottawa.ca_planetlab1.cs.uoregon.edu_43922 1	210.061000	8479.213000	0.030000	0.003000	8689.307000	S	10153	0
pl1.rcc.uottawa.ca_planetlab1.cs.uoregon.edu_43949 1	209.178000	8633.230000	0.024000	0.004000	8842.436000	S	10154	0
pl1.rcc.uottawa.ca_planetlab1.cs.uoregon.edu_43963 1	211.779000	8717.076000	0.025000	0.002000	8928.882000	S	10156	0
node1.planetlab.albany.edu_planetlab1.cs.uoregon.edu_30972 2	252.963000	8837.286000	0.039000	0.005000	9090.293000	S	10086	32
pl1.rcc.uottawa.ca_planetlab1.cs.uoregon.edu_44003 1	209.092000	8951.723000	0.026000	0.003000	9160.844000	S	10167	0
pl1.rcc.uottawa.ca_planetlab1.cs.uoregon.edu_44018 1	209.637000	9040.289000	0.022000	0.003000	9249.951000	S	10168	0
node1.planetlab.albany.edu_planetlab1.cs.uoregon.edu_31089 2	251.355000	9080.903000	0.040000	0.003000	9332.301000	S	10093	32
planetlab6.cs.duke.edu_planetlab1.cs.uoregon.edu_9982 1	268.651000	9192.591000	0.023000	0.003000	9461.268000	S	10498	288
pl1.rcc.uottawa.ca_planetlab1.cs.uoregon.edu_44108 1	211.053000	9480.336000	0.026000	0.004000	9691.419000	S	10179	0
planetlab-1.cse.ohio-state.edu_planetlab1.cs.uoregon.edu_3006 3	601.064000	9085.436000	0.171000	0.023000	9686.694000	S	10384	2560
pluto.cs.brown.edu_planetlab1.cs.uoregon.edu_4901 1	236.284000	9566.351000	0.023000	0.002000	9802.660000	S	10533	768
pl1.rcc.uottawa.ca_planetlab1.cs.uoregon.edu_44150 1	208.095000	9666.233000	0.024000	0.004000	9874.356000	S	10185	0
pl1.rcc.uottawa.ca_planetlab1.cs.uoregon.edu_44175 1	211.285000	9772.857000	0.026000	0.002000	9984.170000	S	10186	0
pl1.rcc.uottawa.ca_planetlab1.cs.uoregon.edu_44189 1	209.725000	9838.688000	0.032000	0.002000	10048.447000	S	10187	0
pl1.rcc.uottawa.ca_planetlab1.cs.uoregon.edu_44200 1	208.644000	9861.659000	0.024000	0.002000	10070.329000	S	10189	0
pl1.rcc.uottawa.ca_planetlab1.cs.uoregon.edu_44211 1	210.406000	9887.975000	0.019000	0.003000	10098.403000	S	10191	0
vn4.cse.wustl.edu_planetlab1.cs.uoregon.edu_8041 1	325.418000	9801.032000	0.037000	0.003000	10126.490000	S	10583	272
planetlab-1.cse.ohio-state.edu_planetlab1.cs.uoregon.edu_3045 3	615.264000	9589.281000	0.141000	0.022000	10204.708000	S	10400	2560
planetlab7.flux.utah.edu_planetlab1.cs.uoregon.edu_4106 3	235.628000	9988.449000	0.055000	0.004000	10224.136000	S	10460	1536
planetlab7.flux.utah.edu_planetlab1.cs.uoregon.edu_4109 3	233.021000	9991.348000	0.056000	0.007000	10224.432000	S	10504	1536
pl1.rcc.uottawa.ca_planetlab1.cs.uoregon.edu_44237 1	209.725000	10036.618000	0.021000	0.002000	10246.366000	S	10196	0
planetlab-1.cse.ohio-state.edu_planetlab1.cs.uoregon.edu_3051 3	619.800000	9650.081000	0.070000	0.024000	10269.975000	S	10416	2560
planetlab-1.cse.ohio-state.edu_planetlab1.cs.uoregon.edu_3056 3	636.339000	9661.354000	0.147000	0.027000	10297.867000	S	10417	2560
pl1.rcc.uottawa.ca_planetlab1.cs.uoregon.edu_44245 1	208.298000	10107.275000	0.025000	0.003000	10315.601000	S	10197	0
planetlab-1.cse.ohio-state.edu_planetlab1.cs.uoregon.edu_3058 3	609.123000	9703.833000	0.148000	0.017000	10313.121000	S	10418	2560
planetlab-1.cse.ohio-state.edu_planetlab1.cs.uoregon.edu_3061 3	629.017000	9710.847000	0.141000	0.025000	10340.030000	S	10420	2560
pl1.rcc.uottawa.ca_planetlab1.cs.uoregon.edu_44265 1	208.798000	10158.415000	0.025000	0.003000	10367.241000	S	10201	0
planetlab4.rutgers.edu_planetlab1.cs.uoregon.edu_14375 2	251.895000	10174.440000	0.058000	0.004000	10426.397000	S	10335	1024
pl1.rcc.uottawa.ca_planetlab1.cs.uoregon.edu_44294 1	210.002000	10226.923000	0.025000	0.003000	10436.953000	S	10203	0
pl1.rcc.uottawa.ca_planetlab1.cs.uoregon.edu_44296 1	211.326000	10226.392000	0.020000	0.003000	10437.741000	S	10204	0
pl1.rcc.uottawa.ca_planetlab1.cs.uoregon.edu_44298 1	211.232000	10226.831000	0.018000	0.001000	10438.082000	S	10205	0
pl1.rcc.uottawa.ca_planetlab1.cs.uoregon.edu_44305 1	209.768000	10245.238000	0.027000	0.003000	10455.036000	S	10207	0
planetlab4.rutgers.edu_planetlab1.cs.uoregon.edu_14386 2	250.496000	10202.876000	0.047000	0.004000	10453.423000	S	10339	1024
planetlab7.flux.utah.edu_planetlab1.cs.uoregon.edu_4146 3	236.535000	10240.065000	0.080000	0.007000	10476.687000	S	10647	1536
planetlab-1.cse.ohio-state.edu_planetlab1.cs.uoregon.edu_3081 3	1158.534000	9352.778000	0.193000	0.027000	10511.532000	S	10424	2560
pl1.rcc.uottawa.ca_planetlab1.cs.uoregon.edu_44355 1	210.072000	10415.945000	0.022000	0.003000	10626.042000	S	10211	0
planetlab03.cs.washington.edu_planetlab1.cs.uoregon.edu_7353 1	23.179000	10601.745000	0.063000	0.001000	10624.988000	S	10595	320
pl1.rcc.uottawa.ca_planetlab1.cs.uoregon.edu_44370 1	210.185000	10465.325000	0.038000	0.002000	10675.550000	S	10216	0
planetlab-1.cse.ohio-state.edu_planetlab1.cs.uoregon.edu_3106 3	681.572000	10072.773000	0.114000	0.026000	10754.485000	S	10480	2560
pluto.cs.brown.edu_planetlab1.cs.uoregon.edu_5023 1	237.062000	10675.465000	0.024000	0.002000	10912.553000	S	10576	768
planetlab-1.cse.ohio-state.edu_planetlab1.cs.uoregon.edu_3173 3	899.544000	10536.291000	0.139000	0.025000	11435.999000	S	10499	2560
planetlab1.tamu.edu_planetlab1.cs.uoregon.edu_4188 2	279.265000	11264.692000	0.475000	0.004000	11544.436000	S	10217	832
planetlab2.eecs.umich.edu_planetlab1.cs.uoregon.edu_13018 2	2182.517000	9662.355000	0.105000	0.011000	11844.988000	S	10471	2048
planetlab2.clemson.edu_planetlab1.cs.uoregon.edu_2643 4	514.787000	12449.963000	0.138000	0.039000	12964.927000	S	10589	2688
node1.planetlab.albany.edu_planetlab1.cs.uoregon.edu_32367 2	243.623000	12757.514000	0.046000	0.005000	13001.188000	S	10157	32
pl1.rcc.uottawa.ca_planetlab1.cs.uoregon.edu_44413 1	210.609000	13380.038000	0.026000	0.003000	13590.676000	S	10219	0
planetlab2.eecs.umich.edu_planetlab1.cs.uoregon.edu_13134 2	1903.351000	12005.877000	0.095000	0.044000	13909.367000	S	10500	2048
planetlab2.acis.ufl.edu_planetlab1.cs.uoregon.edu_10760 3	318.203000	13603.987000	0.051000	0.008000	13922.249000	S	10309	1056
pl1.rcc.uottawa.ca_planetlab1.cs.uoregon.edu_44577 1	209.228000	13864.857000	0.027000	0.003000	14074.115000	S	10237	0
pl1.rcc.uottawa.ca_planetlab1.cs.uoregon.edu_44597 1	209.299000	13905.737000	0.028000	0.002000	14115.066000	S	10240	0
pl1.rcc.uottawa.ca_planetlab1.cs.uoregon.edu_44603 1	208.914000	13923.722000	0.026000	0.003000	14132.665000	S	10241	0
pl1.rcc.uottawa.ca_planetlab1.cs.uoregon.edu_44609 1	208.907000	13945.798000	0.023000	0.002000	14154.730000	S	10242	0
pl1.rcc.uottawa.ca_planetlab1.cs.uoregon.edu_44627 1	208.744000	14004.976000	0.033000	0.004000	14213.757000	S	10244	0
pl1.rcc.uottawa.ca_planetlab1.cs.uoregon.edu_44643 1	208.488000	14029.267000	0.038000	0.002000	14237.795000	S	10248	0
planetlab2.umassd.edu_planetlab1.cs.uoregon.edu_19074 2	290.219000	14073.676000	0.036000	0.008000	14363.939000	S	10072	64
pl1.rcc.uottawa.ca_planetlab1.cs.uoregon.edu_44702 1	209.068000	14158.046000	0.109000	0.001000	14367.224000	S	10254	0
pl1.rcc.uottawa.ca_planetlab1.cs.uoregon.edu_44713 1	210.541000	14187.569000	0.060000	0.003000	14398.173000	S	10256	0
pl1.rcc.uottawa.ca_planetlab1.cs.uoregon.edu_44765 1	209.250000	14315.679000	0.035000	0.003000	14524.967000	S	10262	0
planetlab6.cs.duke.edu_planetlab1.cs.uoregon.edu_10319 1	268.768000	14289.244000	0.033000	0.002000	14558.047000	S	10624	288
pl1.rcc.uottawa.ca_planetlab1.cs.uoregon.edu_44806 1	210.560000	14412.861000	0.111000	0.003000	14623.535000	S	10266	0
planetlab6.cs.duke.edu_planetlab1.cs.uoregon.edu_10325 1	268.725000	14370.629000	0.035000	0.002000	14639.391000	S	10626	288
planetlab6.cs.duke.edu_planetlab1.cs.uoregon.edu_10327 1	268.831000	14375.906000	0.018000	0.001000	14644.756000	S	10627	288
pl1.rcc.uottawa.ca_planetlab1.cs.uoregon.edu_44822 1	208.570000	14457.893000	0.182000	0.004000	14666.649000	S	10268	0
pl1.rcc.uottawa.ca_planetlab1.cs.uoregon.edu_44840 1	212.804000	14509.728000	0.034000	0.003000	14722.569000	S	10270	0
pl1.rcc.uottawa.ca_planetlab1.cs.uoregon.edu_44849 1	209.985000	14537.765000	0.140000	0.003000	14747.893000	S	10271	0
planetlab6.cs.duke.edu_planetlab1.cs.uoregon.edu_10339 1	268.760000	14490.941000	0.018000	0.005000	14759.724000	S	10630	288
pl1.rcc.uottawa.ca_planetlab1.cs.uoregon.edu_44856 1	209.933000	14570.383000	0.022000	0.002000	14780.340000	S	10272	0
planetlab2.umassd.edu_planetlab1.cs.uoregon.edu_19177 2	291.290000	14508.984000	0.067000	0.005000	14800.346000	S	10084	64
planetlab4.rutgers.edu_planetlab1.cs.uoregon.edu_15371 2	249.688000	14637.104000	0.049000	0.006000	14886.847000	S	10403	1024
planetlab6.cs.duke.edu_planetlab1.cs.uoregon.edu_10358 1	269.084000	14671.145000	0.026000	0.004000	14940.259000	S	10634	288
pl1.rcc.uottawa.ca_planetlab1.cs.uoregon.edu_44919 1	208.323000	14759.230000	0.029000	0.003000	14967.585000	S	10278	0
planetlab4.rutgers.edu_planetlab1.cs.uoregon.edu_15383 2	250.639000	14773.179000	0.060000	0.005000	15023.883000	S	10421	1024
pl1.rcc.uottawa.ca_planetlab1.cs.uoregon.edu_44959 1	208.443000	14848.380000	0.020000	0.002000	15056.845000	S	10282	0
ebb.colgate.edu_planetlab1.cs.uoregon.edu_4088 4	359.597000	14719.972000	0.074000	0.016000	15079.659000	S	10408	1184
pl1.rcc.uottawa.ca_planetlab1.cs.uoregon.edu_44969 1	210.492000	14884.233000	0.027000	0.002000	15094.754000	S	10284	0
pl1.rcc.uottawa.ca_planetlab1.cs.uoregon.edu_44983 1	208.734000	14920.230000	0.027000	0.002000	15128.993000	S	10286	0
planetlab6.cs.duke.edu_planetlab1.cs.uoregon.edu_10384 1	272.410000	14883.491000	0.033000	0.013000	15155.947000	S	10642	288
pl1.rcc.uottawa.ca_planetlab1.cs.uoregon.edu_44999 1	209.259000	14957.707000	0.023000	0.003000	15166.992000	S	10287	0
planetlab4.rutgers.edu_planetlab1.cs.uoregon.edu_15392 2	371.386000	14814.386000	0.050000	0.005000	15185.827000	S	10432	1024
pl1.rcc.uottawa.ca_planetlab1.cs.uoregon.edu_45025 1	210.877000	15025.646000	0.026000	0.003000	15236.552000	S	10290	0
pl1.rcc.uottawa.ca_planetlab1.cs.uoregon.edu_45042 1	207.973000	15065.276000	0.023000	0.003000	15273.275000	S	10292	0
pl1.rcc.uottawa.ca_planetlab1.cs.uoregon.edu_45047 1	210.581000	15070.980000	0.026000	0.002000	15281.589000	S	10293	0
planetlab1.rutgers.edu_planetlab1.cs.uoregon.edu_12940 2	287.869000	15027.343000	0.071000	0.005000	15315.288000	S	10228	512
pl1.rcc.uottawa.ca_planetlab1.cs.uoregon.edu_45059 1	208.134000	15107.843000	0.022000	0.004000	15316.003000	S	10294	0
node1.planetlab.albany.edu_planetlab1.cs.uoregon.edu_33381 2	255.458000	15081.586000	0.032000	0.004000	15337.080000	S	10233	32
pl1.rcc.uottawa.ca_planetlab1.cs.uoregon.edu_45069 1	209.075000	15134.682000	0.024000	0.004000	15343.785000	S	10295	0
planetlab1.rutgers.edu_planetlab1.cs.uoregon.edu_12944 2	264.117000	15103.144000	0.073000	0.007000	15367.341000	S	10239	512
pl1.rcc.uottawa.ca_planetlab1.cs.uoregon.edu_45102 1	210.714000	15206.748000	0.299000	0.003000	15417.764000	S	10296	0
planetlab4.rutgers.edu_planetlab1.cs.uoregon.edu_15485 2	249.531000	15163.661000	0.044000	0.005000	15413.241000	S	10531	1024
planetlab1.rutgers.edu_planetlab1.cs.uoregon.edu_12964 2	270.963000	15181.149000	0.052000	0.005000	15452.169000	S	10261	512
pl1.rcc.uottawa.ca_planetlab1.cs.uoregon.edu_45118 1	208.560000	15253.539000	0.019000	0.003000	15462.121000	S	10298	0
pl1.rcc.uottawa.ca_planetlab1.cs.uoregon.edu_45120 1	208.220000	15256.096000	0.022000	0.002000	15464.340000	S	10299	0
pl1.rcc.uottawa.ca_planetlab1.cs.uoregon.edu_45123 1	208.138000	15256.500000	0.027000	0.001000	15464.666000	S	10300	0
planetlab1.rutgers.edu_planetlab1.cs.uoregon.edu_12970 2	262.878000	15202.486000	0.064000	0.005000	15465.433000	S	10281	512
pl1.rcc.uottawa.ca_planetlab1.cs.uoregon.edu_45131 1	210.557000	15295.260000	0.020000	0.004000	15505.841000	S	10301	0
pl1.rcc.uottawa.ca_planetlab1.cs.uoregon.edu_45142 1	209.369000	15324.804000	0.023000	0.003000	15534.199000	S	10302	0
pl1.rcc.uottawa.ca_planetlab1.cs.uoregon.edu_45146 1	209.506000	15340.700000	0.018000	0.003000	15550.227000	S	10303	0
planetlab2.eecs.umich.edu_planetlab1.cs.uoregon.edu_13430 2	1336.748000	14244.217000	0.129000	0.011000	15581.105000	S	10599	2048
pl1.rcc.uottawa.ca_planetlab1.cs.uoregon.edu_45170 1	210.094000	15412.685000	0.071000	0.002000	15622.852000	S	10304	0
planetlab2.eecs.umich.edu_planetlab1.cs.uoregon.edu_13446 2	1338.366000	14306.265000	0.136000	0.010000	15644.777000	S	10609	2048
node1.planetlab.albany.edu_planetlab1.cs.uoregon.edu_33581 2	244.589000	15535.989000	0.039000	0.005000	15780.622000	S	10264	32
planetlab1.rutgers.edu_planetlab1.cs.uoregon.edu_13060 2	271.362000	15510.209000	0.068000	0.003000	15781.642000	S	10313	512
planetlab1.rutgers.edu_planetlab1.cs.uoregon.edu_13065 2	265.228000	15557.796000	0.059000	0.004000	15823.087000	S	10337	512
pl1.rcc.uottawa.ca_planetlab1.cs.uoregon.edu_45251 1	209.523000	15641.262000	0.036000	0.002000	15850.823000	S	10315	0
planetlab1.rutgers.edu_planetlab1.cs.uoregon.edu_13068 2	271.169000	15629.131000	0.070000	0.005000	15900.375000	S	10345	512
planetlab1.rutgers.edu_planetlab1.cs.uoregon.edu_13070 2	272.606000	15631.371000	0.063000	0.005000	15904.045000	S	10344	512
planetlab1.rutgers.edu_planetlab1.cs.uoregon.edu_13072 2	273.036000	15634.630000	0.044000	0.005000	15907.715000	S	10349	512
planetlab1.rutgers.edu_planetlab1.cs.uoregon.edu_13074 2	274.734000	15634.215000	0.049000	0.004000	15909.002000	S	10347	512
planetlab4.rutgers.edu_planetlab1.cs.uoregon.edu_15641 2	250.208000	15665.889000	0.089000	0.006000	15916.192000	S	10635	1024
planetlab4.rutgers.edu_planetlab1.cs.uoregon.edu_15644 2	252.345000	15663.863000	0.064000	0.005000	15916.277000	S	10640	1024
planetlab1.rutgers.edu_planetlab1.cs.uoregon.edu_13083 2	275.485000	15694.834000	0.126000	0.005000	15970.450000	S	10361	512
planetlab1.rutgers.edu_planetlab1.cs.uoregon.edu_13085 2	279.238000	15707.332000	0.055000	0.008000	15986.633000	S	10378	512
node1.planetlab.albany.edu_planetlab1.cs.uoregon.edu_33692 2	245.434000	15752.892000	0.031000	0.006000	15998.363000	S	10276	32
pl1.rcc.uottawa.ca_planetlab1.cs.uoregon.edu_45354 1	211.183000	15882.909000	0.018000	0.003000	16094.113000	S	10325	0
planetlab2.umassd.edu_planetlab1.cs.uoregon.edu_19319 2	290.260000	15828.929000	0.082000	0.005000	16119.276000	S	10098	64
pl1.rcc.uottawa.ca_planetlab1.cs.uoregon.edu_45398 1	208.345000	16054.298000	0.143000	0.003000	16262.789000	S	10334	0
pl1.rcc.uottawa.ca_planetlab1.cs.uoregon.edu_45414 1	207.751000	16116.551000	0.034000	0.001000	16324.337000	S	10341	0
pl1.rcc.uottawa.ca_planetlab1.cs.uoregon.edu_45446 1	208.790000	16210.641000	0.080000	0.004000	16419.515000	S	10346	0
pl1.rcc.uottawa.ca_planetlab1.cs.uoregon.edu_45470 1	208.561000	16275.210000	0.032000	0.002000	16483.805000	S	10350	0
pl1.rcc.uottawa.ca_planetlab1.cs.uoregon.edu_45480 1	211.311000	16290.546000	0.150000	0.004000	16502.011000	S	10353	0
node1.planetlab.albany.edu_planetlab1.cs.uoregon.edu_33965 2	244.782000	16261.495000	0.076000	0.006000	16506.359000	S	10312	32
pl1.rcc.uottawa.ca_planetlab1.cs.uoregon.edu_45494 1	208.468000	16325.301000	0.022000	0.003000	16533.794000	S	10356	0
pl1.rcc.uottawa.ca_planetlab1.cs.uoregon.edu_45499 1	208.255000	16332.879000	0.038000	0.005000	16541.177000	S	10357	0
pl1.rcc.uottawa.ca_planetlab1.cs.uoregon.edu_45518 1	208.412000	16382.626000	0.345000	0.001000	16591.384000	S	10358	0
node1.planetlab.albany.edu_planetlab1.cs.uoregon.edu_34017 2	247.591000	16356.452000	0.040000	0.003000	16604.086000	S	10320	32
pl1.rcc.uottawa.ca_planetlab1.cs.uoregon.edu_45520 1	211.332000	16392.413000	0.020000	0.002000	16603.767000	S	10359	0
pl1.rcc.uottawa.ca_planetlab1.cs.uoregon.edu_45544 1	210.057000	16443.452000	0.027000	0.003000	16653.539000	S	10362	0
pl1.rcc.uottawa.ca_planetlab1.cs.uoregon.edu_45557 1	210.006000	16462.017000	0.029000	0.004000	16672.056000	S	10364	0
pl1.rcc.uottawa.ca_planetlab1.cs.uoregon.edu_45568 1	212.127000	16493.746000	0.025000	0.003000	16705.901000	S	10365	0
node1.planetlab.albany.edu_planetlab1.cs.uoregon.edu_34083 2	243.404000	16503.585000	0.034000	0.004000	16747.027000	S	10328	32
node1.planetlab.albany.edu_planetlab1.cs.uoregon.edu_34088 2	245.808000	16512.377000	0.030000	0.004000	16758.219000	S	10330	32
node1.planetlab.albany.edu_planetlab1.cs.uoregon.edu_34092 2	245.894000	16517.367000	0.030000	0.005000	16763.296000	S	10329	32
pl1.rcc.uottawa.ca_planetlab1.cs.uoregon.edu_45595 1	209.630000	16559.237000	0.025000	0.003000	16768.895000	S	10366	0
node1.planetlab.albany.edu_planetlab1.cs.uoregon.edu_34096 2	242.817000	16534.869000	0.036000	0.004000	16777.726000	S	10332	32
pl1.rcc.uottawa.ca_planetlab1.cs.uoregon.edu_45610 1	211.852000	16586.093000	0.022000	0.003000	16797.970000	S	10367	0
planetlab2.netlab.uky.edu_planetlab1.cs.uoregon.edu_10201 3	329.036000	16481.561000	0.052000	0.008000	16810.657000	S	10106	544
pl1.rcc.uottawa.ca_planetlab1.cs.uoregon.edu_45622 1	209.171000	16607.783000	0.028000	0.003000	16816.985000	S	10368	0
node1.planetlab.albany.edu_planetlab1.cs.uoregon.edu_34205 2	243.846000	16801.138000	0.035000	0.005000	17045.024000	S	10360	32
planetlab2.eecs.umich.edu_planetlab1.cs.uoregon.edu_13572 2	1091.289000	16188.102000	0.180000	0.009000	17279.580000	S	10651	2048
planetlab1.rutgers.edu_planetlab1.cs.uoregon.edu_13385 2	264.948000	17102.093000	0.066000	0.004000	17367.111000	S	10473	512
planetlab1.williams.edu_planetlab1.cs.uoregon.edu_4279 3	2120.445000	15332.677000	0.119000	0.025000	17453.266000	S	10199	2176
pl1.rcc.uottawa.ca_planetlab1.cs.uoregon.edu_45924 1	209.401000	17328.180000	0.025000	0.003000	17537.609000	S	10390	0
pl1.rcc.uottawa.ca_planetlab1.cs.uoregon.edu_46024 1	208.773000	17553.476000	0.122000	0.003000	17762.374000	S	10398	0
planetlab-03.cs.princeton.edu_planetlab1.cs.uoregon.edu_11630 3	317.723000	17526.769000	0.057000	0.006000	17844.555000	S	10111	80
pl1.rcc.uottawa.ca_planetlab1.cs.uoregon.edu_46059 1	209.335000	17628.014000	0.024000	0.001000	17837.374000	S	10401	0
planetlab2.umassd.edu_planetlab1.cs.uoregon.edu_19409 2	288.564000	17580.929000	0.033000	0.004000	17869.530000	S	10115	64
planetlab1.rutgers.edu_planetlab1.cs.uoregon.edu_13602 2	261.766000	17653.257000	0.186000	0.004000	17915.213000	S	10495	512
planetlab2.umassd.edu_planetlab1.cs.uoregon.edu_19424 2	288.608000	17686.496000	0.028000	0.002000	17975.134000	S	10119	64
pl1.rcc.uottawa.ca_planetlab1.cs.uoregon.edu_46171 1	209.027000	17860.208000	0.038000	0.002000	18069.275000	S	10410	0
pl1.rcc.uottawa.ca_planetlab1.cs.uoregon.edu_46202 1	210.376000	17939.637000	0.022000	0.003000	18150.038000	S	10414	0
planetlab2.umassd.edu_planetlab1.cs.uoregon.edu_19458 2	532.303000	17660.909000	0.033000	0.003000	18193.248000	S	10117	64
planetlab2.umassd.edu_planetlab1.cs.uoregon.edu_19466 2	535.815000	17706.054000	0.033000	0.005000	18241.907000	S	10118	64
planetlab2.umassd.edu_planetlab1.cs.uoregon.edu_19474 2	289.289000	18013.158000	0.031000	0.005000	18302.483000	S	10127	64
pl1.rcc.uottawa.ca_planetlab1.cs.uoregon.edu_46295 1	209.462000	18156.485000	0.024000	0.002000	18365.973000	S	10422	0
planetlab2.umassd.edu_planetlab1.cs.uoregon.edu_19489 2	287.722000	18093.375000	0.068000	0.006000	18381.171000	S	10135	64
planetlab2.umassd.edu_planetlab1.cs.uoregon.edu_19497 2	287.926000	18139.905000	0.062000	0.005000	18427.898000	S	10136	64
pl1.rcc.uottawa.ca_planetlab1.cs.uoregon.edu_46365 1	211.732000	18334.985000	0.028000	0.002000	18546.747000	S	10426	0
pl1.rcc.uottawa.ca_planetlab1.cs.uoregon.edu_46378 1	212.980000	18365.477000	0.040000	0.002000	18578.499000	S	10428	0
pl1.rcc.uottawa.ca_planetlab1.cs.uoregon.edu_46397 1	209.824000	18410.934000	0.267000	0.005000	18621.030000	S	10430	0
pl1.rcc.uottawa.ca_planetlab1.cs.uoregon.edu_46408 1	207.773000	18438.653000	0.029000	0.004000	18646.459000	S	10431	0
pl1.rcc.uottawa.ca_planetlab1.cs.uoregon.edu_46525 1	208.421000	18709.294000	0.028000	0.001000	18917.744000	S	10442	0
node1.planetlab.albany.edu_planetlab1.cs.uoregon.edu_34887 2	243.551000	18854.303000	0.468000	0.004000	19098.326000	S	10427	32
pl1.rcc.uottawa.ca_planetlab1.cs.uoregon.edu_46630 1	208.466000	18959.745000	0.165000	0.001000	19168.377000	S	10452	0
pl1.rcc.uottawa.ca_planetlab1.cs.uoregon.edu_46744 1	211.296000	19228.256000	0.027000	0.002000	19439.581000	S	10466	0
pl1.rcc.uottawa.ca_planetlab1.cs.uoregon.edu_46758 1	210.946000	19265.740000	0.108000	0.006000	19476.800000	S	10472	0
pl1.rcc.uottawa.ca_planetlab1.cs.uoregon.edu_46791 1	209.104000	19331.636000	0.025000	0.003000	19540.768000	S	10474	0
pl1.rcc.uottawa.ca_planetlab1.cs.uoregon.edu_46799 1	209.577000	19343.388000	0.025000	0.001000	19552.991000	S	10475	0
pl1.rcc.uottawa.ca_planetlab1.cs.uoregon.edu_46820 1	210.196000	19381.802000	0.027000	0.003000	19592.028000	S	10478	0
node1.planetlab.albany.edu_planetlab1.cs.uoregon.edu_35019 2	243.523000	19352.089000	0.046000	0.004000	19595.662000	S	10446	32
planetlab1.williams.edu_planetlab1.cs.uoregon.edu_4409 3	2050.630000	17649.740000	0.125000	0.018000	19700.513000	S	10250	2176
pl1.rcc.uottawa.ca_planetlab1.cs.uoregon.edu_46876 1	210.395000	19526.767000	0.338000	0.002000	19737.502000	S	10485	0
node1.planetlab.albany.edu_planetlab1.cs.uoregon.edu_35077 2	246.177000	19600.701000	0.035000	0.003000	19846.916000	S	10456	32
pl1.rcc.uottawa.ca_planetlab1.cs.uoregon.edu_46917 1	208.343000	19659.060000	0.033000	0.003000	19867.439000	S	10490	0
pl1.rcc.uottawa.ca_planetlab1.cs.uoregon.edu_46942 1	208.792000	19751.302000	0.022000	0.002000	19960.118000	S	10494	0
pl1.rcc.uottawa.ca_planetlab1.cs.uoregon.edu_46946 1	210.175000	19773.647000	0.418000	0.002000	19984.242000	S	10496	0
planetlab2.acis.ufl.edu_planetlab1.cs.uoregon.edu_12099 3	315.916000	19889.537000	0.058000	0.009000	20205.520000	S	10486	1056
planetlab2.acis.ufl.edu_planetlab1.cs.uoregon.edu_12108 3	315.633000	19939.766000	0.068000	0.005000	20255.472000	S	10501	1056
pl1.rcc.uottawa.ca_planetlab1.cs.uoregon.edu_46999 1	207.723000	20050.342000	0.028000	0.003000	20258.096000	S	10502	0
planetlab2.acis.ufl.edu_planetlab1.cs.uoregon.edu_12129 3	320.438000	20062.253000	0.066000	0.007000	20382.764000	S	10561	1056
planetlab2.acis.ufl.edu_planetlab1.cs.uoregon.edu_12134 3	315.923000	20100.861000	1.182000	0.008000	20417.974000	S	10564	1056
planetlab2.acis.ufl.edu_planetlab1.cs.uoregon.edu_12139 3	317.174000	20111.067000	0.070000	0.006000	20428.317000	S	10565	1056
pl1.rcc.uottawa.ca_planetlab1.cs.uoregon.edu_47028 1	209.519000	20231.044000	0.027000	0.003000	20440.593000	S	10506	0
pl1.rcc.uottawa.ca_planetlab1.cs.uoregon.edu_47031 1	210.793000	20231.702000	0.045000	0.003000	20442.543000	S	10507	0
pl1.rcc.uottawa.ca_planetlab1.cs.uoregon.edu_47035 1	211.174000	20252.490000	0.226000	0.002000	20463.892000	S	10508	0
planetlab2.acis.ufl.edu_planetlab1.cs.uoregon.edu_12144 3	317.818000	20151.077000	0.052000	0.006000	20468.953000	S	10567	1056
planetlab2.acis.ufl.edu_planetlab1.cs.uoregon.edu_12148 3	318.753000	20154.442000	0.068000	0.007000	20473.270000	S	10573	1056
planetlab2.acis.ufl.edu_planetlab1.cs.uoregon.edu_12150 3	322.351000	20177.023000	0.067000	0.008000	20499.449000	S	10581	1056
pl1.rcc.uottawa.ca_planetlab1.cs.uoregon.edu_47048 1	208.648000	20339.365000	0.026000	0.003000	20548.042000	S	10510	0
pl1.rcc.uottawa.ca_planetlab1.cs.uoregon.edu_47050 1	208.868000	20347.035000	0.023000	0.002000	20555.928000	S	10511	0
planetlab2.acis.ufl.edu_planetlab1.cs.uoregon.edu_12161 3	317.318000	20242.740000	0.053000	0.007000	20560.118000	S	10597	1056
righthand.eecs.harvard.edu_planetlab1.cs.uoregon.edu_4311 4	1668.993000	18949.162000	0.137000	0.017000	20618.309000	S	10277	2240
pl1.rcc.uottawa.ca_planetlab1.cs.uoregon.edu_47072 1	209.339000	20436.845000	0.035000	0.003000	20646.222000	S	10514	0
pl1.rcc.uottawa.ca_planetlab1.cs.uoregon.edu_47075 1	209.395000	20463.369000	0.025000	0.002000	20672.791000	S	10516	0
pl1.rcc.uottawa.ca_planetlab1.cs.uoregon.edu_47093 1	208.268000	20562.221000	0.119000	0.002000	20770.610000	S	10518	0
pl1.rcc.uottawa.ca_planetlab1.cs.uoregon.edu_47095 1	208.464000	20577.468000	0.021000	0.004000	20785.957000	S	10519	0
pl1.rcc.uottawa.ca_planetlab1.cs.uoregon.edu_47106 1	208.699000	20631.327000	0.027000	0.003000	20840.056000	S	10520	0
pl1.rcc.uottawa.ca_planetlab1.cs.uoregon.edu_47125 1	209.167000	20723.238000	0.029000	0.003000	20932.437000	S	10522	0
pl1.rcc.uottawa.ca_planetlab1.cs.uoregon.edu_47127 1	209.973000	20727.695000	0.021000	0.002000	20937.691000	S	10523	0
planetlab2.umassd.edu_planetlab1.cs.uoregon.edu_20008 2	287.980000	20692.306000	0.034000	0.004000	20980.324000	S	10151	64
pl1.rcc.uottawa.ca_planetlab1.cs.uoregon.edu_47139 1	210.172000	20818.378000	0.021000	0.006000	21028.577000	S	10524	0
pl1.rcc.uottawa.ca_planetlab1.cs.uoregon.edu_47141 1	207.626000	20826.487000	0.025000	0.003000	21034.141000	S	10525	0
pl1.rcc.uottawa.ca_planetlab1.cs.uoregon.edu_47161 1	208.313000	20964.197000	0.023000	0.002000	21172.535000	S	10526	0
pl1.rcc.uottawa.ca_planetlab1.cs.uoregon.edu_47164 1	210.537000	20985.574000	0.029000	0.003000	21196.143000	S	10527	0
pl1.rcc.uottawa.ca_planetlab1.cs.uoregon.edu_47200 1	208.693000	21200.040000	0.108000	0.003000	21408.844000	S	10529	0
pl1.rcc.uottawa.ca_planetlab1.cs.uoregon.edu_47207 1	209.848000	21242.406000	0.026000	0.002000	21452.282000	S	10530	0
pl1.rcc.uottawa.ca_planetlab1.cs.uoregon.edu_47212 1	210.921000	21269.560000	0.112000	0.004000	21480.597000	S	10532	0
planetlab1.rutgers.edu_planetlab1.cs.uoregon.edu_14450 2	278.214000	21248.388000	0.080000	0.005000	21526.687000	S	10601	512
planetlab2.umassd.edu_planetlab1.cs.uoregon.edu_20148 2	290.153000	21298.587000	0.027000	0.004000	21588.771000	S	10162	64
pl1.rcc.uottawa.ca_planetlab1.cs.uoregon.edu_47244 1	211.062000	21402.441000	0.036000	0.002000	21613.541000	S	10534	0
pl1.rcc.uottawa.ca_planetlab1.cs.uoregon.edu_47245 1	209.809000	21410.941000	0.017000	0.002000	21620.769000	S	10535	0
pl1.rcc.uottawa.ca_planetlab1.cs.uoregon.edu_47255 1	212.047000	21483.756000	0.044000	0.003000	21695.850000	S	10536	0
pl1.rcc.uottawa.ca_planetlab1.cs.uoregon.edu_47269 1	209.112000	21577.571000	0.028000	0.004000	21786.715000	S	10538	0
pl1.rcc.uottawa.ca_planetlab1.cs.uoregon.edu_47271 1	208.306000	21585.768000	0.038000	0.002000	21794.114000	S	10539	0
pl1.rcc.uottawa.ca_planetlab1.cs.uoregon.edu_47280 1	212.541000	21643.207000	0.025000	0.002000	21855.775000	S	10540	0
pl1.rcc.uottawa.ca_planetlab1.cs.uoregon.edu_47285 1	208.272000	21697.810000	0.024000	0.005000	21906.111000	S	10541	0
pl1.rcc.uottawa.ca_planetlab1.cs.uoregon.edu_47298 1	209.455000	21766.043000	0.031000	0.002000	21975.531000	S	10542	0
pl1.rcc.uottawa.ca_planetlab1.cs.uoregon.edu_47302 1	211.149000	21764.597000	0.033000	0.002000	21975.781000	S	10543	0
pl1.rcc.uottawa.ca_planetlab1.cs.uoregon.edu_47306 1	209.092000	21808.836000	0.030000	0.002000	22017.960000	S	10544	0
planetlab-01.bu.edu_planetlab1.cs.uoregon.edu_7444 3	276.463000	21846.790000	0.097000	0.006000	22123.356000	S	10628	640
pl1.rcc.uottawa.ca_planetlab1.cs.uoregon.edu_47333 1	210.088000	22032.622000	0.040000	0.002000	22242.752000	S	10546	0
pl1.rcc.uottawa.ca_planetlab1.cs.uoregon.edu_47339 1	209.436000	22066.617000	0.025000	0.004000	22276.082000	S	10547	0
pl1.rcc.uottawa.ca_planetlab1.cs.uoregon.edu_47342 1	209.706000	22076.430000	0.062000	0.002000	22286.200000	S	10548	0
pl1.rcc.uottawa.ca_planetlab1.cs.uoregon.edu_47367 1	208.981000	22215.158000	0.033000	0.002000	22424.174000	S	10549	0
pl1.rcc.uottawa.ca_planetlab1.cs.uoregon.edu_47371 1	212.164000	22233.415000	0.020000	0.004000	22445.603000	S	10550	0
pl1.rcc.uottawa.ca_planetlab1.cs.uoregon.edu_47382 1	209.412000	22290.924000	0.027000	0.002000	22500.365000	S	10551	0
pl1.rcc.uottawa.ca_planetlab1.cs.uoregon.edu_47384 1	209.113000	22302.797000	0.030000	0.003000	22511.943000	S	10552	0
planetlab2.umassd.edu_planetlab1.cs.uoregon.edu_20310 2	288.927000	22336.333000	0.027000	0.007000	22625.294000	S	10183	64
pl1.rcc.uottawa.ca_planetlab1.cs.uoregon.edu_47412 1	211.679000	22475.039000	0.029000	0.003000	22686.750000	S	10553	0
pl1.rcc.uottawa.ca_planetlab1.cs.uoregon.edu_47414 1	208.035000	22501.074000	0.019000	0.003000	22709.131000	S	10554	0
pl1.rcc.uottawa.ca_planetlab1.cs.uoregon.edu_47419 1	211.951000	22536.114000	0.028000	0.002000	22748.095000	S	10555	0
pl1.rcc.uottawa.ca_planetlab1.cs.uoregon.edu_47426 1	212.920000	22566.222000	0.026000	0.004000	22779.172000	S	10556	0
pl1.rcc.uottawa.ca_planetlab1.cs.uoregon.edu_47440 1	208.703000	22644.340000	0.022000	0.003000	22853.068000	S	10557	0
pl1.rcc.uottawa.ca_planetlab1.cs.uoregon.edu_47445 1	208.290000	22665.498000	0.023000	0.002000	22873.813000	S	10558	0
pl1.rcc.uottawa.ca_planetlab1.cs.uoregon.edu_47452 1	208.362000	22695.447000	0.029000	0.003000	22903.841000	S	10559	0
planetlab2.umassd.edu_planetlab1.cs.uoregon.edu_20367 2	287.967000	22629.652000	0.071000	0.006000	22917.696000	S	10188	64
pl1.rcc.uottawa.ca_planetlab1.cs.uoregon.edu_47478 1	210.000000	22783.064000	0.034000	0.002000	22993.100000	S	10562	0
pl1.rcc.uottawa.ca_planetlab1.cs.uoregon.edu_47482 1	209.056000	22805.193000	0.019000	0.002000	23014.270000	S	10563	0
planetlab2.umassd.edu_planetlab1.cs.uoregon.edu_20397 2	288.616000	22774.916000	0.070000	0.003000	23063.605000	S	10194	64
pl1.rcc.uottawa.ca_planetlab1.cs.uoregon.edu_47537 1	209.542000	22971.252000	0.034000	0.003000	23180.831000	S	10569	0
pl1.rcc.uottawa.ca_planetlab1.cs.uoregon.edu_47540 1	207.785000	22974.188000	0.021000	0.003000	23181.997000	S	10570	0
pl1.rcc.uottawa.ca_planetlab1.cs.uoregon.edu_47544 1	209.298000	22991.211000	0.025000	0.002000	23200.536000	S	10571	0
pl1.rcc.uottawa.ca_planetlab1.cs.uoregon.edu_47568 1	212.649000	23061.632000	0.029000	0.003000	23274.313000	S	10574	0
pl1.rcc.uottawa.ca_planetlab1.cs.uoregon.edu_47574 1	208.950000	23091.039000	0.022000	0.003000	23300.014000	S	10575	0
planetlab4.wail.wisc.edu_planetlab1.cs.uoregon.edu_30263 2	228.323000	23101.552000	0.042000	0.006000	23329.923000	S	10064	16
pl1.rcc.uottawa.ca_planetlab1.cs.uoregon.edu_47614 1	209.730000	23209.166000	0.035000	0.002000	23418.933000	S	10580	0
roam2.cs.ou.edu_planetlab1.cs.uoregon.edu_16155 3	293.575000	23192.085000	0.051000	0.005000	23485.716000	S	10126	48
pl1.rcc.uottawa.ca_planetlab1.cs.uoregon.edu_47636 1	208.637000	23264.940000	0.024000	0.002000	23473.603000	S	10582	0
pl1.rcc.uottawa.ca_planetlab1.cs.uoregon.edu_47671 1	209.258000	23361.156000	0.040000	0.002000	23570.456000	S	10586	0
roam2.cs.ou.edu_planetlab1.cs.uoregon.edu_16196 3	294.209000	23327.042000	0.053000	0.004000	23621.308000	S	10134	48
pl1.rcc.uottawa.ca_planetlab1.cs.uoregon.edu_47683 1	211.790000	23401.833000	0.029000	0.003000	23613.655000	S	10587	0
planetlab2.umassd.edu_planetlab1.cs.uoregon.edu_20481 2	288.041000	23339.433000	0.068000	0.005000	23627.547000	S	10210	64
pl1.rcc.uottawa.ca_planetlab1.cs.uoregon.edu_47699 1	208.954000	23453.130000	0.027000	0.002000	23662.113000	S	10588	0
pl1.rcc.uottawa.ca_planetlab1.cs.uoregon.edu_47711 1	208.365000	23497.122000	0.022000	0.002000	23705.511000	S	10590	0
pl1.rcc.uottawa.ca_planetlab1.cs.uoregon.edu_47718 1	209.336000	23519.509000	0.031000	0.003000	23728.879000	S	10591	0
roam2.cs.ou.edu_planetlab1.cs.uoregon.edu_16238 3	293.746000	23470.900000	0.059000	0.007000	23764.712000	S	10138	48
roam2.cs.ou.edu_planetlab1.cs.uoregon.edu_16250 3	294.704000	23520.113000	0.045000	0.004000	23814.866000	S	10140	48
pl1.rcc.uottawa.ca_planetlab1.cs.uoregon.edu_47774 1	208.972000	23716.891000	0.032000	0.003000	23925.898000	S	10598	0
roam2.cs.ou.edu_planetlab1.cs.uoregon.edu_16285 3	298.694000	23640.927000	0.059000	0.007000	23939.687000	S	10142	48
roam2.cs.ou.edu_planetlab1.cs.uoregon.edu_16298 3	294.155000	23688.465000	0.056000	0.007000	23982.683000	S	10143	48
pl1.rcc.uottawa.ca_planetlab1.cs.uoregon.edu_47814 1	208.572000	23834.877000	0.029000	0.003000	24043.481000	S	10602	0
pl1.rcc.uottawa.ca_planetlab1.cs.uoregon.edu_47816 1	210.556000	23840.063000	0.029000	0.002000	24050.650000	S	10603	0
pl1.rcc.uottawa.ca_planetlab1.cs.uoregon.edu_47827 1	208.638000	23869.605000	0.076000	0.002000	24078.321000	S	10604	0
pl1.rcc.uottawa.ca_planetlab1.cs.uoregon.edu_47846 1	211.459000	23931.710000	0.255000	0.002000	24143.426000	S	10606	0
pl1.rcc.uottawa.ca_planetlab1.cs.uoregon.edu_47869 1	208.704000	23996.923000	0.021000	0.003000	24205.651000	S	10607	0
pl1.rcc.uottawa.ca_planetlab1.cs.uoregon.edu_47908 1	209.663000	24102.744000	0.028000	0.003000	24312.438000	S	10610	0
pl1.rcc.uottawa.ca_planetlab1.cs.uoregon.edu_47916 1	210.301000	24128.726000	0.042000	0.001000	24339.070000	S	10612	0
pl1.rcc.uottawa.ca_planetlab1.cs.uoregon.edu_47918 1	209.215000	24134.585000	0.019000	0.002000	24343.821000	S	10613	0
pl1.rcc.uottawa.ca_planetlab1.cs.uoregon.edu_47925 1	209.494000	24146.944000	0.026000	0.002000	24356.466000	S	10614	0
pl1.rcc.uottawa.ca_planetlab1.cs.uoregon.edu_47941 1	209.089000	24199.466000	0.031000	0.002000	24408.588000	S	10615	0
pl1.rcc.uottawa.ca_planetlab1.cs.uoregon.edu_47975 1	210.888000	24267.049000	0.025000	0.003000	24477.965000	S	10616	0
node1.planetlab.albany.edu_planetlab1.cs.uoregon.edu_36268 2	244.349000	24244.322000	0.034000	0.003000	24488.708000	S	10584	32
pl1.rcc.uottawa.ca_planetlab1.cs.uoregon.edu_47999 1	1071.579000	23462.883000	0.042000	0.003000	24534.507000	S	10618	0
pl1.rcc.uottawa.ca_planetlab1.cs.uoregon.edu_48001 1	1072.902000	23463.708000	0.022000	0.002000	24536.634000	S	10619	0
pl1.rcc.uottawa.ca_planetlab1.cs.uoregon.edu_48010 1	1064.542000	23483.506000	0.020000	0.003000	24548.071000	S	10620	0
pl1.rcc.uottawa.ca_planetlab1.cs.uoregon.edu_48014 1	1062.882000	23503.831000	0.020000	0.002000	24566.735000	S	10621	0
pl1.rcc.uottawa.ca_planetlab1.cs.uoregon.edu_48030 1	1050.121000	23558.259000	0.023000	0.003000	24608.406000	S	10622	0
pl1.rcc.uottawa.ca_planetlab1.cs.uoregon.edu_48041 1	1040.973000	23587.500000	0.023000	0.003000	24628.499000	S	10623	0
pl1.rcc.uottawa.ca_planetlab1.cs.uoregon.edu_48080 1	1016.383000	23713.548000	0.021000	0.004000	24729.956000	S	10625	0
pl1.rcc.uottawa.ca_planetlab1.cs.uoregon.edu_48205 1	1034.025000	23973.394000	0.139000	0.002000	25007.560000	S	10638	0
roam2.cs.ou.edu_planetlab1.cs.uoregon.edu_16660 3	296.604000	25015.585000	0.048000	0.007000	25312.244000	S	10174	48
planetlab6.cs.duke.edu_planetlab1.cs.uoregon.edu_11558 1	267.729000	25669.760000	0.049000	0.003000	25937.541000	S	10658	288
roam2.cs.ou.edu_planetlab1.cs.uoregon.edu_16821 3	3294.450000	22785.259000	0.060000	0.013000	26079.782000	S	10206	48
planetlab-1.cse.ohio-state.edu_planetlab1.cs.uoregon.edu_4224 3	679.138000	25909.619000	0.163000	0.016000	26588.936000	S	10672	2560
planetlab5.williams.edu_planetlab1.cs.uoregon.edu_5076 3	2271.330000	24960.568000	2.066000	0.024000	27233.988000	S	10173	2112
planetlab1.cs.uiuc.edu_planetlab1.cs.uoregon.edu_15432 2	218.697000	27491.300000	0.062000	0.005000	27710.064000	S	10150	128
planetlab2.eecs.umich.edu_planetlab1.cs.uoregon.edu_15916 2	2595.026000	25375.841000	0.145000	0.010000	27971.022000	S	10663	2048
planetlab2.umassd.edu_planetlab1.cs.uoregon.edu_21310 2	290.034000	29287.709000	0.033000	0.004000	29577.780000	S	10224	64
planetlab2.umassd.edu_planetlab1.cs.uoregon.edu_21326 2	290.740000	29346.347000	0.027000	0.007000	29637.121000	S	10226	64
planetlab2.umassd.edu_planetlab1.cs.uoregon.edu_21342 2	292.993000	29447.427000	0.101000	0.005000	29740.526000	S	10227	64
planetlab2.umassd.edu_planetlab1.cs.uoregon.edu_21353 2	289.386000	29519.996000	0.038000	0.004000	29809.424000	S	10230	64
planetlab2.umassd.edu_planetlab1.cs.uoregon.edu_21361 2	289.093000	29585.169000	0.063000	0.004000	29874.329000	S	10234	64
planetlab2.netlab.uky.edu_planetlab1.cs.uoregon.edu_12734 3	335.187000	29762.518000	0.098000	0.015000	30097.818000	S	10407	544
planetlab2.umassd.edu_planetlab1.cs.uoregon.edu_21455 2	288.552000	30014.367000	0.033000	0.007000	30302.959000	S	10257	64
pl1.rcc.uottawa.ca_planetlab1.cs.uoregon.edu_49108 1	3209.769000	27704.414000	0.030000	0.002000	30914.215000	S	10644	0
pl1.rcc.uottawa.ca_planetlab1.cs.uoregon.edu_49133 1	3211.237000	27798.831000	0.020000	0.002000	31010.090000	S	10646	0
pl1.rcc.uottawa.ca_planetlab1.cs.uoregon.edu_49187 1	208.343000	30995.638000	0.026000	0.005000	31204.012000	S	10655	0
pl1.rcc.uottawa.ca_planetlab1.cs.uoregon.edu_49191 1	207.982000	31003.784000	0.026000	0.002000	31211.794000	S	10656	0
pl1.rcc.uottawa.ca_planetlab1.cs.uoregon.edu_49203 1	210.327000	31071.442000	0.022000	0.002000	31281.793000	S	10657	0
pl1.rcc.uottawa.ca_planetlab1.cs.uoregon.edu_49207 1	3208.926000	28109.767000	0.025000	0.003000	31318.721000	S	10650	0
pl1.rcc.uottawa.ca_planetlab1.cs.uoregon.edu_49250 1	3212.746000	28322.685000	0.024000	0.002000	31535.457000	S	10652	0
pl1.rcc.uottawa.ca_planetlab1.cs.uoregon.edu_49254 1	210.616000	31342.539000	0.045000	0.003000	31553.203000	S	10659	0
pl1.rcc.uottawa.ca_planetlab1.cs.uoregon.edu_49283 1	210.257000	31493.416000	0.030000	0.002000	31703.705000	S	10661	0
pl1.rcc.uottawa.ca_planetlab1.cs.uoregon.edu_49288 1	212.452000	31545.998000	0.028000	0.003000	31758.481000	S	10662	0
pl1.rcc.uottawa.ca_planetlab1.cs.uoregon.edu_49329 1	207.873000	31821.639000	0.032000	0.003000	32029.547000	S	10664	0
pl1.rcc.uottawa.ca_planetlab1.cs.uoregon.edu_49331 1	210.197000	31825.065000	0.028000	0.004000	32035.294000	S	10665	0
pl1.rcc.uottawa.ca_planetlab1.cs.uoregon.edu_49334 1	212.387000	31826.864000	0.020000	0.002000	32039.273000	S	10666	0
pl1.rcc.uottawa.ca_planetlab1.cs.uoregon.edu_49344 1	3209.491000	28921.322000	0.022000	0.003000	32130.838000	S	10654	0
planetlab4.wail.wisc.edu_planetlab1.cs.uoregon.edu_32434 2	228.310000	31948.309000	0.039000	0.003000	32176.661000	S	10232	16
pl1.rcc.uottawa.ca_planetlab1.cs.uoregon.edu_49354 1	210.001000	31963.727000	0.028000	0.004000	32173.760000	S	10668	0
pl1.rcc.uottawa.ca_planetlab1.cs.uoregon.edu_49414 1	210.469000	32226.919000	0.022000	0.003000	32437.413000	S	10670	0
pl1.rcc.uottawa.ca_planetlab1.cs.uoregon.edu_49416 1	209.484000	32233.972000	0.019000	0.002000	32443.477000	S	10671	0
pl1.rcc.uottawa.ca_planetlab1.cs.uoregon.edu_49423 1	208.878000	32256.572000	0.029000	0.002000	32465.481000	S	10673	0
pl1.rcc.uottawa.ca_planetlab1.cs.uoregon.edu_49432 1	208.437000	32300.725000	0.021000	0.003000	32509.186000	S	10674	0
planetlab4.wail.wisc.edu_planetlab1.cs.uoregon.edu_32545 2	228.211000	32356.424000	0.033000	0.004000	32584.672000	S	10245	16
planetlab4.wail.wisc.edu_planetlab1.cs.uoregon.edu_32557 2	230.052000	32400.669000	0.041000	0.003000	32630.765000	S	10249	16
planetlab4.wail.wisc.edu_planetlab1.cs.uoregon.edu_32579 2	230.687000	32459.718000	0.035000	0.022000	32690.462000	S	10252	16
planetlab4.wail.wisc.edu_planetlab1.cs.uoregon.edu_32596 2	232.694000	32506.477000	0.029000	0.009000	32739.209000	S	10253	16
planetlab4.wail.wisc.edu_planetlab1.cs.uoregon.edu_32617 2	227.468000	32573.459000	0.036000	0.004000	32800.967000	S	10255	16
planetlab4.wail.wisc.edu_planetlab1.cs.uoregon.edu_32646 2	227.582000	32667.339000	0.030000	0.005000	32894.956000	S	10258	16
planetlab4.wail.wisc.edu_planetlab1.cs.uoregon.edu_32754 2	228.786000	33014.546000	0.051000	0.004000	33243.387000	S	10269	16
planetlab4.wail.wisc.edu_planetlab1.cs.uoregon.edu_32954 2	230.935000	33616.023000	0.040000	0.003000	33847.001000	S	10285	16
planetlab2.netlab.uky.edu_planetlab1.cs.uoregon.edu_13890 3	325.089000	33952.641000	0.100000	0.009000	34277.839000	S	10611	544
planetlab2.netlab.uky.edu_planetlab1.cs.uoregon.edu_14008 3	424.207000	34304.738000	0.094000	0.007000	34729.046000	S	10649	544
planetlab4.wail.wisc.edu_planetlab1.cs.uoregon.edu_33307 2	228.110000	35126.162000	0.049000	0.004000	35354.325000	S	10317	16
planetlab4.wail.wisc.edu_planetlab1.cs.uoregon.edu_33529 2	228.370000	35801.049000	0.043000	0.005000	36029.467000	S	10343	16
planetlab4.wail.wisc.edu_planetlab1.cs.uoregon.edu_33755 2	232.290000	36417.209000	0.051000	0.005000	36649.555000	S	10369	16
planetlab-03.cs.princeton.edu_planetlab1.cs.uoregon.edu_13219 3	319.592000	36372.010000	0.795000	0.004000	36692.401000	S	10402	80
planetlab4.wail.wisc.edu_planetlab1.cs.uoregon.edu_33774 2	227.719000	36469.463000	0.062000	0.004000	36697.248000	S	10372	16
planetlab4.wail.wisc.edu_planetlab1.cs.uoregon.edu_33804 2	228.336000	36551.759000	0.036000	0.012000	36780.143000	S	10373	16
planetlab4.wail.wisc.edu_planetlab1.cs.uoregon.edu_33830 2	228.287000	36612.306000	0.037000	0.005000	36840.635000	S	10375	16
planetlab4.wail.wisc.edu_planetlab1.cs.uoregon.edu_33835 2	227.360000	36625.446000	0.037000	0.005000	36852.848000	S	10376	16
planetlab4.wail.wisc.edu_planetlab1.cs.uoregon.edu_33848 2	240.503000	36667.445000	0.057000	0.003000	36908.008000	S	10377	16
planetlab4.wail.wisc.edu_planetlab1.cs.uoregon.edu_33872 2	229.451000	36749.614000	0.036000	0.006000	36979.107000	S	10379	16
planetlab4.wail.wisc.edu_planetlab1.cs.uoregon.edu_33896 2	228.332000	36822.236000	0.051000	0.005000	37050.624000	S	10380	16
planetlab4.wail.wisc.edu_planetlab1.cs.uoregon.edu_33900 2	230.160000	36829.678000	0.033000	0.004000	37059.875000	S	10381	16
planetlab4.wail.wisc.edu_planetlab1.cs.uoregon.edu_33926 2	228.839000	36907.735000	0.032000	0.004000	37136.610000	S	10382	16
planetlab1.cs.uiuc.edu_planetlab1.cs.uoregon.edu_17492 2	223.387000	36998.355000	0.073000	0.017000	37221.832000	S	10259	128
planetlab4.wail.wisc.edu_planetlab1.cs.uoregon.edu_33965 2	232.590000	37020.341000	0.033000	0.005000	37252.969000	S	10383	16
planetlab1.cs.uiuc.edu_planetlab1.cs.uoregon.edu_17531 2	222.316000	37121.129000	0.059000	0.003000	37343.507000	S	10297	128
planetlab1.cs.uiuc.edu_planetlab1.cs.uoregon.edu_17546 2	218.777000	37146.635000	0.063000	0.003000	37365.478000	S	10307	128
planetlab1.cs.uiuc.edu_planetlab1.cs.uoregon.edu_17553 2	219.833000	37170.671000	0.055000	0.002000	37390.561000	S	10316	128
planetlab4.wail.wisc.edu_planetlab1.cs.uoregon.edu_34015 2	226.736000	37162.947000	0.035000	0.006000	37389.724000	S	10389	16
planetlab1.cs.uiuc.edu_planetlab1.cs.uoregon.edu_17564 2	219.664000	37217.165000	0.055000	0.005000	37436.889000	S	10321	128
planetlab1.cs.uiuc.edu_planetlab1.cs.uoregon.edu_17566 2	219.655000	37218.221000	0.050000	0.004000	37437.930000	S	10322	128
planetlab1.cs.uiuc.edu_planetlab1.cs.uoregon.edu_17568 2	220.566000	37219.577000	0.052000	0.004000	37440.199000	S	10323	128
planetlab1.cs.uiuc.edu_planetlab1.cs.uoregon.edu_17573 2	221.510000	37235.262000	0.066000	0.003000	37456.841000	S	10327	128
planetlab1.cs.uiuc.edu_planetlab1.cs.uoregon.edu_17577 2	221.147000	37240.162000	0.063000	0.005000	37461.377000	S	10331	128
planetlab1.cs.uiuc.edu_planetlab1.cs.uoregon.edu_17588 2	219.119000	37295.728000	0.060000	0.003000	37514.910000	S	10355	128
planetlab4.wail.wisc.edu_planetlab1.cs.uoregon.edu_34054 2	227.457000	37287.990000	0.033000	0.004000	37515.484000	S	10393	16
planetlab2.umassd.edu_planetlab1.cs.uoregon.edu_22923 2	288.470000	37273.145000	0.036000	0.004000	37561.655000	S	10425	64
planetlab4.wail.wisc.edu_planetlab1.cs.uoregon.edu_34078 2	230.000000	37355.749000	0.038000	0.004000	37585.791000	S	10397	16
planetlab4.wail.wisc.edu_planetlab1.cs.uoregon.edu_34081 2	233.194000	37357.660000	0.040000	0.002000	37590.896000	S	10396	16
planetlab4.wail.wisc.edu_planetlab1.cs.uoregon.edu_34092 2	228.914000	37399.460000	0.040000	0.004000	37628.418000	S	10399	16
planetlab4.wail.wisc.edu_planetlab1.cs.uoregon.edu_34142 2	227.988000	37574.047000	0.051000	0.004000	37802.090000	S	10405	16
planetlab4.wail.wisc.edu_planetlab1.cs.uoregon.edu_34186 2	226.640000	37739.209000	0.054000	0.004000	37965.907000	S	10409	16
planetlab1.cs.uiuc.edu_planetlab1.cs.uoregon.edu_17608 2	220.699000	37813.673000	0.062000	0.004000	38034.438000	S	10371	128
planetlab4.wail.wisc.edu_planetlab1.cs.uoregon.edu_34218 2	228.310000	37941.874000	0.040000	0.004000	38170.228000	S	10412	16
planetlab4.wail.wisc.edu_planetlab1.cs.uoregon.edu_34225 2	229.397000	37998.928000	0.041000	0.004000	38228.370000	S	10413	16
planetlab4.wail.wisc.edu_planetlab1.cs.uoregon.edu_34253 2	229.011000	38140.008000	0.038000	0.005000	38369.062000	S	10415	16
planetlab1.cs.uiuc.edu_planetlab1.cs.uoregon.edu_17645 2	221.335000	38732.253000	0.059000	0.005000	38953.652000	S	10385	128
planetlab2.umassd.edu_planetlab1.cs.uoregon.edu_23291 2	289.121000	38667.154000	0.101000	0.007000	38956.383000	S	10497	64
planetlab1.cs.uiuc.edu_planetlab1.cs.uoregon.edu_17648 2	222.167000	38865.975000	0.057000	0.004000	39088.203000	S	10386	128
planetlab1.cs.uiuc.edu_planetlab1.cs.uoregon.edu_17650 2	221.256000	38867.291000	0.052000	0.006000	39088.605000	S	10387	128
planetlab4.wail.wisc.edu_planetlab1.cs.uoregon.edu_34423 2	227.462000	39010.853000	0.040000	0.005000	39238.360000	S	10429	16
planetlab2.umassd.edu_planetlab1.cs.uoregon.edu_23373 2	289.167000	38976.188000	0.059000	0.006000	39265.420000	S	10512	64
planetlab2.umassd.edu_planetlab1.cs.uoregon.edu_23376 2	289.763000	38985.025000	0.052000	0.004000	39274.844000	S	10513	64
planetlab2.umassd.edu_planetlab1.cs.uoregon.edu_23382 2	288.949000	39016.579000	0.072000	0.004000	39305.604000	S	10515	64
planetlab2.umassd.edu_planetlab1.cs.uoregon.edu_23384 2	289.731000	39035.840000	0.029000	0.003000	39325.603000	S	10517	64
planetlab4.wail.wisc.edu_planetlab1.cs.uoregon.edu_34487 2	228.186000	39172.000000	0.041000	0.002000	39400.229000	S	10437	16
planetlab1.cs.uiuc.edu_planetlab1.cs.uoregon.edu_17666 2	223.068000	39267.186000	0.076000	0.004000	39490.334000	S	10391	128
planetlab4.wail.wisc.edu_planetlab1.cs.uoregon.edu_34518 2	228.868000	39272.180000	0.046000	0.007000	39501.101000	S	10441	16
planetlab4.wail.wisc.edu_planetlab1.cs.uoregon.edu_34537 2	227.416000	39327.355000	0.039000	0.006000	39554.816000	S	10444	16
planetlab4.wail.wisc.edu_planetlab1.cs.uoregon.edu_34546 2	228.494000	39354.092000	0.044000	0.005000	39582.635000	S	10445	16
planetlab4.wail.wisc.edu_planetlab1.cs.uoregon.edu_34592 2	229.846000	39493.319000	0.045000	0.003000	39723.213000	S	10447	16
planetlab4.wail.wisc.edu_planetlab1.cs.uoregon.edu_34686 2	228.405000	39793.783000	0.050000	0.009000	40022.247000	S	10461	16
planetlab5.williams.edu_planetlab1.cs.uoregon.edu_5526 3	1669.683000	38383.806000	0.366000	0.014000	40053.869000	S	10363	2112
planetlab1.cs.uiuc.edu_planetlab1.cs.uoregon.edu_17684 2	221.108000	40002.727000	0.059000	0.005000	40223.899000	S	10395	128
planetlab4.wail.wisc.edu_planetlab1.cs.uoregon.edu_34776 2	230.197000	40063.128000	0.039000	0.007000	40293.371000	S	10477	16
planetlab4.wail.wisc.edu_planetlab1.cs.uoregon.edu_34835 2	227.886000	40239.100000	0.173000	0.007000	40467.166000	S	10488	16
planetlab4.wail.wisc.edu_planetlab1.cs.uoregon.edu_34946 2	232.630000	40562.638000	0.053000	0.005000	40795.326000	S	10509	16
planetlab1.cs.uiuc.edu_planetlab1.cs.uoregon.edu_17711 2	219.917000	40975.386000	0.060000	0.003000	41195.366000	S	10406	128
planetlab1.cs.uiuc.edu_planetlab1.cs.uoregon.edu_17724 2	219.370000	41174.592000	0.061000	0.004000	41394.027000	S	10419	128
planetlab1.cs.uiuc.edu_planetlab1.cs.uoregon.edu_17740 2	220.106000	41270.034000	0.062000	0.006000	41490.208000	S	10433	128
planetlab1.cs.uiuc.edu_planetlab1.cs.uoregon.edu_17743 2	220.637000	41272.865000	0.058000	0.004000	41493.564000	S	10434	128
planetlab1.cs.uiuc.edu_planetlab1.cs.uoregon.edu_17745 2	219.240000	41289.895000	0.064000	0.004000	41509.203000	S	10435	128
planetlab1.cs.uiuc.edu_planetlab1.cs.uoregon.edu_17748 2	220.489000	41326.356000	0.059000	0.004000	41546.908000	S	10439	128
planetlab1.cs.uiuc.edu_planetlab1.cs.uoregon.edu_17752 2	223.586000	41342.674000	0.062000	0.002000	41566.324000	S	10443	128
planetlab1.cs.uiuc.edu_planetlab1.cs.uoregon.edu_17755 2	218.907000	41361.185000	0.059000	0.003000	41580.154000	S	10448	128
planetlab1.cs.uiuc.edu_planetlab1.cs.uoregon.edu_17757 2	220.525000	41376.976000	0.063000	0.005000	41597.569000	S	10450	128
planetlab1.cs.uiuc.edu_planetlab1.cs.uoregon.edu_17760 2	223.197000	41381.193000	0.065000	0.006000	41604.461000	S	10449	128
planetlab2.umassd.edu_planetlab1.cs.uoregon.edu_23755 2	290.744000	41328.107000	0.463000	0.006000	41619.320000	S	10545	64
planetlab1.cs.uiuc.edu_planetlab1.cs.uoregon.edu_17762 2	221.764000	41400.882000	0.056000	0.004000	41622.706000	S	10451	128
planetlab1.cs.uiuc.edu_planetlab1.cs.uoregon.edu_17765 2	222.622000	41432.757000	0.069000	0.004000	41655.452000	S	10453	128
planetlab1.cs.uiuc.edu_planetlab1.cs.uoregon.edu_17767 2	220.060000	41437.971000	0.054000	0.003000	41658.088000	S	10454	128
planetlab1.cs.uiuc.edu_planetlab1.cs.uoregon.edu_17771 2	221.410000	41459.997000	0.079000	0.006000	41681.492000	S	10455	128
planetlab1.cs.uiuc.edu_planetlab1.cs.uoregon.edu_17774 2	221.144000	41492.265000	0.055000	0.004000	41713.468000	S	10457	128
planetlab1.cs.uiuc.edu_planetlab1.cs.uoregon.edu_17777 2	220.858000	41499.432000	0.070000	0.006000	41720.366000	S	10458	128
planetlab1.cs.uiuc.edu_planetlab1.cs.uoregon.edu_17779 2	219.456000	41515.361000	0.059000	0.005000	41734.881000	S	10459	128
planetlab1.cs.uiuc.edu_planetlab1.cs.uoregon.edu_17783 2	219.263000	41538.640000	0.068000	0.003000	41757.974000	S	10463	128
planetlab1.cs.uiuc.edu_planetlab1.cs.uoregon.edu_17787 2	220.460000	41549.370000	0.052000	0.008000	41769.890000	S	10467	128
planetlab1.cs.uiuc.edu_planetlab1.cs.uoregon.edu_17799 2	219.033000	41608.275000	0.069000	0.005000	41827.382000	S	10481	128
planetlab1.cs.uiuc.edu_planetlab1.cs.uoregon.edu_17801 2	221.139000	41606.706000	0.074000	0.004000	41827.923000	S	10482	128
planetlab1.cs.uiuc.edu_planetlab1.cs.uoregon.edu_17803 2	218.398000	41614.800000	0.055000	0.004000	41833.257000	S	10483	128
planetlab1.cs.uiuc.edu_planetlab1.cs.uoregon.edu_17805 2	219.119000	41614.898000	0.052000	0.004000	41834.073000	S	10487	128
planetlab1.cs.uiuc.edu_planetlab1.cs.uoregon.edu_17813 2	219.443000	41658.431000	0.053000	0.007000	41877.934000	S	10491	128
planetlab1.cs.uiuc.edu_planetlab1.cs.uoregon.edu_17828 2	220.164000	41702.852000	0.069000	0.003000	41923.088000	S	10503	128
planetlab4.wail.wisc.edu_planetlab1.cs.uoregon.edu_35766 2	227.925000	43025.030000	0.033000	0.004000	43252.992000	S	10585	16
planetlab2.umassd.edu_planetlab1.cs.uoregon.edu_24084 2	291.241000	43157.733000	0.028000	0.005000	43449.007000	S	10577	64
planetlab1.cs.uiuc.edu_planetlab1.cs.uoregon.edu_17928 2	219.838000	43276.977000	0.062000	0.004000	43496.881000	S	10579	128
planetlab2.umassd.edu_planetlab1.cs.uoregon.edu_24196 2	3289.540000	40647.784000	0.060000	0.004000	43937.388000	S	10521	64
planetlab2.umassd.edu_planetlab1.cs.uoregon.edu_24236 2	292.601000	43847.976000	0.071000	0.004000	44140.652000	S	10605	64
planetlab4.wail.wisc.edu_planetlab1.cs.uoregon.edu_36303 2	1019.845000	43385.853000	0.039000	0.003000	44405.740000	S	10629	16
planetlab4.wail.wisc.edu_planetlab1.cs.uoregon.edu_36336 2	968.562000	43544.721000	0.033000	0.004000	44513.320000	S	10633	16
planetlab4.wail.wisc.edu_planetlab1.cs.uoregon.edu_36370 2	951.650000	43669.162000	0.043000	0.003000	44620.858000	S	10636	16
planetlab2.umassd.edu_planetlab1.cs.uoregon.edu_24360 2	1060.056000	43581.001000	0.026000	0.003000	44641.086000	S	10631	64
planetlab4.wail.wisc.edu_planetlab1.cs.uoregon.edu_36379 2	1059.240000	43596.171000	0.042000	0.005000	44655.458000	S	10637	16
planetlab4.wail.wisc.edu_planetlab1.cs.uoregon.edu_36382 2	1060.322000	43595.505000	0.049000	0.005000	44655.881000	S	10639	16
planetlab2.umassd.edu_planetlab1.cs.uoregon.edu_24395 2	1114.319000	43695.385000	0.046000	0.004000	44809.754000	S	10641	64
planetlab1.cs.ucla.edu_planetlab1.cs.uoregon.edu_6219 4	308.755000	46621.606000	0.112000	0.011000	46930.484000	S	10667	704
earth.cs.brown.edu_planetlab1.cs.uoregon.edu_25920 3	300.086000	47567.418000	0.048000	0.005000	47867.557000	S	10251	96
planetlab4.wail.wisc.edu_planetlab1.cs.uoregon.edu_37649 2	3238.174000	44773.279000	0.043000	0.003000	48011.499000	S	10653	16
planetlab4.wail.wisc.edu_planetlab1.cs.uoregon.edu_37853 2	227.411000	48386.244000	0.041000	0.005000	48613.701000	S	10669	16
planetlab4.wail.wisc.edu_planetlab1.cs.uoregon.edu_37956 2	229.634000	48661.320000	0.041000	0.003000	48890.998000	S	10675	16
earth.cs.brown.edu_planetlab1.cs.uoregon.edu_26606 3	302.964000	48892.958000	0.059000	0.003000	49195.984000	S	10388	96
earth.cs.brown.edu_planetlab1.cs.uoregon.edu_26684 3	300.225000	49097.903000	0.322000	0.006000	49398.456000	S	10465	96
aguila2.lsi.upc.edu_planetlab1.cs.uoregon.edu_7332 3	684.255000	50946.733000	0.087000	0.010000	51631.085000	S	10246	576
planetlab1.cs.uiuc.edu_planetlab1.cs.uoregon.edu_18790 2	3221.772000	48618.847000	0.063000	0.004000	51840.686000	S	10643	128
planetlab1.cs.uiuc.edu_planetlab1.cs.uoregon.edu_18813 2	3218.542000	48790.652000	0.062000	0.002000	52009.258000	S	10648	128
aguila2.lsi.upc.edu_planetlab1.cs.uoregon.edu_7398 3	685.641000	52051.307000	0.080000	0.006000	52737.034000	S	10306	576
aguila2.lsi.upc.edu_planetlab1.cs.uoregon.edu_7400 3	683.214000	52079.113000	0.095000	0.009000	52762.431000	S	10308	576
aguila2.lsi.upc.edu_planetlab1.cs.uoregon.edu_7404 3	688.739000	52098.581000	0.080000	0.005000	52787.405000	S	10310	576
aguila2.lsi.upc.edu_planetlab1.cs.uoregon.edu_7407 3	685.251000	52174.969000	0.076000	0.008000	52860.304000	S	10311	576
aguila2.lsi.upc.edu_planetlab1.cs.uoregon.edu_7410 3	697.731000	52225.682000	0.102000	0.006000	52923.521000	S	10318	576
aguila2.lsi.upc.edu_planetlab1.cs.uoregon.edu_7413 3	692.857000	52268.900000	0.059000	0.008000	52961.824000	S	10326	576
aguila2.lsi.upc.edu_planetlab1.cs.uoregon.edu_7429 3	686.077000	52527.849000	0.084000	0.007000	53214.017000	S	10342	576
plab4.eece.ksu.edu_planetlab1.cs.uoregon.edu_10188 3	1846.177000	52531.327000	0.130000	0.016000	54377.650000	S	10263	2080
planetlab5.williams.edu_planetlab1.cs.uoregon.edu_6720 3	2158.110000	52216.753000	0.124000	0.019000	54375.006000	S	10440	2112
plab4.eece.ksu.edu_planetlab1.cs.uoregon.edu_10294 3	1504.281000	53499.346000	0.129000	0.016000	55003.772000	S	10338	2080
aguila2.lsi.upc.edu_planetlab1.cs.uoregon.edu_7551 3	685.098000	54388.450000	0.098000	0.007000	55073.653000	S	10438	576
aguila2.lsi.upc.edu_planetlab1.cs.uoregon.edu_8032 3	682.667000	61321.799000	0.116000	0.007000	62004.589000	S	10566	576
planetlab5.williams.edu_planetlab1.cs.uoregon.edu_7240 3	1449.533000	61015.731000	0.134000	0.014000	62465.412000	S	10568	2112
planetlab5.williams.edu_planetlab1.cs.uoregon.edu_7273 3	1210.384000	61431.597000	0.132000	0.015000	62642.128000	S	10632	2112
plab4.eece.ksu.edu_planetlab1.cs.uoregon.edu_11839 3	1967.318000	69835.215000	0.118000	0.013000	71802.664000	S	10493	2080
plab4.eece.ksu.edu_planetlab1.cs.uoregon.edu_12085 3	1607.684000	71206.030000	0.135000	0.016000	72813.865000	S	10537	2080
