planetlab-6.ece.iastate.edu_planetlab1.cs.purdue.edu_1231 4	747.409000	272.076000	0.084000	0.020000	1019.589000	S	62831	3136
planetlab1.cs.cornell.edu_planetlab1.cs.purdue.edu_4516 3	406.545000	2278.732000	0.100000	0.005000	2685.382000	S	62979	1280
planetlab1.cs.cornell.edu_planetlab1.cs.purdue.edu_4525 3	383.625000	2440.135000	0.074000	0.010000	2823.844000	S	63041	1280
planetlab1.cs.cornell.edu_planetlab1.cs.purdue.edu_4527 3	383.661000	2440.845000	0.056000	0.006000	2824.568000	S	63042	1280
planetlab1.cs.cornell.edu_planetlab1.cs.purdue.edu_4529 3	383.028000	2443.942000	0.090000	0.003000	2827.063000	S	63043	1280
planetlab1.cs.cornell.edu_planetlab1.cs.purdue.edu_4534 3	382.716000	2451.373000	0.070000	0.005000	2834.164000	S	63047	1280
planetlab1.cs.cornell.edu_planetlab1.cs.purdue.edu_4537 3	383.436000	2480.572000	0.068000	0.006000	2864.082000	S	63051	1280
planetlab1.cs.cornell.edu_planetlab1.cs.purdue.edu_4553 3	385.367000	2550.267000	0.135000	0.011000	2935.780000	S	63059	1280
planetlab1.cs.cornell.edu_planetlab1.cs.purdue.edu_4589 3	383.584000	2718.676000	0.081000	0.004000	3102.345000	S	63075	1280
planetlab1.cs.cornell.edu_planetlab1.cs.purdue.edu_4707 3	386.446000	3379.294000	0.064000	0.006000	3765.810000	S	63171	1280
planetlab2.clemson.edu_planetlab1.cs.purdue.edu_2617 2	120.858000	5305.863000	0.055000	0.004000	5426.780000	S	63207	2688
nodeb.howard.edu_planetlab1.cs.purdue.edu_3011 4	247.646000	5803.827000	0.116000	0.018000	6051.607000	S	62888	2368
planetlab1.cs.cornell.edu_planetlab1.cs.purdue.edu_4957 3	383.111000	6797.602000	0.073000	0.004000	7180.790000	S	63299	1280
righthand.eecs.harvard.edu_planetlab1.cs.purdue.edu_4270 2	206.441000	7079.622000	0.040000	0.003000	7286.106000	S	63391	2240
planetlab2.dtc.umn.edu_planetlab1.cs.purdue.edu_3327 3	259.465000	7150.146000	0.060000	0.007000	7409.678000	S	63208	3072
planetlab2.dtc.umn.edu_planetlab1.cs.purdue.edu_3329 3	261.140000	7165.038000	0.075000	0.006000	7426.259000	S	63292	3072
planetlab2.dtc.umn.edu_planetlab1.cs.purdue.edu_3331 3	261.431000	7178.942000	0.059000	0.006000	7440.438000	S	63395	3072
planetlab7.flux.utah.edu_planetlab1.cs.purdue.edu_4560 3	366.691000	9208.731000	0.083000	0.010000	9575.515000	S	63021	1536
planetlab7.flux.utah.edu_planetlab1.cs.purdue.edu_4570 3	367.064000	9342.923000	0.091000	0.015000	9710.093000	S	63064	1536
planetlab7.flux.utah.edu_planetlab1.cs.purdue.edu_4577 3	366.481000	9552.390000	0.080000	0.008000	9918.959000	S	63154	1536
planetlab7.flux.utah.edu_planetlab1.cs.purdue.edu_4600 3	366.871000	9723.727000	0.079000	0.009000	10090.686000	S	63334	1536
planetlab2.cs.umass.edu_planetlab1.cs.purdue.edu_3358 4	544.142000	15256.534000	0.067000	0.005000	15800.748000	S	63406	1408
planetlab1.eecs.umich.edu_planetlab1.cs.purdue.edu_4678 3	166.464000	15725.917000	0.098000	0.007000	15892.486000	S	62855	2304
planetlab1.eecs.umich.edu_planetlab1.cs.purdue.edu_4690 3	148.865000	15780.647000	0.107000	0.005000	15929.624000	S	63023	2304
planetlab1.eecs.umich.edu_planetlab1.cs.purdue.edu_4704 3	148.152000	15829.937000	0.106000	0.007000	15978.202000	S	63249	2304
planetlab1.eecs.umich.edu_planetlab1.cs.purdue.edu_4737 3	256.648000	16025.926000	0.099000	0.007000	16282.680000	S	63332	2304
planetlab-1.cse.ohio-state.edu_planetlab1.cs.purdue.edu_4386 3	566.997000	20503.468000	0.074000	0.017000	21070.556000	S	62986	2560
planetlab-1.cse.ohio-state.edu_planetlab1.cs.purdue.edu_4401 3	545.432000	20551.756000	0.086000	0.009000	21097.283000	S	63161	2560
planetlab-1.cse.ohio-state.edu_planetlab1.cs.purdue.edu_4406 3	584.230000	20530.580000	0.099000	0.007000	21114.916000	S	63234	2560
planetlab-1.cse.ohio-state.edu_planetlab1.cs.purdue.edu_4408 3	571.195000	20550.747000	0.087000	0.007000	21122.036000	S	63240	2560
planetlab-1.cse.ohio-state.edu_planetlab1.cs.purdue.edu_4410 3	670.343000	20557.758000	0.083000	0.008000	21228.192000	S	63242	2560
planetlab-1.cse.ohio-state.edu_planetlab1.cs.purdue.edu_4414 3	736.529000	20528.534000	0.066000	0.006000	21265.135000	S	63243	2560
planetlab-1.cse.ohio-state.edu_planetlab1.cs.purdue.edu_4412 3	732.181000	20533.126000	0.092000	0.005000	21265.404000	S	63246	2560
planetlab-1.cse.ohio-state.edu_planetlab1.cs.purdue.edu_4423 3	756.332000	20544.418000	0.095000	0.008000	21300.853000	S	63258	2560
planetlab-1.cse.ohio-state.edu_planetlab1.cs.purdue.edu_4425 3	770.061000	20556.651000	0.099000	0.006000	21326.817000	S	63274	2560
planetlab-1.cse.ohio-state.edu_planetlab1.cs.purdue.edu_4445 3	676.401000	20719.452000	0.113000	0.066000	21396.032000	S	63306	2560
planetlab-1.cse.ohio-state.edu_planetlab1.cs.purdue.edu_4458 3	592.811000	20834.761000	0.115000	0.007000	21427.694000	S	63370	2560
planetlab1.williams.edu_planetlab1.cs.purdue.edu_5283 1	89.952000	21354.175000	0.023000	0.041000	21444.191000	S	62803	2176
planetlab1.williams.edu_planetlab1.cs.purdue.edu_5316 1	135.297000	21453.491000	0.029000	0.003000	21588.820000	S	62924	2176
planetlab1.williams.edu_planetlab1.cs.purdue.edu_5695 1	144.307000	29170.322000	0.029000	0.002000	29314.660000	S	63408	2176
planetlab2.eecs.umich.edu_planetlab1.cs.purdue.edu_21009 2	189.421000	53764.874000	0.072000	0.005000	53954.372000	S	62837	2048
planetlab2.eecs.umich.edu_planetlab1.cs.purdue.edu_21017 2	200.399000	53948.534000	0.081000	0.006000	54149.020000	S	62840	2048
planetlab2.eecs.umich.edu_planetlab1.cs.purdue.edu_21131 2	870.805000	54352.488000	0.078000	0.015000	55223.386000	S	62866	2048
planetlab2.eecs.umich.edu_planetlab1.cs.purdue.edu_21248 2	1518.116000	54654.599000	0.080000	0.003000	56172.798000	S	62901	2048
planetlab2.eecs.umich.edu_planetlab1.cs.purdue.edu_21264 2	1576.702000	54739.903000	0.099000	0.004000	56316.708000	S	62910	2048
planetlab2.eecs.umich.edu_planetlab1.cs.purdue.edu_21309 2	1815.038000	54907.467000	0.097000	0.004000	56722.606000	S	62923	2048
planetlab2.eecs.umich.edu_planetlab1.cs.purdue.edu_21334 2	1930.077000	54987.885000	0.088000	0.004000	56918.054000	S	62933	2048
planetlab2.eecs.umich.edu_planetlab1.cs.purdue.edu_21357 2	1938.921000	55179.468000	0.107000	0.005000	57118.501000	S	62949	2048
planetlab2.eecs.umich.edu_planetlab1.cs.purdue.edu_21409 2	1904.548000	55662.113000	0.096000	0.004000	57566.761000	S	62961	2048
planetlab2.eecs.umich.edu_planetlab1.cs.purdue.edu_21426 2	1970.499000	55760.816000	0.094000	0.004000	57731.413000	S	62964	2048
planetlab2.eecs.umich.edu_planetlab1.cs.purdue.edu_21429 2	1994.762000	55780.102000	0.215000	0.003000	57775.082000	S	62965	2048
planetlab2.eecs.umich.edu_planetlab1.cs.purdue.edu_21456 2	2173.508000	55858.671000	0.080000	0.004000	58032.263000	S	62967	2048
planetlab2.eecs.umich.edu_planetlab1.cs.purdue.edu_21492 2	2141.768000	56206.006000	0.151000	0.009000	58347.934000	S	62973	2048
planetlab2.eecs.umich.edu_planetlab1.cs.purdue.edu_21554 2	1459.162000	57414.046000	0.097000	0.004000	58873.309000	S	63005	2048
planetlab2.eecs.umich.edu_planetlab1.cs.purdue.edu_21560 2	1413.605000	57516.653000	0.092000	0.004000	58930.354000	S	63009	2048
plab4.eece.ksu.edu_planetlab1.cs.purdue.edu_11108 1	146.643000	60166.110000	0.023000	0.002000	60312.778000	S	63123	2080
planetlab2.eecs.umich.edu_planetlab1.cs.purdue.edu_21745 2	1946.595000	58494.629000	0.096000	0.004000	60441.324000	S	63053	2048
planetlab2.eecs.umich.edu_planetlab1.cs.purdue.edu_21784 2	2103.409000	58655.244000	0.095000	0.004000	60758.752000	S	63061	2048
planetlab2.eecs.umich.edu_planetlab1.cs.purdue.edu_21794 2	2020.207000	58829.907000	0.085000	0.004000	60850.203000	S	63068	2048
planetlab5.williams.edu_planetlab1.cs.purdue.edu_7939 3	336.381000	60518.664000	0.072000	0.009000	60855.126000	S	63026	2112
planetlab5.williams.edu_planetlab1.cs.purdue.edu_7949 3	333.903000	60562.746000	0.077000	0.007000	60896.733000	S	63058	2112
planetlab5.williams.edu_planetlab1.cs.purdue.edu_7951 3	336.838000	60564.013000	0.073000	0.012000	60900.936000	S	63074	2112
planetlab5.williams.edu_planetlab1.cs.purdue.edu_7953 3	340.325000	60571.109000	0.071000	0.013000	60911.518000	S	63088	2112
planetlab5.williams.edu_planetlab1.cs.purdue.edu_7955 3	384.958000	60528.309000	0.068000	0.007000	60913.342000	S	63090	2112
planetlab5.williams.edu_planetlab1.cs.purdue.edu_7957 3	347.602000	60575.202000	0.061000	0.010000	60922.875000	S	63091	2112
planetlab5.williams.edu_planetlab1.cs.purdue.edu_7959 3	337.334000	60585.754000	0.064000	0.009000	60923.161000	S	63094	2112
planetlab5.williams.edu_planetlab1.cs.purdue.edu_7962 3	338.422000	60588.672000	0.066000	0.008000	60927.168000	S	63098	2112
planetlab2.eecs.umich.edu_planetlab1.cs.purdue.edu_21815 2	2094.509000	58945.327000	0.083000	0.004000	61039.923000	S	63069	2048
planetlab2.eecs.umich.edu_planetlab1.cs.purdue.edu_21821 2	2073.352000	59028.081000	2.868000	0.003000	61104.304000	S	63071	2048
planetlab2.eecs.umich.edu_planetlab1.cs.purdue.edu_21867 2	1618.029000	59852.146000	0.101000	0.003000	61470.279000	S	63101	2048
planetlab2.eecs.umich.edu_planetlab1.cs.purdue.edu_21928 2	1134.520000	60839.871000	0.085000	0.004000	61974.480000	S	63166	2048
planetlab5.williams.edu_planetlab1.cs.purdue.edu_7975 3	334.505000	61712.441000	0.082000	0.008000	62047.036000	S	63218	2112
planetlab2.eecs.umich.edu_planetlab1.cs.purdue.edu_21948 2	1038.352000	61038.555000	0.098000	0.004000	62077.009000	S	63179	2048
planetlab2.eecs.umich.edu_planetlab1.cs.purdue.edu_21968 2	860.711000	61321.040000	0.087000	0.016000	62181.854000	S	63197	2048
plab4.eece.ksu.edu_planetlab1.cs.purdue.edu_11298 1	147.688000	62139.969000	0.026000	0.002000	62287.685000	S	63303	2080
planetlab2.eecs.umich.edu_planetlab1.cs.purdue.edu_22002 2	3694.424000	58707.664000	0.080000	0.004000	62402.172000	S	63065	2048
planetlab5.williams.edu_planetlab1.cs.purdue.edu_7979 3	333.732000	62286.065000	0.080000	0.009000	62619.886000	S	63346	2112
plab4.eece.ksu.edu_planetlab1.cs.purdue.edu_11377 1	145.988000	62500.775000	0.023000	0.002000	62646.788000	S	63405	2080
planetlab5.williams.edu_planetlab1.cs.purdue.edu_7982 3	354.025000	62554.042000	0.079000	0.008000	62908.154000	S	63425	2112
planetlab2.eecs.umich.edu_planetlab1.cs.purdue.edu_22086 2	819.174000	62237.807000	0.094000	0.004000	63057.079000	S	63325	2048
planetlab4.rutgers.edu_planetlab1.cs.purdue.edu_21821 4	436.404000	216977.749000	0.057000	0.009000	217414.219000	S	62809	1024
planetlab4.rutgers.edu_planetlab1.cs.purdue.edu_21823 4	435.046000	216987.440000	0.051000	0.006000	217422.543000	S	62835	1024
planetlab4.rutgers.edu_planetlab1.cs.purdue.edu_21831 4	416.801000	217120.809000	0.057000	0.009000	217537.676000	S	62849	1024
planetlab4.rutgers.edu_planetlab1.cs.purdue.edu_21833 4	416.448000	217140.469000	0.161000	0.008000	217557.086000	S	62856	1024
planetlab4.rutgers.edu_planetlab1.cs.purdue.edu_21836 4	415.893000	217149.050000	0.058000	0.007000	217565.008000	S	62857	1024
planetlab4.rutgers.edu_planetlab1.cs.purdue.edu_21838 4	413.678000	217171.749000	0.059000	0.009000	217585.495000	S	62859	1024
planetlab4.rutgers.edu_planetlab1.cs.purdue.edu_21840 4	412.927000	217181.516000	0.050000	0.007000	217594.500000	S	62861	1024
planetlab4.rutgers.edu_planetlab1.cs.purdue.edu_21843 4	473.376000	217215.962000	0.065000	0.007000	217689.410000	S	62864	1024
planetlab4.rutgers.edu_planetlab1.cs.purdue.edu_21845 4	511.158000	217225.240000	0.052000	0.012000	217736.462000	S	62865	1024
planetlab2.mnlab.cti.depaul.edu_planetlab1.cs.purdue.edu_6872 5	793.756000	216980.496000	0.318000	0.012000	217774.582000	S	62836	1152
planetlab4.rutgers.edu_planetlab1.cs.purdue.edu_21847 4	543.752000	217255.202000	0.058000	0.007000	217799.019000	S	62867	1024
planetlab4.rutgers.edu_planetlab1.cs.purdue.edu_21849 4	534.707000	217267.246000	0.057000	0.006000	217802.016000	S	62869	1024
planetlab4.rutgers.edu_planetlab1.cs.purdue.edu_21851 4	537.447000	217271.403000	0.048000	0.006000	217808.904000	S	62872	1024
planetlab4.rutgers.edu_planetlab1.cs.purdue.edu_21853 4	535.062000	217301.247000	0.080000	0.006000	217836.395000	S	62873	1024
planetlab4.rutgers.edu_planetlab1.cs.purdue.edu_21856 4	525.219000	217314.128000	0.060000	0.006000	217839.413000	S	62874	1024
planetlab4.rutgers.edu_planetlab1.cs.purdue.edu_21858 4	524.436000	217315.713000	0.104000	0.007000	217840.260000	S	62875	1024
planetlab4.rutgers.edu_planetlab1.cs.purdue.edu_21861 4	462.743000	217402.670000	0.053000	0.006000	217865.472000	S	62876	1024
planetlab4.rutgers.edu_planetlab1.cs.purdue.edu_21864 4	375.232000	217518.258000	0.056000	0.008000	217893.554000	S	62877	1024
planetlab4.rutgers.edu_planetlab1.cs.purdue.edu_21867 4	376.788000	217519.799000	0.053000	0.007000	217896.647000	S	62879	1024
planetlab1.mnlab.cti.depaul.edu_planetlab1.cs.purdue.edu_6266 3	284.157000	217636.873000	0.053000	0.006000	217921.089000	S	62902	1088
