planetlab1.williams.edu_planetlab1.netlab.uky.edu_395 4	560.655000	0.144000	0.014000	0.000000	560.813000	47734	2176
planetlab4.csee.usf.edu_planetlab1.netlab.uky.edu_143 1	1518.012000	110.292000	0.020000	0.000000	1628.324000	47952	2624
planetlab2.dtc.umn.edu_planetlab1.netlab.uky.edu_265 4	1718.331000	0.027000	0.018000	0.000000	1718.376000	47925	3072
planetlab2.eecs.umich.edu_planetlab1.netlab.uky.edu_1052 3	1392.794000	853.008000	0.078000	0.000000	2245.880000	47736	2048
planetlab2.eecs.umich.edu_planetlab1.netlab.uky.edu_1082 3	1545.848000	812.076000	0.073000	0.000000	2357.997000	47752	2048
planetlab1.cs.cornell.edu_planetlab1.netlab.uky.edu_1355 2	3506.664000	2113.352000	0.028000	0.000000	5620.044000	48213	1280
planetlab1.cs.cornell.edu_planetlab1.netlab.uky.edu_1396 2	3683.228000	2004.400000	0.036000	0.000000	5687.664000	48277	1280
planetlab1.cs.cornell.edu_planetlab1.netlab.uky.edu_1443 2	3993.703000	1755.638000	0.044000	0.000000	5749.385000	48325	1280
planetlab1.cs.cornell.edu_planetlab1.netlab.uky.edu_1451 2	4077.320000	1682.766000	0.027000	0.000000	5760.113000	48337	1280
planetlab1.cs.cornell.edu_planetlab1.netlab.uky.edu_1456 2	4088.296000	1675.800000	0.030000	0.000000	5764.126000	48340	1280
planetlab1.cs.cornell.edu_planetlab1.netlab.uky.edu_1458 2	4093.604000	1672.326000	0.028000	0.000000	5765.958000	48341	1280
planetlab1.cs.cornell.edu_planetlab1.netlab.uky.edu_1460 2	4094.667000	1673.675000	0.079000	0.000000	5768.421000	48343	1280
planetlab1.cs.cornell.edu_planetlab1.netlab.uky.edu_1465 2	4138.882000	1646.081000	0.042000	0.000000	5785.005000	48349	1280
planetlab2.eecs.umich.edu_planetlab1.netlab.uky.edu_1868 3	2990.439000	3116.601000	0.074000	0.000000	6107.114000	47776	2048
planetlab2.eecs.umich.edu_planetlab1.netlab.uky.edu_1998 3	3172.680000	4236.014000	0.059000	0.000000	7408.753000	47784	2048
planetlab2.acis.ufl.edu_planetlab1.netlab.uky.edu_1850 2	3819.396000	3662.903000	0.016000	0.000000	7482.315000	47754	1056
planet1.cs.rochester.edu_planetlab1.netlab.uky.edu_672 3	7610.512000	0.148000	0.036000	0.000000	7610.696000	47855	3328
planetlab2.eecs.umich.edu_planetlab1.netlab.uky.edu_2030 3	3208.020000	4412.712000	0.071000	0.000000	7620.803000	47785	2048
planetlab2.eecs.umich.edu_planetlab1.netlab.uky.edu_2035 3	3230.750000	4420.027000	0.062000	0.000000	7650.839000	47786	2048
planetlab2.eecs.umich.edu_planetlab1.netlab.uky.edu_2076 3	3287.237000	4536.545000	0.076000	0.000000	7823.858000	47788	2048
planetlab-3.cmcl.cs.cmu.edu_planetlab1.netlab.uky.edu_1287 3	7825.545000	0.152000	0.036000	0.000000	7825.733000	48093	1568
planetlab2.eecs.umich.edu_planetlab1.netlab.uky.edu_2150 3	3584.088000	4633.272000	0.071000	0.000000	8217.431000	47799	2048
planetlab2.eecs.umich.edu_planetlab1.netlab.uky.edu_2171 3	3678.120000	4636.218000	0.064000	0.000000	8314.402000	47800	2048
planetlab2.eecs.umich.edu_planetlab1.netlab.uky.edu_2211 3	3951.122000	4573.559000	0.071000	0.000000	8524.752000	47810	2048
planetlab7.flux.utah.edu_planetlab1.netlab.uky.edu_1468 4	6853.279000	1698.328000	0.034000	0.000000	8551.641000	47803	1536
planetlab2.acis.ufl.edu_planetlab1.netlab.uky.edu_2171 2	4474.818000	4164.830000	0.025000	0.000000	8639.673000	48169	1056
planetlab4.rutgers.edu_planetlab1.netlab.uky.edu_3726 3	7443.760000	1239.878000	0.024000	0.000000	8683.662000	47738	1024
planetlab4.rutgers.edu_planetlab1.netlab.uky.edu_3758 3	7574.047000	1217.547000	0.032000	0.000000	8791.626000	47760	1024
planetlab2.acis.ufl.edu_planetlab1.netlab.uky.edu_2218 2	4595.376000	4218.267000	0.022000	0.000000	8813.665000	48201	1056
planetlab7.flux.utah.edu_planetlab1.netlab.uky.edu_1576 4	7968.134000	923.159000	0.031000	0.000000	8891.324000	48164	1536
planetlab7.flux.utah.edu_planetlab1.netlab.uky.edu_1578 4	7987.641000	918.910000	0.021000	0.000000	8906.572000	48315	1536
planetlab2.acis.ufl.edu_planetlab1.netlab.uky.edu_2248 2	4662.084000	4248.032000	0.023000	0.000000	8910.139000	48225	1056
planetlab7.flux.utah.edu_planetlab1.netlab.uky.edu_1580 4	7998.234000	910.498000	0.020000	0.000000	8908.752000	48334	1536
planetlab2.acis.ufl.edu_planetlab1.netlab.uky.edu_2251 2	4670.482000	4264.205000	0.025000	0.000000	8934.712000	48232	1056
planetlab2.acis.ufl.edu_planetlab1.netlab.uky.edu_2254 2	4682.900000	4258.217000	0.020000	0.000000	8941.137000	48233	1056
planetlab2.acis.ufl.edu_planetlab1.netlab.uky.edu_2256 2	4684.196000	4265.925000	0.016000	0.000000	8950.137000	48235	1056
planetlab2.acis.ufl.edu_planetlab1.netlab.uky.edu_2264 2	4714.160000	4250.717000	0.019000	0.000000	8964.896000	48237	1056
planetlab4.rutgers.edu_planetlab1.netlab.uky.edu_3806 3	7847.722000	1146.533000	0.019000	0.000000	8994.274000	47804	1024
planetlab2.acis.ufl.edu_planetlab1.netlab.uky.edu_2274 2	4734.699000	4271.313000	0.036000	0.000000	9006.048000	48249	1056
planetlab4.rutgers.edu_planetlab1.netlab.uky.edu_3809 3	7948.237000	1130.986000	0.032000	0.000000	9079.255000	47812	1024
planetlab4.rutgers.edu_planetlab1.netlab.uky.edu_3815 3	7973.012000	1108.482000	0.016000	0.000000	9081.510000	47817	1024
planetlab4.rutgers.edu_planetlab1.netlab.uky.edu_3818 3	8006.232000	1074.871000	0.017000	0.000000	9081.120000	47879	1024
planetlab4.rutgers.edu_planetlab1.netlab.uky.edu_3826 3	8058.142000	1056.613000	0.026000	0.000000	9114.781000	47883	1024
planetlab4.rutgers.edu_planetlab1.netlab.uky.edu_3828 3	8033.090000	1083.334000	0.015000	0.000000	9116.439000	47885	1024
planetlab4.rutgers.edu_planetlab1.netlab.uky.edu_3830 3	8049.488000	1067.682000	0.026000	0.000000	9117.196000	47886	1024
planetlab4.rutgers.edu_planetlab1.netlab.uky.edu_3832 3	8082.357000	1034.895000	0.036000	0.000000	9117.288000	47887	1024
planetlab4.rutgers.edu_planetlab1.netlab.uky.edu_3834 3	7986.054000	1137.746000	0.030000	0.000000	9123.830000	47888	1024
planetlab-2.cmcl.cs.cmu.edu_planetlab1.netlab.uky.edu_1318 5	9186.071000	0.323000	0.068000	0.000000	9186.462000	47808	560
planetlab4.rutgers.edu_planetlab1.netlab.uky.edu_3867 3	8089.875000	1097.515000	0.017000	0.000000	9187.407000	47903	1024
planetlab4.rutgers.edu_planetlab1.netlab.uky.edu_3877 3	8095.491000	1112.431000	0.017000	0.000000	9207.939000	47919	1024
planetlab4.rutgers.edu_planetlab1.netlab.uky.edu_3887 3	8114.744000	1116.170000	0.030000	0.000000	9230.944000	47930	1024
planetlab4.rutgers.edu_planetlab1.netlab.uky.edu_3888 3	8114.528000	1119.633000	0.013000	0.000000	9234.174000	47940	1024
planetlab4.rutgers.edu_planetlab1.netlab.uky.edu_3900 3	8124.735000	1126.269000	0.017000	0.000000	9251.021000	47951	1024
planetlab4.rutgers.edu_planetlab1.netlab.uky.edu_3922 3	8171.390000	1121.837000	0.030000	0.000000	9293.257000	47962	1024
planetlab-01.bu.edu_planetlab1.netlab.uky.edu_2794 4	9298.089000	0.266000	0.017000	0.000000	9298.372000	48120	640
planetlab4.rutgers.edu_planetlab1.netlab.uky.edu_3937 3	8189.773000	1131.180000	0.032000	0.000000	9320.985000	47978	1024
planetlab4.rutgers.edu_planetlab1.netlab.uky.edu_3953 3	8204.841000	1160.558000	0.029000	0.000000	9365.428000	47986	1024
planetlab4.rutgers.edu_planetlab1.netlab.uky.edu_3955 3	8207.236000	1162.312000	0.033000	0.000000	9369.581000	47992	1024
planetlab4.rutgers.edu_planetlab1.netlab.uky.edu_3963 3	8217.128000	1174.840000	0.029000	0.000000	9391.997000	47994	1024
planetlab4.rutgers.edu_planetlab1.netlab.uky.edu_3975 3	8233.490000	1177.190000	0.027000	0.000000	9410.707000	47995	1024
planetlab4.rutgers.edu_planetlab1.netlab.uky.edu_3980 3	8242.552000	1177.682000	0.015000	0.000000	9420.249000	47998	1024
planetlab4.rutgers.edu_planetlab1.netlab.uky.edu_4010 3	8283.181000	1189.428000	0.019000	0.000000	9472.628000	48000	1024
planetlab4.rutgers.edu_planetlab1.netlab.uky.edu_4014 3	8289.797000	1186.995000	0.015000	0.000000	9476.807000	48015	1024
planetlab4.rutgers.edu_planetlab1.netlab.uky.edu_4025 3	8314.572000	1188.765000	0.037000	0.000000	9503.374000	48016	1024
planetlab4.rutgers.edu_planetlab1.netlab.uky.edu_4031 3	8333.819000	1176.030000	0.019000	0.000000	9509.868000	48017	1024
planetlab4.rutgers.edu_planetlab1.netlab.uky.edu_4034 3	8344.984000	1176.050000	0.016000	0.000000	9521.050000	48018	1024
planetlab4.rutgers.edu_planetlab1.netlab.uky.edu_4039 3	8349.703000	1192.693000	0.022000	0.000000	9542.418000	48020	1024
planetlab4.rutgers.edu_planetlab1.netlab.uky.edu_4041 3	8353.547000	1189.955000	0.027000	0.000000	9543.529000	48024	1024
planetlab4.rutgers.edu_planetlab1.netlab.uky.edu_4106 3	8460.360000	1181.289000	0.025000	0.000000	9641.674000	48048	1024
planetlab4.rutgers.edu_planetlab1.netlab.uky.edu_4109 3	8466.618000	1180.521000	0.016000	0.000000	9647.155000	48080	1024
planetlab4.rutgers.edu_planetlab1.netlab.uky.edu_4124 3	8495.821000	1193.082000	0.027000	0.000000	9688.930000	48108	1024
planetlab2.eecs.umich.edu_planetlab1.netlab.uky.edu_2406 3	5146.365000	4576.928000	0.076000	0.000000	9723.369000	47848	2048
planetlab2.eecs.umich.edu_planetlab1.netlab.uky.edu_2410 3	5160.816000	4588.783000	0.072000	0.000000	9749.671000	47771	2048
planetlab4.rutgers.edu_planetlab1.netlab.uky.edu_4181 3	8561.973000	1245.448000	0.033000	0.000000	9807.454000	48119	1024
planetlab4.rutgers.edu_planetlab1.netlab.uky.edu_4199 3	8583.693000	1259.150000	0.020000	0.000000	9842.863000	48122	1024
planetlab4.rutgers.edu_planetlab1.netlab.uky.edu_4232 3	8761.809000	1271.524000	0.019000	0.000000	10033.352000	48143	1024
planetlab2.mnlab.cti.depaul.edu_planetlab1.netlab.uky.edu_1540 2	3773.426000	6532.213000	0.013000	0.000000	10305.652000	47741	1152
planetlab2.mnlab.cti.depaul.edu_planetlab1.netlab.uky.edu_1542 2	3871.245000	6529.313000	0.014000	0.000000	10400.572000	47767	1152
planetlab4.rutgers.edu_planetlab1.netlab.uky.edu_4398 3	9202.930000	1221.444000	0.032000	0.000000	10424.406000	48295	1024
planetlab4.rutgers.edu_planetlab1.netlab.uky.edu_4446 3	9270.891000	1237.373000	0.020000	0.000000	10508.284000	48316	1024
planetlab2.mnlab.cti.depaul.edu_planetlab1.netlab.uky.edu_1552 2	4019.119000	6615.496000	0.014000	0.000000	10634.629000	47842	1152
planetlab2.mnlab.cti.depaul.edu_planetlab1.netlab.uky.edu_1560 2	4279.809000	6569.114000	0.011000	0.000000	10848.934000	48041	1152
planetlab-01.cs.princeton.edu_planetlab1.netlab.uky.edu_853 4	11013.950000	2.505000	0.253000	0.000000	11016.708000	47898	816
planetlab1.williams.edu_planetlab1.netlab.uky.edu_1497 4	3371.146000	7878.567000	0.015000	0.000000	11249.728000	47813	2176
planetlab2.cs.pitt.edu_planetlab1.netlab.uky.edu_1691 3	11593.891000	0.157000	0.018000	0.000000	11594.066000	48174	304
planetlab2.mnlab.cti.depaul.edu_planetlab1.netlab.uky.edu_1654 2	5014.062000	6594.799000	0.012000	0.000000	11608.873000	48354	1152
planetlab2.cs.pitt.edu_planetlab1.netlab.uky.edu_1792 3	13477.038000	0.071000	0.018000	0.000000	13477.127000	48270	304
planetlab2.dtc.umn.edu_planetlab1.netlab.uky.edu_1420 4	13624.361000	1.766000	0.060000	0.000000	13626.187000	48254	3072
planetlab2.cs.pitt.edu_planetlab1.netlab.uky.edu_1844 3	13967.525000	0.121000	0.016000	0.000000	13967.662000	48294	304
planetlab-2.cs.uh.edu_planetlab1.netlab.uky.edu_1181 5	14047.999000	1.162000	0.030000	0.000000	14049.191000	47740	784
planetlab2.cs.pitt.edu_planetlab1.netlab.uky.edu_1854 3	14071.571000	0.233000	0.017000	0.000000	14071.821000	48298	304
planetlab2.cs.pitt.edu_planetlab1.netlab.uky.edu_1857 3	14154.252000	0.030000	0.018000	0.000000	14154.300000	48300	304
planetlab2.cs.pitt.edu_planetlab1.netlab.uky.edu_1864 3	14293.080000	0.109000	0.016000	0.000000	14293.205000	48302	304
planetlab2.cs.pitt.edu_planetlab1.netlab.uky.edu_1866 3	14324.386000	0.028000	0.016000	0.000000	14324.430000	48303	304
planetlab2.cs.pitt.edu_planetlab1.netlab.uky.edu_1872 3	14545.617000	0.025000	0.017000	0.000000	14545.659000	48318	304
planetlab-2.cs.uh.edu_planetlab1.netlab.uky.edu_1270 5	14592.609000	0.491000	0.040000	0.000000	14593.140000	48137	784
planetlab-2.cs.uh.edu_planetlab1.netlab.uky.edu_1272 5	14591.506000	0.375000	0.020000	0.000000	14591.901000	48252	784
planetlab-2.cs.uh.edu_planetlab1.netlab.uky.edu_1274 5	14630.771000	0.344000	0.032000	0.000000	14631.147000	48355	784
planetlab-2.cmcl.cs.cmu.edu_planetlab1.netlab.uky.edu_1538 5	14765.249000	0.203000	0.050000	0.000000	14765.502000	48223	560
planetlab2.clemson.edu_planetlab1.netlab.uky.edu_1060 3	15264.645000	0.030000	0.030000	0.000000	15264.705000	48241	2688
planetlab1.cs.unc.edu_planetlab1.netlab.uky.edu_2850 6	15661.287000	0.226000	0.027000	0.000000	15661.540000	47730	528
planetlab-2.cmcl.cs.cmu.edu_planetlab1.netlab.uky.edu_1594 5	15871.803000	0.057000	0.042000	0.000000	15871.902000	48309	560
planetlab1.cs.unc.edu_planetlab1.netlab.uky.edu_2864 6	15963.234000	0.050000	0.028000	0.000000	15963.312000	47750	528
planetlab-2.cmcl.cs.cmu.edu_planetlab1.netlab.uky.edu_1597 5	16001.700000	0.055000	0.053000	0.000000	16001.808000	48320	560
pl2.cs.unm.edu_planetlab1.netlab.uky.edu_2067 3	7746.446000	8340.442000	0.018000	0.000000	16086.906000	47781	1120
planetlab1.rutgers.edu_planetlab1.netlab.uky.edu_4680 5	7898.318000	8399.408000	0.068000	0.000000	16297.794000	47765	512
planetlab1.cs.unc.edu_planetlab1.netlab.uky.edu_2877 6	16465.843000	0.534000	0.030000	0.000000	16466.407000	47768	528
node2.planetlab.albany.edu_planetlab1.netlab.uky.edu_1013 3	16499.736000	0.767000	0.020000	0.000000	16500.523000	47969	1792
planetlab1.cs.unc.edu_planetlab1.netlab.uky.edu_2887 6	16542.867000	0.164000	0.037000	0.000000	16543.068000	47778	528
planetlab1.cs.unc.edu_planetlab1.netlab.uky.edu_2901 6	16675.153000	0.497000	0.021000	0.000000	16675.671000	47780	528
planetlab1.cs.unc.edu_planetlab1.netlab.uky.edu_2903 6	16713.093000	0.773000	0.028000	0.000000	16713.894000	47783	528
planetlab1.cs.unc.edu_planetlab1.netlab.uky.edu_2907 6	16715.581000	0.720000	0.014000	0.000000	16716.315000	47782	528
planetlab1.cs.unc.edu_planetlab1.netlab.uky.edu_2943 6	17282.367000	0.463000	0.035000	0.000000	17282.865000	47790	528
planetlab1.cs.unc.edu_planetlab1.netlab.uky.edu_2973 6	17425.613000	0.527000	0.025000	0.000000	17426.165000	47798	528
planetlab2.eecs.umich.edu_planetlab1.netlab.uky.edu_3624 3	13551.779000	6016.321000	0.085000	0.000000	19568.185000	47880	2048
planetlab-1.cse.ohio-state.edu_planetlab1.netlab.uky.edu_965 2	2275.071000	18249.199000	0.037000	0.000000	20524.307000	47999	2560
planetlab1.cs.unc.edu_planetlab1.netlab.uky.edu_3118 6	21944.702000	0.030000	0.040000	0.000000	21944.772000	47846	528
planetlab2.eecs.umich.edu_planetlab1.netlab.uky.edu_4030 3	15451.485000	6795.052000	0.086000	0.000000	22246.623000	47894	2048
planetlab1.cs.unc.edu_planetlab1.netlab.uky.edu_3146 6	22253.650000	0.317000	0.021000	0.000000	22253.988000	47853	528
planetlab2.eecs.umich.edu_planetlab1.netlab.uky.edu_4061 3	15511.214000	6893.911000	0.074000	0.000000	22405.199000	47899	2048
planetlab2.eecs.umich.edu_planetlab1.netlab.uky.edu_4090 3	15601.232000	6990.043000	0.087000	0.000000	22591.362000	47904	2048
planetlab2.eecs.umich.edu_planetlab1.netlab.uky.edu_4100 3	15628.556000	7052.291000	0.135000	0.000000	22680.982000	47912	2048
planetlab2.eecs.umich.edu_planetlab1.netlab.uky.edu_4110 3	15656.972000	7079.305000	0.073000	0.000000	22736.350000	47913	2048
planetlab2.eecs.umich.edu_planetlab1.netlab.uky.edu_4122 3	15695.376000	7098.713000	0.072000	0.000000	22794.161000	47916	2048
planetlab1.cs.unc.edu_planetlab1.netlab.uky.edu_3215 6	22813.382000	0.183000	0.034000	0.000000	22813.599000	47878	528
planetlab2.eecs.umich.edu_planetlab1.netlab.uky.edu_4162 3	15796.389000	7187.931000	0.078000	0.000000	22984.398000	47971	2048
planetlab2.eecs.umich.edu_planetlab1.netlab.uky.edu_4172 3	15825.144000	7197.846000	0.078000	0.000000	23023.068000	47914	2048
planetlab2.eecs.umich.edu_planetlab1.netlab.uky.edu_4197 3	15923.631000	7230.778000	0.077000	0.000000	23154.486000	47976	2048
planetlab1.rutgers.edu_planetlab1.netlab.uky.edu_5712 5	12443.340000	10810.480000	0.052000	0.000000	23253.872000	47893	512
planetlab2.eecs.umich.edu_planetlab1.netlab.uky.edu_4236 3	16050.811000	7346.299000	0.074000	0.000000	23397.184000	48011	2048
planetlab1.cs.unc.edu_planetlab1.netlab.uky.edu_3297 6	23427.227000	0.063000	0.023000	0.000000	23427.313000	47906	528
planetlab1.cs.unc.edu_planetlab1.netlab.uky.edu_3299 6	23436.383000	0.321000	0.028000	0.000000	23436.732000	47908	528
planetlab2.eecs.umich.edu_planetlab1.netlab.uky.edu_4250 3	16095.829000	7417.650000	0.072000	0.000000	23513.551000	48019	2048
planetlab1.cs.unc.edu_planetlab1.netlab.uky.edu_3321 6	23583.397000	0.952000	0.036000	0.000000	23584.385000	47910	528
planetlab1.cs.unc.edu_planetlab1.netlab.uky.edu_3327 6	23600.567000	0.214000	0.041000	0.000000	23600.822000	47911	528
planetlab2.eecs.umich.edu_planetlab1.netlab.uky.edu_4271 3	16153.423000	7450.951000	0.076000	0.000000	23604.450000	48025	2048
planetlab2.eecs.umich.edu_planetlab1.netlab.uky.edu_4282 3	16193.626000	7464.938000	0.076000	0.000000	23658.640000	48026	2048
planetlab2.eecs.umich.edu_planetlab1.netlab.uky.edu_4290 3	16214.177000	7495.804000	0.080000	0.000000	23710.061000	48027	2048
planetlab2.eecs.umich.edu_planetlab1.netlab.uky.edu_4310 3	16281.832000	7526.363000	0.109000	0.000000	23808.304000	48031	2048
planetlab1.cs.unc.edu_planetlab1.netlab.uky.edu_3373 6	23807.732000	42.800000	0.020000	0.000000	23850.552000	47918	528
planetlab1.cs.unc.edu_planetlab1.netlab.uky.edu_3440 6	24210.429000	0.230000	0.026000	0.000000	24210.685000	47926	528
planetlab1.cs.unc.edu_planetlab1.netlab.uky.edu_3446 6	24224.348000	0.160000	0.018000	0.000000	24224.526000	47929	528
planetlab1.cs.unc.edu_planetlab1.netlab.uky.edu_3496 6	24356.260000	0.496000	0.022000	0.000000	24356.778000	47948	528
planetlab-1.cs.colostate.edu_planetlab1.netlab.uky.edu_854 5	5562.522000	18809.400000	0.040000	0.000000	24371.962000	47819	656
planetlab1.cs.unc.edu_planetlab1.netlab.uky.edu_3549 6	24671.747000	0.275000	0.043000	0.000000	24672.065000	47974	528
planetlab-1.cs.colostate.edu_planetlab1.netlab.uky.edu_941 5	8738.493000	15963.006000	0.036000	0.000000	24701.535000	47947	656
planetlab1.cs.unc.edu_planetlab1.netlab.uky.edu_3583 6	24782.308000	0.573000	0.029000	0.000000	24782.910000	48002	528
planetlab1.cs.unc.edu_planetlab1.netlab.uky.edu_3586 6	24785.720000	0.125000	0.029000	0.000000	24785.874000	48004	528
planetlab1.cs.unc.edu_planetlab1.netlab.uky.edu_3603 6	24821.469000	15.621000	0.109000	0.000000	24837.199000	48007	528
planetlab1.cs.unc.edu_planetlab1.netlab.uky.edu_3612 6	24848.987000	2.703000	0.029000	0.000000	24851.719000	48006	528
planetlab-1.cs.colostate.edu_planetlab1.netlab.uky.edu_1008 5	10847.099000	14004.523000	0.031000	0.000000	24851.653000	48296	656
planetlab1.cs.unc.edu_planetlab1.netlab.uky.edu_3623 6	24896.181000	0.225000	0.026000	0.000000	24896.432000	48014	528
planetlab1.cs.unc.edu_planetlab1.netlab.uky.edu_3626 6	24903.542000	0.165000	0.035000	0.000000	24903.742000	48022	528
planetlab1.cs.unc.edu_planetlab1.netlab.uky.edu_3632 6	24920.929000	0.241000	0.032000	0.000000	24921.202000	48032	528
planetlab1.cs.unc.edu_planetlab1.netlab.uky.edu_3642 6	24949.409000	0.220000	0.024000	0.000000	24949.653000	48034	528
planetlab1.cs.unc.edu_planetlab1.netlab.uky.edu_3644 6	24953.857000	0.454000	0.030000	0.000000	24954.341000	48035	528
planetlab1.cs.unc.edu_planetlab1.netlab.uky.edu_3659 6	25001.600000	0.820000	0.051000	0.000000	25002.471000	48037	528
planetlab1.cs.unc.edu_planetlab1.netlab.uky.edu_3662 6	25018.639000	0.212000	0.022000	0.000000	25018.873000	48036	528
planetlab1.williams.edu_planetlab1.netlab.uky.edu_2442 4	15084.664000	10003.740000	0.018000	0.000000	25088.422000	47941	2176
planetlab1.williams.edu_planetlab1.netlab.uky.edu_2447 4	15453.623000	9644.132000	0.018000	0.000000	25097.773000	48005	2176
planetlab1.cs.unc.edu_planetlab1.netlab.uky.edu_3695 6	25139.053000	6.631000	0.024000	0.000000	25145.708000	48038	528
planetlab2.eecs.umich.edu_planetlab1.netlab.uky.edu_4664 3	18165.383000	7031.478000	1.738000	0.000000	25198.599000	47928	2048
planetlab1.cs.unc.edu_planetlab1.netlab.uky.edu_3711 6	25261.183000	0.337000	0.031000	0.000000	25261.551000	48039	528
planetlab1.cs.unc.edu_planetlab1.netlab.uky.edu_3719 6	25281.190000	0.715000	0.015000	0.000000	25281.920000	48042	528
planetlab1.cs.unc.edu_planetlab1.netlab.uky.edu_3723 6	25285.797000	0.290000	0.044000	0.000000	25286.131000	48044	528
planetlab1.cs.unc.edu_planetlab1.netlab.uky.edu_3728 6	25331.490000	0.070000	0.025000	0.000000	25331.585000	48046	528
planetlab1.cs.unc.edu_planetlab1.netlab.uky.edu_3731 6	25336.013000	0.252000	0.022000	0.000000	25336.287000	48047	528
planetlab1.cs.unc.edu_planetlab1.netlab.uky.edu_3737 6	25353.974000	0.442000	0.020000	0.000000	25354.436000	48050	528
planetlab1.cs.unc.edu_planetlab1.netlab.uky.edu_3749 6	25392.406000	0.081000	0.018000	0.000000	25392.505000	48052	528
planetlab1.cs.unc.edu_planetlab1.netlab.uky.edu_3755 6	25423.171000	0.125000	0.024000	0.000000	25423.320000	48054	528
planetlab1.cs.unc.edu_planetlab1.netlab.uky.edu_3762 6	25429.010000	0.729000	0.018000	0.000000	25429.757000	48055	528
planetlab1.cs.unc.edu_planetlab1.netlab.uky.edu_3766 6	25443.938000	0.082000	0.018000	0.000000	25444.038000	48062	528
planetlab1.cs.unc.edu_planetlab1.netlab.uky.edu_3768 6	25445.896000	0.184000	0.016000	0.000000	25446.096000	48070	528
planetlab1.cs.unc.edu_planetlab1.netlab.uky.edu_3772 6	25469.653000	0.096000	0.024000	0.000000	25469.773000	48083	528
planetlab1.cs.unc.edu_planetlab1.netlab.uky.edu_3780 6	25486.467000	0.085000	0.018000	0.000000	25486.570000	48098	528
planetlab1.cs.unc.edu_planetlab1.netlab.uky.edu_3788 6	25522.319000	0.151000	0.017000	0.000000	25522.487000	48100	528
planetlab1.cs.unc.edu_planetlab1.netlab.uky.edu_3792 6	25538.561000	0.410000	0.035000	0.000000	25539.006000	48102	528
planetlab1.cs.unc.edu_planetlab1.netlab.uky.edu_3794 6	25538.956000	0.089000	0.017000	0.000000	25539.062000	48103	528
planetlab1.cs.unc.edu_planetlab1.netlab.uky.edu_3798 6	25545.043000	0.255000	0.020000	0.000000	25545.318000	48110	528
planetlab1.cs.unc.edu_planetlab1.netlab.uky.edu_3800 6	25556.588000	0.150000	0.039000	0.000000	25556.777000	48118	528
planetlab1.cs.unc.edu_planetlab1.netlab.uky.edu_3815 6	25610.234000	0.389000	0.021000	0.000000	25610.644000	48197	528
planetlab1.cs.uoregon.edu_planetlab1.netlab.uky.edu_3532 3	5151.272000	20565.662000	0.027000	0.000000	25716.961000	47739	256
vn4.cse.wustl.edu_planetlab1.netlab.uky.edu_3334 4	26080.527000	0.056000	0.020000	0.000000	26080.603000	47745	272
vn4.cse.wustl.edu_planetlab1.netlab.uky.edu_3337 4	26115.497000	0.042000	0.030000	0.000000	26115.569000	47746	272
vn4.cse.wustl.edu_planetlab1.netlab.uky.edu_3340 4	26215.517000	0.034000	0.039000	0.000000	26215.590000	47747	272
vn4.cse.wustl.edu_planetlab1.netlab.uky.edu_3350 4	26353.073000	0.250000	0.502000	0.000000	26353.825000	47751	272
vn4.cse.wustl.edu_planetlab1.netlab.uky.edu_3359 4	26529.106000	0.099000	0.026000	0.000000	26529.231000	47755	272
vn4.cse.wustl.edu_planetlab1.netlab.uky.edu_3372 4	26809.254000	0.027000	0.021000	0.000000	26809.302000	47763	272
planetlab-1.cse.ohio-state.edu_planetlab1.netlab.uky.edu_1325 2	15581.562000	11353.204000	0.033000	0.000000	26934.799000	48175	2560
planetlab-1.cse.ohio-state.edu_planetlab1.netlab.uky.edu_1328 2	15648.206000	11285.341000	0.044000	0.000000	26933.591000	48284	2560
vn4.cse.wustl.edu_planetlab1.netlab.uky.edu_3383 4	27080.451000	0.370000	0.021000	0.000000	27080.842000	47779	272
vn4.cse.wustl.edu_planetlab1.netlab.uky.edu_3415 4	27684.855000	0.031000	0.031000	0.000000	27684.917000	47805	272
vn4.cse.wustl.edu_planetlab1.netlab.uky.edu_3437 4	28132.982000	0.030000	0.026000	0.000000	28133.038000	47811	272
vn4.cse.wustl.edu_planetlab1.netlab.uky.edu_3453 4	28602.059000	0.060000	0.030000	0.000000	28602.149000	47816	272
planetlab1.cs.uoregon.edu_planetlab1.netlab.uky.edu_4113 3	6634.745000	23644.007000	0.045000	0.000000	30278.797000	47844	256
planetlab3.williams.edu_planetlab1.netlab.uky.edu_1196 3	5332.248000	25023.257000	0.019000	0.000000	30355.524000	47802	400
planetlab3.williams.edu_planetlab1.netlab.uky.edu_1251 3	6995.001000	23488.500000	0.018000	0.000000	30483.519000	47982	400
planetlab3.williams.edu_planetlab1.netlab.uky.edu_1305 3	8701.962000	21910.213000	0.015000	0.000000	30612.190000	48165	400
planetlab4.williams.edu_planetlab1.netlab.uky.edu_1907 5	32982.089000	0.060000	0.017000	0.000000	32982.166000	47876	336
vn4.cse.wustl.edu_planetlab1.netlab.uky.edu_3686 4	33394.414000	0.031000	0.036000	0.000000	33394.481000	47895	272
vn4.cse.wustl.edu_planetlab1.netlab.uky.edu_3743 4	34214.967000	0.071000	0.029000	0.000000	34215.067000	47915	272
planetlab1.cs.uoregon.edu_planetlab1.netlab.uky.edu_4428 3	7472.287000	26853.219000	0.059000	0.000000	34325.565000	47920	256
vn4.cse.wustl.edu_planetlab1.netlab.uky.edu_3772 4	34867.739000	0.074000	0.036000	0.000000	34867.849000	47933	272
planetlab1.williams.edu_planetlab1.netlab.uky.edu_2733 4	34883.515000	0.023000	0.018000	0.000000	34883.556000	48065	2176
planetlab1.williams.edu_planetlab1.netlab.uky.edu_2735 4	34885.517000	0.127000	0.027000	0.000000	34885.671000	48068	2176
planetlab1.williams.edu_planetlab1.netlab.uky.edu_2737 4	34885.865000	0.188000	0.012000	0.000000	34886.065000	48069	2176
planetlab1.williams.edu_planetlab1.netlab.uky.edu_2739 4	34889.316000	0.021000	0.029000	0.000000	34889.366000	48071	2176
planetlab1.williams.edu_planetlab1.netlab.uky.edu_2741 4	34897.620000	0.218000	0.015000	0.000000	34897.853000	48077	2176
planetlab1.williams.edu_planetlab1.netlab.uky.edu_2743 4	34897.781000	0.135000	0.011000	0.000000	34897.927000	48085	2176
planetlab1.williams.edu_planetlab1.netlab.uky.edu_2745 4	34898.368000	0.020000	0.012000	0.000000	34898.400000	48101	2176
planetlab1.eecs.umich.edu_planetlab1.netlab.uky.edu_1883 4	34956.422000	2.492000	3.865000	0.000000	34962.779000	48114	2304
planetlab5.williams.edu_planetlab1.netlab.uky.edu_3005 2	15173.522000	19822.160000	0.024000	0.000000	34995.706000	48228	2112
planetlab5.williams.edu_planetlab1.netlab.uky.edu_3013 2	15238.300000	19806.031000	0.016000	0.000000	35044.347000	48292	2112
planetlab5.williams.edu_planetlab1.netlab.uky.edu_3023 2	15348.884000	19756.872000	0.017000	0.000000	35105.773000	48324	2112
planetlab1.eecs.umich.edu_planetlab1.netlab.uky.edu_1891 4	35158.843000	4.708000	0.088000	0.000000	35163.639000	48313	2304
planetlab5.williams.edu_planetlab1.netlab.uky.edu_3037 2	15459.997000	19731.761000	0.016000	0.000000	35191.774000	48352	2112
vn4.cse.wustl.edu_planetlab1.netlab.uky.edu_3800 4	35263.912000	0.094000	0.030000	0.000000	35264.036000	47943	272
vn4.cse.wustl.edu_planetlab1.netlab.uky.edu_3805 4	35355.745000	0.184000	0.032000	0.000000	35355.961000	47944	272
vn4.cse.wustl.edu_planetlab1.netlab.uky.edu_3829 4	35824.961000	0.094000	0.027000	0.000000	35825.082000	47955	272
vn4.cse.wustl.edu_planetlab1.netlab.uky.edu_3831 4	35929.915000	0.117000	0.031000	0.000000	35930.063000	47957	272
vn4.cse.wustl.edu_planetlab1.netlab.uky.edu_3835 4	35932.724000	0.020000	0.015000	0.000000	35932.759000	47958	272
vn4.cse.wustl.edu_planetlab1.netlab.uky.edu_3839 4	36025.141000	0.031000	0.031000	0.000000	36025.203000	47959	272
vn4.cse.wustl.edu_planetlab1.netlab.uky.edu_3845 4	36229.666000	0.292000	0.037000	0.000000	36229.995000	47967	272
planetlab4.williams.edu_planetlab1.netlab.uky.edu_2028 5	36337.230000	0.029000	0.026000	0.000000	36337.285000	48207	336
planetlab2.eecs.umich.edu_planetlab1.netlab.uky.edu_7729 3	36113.741000	1737.314000	0.078000	0.000000	37851.133000	48040	2048
planetlab2.eecs.umich.edu_planetlab1.netlab.uky.edu_7733 3	36127.178000	1751.691000	0.077000	0.000000	37878.946000	48059	2048
planetlab2.eecs.umich.edu_planetlab1.netlab.uky.edu_7742 3	36179.395000	1724.069000	0.080000	0.000000	37903.544000	48091	2048
planetlab2.eecs.umich.edu_planetlab1.netlab.uky.edu_7750 3	36231.102000	1678.909000	0.068000	0.000000	37910.079000	48124	2048
planetlab2.eecs.umich.edu_planetlab1.netlab.uky.edu_7759 3	36269.922000	1698.850000	0.079000	0.000000	37968.851000	48168	2048
planetlab2.eecs.umich.edu_planetlab1.netlab.uky.edu_7773 3	36332.115000	1730.570000	0.079000	0.000000	38062.764000	48203	2048
planetlab2.eecs.umich.edu_planetlab1.netlab.uky.edu_7778 3	36394.345000	1706.369000	0.222000	0.000000	38100.936000	48221	2048
planetlab2.eecs.umich.edu_planetlab1.netlab.uky.edu_7782 3	36446.898000	1678.860000	0.083000	0.000000	38125.841000	48267	2048
planetlab2.eecs.umich.edu_planetlab1.netlab.uky.edu_7792 3	36496.481000	1662.292000	0.079000	0.000000	38158.852000	48311	2048
planetlab2.eecs.umich.edu_planetlab1.netlab.uky.edu_7796 3	36554.613000	1639.909000	0.076000	0.000000	38194.598000	48323	2048
planetlab2.eecs.umich.edu_planetlab1.netlab.uky.edu_7800 3	36561.644000	1647.379000	0.093000	0.000000	38209.116000	48329	2048
planetlab2.eecs.umich.edu_planetlab1.netlab.uky.edu_7806 3	36618.097000	1610.064000	0.080000	0.000000	38228.241000	48330	2048
planetlab2.eecs.umich.edu_planetlab1.netlab.uky.edu_7808 3	36620.050000	1622.142000	0.079000	0.000000	38242.271000	48331	2048
planetlab2.eecs.umich.edu_planetlab1.netlab.uky.edu_7811 3	36673.246000	1580.026000	0.077000	0.000000	38253.349000	48335	2048
planetlab2.eecs.umich.edu_planetlab1.netlab.uky.edu_7820 3	36753.221000	1533.564000	0.080000	0.000000	38286.865000	48347	2048
vn4.cse.wustl.edu_planetlab1.netlab.uky.edu_3962 4	38694.194000	0.031000	0.029000	0.000000	38694.254000	47991	272
vn4.cse.wustl.edu_planetlab1.netlab.uky.edu_3975 4	39014.892000	0.029000	0.026000	0.000000	39014.947000	48003	272
vn4.cse.wustl.edu_planetlab1.netlab.uky.edu_3984 4	39186.993000	0.226000	0.030000	0.000000	39187.249000	48008	272
vn4.cse.wustl.edu_planetlab1.netlab.uky.edu_4020 4	39778.225000	0.275000	0.032000	0.000000	39778.532000	48029	272
ricepl-4.cs.rice.edu_planetlab1.netlab.uky.edu_1089 6	40149.942000	0.031000	0.027000	0.000000	40150.000000	48263	720
vn4.cse.wustl.edu_planetlab1.netlab.uky.edu_4036 4	40230.539000	0.158000	0.032000	0.000000	40230.729000	48045	272
vn4.cse.wustl.edu_planetlab1.netlab.uky.edu_4078 4	40940.877000	0.140000	0.023000	0.000000	40941.040000	48053	272
vn4.cse.wustl.edu_planetlab1.netlab.uky.edu_4090 4	41193.525000	0.038000	0.033000	0.000000	41193.596000	48057	272
vn4.cse.wustl.edu_planetlab1.netlab.uky.edu_4109 4	41501.704000	0.212000	0.022000	0.000000	41501.938000	48060	272
vn4.cse.wustl.edu_planetlab1.netlab.uky.edu_4111 4	41623.204000	0.038000	0.034000	0.000000	41623.276000	48061	272
vn4.cse.wustl.edu_planetlab1.netlab.uky.edu_4119 4	41777.696000	0.034000	0.032000	0.000000	41777.762000	48063	272
