planet2.cs.rochester.edu_planetlab-6.ece.iastate.edu_1367 2	1330.783000	298.521000	0.015000	0.000000	1629.319000	81054	672
planet2.cs.rochester.edu_planetlab-6.ece.iastate.edu_1696 2	2333.069000	603.667000	0.014000	0.000000	2936.750000	81131	672
planet2.cs.rochester.edu_planetlab-6.ece.iastate.edu_2053 2	5084.874000	0.024000	0.016000	0.000000	5084.914000	81365	672
planetlab2.cs.uoregon.edu_planetlab-6.ece.iastate.edu_833 2	5608.025000	0.165000	0.018000	0.000000	5608.208000	81155	3104
planetlab2.cs.uoregon.edu_planetlab-6.ece.iastate.edu_853 2	5671.593000	12.005000	0.025000	0.000000	5683.623000	81579	3104
planet2.cs.rochester.edu_planetlab-6.ece.iastate.edu_2144 2	5853.919000	0.023000	0.017000	0.000000	5853.959000	81533	672
planetlab2.netlab.uky.edu_planetlab-6.ece.iastate.edu_2218 3	1209.772000	4669.277000	0.022000	0.000000	5879.071000	81016	544
planetlab-2.cmcl.cs.cmu.edu_planetlab-6.ece.iastate.edu_1332 4	6911.982000	0.082000	0.046000	0.000000	6912.110000	81077	560
planetlab2.netlab.uky.edu_planetlab-6.ece.iastate.edu_2483 3	2218.538000	4702.173000	0.020000	0.000000	6920.731000	81080	544
planetlab-2.cmcl.cs.cmu.edu_planetlab-6.ece.iastate.edu_1338 4	7091.912000	0.073000	0.049000	0.000000	7092.034000	81088	560
planetlab2.netlab.uky.edu_planetlab-6.ece.iastate.edu_2731 3	3051.164000	4756.920000	0.019000	0.000000	7808.103000	81132	544
planetlab2.netlab.uky.edu_planetlab-6.ece.iastate.edu_2829 3	3392.944000	4759.748000	0.033000	0.000000	8152.725000	81154	544
planetlab2.netlab.uky.edu_planetlab-6.ece.iastate.edu_2845 3	3446.858000	4753.274000	0.017000	0.000000	8200.149000	81156	544
planetlab2.netlab.uky.edu_planetlab-6.ece.iastate.edu_2853 3	3464.770000	4773.240000	0.021000	0.000000	8238.031000	81158	544
planetlab2.netlab.uky.edu_planetlab-6.ece.iastate.edu_2856 3	3486.574000	4772.654000	0.023000	0.000000	8259.251000	81159	544
planetlab2.netlab.uky.edu_planetlab-6.ece.iastate.edu_2910 3	3605.532000	4913.927000	0.022000	0.000000	8519.481000	81166	544
planetlab2.netlab.uky.edu_planetlab-6.ece.iastate.edu_2969 3	3772.842000	4968.439000	0.018000	0.000000	8741.299000	81174	544
planetlab02.sys.virginia.edu_planetlab-6.ece.iastate.edu_122 1	1120.230000	7628.581000	0.019000	0.000000	8748.830000	81196	3168
plonk.cs.uwaterloo.ca_planetlab-6.ece.iastate.edu_1362 2	5593.859000	3158.731000	0.034000	0.000000	8752.624000	81462	800
plonk.cs.uwaterloo.ca_planetlab-6.ece.iastate.edu_1379 2	6103.079000	2696.545000	0.025000	0.000000	8799.649000	81577	800
plonk.cs.uwaterloo.ca_planetlab-6.ece.iastate.edu_1389 2	6347.511000	2482.104000	0.026000	0.000000	8829.641000	81628	800
planetlab2.netlab.uky.edu_planetlab-6.ece.iastate.edu_2998 3	3911.518000	4936.047000	0.024000	0.000000	8847.589000	81190	544
planetlab2.netlab.uky.edu_planetlab-6.ece.iastate.edu_3029 3	3988.068000	4975.636000	0.017000	0.000000	8963.721000	81203	544
planetlab2.netlab.uky.edu_planetlab-6.ece.iastate.edu_3045 3	4027.397000	4997.124000	0.024000	0.000000	9024.545000	81208	544
planetlab2.netlab.uky.edu_planetlab-6.ece.iastate.edu_3088 3	4127.797000	5036.080000	0.029000	0.000000	9163.906000	81222	544
planetlab2.netlab.uky.edu_planetlab-6.ece.iastate.edu_3115 3	4206.559000	5093.785000	0.023000	0.000000	9300.367000	81235	544
planetlab2.netlab.uky.edu_planetlab-6.ece.iastate.edu_3141 3	4272.941000	5160.935000	0.326000	0.000000	9434.202000	81251	544
planetlab2.netlab.uky.edu_planetlab-6.ece.iastate.edu_3155 3	4312.596000	5180.025000	0.029000	0.000000	9492.650000	81260	544
planetlab5.eecs.umich.edu_planetlab-6.ece.iastate.edu_2462 2	1622.518000	7895.205000	0.027000	0.000000	9517.750000	81072	416
planetlab2.netlab.uky.edu_planetlab-6.ece.iastate.edu_3174 3	4349.778000	5207.503000	0.026000	0.000000	9557.307000	81265	544
planetlab2.netlab.uky.edu_planetlab-6.ece.iastate.edu_3176 3	4353.622000	5213.665000	0.019000	0.000000	9567.306000	81266	544
planetlab2.netlab.uky.edu_planetlab-6.ece.iastate.edu_3178 3	4352.203000	5215.353000	0.013000	0.000000	9567.569000	81267	544
planetlab2.netlab.uky.edu_planetlab-6.ece.iastate.edu_3185 3	4359.732000	5243.911000	0.016000	0.000000	9603.659000	81271	544
planetlab2.netlab.uky.edu_planetlab-6.ece.iastate.edu_3191 3	4373.842000	5241.584000	0.031000	0.000000	9615.457000	81275	544
planetlab2.netlab.uky.edu_planetlab-6.ece.iastate.edu_3199 3	4389.416000	5246.959000	0.016000	0.000000	9636.391000	81286	544
planetlab-2.cmcl.cs.cmu.edu_planetlab-6.ece.iastate.edu_1436 4	9756.648000	0.194000	0.042000	0.000000	9756.884000	81291	560
planetlab2.netlab.uky.edu_planetlab-6.ece.iastate.edu_3241 3	4498.794000	5272.430000	0.024000	0.000000	9771.248000	81296	544
planetlab2.netlab.uky.edu_planetlab-6.ece.iastate.edu_3387 3	4892.247000	5409.622000	0.028000	0.000000	10301.897000	81324	544
planetlab2.netlab.uky.edu_planetlab-6.ece.iastate.edu_3431 3	5138.479000	5418.603000	0.028000	0.000000	10557.110000	81356	544
planetlab2.netlab.uky.edu_planetlab-6.ece.iastate.edu_3443 3	5232.853000	5361.542000	0.026000	0.000000	10594.421000	81380	544
planetlab5.eecs.umich.edu_planetlab-6.ece.iastate.edu_2643 2	2047.601000	8610.429000	0.016000	0.000000	10658.046000	81104	416
planetlab2.netlab.uky.edu_planetlab-6.ece.iastate.edu_3461 3	5282.577000	5384.900000	0.019000	0.000000	10667.496000	81384	544
planetlab2.netlab.uky.edu_planetlab-6.ece.iastate.edu_3468 3	5310.497000	5383.198000	0.021000	0.000000	10693.716000	81388	544
planetlab2.netlab.uky.edu_planetlab-6.ece.iastate.edu_3470 3	5311.422000	5388.783000	0.014000	0.000000	10700.219000	81389	544
planetlab2.netlab.uky.edu_planetlab-6.ece.iastate.edu_3476 3	5315.829000	5399.408000	0.012000	0.000000	10715.249000	81390	544
planetlab2.netlab.uky.edu_planetlab-6.ece.iastate.edu_3479 3	5337.652000	5386.036000	0.022000	0.000000	10723.710000	81395	544
planetlab2.netlab.uky.edu_planetlab-6.ece.iastate.edu_3491 3	5383.327000	5392.899000	0.039000	0.000000	10776.265000	81404	544
planetlab2.netlab.uky.edu_planetlab-6.ece.iastate.edu_3558 3	5647.225000	5331.230000	0.020000	0.000000	10978.475000	81464	544
planetlab-2.cmcl.cs.cmu.edu_planetlab-6.ece.iastate.edu_1491 4	10979.812000	0.158000	0.056000	0.000000	10980.026000	81443	560
planetlab5.eecs.umich.edu_planetlab-6.ece.iastate.edu_2701 2	2221.629000	8785.676000	0.015000	0.000000	11007.320000	81120	416
planetlab2.netlab.uky.edu_planetlab-6.ece.iastate.edu_3649 3	6025.056000	5185.086000	0.129000	0.000000	11210.271000	81552	544
planetlab5.csee.usf.edu_planetlab-6.ece.iastate.edu_3214 4	10534.707000	951.427000	0.022000	0.000000	11486.156000	81343	608
planetlab5.eecs.umich.edu_planetlab-6.ece.iastate.edu_2779 2	2426.960000	9070.073000	0.018000	0.000000	11497.051000	81136	416
planetlab5.eecs.umich.edu_planetlab-6.ece.iastate.edu_2788 2	2435.490000	9114.489000	0.024000	0.000000	11550.003000	81137	416
planetlab5.eecs.umich.edu_planetlab-6.ece.iastate.edu_2796 2	2450.848000	9118.035000	0.027000	0.000000	11568.910000	81138	416
planetlab5.eecs.umich.edu_planetlab-6.ece.iastate.edu_2802 2	2467.180000	9144.835000	0.021000	0.000000	11612.036000	81140	416
planetlab5.eecs.umich.edu_planetlab-6.ece.iastate.edu_2839 2	2544.671000	9286.538000	0.020000	0.000000	11831.229000	81144	416
planetlab5.csee.usf.edu_planetlab-6.ece.iastate.edu_3288 4	11582.302000	373.456000	0.021000	0.000000	11955.779000	81599	608
planetlab2.cs.pitt.edu_planetlab-6.ece.iastate.edu_1882 4	11997.509000	0.049000	0.018000	0.000000	11997.576000	81038	304
planetlab6.cs.duke.edu_planetlab-6.ece.iastate.edu_4016 3	8859.769000	3612.636000	0.018000	0.000000	12472.423000	81053	288
planetlab2.cs.pitt.edu_planetlab-6.ece.iastate.edu_1918 4	12971.784000	0.088000	0.015000	0.000000	12971.887000	81062	304
planetlab2.cs.pitt.edu_planetlab-6.ece.iastate.edu_1939 4	13166.136000	0.302000	0.019000	0.000000	13166.457000	81066	304
planetlab2.cs.pitt.edu_planetlab-6.ece.iastate.edu_1944 4	13217.214000	0.134000	0.016000	0.000000	13217.364000	81068	304
planetlab2.cs.pitt.edu_planetlab-6.ece.iastate.edu_1947 4	13328.172000	0.135000	0.015000	0.000000	13328.322000	81070	304
planetlab2.cs.pitt.edu_planetlab-6.ece.iastate.edu_1949 4	13329.614000	0.054000	0.012000	0.000000	13329.680000	81071	304
planetlab05.cs.washington.edu_planetlab-6.ece.iastate.edu_1278 3	13513.670000	0.364000	0.027000	0.000000	13514.061000	81219	432
planetlab2.cs.pitt.edu_planetlab-6.ece.iastate.edu_1993 4	13640.635000	0.148000	0.016000	0.000000	13640.799000	81086	304
planetlab6.cs.duke.edu_planetlab-6.ece.iastate.edu_4293 3	10468.729000	3548.990000	0.014000	0.000000	14017.733000	81097	288
planetlab2.cs.pitt.edu_planetlab-6.ece.iastate.edu_2076 4	14678.628000	0.029000	0.023000	0.000000	14678.680000	81134	304
planetlab6.cs.duke.edu_planetlab-6.ece.iastate.edu_4636 3	12220.003000	2659.793000	0.023000	0.000000	14879.819000	81157	288
planetlab6.cs.duke.edu_planetlab-6.ece.iastate.edu_4641 3	12238.496000	2666.997000	0.020000	0.000000	14905.513000	81161	288
planetlab6.cs.duke.edu_planetlab-6.ece.iastate.edu_4662 3	12321.014000	2648.856000	0.030000	0.000000	14969.900000	81164	288
planetlab6.cs.duke.edu_planetlab-6.ece.iastate.edu_4672 3	12343.962000	2648.508000	0.031000	0.000000	14992.501000	81165	288
planetlab6.cs.duke.edu_planetlab-6.ece.iastate.edu_4677 3	12355.939000	2641.257000	0.080000	0.000000	14997.276000	81167	288
planetlab6.cs.duke.edu_planetlab-6.ece.iastate.edu_4681 3	12380.241000	2631.212000	0.018000	0.000000	15011.471000	81169	288
planetlab6.cs.duke.edu_planetlab-6.ece.iastate.edu_4715 3	12504.296000	2596.526000	0.025000	0.000000	15100.847000	81172	288
planetlab6.cs.duke.edu_planetlab-6.ece.iastate.edu_4718 3	12527.013000	2580.423000	0.023000	0.000000	15107.459000	81173	288
planetlab6.cs.duke.edu_planetlab-6.ece.iastate.edu_4720 3	12526.730000	2580.764000	0.011000	0.000000	15107.505000	81175	288
planetlab6.cs.duke.edu_planetlab-6.ece.iastate.edu_4723 3	12549.716000	2563.888000	0.025000	0.000000	15113.629000	81176	288
planetlab6.cs.duke.edu_planetlab-6.ece.iastate.edu_4725 3	12555.399000	2558.246000	0.018000	0.000000	15113.663000	81177	288
planetlab6.cs.duke.edu_planetlab-6.ece.iastate.edu_4731 3	12588.664000	2560.946000	0.028000	0.000000	15149.638000	81179	288
planetlab6.cs.duke.edu_planetlab-6.ece.iastate.edu_4745 3	12647.075000	2518.288000	0.018000	0.000000	15165.381000	81180	288
planetlab6.cs.duke.edu_planetlab-6.ece.iastate.edu_4747 3	12651.321000	2524.390000	0.015000	0.000000	15175.726000	81181	288
planetlab6.cs.duke.edu_planetlab-6.ece.iastate.edu_4749 3	12652.615000	2525.467000	0.013000	0.000000	15178.095000	81182	288
planetlab6.cs.duke.edu_planetlab-6.ece.iastate.edu_4755 3	12659.208000	2544.232000	0.016000	0.000000	15203.456000	81183	288
planetlab6.cs.duke.edu_planetlab-6.ece.iastate.edu_4803 3	12957.536000	2378.415000	0.029000	0.000000	15335.980000	81197	288
planetlab6.cs.cornell.edu_planetlab-6.ece.iastate.edu_4964 4	15367.283000	0.080000	0.024000	0.000000	15367.387000	81202	352
planetlab6.cs.duke.edu_planetlab-6.ece.iastate.edu_4824 3	13151.286000	2231.086000	0.016000	0.000000	15382.388000	81205	288
planetlab6.cs.duke.edu_planetlab-6.ece.iastate.edu_4831 3	13203.456000	2206.023000	0.016000	0.000000	15409.495000	81209	288
planetlab6.cs.duke.edu_planetlab-6.ece.iastate.edu_4847 3	13277.647000	2167.919000	0.017000	0.000000	15445.583000	81212	288
planetlab6.cs.duke.edu_planetlab-6.ece.iastate.edu_4855 3	13315.430000	2143.993000	0.032000	0.000000	15459.455000	81213	288
planetlab6.cs.duke.edu_planetlab-6.ece.iastate.edu_4863 3	13384.281000	2082.846000	0.029000	0.000000	15467.156000	81215	288
planetlab5.williams.edu_planetlab-6.ece.iastate.edu_1843 1	1195.097000	14376.523000	0.020000	0.000000	15571.640000	81239	2112
planetlab6.cs.duke.edu_planetlab-6.ece.iastate.edu_4905 3	13750.481000	1834.004000	0.028000	0.000000	15584.513000	81229	288
planetlab6.cs.duke.edu_planetlab-6.ece.iastate.edu_4922 3	13951.030000	1710.927000	0.026000	0.000000	15661.983000	81237	288
planetlab6.cs.duke.edu_planetlab-6.ece.iastate.edu_4927 3	13997.731000	1665.795000	0.027000	0.000000	15663.553000	81241	288
planetlab6.cs.duke.edu_planetlab-6.ece.iastate.edu_4932 3	14032.807000	1645.381000	0.025000	0.000000	15678.213000	81244	288
planetlab6.cs.duke.edu_planetlab-6.ece.iastate.edu_4935 3	14043.767000	1637.683000	0.039000	0.000000	15681.489000	81245	288
planetlab6.cs.duke.edu_planetlab-6.ece.iastate.edu_4945 3	14108.341000	1609.274000	0.025000	0.000000	15717.640000	81247	288
planetlab6.cs.duke.edu_planetlab-6.ece.iastate.edu_4979 3	14266.086000	1538.864000	0.023000	0.000000	15804.973000	81256	288
planetlab6.cs.duke.edu_planetlab-6.ece.iastate.edu_5087 3	14741.609000	1432.421000	0.022000	0.000000	16174.052000	81277	288
planetlab6.cs.duke.edu_planetlab-6.ece.iastate.edu_5130 3	14935.341000	1396.966000	0.045000	0.000000	16332.352000	81282	288
planetlab5.eecs.umich.edu_planetlab-6.ece.iastate.edu_3601 2	5259.938000	11204.100000	0.019000	0.000000	16464.057000	81392	416
planetlab6.cs.duke.edu_planetlab-6.ece.iastate.edu_5181 3	15149.556000	1351.690000	0.021000	0.000000	16501.267000	81293	288
planetlab6.cs.duke.edu_planetlab-6.ece.iastate.edu_5220 3	15352.606000	1257.029000	0.018000	0.000000	16609.653000	81301	288
mtuplanetlab2.cs.mtu.edu_planetlab-6.ece.iastate.edu_2539 3	5732.219000	10919.514000	0.028000	0.000000	16651.761000	81490	736
planetlab6.cs.duke.edu_planetlab-6.ece.iastate.edu_5238 3	15411.391000	1270.775000	0.016000	0.000000	16682.182000	81305	288
planetlab6.cs.duke.edu_planetlab-6.ece.iastate.edu_5271 3	15554.025000	1261.223000	0.024000	0.000000	16815.272000	81308	288
planetlab6.cs.duke.edu_planetlab-6.ece.iastate.edu_5275 3	15557.409000	1258.627000	0.025000	0.000000	16816.061000	81311	288
planetlab6.cs.duke.edu_planetlab-6.ece.iastate.edu_5277 3	15558.779000	1265.587000	0.017000	0.000000	16824.383000	81309	288
planetlab6.cs.duke.edu_planetlab-6.ece.iastate.edu_5413 3	16076.656000	1324.540000	0.022000	0.000000	17401.218000	81341	288
planetlab6.cs.duke.edu_planetlab-6.ece.iastate.edu_5452 3	16352.822000	1181.600000	0.050000	0.000000	17534.472000	81373	288
planetlab6.cs.duke.edu_planetlab-6.ece.iastate.edu_5506 3	16656.130000	1083.526000	0.020000	0.000000	17739.676000	81399	288
planetlab6.cs.duke.edu_planetlab-6.ece.iastate.edu_5559 3	16944.013000	992.740000	0.030000	0.000000	17936.783000	81437	288
planetlab6.cs.duke.edu_planetlab-6.ece.iastate.edu_5646 3	18094.783000	150.034000	0.031000	0.000000	18244.848000	81589	288
planetlab6.cs.cornell.edu_planetlab-6.ece.iastate.edu_5305 4	18260.294000	0.451000	0.068000	0.000000	18260.813000	81562	352
planetlab2.csee.usf.edu_planetlab-6.ece.iastate.edu_1710 3	18707.260000	0.148000	0.045000	0.000000	18707.453000	81387	2400
planetlab1.rutgers.edu_planetlab-6.ece.iastate.edu_5294 4	7989.085000	11035.179000	0.048000	0.000000	19024.312000	81142	512
planetlab2.cs.pitt.edu_planetlab-6.ece.iastate.edu_2172 4	17217.425000	2438.856000	0.018000	0.000000	19656.299000	81326	304
planetlab2.cs.pitt.edu_planetlab-6.ece.iastate.edu_2189 4	18261.776000	1539.689000	0.019000	0.000000	19801.484000	81582	304
planetlab1.rutgers.edu_planetlab-6.ece.iastate.edu_6227 4	10948.472000	10843.332000	0.061000	0.000000	21791.865000	81429	512
planetlab1.rutgers.edu_planetlab-6.ece.iastate.edu_6291 4	11161.716000	10796.183000	0.052000	0.000000	21957.951000	81504	512
planetlab1.rutgers.edu_planetlab-6.ece.iastate.edu_6306 4	11238.380000	10774.658000	0.034000	0.000000	22013.072000	81546	512
planetlab1.cs.purdue.edu_planetlab-6.ece.iastate.edu_1800 4	22601.716000	0.031000	0.031000	0.000000	22601.778000	81168	2208
planetlab1.cs.purdue.edu_planetlab-6.ece.iastate.edu_1802 4	22626.913000	0.053000	0.023000	0.000000	22626.989000	81253	2208
planetlab1.cs.purdue.edu_planetlab-6.ece.iastate.edu_1804 4	22631.121000	0.087000	0.016000	0.000000	22631.224000	81295	2208
planetlab-01.ece.uprm.edu_planetlab-6.ece.iastate.edu_2839 2	18989.917000	3897.530000	0.050000	0.000000	22887.497000	81425	2144
planetlab-01.ece.uprm.edu_planetlab-6.ece.iastate.edu_2844 2	19056.115000	3849.709000	0.046000	0.000000	22905.870000	81441	2144
planetlab-01.ece.uprm.edu_planetlab-6.ece.iastate.edu_2848 2	19103.077000	3819.038000	0.049000	0.000000	22922.164000	81456	2144
planetlab-01.ece.uprm.edu_planetlab-6.ece.iastate.edu_2850 2	19109.199000	3832.593000	0.039000	0.000000	22941.831000	81457	2144
planetlab-01.ece.uprm.edu_planetlab-6.ece.iastate.edu_2852 2	19110.567000	3834.557000	0.026000	0.000000	22945.150000	81459	2144
planetlab-01.ece.uprm.edu_planetlab-6.ece.iastate.edu_2854 2	19119.003000	3843.292000	0.044000	0.000000	22962.339000	81461	2144
planetlab-01.ece.uprm.edu_planetlab-6.ece.iastate.edu_2856 2	19127.642000	3837.593000	0.050000	0.000000	22965.285000	81465	2144
planetlab-01.ece.uprm.edu_planetlab-6.ece.iastate.edu_2863 2	19340.229000	3659.259000	0.046000	0.000000	22999.534000	81521	2144
planetlab-01.ece.uprm.edu_planetlab-6.ece.iastate.edu_2917 2	22572.370000	533.531000	0.054000	0.000000	23105.955000	81585	2144
planetlab4.tamu.edu_planetlab-6.ece.iastate.edu_917 5	11519.973000	12116.119000	0.027000	0.000000	23636.119000	81420	624
planetlab2.eecs.umich.edu_planetlab-6.ece.iastate.edu_5027 2	18657.337000	5722.493000	0.071000	0.000000	24379.901000	81272	2048
planetlab2.eecs.umich.edu_planetlab-6.ece.iastate.edu_6060 2	22952.150000	5949.349000	0.069000	0.000000	28901.568000	81616	2048
planetlabpc2.upf.edu_planetlab-6.ece.iastate.edu_1728 4	28868.915000	2943.830000	0.035000	0.000000	31812.780000	81225	2592
planetlabpc2.upf.edu_planetlab-6.ece.iastate.edu_1733 4	30035.819000	1777.213000	0.030000	0.000000	31813.062000	81481	2592
aguila2.lsi.upc.edu_planetlab-6.ece.iastate.edu_2589 5	10992.159000	29456.596000	0.016000	0.000000	40448.771000	81113	576
planetlab1.cs.uoregon.edu_planetlab-6.ece.iastate.edu_6777 4	11187.485000	37351.632000	0.018000	0.000000	48539.135000	81019	256
plab4.eece.ksu.edu_planetlab-6.ece.iastate.edu_5163 3	21538.117000	33800.540000	0.016000	0.000000	55338.673000	81021	2080
plab4.eece.ksu.edu_planetlab-6.ece.iastate.edu_5166 3	21565.981000	33776.555000	0.024000	0.000000	55342.560000	81033	2080
plab4.eece.ksu.edu_planetlab-6.ece.iastate.edu_5171 3	21574.893000	33775.861000	0.016000	0.000000	55350.770000	81024	2080
plab4.eece.ksu.edu_planetlab-6.ece.iastate.edu_5175 3	21577.661000	33785.824000	0.014000	0.000000	55363.499000	81034	2080
plab4.eece.ksu.edu_planetlab-6.ece.iastate.edu_5177 3	21587.150000	33784.045000	0.016000	0.000000	55371.211000	81032	2080
plab4.eece.ksu.edu_planetlab-6.ece.iastate.edu_5179 3	21594.585000	33784.506000	0.017000	0.000000	55379.108000	81036	2080
plab4.eece.ksu.edu_planetlab-6.ece.iastate.edu_5181 3	21604.503000	33780.784000	0.025000	0.000000	55385.312000	81048	2080
plab4.eece.ksu.edu_planetlab-6.ece.iastate.edu_5189 3	21638.613000	33762.333000	0.018000	0.000000	55400.964000	81064	2080
plab4.eece.ksu.edu_planetlab-6.ece.iastate.edu_5199 3	21680.055000	33744.672000	0.018000	0.000000	55424.745000	81078	2080
plab4.eece.ksu.edu_planetlab-6.ece.iastate.edu_5233 3	21840.145000	33760.074000	0.020000	0.000000	55600.239000	81085	2080
plab4.eece.ksu.edu_planetlab-6.ece.iastate.edu_5276 3	22315.912000	33537.914000	0.025000	0.000000	55853.851000	81096	2080
plab4.eece.ksu.edu_planetlab-6.ece.iastate.edu_5397 3	22833.601000	33518.163000	0.020000	0.000000	56351.784000	81117	2080
plab4.eece.ksu.edu_planetlab-6.ece.iastate.edu_5402 3	22871.512000	33486.274000	0.026000	0.000000	56357.812000	81122	2080
plab4.eece.ksu.edu_planetlab-6.ece.iastate.edu_5424 3	22984.128000	33469.451000	0.023000	0.000000	56453.602000	81133	2080
plab4.eece.ksu.edu_planetlab-6.ece.iastate.edu_5437 3	23005.977000	33485.086000	0.017000	0.000000	56491.080000	81141	2080
plab4.eece.ksu.edu_planetlab-6.ece.iastate.edu_5443 3	23055.608000	33440.550000	0.017000	0.000000	56496.175000	81145	2080
plab4.eece.ksu.edu_planetlab-6.ece.iastate.edu_5445 3	23065.195000	33430.979000	0.018000	0.000000	56496.192000	81149	2080
plab4.eece.ksu.edu_planetlab-6.ece.iastate.edu_5447 3	23069.635000	33429.171000	0.017000	0.000000	56498.823000	81151	2080
plab4.eece.ksu.edu_planetlab-6.ece.iastate.edu_5449 3	23071.859000	33427.081000	0.015000	0.000000	56498.955000	81148	2080
plab4.eece.ksu.edu_planetlab-6.ece.iastate.edu_5492 3	23335.534000	33277.060000	0.023000	0.000000	56612.617000	81206	2080
plab4.eece.ksu.edu_planetlab-6.ece.iastate.edu_5500 3	23365.697000	33267.872000	0.020000	0.000000	56633.589000	81211	2080
planetlab5.cs.uiuc.edu_planetlab-6.ece.iastate.edu_973 4	17791.742000	38853.282000	0.009000	0.000000	56645.033000	81348	2336
planetlab5.cs.uiuc.edu_planetlab-6.ece.iastate.edu_975 4	19159.344000	37499.823000	0.008000	0.000000	56659.175000	81516	2336
plab4.eece.ksu.edu_planetlab-6.ece.iastate.edu_5517 3	23415.403000	33269.204000	0.016000	0.000000	56684.623000	81230	2080
plab4.eece.ksu.edu_planetlab-6.ece.iastate.edu_5533 3	23500.948000	33223.219000	0.022000	0.000000	56724.189000	81250	2080
plab4.eece.ksu.edu_planetlab-6.ece.iastate.edu_5544 3	23624.261000	33112.878000	0.017000	0.000000	56737.156000	81302	2080
plab4.eece.ksu.edu_planetlab-6.ece.iastate.edu_5570 3	23941.885000	32862.692000	0.028000	0.000000	56804.605000	81330	2080
plab4.eece.ksu.edu_planetlab-6.ece.iastate.edu_5574 3	23965.853000	32845.422000	0.016000	0.000000	56811.291000	81332	2080
plab4.eece.ksu.edu_planetlab-6.ece.iastate.edu_5578 3	23990.915000	32826.733000	0.018000	0.000000	56817.666000	81335	2080
plab4.eece.ksu.edu_planetlab-6.ece.iastate.edu_5580 3	23994.911000	32824.222000	0.018000	0.000000	56819.151000	81334	2080
plab4.eece.ksu.edu_planetlab-6.ece.iastate.edu_5606 3	24133.633000	32752.668000	0.026000	0.000000	56886.327000	81342	2080
plab4.eece.ksu.edu_planetlab-6.ece.iastate.edu_5641 3	24286.216000	32701.223000	0.019000	0.000000	56987.458000	81361	2080
plab4.eece.ksu.edu_planetlab-6.ece.iastate.edu_5682 3	24512.841000	32566.244000	0.028000	0.000000	57079.113000	81288	2080
plab4.eece.ksu.edu_planetlab-6.ece.iastate.edu_5688 3	24573.101000	32512.522000	0.023000	0.000000	57085.646000	81398	2080
plab4.eece.ksu.edu_planetlab-6.ece.iastate.edu_5696 3	24638.090000	32471.581000	0.017000	0.000000	57109.688000	81405	2080
plab4.eece.ksu.edu_planetlab-6.ece.iastate.edu_5718 3	24844.879000	32319.997000	0.025000	0.000000	57164.901000	81422	2080
plab4.eece.ksu.edu_planetlab-6.ece.iastate.edu_5730 3	24925.444000	32273.297000	0.019000	0.000000	57198.760000	81430	2080
plab4.eece.ksu.edu_planetlab-6.ece.iastate.edu_5744 3	25022.767000	32205.277000	0.022000	0.000000	57228.066000	81434	2080
plab4.eece.ksu.edu_planetlab-6.ece.iastate.edu_5754 3	25052.444000	32201.060000	0.020000	0.000000	57253.524000	81436	2080
plab4.eece.ksu.edu_planetlab-6.ece.iastate.edu_5756 3	25096.762000	32164.613000	0.024000	0.000000	57261.399000	81438	2080
plab4.eece.ksu.edu_planetlab-6.ece.iastate.edu_5758 3	25120.137000	32143.762000	0.025000	0.000000	57263.924000	81439	2080
plab4.eece.ksu.edu_planetlab-6.ece.iastate.edu_5792 3	25401.000000	31969.543000	0.024000	0.000000	57370.567000	81470	2080
plab4.eece.ksu.edu_planetlab-6.ece.iastate.edu_5847 3	25709.145000	31782.741000	0.024000	0.000000	57491.910000	81502	2080
plab4.eece.ksu.edu_planetlab-6.ece.iastate.edu_5869 3	25770.671000	31779.359000	0.019000	0.000000	57550.049000	81506	2080
plab4.eece.ksu.edu_planetlab-6.ece.iastate.edu_6094 3	28362.198000	29665.786000	0.032000	0.000000	58028.016000	81544	2080
plab4.eece.ksu.edu_planetlab-6.ece.iastate.edu_6104 3	28593.194000	29463.364000	0.027000	0.000000	58056.585000	81566	2080
plab4.eece.ksu.edu_planetlab-6.ece.iastate.edu_6512 3	33333.666000	25353.130000	0.031000	0.000000	58686.827000	81318	2080
planetlab1.cs.uoregon.edu_planetlab-6.ece.iastate.edu_8333 4	18200.639000	42644.491000	0.040000	0.000000	60845.170000	81467	256
planetlab1.cs.uoregon.edu_planetlab-6.ece.iastate.edu_8339 4	18244.345000	42647.137000	0.032000	0.000000	60891.514000	81499	256
planetlab1.cs.uoregon.edu_planetlab-6.ece.iastate.edu_8341 4	18267.165000	42624.808000	0.056000	0.000000	60892.029000	81515	256
planetlab1.cs.uoregon.edu_planetlab-6.ece.iastate.edu_8344 4	18273.234000	42633.147000	0.028000	0.000000	60906.409000	81523	256
planetlab1.cs.uoregon.edu_planetlab-6.ece.iastate.edu_8346 4	18288.962000	42643.806000	0.040000	0.000000	60932.808000	81529	256
planetlab1.cs.uoregon.edu_planetlab-6.ece.iastate.edu_8348 4	18296.397000	42641.413000	0.043000	0.000000	60937.853000	81531	256
planetlab1.cs.uoregon.edu_planetlab-6.ece.iastate.edu_8350 4	18297.105000	42641.802000	0.016000	0.000000	60938.923000	81530	256
planetlab1.cs.uoregon.edu_planetlab-6.ece.iastate.edu_8354 4	18332.312000	42620.743000	0.035000	0.000000	60953.090000	81535	256
planetlab4.cs.uiuc.edu_planetlab-6.ece.iastate.edu_343 5	22523.152000	67558.491000	0.015000	0.000000	90081.658000	81572	2720
planetlab2.acis.ufl.edu_planetlab-6.ece.iastate.edu_7214 3	218150.508000	0.030000	0.035000	0.000000	218150.573000	81017	1056
planetlab1.cs.okstate.edu_planetlab-6.ece.iastate.edu_1644 3	218216.185000	0.127000	0.028000	0.000000	218216.340000	81058	1632
planetlab2.acis.ufl.edu_planetlab-6.ece.iastate.edu_7234 3	218234.235000	0.058000	0.020000	0.000000	218234.313000	81041	1056
planetlab2.acis.ufl.edu_planetlab-6.ece.iastate.edu_7240 3	218238.420000	0.527000	0.020000	0.000000	218238.967000	81050	1056
planetlab-3.cmcl.cs.cmu.edu_planetlab-6.ece.iastate.edu_2258 4	218306.995000	0.050000	0.061000	0.000000	218307.106000	81037	1568
planetlab4.rutgers.edu_planetlab-6.ece.iastate.edu_9314 2	218319.004000	0.053000	0.031000	0.000000	218319.088000	81084	1024
planetlab2.acis.ufl.edu_planetlab-6.ece.iastate.edu_7249 3	218406.494000	0.301000	0.021000	0.000000	218406.816000	81098	1056
planetlab2.acis.ufl.edu_planetlab-6.ece.iastate.edu_7252 3	218429.679000	0.193000	0.035000	0.000000	218429.907000	81106	1056
planetlab2.acis.ufl.edu_planetlab-6.ece.iastate.edu_7256 3	218433.683000	0.075000	0.015000	0.000000	218433.773000	81112	1056
ebb.colgate.edu_planetlab-6.ece.iastate.edu_2296 4	218437.436000	0.039000	0.012000	0.000000	218437.487000	81015	1184
planetlab2.acis.ufl.edu_planetlab-6.ece.iastate.edu_7260 3	218445.737000	0.086000	0.025000	0.000000	218445.848000	81114	1056
planetlab2.acis.ufl.edu_planetlab-6.ece.iastate.edu_7262 3	218461.210000	0.105000	0.026000	0.000000	218461.341000	81115	1056
planetlab2.acis.ufl.edu_planetlab-6.ece.iastate.edu_7273 3	218491.748000	0.142000	0.015000	0.000000	218491.905000	81118	1056
planetlab2.acis.ufl.edu_planetlab-6.ece.iastate.edu_7276 3	218502.472000	0.051000	0.025000	0.000000	218502.548000	81124	1056
planetlab2.acis.ufl.edu_planetlab-6.ece.iastate.edu_7278 3	218514.807000	0.025000	0.022000	0.000000	218514.854000	81129	1056
planetlab2.acis.ufl.edu_planetlab-6.ece.iastate.edu_7284 3	218547.304000	0.028000	0.025000	0.000000	218547.357000	81146	1056
planetlab2.acis.ufl.edu_planetlab-6.ece.iastate.edu_7298 3	218701.949000	0.056000	0.034000	0.000000	218702.039000	81178	1056
ebb.colgate.edu_planetlab-6.ece.iastate.edu_2300 4	218746.224000	0.019000	0.012000	0.000000	218746.255000	81079	1184
planetlab2.acis.ufl.edu_planetlab-6.ece.iastate.edu_7326 3	218819.943000	0.025000	0.025000	0.000000	218819.993000	81200	1056
planetlab2.acis.ufl.edu_planetlab-6.ece.iastate.edu_7342 3	218869.440000	0.107000	0.033000	0.000000	218869.580000	81221	1056
planetlab2.acis.ufl.edu_planetlab-6.ece.iastate.edu_7352 3	218914.932000	0.064000	0.031000	0.000000	218915.027000	81226	1056
planetlab2.acis.ufl.edu_planetlab-6.ece.iastate.edu_7356 3	218942.900000	0.109000	0.028000	0.000000	218943.037000	81234	1056
planetlab1.cs.cornell.edu_planetlab-6.ece.iastate.edu_2891 3	219023.894000	0.040000	0.049000	0.000000	219023.983000	81254	1280
planetlab2.acis.ufl.edu_planetlab-6.ece.iastate.edu_7360 3	219086.885000	0.144000	0.030000	0.000000	219087.059000	81240	1056
planetlab2.acis.ufl.edu_planetlab-6.ece.iastate.edu_7362 3	219088.519000	0.047000	0.023000	0.000000	219088.589000	81242	1056
planetlab2.acis.ufl.edu_planetlab-6.ece.iastate.edu_7364 3	219091.319000	0.034000	0.019000	0.000000	219091.372000	81243	1056
planetlab2.acis.ufl.edu_planetlab-6.ece.iastate.edu_7366 3	219102.854000	0.111000	0.018000	0.000000	219102.983000	81246	1056
planetlab2.acis.ufl.edu_planetlab-6.ece.iastate.edu_7370 3	219150.927000	0.145000	0.033000	0.000000	219151.105000	81257	1056
planetlab2.acis.ufl.edu_planetlab-6.ece.iastate.edu_7372 3	219156.488000	0.026000	0.022000	0.000000	219156.536000	81274	1056
planetlab2.acis.ufl.edu_planetlab-6.ece.iastate.edu_7374 3	219200.913000	0.110000	0.031000	0.000000	219201.054000	81290	1056
planetlab2.acis.ufl.edu_planetlab-6.ece.iastate.edu_7376 3	219207.475000	0.025000	0.025000	0.000000	219207.525000	81298	1056
planetlab2.acis.ufl.edu_planetlab-6.ece.iastate.edu_7378 3	219256.219000	0.147000	0.026000	0.000000	219256.392000	81304	1056
planetlab2.acis.ufl.edu_planetlab-6.ece.iastate.edu_7380 3	219268.129000	0.108000	0.021000	0.000000	219268.258000	81306	1056
planetlab2.acis.ufl.edu_planetlab-6.ece.iastate.edu_7384 3	219285.679000	0.256000	0.013000	0.000000	219285.948000	81310	1056
planetlab2.acis.ufl.edu_planetlab-6.ece.iastate.edu_7383 3	219285.790000	0.250000	0.019000	0.000000	219286.059000	81307	1056
ebb.colgate.edu_planetlab-6.ece.iastate.edu_2304 4	219290.103000	0.049000	0.019000	0.000000	219290.171000	81207	1184
planetlab2.acis.ufl.edu_planetlab-6.ece.iastate.edu_7388 3	219314.120000	0.154000	0.017000	0.000000	219314.291000	81338	1056
planetlab2.acis.ufl.edu_planetlab-6.ece.iastate.edu_7387 3	219314.322000	0.149000	0.030000	0.000000	219314.501000	81327	1056
planetlab2.acis.ufl.edu_planetlab-6.ece.iastate.edu_7390 3	219325.027000	0.043000	0.024000	0.000000	219325.094000	81346	1056
planetlab2.acis.ufl.edu_planetlab-6.ece.iastate.edu_7392 3	219330.909000	0.050000	0.018000	0.000000	219330.977000	81352	1056
planetlab2.acis.ufl.edu_planetlab-6.ece.iastate.edu_7394 3	219343.820000	0.129000	0.021000	0.000000	219343.970000	81354	1056
planetlab2.acis.ufl.edu_planetlab-6.ece.iastate.edu_7396 3	219353.662000	0.050000	0.019000	0.000000	219353.731000	81355	1056
planetlab2.acis.ufl.edu_planetlab-6.ece.iastate.edu_7398 3	219358.045000	0.021000	0.016000	0.000000	219358.082000	81358	1056
planetlab2.acis.ufl.edu_planetlab-6.ece.iastate.edu_7400 3	219359.209000	0.075000	0.015000	0.000000	219359.299000	81360	1056
planetlab2.acis.ufl.edu_planetlab-6.ece.iastate.edu_7402 3	219369.715000	0.051000	0.023000	0.000000	219369.789000	81362	1056
planetlab2.acis.ufl.edu_planetlab-6.ece.iastate.edu_7404 3	219371.555000	0.113000	0.022000	0.000000	219371.690000	81363	1056
planetlab2.acis.ufl.edu_planetlab-6.ece.iastate.edu_7406 3	219381.559000	0.086000	0.021000	0.000000	219381.666000	81366	1056
planetlab2.acis.ufl.edu_planetlab-6.ece.iastate.edu_7408 3	219385.613000	0.079000	0.023000	0.000000	219385.715000	81368	1056
planetlab2.acis.ufl.edu_planetlab-6.ece.iastate.edu_7410 3	219389.039000	2.766000	0.014000	0.000000	219391.819000	81369	1056
planetlab2.acis.ufl.edu_planetlab-6.ece.iastate.edu_7412 3	219397.935000	3.487000	0.018000	0.000000	219401.440000	81370	1056
planetlab2.acis.ufl.edu_planetlab-6.ece.iastate.edu_7414 3	219400.027000	5.873000	0.026000	0.000000	219405.926000	81371	1056
planetlab2.acis.ufl.edu_planetlab-6.ece.iastate.edu_7416 3	219410.462000	0.084000	0.025000	0.000000	219410.571000	81372	1056
