planetlab-3.cmcl.cs.cmu.edu_planetlab7.cs.duke.edu_3248 2	149.873000	0.555000	0.079000	0.006000	150.513000	S	67196	1568
planetlab-3.cmcl.cs.cmu.edu_planetlab7.cs.duke.edu_3265 2	152.037000	316.538000	0.048000	0.017000	468.640000	S	67279	1568
planetlab2.cs.uoregon.edu_planetlab7.cs.duke.edu_1922 4	399.832000	270.213000	0.088000	0.008000	670.141000	S	67265	3104
planetlab-3.cmcl.cs.cmu.edu_planetlab7.cs.duke.edu_3287 2	149.752000	754.301000	0.069000	0.004000	904.126000	S	67407	1568
planetlab2.cs.uoregon.edu_planetlab7.cs.duke.edu_1937 4	366.217000	700.121000	0.087000	0.005000	1066.430000	S	67393	3104
planetlab-3.cmcl.cs.cmu.edu_planetlab7.cs.duke.edu_3307 2	150.709000	1061.958000	0.059000	0.007000	1212.733000	S	67471	1568
nodea.howard.edu_planetlab7.cs.duke.edu_1308 3	185.026000	1168.320000	0.069000	0.006000	1353.421000	S	67500	3232
planetlab-3.cmcl.cs.cmu.edu_planetlab7.cs.duke.edu_3321 2	149.507000	1262.906000	0.060000	0.007000	1412.480000	S	67527	1568
planetlab-3.cmcl.cs.cmu.edu_planetlab7.cs.duke.edu_3323 2	149.706000	1270.771000	0.061000	0.005000	1420.543000	S	67531	1568
planetlab-3.cmcl.cs.cmu.edu_planetlab7.cs.duke.edu_3325 2	149.983000	1279.851000	0.060000	0.004000	1429.898000	S	67533	1568
planetlab-3.cmcl.cs.cmu.edu_planetlab7.cs.duke.edu_3327 2	149.780000	1294.494000	0.069000	0.008000	1444.351000	S	67534	1568
planetlab-3.cmcl.cs.cmu.edu_planetlab7.cs.duke.edu_3332 2	150.695000	1300.819000	0.056000	0.006000	1451.576000	S	67535	1568
planetlab-3.cmcl.cs.cmu.edu_planetlab7.cs.duke.edu_3339 2	150.847000	1376.226000	0.054000	0.005000	1527.132000	S	67551	1568
planetlab-3.cmcl.cs.cmu.edu_planetlab7.cs.duke.edu_3342 2	151.264000	1437.171000	0.064000	0.006000	1588.505000	S	67567	1568
planetlab6.csail.mit.edu_planetlab7.cs.duke.edu_4241 3	123.696000	1940.343000	0.076000	0.009000	2064.124000	S	67301	928
plab3.eece.ksu.edu_planetlab7.cs.duke.edu_2397 3	276.021000	1927.787000	0.068000	0.006000	2203.882000	S	67680	1824
planetlab3.cs.columbia.edu_planetlab7.cs.duke.edu_6273 3	85.078000	2636.093000	0.066000	0.014000	2721.251000	S	67485	480
planet2.cs.rochester.edu_planetlab7.cs.duke.edu_5359 4	181.359000	3038.806000	0.069000	0.011000	3220.245000	S	67391	672
planetlab7.flux.utah.edu_planetlab7.cs.duke.edu_4271 3	296.621000	3270.574000	0.071000	0.010000	3567.276000	S	67804	1536
planetlab3.rutgers.edu_planetlab7.cs.duke.edu_2572 1	52.411000	3761.968000	0.040000	0.001000	3814.420000	S	67435	2464
planet2.cs.rochester.edu_planetlab7.cs.duke.edu_5892 4	139.650000	5187.458000	0.091000	0.026000	5327.225000	S	67658	672
planetlab-01.cs.princeton.edu_planetlab7.cs.duke.edu_2283 5	215.801000	5944.598000	1.960000	0.011000	6162.370000	S	67259	816
planetlab5.cs.uiuc.edu_planetlab7.cs.duke.edu_3642 2	118.594000	6274.424000	0.174000	0.009000	6393.201000	S	67202	2336
planetlab5.cs.uiuc.edu_planetlab7.cs.duke.edu_3645 2	119.303000	6285.622000	0.043000	0.010000	6404.978000	S	67204	2336
planetlab5.cs.uiuc.edu_planetlab7.cs.duke.edu_3650 2	118.476000	6353.411000	0.081000	0.011000	6471.979000	S	67206	2336
planetlab5.cs.uiuc.edu_planetlab7.cs.duke.edu_3656 2	119.743000	6416.758000	0.091000	0.010000	6536.602000	S	67207	2336
plonk.cs.uwaterloo.ca_planetlab7.cs.duke.edu_4586 4	207.114000	6394.872000	0.073000	0.010000	6602.069000	S	67328	800
plonk.cs.uwaterloo.ca_planetlab7.cs.duke.edu_4600 4	208.296000	6470.151000	0.073000	0.010000	6678.530000	S	67336	800
planetlab5.cs.uiuc.edu_planetlab7.cs.duke.edu_3671 2	116.637000	6575.222000	0.080000	0.010000	6691.949000	S	67214	2336
plonk.cs.uwaterloo.ca_planetlab7.cs.duke.edu_4605 4	219.282000	6492.029000	0.070000	0.008000	6711.389000	S	67338	800
plonk.cs.uwaterloo.ca_planetlab7.cs.duke.edu_4610 4	222.477000	6497.352000	0.068000	0.011000	6719.908000	S	67337	800
plonk.cs.uwaterloo.ca_planetlab7.cs.duke.edu_4616 4	221.165000	6533.473000	0.076000	0.011000	6754.725000	S	67340	800
plonk.cs.uwaterloo.ca_planetlab7.cs.duke.edu_4640 4	221.684000	6648.525000	0.088000	0.010000	6870.307000	S	67352	800
planetlab5.cs.uiuc.edu_planetlab7.cs.duke.edu_3687 2	123.755000	6954.536000	0.078000	0.008000	7078.377000	S	67222	2336
plonk.cs.uwaterloo.ca_planetlab7.cs.duke.edu_4682 4	224.927000	6875.519000	0.085000	0.008000	7100.539000	S	67368	800
plonk.cs.uwaterloo.ca_planetlab7.cs.duke.edu_4705 4	213.226000	7012.873000	0.092000	0.010000	7226.201000	S	67400	800
planetlab2.cs.uoregon.edu_planetlab7.cs.duke.edu_2745 4	366.818000	7143.924000	0.079000	0.008000	7510.829000	S	67570	3104
planetlab2.cs.uoregon.edu_planetlab7.cs.duke.edu_2749 4	365.965000	7195.358000	0.074000	0.007000	7561.404000	S	67636	3104
plonk.cs.uwaterloo.ca_planetlab7.cs.duke.edu_4781 4	215.127000	7547.693000	0.077000	0.013000	7762.910000	S	67464	800
planetlab5.cs.uiuc.edu_planetlab7.cs.duke.edu_3699 2	124.552000	8285.614000	0.085000	0.009000	8410.260000	S	67238	2336
planetlab5.eecs.umich.edu_planetlab7.cs.duke.edu_7161 2	119.279000	8385.323000	0.026000	0.005000	8504.633000	S	67506	416
pl2.cs.unm.edu_planetlab7.cs.duke.edu_5347 2	263.008000	9064.133000	0.048000	0.004000	9327.193000	S	67223	1120
pl2.cs.unm.edu_planetlab7.cs.duke.edu_5354 2	263.130000	9118.525000	0.047000	0.005000	9381.707000	S	67239	1120
pl2.cs.unm.edu_planetlab7.cs.duke.edu_5358 2	262.873000	9147.972000	0.049000	0.003000	9410.897000	S	67251	1120
pl2.cs.unm.edu_planetlab7.cs.duke.edu_5362 2	262.794000	9156.425000	0.027000	0.003000	9419.249000	S	67253	1120
pl2.cs.unm.edu_planetlab7.cs.duke.edu_5365 2	262.649000	9195.397000	0.043000	0.006000	9458.095000	S	67254	1120
pl2.cs.unm.edu_planetlab7.cs.duke.edu_5367 2	262.434000	9198.483000	0.043000	0.002000	9460.962000	S	67255	1120
pl2.cs.unm.edu_planetlab7.cs.duke.edu_5379 2	262.689000	9292.054000	0.043000	0.004000	9554.790000	S	67263	1120
pl2.cs.unm.edu_planetlab7.cs.duke.edu_5398 2	263.218000	9433.863000	0.030000	0.003000	9697.114000	S	67319	1120
planetlab2.williams.edu_planetlab7.cs.duke.edu_4136 4	328.333000	9402.827000	0.101000	0.007000	9731.268000	S	67306	1312
pl2.cs.unm.edu_planetlab7.cs.duke.edu_5405 2	263.162000	9485.658000	0.044000	0.005000	9748.869000	S	67332	1120
planetlab5.cs.uiuc.edu_planetlab7.cs.duke.edu_3732 2	134.293000	9654.563000	0.076000	0.007000	9788.939000	S	67270	2336
planetlab2.williams.edu_planetlab7.cs.duke.edu_4141 4	328.235000	9631.750000	0.098000	0.010000	9960.093000	S	67390	1312
pluto.cs.brown.edu_planetlab7.cs.duke.edu_5816 3	89.013000	9974.513000	0.072000	0.008000	10063.606000	S	67611	768
pl2.cs.unm.edu_planetlab7.cs.duke.edu_5496 2	263.655000	10188.862000	0.049000	0.005000	10452.571000	S	67511	1120
planetlab2.williams.edu_planetlab7.cs.duke.edu_4155 4	330.160000	10144.752000	0.088000	0.009000	10475.009000	S	67489	1312
planetlab2.williams.edu_planetlab7.cs.duke.edu_4162 4	329.307000	10303.113000	0.084000	0.009000	10632.513000	S	67540	1312
planetlab1.rutgers.edu_planetlab7.cs.duke.edu_13886 4	127.099000	10708.869000	0.124000	0.010000	10836.102000	S	67252	512
planetlab1.rutgers.edu_planetlab7.cs.duke.edu_13963 4	131.195000	10911.335000	0.116000	0.011000	11042.657000	S	67380	512
planetlab1.rutgers.edu_planetlab7.cs.duke.edu_14088 4	133.572000	11504.967000	0.114000	0.014000	11638.667000	S	67476	512
planetlab1.rutgers.edu_planetlab7.cs.duke.edu_14139 4	305.840000	11541.332000	0.122000	0.007000	11847.301000	S	67492	512
pl2.cs.unm.edu_planetlab7.cs.duke.edu_5699 2	262.862000	11636.665000	0.033000	0.007000	11899.567000	S	67778	1120
planetlab5.eecs.umich.edu_planetlab7.cs.duke.edu_7740 2	119.436000	11880.337000	0.042000	0.004000	11999.819000	S	67695	416
planetlab1.rutgers.edu_planetlab7.cs.duke.edu_14152 4	174.115000	11828.668000	0.105000	0.014000	12002.902000	S	67504	512
planetlab1.rutgers.edu_planetlab7.cs.duke.edu_14162 4	132.115000	11905.244000	0.107000	0.009000	12037.475000	S	67508	512
planetlab1.rutgers.edu_planetlab7.cs.duke.edu_14176 4	142.666000	11963.274000	0.113000	0.010000	12106.063000	S	67509	512
planetlab1.rutgers.edu_planetlab7.cs.duke.edu_14187 4	139.526000	11974.292000	0.102000	0.009000	12113.929000	S	67510	512
planetlab1.rutgers.edu_planetlab7.cs.duke.edu_14202 4	127.846000	12031.883000	0.186000	0.011000	12159.926000	S	67516	512
planetlab5.cs.uiuc.edu_planetlab7.cs.duke.edu_3746 2	117.445000	12448.295000	0.081000	0.011000	12565.832000	S	67381	2336
planetlab5.cs.uiuc.edu_planetlab7.cs.duke.edu_3752 2	118.381000	12475.721000	0.069000	0.009000	12594.180000	S	67462	2336
planetlab1.rutgers.edu_planetlab7.cs.duke.edu_14329 4	155.774000	12798.994000	0.118000	0.010000	12954.896000	S	67572	512
pl1.planet.cs.kent.edu_planetlab7.cs.duke.edu_4257 3	357.820000	14100.339000	0.080000	0.008000	14458.247000	S	67418	1248
ebb.colgate.edu_planetlab7.cs.duke.edu_4433 4	426.875000	14103.195000	0.075000	0.009000	14530.154000	S	67445	1184
planetlab2.acis.ufl.edu_planetlab7.cs.duke.edu_12608 3	290.230000	14365.456000	0.048000	0.006000	14655.740000	S	67208	1056
planetlab2.acis.ufl.edu_planetlab7.cs.duke.edu_12617 3	292.756000	14395.576000	0.060000	0.005000	14688.397000	S	67216	1056
planetlab2.acis.ufl.edu_planetlab7.cs.duke.edu_12621 3	290.775000	14403.242000	0.069000	0.005000	14694.091000	S	67224	1056
planetlab2.acis.ufl.edu_planetlab7.cs.duke.edu_12623 3	290.920000	14404.152000	0.061000	0.006000	14695.139000	S	67225	1056
planetlab2.acis.ufl.edu_planetlab7.cs.duke.edu_12625 3	290.562000	14406.750000	0.047000	0.004000	14697.363000	S	67226	1056
ebb.colgate.edu_planetlab7.cs.duke.edu_4442 4	426.310000	14277.204000	0.065000	0.008000	14703.587000	S	67752	1184
planetlab2.acis.ufl.edu_planetlab7.cs.duke.edu_12629 3	290.663000	14428.810000	0.057000	0.006000	14719.536000	S	67228	1056
planetlab2.acis.ufl.edu_planetlab7.cs.duke.edu_12647 3	290.314000	14489.413000	0.061000	0.006000	14779.794000	S	67256	1056
planetlab2.acis.ufl.edu_planetlab7.cs.duke.edu_12689 3	291.162000	14619.996000	0.051000	0.005000	14911.214000	S	67288	1056
planetlab2.acis.ufl.edu_planetlab7.cs.duke.edu_12700 3	291.046000	14653.125000	0.046000	0.005000	14944.222000	S	67300	1056
planetlab2.acis.ufl.edu_planetlab7.cs.duke.edu_12766 3	290.934000	14845.105000	0.080000	0.007000	15136.126000	S	67371	1056
planetlab2.acis.ufl.edu_planetlab7.cs.duke.edu_12772 3	291.531000	14862.995000	0.062000	0.007000	15154.595000	S	67376	1056
planetlab2.acis.ufl.edu_planetlab7.cs.duke.edu_12929 3	292.181000	15338.681000	0.072000	0.009000	15630.943000	S	67480	1056
planetlab2.acis.ufl.edu_planetlab7.cs.duke.edu_13034 3	291.573000	15623.570000	0.051000	0.011000	15915.205000	S	67590	1056
planetlab2.acis.ufl.edu_planetlab7.cs.duke.edu_13042 3	290.911000	15637.114000	0.122000	0.008000	15928.155000	S	67594	1056
planetlab2.acis.ufl.edu_planetlab7.cs.duke.edu_13044 3	291.004000	15638.134000	0.061000	0.006000	15929.205000	S	67596	1056
planetlab2.acis.ufl.edu_planetlab7.cs.duke.edu_13064 3	291.685000	15677.010000	0.058000	0.009000	15968.762000	S	67598	1056
planetlab2.acis.ufl.edu_planetlab7.cs.duke.edu_13070 3	291.343000	15682.556000	0.055000	0.008000	15973.962000	S	67599	1056
planetlab2.acis.ufl.edu_planetlab7.cs.duke.edu_13075 3	291.137000	15711.223000	0.058000	0.005000	16002.423000	S	67601	1056
planetlab2.acis.ufl.edu_planetlab7.cs.duke.edu_13091 3	291.216000	15750.520000	0.060000	0.007000	16041.803000	S	67614	1056
planetlab2.acis.ufl.edu_planetlab7.cs.duke.edu_13112 3	290.734000	15805.446000	0.055000	0.008000	16096.243000	S	67630	1056
planetlab2.acis.ufl.edu_planetlab7.cs.duke.edu_13124 3	290.801000	15836.721000	0.058000	0.008000	16127.588000	S	67643	1056
planetlab2.acis.ufl.edu_planetlab7.cs.duke.edu_13149 3	291.242000	15892.171000	0.054000	0.005000	16183.472000	S	67653	1056
planetlab2.acis.ufl.edu_planetlab7.cs.duke.edu_13166 3	290.990000	15945.908000	0.045000	0.004000	16236.947000	S	67662	1056
planetlab2.acis.ufl.edu_planetlab7.cs.duke.edu_13185 3	291.166000	16001.693000	0.053000	0.007000	16292.919000	S	67675	1056
planetlab2.acis.ufl.edu_planetlab7.cs.duke.edu_13214 3	291.275000	16056.060000	0.058000	0.004000	16347.397000	S	67691	1056
planetlab2.acis.ufl.edu_planetlab7.cs.duke.edu_13236 3	294.586000	16132.629000	0.063000	0.011000	16427.289000	S	67699	1056
planetlab2.acis.ufl.edu_planetlab7.cs.duke.edu_13255 3	291.175000	16259.044000	0.061000	0.008000	16550.288000	S	67705	1056
planetlab2.acis.ufl.edu_planetlab7.cs.duke.edu_13257 3	291.057000	16267.387000	0.052000	0.008000	16558.504000	S	67706	1056
planetlab2.acis.ufl.edu_planetlab7.cs.duke.edu_13259 3	291.208000	16288.947000	0.053000	0.008000	16580.216000	S	67707	1056
planetlab2.acis.ufl.edu_planetlab7.cs.duke.edu_13264 3	290.964000	16302.480000	0.060000	0.008000	16593.512000	S	67711	1056
planetlab2.acis.ufl.edu_planetlab7.cs.duke.edu_13266 3	290.936000	16304.138000	0.052000	0.009000	16595.135000	S	67713	1056
planetlab2.acis.ufl.edu_planetlab7.cs.duke.edu_13281 3	290.931000	16369.462000	0.062000	0.008000	16660.463000	S	67726	1056
planetlab2.acis.ufl.edu_planetlab7.cs.duke.edu_13283 3	291.436000	16374.678000	0.061000	0.006000	16666.181000	S	67728	1056
planetlab2.acis.ufl.edu_planetlab7.cs.duke.edu_13294 3	290.998000	16408.972000	0.056000	0.006000	16700.032000	S	67729	1056
planetlab2.acis.ufl.edu_planetlab7.cs.duke.edu_13298 3	291.320000	16414.704000	0.050000	0.009000	16706.083000	S	67731	1056
planetlab2.acis.ufl.edu_planetlab7.cs.duke.edu_13313 3	291.129000	16464.554000	0.062000	0.005000	16755.750000	S	67733	1056
planetlab2.acis.ufl.edu_planetlab7.cs.duke.edu_13323 3	290.618000	16498.852000	0.052000	0.006000	16789.528000	S	67737	1056
planetlab2.acis.ufl.edu_planetlab7.cs.duke.edu_13356 3	291.076000	16592.038000	0.066000	0.007000	16883.187000	S	67761	1056
planetlab2.acis.ufl.edu_planetlab7.cs.duke.edu_13388 3	291.522000	16674.131000	0.057000	0.007000	16965.717000	S	67793	1056
planetlab2.acis.ufl.edu_planetlab7.cs.duke.edu_13405 3	292.085000	16719.996000	0.063000	0.008000	17012.152000	S	67821	1056
planetlab1.clemson.edu_planetlab7.cs.duke.edu_2839 5	247.050000	17927.005000	0.096000	0.010000	18174.161000	S	67665	2656
planetlab4.rutgers.edu_planetlab7.cs.duke.edu_19075 4	302.947000	20404.684000	0.068000	0.007000	20707.706000	S	67357	1024
planetlab4.rutgers.edu_planetlab7.cs.duke.edu_19119 4	302.411000	20579.274000	0.078000	0.011000	20881.774000	S	67432	1024
planetlabpc2.upf.edu_planetlab7.cs.duke.edu_3342 4	547.764000	20370.133000	0.115000	0.015000	20918.027000	S	67229	2592
planetlab4.rutgers.edu_planetlab7.cs.duke.edu_19135 4	303.267000	20644.077000	0.064000	0.011000	20947.419000	S	67458	1024
planetlab1.cs.purdue.edu_planetlab7.cs.duke.edu_4453 2	128.940000	21111.225000	0.048000	0.002000	21240.215000	S	67249	2208
planetlab1.williams.edu_planetlab7.cs.duke.edu_5328 1	91.838000	21246.165000	0.027000	0.002000	21338.032000	S	67543	2176
planetlab1.cs.purdue.edu_planetlab7.cs.duke.edu_4458 2	181.829000	21304.439000	0.043000	0.004000	21486.315000	S	67652	2208
planetlab1.cs.purdue.edu_planetlab7.cs.duke.edu_4466 2	154.342000	21463.752000	0.038000	0.002000	21618.134000	S	67716	2208
planetlab1.cs.purdue.edu_planetlab7.cs.duke.edu_4470 2	128.927000	21578.225000	0.041000	0.003000	21707.196000	S	67776	2208
planetlab1.cs.purdue.edu_planetlab7.cs.duke.edu_4472 2	129.282000	21584.956000	0.030000	0.002000	21714.270000	S	67780	2208
planetlab1.cs.purdue.edu_planetlab7.cs.duke.edu_4474 2	133.300000	21589.046000	0.031000	0.002000	21722.379000	S	67781	2208
planetlab1.cs.purdue.edu_planetlab7.cs.duke.edu_4476 2	133.366000	21594.549000	0.027000	0.002000	21727.944000	S	67782	2208
planetlab1.cs.purdue.edu_planetlab7.cs.duke.edu_4478 2	130.977000	21600.885000	0.034000	0.003000	21731.899000	S	67788	2208
planetlab1.cs.purdue.edu_planetlab7.cs.duke.edu_4480 2	144.620000	21588.700000	0.029000	0.002000	21733.351000	S	67796	2208
planetlab1.cs.purdue.edu_planetlab7.cs.duke.edu_4482 2	170.854000	21607.169000	0.041000	0.003000	21778.067000	S	67812	2208
planetlab1.cs.uoregon.edu_planetlab7.cs.duke.edu_14869 2	303.748000	21834.484000	0.036000	0.005000	22138.273000	S	67217	256
planetlab1.cs.uiuc.edu_planetlab7.cs.duke.edu_15778 2	95.616000	22946.167000	0.056000	0.003000	23041.842000	S	67342	128
planetlab1.cs.uoregon.edu_planetlab7.cs.duke.edu_15018 2	303.065000	22890.433000	0.056000	0.004000	23193.558000	S	67397	256
planetlab2.netlab.uky.edu_planetlab7.cs.duke.edu_13219 5	200.960000	23762.121000	0.108000	0.011000	23963.200000	S	67218	544
planetlab2.netlab.uky.edu_planetlab7.cs.duke.edu_13221 5	196.530000	23774.758000	0.133000	0.011000	23971.432000	S	67246	544
planetlab2.netlab.uky.edu_planetlab7.cs.duke.edu_13228 5	206.204000	23777.620000	0.113000	0.014000	23983.951000	S	67266	544
planetlab2.netlab.uky.edu_planetlab7.cs.duke.edu_13236 5	196.768000	23798.282000	0.134000	0.014000	23995.198000	S	67280	544
planetlab2.netlab.uky.edu_planetlab7.cs.duke.edu_13238 5	202.642000	23804.683000	0.129000	0.013000	24007.467000	S	67282	544
planetlab2.netlab.uky.edu_planetlab7.cs.duke.edu_13240 5	202.812000	23805.060000	0.112000	0.013000	24007.997000	S	67283	544
planetlab2.netlab.uky.edu_planetlab7.cs.duke.edu_13245 5	189.507000	23826.320000	0.299000	0.016000	24016.142000	S	67290	544
planetlab2.netlab.uky.edu_planetlab7.cs.duke.edu_13247 5	197.173000	23821.968000	0.109000	0.036000	24019.286000	S	67286	544
planetlab2.netlab.uky.edu_planetlab7.cs.duke.edu_13253 5	200.589000	23839.458000	0.127000	0.020000	24040.194000	S	67314	544
planetlab-2.cmcl.cs.cmu.edu_planetlab7.cs.duke.edu_5035 6	220.438000	23955.467000	0.203000	0.013000	24176.121000	S	67425	560
planetlab2.netlab.uky.edu_planetlab7.cs.duke.edu_13319 5	197.704000	24051.835000	0.122000	0.020000	24249.681000	S	67450	544
planetlabpc2.upf.edu_planetlab7.cs.duke.edu_3579 4	555.483000	23798.728000	0.086000	0.007000	24354.304000	S	67304	2592
planetlab1.cs.uoregon.edu_planetlab7.cs.duke.edu_15217 2	301.740000	24385.339000	0.040000	0.004000	24687.123000	S	67503	256
planetlabpc2.upf.edu_planetlab7.cs.duke.edu_3621 4	704.832000	24045.197000	0.082000	0.008000	24750.119000	S	67491	2592
planetlabpc2.upf.edu_planetlab7.cs.duke.edu_3623 4	658.167000	24089.353000	0.088000	0.009000	24747.617000	S	67710	2592
planetlab2.netlab.uky.edu_planetlab7.cs.duke.edu_13586 5	349.577000	24834.440000	0.118000	0.013000	25184.148000	S	67538	544
planetlab2.netlab.uky.edu_planetlab7.cs.duke.edu_13691 5	160.198000	25553.815000	0.134000	0.013000	25714.160000	S	67591	544
planetlab2.eecs.umich.edu_planetlab7.cs.duke.edu_17134 2	986.050000	24855.746000	0.082000	0.003000	25841.881000	S	67258	2048
planetlab-2.cmcl.cs.cmu.edu_planetlab7.cs.duke.edu_5081 6	199.118000	25640.634000	0.160000	0.015000	25839.927000	S	67604	560
planetlab2.netlab.uky.edu_planetlab7.cs.duke.edu_13729 5	253.800000	25624.334000	0.115000	0.019000	25878.268000	S	67619	544
planetlab2.netlab.uky.edu_planetlab7.cs.duke.edu_13732 5	185.297000	25695.004000	0.125000	0.014000	25880.440000	S	67621	544
planetlab2.netlab.uky.edu_planetlab7.cs.duke.edu_13734 5	177.449000	25705.201000	0.109000	0.010000	25882.769000	S	67623	544
planetlab2.netlab.uky.edu_planetlab7.cs.duke.edu_13737 5	183.863000	25701.354000	0.115000	0.016000	25885.348000	S	67622	544
planetlab2.netlab.uky.edu_planetlab7.cs.duke.edu_13742 5	162.626000	25739.339000	0.136000	0.017000	25902.118000	S	67631	544
planetlab1.cs.uoregon.edu_planetlab7.cs.duke.edu_15343 2	302.648000	25628.665000	0.056000	0.002000	25931.371000	S	67546	256
planetlab2.eecs.umich.edu_planetlab7.cs.duke.edu_17151 2	1022.345000	24923.748000	0.087000	0.004000	25946.184000	S	67386	2048
planetlab2.netlab.uky.edu_planetlab7.cs.duke.edu_13772 5	283.848000	25724.373000	0.136000	0.013000	26008.370000	S	67639	544
planetlab2.netlab.uky.edu_planetlab7.cs.duke.edu_13774 5	274.121000	25735.772000	0.143000	0.015000	26010.051000	S	67640	544
planetlab2.eecs.umich.edu_planetlab7.cs.duke.edu_17168 2	1058.438000	25069.971000	0.088000	0.004000	26128.501000	S	67465	2048
planetlab2.netlab.uky.edu_planetlab7.cs.duke.edu_13836 5	160.408000	26079.407000	0.127000	0.012000	26239.954000	S	67661	544
planetlab1.cs.uiuc.edu_planetlab7.cs.duke.edu_16984 2	96.815000	26248.134000	0.062000	0.004000	26345.015000	S	67795	128
planetlab2.netlab.uky.edu_planetlab7.cs.duke.edu_13876 5	158.051000	26259.611000	0.139000	0.014000	26417.815000	S	67687	544
planetlab2.netlab.uky.edu_planetlab7.cs.duke.edu_13916 5	276.943000	26342.599000	0.113000	0.013000	26619.668000	S	67715	544
planetlab2.netlab.uky.edu_planetlab7.cs.duke.edu_13922 5	164.421000	26478.957000	0.234000	0.021000	26643.633000	S	67717	544
planetlab2.netlab.uky.edu_planetlab7.cs.duke.edu_13925 5	159.013000	26491.671000	0.117000	0.016000	26650.817000	S	67718	544
planetlab2.eecs.umich.edu_planetlab7.cs.duke.edu_17214 2	1188.719000	25468.604000	0.078000	0.002000	26657.403000	S	67663	2048
planetlab2.netlab.uky.edu_planetlab7.cs.duke.edu_13930 5	159.069000	26508.865000	0.120000	0.013000	26668.067000	S	67719	544
planetlab2.netlab.uky.edu_planetlab7.cs.duke.edu_13952 5	159.297000	26582.001000	0.122000	0.014000	26741.434000	S	67727	544
planetlab2.netlab.uky.edu_planetlab7.cs.duke.edu_14016 5	282.808000	26683.375000	0.110000	0.014000	26966.307000	S	67735	544
planetlab2.netlab.uky.edu_planetlab7.cs.duke.edu_14068 5	164.280000	26965.572000	0.114000	0.014000	27129.980000	S	67745	544
planetlab2.netlab.uky.edu_planetlab7.cs.duke.edu_14070 5	159.010000	26971.691000	0.103000	0.014000	27130.818000	S	67746	544
planetlab2.netlab.uky.edu_planetlab7.cs.duke.edu_14072 5	160.405000	26970.963000	0.217000	0.015000	27131.600000	S	67747	544
planetlab2.netlab.uky.edu_planetlab7.cs.duke.edu_14074 5	159.963000	26982.575000	0.118000	0.015000	27142.671000	S	67748	544
planetlab2.netlab.uky.edu_planetlab7.cs.duke.edu_14078 5	159.906000	26993.570000	0.202000	0.011000	27153.689000	S	67750	544
planetlab2.netlab.uky.edu_planetlab7.cs.duke.edu_14088 5	161.132000	27028.770000	0.121000	0.030000	27190.053000	S	67751	544
planetlab2.netlab.uky.edu_planetlab7.cs.duke.edu_14091 5	163.445000	27028.667000	0.105000	0.015000	27192.232000	S	67749	544
planetlab2.netlab.uky.edu_planetlab7.cs.duke.edu_14100 5	162.774000	27050.785000	0.122000	0.013000	27213.694000	S	67755	544
planetlab2.netlab.uky.edu_planetlab7.cs.duke.edu_14105 5	160.130000	27077.079000	0.231000	0.014000	27237.454000	S	67757	544
planetlab2.netlab.uky.edu_planetlab7.cs.duke.edu_14107 5	159.330000	27079.253000	0.135000	0.013000	27238.731000	S	67759	544
planetlab2.netlab.uky.edu_planetlab7.cs.duke.edu_14109 5	159.545000	27093.145000	0.116000	0.011000	27252.817000	S	67758	544
planetlab2.netlab.uky.edu_planetlab7.cs.duke.edu_14125 5	166.334000	27144.905000	0.110000	0.016000	27311.365000	S	67763	544
planetlab2.netlab.uky.edu_planetlab7.cs.duke.edu_14138 5	161.846000	27186.928000	0.103000	0.021000	27348.898000	S	67765	544
planetlab2.netlab.uky.edu_planetlab7.cs.duke.edu_14140 5	159.760000	27206.155000	0.126000	0.015000	27366.056000	S	67766	544
planetlab2.netlab.uky.edu_planetlab7.cs.duke.edu_14142 5	159.676000	27209.794000	0.106000	0.014000	27369.590000	S	67767	544
planetlab2.netlab.uky.edu_planetlab7.cs.duke.edu_14164 5	160.853000	27281.825000	0.110000	0.013000	27442.801000	S	67775	544
planetlab2.netlab.uky.edu_planetlab7.cs.duke.edu_14181 5	158.430000	27367.238000	0.130000	0.021000	27525.819000	S	67783	544
planetlab2.netlab.uky.edu_planetlab7.cs.duke.edu_14226 5	162.182000	27527.569000	0.139000	0.014000	27689.904000	S	67794	544
planetlab2.netlab.uky.edu_planetlab7.cs.duke.edu_14260 5	159.626000	27633.807000	0.169000	0.016000	27793.618000	S	67811	544
planetlab2.netlab.uky.edu_planetlab7.cs.duke.edu_14269 5	218.938000	27598.088000	0.107000	0.014000	27817.147000	S	67813	544
planetlab2.netlab.uky.edu_planetlab7.cs.duke.edu_14273 5	253.936000	27564.279000	0.122000	0.013000	27818.350000	S	67814	544
planetlab2.netlab.uky.edu_planetlab7.cs.duke.edu_14276 5	288.931000	27552.272000	0.121000	0.013000	27841.337000	S	67815	544
planetlab2.netlab.uky.edu_planetlab7.cs.duke.edu_14299 5	163.839000	27743.415000	0.106000	0.016000	27907.376000	S	67823	544
planetlab6.cs.duke.edu_planetlab7.cs.duke.edu_14714 3	304.053000	31521.977000	0.082000	0.008000	31826.120000	S	67199	288
planetlab6.cs.duke.edu_planetlab7.cs.duke.edu_14736 3	302.253000	31578.518000	0.070000	0.007000	31880.848000	S	67260	288
planetlab6.cs.duke.edu_planetlab7.cs.duke.edu_14739 3	303.951000	31579.775000	0.047000	0.004000	31883.777000	S	67273	288
planetlab6.cs.duke.edu_planetlab7.cs.duke.edu_14749 3	302.865000	31603.206000	0.128000	0.004000	31906.203000	S	67295	288
planetlab6.cs.duke.edu_planetlab7.cs.duke.edu_14775 3	303.486000	31661.264000	0.084000	0.007000	31964.841000	S	67423	288
planetlab6.cs.duke.edu_planetlab7.cs.duke.edu_14946 3	303.082000	31987.806000	0.058000	0.008000	32290.954000	S	67575	288
planetlab2.cs.pitt.edu_planetlab7.cs.duke.edu_5895 4	343.736000	31965.417000	0.058000	0.010000	32309.221000	S	67564	304
planetlab6.cs.duke.edu_planetlab7.cs.duke.edu_14961 3	303.115000	32059.200000	0.114000	0.007000	32362.436000	S	67606	288
planetlab6.cs.duke.edu_planetlab7.cs.duke.edu_14978 3	301.799000	32145.241000	0.050000	0.008000	32447.098000	S	67626	288
planetlab2.cs.pitt.edu_planetlab7.cs.duke.edu_5913 4	344.122000	32164.188000	0.066000	0.012000	32508.388000	S	67633	304
planetlab6.cs.duke.edu_planetlab7.cs.duke.edu_14989 3	302.326000	32206.377000	0.049000	0.006000	32508.758000	S	67644	288
planetlab6.cs.duke.edu_planetlab7.cs.duke.edu_15003 3	301.695000	32289.510000	0.058000	0.006000	32591.269000	S	67654	288
planetlab6.cs.duke.edu_planetlab7.cs.duke.edu_15005 3	301.492000	32289.791000	0.064000	0.006000	32591.353000	S	67657	288
planetlab6.cs.duke.edu_planetlab7.cs.duke.edu_15010 3	302.870000	32309.399000	0.067000	0.005000	32612.341000	S	67666	288
planetlab6.cs.duke.edu_planetlab7.cs.duke.edu_15012 3	302.023000	32310.802000	0.046000	0.007000	32612.878000	S	67668	288
planetlab6.cs.duke.edu_planetlab7.cs.duke.edu_15017 3	305.621000	32360.981000	0.060000	0.006000	32666.668000	S	67670	288
planetlab6.cs.duke.edu_planetlab7.cs.duke.edu_15020 3	302.634000	32364.784000	0.042000	0.006000	32667.466000	S	67671	288
planetlab6.cs.duke.edu_planetlab7.cs.duke.edu_15025 3	302.397000	32379.392000	0.058000	0.010000	32681.857000	S	67678	288
planetlab6.cs.duke.edu_planetlab7.cs.duke.edu_15043 3	303.797000	32433.489000	0.070000	0.006000	32737.362000	S	67702	288
planetlab6.cs.duke.edu_planetlab7.cs.duke.edu_15056 3	302.264000	32465.532000	0.056000	0.006000	32767.858000	S	67714	288
planetlab6.cs.duke.edu_planetlab7.cs.duke.edu_15064 3	303.456000	32515.862000	0.061000	0.004000	32819.383000	S	67721	288
planetlab6.cs.duke.edu_planetlab7.cs.duke.edu_15106 3	303.471000	32731.293000	0.059000	0.008000	33034.831000	S	67740	288
planetlab6.cs.duke.edu_planetlab7.cs.duke.edu_15113 3	302.734000	32776.152000	0.051000	0.006000	33078.943000	S	67756	288
planetlab6.cs.duke.edu_planetlab7.cs.duke.edu_15115 3	301.729000	32777.836000	0.101000	0.006000	33079.672000	S	67764	288
planetlab6.cs.duke.edu_planetlab7.cs.duke.edu_15117 3	302.625000	32777.534000	0.058000	0.007000	33080.224000	S	67768	288
planetlab6.cs.duke.edu_planetlab7.cs.duke.edu_15119 3	301.931000	32778.471000	0.057000	0.007000	33080.466000	S	67773	288
planetlab6.cs.duke.edu_planetlab7.cs.duke.edu_15121 3	303.907000	32776.620000	0.052000	0.004000	33080.583000	S	67772	288
planetlab6.cs.duke.edu_planetlab7.cs.duke.edu_15123 3	303.395000	32777.535000	0.043000	0.014000	33080.987000	S	67774	288
planetlab6.cs.duke.edu_planetlab7.cs.duke.edu_15127 3	302.320000	32778.677000	0.055000	0.006000	33081.058000	S	67777	288
planetlab6.cs.duke.edu_planetlab7.cs.duke.edu_15129 3	302.263000	32779.388000	0.063000	0.006000	33081.720000	S	67784	288
planetlab6.cs.duke.edu_planetlab7.cs.duke.edu_15131 3	302.538000	32779.485000	0.060000	0.005000	33082.088000	S	67785	288
planetlab6.cs.duke.edu_planetlab7.cs.duke.edu_15133 3	301.945000	32780.743000	0.053000	0.005000	33082.746000	S	67787	288
planetlab6.cs.duke.edu_planetlab7.cs.duke.edu_15135 3	302.668000	32780.507000	0.049000	0.006000	33083.230000	S	67789	288
planetlab6.cs.duke.edu_planetlab7.cs.duke.edu_15139 3	302.010000	32810.546000	0.064000	0.005000	33112.625000	S	67798	288
planetlab6.cs.duke.edu_planetlab7.cs.duke.edu_15141 3	304.088000	32809.433000	0.052000	0.006000	33113.579000	S	67801	288
planetlab6.cs.duke.edu_planetlab7.cs.duke.edu_15143 3	302.804000	32811.155000	0.056000	0.009000	33114.024000	S	67817	288
planetlab6.cs.cornell.edu_planetlab7.cs.duke.edu_11474 4	339.591000	35502.241000	0.091000	0.008000	35841.931000	S	67312	352
planetlab6.cs.cornell.edu_planetlab7.cs.duke.edu_11476 4	338.936000	35542.407000	0.099000	0.008000	35881.450000	S	67440	352
planetlab-02.bu.edu_planetlab7.cs.duke.edu_3936 5	365.331000	35703.009000	0.101000	0.013000	36068.454000	S	67523	368
planetlab6.cs.cornell.edu_planetlab7.cs.duke.edu_11482 4	338.484000	35851.642000	0.108000	0.006000	36190.240000	S	67589	352
planetlab5.csee.usf.edu_planetlab7.cs.duke.edu_9205 6	700.872000	51016.450000	0.134000	0.017000	51717.473000	S	67201	608
planetlab5.csee.usf.edu_planetlab7.cs.duke.edu_9227 6	682.662000	51572.216000	0.143000	0.013000	52255.034000	S	67413	608
planetlab5.csee.usf.edu_planetlab7.cs.duke.edu_9319 6	649.934000	56241.302000	0.126000	0.014000	56891.376000	S	67720	608
planetlab-01.ece.uprm.edu_planetlab7.cs.duke.edu_7063 4	1182.236000	58080.308000	0.118000	0.022000	59262.684000	S	67291	2144
planetlab-01.ece.uprm.edu_planetlab7.cs.duke.edu_7067 4	1259.505000	58040.917000	0.119000	0.012000	59300.553000	S	67472	2144
planetlab-01.ece.uprm.edu_planetlab7.cs.duke.edu_7066 4	1224.625000	58076.565000	1.162000	0.013000	59302.365000	S	67343	2144
planetlab-01.ece.uprm.edu_planetlab7.cs.duke.edu_7071 4	1358.552000	57952.129000	0.203000	0.011000	59310.895000	S	67557	2144
flow.colgate.edu_planetlab7.cs.duke.edu_14613 3	165.024000	63585.524000	0.072000	0.008000	63750.628000	S	67361	192
pl2.eecs.utk.edu_planetlab7.cs.duke.edu_14676 4	221.631000	64123.360000	0.068000	0.008000	64345.067000	S	67602	224
pl2.eecs.utk.edu_planetlab7.cs.duke.edu_14680 4	220.022000	64211.027000	0.093000	0.008000	64431.150000	S	67618	224
pl2.eecs.utk.edu_planetlab7.cs.duke.edu_14682 4	225.069000	64246.712000	0.059000	0.008000	64471.848000	S	67632	224
pl2.eecs.utk.edu_planetlab7.cs.duke.edu_14684 4	223.555000	64257.709000	0.060000	0.010000	64481.334000	S	67634	224
pl2.eecs.utk.edu_planetlab7.cs.duke.edu_14686 4	223.935000	64266.018000	0.062000	0.009000	64490.024000	S	67635	224
pl2.eecs.utk.edu_planetlab7.cs.duke.edu_14688 4	221.602000	64301.553000	0.087000	0.008000	64523.250000	S	67638	224
pl2.eecs.utk.edu_planetlab7.cs.duke.edu_14690 4	226.016000	64331.657000	0.077000	0.010000	64557.760000	S	67642	224
pl2.eecs.utk.edu_planetlab7.cs.duke.edu_14692 4	221.026000	64516.032000	0.084000	0.007000	64737.149000	S	67698	224
pl2.eecs.utk.edu_planetlab7.cs.duke.edu_14702 4	223.186000	64768.122000	0.087000	0.010000	64991.405000	S	67762	224
plab4.eece.ksu.edu_planetlab7.cs.duke.edu_14151 3	1119.717000	71308.097000	0.100000	0.020000	72427.934000	S	67311	2080
plab4.eece.ksu.edu_planetlab7.cs.duke.edu_14153 3	1109.750000	71321.274000	0.088000	0.010000	72431.122000	S	67356	2080
plab4.eece.ksu.edu_planetlab7.cs.duke.edu_14155 3	1112.220000	71330.447000	0.086000	0.011000	72442.764000	S	67360	2080
plab4.eece.ksu.edu_planetlab7.cs.duke.edu_14157 3	1179.200000	71265.160000	0.085000	0.010000	72444.455000	S	67404	2080
plab4.eece.ksu.edu_planetlab7.cs.duke.edu_14159 3	1189.335000	71264.563000	0.094000	0.012000	72454.004000	S	67412	2080
plab4.eece.ksu.edu_planetlab7.cs.duke.edu_14161 3	1205.997000	71253.453000	0.081000	0.009000	72459.540000	S	67416	2080
plab4.eece.ksu.edu_planetlab7.cs.duke.edu_14163 3	1200.457000	71265.189000	0.082000	0.009000	72465.737000	S	67420	2080
plab4.eece.ksu.edu_planetlab7.cs.duke.edu_14165 3	1205.768000	71260.751000	0.083000	0.012000	72466.614000	S	67421	2080
plab4.eece.ksu.edu_planetlab7.cs.duke.edu_14167 3	1199.830000	71269.509000	0.086000	0.011000	72469.436000	S	67422	2080
plab4.eece.ksu.edu_planetlab7.cs.duke.edu_14171 3	1197.953000	71285.081000	0.081000	0.009000	72483.124000	S	67452	2080
plab4.eece.ksu.edu_planetlab7.cs.duke.edu_14175 3	1179.090000	71317.986000	0.095000	0.010000	72497.181000	S	67519	2080
plab4.eece.ksu.edu_planetlab7.cs.duke.edu_14177 3	1191.720000	71309.576000	0.085000	2.154000	72503.535000	S	67530	2080
plab4.eece.ksu.edu_planetlab7.cs.duke.edu_14179 3	1201.180000	71303.175000	0.086000	0.016000	72504.457000	S	67548	2080
plab4.eece.ksu.edu_planetlab7.cs.duke.edu_14183 3	1208.156000	71305.713000	0.093000	0.020000	72513.982000	S	67593	2080
plab4.eece.ksu.edu_planetlab7.cs.duke.edu_14187 3	1205.898000	71314.638000	0.077000	0.009000	72520.622000	S	67610	2080
plab4.eece.ksu.edu_planetlab7.cs.duke.edu_14185 3	1202.911000	71317.936000	0.091000	0.009000	72520.947000	S	67607	2080
plab4.eece.ksu.edu_planetlab7.cs.duke.edu_14189 3	1235.773000	71294.800000	0.081000	0.010000	72530.664000	S	67617	2080
plab4.eece.ksu.edu_planetlab7.cs.duke.edu_14191 3	1224.615000	71310.541000	0.079000	0.009000	72535.244000	S	67624	2080
plab4.eece.ksu.edu_planetlab7.cs.duke.edu_14193 3	1238.960000	71302.694000	0.086000	0.009000	72541.749000	S	67625	2080
plab4.eece.ksu.edu_planetlab7.cs.duke.edu_14195 3	1232.097000	71310.190000	0.170000	0.010000	72542.467000	S	67627	2080
plab4.eece.ksu.edu_planetlab7.cs.duke.edu_14197 3	1270.535000	71268.921000	3.073000	0.009000	72542.538000	S	67629	2080
plab4.eece.ksu.edu_planetlab7.cs.duke.edu_14199 3	1359.768000	71193.057000	0.084000	0.017000	72552.926000	S	67641	2080
plab4.eece.ksu.edu_planetlab7.cs.duke.edu_14201 3	1289.209000	71269.412000	0.090000	0.013000	72558.724000	S	67682	2080
plab4.eece.ksu.edu_planetlab7.cs.duke.edu_14207 3	1338.574000	71234.913000	0.108000	0.009000	72573.604000	S	67689	2080
plab4.eece.ksu.edu_planetlab7.cs.duke.edu_14213 3	1327.357000	71253.088000	0.192000	0.012000	72580.649000	S	67722	2080
plab4.eece.ksu.edu_planetlab7.cs.duke.edu_14221 3	1370.047000	71227.831000	0.082000	0.010000	72597.970000	S	67730	2080
plab4.eece.ksu.edu_planetlab7.cs.duke.edu_14223 3	1367.649000	71236.071000	0.099000	0.010000	72603.829000	S	67736	2080
plab4.eece.ksu.edu_planetlab7.cs.duke.edu_14227 3	1373.771000	71243.481000	0.087000	0.009000	72617.348000	S	67738	2080
plab4.eece.ksu.edu_planetlab7.cs.duke.edu_14229 3	1376.762000	71240.978000	0.071000	0.010000	72617.821000	S	67739	2080
plab4.eece.ksu.edu_planetlab7.cs.duke.edu_14235 3	1409.409000	71221.496000	0.082000	0.010000	72630.997000	S	67742	2080
plab4.eece.ksu.edu_planetlab7.cs.duke.edu_14239 3	1418.644000	71224.002000	0.086000	0.010000	72642.742000	S	67753	2080
plab4.eece.ksu.edu_planetlab7.cs.duke.edu_14245 3	1462.955000	71189.776000	2.681000	0.010000	72655.422000	S	67802	2080
plab4.eece.ksu.edu_planetlab7.cs.duke.edu_14243 3	1420.167000	71235.617000	0.110000	0.011000	72655.905000	S	67770	2080
plab4.eece.ksu.edu_planetlab7.cs.duke.edu_14447 3	4049.958000	69107.915000	0.079000	0.011000	73157.963000	S	67316	2080
node1.planetlab.albany.edu_planetlab7.cs.duke.edu_48674 4	145.149000	76929.670000	0.091000	0.011000	77074.921000	S	67197	32
node1.planetlab.albany.edu_planetlab7.cs.duke.edu_48677 4	136.893000	77050.412000	0.073000	0.009000	77187.387000	S	67205	32
node1.planetlab.albany.edu_planetlab7.cs.duke.edu_48679 4	135.932000	77073.366000	0.069000	0.010000	77209.377000	S	67213	32
node1.planetlab.albany.edu_planetlab7.cs.duke.edu_48681 4	139.694000	77089.581000	0.048000	0.007000	77229.330000	S	67219	32
roam2.cs.ou.edu_planetlab7.cs.duke.edu_22751 5	242.205000	77010.211000	0.103000	0.010000	77252.529000	S	67200	48
pl1.rcc.uottawa.ca_planetlab7.cs.duke.edu_63599 3	139.823000	77152.216000	0.058000	0.009000	77292.106000	S	67231	0
pl1.rcc.uottawa.ca_planetlab7.cs.duke.edu_63613 3	137.926000	77201.075000	0.073000	0.006000	77339.080000	S	67235	0
roam2.cs.ou.edu_planetlab7.cs.duke.edu_22757 5	244.541000	77112.235000	0.575000	0.012000	77357.363000	S	67221	48
roam2.cs.ou.edu_planetlab7.cs.duke.edu_22761 5	242.420000	77139.823000	0.091000	0.010000	77382.344000	S	67230	48
roam2.cs.ou.edu_planetlab7.cs.duke.edu_22763 5	242.532000	77154.662000	0.100000	0.008000	77397.302000	S	67232	48
node1.planetlab.albany.edu_planetlab7.cs.duke.edu_48694 4	136.572000	77280.679000	0.073000	0.009000	77417.333000	S	67237	32
roam2.cs.ou.edu_planetlab7.cs.duke.edu_22767 5	242.239000	77181.712000	0.077000	0.009000	77424.037000	S	67233	48
roam2.cs.ou.edu_planetlab7.cs.duke.edu_22769 5	243.608000	77187.709000	0.067000	0.009000	77431.393000	S	67234	48
roam2.cs.ou.edu_planetlab7.cs.duke.edu_22771 5	242.932000	77256.981000	0.106000	0.012000	77500.031000	S	67236	48
node1.planetlab.albany.edu_planetlab7.cs.duke.edu_48700 4	137.124000	77401.727000	0.075000	0.014000	77538.940000	S	67241	32
roam2.cs.ou.edu_planetlab7.cs.duke.edu_22775 5	241.778000	77382.358000	0.113000	0.011000	77624.260000	S	67240	48
node1.planetlab.albany.edu_planetlab7.cs.duke.edu_48708 4	135.973000	77564.464000	0.075000	0.010000	77700.522000	S	67244	32
node1.planetlab.albany.edu_planetlab7.cs.duke.edu_48714 4	136.294000	77658.840000	0.084000	0.008000	77795.226000	S	67245	32
node1.planetlab.albany.edu_planetlab7.cs.duke.edu_48737 4	136.117000	78278.147000	0.070000	0.008000	78414.342000	S	67247	32
node1.planetlab.albany.edu_planetlab7.cs.duke.edu_48742 4	135.705000	78351.835000	0.068000	0.009000	78487.617000	S	67250	32
node1.planetlab.albany.edu_planetlab7.cs.duke.edu_48744 4	139.122000	78351.864000	0.066000	0.007000	78491.059000	S	67257	32
roam2.cs.ou.edu_planetlab7.cs.duke.edu_22795 5	240.551000	78313.800000	0.080000	0.011000	78554.442000	S	67248	48
node1.planetlab.albany.edu_planetlab7.cs.duke.edu_48749 4	136.722000	78486.256000	0.081000	0.010000	78623.069000	S	67261	32
pl1.rcc.uottawa.ca_planetlab7.cs.duke.edu_63916 3	139.760000	78544.835000	0.057000	0.007000	78684.659000	S	67267	0
roam2.cs.ou.edu_planetlab7.cs.duke.edu_22800 5	243.248000	78572.186000	0.112000	0.011000	78815.557000	S	67269	48
node1.planetlab.albany.edu_planetlab7.cs.duke.edu_48757 4	138.605000	78699.860000	0.071000	0.013000	78838.549000	S	67271	32
roam2.cs.ou.edu_planetlab7.cs.duke.edu_22809 5	243.512000	78783.491000	0.080000	0.013000	79027.096000	S	67274	48
roam2.cs.ou.edu_planetlab7.cs.duke.edu_22826 5	248.400000	79737.495000	0.095000	0.011000	79986.001000	S	67281	48
roam2.cs.ou.edu_planetlab7.cs.duke.edu_22832 5	243.755000	79902.886000	0.075000	0.010000	80146.726000	S	67284	48
node1.planetlab.albany.edu_planetlab7.cs.duke.edu_48807 4	145.594000	80155.888000	0.097000	0.010000	80301.589000	S	67289	32
roam2.cs.ou.edu_planetlab7.cs.duke.edu_22836 5	250.014000	80097.906000	0.086000	0.013000	80348.019000	S	67285	48
roam2.cs.ou.edu_planetlab7.cs.duke.edu_22840 5	243.994000	80116.447000	0.080000	0.011000	80360.532000	S	67287	48
roam2.cs.ou.edu_planetlab7.cs.duke.edu_22846 5	243.985000	80223.843000	0.103000	0.007000	80467.938000	S	67293	48
pl1.rcc.uottawa.ca_planetlab7.cs.duke.edu_64249 3	139.938000	80347.343000	0.045000	0.008000	80487.334000	S	67297	0
pl1.rcc.uottawa.ca_planetlab7.cs.duke.edu_64257 3	144.217000	80393.615000	0.072000	0.005000	80537.909000	S	67298	0
roam2.cs.ou.edu_planetlab7.cs.duke.edu_22848 5	252.164000	80319.002000	0.087000	0.010000	80571.263000	S	67296	48
pl1.rcc.uottawa.ca_planetlab7.cs.duke.edu_64274 3	139.341000	80451.861000	0.064000	0.007000	80591.273000	S	67299	0
node1.planetlab.albany.edu_planetlab7.cs.duke.edu_48825 4	139.183000	80546.092000	0.059000	0.007000	80685.341000	S	67302	32
pl1.rcc.uottawa.ca_planetlab7.cs.duke.edu_64296 3	139.470000	80558.668000	0.083000	0.006000	80698.227000	S	67303	0
node1.planetlab.albany.edu_planetlab7.cs.duke.edu_48829 4	139.893000	80588.500000	0.064000	0.006000	80728.463000	S	67305	32
pl1.rcc.uottawa.ca_planetlab7.cs.duke.edu_64303 3	139.760000	80594.478000	0.061000	0.008000	80734.307000	S	67307	0
node1.planetlab.albany.edu_planetlab7.cs.duke.edu_48832 4	140.206000	80627.267000	0.066000	0.009000	80767.548000	S	67309	32
node1.planetlab.albany.edu_planetlab7.cs.duke.edu_48840 4	136.812000	80729.121000	0.110000	0.009000	80866.052000	S	67313	32
pl1.rcc.uottawa.ca_planetlab7.cs.duke.edu_64344 3	143.864000	80795.646000	0.061000	0.009000	80939.580000	S	67315	0
node1.planetlab.albany.edu_planetlab7.cs.duke.edu_48849 4	145.205000	80899.859000	0.079000	0.007000	81045.150000	S	67320	32
node1.planetlab.albany.edu_planetlab7.cs.duke.edu_48851 4	138.316000	80911.071000	0.047000	0.008000	81049.442000	S	67321	32
roam2.cs.ou.edu_planetlab7.cs.duke.edu_22876 5	244.208000	80814.233000	0.092000	0.010000	81058.543000	S	67317	48
node1.planetlab.albany.edu_planetlab7.cs.duke.edu_48854 4	137.008000	80962.297000	0.057000	0.008000	81099.370000	S	67323	32
node1.planetlab.albany.edu_planetlab7.cs.duke.edu_48861 4	142.051000	81032.962000	0.075000	0.009000	81175.097000	S	67325	32
node1.planetlab.albany.edu_planetlab7.cs.duke.edu_48863 4	140.751000	81047.008000	0.054000	0.018000	81187.831000	S	67329	32
node1.planetlab.albany.edu_planetlab7.cs.duke.edu_48865 4	138.374000	81077.820000	0.050000	0.009000	81216.253000	S	67330	32
node1.planetlab.albany.edu_planetlab7.cs.duke.edu_48869 4	137.541000	81107.726000	0.122000	0.008000	81245.397000	S	67331	32
node1.planetlab.albany.edu_planetlab7.cs.duke.edu_48871 4	139.758000	81111.274000	0.081000	0.010000	81251.123000	S	67333	32
node1.planetlab.albany.edu_planetlab7.cs.duke.edu_48879 4	139.031000	81131.367000	0.082000	0.010000	81270.490000	S	67334	32
node1.planetlab.albany.edu_planetlab7.cs.duke.edu_48881 4	137.232000	81145.060000	0.068000	0.010000	81282.370000	S	67335	32
node1.planetlab.albany.edu_planetlab7.cs.duke.edu_48884 4	140.156000	81161.561000	0.078000	0.010000	81301.805000	S	67339	32
node1.planetlab.albany.edu_planetlab7.cs.duke.edu_48888 4	136.125000	81202.643000	0.072000	0.010000	81338.850000	S	67341	32
node1.planetlab.albany.edu_planetlab7.cs.duke.edu_48890 4	136.317000	81207.774000	0.045000	0.008000	81344.144000	S	67344	32
node1.planetlab.albany.edu_planetlab7.cs.duke.edu_48894 4	139.071000	81218.884000	0.076000	0.006000	81358.037000	S	67346	32
node1.planetlab.albany.edu_planetlab7.cs.duke.edu_48896 4	137.771000	81239.042000	0.062000	0.008000	81376.883000	S	67345	32
node1.planetlab.albany.edu_planetlab7.cs.duke.edu_48898 4	139.939000	81239.567000	0.044000	0.008000	81379.558000	S	67347	32
node1.planetlab.albany.edu_planetlab7.cs.duke.edu_48902 4	138.179000	81281.551000	0.089000	0.011000	81419.830000	S	67349	32
node1.planetlab.albany.edu_planetlab7.cs.duke.edu_48906 4	140.441000	81321.489000	0.076000	0.006000	81462.012000	S	67351	32
node1.planetlab.albany.edu_planetlab7.cs.duke.edu_48908 4	139.011000	81327.843000	0.061000	0.008000	81466.923000	S	67350	32
node1.planetlab.albany.edu_planetlab7.cs.duke.edu_48910 4	137.394000	81336.051000	0.069000	0.009000	81473.523000	S	67353	32
node1.planetlab.albany.edu_planetlab7.cs.duke.edu_48912 4	138.853000	81343.988000	0.073000	0.008000	81482.922000	S	67354	32
node1.planetlab.albany.edu_planetlab7.cs.duke.edu_48914 4	136.456000	81364.190000	0.075000	0.008000	81500.729000	S	67355	32
node1.planetlab.albany.edu_planetlab7.cs.duke.edu_48919 4	137.864000	81415.586000	0.069000	0.007000	81553.526000	S	67359	32
node1.planetlab.albany.edu_planetlab7.cs.duke.edu_48925 4	137.049000	81477.646000	0.086000	0.011000	81614.792000	S	67362	32
node1.planetlab.albany.edu_planetlab7.cs.duke.edu_48929 4	137.841000	81479.973000	0.067000	0.008000	81617.889000	S	67363	32
node1.planetlab.albany.edu_planetlab7.cs.duke.edu_48931 4	136.253000	81497.217000	0.115000	0.008000	81633.593000	S	67364	32
roam2.cs.ou.edu_planetlab7.cs.duke.edu_22893 5	241.736000	81397.811000	0.091000	0.008000	81639.646000	S	67358	48
node1.planetlab.albany.edu_planetlab7.cs.duke.edu_48935 4	136.232000	81505.468000	0.065000	0.009000	81641.774000	S	67365	32
node1.planetlab.albany.edu_planetlab7.cs.duke.edu_48937 4	137.463000	81507.306000	0.069000	0.008000	81644.846000	S	67366	32
node1.planetlab.albany.edu_planetlab7.cs.duke.edu_48943 4	136.913000	81516.487000	0.076000	0.007000	81653.483000	S	67367	32
node1.planetlab.albany.edu_planetlab7.cs.duke.edu_48945 4	138.018000	81523.636000	0.076000	0.006000	81661.736000	S	67369	32
node1.planetlab.albany.edu_planetlab7.cs.duke.edu_48949 4	136.111000	81537.864000	0.062000	0.008000	81674.045000	S	67373	32
node1.planetlab.albany.edu_planetlab7.cs.duke.edu_48951 4	139.105000	81540.319000	0.076000	0.010000	81679.510000	S	67372	32
node1.planetlab.albany.edu_planetlab7.cs.duke.edu_48955 4	137.206000	81557.958000	0.072000	0.009000	81695.245000	S	67375	32
node1.planetlab.albany.edu_planetlab7.cs.duke.edu_48957 4	137.782000	81559.365000	0.051000	0.007000	81697.205000	S	67374	32
node1.planetlab.albany.edu_planetlab7.cs.duke.edu_48960 4	136.805000	81610.395000	0.079000	0.008000	81747.287000	S	67377	32
node1.planetlab.albany.edu_planetlab7.cs.duke.edu_48962 4	138.187000	81616.853000	0.074000	0.007000	81755.121000	S	67378	32
node1.planetlab.albany.edu_planetlab7.cs.duke.edu_48964 4	136.653000	81620.417000	0.083000	0.008000	81757.161000	S	67382	32
node1.planetlab.albany.edu_planetlab7.cs.duke.edu_48966 4	140.511000	81625.549000	0.061000	0.008000	81766.129000	S	67379	32
node1.planetlab.albany.edu_planetlab7.cs.duke.edu_48968 4	136.185000	81629.931000	0.082000	0.008000	81766.206000	S	67383	32
node1.planetlab.albany.edu_planetlab7.cs.duke.edu_48970 4	136.713000	81646.572000	0.080000	0.008000	81783.373000	S	67385	32
node1.planetlab.albany.edu_planetlab7.cs.duke.edu_48974 4	137.163000	81657.627000	0.196000	0.008000	81794.994000	S	67387	32
node1.planetlab.albany.edu_planetlab7.cs.duke.edu_48976 4	136.878000	81664.341000	0.054000	0.009000	81801.282000	S	67389	32
node1.planetlab.albany.edu_planetlab7.cs.duke.edu_48980 4	137.621000	81697.381000	0.070000	0.007000	81835.079000	S	67394	32
node1.planetlab.albany.edu_planetlab7.cs.duke.edu_48982 4	136.152000	81704.052000	0.111000	0.011000	81840.326000	S	67395	32
node1.planetlab.albany.edu_planetlab7.cs.duke.edu_48984 4	137.939000	81715.759000	0.068000	0.007000	81853.773000	S	67396	32
node1.planetlab.albany.edu_planetlab7.cs.duke.edu_48986 4	137.042000	81723.625000	0.070000	0.011000	81860.748000	S	67398	32
node1.planetlab.albany.edu_planetlab7.cs.duke.edu_48988 4	136.918000	81726.355000	0.066000	0.010000	81863.349000	S	67399	32
pl1.rcc.uottawa.ca_planetlab7.cs.duke.edu_64564 3	141.558000	81783.088000	0.060000	0.008000	81924.714000	S	67403	0
node1.planetlab.albany.edu_planetlab7.cs.duke.edu_48992 4	136.496000	81792.011000	0.062000	0.008000	81928.577000	S	67406	32
node1.planetlab.albany.edu_planetlab7.cs.duke.edu_48994 4	136.889000	81832.026000	0.082000	0.008000	81969.005000	S	67410	32
node1.planetlab.albany.edu_planetlab7.cs.duke.edu_48996 4	137.675000	81831.336000	0.079000	0.010000	81969.100000	S	67411	32
node1.planetlab.albany.edu_planetlab7.cs.duke.edu_48998 4	138.580000	81849.383000	0.059000	0.010000	81988.032000	S	67409	32
planetlab4.wail.wisc.edu_planetlab7.cs.duke.edu_46414 4	165.574000	81828.819000	0.053000	0.009000	81994.455000	S	67408	16
node1.planetlab.albany.edu_planetlab7.cs.duke.edu_49001 4	137.595000	81865.093000	0.083000	0.009000	82002.780000	S	67414	32
node1.planetlab.albany.edu_planetlab7.cs.duke.edu_49003 4	136.838000	81874.423000	0.069000	0.009000	82011.339000	S	67415	32
roam2.cs.ou.edu_planetlab7.cs.duke.edu_22905 5	242.211000	81772.752000	0.095000	0.012000	82015.070000	S	67402	48
node1.planetlab.albany.edu_planetlab7.cs.duke.edu_49005 4	140.066000	81877.043000	0.072000	0.007000	82017.188000	S	67417	32
node1.planetlab.albany.edu_planetlab7.cs.duke.edu_49010 4	138.289000	81905.241000	0.073000	0.009000	82043.612000	S	67419	32
node1.planetlab.albany.edu_planetlab7.cs.duke.edu_49013 4	137.899000	81916.603000	0.068000	0.011000	82054.581000	S	67424	32
node1.planetlab.albany.edu_planetlab7.cs.duke.edu_49016 4	138.858000	81934.339000	0.078000	0.008000	82073.283000	S	67426	32
node1.planetlab.albany.edu_planetlab7.cs.duke.edu_49019 4	137.400000	81951.309000	0.046000	0.008000	82088.763000	S	67427	32
node1.planetlab.albany.edu_planetlab7.cs.duke.edu_49021 4	137.521000	81951.926000	0.051000	0.009000	82089.507000	S	67428	32
node1.planetlab.albany.edu_planetlab7.cs.duke.edu_49025 4	139.332000	81954.835000	0.077000	0.011000	82094.255000	S	67429	32
node1.planetlab.albany.edu_planetlab7.cs.duke.edu_49027 4	139.433000	81968.672000	0.079000	0.008000	82108.192000	S	67430	32
node1.planetlab.albany.edu_planetlab7.cs.duke.edu_49029 4	136.923000	81971.305000	0.050000	0.008000	82108.286000	S	67431	32
node1.planetlab.albany.edu_planetlab7.cs.duke.edu_49033 4	136.679000	81976.873000	0.061000	0.008000	82113.621000	S	67433	32
node1.planetlab.albany.edu_planetlab7.cs.duke.edu_49035 4	136.467000	81991.846000	0.079000	0.008000	82128.400000	S	67434	32
node1.planetlab.albany.edu_planetlab7.cs.duke.edu_49037 4	138.811000	82007.424000	0.087000	0.009000	82146.331000	S	67436	32
node1.planetlab.albany.edu_planetlab7.cs.duke.edu_49041 4	137.170000	82025.137000	0.073000	0.008000	82162.388000	S	67437	32
node1.planetlab.albany.edu_planetlab7.cs.duke.edu_49045 4	136.137000	82040.293000	0.123000	0.009000	82176.562000	S	67438	32
node1.planetlab.albany.edu_planetlab7.cs.duke.edu_49055 4	140.382000	82096.986000	0.086000	0.008000	82237.462000	S	67439	32
node1.planetlab.albany.edu_planetlab7.cs.duke.edu_49061 4	137.993000	82144.519000	0.067000	0.009000	82282.588000	S	67441	32
node1.planetlab.albany.edu_planetlab7.cs.duke.edu_49063 4	138.662000	82154.109000	0.055000	0.009000	82292.835000	S	67442	32
node1.planetlab.albany.edu_planetlab7.cs.duke.edu_49075 4	136.570000	82184.042000	0.059000	0.009000	82320.680000	S	67443	32
node1.planetlab.albany.edu_planetlab7.cs.duke.edu_49077 4	136.115000	82202.921000	0.078000	0.007000	82339.121000	S	67444	32
node1.planetlab.albany.edu_planetlab7.cs.duke.edu_49085 4	136.751000	82228.243000	0.054000	0.008000	82365.056000	S	67446	32
node1.planetlab.albany.edu_planetlab7.cs.duke.edu_49089 4	136.551000	82246.230000	0.072000	0.008000	82382.861000	S	67447	32
node1.planetlab.albany.edu_planetlab7.cs.duke.edu_49093 4	137.920000	82262.149000	0.073000	0.008000	82400.150000	S	67448	32
node1.planetlab.albany.edu_planetlab7.cs.duke.edu_49098 4	138.668000	82335.236000	0.082000	0.009000	82473.995000	S	67449	32
node1.planetlab.albany.edu_planetlab7.cs.duke.edu_49105 4	137.772000	82364.845000	0.077000	0.011000	82502.705000	S	67451	32
node1.planetlab.albany.edu_planetlab7.cs.duke.edu_49109 4	138.081000	82382.797000	0.170000	0.010000	82521.058000	S	67453	32
node1.planetlab.albany.edu_planetlab7.cs.duke.edu_49115 4	138.005000	82420.570000	0.095000	0.008000	82558.678000	S	67454	32
node1.planetlab.albany.edu_planetlab7.cs.duke.edu_49119 4	137.062000	82440.961000	0.079000	0.010000	82578.112000	S	67457	32
node1.planetlab.albany.edu_planetlab7.cs.duke.edu_49125 4	137.647000	82469.989000	0.059000	0.007000	82607.702000	S	67459	32
node1.planetlab.albany.edu_planetlab7.cs.duke.edu_49128 4	137.059000	82479.361000	0.081000	0.010000	82616.511000	S	67460	32
node1.planetlab.albany.edu_planetlab7.cs.duke.edu_49131 4	137.766000	82486.161000	0.051000	0.008000	82623.986000	S	67461	32
node1.planetlab.albany.edu_planetlab7.cs.duke.edu_49137 4	138.030000	82504.882000	0.057000	0.009000	82642.978000	S	67463	32
node1.planetlab.albany.edu_planetlab7.cs.duke.edu_49148 4	139.700000	82576.398000	0.068000	0.010000	82716.176000	S	67468	32
node1.planetlab.albany.edu_planetlab7.cs.duke.edu_49150 4	139.969000	82581.494000	0.071000	0.009000	82721.543000	S	67469	32
node1.planetlab.albany.edu_planetlab7.cs.duke.edu_49158 4	138.961000	82603.739000	0.080000	0.011000	82742.791000	S	67473	32
node1.planetlab.albany.edu_planetlab7.cs.duke.edu_49160 4	139.811000	82608.219000	0.073000	0.010000	82748.113000	S	67474	32
node1.planetlab.albany.edu_planetlab7.cs.duke.edu_49162 4	138.238000	82614.173000	0.107000	0.010000	82752.528000	S	67475	32
node1.planetlab.albany.edu_planetlab7.cs.duke.edu_49169 4	137.173000	82638.380000	0.080000	0.017000	82775.650000	S	67477	32
node1.planetlab.albany.edu_planetlab7.cs.duke.edu_49178 4	139.086000	82691.701000	0.069000	0.009000	82830.865000	S	67479	32
roam2.cs.ou.edu_planetlab7.cs.duke.edu_22930 5	242.485000	82591.647000	0.070000	0.011000	82834.213000	S	67470	48
node1.planetlab.albany.edu_planetlab7.cs.duke.edu_49184 4	139.172000	82720.516000	0.068000	0.008000	82859.764000	S	67481	32
roam2.cs.ou.edu_planetlab7.cs.duke.edu_22938 5	241.868000	82666.610000	0.094000	0.013000	82908.585000	S	67478	48
node1.planetlab.albany.edu_planetlab7.cs.duke.edu_49194 4	139.198000	82811.045000	0.078000	0.009000	82950.330000	S	67483	32
roam2.cs.ou.edu_planetlab7.cs.duke.edu_22948 5	241.774000	82761.687000	0.080000	0.013000	83003.554000	S	67482	48
roam2.cs.ou.edu_planetlab7.cs.duke.edu_22950 5	240.826000	82780.320000	0.084000	0.013000	83021.243000	S	67484	48
roam2.cs.ou.edu_planetlab7.cs.duke.edu_22956 5	243.158000	82879.539000	0.081000	0.009000	83122.787000	S	67486	48
roam2.cs.ou.edu_planetlab7.cs.duke.edu_22958 5	243.436000	82885.057000	0.077000	0.017000	83128.587000	S	67487	48
node1.planetlab.albany.edu_planetlab7.cs.duke.edu_49222 4	138.729000	83000.060000	0.070000	0.009000	83138.868000	S	67493	32
node1.planetlab.albany.edu_planetlab7.cs.duke.edu_49225 4	138.631000	83023.620000	0.075000	0.010000	83162.336000	S	67494	32
roam2.cs.ou.edu_planetlab7.cs.duke.edu_22966 5	244.754000	82929.496000	0.078000	0.014000	83174.342000	S	67488	48
node1.planetlab.albany.edu_planetlab7.cs.duke.edu_49239 4	137.238000	83096.337000	0.058000	0.011000	83233.644000	S	67497	32
node1.planetlab.albany.edu_planetlab7.cs.duke.edu_49247 4	156.403000	83127.361000	0.093000	0.008000	83283.865000	S	67501	32
node1.planetlab.albany.edu_planetlab7.cs.duke.edu_49258 4	142.317000	83176.064000	0.074000	0.009000	83318.464000	S	67505	32
node1.planetlab.albany.edu_planetlab7.cs.duke.edu_49264 4	156.089000	83181.349000	0.085000	0.008000	83337.531000	S	67507	32
node1.planetlab.albany.edu_planetlab7.cs.duke.edu_49281 4	137.538000	83321.580000	0.072000	0.012000	83459.202000	S	67512	32
node1.planetlab.albany.edu_planetlab7.cs.duke.edu_49285 4	147.791000	83329.519000	0.102000	0.011000	83477.423000	S	67513	32
node1.planetlab.albany.edu_planetlab7.cs.duke.edu_49302 4	149.099000	83426.909000	0.485000	0.012000	83576.505000	S	67515	32
planetlab2.umassd.edu_planetlab7.cs.duke.edu_32385 4	180.791000	83416.879000	0.066000	0.009000	83597.745000	S	67212	64
node1.planetlab.albany.edu_planetlab7.cs.duke.edu_49304 4	157.065000	83438.350000	0.075000	0.011000	83595.501000	S	67517	32
earth.cs.brown.edu_planetlab7.cs.duke.edu_28016 5	191.239000	83421.885000	0.082000	0.008000	83613.214000	S	67242	96
planetlab2.umassd.edu_planetlab7.cs.duke.edu_32403 4	179.077000	83439.148000	0.047000	0.010000	83618.282000	S	67276	64
planetlab2.umassd.edu_planetlab7.cs.duke.edu_32401 4	179.780000	83438.591000	0.062000	0.008000	83618.441000	S	67272	64
planetlab2.umassd.edu_planetlab7.cs.duke.edu_32406 4	183.085000	83437.357000	0.055000	0.010000	83620.507000	S	67277	64
planetlab2.umassd.edu_planetlab7.cs.duke.edu_32415 4	190.139000	83449.989000	0.065000	0.008000	83640.201000	S	67278	64
planetlab2.umassd.edu_planetlab7.cs.duke.edu_32421 4	179.925000	83472.040000	0.064000	0.013000	83652.042000	S	67292	64
planetlab2.umassd.edu_planetlab7.cs.duke.edu_32425 4	179.102000	83483.514000	0.059000	0.009000	83662.684000	S	67308	64
planetlab2.umassd.edu_planetlab7.cs.duke.edu_32435 4	3178.421000	80528.139000	0.077000	0.010000	83706.647000	S	67268	64
roam2.cs.ou.edu_planetlab7.cs.duke.edu_22983 5	270.373000	83448.745000	0.085000	0.010000	83719.213000	S	67518	48
earth.cs.brown.edu_planetlab7.cs.duke.edu_28035 5	189.989000	83542.583000	0.110000	0.008000	83732.690000	S	67370	96
earth.cs.brown.edu_planetlab7.cs.duke.edu_28037 5	190.370000	83543.697000	0.081000	0.007000	83734.155000	S	67388	96
earth.cs.brown.edu_planetlab7.cs.duke.edu_28039 5	190.468000	83546.958000	0.091000	0.009000	83737.526000	S	67401	96
earth.cs.brown.edu_planetlab7.cs.duke.edu_28047 5	190.639000	83591.285000	0.086000	0.008000	83782.018000	S	67466	96
earth.cs.brown.edu_planetlab7.cs.duke.edu_28055 5	190.645000	83612.900000	0.062000	0.012000	83803.619000	S	67490	96
node1.planetlab.albany.edu_planetlab7.cs.duke.edu_49326 4	162.708000	83644.457000	0.111000	0.008000	83807.284000	S	67525	32
earth.cs.brown.edu_planetlab7.cs.duke.edu_28059 5	190.371000	83619.057000	0.061000	0.010000	83809.499000	S	67496	96
planetlab-03.cs.princeton.edu_planetlab7.cs.duke.edu_16153 5	193.806000	83619.067000	0.082000	0.008000	83812.963000	S	67455	80
earth.cs.brown.edu_planetlab7.cs.duke.edu_28065 5	194.450000	83628.646000	0.080000	0.011000	83823.187000	S	67498	96
earth.cs.brown.edu_planetlab7.cs.duke.edu_28067 5	202.645000	83623.221000	0.111000	0.011000	83825.988000	S	67499	96
node1.planetlab.albany.edu_planetlab7.cs.duke.edu_49332 4	166.646000	83661.658000	0.072000	0.014000	83828.390000	S	67526	32
earth.cs.brown.edu_planetlab7.cs.duke.edu_28077 5	201.310000	83644.084000	0.093000	0.010000	83845.497000	S	67514	96
node1.planetlab.albany.edu_planetlab7.cs.duke.edu_49341 4	188.910000	83698.402000	0.236000	0.009000	83887.557000	S	67529	32
planetlab2.umassd.edu_planetlab7.cs.duke.edu_32495 4	246.479000	83773.546000	0.072000	0.008000	84020.105000	S	67532	64
node1.planetlab.albany.edu_planetlab7.cs.duke.edu_49372 4	224.007000	83890.875000	0.057000	0.009000	84114.948000	S	67537	32
node1.planetlab.albany.edu_planetlab7.cs.duke.edu_49382 4	222.904000	83985.325000	0.069000	0.010000	84208.308000	S	67539	32
earth.cs.brown.edu_planetlab7.cs.duke.edu_28081 5	275.640000	84070.490000	0.095000	0.009000	84346.234000	S	67542	96
node1.planetlab.albany.edu_planetlab7.cs.duke.edu_49395 4	213.841000	84174.844000	0.067000	0.008000	84388.760000	S	67544	32
roam2.cs.ou.edu_planetlab7.cs.duke.edu_23002 5	328.022000	84071.992000	0.252000	0.012000	84400.278000	S	67541	48
node1.planetlab.albany.edu_planetlab7.cs.duke.edu_49403 4	216.627000	84200.970000	0.083000	0.009000	84417.689000	S	67545	32
node1.planetlab.albany.edu_planetlab7.cs.duke.edu_49411 4	200.409000	84268.721000	0.074000	0.010000	84469.214000	S	67547	32
node1.planetlab.albany.edu_planetlab7.cs.duke.edu_49419 4	185.997000	84339.267000	0.064000	0.008000	84525.336000	S	67549	32
node1.planetlab.albany.edu_planetlab7.cs.duke.edu_49434 4	156.425000	84459.972000	0.055000	0.009000	84616.461000	S	67553	32
node1.planetlab.albany.edu_planetlab7.cs.duke.edu_49438 4	155.208000	84480.063000	0.083000	0.010000	84635.364000	S	67554	32
pl1.rcc.uottawa.ca_planetlab7.cs.duke.edu_65279 3	142.448000	84500.222000	0.069000	0.007000	84642.746000	S	67555	0
roam2.cs.ou.edu_planetlab7.cs.duke.edu_23004 5	293.483000	84352.445000	0.134000	0.011000	84646.073000	S	67550	48
node1.planetlab.albany.edu_planetlab7.cs.duke.edu_49446 4	136.226000	84539.884000	0.050000	0.008000	84676.168000	S	67556	32
node1.planetlab.albany.edu_planetlab7.cs.duke.edu_49448 4	138.871000	84539.339000	0.064000	0.006000	84678.280000	S	67558	32
node1.planetlab.albany.edu_planetlab7.cs.duke.edu_49450 4	136.119000	84544.496000	0.062000	0.009000	84680.686000	S	67559	32
node1.planetlab.albany.edu_planetlab7.cs.duke.edu_49456 4	136.928000	84564.178000	0.081000	0.010000	84701.197000	S	67560	32
node1.planetlab.albany.edu_planetlab7.cs.duke.edu_49458 4	138.505000	84581.719000	0.059000	0.011000	84720.294000	S	67561	32
node1.planetlab.albany.edu_planetlab7.cs.duke.edu_49462 4	136.950000	84584.354000	0.052000	0.008000	84721.364000	S	67563	32
node1.planetlab.albany.edu_planetlab7.cs.duke.edu_49466 4	137.242000	84600.438000	0.213000	0.007000	84737.900000	S	67565	32
earth.cs.brown.edu_planetlab7.cs.duke.edu_28085 5	191.499000	84582.773000	0.099000	0.013000	84774.384000	S	67562	96
node1.planetlab.albany.edu_planetlab7.cs.duke.edu_49476 4	137.911000	84638.276000	0.067000	0.009000	84776.263000	S	67566	32
node1.planetlab.albany.edu_planetlab7.cs.duke.edu_49478 4	137.240000	84639.013000	0.065000	0.008000	84776.326000	S	67568	32
node1.planetlab.albany.edu_planetlab7.cs.duke.edu_49484 4	147.938000	84663.074000	0.082000	0.008000	84811.102000	S	67569	32
node1.planetlab.albany.edu_planetlab7.cs.duke.edu_49490 4	135.940000	84719.737000	0.078000	0.009000	84855.764000	S	67571	32
node1.planetlab.albany.edu_planetlab7.cs.duke.edu_49499 4	137.703000	84753.788000	0.067000	0.008000	84891.566000	S	67573	32
node1.planetlab.albany.edu_planetlab7.cs.duke.edu_49505 4	137.427000	84806.381000	0.069000	0.009000	84943.886000	S	67574	32
node1.planetlab.albany.edu_planetlab7.cs.duke.edu_49514 4	136.974000	84865.204000	0.056000	0.008000	85002.242000	S	67576	32
node1.planetlab.albany.edu_planetlab7.cs.duke.edu_49516 4	137.105000	84869.338000	0.067000	0.009000	85006.519000	S	67577	32
node1.planetlab.albany.edu_planetlab7.cs.duke.edu_49520 4	136.316000	84895.550000	0.074000	0.008000	85031.948000	S	67578	32
node1.planetlab.albany.edu_planetlab7.cs.duke.edu_49528 4	136.888000	84921.712000	0.068000	0.008000	85058.676000	S	67579	32
node1.planetlab.albany.edu_planetlab7.cs.duke.edu_49530 4	135.758000	84928.883000	0.077000	0.009000	85064.727000	S	67580	32
node1.planetlab.albany.edu_planetlab7.cs.duke.edu_49535 4	138.481000	84939.483000	0.101000	0.009000	85078.074000	S	67581	32
node1.planetlab.albany.edu_planetlab7.cs.duke.edu_49541 4	136.646000	84962.032000	0.071000	0.007000	85098.756000	S	67583	32
pl1.rcc.uottawa.ca_planetlab7.cs.duke.edu_65434 3	138.300000	85031.593000	0.052000	0.007000	85169.952000	S	67584	0
pl1.rcc.uottawa.ca_planetlab7.cs.duke.edu_65440 3	139.081000	85062.405000	0.052000	0.007000	85201.545000	S	67585	0
pl1.rcc.uottawa.ca_planetlab7.cs.duke.edu_65443 3	138.358000	85068.929000	0.202000	0.007000	85207.496000	S	67586	0
pl1.rcc.uottawa.ca_planetlab7.cs.duke.edu_65468 3	139.650000	85170.310000	0.058000	0.006000	85310.024000	S	67588	0
roam2.cs.ou.edu_planetlab7.cs.duke.edu_23018 5	245.185000	85138.395000	0.095000	0.008000	85383.683000	S	67587	48
pl1.rcc.uottawa.ca_planetlab7.cs.duke.edu_65495 3	139.177000	85295.567000	0.059000	0.017000	85434.820000	S	67592	0
earth.cs.brown.edu_planetlab7.cs.duke.edu_28099 5	191.014000	85324.049000	0.090000	0.012000	85515.165000	S	67595	96
pl1.rcc.uottawa.ca_planetlab7.cs.duke.edu_65537 3	138.284000	85468.613000	0.063000	0.007000	85606.967000	S	67600	0
node1.planetlab.albany.edu_planetlab7.cs.duke.edu_49611 4	138.742000	85549.135000	0.090000	0.010000	85687.977000	S	67603	32
node1.planetlab.albany.edu_planetlab7.cs.duke.edu_49633 4	137.784000	85649.663000	0.071000	0.009000	85787.527000	S	67608	32
pl1.rcc.uottawa.ca_planetlab7.cs.duke.edu_65638 3	138.498000	85761.552000	0.055000	0.005000	85900.110000	S	67616	0
node1.planetlab.albany.edu_planetlab7.cs.duke.edu_49674 4	137.058000	85837.357000	0.072000	0.009000	85974.496000	S	67620	32
planetlab2.cs.columbia.edu_planetlab7.cs.duke.edu_9037 6	188.729000	86007.462000	0.133000	0.013000	86196.337000	S	67628	112
pl1.rcc.uottawa.ca_planetlab7.cs.duke.edu_65765 3	141.275000	86154.069000	0.064000	0.005000	86295.413000	S	67637	0
earth.cs.brown.edu_planetlab7.cs.duke.edu_28128 5	3200.484000	83138.552000	0.093000	0.009000	86339.138000	S	67502	96
pl1.rcc.uottawa.ca_planetlab7.cs.duke.edu_65826 3	138.561000	86365.937000	0.046000	0.007000	86504.551000	S	67646	0
pl1.rcc.uottawa.ca_planetlab7.cs.duke.edu_65846 3	140.710000	86430.075000	0.043000	0.007000	86570.835000	S	67648	0
roam2.cs.ou.edu_planetlab7.cs.duke.edu_23066 5	241.474000	86401.512000	0.089000	0.008000	86643.083000	S	67647	48
roam2.cs.ou.edu_planetlab7.cs.duke.edu_23070 5	243.270000	86487.241000	0.076000	0.008000	86730.595000	S	67649	48
roam2.cs.ou.edu_planetlab7.cs.duke.edu_23072 5	241.774000	86491.668000	0.080000	0.012000	86733.534000	S	67650	48
node1.planetlab.albany.edu_planetlab7.cs.duke.edu_49865 4	136.036000	86632.196000	0.060000	0.010000	86768.302000	S	67656	32
roam2.cs.ou.edu_planetlab7.cs.duke.edu_23074 5	243.024000	86536.128000	0.080000	0.011000	86779.243000	S	67651	48
roam2.cs.ou.edu_planetlab7.cs.duke.edu_23078 5	243.810000	86609.747000	0.071000	0.009000	86853.637000	S	67655	48
planetlab2.cs.columbia.edu_planetlab7.cs.duke.edu_9043 6	188.977000	86745.241000	0.151000	0.012000	86934.381000	S	67660	112
roam2.cs.ou.edu_planetlab7.cs.duke.edu_23084 5	240.926000	86705.717000	0.056000	0.011000	86946.710000	S	67659	48
node1.planetlab.albany.edu_planetlab7.cs.duke.edu_49905 4	136.526000	86854.166000	0.070000	0.009000	86990.771000	S	67664	32
pl1.rcc.uottawa.ca_planetlab7.cs.duke.edu_66056 3	146.114000	86997.433000	0.043000	0.007000	87143.597000	S	67669	0
roam2.cs.ou.edu_planetlab7.cs.duke.edu_23090 5	243.508000	86917.254000	0.087000	0.011000	87160.860000	S	67667	48
node1.planetlab.albany.edu_planetlab7.cs.duke.edu_49936 4	139.849000	87058.646000	0.078000	0.009000	87198.582000	S	67672	32
node1.planetlab.albany.edu_planetlab7.cs.duke.edu_49938 4	136.814000	87063.701000	0.066000	0.008000	87200.589000	S	67673	32
node1.planetlab.albany.edu_planetlab7.cs.duke.edu_49940 4	136.055000	87083.458000	0.056000	0.009000	87219.578000	S	67674	32
node1.planetlab.albany.edu_planetlab7.cs.duke.edu_49947 4	138.019000	87113.063000	0.054000	0.009000	87251.145000	S	67676	32
earth.cs.brown.edu_planetlab7.cs.duke.edu_28146 5	189.957000	87164.790000	0.089000	0.009000	87354.845000	S	67679	96
pl1.rcc.uottawa.ca_planetlab7.cs.duke.edu_66156 3	140.110000	87305.041000	0.063000	0.006000	87445.220000	S	67685	0
roam2.cs.ou.edu_planetlab7.cs.duke.edu_23096 5	243.032000	87202.336000	0.209000	0.010000	87445.587000	S	67683	48
planetlab2.cs.columbia.edu_planetlab7.cs.duke.edu_9049 6	188.000000	87286.092000	0.146000	0.012000	87474.250000	S	67684	112
node1.planetlab.albany.edu_planetlab7.cs.duke.edu_49988 4	139.013000	87378.367000	0.086000	0.009000	87517.475000	S	67686	32
pl1.rcc.uottawa.ca_planetlab7.cs.duke.edu_66195 3	140.145000	87453.657000	0.061000	0.008000	87593.871000	S	67690	0
planetlab2.cs.columbia.edu_planetlab7.cs.duke.edu_9051 6	187.808000	87413.608000	0.156000	0.011000	87601.583000	S	67688	112
planetlab2.cs.columbia.edu_planetlab7.cs.duke.edu_9053 6	188.954000	87576.406000	0.149000	0.022000	87765.531000	S	67692	112
planetlab2.cs.columbia.edu_planetlab7.cs.duke.edu_9055 6	189.068000	87585.336000	0.157000	0.014000	87774.575000	S	67693	112
planetlab2.cs.columbia.edu_planetlab7.cs.duke.edu_9057 6	187.294000	87599.765000	0.158000	0.012000	87787.229000	S	67694	112
node1.planetlab.albany.edu_planetlab7.cs.duke.edu_50035 4	136.876000	87796.543000	0.074000	0.010000	87933.503000	S	67696	32
pl1.rcc.uottawa.ca_planetlab7.cs.duke.edu_66284 3	138.192000	87815.127000	0.056000	0.007000	87953.382000	S	67697	0
pl1.rcc.uottawa.ca_planetlab7.cs.duke.edu_66314 3	139.886000	87911.912000	0.063000	0.007000	88051.868000	S	67700	0
pl1.rcc.uottawa.ca_planetlab7.cs.duke.edu_66322 3	140.890000	87940.126000	0.059000	0.067000	88081.142000	S	67701	0
pl1.rcc.uottawa.ca_planetlab7.cs.duke.edu_66342 3	138.782000	87993.125000	0.064000	0.007000	88131.978000	S	67703	0
node1.planetlab.albany.edu_planetlab7.cs.duke.edu_50068 4	139.535000	88010.093000	0.075000	0.007000	88149.710000	S	67704	32
