pluto.cs.brown.edu_planetlab6.cs.duke.edu_18 2	253.681000	0.184000	0.034000	0.000000	253.899000	11344	768
planetlab4.rutgers.edu_planetlab6.cs.duke.edu_208 3	273.232000	0.087000	0.032000	0.000000	273.351000	11328	1024
planetlab4.rutgers.edu_planetlab6.cs.duke.edu_237 3	321.692000	20.091000	0.027000	0.000000	341.810000	11350	1024
planetlab-2.cmcl.cs.cmu.edu_planetlab6.cs.duke.edu_86 3	373.352000	0.335000	0.038000	0.000000	373.725000	11359	560
planetlab1.rutgers.edu_planetlab6.cs.duke.edu_256 3	423.744000	8.905000	0.031000	0.000000	432.680000	11369	512
planetlab4.rutgers.edu_planetlab6.cs.duke.edu_286 3	462.707000	0.029000	0.021000	0.000000	462.757000	11392	1024
planetlab1.rutgers.edu_planetlab6.cs.duke.edu_289 3	486.342000	1.018000	0.048000	0.000000	487.408000	11394	512
planetlab6.cs.duke.edu_planetlab6.cs.duke.edu_204 0	0.540000	485.997000	0.011000	0.000000	486.548000	11465	288
planetlab1.rutgers.edu_planetlab6.cs.duke.edu_297 3	503.012000	0.654000	0.049000	0.000000	503.715000	11400	512
planetlab1.cs.cornell.edu_planetlab6.cs.duke.edu_44 2	506.951000	0.267000	0.041000	0.000000	507.259000	11442	1280
planetlab1.rutgers.edu_planetlab6.cs.duke.edu_299 3	509.317000	0.378000	0.047000	0.000000	509.742000	11402	512
planetlab1.rutgers.edu_planetlab6.cs.duke.edu_302 3	511.241000	0.387000	0.047000	0.000000	511.675000	11403	512
planetlab1.rutgers.edu_planetlab6.cs.duke.edu_307 3	532.241000	0.770000	0.060000	0.000000	533.071000	11406	512
planetlab1.rutgers.edu_planetlab6.cs.duke.edu_322 3	568.192000	0.159000	0.053000	0.000000	568.404000	11418	512
planetlab4.rutgers.edu_planetlab6.cs.duke.edu_355 3	655.928000	0.058000	0.024000	0.000000	656.010000	11452	1024
planetlab4.rutgers.edu_planetlab6.cs.duke.edu_359 3	700.319000	0.053000	0.022000	0.000000	700.394000	11456	1024
plgmu2.ite.gmu.edu_planetlab6.cs.duke.edu_17 3	702.332000	0.324000	0.043000	0.000000	702.699000	11453	896
planetlab6.cs.duke.edu_planetlab6.cs.duke.edu_289 0	0.210000	740.755000	0.014000	0.000000	740.979000	11549	288
planetlab-2.cs.uh.edu_planetlab6.cs.duke.edu_30 3	799.466000	0.313000	0.037000	0.000000	799.816000	11491	784
planetlab4.rutgers.edu_planetlab6.cs.duke.edu_365 3	807.150000	0.051000	0.020000	0.000000	807.221000	11458	1024
planetlab4.rutgers.edu_planetlab6.cs.duke.edu_367 3	812.968000	0.051000	0.021000	0.000000	813.040000	11457	1024
aguila2.lsi.upc.edu_planetlab6.cs.duke.edu_53 4	731.553000	83.556000	0.021000	0.000000	815.130000	11315	576
planetlab4.rutgers.edu_planetlab6.cs.duke.edu_371 3	820.837000	0.023000	0.018000	0.000000	820.878000	11460	1024
pluto.cs.brown.edu_planetlab6.cs.duke.edu_59 2	839.063000	0.032000	0.023000	0.000000	839.118000	11536	768
planetlab4.rutgers.edu_planetlab6.cs.duke.edu_389 3	858.831000	0.137000	0.014000	0.000000	858.982000	11464	1024
planetlab4.rutgers.edu_planetlab6.cs.duke.edu_393 3	863.508000	0.625000	0.022000	0.000000	864.155000	11472	1024
aguila2.lsi.upc.edu_planetlab6.cs.duke.edu_59 4	751.969000	156.252000	0.015000	0.000000	908.236000	11334	576
planetlab4.rutgers.edu_planetlab6.cs.duke.edu_415 3	926.750000	0.191000	0.018000	0.000000	926.959000	11488	1024
pluto.cs.brown.edu_planetlab6.cs.duke.edu_62 2	967.920000	0.031000	0.026000	0.000000	967.977000	11584	768
pluto.cs.brown.edu_planetlab6.cs.duke.edu_65 2	1009.327000	0.033000	0.022000	0.000000	1009.382000	11600	768
pluto.cs.brown.edu_planetlab6.cs.duke.edu_68 2	1010.064000	0.058000	0.014000	0.000000	1010.136000	11602	768
pluto.cs.brown.edu_planetlab6.cs.duke.edu_69 2	1009.776000	0.496000	0.017000	0.000000	1010.289000	11601	768
planetlab6.cs.duke.edu_planetlab6.cs.duke.edu_391 0	0.999000	1009.651000	0.010000	0.000000	1010.660000	11650	288
pluto.cs.brown.edu_planetlab6.cs.duke.edu_71 2	1017.580000	0.030000	0.017000	0.000000	1017.627000	11604	768
pluto.cs.brown.edu_planetlab6.cs.duke.edu_73 2	1028.039000	0.023000	0.015000	0.000000	1028.077000	11608	768
planetlab1.cs.cornell.edu_planetlab6.cs.duke.edu_86 2	1030.300000	0.232000	0.033000	0.000000	1030.565000	11622	1280
pluto.cs.brown.edu_planetlab6.cs.duke.edu_80 2	1102.028000	0.485000	0.109000	0.000000	1102.622000	11632	768
planetlab1.cs.cornell.edu_planetlab6.cs.duke.edu_101 2	1229.623000	0.048000	0.029000	0.000000	1229.700000	11660	1280
planetlab2.acis.ufl.edu_planetlab6.cs.duke.edu_265 2	965.383000	359.309000	0.021000	0.000000	1324.713000	11568	1056
planetlab6.cs.duke.edu_planetlab6.cs.duke.edu_509 0	0.447000	1386.089000	0.011000	0.000000	1386.547000	11767	288
pluto.cs.brown.edu_planetlab6.cs.duke.edu_122 2	1397.339000	0.204000	0.015000	0.000000	1397.558000	11728	768
node1.planetlab.albany.edu_planetlab6.cs.duke.edu_827 1	67.075000	1367.774000	0.107000	0.000000	1434.956000	11309	32
planetlab2.acis.ufl.edu_planetlab6.cs.duke.edu_287 2	1018.841000	428.410000	0.019000	0.000000	1447.270000	11589	1056
node1.planetlab.albany.edu_planetlab6.cs.duke.edu_846 1	104.816000	1361.564000	0.016000	0.000000	1466.396000	11323	32
planetlab1.cs.cornell.edu_planetlab6.cs.duke.edu_115 2	1478.895000	0.041000	0.025000	0.000000	1478.961000	11769	1280
node1.planetlab.albany.edu_planetlab6.cs.duke.edu_877 1	186.974000	1345.358000	0.020000	0.000000	1532.352000	11352	32
node1.planetlab.albany.edu_planetlab6.cs.duke.edu_962 1	397.630000	1256.422000	0.015000	0.000000	1654.067000	11419	32
planetlab4.rutgers.edu_planetlab6.cs.duke.edu_703 3	1639.906000	11.619000	0.017000	0.000000	1651.542000	11624	1024
node1.planetlab.albany.edu_planetlab6.cs.duke.edu_978 1	445.035000	1234.668000	0.019000	0.000000	1679.722000	11435	32
node1.planetlab.albany.edu_planetlab6.cs.duke.edu_985 1	463.023000	1232.479000	0.014000	0.000000	1695.516000	11443	32
node1.planetlab.albany.edu_planetlab6.cs.duke.edu_995 1	487.330000	1221.075000	0.018000	0.000000	1708.423000	11449	32
node1.planetlab.albany.edu_planetlab6.cs.duke.edu_996 1	488.158000	1223.877000	0.012000	0.000000	1712.047000	11451	32
node1.planetlab.albany.edu_planetlab6.cs.duke.edu_997 1	488.704000	1226.471000	0.017000	0.000000	1715.192000	11450	32
node1.planetlab.albany.edu_planetlab6.cs.duke.edu_1004 1	501.487000	1225.952000	0.018000	0.000000	1727.457000	11455	32
node1.planetlab.albany.edu_planetlab6.cs.duke.edu_1011 1	525.915000	1210.958000	0.016000	0.000000	1736.889000	11463	32
planetlabpc1.upf.edu_planetlab6.cs.duke.edu_70 5	1667.739000	87.821000	0.019000	0.000000	1755.579000	11522	1216
node1.planetlab.albany.edu_planetlab6.cs.duke.edu_1062 1	683.248000	1140.169000	0.019000	0.000000	1823.436000	11515	32
node1.planetlab.albany.edu_planetlab6.cs.duke.edu_1094 1	759.121000	1116.536000	0.018000	0.000000	1875.675000	11539	32
planetlab4.rutgers.edu_planetlab6.cs.duke.edu_738 3	1873.943000	27.690000	0.016000	0.000000	1901.649000	11635	1024
planetlab2.acis.ufl.edu_planetlab6.cs.duke.edu_410 2	1465.042000	740.954000	0.021000	0.000000	2206.017000	11738	1056
planetlab4.rutgers.edu_planetlab6.cs.duke.edu_891 3	2125.112000	268.480000	0.018000	0.000000	2393.610000	11712	1024
node1.planetlab.albany.edu_planetlab6.cs.duke.edu_1328 1	1219.868000	1200.008000	0.026000	0.000000	2419.902000	11707	32
node1.planetlab.albany.edu_planetlab6.cs.duke.edu_1465 1	1513.253000	1262.860000	0.020000	0.000000	2776.133000	11789	32
node1.planetlab.albany.edu_planetlab6.cs.duke.edu_1477 1	1542.196000	1261.341000	0.053000	0.000000	2803.590000	11795	32
node1.planetlab.albany.edu_planetlab6.cs.duke.edu_1483 1	1557.794000	1254.667000	0.029000	0.000000	2812.490000	11800	32
node1.planetlab.albany.edu_planetlab6.cs.duke.edu_1500 1	1617.485000	1234.270000	0.020000	0.000000	2851.775000	11813	32
node1.planetlab.albany.edu_planetlab6.cs.duke.edu_1510 1	1636.798000	1241.539000	0.017000	0.000000	2878.354000	11817	32
node1.planetlab.albany.edu_planetlab6.cs.duke.edu_1516 1	1644.796000	1248.402000	0.018000	0.000000	2893.216000	11820	32
node1.planetlab.albany.edu_planetlab6.cs.duke.edu_1521 1	1659.168000	1241.782000	0.017000	0.000000	2900.967000	11821	32
node1.planetlab.albany.edu_planetlab6.cs.duke.edu_1525 1	1659.356000	1242.554000	0.017000	0.000000	2901.927000	11823	32
node1.planetlab.albany.edu_planetlab6.cs.duke.edu_1548 1	1709.197000	1244.310000	0.016000	0.000000	2953.523000	11837	32
node1.planetlab.albany.edu_planetlab6.cs.duke.edu_1578 1	1758.289000	1260.092000	0.019000	0.000000	3018.400000	11847	32
node1.planetlab.albany.edu_planetlab6.cs.duke.edu_1581 1	1760.123000	1262.319000	0.016000	0.000000	3022.458000	11848	32
earth.cs.brown.edu_planetlab6.cs.duke.edu_1135 2	1633.369000	1434.511000	0.019000	0.000000	3067.899000	11396	96
node1.planetlab.albany.edu_planetlab6.cs.duke.edu_1616 1	1819.586000	1250.224000	0.017000	0.000000	3069.827000	11856	32
earth.cs.brown.edu_planetlab6.cs.duke.edu_1146 2	1656.051000	1430.663000	0.082000	0.000000	3086.796000	11408	96
earth.cs.brown.edu_planetlab6.cs.duke.edu_1152 2	1662.500000	1428.479000	0.014000	0.000000	3090.993000	11412	96
earth.cs.brown.edu_planetlab6.cs.duke.edu_1154 2	1663.710000	1432.450000	0.016000	0.000000	3096.176000	11413	96
earth.cs.brown.edu_planetlab6.cs.duke.edu_1156 2	1665.256000	1432.390000	0.016000	0.000000	3097.662000	11414	96
earth.cs.brown.edu_planetlab6.cs.duke.edu_1159 2	1673.694000	1428.544000	0.021000	0.000000	3102.259000	11420	96
node1.planetlab.albany.edu_planetlab6.cs.duke.edu_1625 1	1820.131000	1283.106000	0.015000	0.000000	3103.252000	11864	32
node1.planetlab.albany.edu_planetlab6.cs.duke.edu_1627 1	1820.328000	1293.925000	0.012000	0.000000	3114.265000	11865	32
node1.planetlab.albany.edu_planetlab6.cs.duke.edu_1629 1	1823.840000	1296.300000	0.019000	0.000000	3120.159000	11866	32
node1.planetlab.albany.edu_planetlab6.cs.duke.edu_1632 1	1828.183000	1292.030000	0.015000	0.000000	3120.228000	11868	32
earth.cs.brown.edu_planetlab6.cs.duke.edu_1177 2	1717.268000	1420.087000	0.018000	0.000000	3137.373000	11444	96
earth.cs.brown.edu_planetlab6.cs.duke.edu_1212 2	1778.044000	1411.298000	0.021000	0.000000	3189.363000	11476	96
node1.planetlab.albany.edu_planetlab6.cs.duke.edu_1670 1	1903.575000	1295.838000	0.017000	0.000000	3199.430000	11885	32
node1.planetlab.albany.edu_planetlab6.cs.duke.edu_1695 1	1945.215000	1305.786000	0.020000	0.000000	3251.021000	11896	32
node1.planetlab.albany.edu_planetlab6.cs.duke.edu_1741 1	2058.227000	1280.300000	0.018000	0.000000	3338.545000	11911	32
earth.cs.brown.edu_planetlab6.cs.duke.edu_1429 2	2299.909000	1264.388000	0.020000	0.000000	3564.317000	11668	96
earth.cs.brown.edu_planetlab6.cs.duke.edu_1887 2	3418.660000	984.055000	0.024000	0.000000	4402.739000	11924	96
roam2.cs.ou.edu_planetlab6.cs.duke.edu_1486 2	1950.472000	2497.045000	0.016000	0.000000	4447.533000	11528	48
planetlab1.rutgers.edu_planetlab6.cs.duke.edu_995 3	614.822000	4358.786000	0.039000	0.000000	4973.647000	11434	512
planetlab1.rutgers.edu_planetlab6.cs.duke.edu_1037 3	833.314000	4226.999000	0.032000	0.000000	5060.345000	11466	512
planetlab2.cs.columbia.edu_planetlab6.cs.duke.edu_984 3	3651.008000	1458.764000	0.090000	0.000000	5109.862000	11559	112
planetlab2.netlab.uky.edu_planetlab6.cs.duke.edu_764 2	763.087000	4533.982000	0.029000	0.000000	5297.098000	11500	544
planetlab1.cs.pitt.edu_planetlab6.cs.duke.edu_1505 2	4250.689000	1201.372000	0.014000	0.000000	5452.075000	11754	384
planetlab1.cs.pitt.edu_planetlab6.cs.duke.edu_1509 2	4253.427000	1208.270000	0.014000	0.000000	5461.711000	11842	384
planetlab03.cs.washington.edu_planetlab6.cs.duke.edu_669 2	277.065000	5227.853000	0.076000	0.000000	5504.994000	11304	320
planetlab03.cs.washington.edu_planetlab6.cs.duke.edu_672 2	279.845000	5232.870000	0.018000	0.000000	5512.733000	11308	320
planetlab03.cs.washington.edu_planetlab6.cs.duke.edu_673 2	280.769000	5240.928000	0.016000	0.000000	5521.713000	11305	320
planetlab03.cs.washington.edu_planetlab6.cs.duke.edu_675 2	282.403000	5251.789000	0.020000	0.000000	5534.212000	11306	320
planetlab4.rutgers.edu_planetlab6.cs.duke.edu_1687 3	2417.719000	3117.085000	0.035000	0.000000	5534.839000	11779	1024
planetlab03.cs.washington.edu_planetlab6.cs.duke.edu_686 2	326.447000	5255.154000	0.032000	0.000000	5581.633000	11320	320
planetlab4.rutgers.edu_planetlab6.cs.duke.edu_1738 3	2518.952000	3141.760000	0.016000	0.000000	5660.728000	11798	1024
planetlab2.netlab.uky.edu_planetlab6.cs.duke.edu_854 2	1124.143000	4576.714000	0.021000	0.000000	5700.878000	11628	544
planetlab4.rutgers.edu_planetlab6.cs.duke.edu_1760 3	2586.677000	3119.695000	0.030000	0.000000	5706.402000	11809	1024
planetlab4.rutgers.edu_planetlab6.cs.duke.edu_1766 3	2612.401000	3135.233000	0.020000	0.000000	5747.654000	11811	1024
planetlab4.rutgers.edu_planetlab6.cs.duke.edu_1768 3	2616.058000	3133.808000	0.025000	0.000000	5749.891000	11810	1024
planetlab4.rutgers.edu_planetlab6.cs.duke.edu_1777 3	2821.271000	3119.339000	0.020000	0.000000	5940.630000	11815	1024
planetlab4.rutgers.edu_planetlab6.cs.duke.edu_1785 3	2827.663000	3122.306000	0.022000	0.000000	5949.991000	11819	1024
planetlab4.rutgers.edu_planetlab6.cs.duke.edu_1793 3	2820.120000	3139.030000	0.020000	0.000000	5959.170000	11827	1024
planetlab4.rutgers.edu_planetlab6.cs.duke.edu_1802 3	2732.525000	3236.909000	0.017000	0.000000	5969.451000	11836	1024
planetlab2.netlab.uky.edu_planetlab6.cs.duke.edu_881 2	1304.044000	4679.935000	0.032000	0.000000	5984.011000	11692	544
planetlab2.netlab.uky.edu_planetlab6.cs.duke.edu_887 2	1416.672000	4583.478000	0.033000	0.000000	6000.183000	11724	544
planetlab4.rutgers.edu_planetlab6.cs.duke.edu_1819 3	2733.112000	3270.250000	0.031000	0.000000	6003.393000	11846	1024
planetlab2.netlab.uky.edu_planetlab6.cs.duke.edu_891 2	1495.842000	4509.405000	0.026000	0.000000	6005.273000	11748	544
planetlab2.netlab.uky.edu_planetlab6.cs.duke.edu_895 2	1506.536000	4512.477000	0.028000	0.000000	6019.041000	11752	544
planetlab2.netlab.uky.edu_planetlab6.cs.duke.edu_897 2	1514.056000	4504.968000	0.022000	0.000000	6019.046000	11756	544
planetlab2.netlab.uky.edu_planetlab6.cs.duke.edu_899 2	1523.851000	4499.984000	0.027000	0.000000	6023.862000	11757	544
planetlab2.netlab.uky.edu_planetlab6.cs.duke.edu_901 2	1530.588000	4494.207000	0.029000	0.000000	6024.824000	11758	544
planetlab2.netlab.uky.edu_planetlab6.cs.duke.edu_904 2	1575.678000	4454.643000	0.028000	0.000000	6030.349000	11772	544
planetlab4.rutgers.edu_planetlab6.cs.duke.edu_1845 3	2883.071000	3156.866000	0.013000	0.000000	6039.950000	11858	1024
planetlab4.rutgers.edu_planetlab6.cs.duke.edu_1853 3	2916.299000	3142.247000	0.021000	0.000000	6058.567000	11860	1024
planetlab4.rutgers.edu_planetlab6.cs.duke.edu_1858 3	2918.526000	3156.092000	0.027000	0.000000	6074.645000	11862	1024
planetlab1.cs.uoregon.edu_planetlab6.cs.duke.edu_763 1	357.810000	5728.303000	0.036000	0.000000	6086.149000	11335	256
planetlab4.rutgers.edu_planetlab6.cs.duke.edu_1864 3	2919.943000	3172.218000	0.018000	0.000000	6092.179000	11863	1024
planetlab4.rutgers.edu_planetlab6.cs.duke.edu_1870 3	2950.864000	3143.994000	0.029000	0.000000	6094.887000	11875	1024
planetlab4.rutgers.edu_planetlab6.cs.duke.edu_1871 3	2952.516000	3145.659000	0.013000	0.000000	6098.188000	11870	1024
planetlab-01.bu.edu_planetlab6.cs.duke.edu_1326 4	5795.657000	316.202000	0.020000	0.000000	6111.879000	11623	640
planetlab4.rutgers.edu_planetlab6.cs.duke.edu_1890 3	2988.696000	3131.421000	0.030000	0.000000	6120.147000	11880	1024
planetlab1.cs.uoregon.edu_planetlab6.cs.duke.edu_782 1	513.319000	5613.995000	0.037000	0.000000	6127.351000	11387	256
planetlab1.cs.uoregon.edu_planetlab6.cs.duke.edu_784 1	544.074000	5620.141000	0.032000	0.000000	6164.247000	11399	256
planetlab4.rutgers.edu_planetlab6.cs.duke.edu_1909 3	3057.535000	3109.539000	0.017000	0.000000	6167.091000	11894	1024
planetlab1.cs.uoregon.edu_planetlab6.cs.duke.edu_790 1	593.764000	5586.317000	0.035000	0.000000	6180.116000	11409	256
planetlab1.cs.uoregon.edu_planetlab6.cs.duke.edu_819 1	830.047000	5468.505000	0.037000	0.000000	6298.589000	11492	256
planetlab1.cs.uoregon.edu_planetlab6.cs.duke.edu_828 1	941.123000	5409.485000	0.038000	0.000000	6350.646000	11527	256
planetlab1.cs.uoregon.edu_planetlab6.cs.duke.edu_859 1	1404.036000	5088.746000	0.040000	0.000000	6492.822000	11695	256
planetlab1.cs.uoregon.edu_planetlab6.cs.duke.edu_882 1	1703.614000	4884.254000	0.025000	0.000000	6587.893000	11783	256
planetlab1.cs.uoregon.edu_planetlab6.cs.duke.edu_885 1	1757.164000	4833.754000	0.030000	0.000000	6590.948000	11793	256
planetlab2.cs.cornell.edu_planetlab6.cs.duke.edu_1160 3	5339.145000	1496.927000	0.032000	0.000000	6836.104000	11717	448
planetlab1.cs.uoregon.edu_planetlab6.cs.duke.edu_925 1	1921.275000	4951.220000	0.038000	0.000000	6872.533000	11835	256
planetlab1.cs.uoregon.edu_planetlab6.cs.duke.edu_942 1	2043.815000	4942.345000	0.036000	0.000000	6986.196000	11867	256
planetlab1.cs.uoregon.edu_planetlab6.cs.duke.edu_953 1	2074.705000	4988.577000	0.050000	0.000000	7063.332000	11876	256
planetlab1.cs.uoregon.edu_planetlab6.cs.duke.edu_956 1	2107.417000	4967.350000	0.033000	0.000000	7074.800000	11883	256
planetlab1.cs.uoregon.edu_planetlab6.cs.duke.edu_963 1	2146.039000	4972.934000	0.041000	0.000000	7119.014000	11891	256
planetlab1.cs.uoregon.edu_planetlab6.cs.duke.edu_971 1	2166.012000	4995.538000	0.026000	0.000000	7161.576000	11897	256
planetlab1.cs.uoregon.edu_planetlab6.cs.duke.edu_973 1	2167.522000	4994.826000	0.051000	0.000000	7162.399000	11898	256
planetlab1.cs.uoregon.edu_planetlab6.cs.duke.edu_975 1	2176.682000	4992.085000	0.032000	0.000000	7168.799000	11899	256
planetlab1.cs.uoregon.edu_planetlab6.cs.duke.edu_981 1	2198.362000	5023.354000	0.035000	0.000000	7221.751000	11903	256
planetlab1.cs.uoregon.edu_planetlab6.cs.duke.edu_984 1	2209.420000	5042.569000	0.022000	0.000000	7252.011000	11905	256
planetlab1.cs.uoregon.edu_planetlab6.cs.duke.edu_1002 1	2324.562000	5043.016000	0.029000	0.000000	7367.607000	11920	256
planetlab1.cs.uoregon.edu_planetlab6.cs.duke.edu_1004 1	2329.393000	5050.900000	0.033000	0.000000	7380.326000	11921	256
planetlab1.cs.uoregon.edu_planetlab6.cs.duke.edu_1007 1	2337.200000	5065.108000	0.020000	0.000000	7402.328000	11923	256
planetlab1.cs.uoregon.edu_planetlab6.cs.duke.edu_1011 1	2346.868000	5067.135000	0.030000	0.000000	7414.033000	11925	256
planetlab03.cs.washington.edu_planetlab6.cs.duke.edu_1023 2	3389.409000	4077.531000	0.035000	0.000000	7466.975000	11368	320
planetlab03.cs.washington.edu_planetlab6.cs.duke.edu_1026 2	3393.618000	4080.625000	0.031000	0.000000	7474.274000	11432	320
planetlab1.cs.uoregon.edu_planetlab6.cs.duke.edu_1018 1	2378.829000	5092.658000	0.038000	0.000000	7471.525000	11929	256
planetlab03.cs.washington.edu_planetlab6.cs.duke.edu_1049 2	3474.285000	4139.808000	0.023000	0.000000	7614.116000	11560	320
planetlab2.umassd.edu_planetlab6.cs.duke.edu_1768 3	3042.627000	4578.241000	0.013000	0.000000	7620.881000	11354	64
planetlab03.cs.washington.edu_planetlab6.cs.duke.edu_1081 2	3590.495000	4243.735000	0.037000	0.000000	7834.267000	11816	320
planetlab4.williams.edu_planetlab6.cs.duke.edu_1240 3	7772.815000	115.285000	0.014000	0.000000	7888.114000	11675	336
planetlab2.umassd.edu_planetlab6.cs.duke.edu_1911 3	3238.311000	5581.480000	0.059000	0.000000	8819.850000	11506	64
planetlab1.rutgers.edu_planetlab6.cs.duke.edu_2160 3	5402.406000	3547.514000	0.032000	0.000000	8949.952000	11510	512
planetlab2.umassd.edu_planetlab6.cs.duke.edu_1936 3	3276.917000	5745.371000	0.081000	0.000000	9022.369000	11537	64
pl1.rcc.uottawa.ca_planetlab6.cs.duke.edu_4252 2	1502.989000	7746.255000	0.013000	0.000000	9249.257000	11313	0
pl1.rcc.uottawa.ca_planetlab6.cs.duke.edu_4253 2	1503.309000	7749.037000	0.010000	0.000000	9252.356000	11310	0
pl1.rcc.uottawa.ca_planetlab6.cs.duke.edu_4261 2	1512.207000	7796.083000	0.011000	0.000000	9308.301000	11316	0
pl1.rcc.uottawa.ca_planetlab6.cs.duke.edu_4265 2	1517.656000	7833.316000	0.011000	0.000000	9350.983000	11317	0
pl1.rcc.uottawa.ca_planetlab6.cs.duke.edu_4266 2	1517.008000	7840.555000	0.010000	0.000000	9357.573000	11318	0
pl1.rcc.uottawa.ca_planetlab6.cs.duke.edu_4267 2	1518.260000	7844.012000	0.009000	0.000000	9362.281000	11319	0
pl1.rcc.uottawa.ca_planetlab6.cs.duke.edu_4269 2	1521.365000	7867.381000	0.012000	0.000000	9388.758000	11322	0
planetlab1.rutgers.edu_planetlab6.cs.duke.edu_2286 3	5500.607000	3907.354000	0.038000	0.000000	9407.999000	11554	512
pl1.rcc.uottawa.ca_planetlab6.cs.duke.edu_4273 2	1530.700000	7890.300000	0.010000	0.000000	9421.010000	11324	0
pl1.rcc.uottawa.ca_planetlab6.cs.duke.edu_4274 2	1530.338000	7894.313000	0.010000	0.000000	9424.661000	11325	0
pl1.rcc.uottawa.ca_planetlab6.cs.duke.edu_4276 2	1536.576000	7921.092000	0.010000	0.000000	9457.678000	11326	0
pl1.rcc.uottawa.ca_planetlab6.cs.duke.edu_4277 2	1536.602000	7924.045000	0.010000	0.000000	9460.657000	11327	0
pl1.rcc.uottawa.ca_planetlab6.cs.duke.edu_4279 2	1538.379000	7926.641000	0.010000	0.000000	9465.030000	11331	0
pl1.rcc.uottawa.ca_planetlab6.cs.duke.edu_4280 2	1540.516000	7924.949000	0.010000	0.000000	9465.475000	11333	0
pl1.rcc.uottawa.ca_planetlab6.cs.duke.edu_4282 2	1547.649000	7952.208000	0.014000	0.000000	9499.871000	11337	0
pl1.rcc.uottawa.ca_planetlab6.cs.duke.edu_4284 2	1554.691000	7963.782000	0.009000	0.000000	9518.482000	11338	0
pl1.rcc.uottawa.ca_planetlab6.cs.duke.edu_4285 2	1555.362000	7980.136000	0.009000	0.000000	9535.507000	11339	0
planetlab1.cs.unc.edu_planetlab6.cs.duke.edu_1785 4	9533.764000	0.229000	0.027000	0.000000	9534.020000	11577	528
pl1.rcc.uottawa.ca_planetlab6.cs.duke.edu_4286 2	1569.022000	7968.305000	0.008000	0.000000	9537.335000	11343	0
pl1.rcc.uottawa.ca_planetlab6.cs.duke.edu_4287 2	1571.515000	7987.386000	0.008000	0.000000	9558.909000	11345	0
pl1.rcc.uottawa.ca_planetlab6.cs.duke.edu_4293 2	1585.637000	8011.218000	0.010000	0.000000	9596.865000	11348	0
planetlab2.umassd.edu_planetlab6.cs.duke.edu_2005 3	3480.794000	6113.670000	0.017000	0.000000	9594.481000	11620	64
pl1.rcc.uottawa.ca_planetlab6.cs.duke.edu_4295 2	1588.500000	8043.826000	0.010000	0.000000	9632.336000	11349	0
pl1.rcc.uottawa.ca_planetlab6.cs.duke.edu_4297 2	1590.670000	8048.032000	0.011000	0.000000	9638.713000	11351	0
pl1.rcc.uottawa.ca_planetlab6.cs.duke.edu_4298 2	1591.825000	8061.657000	0.012000	0.000000	9653.494000	11355	0
pl1.rcc.uottawa.ca_planetlab6.cs.duke.edu_4304 2	1604.040000	8091.836000	0.012000	0.000000	9695.888000	11357	0
pl1.rcc.uottawa.ca_planetlab6.cs.duke.edu_4305 2	1605.382000	8098.162000	0.009000	0.000000	9703.553000	11361	0
pl1.rcc.uottawa.ca_planetlab6.cs.duke.edu_4307 2	1607.206000	8114.875000	0.011000	0.000000	9722.092000	11365	0
pl1.rcc.uottawa.ca_planetlab6.cs.duke.edu_4308 2	1606.695000	8121.644000	0.011000	0.000000	9728.350000	11364	0
pl1.rcc.uottawa.ca_planetlab6.cs.duke.edu_4309 2	1609.866000	8121.405000	0.009000	0.000000	9731.280000	11367	0
pl1.rcc.uottawa.ca_planetlab6.cs.duke.edu_4310 2	1609.506000	8126.926000	0.009000	0.000000	9736.441000	11371	0
pl1.rcc.uottawa.ca_planetlab6.cs.duke.edu_4314 2	1626.373000	8154.885000	0.012000	0.000000	9781.270000	11373	0
pl1.rcc.uottawa.ca_planetlab6.cs.duke.edu_4315 2	1627.485000	8159.650000	0.011000	0.000000	9787.146000	11376	0
pl1.rcc.uottawa.ca_planetlab6.cs.duke.edu_4316 2	1629.712000	8165.910000	0.012000	0.000000	9795.634000	11377	0
planetlab2.umassd.edu_planetlab6.cs.duke.edu_2038 3	3511.678000	6282.791000	0.013000	0.000000	9794.482000	11634	64
pl1.rcc.uottawa.ca_planetlab6.cs.duke.edu_4319 2	1635.324000	8183.438000	0.010000	0.000000	9818.772000	11379	0
pl1.rcc.uottawa.ca_planetlab6.cs.duke.edu_4320 2	1636.953000	8190.831000	0.010000	0.000000	9827.794000	11380	0
pl1.rcc.uottawa.ca_planetlab6.cs.duke.edu_4323 2	1644.261000	8215.653000	0.011000	0.000000	9859.925000	11381	0
pl1.rcc.uottawa.ca_planetlab6.cs.duke.edu_4324 2	1647.350000	8220.853000	0.011000	0.000000	9868.214000	11382	0
pl1.rcc.uottawa.ca_planetlab6.cs.duke.edu_4325 2	1647.565000	8229.749000	0.010000	0.000000	9877.324000	11383	0
pl1.rcc.uottawa.ca_planetlab6.cs.duke.edu_4328 2	1654.138000	8241.269000	0.009000	0.000000	9895.416000	11385	0
pl1.rcc.uottawa.ca_planetlab6.cs.duke.edu_4331 2	1655.731000	8249.896000	0.011000	0.000000	9905.638000	11388	0
pl1.rcc.uottawa.ca_planetlab6.cs.duke.edu_4334 2	1662.888000	8263.513000	0.013000	0.000000	9926.414000	11389	0
pl1.rcc.uottawa.ca_planetlab6.cs.duke.edu_4335 2	1663.587000	8267.561000	0.011000	0.000000	9931.159000	11390	0
pl1.rcc.uottawa.ca_planetlab6.cs.duke.edu_4337 2	1663.564000	8277.202000	0.011000	0.000000	9940.777000	11391	0
pl1.rcc.uottawa.ca_planetlab6.cs.duke.edu_4339 2	1666.265000	8295.053000	0.009000	0.000000	9961.327000	11393	0
planetlab2.umassd.edu_planetlab6.cs.duke.edu_2065 3	3561.089000	6417.582000	0.016000	0.000000	9978.687000	11662	64
pl1.rcc.uottawa.ca_planetlab6.cs.duke.edu_4357 2	1716.478000	8384.214000	0.014000	0.000000	10100.706000	11423	0
pl1.rcc.uottawa.ca_planetlab6.cs.duke.edu_4363 2	1719.490000	8398.868000	0.012000	0.000000	10118.370000	11424	0
pl1.rcc.uottawa.ca_planetlab6.cs.duke.edu_4368 2	1719.653000	8416.445000	0.013000	0.000000	10136.111000	11425	0
pl1.rcc.uottawa.ca_planetlab6.cs.duke.edu_4375 2	1729.888000	8433.781000	0.014000	0.000000	10163.683000	11427	0
pl1.rcc.uottawa.ca_planetlab6.cs.duke.edu_4378 2	1731.922000	8439.349000	0.014000	0.000000	10171.285000	11429	0
planetlab1.rutgers.edu_planetlab6.cs.duke.edu_2525 3	5994.652000	4226.554000	0.055000	0.000000	10221.261000	11658	512
pl1.rcc.uottawa.ca_planetlab6.cs.duke.edu_4400 2	1737.336000	8503.995000	0.014000	0.000000	10241.345000	11433	0
pl1.rcc.uottawa.ca_planetlab6.cs.duke.edu_4413 2	1754.270000	8533.945000	0.015000	0.000000	10288.230000	11441	0
pl1.rcc.uottawa.ca_planetlab6.cs.duke.edu_4419 2	1762.301000	8534.205000	0.019000	0.000000	10296.525000	11445	0
planetlab1.rutgers.edu_planetlab6.cs.duke.edu_2560 3	6075.713000	4289.521000	0.059000	0.000000	10365.293000	11778	512
pl1.rcc.uottawa.ca_planetlab6.cs.duke.edu_4490 2	1781.717000	8613.092000	0.011000	0.000000	10394.820000	11454	0
planetlab2.umassd.edu_planetlab6.cs.duke.edu_2114 3	3628.464000	6765.992000	0.014000	0.000000	10394.470000	11698	64
planetlab1.rutgers.edu_planetlab6.cs.duke.edu_2570 3	6087.991000	4312.833000	0.043000	0.000000	10400.867000	11784	512
planetlab1.rutgers.edu_planetlab6.cs.duke.edu_2571 3	6092.230000	4319.889000	0.027000	0.000000	10412.146000	11786	512
planetlab1.rutgers.edu_planetlab6.cs.duke.edu_2574 3	6088.695000	4334.739000	0.033000	0.000000	10423.467000	11787	512
planetlab1.rutgers.edu_planetlab6.cs.duke.edu_2576 3	6095.971000	4334.910000	0.057000	0.000000	10430.938000	11790	512
pl1.rcc.uottawa.ca_planetlab6.cs.duke.edu_4499 2	1800.362000	8644.255000	0.012000	0.000000	10444.629000	11467	0
pl1.rcc.uottawa.ca_planetlab6.cs.duke.edu_4502 2	1818.150000	8638.716000	0.013000	0.000000	10456.879000	11477	0
pl1.rcc.uottawa.ca_planetlab6.cs.duke.edu_4503 2	1831.375000	8645.703000	0.010000	0.000000	10477.088000	11485	0
planetlab1.rutgers.edu_planetlab6.cs.duke.edu_2594 3	6110.495000	4389.646000	0.042000	0.000000	10500.183000	11797	512
pl1.rcc.uottawa.ca_planetlab6.cs.duke.edu_4543 2	1834.782000	8745.561000	0.012000	0.000000	10580.355000	11489	0
pl1.rcc.uottawa.ca_planetlab6.cs.duke.edu_4544 2	1838.616000	8759.784000	0.013000	0.000000	10598.413000	11493	0
pl1.rcc.uottawa.ca_planetlab6.cs.duke.edu_4546 2	1850.223000	8757.105000	0.009000	0.000000	10607.337000	11498	0
pl1.rcc.uottawa.ca_planetlab6.cs.duke.edu_4548 2	1862.087000	8763.515000	0.009000	0.000000	10625.611000	11505	0
pl1.rcc.uottawa.ca_planetlab6.cs.duke.edu_4550 2	1870.002000	8764.101000	0.009000	0.000000	10634.112000	11508	0
pl1.rcc.uottawa.ca_planetlab6.cs.duke.edu_4551 2	1872.147000	8767.594000	0.008000	0.000000	10639.749000	11509	0
pl1.rcc.uottawa.ca_planetlab6.cs.duke.edu_4552 2	1876.007000	8770.637000	0.011000	0.000000	10646.655000	11511	0
pl1.rcc.uottawa.ca_planetlab6.cs.duke.edu_4555 2	1894.145000	8790.339000	0.012000	0.000000	10684.496000	11521	0
pl1.rcc.uottawa.ca_planetlab6.cs.duke.edu_4556 2	1900.380000	8791.143000	0.012000	0.000000	10691.535000	11523	0
pl1.rcc.uottawa.ca_planetlab6.cs.duke.edu_4554 2	1912.742000	8790.478000	0.012000	0.000000	10703.232000	11517	0
pl1.rcc.uottawa.ca_planetlab6.cs.duke.edu_4559 2	1910.098000	8806.082000	0.012000	0.000000	10716.192000	11529	0
pl1.rcc.uottawa.ca_planetlab6.cs.duke.edu_4560 2	1910.511000	8809.526000	0.010000	0.000000	10720.047000	11530	0
planetlab2.umassd.edu_planetlab6.cs.duke.edu_2172 3	3732.671000	6986.250000	0.016000	0.000000	10718.937000	11730	64
pl1.rcc.uottawa.ca_planetlab6.cs.duke.edu_4565 2	1916.393000	8821.272000	0.012000	0.000000	10737.677000	11534	0
pl1.rcc.uottawa.ca_planetlab6.cs.duke.edu_4561 2	1943.229000	8807.992000	0.011000	0.000000	10751.232000	11531	0
pl1.rcc.uottawa.ca_planetlab6.cs.duke.edu_4568 2	1928.450000	8828.053000	0.010000	0.000000	10756.513000	11535	0
pl1.rcc.uottawa.ca_planetlab6.cs.duke.edu_4571 2	1939.602000	8844.730000	0.009000	0.000000	10784.341000	11542	0
pl1.rcc.uottawa.ca_planetlab6.cs.duke.edu_4573 2	1948.770000	8846.669000	0.010000	0.000000	10795.449000	11547	0
pl1.rcc.uottawa.ca_planetlab6.cs.duke.edu_4572 2	1947.507000	8848.448000	0.009000	0.000000	10795.964000	11546	0
pl1.rcc.uottawa.ca_planetlab6.cs.duke.edu_4575 2	1950.685000	8856.639000	0.014000	0.000000	10807.338000	11548	0
pl1.rcc.uottawa.ca_planetlab6.cs.duke.edu_4576 2	1951.817000	8864.375000	0.013000	0.000000	10816.205000	11550	0
planetlab2.umassd.edu_planetlab6.cs.duke.edu_2197 3	3776.748000	7051.097000	0.017000	0.000000	10827.862000	11746	64
pl1.rcc.uottawa.ca_planetlab6.cs.duke.edu_4579 2	1965.341000	8873.765000	0.010000	0.000000	10839.116000	11551	0
pl1.rcc.uottawa.ca_planetlab6.cs.duke.edu_4580 2	1966.151000	8877.336000	0.009000	0.000000	10843.496000	11552	0
pl1.rcc.uottawa.ca_planetlab6.cs.duke.edu_4581 2	1966.275000	8885.893000	0.010000	0.000000	10852.178000	11553	0
pl1.rcc.uottawa.ca_planetlab6.cs.duke.edu_4582 2	1967.323000	8893.894000	0.010000	0.000000	10861.227000	11555	0
pl1.rcc.uottawa.ca_planetlab6.cs.duke.edu_4583 2	1969.605000	8904.388000	0.050000	0.000000	10874.043000	11557	0
pl1.rcc.uottawa.ca_planetlab6.cs.duke.edu_4585 2	1975.649000	8903.777000	0.009000	0.000000	10879.435000	11558	0
plonk.cs.uwaterloo.ca_planetlab6.cs.duke.edu_695 1	1760.134000	9124.153000	0.020000	0.000000	10884.307000	11830	800
pl1.rcc.uottawa.ca_planetlab6.cs.duke.edu_4588 2	1980.200000	8921.817000	0.012000	0.000000	10902.029000	11561	0
pl1.rcc.uottawa.ca_planetlab6.cs.duke.edu_4589 2	1980.345000	8924.424000	0.010000	0.000000	10904.779000	11562	0
planetlab2.umassd.edu_planetlab6.cs.duke.edu_2212 3	3803.951000	7101.959000	0.016000	0.000000	10905.926000	11760	64
pl1.rcc.uottawa.ca_planetlab6.cs.duke.edu_4590 2	1984.221000	8925.805000	0.013000	0.000000	10910.039000	11563	0
pl1.rcc.uottawa.ca_planetlab6.cs.duke.edu_4592 2	1988.445000	8942.088000	0.010000	0.000000	10930.543000	11564	0
planetlab2.umassd.edu_planetlab6.cs.duke.edu_2216 3	3813.240000	7115.191000	0.015000	0.000000	10928.446000	11762	64
pl1.rcc.uottawa.ca_planetlab6.cs.duke.edu_4593 2	1992.585000	8942.167000	0.011000	0.000000	10934.763000	11566	0
planetlab2.umassd.edu_planetlab6.cs.duke.edu_2220 3	3816.089000	7117.552000	0.014000	0.000000	10933.655000	11763	64
pl1.rcc.uottawa.ca_planetlab6.cs.duke.edu_4595 2	1995.032000	8945.457000	0.009000	0.000000	10940.498000	11567	0
pl1.rcc.uottawa.ca_planetlab6.cs.duke.edu_4596 2	1996.729000	8950.318000	0.011000	0.000000	10947.058000	11569	0
planetlab2.umassd.edu_planetlab6.cs.duke.edu_2222 3	3817.045000	7133.997000	0.014000	0.000000	10951.056000	11766	64
pl1.rcc.uottawa.ca_planetlab6.cs.duke.edu_4597 2	1997.890000	8961.481000	0.011000	0.000000	10959.382000	11570	0
pl1.rcc.uottawa.ca_planetlab6.cs.duke.edu_4598 2	1998.594000	8962.663000	0.011000	0.000000	10961.268000	11572	0
planetlab2.umassd.edu_planetlab6.cs.duke.edu_2228 3	3830.715000	7139.304000	0.015000	0.000000	10970.034000	11770	64
pl1.rcc.uottawa.ca_planetlab6.cs.duke.edu_4600 2	2006.229000	8989.737000	0.013000	0.000000	10995.979000	11573	0
pl1.rcc.uottawa.ca_planetlab6.cs.duke.edu_4602 2	2008.735000	8992.478000	0.010000	0.000000	11001.223000	11574	0
pl1.rcc.uottawa.ca_planetlab6.cs.duke.edu_4604 2	2013.098000	9005.635000	0.012000	0.000000	11018.745000	11575	0
pl1.rcc.uottawa.ca_planetlab6.cs.duke.edu_4606 2	2017.333000	9020.023000	0.011000	0.000000	11037.367000	11578	0
pl1.rcc.uottawa.ca_planetlab6.cs.duke.edu_4607 2	2021.151000	9032.441000	0.012000	0.000000	11053.604000	11579	0
pl1.rcc.uottawa.ca_planetlab6.cs.duke.edu_4608 2	2024.108000	9038.492000	0.011000	0.000000	11062.611000	11581	0
pl1.rcc.uottawa.ca_planetlab6.cs.duke.edu_4609 2	2026.346000	9039.376000	0.009000	0.000000	11065.731000	11580	0
pl1.rcc.uottawa.ca_planetlab6.cs.duke.edu_4611 2	2031.568000	9050.121000	0.010000	0.000000	11081.699000	11583	0
pl1.rcc.uottawa.ca_planetlab6.cs.duke.edu_4612 2	2033.020000	9055.418000	0.010000	0.000000	11088.448000	11582	0
pl1.rcc.uottawa.ca_planetlab6.cs.duke.edu_4613 2	2035.502000	9061.296000	0.010000	0.000000	11096.808000	11585	0
pl1.rcc.uottawa.ca_planetlab6.cs.duke.edu_4614 2	2034.624000	9063.330000	0.010000	0.000000	11097.964000	11586	0
pl1.rcc.uottawa.ca_planetlab6.cs.duke.edu_4615 2	2043.055000	9072.272000	0.014000	0.000000	11115.341000	11587	0
pl1.rcc.uottawa.ca_planetlab6.cs.duke.edu_4622 2	2056.593000	9090.754000	0.013000	0.000000	11147.360000	11591	0
planetlab2.mnlab.cti.depaul.edu_planetlab6.cs.duke.edu_1125 4	1449.153000	9703.791000	0.010000	0.000000	11152.954000	11565	1152
pl1.rcc.uottawa.ca_planetlab6.cs.duke.edu_4625 2	2069.306000	9108.074000	0.012000	0.000000	11177.392000	11592	0
pl1.rcc.uottawa.ca_planetlab6.cs.duke.edu_4627 2	2069.914000	9110.096000	0.010000	0.000000	11180.020000	11593	0
pl1.rcc.uottawa.ca_planetlab6.cs.duke.edu_4628 2	2073.442000	9111.541000	0.009000	0.000000	11184.992000	11594	0
pl1.rcc.uottawa.ca_planetlab6.cs.duke.edu_4629 2	2081.692000	9133.304000	0.011000	0.000000	11215.007000	11595	0
pl1.rcc.uottawa.ca_planetlab6.cs.duke.edu_4630 2	2087.455000	9132.884000	0.012000	0.000000	11220.351000	11597	0
pl1.rcc.uottawa.ca_planetlab6.cs.duke.edu_4631 2	2089.592000	9132.442000	0.011000	0.000000	11222.045000	11598	0
pl1.rcc.uottawa.ca_planetlab6.cs.duke.edu_4633 2	2090.821000	9135.420000	0.011000	0.000000	11226.252000	11599	0
pl1.rcc.uottawa.ca_planetlab6.cs.duke.edu_4635 2	2093.085000	9154.036000	0.010000	0.000000	11247.131000	11603	0
planetlab1.mnlab.cti.depaul.edu_planetlab6.cs.duke.edu_1144 4	573.424000	10702.563000	0.010000	0.000000	11275.997000	11375	1088
pl1.rcc.uottawa.ca_planetlab6.cs.duke.edu_4643 2	2112.181000	9172.813000	0.010000	0.000000	11285.004000	11605	0
pl1.rcc.uottawa.ca_planetlab6.cs.duke.edu_4645 2	2125.246000	9183.749000	0.010000	0.000000	11309.005000	11609	0
pl1.rcc.uottawa.ca_planetlab6.cs.duke.edu_4646 2	2127.672000	9192.452000	0.014000	0.000000	11320.138000	11610	0
pl1.rcc.uottawa.ca_planetlab6.cs.duke.edu_4648 2	2131.669000	9196.345000	0.013000	0.000000	11328.027000	11611	0
planetlab1.mnlab.cti.depaul.edu_planetlab6.cs.duke.edu_1152 4	768.996000	10586.239000	0.010000	0.000000	11355.245000	11439	1088
pl1.rcc.uottawa.ca_planetlab6.cs.duke.edu_4652 2	2140.655000	9215.840000	0.011000	0.000000	11356.506000	11613	0
pl1.rcc.uottawa.ca_planetlab6.cs.duke.edu_4653 2	2144.222000	9219.045000	0.010000	0.000000	11363.277000	11614	0
planetlab2.umassd.edu_planetlab6.cs.duke.edu_2288 3	3972.006000	7406.274000	0.022000	0.000000	11378.302000	11814	64
pl1.rcc.uottawa.ca_planetlab6.cs.duke.edu_4656 2	2150.460000	9238.335000	0.010000	0.000000	11388.805000	11615	0
pl1.rcc.uottawa.ca_planetlab6.cs.duke.edu_4659 2	2166.647000	9256.915000	0.018000	0.000000	11423.580000	11617	0
pl1.rcc.uottawa.ca_planetlab6.cs.duke.edu_4663 2	2168.699000	9272.091000	0.012000	0.000000	11440.802000	11619	0
pl1.rcc.uottawa.ca_planetlab6.cs.duke.edu_4666 2	2179.109000	9282.165000	0.019000	0.000000	11461.293000	11621	0
planetlab1.mnlab.cti.depaul.edu_planetlab6.cs.duke.edu_1159 4	981.620000	10482.643000	0.010000	0.000000	11464.273000	11471	1088
pl1.rcc.uottawa.ca_planetlab6.cs.duke.edu_4670 2	2187.707000	9288.009000	0.011000	0.000000	11475.727000	11625	0
pl1.rcc.uottawa.ca_planetlab6.cs.duke.edu_4671 2	2187.890000	9288.813000	0.011000	0.000000	11476.714000	11626	0
pl1.rcc.uottawa.ca_planetlab6.cs.duke.edu_4672 2	2189.764000	9292.380000	0.011000	0.000000	11482.155000	11627	0
pl1.rcc.uottawa.ca_planetlab6.cs.duke.edu_4679 2	2215.827000	9327.915000	0.013000	0.000000	11543.755000	11630	0
pl1.rcc.uottawa.ca_planetlab6.cs.duke.edu_4680 2	2218.516000	9327.350000	0.010000	0.000000	11545.876000	11631	0
planetlab1.mnlab.cti.depaul.edu_planetlab6.cs.duke.edu_1163 4	1122.519000	10428.255000	0.011000	0.000000	11550.785000	11495	1088
pl1.rcc.uottawa.ca_planetlab6.cs.duke.edu_4681 2	2218.958000	9335.126000	0.010000	0.000000	11554.094000	11633	0
planetlab1.mnlab.cti.depaul.edu_planetlab6.cs.duke.edu_1164 4	1131.262000	10445.307000	0.011000	0.000000	11576.580000	11499	1088
planetlab1.mnlab.cti.depaul.edu_planetlab6.cs.duke.edu_1165 4	1141.579000	10437.396000	0.010000	0.000000	11578.985000	11501	1088
pl1.rcc.uottawa.ca_planetlab6.cs.duke.edu_4685 2	2235.345000	9346.891000	0.013000	0.000000	11582.249000	11637	0
pl1.rcc.uottawa.ca_planetlab6.cs.duke.edu_4684 2	2238.008000	9345.392000	0.012000	0.000000	11583.412000	11636	0
planetlab1.mnlab.cti.depaul.edu_planetlab6.cs.duke.edu_1166 4	1164.867000	10428.801000	0.010000	0.000000	11593.678000	11502	1088
pl1.rcc.uottawa.ca_planetlab6.cs.duke.edu_4689 2	2246.287000	9371.339000	0.011000	0.000000	11617.637000	11638	0
pl1.rcc.uottawa.ca_planetlab6.cs.duke.edu_4691 2	2253.489000	9364.660000	0.010000	0.000000	11618.159000	11639	0
pl1.rcc.uottawa.ca_planetlab6.cs.duke.edu_4692 2	2264.197000	9381.137000	0.010000	0.000000	11645.344000	11642	0
pl1.rcc.uottawa.ca_planetlab6.cs.duke.edu_4694 2	2267.382000	9386.046000	0.009000	0.000000	11653.437000	11644	0
planetlab1.mnlab.cti.depaul.edu_planetlab6.cs.duke.edu_1170 4	1208.304000	10449.524000	0.010000	0.000000	11657.838000	11503	1088
pl1.rcc.uottawa.ca_planetlab6.cs.duke.edu_4695 2	2269.013000	9390.239000	0.011000	0.000000	11659.263000	11643	0
pl1.rcc.uottawa.ca_planetlab6.cs.duke.edu_4696 2	2270.391000	9393.846000	0.011000	0.000000	11664.248000	11645	0
pl1.rcc.uottawa.ca_planetlab6.cs.duke.edu_4698 2	2272.297000	9404.533000	0.011000	0.000000	11676.841000	11646	0
pl1.rcc.uottawa.ca_planetlab6.cs.duke.edu_4699 2	2271.694000	9409.256000	0.011000	0.000000	11680.961000	11647	0
pl1.rcc.uottawa.ca_planetlab6.cs.duke.edu_4701 2	2283.206000	9405.761000	0.015000	0.000000	11688.982000	11648	0
pl1.rcc.uottawa.ca_planetlab6.cs.duke.edu_4704 2	2288.915000	9424.435000	0.013000	0.000000	11713.363000	11649	0
pl1.rcc.uottawa.ca_planetlab6.cs.duke.edu_4705 2	2286.303000	9429.213000	0.009000	0.000000	11715.525000	11651	0
planetlab1.mnlab.cti.depaul.edu_planetlab6.cs.duke.edu_1172 4	1273.917000	10467.266000	0.010000	0.000000	11741.193000	11519	1088
pl1.rcc.uottawa.ca_planetlab6.cs.duke.edu_4706 2	2301.800000	9437.769000	0.009000	0.000000	11739.578000	11653	0
pl1.rcc.uottawa.ca_planetlab6.cs.duke.edu_4707 2	2305.640000	9443.517000	0.012000	0.000000	11749.169000	11657	0
pl1.rcc.uottawa.ca_planetlab6.cs.duke.edu_4708 2	2317.673000	9433.713000	0.011000	0.000000	11751.397000	11659	0
pl1.rcc.uottawa.ca_planetlab6.cs.duke.edu_4710 2	2331.874000	9443.565000	0.011000	0.000000	11775.450000	11665	0
pl1.rcc.uottawa.ca_planetlab6.cs.duke.edu_4720 2	2369.007000	9482.164000	0.012000	0.000000	11851.183000	11677	0
pl1.rcc.uottawa.ca_planetlab6.cs.duke.edu_4721 2	2373.974000	9488.575000	0.011000	0.000000	11862.560000	11678	0
pl1.rcc.uottawa.ca_planetlab6.cs.duke.edu_4724 2	2380.935000	9502.502000	0.010000	0.000000	11883.447000	11680	0
pl1.rcc.uottawa.ca_planetlab6.cs.duke.edu_4725 2	2381.659000	9504.544000	0.010000	0.000000	11886.213000	11681	0
pl1.rcc.uottawa.ca_planetlab6.cs.duke.edu_4728 2	2386.034000	9514.969000	0.011000	0.000000	11901.014000	11682	0
pl1.rcc.uottawa.ca_planetlab6.cs.duke.edu_4729 2	2385.843000	9518.680000	0.010000	0.000000	11904.533000	11683	0
pl1.rcc.uottawa.ca_planetlab6.cs.duke.edu_4730 2	2388.088000	9526.886000	0.010000	0.000000	11914.984000	11684	0
pl1.rcc.uottawa.ca_planetlab6.cs.duke.edu_4732 2	2389.898000	9531.729000	0.010000	0.000000	11921.637000	11685	0
pl1.rcc.uottawa.ca_planetlab6.cs.duke.edu_4735 2	2403.305000	9553.427000	0.012000	0.000000	11956.744000	11687	0
pl1.rcc.uottawa.ca_planetlab6.cs.duke.edu_4739 2	2406.623000	9563.879000	0.012000	0.000000	11970.514000	11688	0
pl1.rcc.uottawa.ca_planetlab6.cs.duke.edu_4744 2	2407.190000	9587.292000	0.177000	0.000000	11994.659000	11689	0
pl1.rcc.uottawa.ca_planetlab6.cs.duke.edu_4756 2	2410.465000	9656.874000	0.013000	0.000000	12067.352000	11691	0
pl1.rcc.uottawa.ca_planetlab6.cs.duke.edu_4767 2	2422.863000	9684.803000	0.017000	0.000000	12107.683000	11693	0
pl1.rcc.uottawa.ca_planetlab6.cs.duke.edu_4769 2	2423.658000	9688.090000	0.013000	0.000000	12111.761000	11694	0
planetlab2.umassd.edu_planetlab6.cs.duke.edu_2402 3	4301.232000	7865.776000	0.049000	0.000000	12167.057000	11890	64
pl1.rcc.uottawa.ca_planetlab6.cs.duke.edu_4781 2	2427.322000	9744.508000	0.010000	0.000000	12171.840000	11696	0
pl1.rcc.uottawa.ca_planetlab6.cs.duke.edu_4783 2	2427.982000	9748.894000	0.017000	0.000000	12176.893000	11697	0
pl1.rcc.uottawa.ca_planetlab6.cs.duke.edu_4799 2	2440.247000	9799.266000	0.017000	0.000000	12239.530000	11699	0
pl1.rcc.uottawa.ca_planetlab6.cs.duke.edu_4806 2	2445.563000	9825.420000	0.014000	0.000000	12270.997000	11701	0
pl1.rcc.uottawa.ca_planetlab6.cs.duke.edu_4820 2	2456.721000	9856.360000	0.014000	0.000000	12313.095000	11702	0
pl1.rcc.uottawa.ca_planetlab6.cs.duke.edu_4838 2	2475.206000	9913.922000	0.014000	0.000000	12389.142000	11706	0
pl1.rcc.uottawa.ca_planetlab6.cs.duke.edu_4839 2	2475.963000	9920.633000	0.014000	0.000000	12396.610000	11705	0
pl1.rcc.uottawa.ca_planetlab6.cs.duke.edu_4856 2	2486.658000	9998.905000	0.011000	0.000000	12485.574000	11708	0
pl1.rcc.uottawa.ca_planetlab6.cs.duke.edu_4868 2	2501.960000	10017.556000	0.153000	0.000000	12519.669000	11710	0
pl1.rcc.uottawa.ca_planetlab6.cs.duke.edu_4875 2	2507.490000	10026.679000	0.016000	0.000000	12534.185000	11711	0
pl1.rcc.uottawa.ca_planetlab6.cs.duke.edu_4902 2	2522.835000	10067.662000	0.015000	0.000000	12590.512000	11713	0
pl1.rcc.uottawa.ca_planetlab6.cs.duke.edu_4603 2	3629.471000	8993.260000	0.011000	0.000000	12622.742000	11576	0
pl1.rcc.uottawa.ca_planetlab6.cs.duke.edu_4914 2	2538.175000	10093.727000	0.016000	0.000000	12631.918000	11715	0
pl1.rcc.uottawa.ca_planetlab6.cs.duke.edu_4970 2	2572.305000	10212.205000	0.024000	0.000000	12784.534000	11721	0
pl1.rcc.uottawa.ca_planetlab6.cs.duke.edu_4985 2	2588.483000	10250.232000	0.013000	0.000000	12838.728000	11723	0
pl1.rcc.uottawa.ca_planetlab6.cs.duke.edu_4987 2	2588.858000	10256.385000	0.020000	0.000000	12845.263000	11722	0
pl1.rcc.uottawa.ca_planetlab6.cs.duke.edu_5011 2	2603.414000	10321.884000	0.014000	0.000000	12925.312000	11725	0
pl1.rcc.uottawa.ca_planetlab6.cs.duke.edu_5027 2	2609.710000	10351.316000	0.323000	0.000000	12961.349000	11727	0
pl1.rcc.uottawa.ca_planetlab6.cs.duke.edu_5062 2	2636.328000	10483.872000	0.015000	0.000000	13120.215000	11732	0
pl1.rcc.uottawa.ca_planetlab6.cs.duke.edu_5067 2	2646.262000	10510.043000	0.011000	0.000000	13156.316000	11733	0
planetlab-03.cs.princeton.edu_planetlab6.cs.duke.edu_2859 4	10482.616000	2726.419000	0.014000	0.000000	13209.049000	11329	80
pl1.rcc.uottawa.ca_planetlab6.cs.duke.edu_5074 2	2659.959000	10559.065000	0.011000	0.000000	13219.035000	11737	0
pl1.rcc.uottawa.ca_planetlab6.cs.duke.edu_5076 2	2665.402000	10558.547000	0.010000	0.000000	13223.959000	11739	0
pl1.rcc.uottawa.ca_planetlab6.cs.duke.edu_5078 2	2668.053000	10574.744000	0.011000	0.000000	13242.808000	11740	0
pl1.rcc.uottawa.ca_planetlab6.cs.duke.edu_5079 2	2668.349000	10579.494000	0.010000	0.000000	13247.853000	11741	0
planetlab2.mnlab.cti.depaul.edu_planetlab6.cs.duke.edu_1541 4	6745.515000	6533.907000	0.017000	0.000000	13279.439000	11909	1152
pl1.rcc.uottawa.ca_planetlab6.cs.duke.edu_5084 2	2684.621000	10618.326000	0.013000	0.000000	13302.960000	11744	0
pl1.rcc.uottawa.ca_planetlab6.cs.duke.edu_5085 2	2685.689000	10621.800000	0.013000	0.000000	13307.502000	11743	0
pl1.rcc.uottawa.ca_planetlab6.cs.duke.edu_5088 2	2687.918000	10632.363000	0.011000	0.000000	13320.292000	11745	0
pl1.rcc.uottawa.ca_planetlab6.cs.duke.edu_5093 2	2700.189000	10674.642000	0.010000	0.000000	13374.841000	11747	0
planetlab-03.cs.princeton.edu_planetlab6.cs.duke.edu_2908 4	11018.277000	2364.976000	0.020000	0.000000	13383.273000	11777	80
pl1.rcc.uottawa.ca_planetlab6.cs.duke.edu_5095 2	2705.777000	10686.554000	0.010000	0.000000	13392.341000	11749	0
pl1.rcc.uottawa.ca_planetlab6.cs.duke.edu_5097 2	2711.477000	10703.616000	0.011000	0.000000	13415.104000	11753	0
pl1.rcc.uottawa.ca_planetlab6.cs.duke.edu_5099 2	2715.753000	10718.616000	0.010000	0.000000	13434.379000	11755	0
pl1.rcc.uottawa.ca_planetlab6.cs.duke.edu_5118 2	2749.509000	10807.997000	0.396000	0.000000	13557.902000	11761	0
pl1.rcc.uottawa.ca_planetlab6.cs.duke.edu_5121 2	2755.548000	10825.431000	0.011000	0.000000	13580.990000	11765	0
pl1.rcc.uottawa.ca_planetlab6.cs.duke.edu_5130 2	2776.976000	10840.798000	0.023000	0.000000	13617.797000	11773	0
pl1.rcc.uottawa.ca_planetlab6.cs.duke.edu_5137 2	2781.135000	10863.495000	0.014000	0.000000	13644.644000	11774	0
planetlab-03.cs.princeton.edu_planetlab6.cs.duke.edu_3011 4	11654.682000	2028.248000	0.014000	0.000000	13682.944000	11840	80
planetlab-03.cs.princeton.edu_planetlab6.cs.duke.edu_3024 4	11723.604000	1975.304000	0.016000	0.000000	13698.924000	11843	80
planetlab-03.cs.princeton.edu_planetlab6.cs.duke.edu_3020 4	11709.964000	1989.074000	0.023000	0.000000	13699.061000	11841	80
planetlab-03.cs.princeton.edu_planetlab6.cs.duke.edu_3025 4	11723.073000	1976.195000	0.009000	0.000000	13699.277000	11845	80
planetlab-03.cs.princeton.edu_planetlab6.cs.duke.edu_3031 4	11736.435000	1981.006000	0.010000	0.000000	13717.451000	11849	80
pl1.rcc.uottawa.ca_planetlab6.cs.duke.edu_5154 2	2817.993000	10923.003000	0.011000	0.000000	13741.007000	11785	0
planetlab-03.cs.princeton.edu_planetlab6.cs.duke.edu_3049 4	11809.432000	1962.152000	0.014000	0.000000	13771.598000	11857	80
planetlab-03.cs.princeton.edu_planetlab6.cs.duke.edu_3065 4	12003.254000	1836.751000	0.017000	0.000000	13840.022000	11873	80
vn4.cse.wustl.edu_planetlab6.cs.duke.edu_1537 2	6595.564000	7314.739000	0.027000	0.000000	13910.330000	11700	272
vn4.cse.wustl.edu_planetlab6.cs.duke.edu_1572 2	6747.767000	7345.890000	0.028000	0.000000	14093.685000	11804	272
pl1.rcc.uottawa.ca_planetlab6.cs.duke.edu_5266 2	2985.796000	11458.132000	0.011000	0.000000	14443.939000	11829	0
pl1.rcc.uottawa.ca_planetlab6.cs.duke.edu_5298 2	3025.768000	11648.928000	0.015000	0.000000	14674.711000	11838	0
pl1.rcc.uottawa.ca_planetlab6.cs.duke.edu_5375 2	3100.739000	11978.670000	0.013000	0.000000	15079.422000	11851	0
pl1.rcc.uottawa.ca_planetlab6.cs.duke.edu_5450 2	3156.562000	12257.100000	0.018000	0.000000	15413.680000	11861	0
pl1.rcc.uottawa.ca_planetlab6.cs.duke.edu_5459 2	3185.493000	12310.000000	0.011000	0.000000	15495.504000	11869	0
pl1.rcc.uottawa.ca_planetlab6.cs.duke.edu_5471 2	3209.135000	12401.614000	0.011000	0.000000	15610.760000	11877	0
pl1.rcc.uottawa.ca_planetlab6.cs.duke.edu_5523 2	3281.139000	12666.200000	0.011000	0.000000	15947.350000	11889	0
pl1.rcc.uottawa.ca_planetlab6.cs.duke.edu_5525 2	3289.062000	12702.379000	0.011000	0.000000	15991.452000	11892	0
pl1.rcc.uottawa.ca_planetlab6.cs.duke.edu_5527 2	3292.882000	12734.912000	0.011000	0.000000	16027.805000	11893	0
pl1.rcc.uottawa.ca_planetlab6.cs.duke.edu_5528 2	3298.899000	12764.111000	0.011000	0.000000	16063.021000	11895	0
pl1.rcc.uottawa.ca_planetlab6.cs.duke.edu_5551 2	3327.636000	12874.423000	0.012000	0.000000	16202.071000	11901	0
planetlab-01.bu.edu_planetlab6.cs.duke.edu_2920 4	16487.331000	0.082000	0.019000	0.000000	16487.432000	11879	640
pl1.rcc.uottawa.ca_planetlab6.cs.duke.edu_5680 2	3467.162000	13420.888000	0.011000	0.000000	16888.061000	11926	0
planetlab4.wail.wisc.edu_planetlab6.cs.duke.edu_4364 3	9310.167000	8867.036000	0.022000	0.000000	18177.225000	11314	16
node2.planetlab.albany.edu_planetlab6.cs.duke.edu_996 3	18277.048000	0.071000	0.029000	0.000000	18277.148000	11853	1792
planetlab7.flux.utah.edu_planetlab6.cs.duke.edu_1734 4	18354.003000	0.106000	0.014000	0.000000	18354.123000	11667	1536
planetlab7.flux.utah.edu_planetlab6.cs.duke.edu_1733 4	18354.321000	0.069000	0.024000	0.000000	18354.414000	11655	1536
planetlab7.flux.utah.edu_planetlab6.cs.duke.edu_1736 4	18358.431000	0.028000	0.015000	0.000000	18358.474000	11415	1536
planetlab7.flux.utah.edu_planetlab6.cs.duke.edu_1738 4	18356.901000	0.022000	0.017000	0.000000	18356.940000	11543	1536
planetlab7.flux.utah.edu_planetlab6.cs.duke.edu_1741 4	18387.257000	0.055000	0.016000	0.000000	18387.328000	11669	1536
planetlab7.flux.utah.edu_planetlab6.cs.duke.edu_1745 4	18390.352000	0.675000	0.014000	0.000000	18391.041000	11671	1536
planetlab7.flux.utah.edu_planetlab6.cs.duke.edu_1744 4	18390.565000	0.168000	0.488000	0.000000	18391.221000	11670	1536
planetlab7.flux.utah.edu_planetlab6.cs.duke.edu_1750 4	18409.062000	1.193000	0.098000	0.000000	18410.353000	11703	1536
planetlab7.flux.utah.edu_planetlab6.cs.duke.edu_1751 4	18408.702000	1.342000	0.012000	0.000000	18410.056000	11735	1536
planetlab2.uta.edu_planetlab6.cs.duke.edu_1122 5	18448.179000	0.202000	0.033000	0.000000	18448.414000	11386	1664
planetlab4.wail.wisc.edu_planetlab6.cs.duke.edu_4492 3	9596.723000	9408.598000	0.022000	0.000000	19005.343000	11346	16
planetlab7.flux.utah.edu_planetlab6.cs.duke.edu_1784 4	19223.385000	0.062000	0.016000	0.000000	19223.463000	11679	1536
planetlab4.wail.wisc.edu_planetlab6.cs.duke.edu_4586 3	9808.955000	9524.499000	0.020000	0.000000	19333.474000	11374	16
planetlab4.wail.wisc.edu_planetlab6.cs.duke.edu_4622 3	9920.343000	9565.811000	0.037000	0.000000	19486.191000	11384	16
planetlab4.wail.wisc.edu_planetlab6.cs.duke.edu_4655 3	10001.860000	9587.171000	0.021000	0.000000	19589.052000	11397	16
planetlab4.wail.wisc.edu_planetlab6.cs.duke.edu_4665 3	10040.779000	9577.199000	0.024000	0.000000	19618.002000	11401	16
planetlab4.wail.wisc.edu_planetlab6.cs.duke.edu_4671 3	10047.227000	9581.391000	0.015000	0.000000	19628.633000	11404	16
planetlab4.wail.wisc.edu_planetlab6.cs.duke.edu_4676 3	10054.220000	9592.108000	0.020000	0.000000	19646.348000	11405	16
planetlab4.wail.wisc.edu_planetlab6.cs.duke.edu_4684 3	10078.967000	9585.960000	0.022000	0.000000	19664.949000	11407	16
planetlab4.wail.wisc.edu_planetlab6.cs.duke.edu_4699 3	10103.764000	9593.233000	0.032000	0.000000	19697.029000	11410	16
planetlab4.wail.wisc.edu_planetlab6.cs.duke.edu_4702 3	10119.305000	9583.560000	0.029000	0.000000	19702.894000	11421	16
planetlab4.wail.wisc.edu_planetlab6.cs.duke.edu_4785 3	10302.189000	9672.012000	0.020000	0.000000	19974.221000	11437	16
planetlab4.wail.wisc.edu_planetlab6.cs.duke.edu_4825 3	10397.428000	9740.415000	0.020000	0.000000	20137.863000	11448	16
planetlab4.wail.wisc.edu_planetlab6.cs.duke.edu_4854 3	10450.998000	9755.182000	0.014000	0.000000	20206.194000	11462	16
planetlab4.wail.wisc.edu_planetlab6.cs.duke.edu_4867 3	10474.402000	9772.145000	0.016000	0.000000	20246.563000	11469	16
planetlab4.wail.wisc.edu_planetlab6.cs.duke.edu_4871 3	10496.629000	9759.796000	0.019000	0.000000	20256.444000	11480	16
planetlab4.wail.wisc.edu_planetlab6.cs.duke.edu_4920 3	10628.777000	9770.524000	0.020000	0.000000	20399.321000	11496	16
planetlab4.wail.wisc.edu_planetlab6.cs.duke.edu_4927 3	10647.939000	9764.529000	0.020000	0.000000	20412.488000	11504	16
planetlab4.wail.wisc.edu_planetlab6.cs.duke.edu_4940 3	10686.644000	9766.822000	0.029000	0.000000	20453.495000	11512	16
planetlab4.wail.wisc.edu_planetlab6.cs.duke.edu_4944 3	10696.989000	9762.945000	0.031000	0.000000	20459.965000	11513	16
planetlab4.wail.wisc.edu_planetlab6.cs.duke.edu_4948 3	10701.014000	9768.592000	0.028000	0.000000	20469.634000	11514	16
planetlab4.wail.wisc.edu_planetlab6.cs.duke.edu_4949 3	10709.937000	9774.363000	0.012000	0.000000	20484.312000	11516	16
planetlab4.wail.wisc.edu_planetlab6.cs.duke.edu_4980 3	10787.065000	9788.160000	0.025000	0.000000	20575.250000	11538	16
planetlab4.wail.wisc.edu_planetlab6.cs.duke.edu_5108 3	11149.864000	9853.949000	0.018000	0.000000	21003.831000	11590	16
aguila2.lsi.upc.edu_planetlab6.cs.duke.edu_1108 4	7076.757000	15284.789000	0.002000	0.000000	22361.548000	11481	576
aguila2.lsi.upc.edu_planetlab6.cs.duke.edu_1136 4	7258.411000	15527.223000	0.023000	0.000000	22785.657000	11533	576
planetlab4.wail.wisc.edu_planetlab6.cs.duke.edu_5312 3	11771.270000	12804.487000	0.022000	0.000000	24575.779000	11654	16
planetlab4.wail.wisc.edu_planetlab6.cs.duke.edu_5317 3	11792.725000	12801.033000	0.206000	0.000000	24593.964000	11661	16
planetlab4.wail.wisc.edu_planetlab6.cs.duke.edu_5560 3	12618.588000	12670.101000	0.023000	0.000000	25288.712000	11714	16
planetlab4.wail.wisc.edu_planetlab6.cs.duke.edu_5586 3	12702.720000	12649.973000	0.036000	0.000000	25352.729000	11716	16
planetlab4.wail.wisc.edu_planetlab6.cs.duke.edu_5598 3	12725.877000	12660.123000	0.021000	0.000000	25386.021000	11718	16
planetlab4.wail.wisc.edu_planetlab6.cs.duke.edu_5611 3	12759.127000	12663.618000	0.064000	0.000000	25422.809000	11719	16
planetlab4.wail.wisc.edu_planetlab6.cs.duke.edu_5715 3	13058.619000	12642.235000	0.026000	0.000000	25700.880000	11726	16
planetlab4.wail.wisc.edu_planetlab6.cs.duke.edu_5768 3	13206.392000	12654.317000	0.032000	0.000000	25860.741000	11734	16
planetlab4.wail.wisc.edu_planetlab6.cs.duke.edu_5840 3	13418.708000	12661.140000	0.024000	0.000000	26079.872000	11750	16
planetlab4.wail.wisc.edu_planetlab6.cs.duke.edu_5912 3	13628.955000	12679.139000	0.023000	0.000000	26308.117000	11768	16
planetlab4.wail.wisc.edu_planetlab6.cs.duke.edu_6034 3	13925.327000	12884.324000	0.019000	0.000000	26809.670000	11794	16
planetlab1.rutgers.edu_planetlab6.cs.duke.edu_6078 3	16316.952000	10891.388000	0.185000	0.000000	27208.525000	11802	512
planetlab4.wail.wisc.edu_planetlab6.cs.duke.edu_6169 3	14371.704000	12848.917000	0.028000	0.000000	27220.649000	11822	16
planetlab1.rutgers.edu_planetlab6.cs.duke.edu_6106 3	16352.391000	10894.403000	0.028000	0.000000	27246.822000	11818	512
planetlab1.cs.unc.edu_planetlab6.cs.duke.edu_3499 4	27269.968000	0.452000	0.024000	0.000000	27270.444000	11833	528
planetlab1.rutgers.edu_planetlab6.cs.duke.edu_6118 3	16397.809000	10872.886000	0.036000	0.000000	27270.731000	11850	512
planetlab1.rutgers.edu_planetlab6.cs.duke.edu_6124 3	16410.911000	10878.190000	0.052000	0.000000	27289.153000	11872	512
planetlab1.rutgers.edu_planetlab6.cs.duke.edu_6131 3	16440.872000	10854.195000	0.049000	0.000000	27295.116000	11904	512
planetlab1.rutgers.edu_planetlab6.cs.duke.edu_6151 3	16477.645000	10847.436000	0.063000	0.000000	27325.144000	11906	512
planetlab1.rutgers.edu_planetlab6.cs.duke.edu_6153 3	16488.239000	10850.345000	0.031000	0.000000	27338.615000	11910	512
planetlab1.rutgers.edu_planetlab6.cs.duke.edu_6155 3	16488.954000	10851.042000	0.074000	0.000000	27340.070000	11907	512
planetlab1.rutgers.edu_planetlab6.cs.duke.edu_6166 3	16492.700000	10863.585000	0.035000	0.000000	27356.320000	11912	512
planetlab1.rutgers.edu_planetlab6.cs.duke.edu_6173 3	16511.331000	10862.745000	0.037000	0.000000	27374.113000	11913	512
planetlab1.rutgers.edu_planetlab6.cs.duke.edu_6178 3	16524.373000	10851.774000	0.073000	0.000000	27376.220000	11914	512
planetlab1.rutgers.edu_planetlab6.cs.duke.edu_6182 3	16529.413000	10861.512000	0.063000	0.000000	27390.988000	11915	512
planetlab1.rutgers.edu_planetlab6.cs.duke.edu_6188 3	16547.592000	10857.625000	0.040000	0.000000	27405.257000	11916	512
planetlab1.rutgers.edu_planetlab6.cs.duke.edu_6190 3	16549.458000	10858.613000	0.030000	0.000000	27408.101000	11918	512
planetlab1.rutgers.edu_planetlab6.cs.duke.edu_6199 3	16556.249000	10863.698000	0.039000	0.000000	27419.986000	11922	512
planetlab1.rutgers.edu_planetlab6.cs.duke.edu_6197 3	16554.843000	10865.687000	0.033000	0.000000	27420.563000	11919	512
planetlab1.rutgers.edu_planetlab6.cs.duke.edu_6208 3	16579.701000	10849.299000	0.037000	0.000000	27429.037000	11928	512
planetlab1.rutgers.edu_planetlab6.cs.duke.edu_6215 3	16595.657000	10850.353000	0.039000	0.000000	27446.049000	11930	512
planetlab1.rutgers.edu_planetlab6.cs.duke.edu_6217 3	16598.616000	10850.141000	0.034000	0.000000	27448.791000	11931	512
planetlab4.wail.wisc.edu_planetlab6.cs.duke.edu_6425 3	15159.294000	12865.044000	0.025000	0.000000	28024.363000	11854	16
planetlab4.wail.wisc.edu_planetlab6.cs.duke.edu_6615 3	15670.777000	12906.006000	0.018000	0.000000	28576.801000	11878	16
planetlab4.wail.wisc.edu_planetlab6.cs.duke.edu_6664 3	15784.016000	13008.008000	0.018000	0.000000	28792.042000	11882	16
planetlab4.wail.wisc.edu_planetlab6.cs.duke.edu_6683 3	15826.161000	12997.975000	0.082000	0.000000	28824.218000	11884	16
planetlab4.wail.wisc.edu_planetlab6.cs.duke.edu_6701 3	15881.644000	12999.172000	0.025000	0.000000	28880.841000	11886	16
planetlab4.wail.wisc.edu_planetlab6.cs.duke.edu_6731 3	15966.796000	12992.003000	0.018000	0.000000	28958.817000	11887	16
planetlab4.wail.wisc.edu_planetlab6.cs.duke.edu_6818 3	16260.769000	12981.486000	0.020000	0.000000	29242.275000	11902	16
planetlab4.wail.wisc.edu_planetlab6.cs.duke.edu_6998 3	16756.906000	13173.742000	0.026000	0.000000	29930.674000	11917	16
planetlab1.eecs.umich.edu_planetlab6.cs.duke.edu_1991 2	60358.911000	0.736000	0.075000	0.000000	60359.722000	11358	2304
planetlab1.eecs.umich.edu_planetlab6.cs.duke.edu_1995 2	60377.929000	0.947000	0.076000	0.000000	60378.952000	11422	2304
planetlab1.eecs.umich.edu_planetlab6.cs.duke.edu_1999 2	60407.162000	4.925000	0.085000	0.000000	60412.172000	11470	2304
planetlab1.eecs.umich.edu_planetlab6.cs.duke.edu_2003 2	60443.462000	7.646000	0.086000	0.000000	60451.194000	11478	2304
planetlab1.eecs.umich.edu_planetlab6.cs.duke.edu_2005 2	60462.340000	5.609000	0.074000	0.000000	60468.023000	11482	2304
planetlab1.eecs.umich.edu_planetlab6.cs.duke.edu_2007 2	60465.485000	4.698000	0.071000	0.000000	60470.254000	11484	2304
planetlab1.eecs.umich.edu_planetlab6.cs.duke.edu_2009 2	60475.836000	0.715000	0.068000	0.000000	60476.619000	11486	2304
planetlab1.eecs.umich.edu_planetlab6.cs.duke.edu_2011 2	60483.792000	13.194000	0.082000	0.000000	60497.068000	11487	2304
planetlab1.eecs.umich.edu_planetlab6.cs.duke.edu_2015 2	60525.873000	1.770000	0.074000	0.000000	60527.717000	11518	2304
planetlab1.eecs.umich.edu_planetlab6.cs.duke.edu_2021 2	60552.380000	3.110000	0.083000	0.000000	60555.573000	11629	2304
planetlab7.cs.duke.edu_planetlab6.cs.duke.edu_1572 3	60560.396000	0.047000	0.046000	0.000000	60560.489000	11571	2432
planetlab1.eecs.umich.edu_planetlab6.cs.duke.edu_2027 2	60598.910000	1.847000	0.072000	0.000000	60600.829000	11742	2304
plab4.eece.ksu.edu_planetlab6.cs.duke.edu_6934 2	60312.823000	4780.179000	0.022000	0.000000	65093.024000	11330	2080
plab4.eece.ksu.edu_planetlab6.cs.duke.edu_6941 2	60340.202000	4790.714000	0.026000	0.000000	65130.942000	11360	2080
plab4.eece.ksu.edu_planetlab6.cs.duke.edu_6942 2	60340.731000	4810.875000	0.011000	0.000000	65151.617000	11362	2080
plab4.eece.ksu.edu_planetlab6.cs.duke.edu_6945 2	60345.689000	4809.941000	0.019000	0.000000	65155.649000	11363	2080
plab4.eece.ksu.edu_planetlab6.cs.duke.edu_6947 2	60347.323000	4823.061000	0.015000	0.000000	65170.399000	11370	2080
plab4.eece.ksu.edu_planetlab6.cs.duke.edu_6949 2	60347.383000	4832.724000	0.016000	0.000000	65180.123000	11366	2080
plab4.eece.ksu.edu_planetlab6.cs.duke.edu_6951 2	60351.980000	4831.283000	0.017000	0.000000	65183.280000	11378	2080
plab4.eece.ksu.edu_planetlab6.cs.duke.edu_6972 2	60437.474000	4880.093000	0.020000	0.000000	65317.587000	11490	2080
planetlab2.eecs.umich.edu_planetlab6.cs.duke.edu_10504 3	65318.761000	1.618000	0.072000	0.000000	65320.451000	11436	2048
planetlab2.eecs.umich.edu_planetlab6.cs.duke.edu_10506 3	65341.738000	2.844000	0.075000	0.000000	65344.657000	11447	2048
planetlab5.williams.edu_planetlab6.cs.duke.edu_3733 4	65401.208000	0.124000	0.027000	0.000000	65401.359000	11395	2112
planetlab1.williams.edu_planetlab6.cs.duke.edu_2871 4	65456.899000	0.035000	0.019000	0.000000	65456.953000	11497	2176
planetlab2.eecs.umich.edu_planetlab6.cs.duke.edu_10540 3	65481.021000	6.888000	0.034000	0.000000	65487.943000	11520	2048
planetlab2.eecs.umich.edu_planetlab6.cs.duke.edu_10544 3	65487.783000	4.534000	0.035000	0.000000	65492.352000	11524	2048
planetlab2.eecs.umich.edu_planetlab6.cs.duke.edu_10548 3	65511.955000	3.034000	0.084000	0.000000	65515.073000	11525	2048
planetlab2.eecs.umich.edu_planetlab6.cs.duke.edu_10551 3	65525.785000	0.771000	0.080000	0.000000	65526.636000	11526	2048
planetlab2.eecs.umich.edu_planetlab6.cs.duke.edu_10554 3	65527.897000	5.584000	0.077000	0.000000	65533.558000	11532	2048
planetlab2.eecs.umich.edu_planetlab6.cs.duke.edu_10562 3	65549.292000	16.366000	0.178000	0.000000	65565.836000	11540	2048
plab4.eece.ksu.edu_planetlab6.cs.duke.edu_7006 2	60560.497000	5012.160000	0.026000	0.000000	65572.683000	11618	2080
planetlab2.eecs.umich.edu_planetlab6.cs.duke.edu_10566 3	65583.057000	2.272000	0.080000	0.000000	65585.409000	11556	2048
planetlab2.eecs.umich.edu_planetlab6.cs.duke.edu_10572 3	65602.157000	7.427000	0.038000	0.000000	65609.622000	11588	2048
planetlab1.cs.purdue.edu_planetlab6.cs.duke.edu_1959 3	65653.692000	0.653000	0.024000	0.000000	65654.369000	11663	2208
planetlab2.eecs.umich.edu_planetlab6.cs.duke.edu_10584 3	65663.847000	1.654000	2.089000	0.000000	65667.590000	11640	2048
plab4.eece.ksu.edu_planetlab6.cs.duke.edu_7023 2	60607.789000	5073.338000	0.021000	0.000000	65681.148000	11729	2080
planetlab2.eecs.umich.edu_planetlab6.cs.duke.edu_10588 3	65688.863000	0.230000	0.068000	0.000000	65689.161000	11652	2048
planetlab2.eecs.umich.edu_planetlab6.cs.duke.edu_10590 3	65707.454000	0.411000	0.069000	0.000000	65707.934000	11666	2048
planetlab5.williams.edu_planetlab6.cs.duke.edu_3737 4	65765.487000	0.551000	0.029000	0.000000	65766.067000	11607	2112
planetlab2.eecs.umich.edu_planetlab6.cs.duke.edu_10608 3	65786.270000	7.661000	0.149000	0.000000	65794.080000	11751	2048
planetlab2.eecs.umich.edu_planetlab6.cs.duke.edu_10613 3	65808.517000	7.074000	0.080000	0.000000	65815.671000	11776	2048
planetlab2.eecs.umich.edu_planetlab6.cs.duke.edu_10614 3	65809.065000	8.305000	0.061000	0.000000	65817.431000	11780	2048
plab4.eece.ksu.edu_planetlab6.cs.duke.edu_7043 2	60667.858000	5151.320000	0.016000	0.000000	65819.194000	11874	2080
planetlab2.eecs.umich.edu_planetlab6.cs.duke.edu_10616 3	65818.387000	3.073000	0.076000	0.000000	65821.536000	11781	2048
planetlab2.eecs.umich.edu_planetlab6.cs.duke.edu_10618 3	65831.905000	0.902000	0.081000	0.000000	65832.888000	11782	2048
planetlab2.eecs.umich.edu_planetlab6.cs.duke.edu_10622 3	65838.915000	5.837000	0.081000	0.000000	65844.833000	11788	2048
planetlab2.eecs.umich.edu_planetlab6.cs.duke.edu_10624 3	65848.567000	0.599000	0.077000	0.000000	65849.243000	11796	2048
planetlab5.williams.edu_planetlab6.cs.duke.edu_3739 4	65855.063000	0.197000	0.026000	0.000000	65855.286000	11709	2112
planetlab2.eecs.umich.edu_planetlab6.cs.duke.edu_10628 3	65871.543000	3.677000	0.079000	0.000000	65875.299000	11812	2048
planetlab2.eecs.umich.edu_planetlab6.cs.duke.edu_10631 3	65875.272000	2.125000	0.079000	0.000000	65877.476000	11834	2048
planetlab2.eecs.umich.edu_planetlab6.cs.duke.edu_10632 3	65876.430000	2.121000	0.031000	0.000000	65878.582000	11831	2048
planetlab5.williams.edu_planetlab6.cs.duke.edu_3741 4	65882.184000	0.090000	0.023000	0.000000	65882.297000	11720	2112
planetlab2.eecs.umich.edu_planetlab6.cs.duke.edu_10634 3	65887.271000	0.400000	1.360000	0.000000	65889.031000	11844	2048
planetlab2.eecs.umich.edu_planetlab6.cs.duke.edu_10637 3	65898.269000	1.638000	0.077000	0.000000	65899.984000	11855	2048
planetlab2.eecs.umich.edu_planetlab6.cs.duke.edu_10643 3	65934.461000	1.887000	0.076000	0.000000	65936.424000	11908	2048
planetlab1.williams.edu_planetlab6.cs.duke.edu_2878 4	65938.366000	0.030000	0.015000	0.000000	65938.411000	11881	2176
