planetlab2.eecs.umich.edu_plgmu1.ite.gmu.edu_48 3	139.567000	6.381000	0.078000	0.000000	146.026000	8174	2048
planetlab2.eecs.umich.edu_plgmu1.ite.gmu.edu_50 3	159.132000	0.231000	0.059000	0.000000	159.422000	8176	2048
planetlab1.cs.unc.edu_plgmu1.ite.gmu.edu_95 3	551.711000	0.364000	0.031000	0.000000	552.106000	8173	528
planetlab1.eecs.umich.edu_plgmu1.ite.gmu.edu_14 4	571.856000	3.699000	0.056000	0.000000	575.611000	8235	2304
pluto.cs.brown.edu_plgmu1.ite.gmu.edu_27 5	587.100000	0.161000	0.016000	0.000000	587.277000	8229	768
planetlab1.rutgers.edu_plgmu1.ite.gmu.edu_287 4	713.410000	2.836000	0.047000	0.000000	716.293000	8190	512
planetlab2.uta.edu_plgmu1.ite.gmu.edu_4 3	755.354000	0.938000	0.032000	0.000000	756.324000	8207	1664
planetlab1.rutgers.edu_plgmu1.ite.gmu.edu_331 4	828.693000	10.456000	0.067000	0.000000	839.216000	8220	512
planetlab-2.cmcl.cs.cmu.edu_plgmu1.ite.gmu.edu_117 4	882.805000	1.020000	0.050000	0.000000	883.875000	8234	560
aguila2.lsi.upc.edu_plgmu1.ite.gmu.edu_34 3	898.702000	0.099000	0.014000	0.000000	898.815000	8243	576
planet2.cs.rochester.edu_plgmu1.ite.gmu.edu_19 4	1004.661000	0.043000	0.018000	0.000000	1004.722000	8308	672
planetlab1.williams.edu_plgmu1.ite.gmu.edu_78 2	1017.456000	0.423000	0.020000	0.000000	1017.899000	8348	2176
planetlab1.eecs.umich.edu_plgmu1.ite.gmu.edu_40 4	1041.086000	2.834000	0.066000	0.000000	1043.986000	8331	2304
planetlab2.eecs.umich.edu_plgmu1.ite.gmu.edu_218 3	1078.829000	7.862000	0.077000	0.000000	1086.768000	8305	2048
planetlab-2.cs.uh.edu_plgmu1.ite.gmu.edu_32 4	1090.848000	0.364000	0.047000	0.000000	1091.259000	8342	784
aguila2.lsi.upc.edu_plgmu1.ite.gmu.edu_56 3	1002.779000	116.972000	0.016000	0.000000	1119.767000	8262	576
planetlab1.eecs.umich.edu_plgmu1.ite.gmu.edu_58 4	1226.127000	5.366000	0.070000	0.000000	1231.563000	8355	2304
planetlab1.eecs.umich.edu_plgmu1.ite.gmu.edu_62 4	1334.629000	1.926000	0.067000	0.000000	1336.622000	8361	2304
planetlab1.eecs.umich.edu_plgmu1.ite.gmu.edu_64 4	1345.674000	0.612000	0.062000	0.000000	1346.348000	8362	2304
planetlab1.eecs.umich.edu_plgmu1.ite.gmu.edu_66 4	1356.117000	0.860000	0.063000	0.000000	1357.040000	8363	2304
planetlab1.eecs.umich.edu_plgmu1.ite.gmu.edu_68 4	1362.470000	0.484000	0.075000	0.000000	1363.029000	8367	2304
planetlab1.eecs.umich.edu_plgmu1.ite.gmu.edu_72 4	1496.311000	0.591000	0.067000	0.000000	1496.969000	8379	2304
plgmu2.ite.gmu.edu_plgmu1.ite.gmu.edu_45 4	1634.983000	0.697000	0.050000	0.000000	1635.730000	8392	896
planetlab5.williams.edu_plgmu1.ite.gmu.edu_238 2	1782.517000	2.472000	0.016000	0.000000	1785.005000	8438	2112
planetlab1.eecs.umich.edu_plgmu1.ite.gmu.edu_93 4	1888.623000	6.263000	0.030000	0.000000	1894.916000	8427	2304
planetlab5.williams.edu_plgmu1.ite.gmu.edu_293 2	2076.699000	29.736000	0.019000	0.000000	2106.454000	8482	2112
planetlab1.eecs.umich.edu_plgmu1.ite.gmu.edu_106 4	2154.327000	0.822000	0.057000	0.000000	2155.206000	8472	2304
planetlab2.eecs.umich.edu_plgmu1.ite.gmu.edu_442 3	2240.393000	3.212000	0.077000	0.000000	2243.682000	8386	2048
planetlab2.eecs.umich.edu_plgmu1.ite.gmu.edu_472 3	2364.714000	14.315000	0.071000	0.000000	2379.100000	8409	2048
planetlab1.cs.cornell.edu_plgmu1.ite.gmu.edu_226 4	2492.238000	0.079000	0.048000	0.000000	2492.365000	8391	1280
planetlab7.cs.duke.edu_plgmu1.ite.gmu.edu_126 3	2467.912000	0.266000	0.035000	0.000000	2468.213000	8518	2432
planetlab2.eecs.umich.edu_plgmu1.ite.gmu.edu_572 3	2721.322000	346.690000	0.090000	0.000000	3068.102000	8461	2048
planetlab1.eecs.umich.edu_plgmu1.ite.gmu.edu_144 4	3108.515000	5.973000	0.104000	0.000000	3114.592000	8619	2304
planetlab-03.cs.princeton.edu_plgmu1.ite.gmu.edu_732 1	399.617000	2844.962000	0.021000	0.000000	3244.600000	8244	80
planetlabpc1.upf.edu_plgmu1.ite.gmu.edu_146 1	2989.925000	346.308000	0.025000	0.000000	3336.258000	8567	1216
planetlab5.williams.edu_plgmu1.ite.gmu.edu_480 2	3046.639000	295.386000	0.021000	0.000000	3342.046000	8637	2112
planetlab5.williams.edu_plgmu1.ite.gmu.edu_492 2	3106.465000	316.655000	0.021000	0.000000	3423.141000	8648	2112
planetlab2.eecs.umich.edu_plgmu1.ite.gmu.edu_683 3	3111.423000	459.674000	0.594000	0.000000	3571.691000	8497	2048
flow.colgate.edu_plgmu1.ite.gmu.edu_653 1	89.183000	3564.864000	0.026000	0.000000	3654.073000	8171	192
planetlab1.cs.purdue.edu_plgmu1.ite.gmu.edu_261 3	3657.006000	0.060000	0.023000	0.000000	3657.089000	8698	2208
flow.colgate.edu_plgmu1.ite.gmu.edu_683 1	731.492000	2985.835000	0.022000	0.000000	3717.349000	8298	192
planetlab4.csee.usf.edu_plgmu1.ite.gmu.edu_97 3	3784.641000	1.569000	0.016000	0.000000	3786.226000	8713	2624
planetlab1.williams.edu_plgmu1.ite.gmu.edu_419 2	3813.634000	0.047000	0.035000	0.000000	3813.716000	8732	2176
planetlab2.eecs.umich.edu_plgmu1.ite.gmu.edu_747 3	3343.651000	595.377000	0.063000	0.000000	3939.091000	8529	2048
planetlab-1.cse.ohio-state.edu_plgmu1.ite.gmu.edu_184 4	836.723000	3350.631000	0.031000	0.000000	4187.385000	8282	2560
planetlab2.eecs.umich.edu_plgmu1.ite.gmu.edu_782 3	3467.415000	709.301000	0.076000	0.000000	4176.792000	8545	2048
planetlab2.eecs.umich.edu_plgmu1.ite.gmu.edu_818 3	3627.558000	756.432000	0.080000	0.000000	4384.070000	8560	2048
planetlab2.eecs.umich.edu_plgmu1.ite.gmu.edu_820 3	3630.766000	753.306000	0.075000	0.000000	4384.147000	8561	2048
planetlab2.eecs.umich.edu_plgmu1.ite.gmu.edu_828 3	3659.143000	757.257000	0.083000	0.000000	4416.483000	8563	2048
planetlab2.eecs.umich.edu_plgmu1.ite.gmu.edu_840 3	3727.283000	750.212000	0.078000	0.000000	4477.573000	8565	2048
planetlab2.eecs.umich.edu_plgmu1.ite.gmu.edu_845 3	3725.492000	769.888000	0.072000	0.000000	4495.452000	8569	2048
planetlab-1.cse.ohio-state.edu_plgmu1.ite.gmu.edu_190 4	1636.855000	3024.806000	0.029000	0.000000	4661.690000	8368	2560
planetlab2.eecs.umich.edu_plgmu1.ite.gmu.edu_882 3	3886.252000	762.308000	0.077000	0.000000	4648.637000	8594	2048
planetlab-1.cse.ohio-state.edu_plgmu1.ite.gmu.edu_193 4	1820.870000	3026.214000	0.027000	0.000000	4847.111000	8389	2560
planetlab2.eecs.umich.edu_plgmu1.ite.gmu.edu_1069 3	4568.846000	842.198000	0.078000	0.000000	5411.122000	8679	2048
planetlab2.eecs.umich.edu_plgmu1.ite.gmu.edu_1113 3	4790.886000	738.721000	0.112000	0.000000	5529.719000	8689	2048
planetlab-1.cse.ohio-state.edu_plgmu1.ite.gmu.edu_231 4	3038.571000	2733.386000	0.025000	0.000000	5771.982000	8590	2560
planetlab03.cs.washington.edu_plgmu1.ite.gmu.edu_714 3	942.542000	4967.629000	0.043000	0.000000	5910.214000	8188	320
earth.cs.brown.edu_plgmu1.ite.gmu.edu_2736 3	5379.732000	1198.402000	0.025000	0.000000	6578.159000	8289	96
planetlab1.rutgers.edu_plgmu1.ite.gmu.edu_1566 4	4379.417000	2483.188000	0.041000	0.000000	6862.646000	8297	512
planetlab1.rutgers.edu_plgmu1.ite.gmu.edu_1574 4	4392.596000	2478.398000	0.039000	0.000000	6871.033000	8319	512
planetlab1.rutgers.edu_plgmu1.ite.gmu.edu_1577 4	4394.689000	2481.837000	0.036000	0.000000	6876.562000	8323	512
planetlab-1.cse.ohio-state.edu_plgmu1.ite.gmu.edu_261 4	4212.676000	2794.576000	0.053000	0.000000	7007.305000	8742	2560
planetlab2.umassd.edu_plgmu1.ite.gmu.edu_1693 2	3083.537000	4345.408000	0.020000	0.000000	7428.965000	8178	64
planetlab2.cs.columbia.edu_plgmu1.ite.gmu.edu_1246 2	7526.302000	15.016000	0.113000	0.000000	7541.431000	8530	112
earth.cs.brown.edu_plgmu1.ite.gmu.edu_3133 3	6142.132000	1515.464000	0.021000	0.000000	7657.617000	8353	96
flow.colgate.edu_plgmu1.ite.gmu.edu_1195 1	3982.113000	3630.090000	0.021000	0.000000	7612.224000	8746	192
planetlab2.umassd.edu_plgmu1.ite.gmu.edu_1761 2	3277.012000	4557.644000	0.019000	0.000000	7834.675000	8239	64
planetlab1.cs.cornell.edu_plgmu1.ite.gmu.edu_927 4	2995.541000	4845.118000	0.050000	0.000000	7840.709000	8467	1280
flow.colgate.edu_plgmu1.ite.gmu.edu_1263 1	4239.648000	3668.779000	0.033000	0.000000	7908.460000	8778	192
planetlab-03.cs.princeton.edu_plgmu1.ite.gmu.edu_1491 1	3756.655000	4335.947000	0.037000	0.000000	8092.639000	8724	80
planetlab-03.cs.princeton.edu_plgmu1.ite.gmu.edu_1515 1	3887.713000	4304.968000	0.024000	0.000000	8192.705000	8740	80
planetlab-03.cs.princeton.edu_plgmu1.ite.gmu.edu_1539 1	3994.485000	4292.678000	0.109000	0.000000	8287.272000	8752	80
planetlab-03.cs.princeton.edu_plgmu1.ite.gmu.edu_1545 1	4019.096000	4298.753000	0.022000	0.000000	8317.871000	8756	80
planetlab-03.cs.princeton.edu_plgmu1.ite.gmu.edu_1550 1	4035.008000	4292.197000	0.017000	0.000000	8327.222000	8757	80
planetlab-03.cs.princeton.edu_plgmu1.ite.gmu.edu_1552 1	4043.274000	4289.818000	0.026000	0.000000	8333.118000	8758	80
planetlab-03.cs.princeton.edu_plgmu1.ite.gmu.edu_1562 1	4108.469000	4252.793000	0.020000	0.000000	8361.282000	8764	80
earth.cs.brown.edu_plgmu1.ite.gmu.edu_3498 3	6824.913000	1862.377000	0.078000	0.000000	8687.368000	8416	96
earth.cs.brown.edu_plgmu1.ite.gmu.edu_3539 3	6892.407000	1902.502000	0.018000	0.000000	8794.927000	8421	96
earth.cs.brown.edu_plgmu1.ite.gmu.edu_3561 3	6941.772000	1937.054000	0.023000	0.000000	8878.849000	8417	96
earth.cs.brown.edu_plgmu1.ite.gmu.edu_3610 3	7022.244000	1963.575000	0.027000	0.000000	8985.846000	8425	96
earth.cs.brown.edu_plgmu1.ite.gmu.edu_3617 3	7034.319000	1961.591000	0.031000	0.000000	8995.941000	8433	96
planetlab4.wail.wisc.edu_plgmu1.ite.gmu.edu_2024 2	3148.821000	5915.727000	0.023000	0.000000	9064.571000	8186	16
planetlab4.williams.edu_plgmu1.ite.gmu.edu_1329 2	9156.137000	0.291000	0.019000	0.000000	9156.447000	8686	336
planetlab2.netlab.uky.edu_plgmu1.ite.gmu.edu_1691 5	5544.031000	4063.927000	0.034000	0.000000	9607.992000	8345	544
planetlab4.wail.wisc.edu_plgmu1.ite.gmu.edu_2074 2	3238.468000	6479.905000	0.022000	0.000000	9718.395000	8205	16
planetlab4.wail.wisc.edu_plgmu1.ite.gmu.edu_2090 2	3260.563000	6521.280000	0.015000	0.000000	9781.858000	8219	16
planetlab4.wail.wisc.edu_plgmu1.ite.gmu.edu_2112 2	3298.914000	6558.626000	0.018000	0.000000	9857.558000	8231	16
planetlab2.umassd.edu_plgmu1.ite.gmu.edu_2056 2	3783.239000	6366.033000	0.020000	0.000000	10149.292000	8327	64
planetlab4.wail.wisc.edu_plgmu1.ite.gmu.edu_2205 2	3456.150000	6863.181000	0.025000	0.000000	10319.356000	8263	16
planetlab4.wail.wisc.edu_plgmu1.ite.gmu.edu_2354 2	3673.946000	7180.496000	0.021000	0.000000	10854.463000	8291	16
planetlab4.wail.wisc.edu_plgmu1.ite.gmu.edu_2366 2	3721.531000	7201.007000	0.022000	0.000000	10922.560000	8293	16
planetlab4.wail.wisc.edu_plgmu1.ite.gmu.edu_2374 2	3717.440000	7206.051000	0.027000	0.000000	10923.518000	8294	16
planetlab4.wail.wisc.edu_plgmu1.ite.gmu.edu_2376 2	3740.728000	7219.595000	0.029000	0.000000	10960.352000	8295	16
planetlab4.wail.wisc.edu_plgmu1.ite.gmu.edu_2399 2	3752.736000	7275.948000	0.026000	0.000000	11028.710000	8303	16
planetlab4.wail.wisc.edu_plgmu1.ite.gmu.edu_2417 2	3774.131000	7302.591000	0.024000	0.000000	11076.746000	8311	16
planetlab4.wail.wisc.edu_plgmu1.ite.gmu.edu_2462 2	3822.545000	7414.158000	0.033000	0.000000	11236.736000	8325	16
planetlab4.wail.wisc.edu_plgmu1.ite.gmu.edu_2480 2	3853.335000	7462.246000	0.028000	0.000000	11315.609000	8329	16
planetlab4.wail.wisc.edu_plgmu1.ite.gmu.edu_2482 2	3854.253000	7474.545000	0.019000	0.000000	11328.817000	8332	16
planetlab4.wail.wisc.edu_plgmu1.ite.gmu.edu_2490 2	3861.844000	7497.284000	0.037000	0.000000	11359.165000	8333	16
earth.cs.brown.edu_plgmu1.ite.gmu.edu_4516 3	8693.331000	2744.684000	0.021000	0.000000	11438.036000	8385	96
planetlab4.wail.wisc.edu_plgmu1.ite.gmu.edu_2503 2	3871.662000	7574.537000	0.017000	0.000000	11446.216000	8335	16
planetlab2.cs.cornell.edu_plgmu1.ite.gmu.edu_2115 2	8805.063000	2938.784000	0.035000	0.000000	11743.882000	8624	448
planetlab4.wail.wisc.edu_plgmu1.ite.gmu.edu_2567 2	3963.150000	7966.138000	0.027000	0.000000	11929.315000	8349	16
planetlab4.wail.wisc.edu_plgmu1.ite.gmu.edu_2650 2	4098.122000	8206.605000	0.030000	0.000000	12304.757000	8365	16
planetlab4.wail.wisc.edu_plgmu1.ite.gmu.edu_2669 2	4140.075000	8235.057000	0.035000	0.000000	12375.167000	8371	16
planetlab4.rutgers.edu_plgmu1.ite.gmu.edu_3924 3	11337.057000	1126.826000	0.016000	0.000000	12463.899000	8168	1024
planetlab4.rutgers.edu_plgmu1.ite.gmu.edu_3934 3	11352.047000	1129.912000	0.023000	0.000000	12481.982000	8167	1024
planetlab4.rutgers.edu_plgmu1.ite.gmu.edu_3939 3	11354.220000	1133.475000	0.028000	0.000000	12487.723000	8179	1024
planetlab4.wail.wisc.edu_plgmu1.ite.gmu.edu_2703 2	4177.716000	8303.556000	0.030000	0.000000	12481.302000	8376	16
planetlab4.rutgers.edu_plgmu1.ite.gmu.edu_3959 3	11376.008000	1169.943000	0.022000	0.000000	12545.973000	8181	1024
planetlab4.rutgers.edu_plgmu1.ite.gmu.edu_3965 3	11384.482000	1180.869000	0.025000	0.000000	12565.376000	8182	1024
planetlab4.rutgers.edu_plgmu1.ite.gmu.edu_3979 3	11404.964000	1175.577000	0.029000	0.000000	12580.570000	8183	1024
planetlab4.rutgers.edu_plgmu1.ite.gmu.edu_3991 3	11412.556000	1191.875000	0.029000	0.000000	12604.460000	8191	1024
planetlab03.cs.washington.edu_plgmu1.ite.gmu.edu_1497 3	5400.014000	7226.138000	0.033000	0.000000	12626.185000	8221	320
earth.cs.brown.edu_plgmu1.ite.gmu.edu_4909 3	9264.825000	3350.350000	0.054000	0.000000	12615.229000	8673	96
planetlab4.rutgers.edu_plgmu1.ite.gmu.edu_4047 3	11520.704000	1184.294000	0.026000	0.000000	12705.024000	8227	1024
earth.cs.brown.edu_plgmu1.ite.gmu.edu_4923 3	9322.855000	3383.725000	0.023000	0.000000	12706.603000	8419	96
planetlab4.rutgers.edu_plgmu1.ite.gmu.edu_4066 3	11553.515000	1184.591000	0.020000	0.000000	12738.126000	8245	1024
planetlab2.eecs.umich.edu_plgmu1.ite.gmu.edu_2391 3	8183.407000	4545.325000	0.077000	0.000000	12728.809000	8753	2048
planetlab4.rutgers.edu_plgmu1.ite.gmu.edu_4111 3	11614.872000	1179.990000	0.020000	0.000000	12794.882000	8278	1024
planetlab4.wail.wisc.edu_plgmu1.ite.gmu.edu_2825 2	4450.488000	8458.872000	0.034000	0.000000	12909.394000	8397	16
planetlab4.wail.wisc.edu_plgmu1.ite.gmu.edu_2876 2	4675.221000	8409.147000	0.023000	0.000000	13084.391000	8408	16
planetlab4.rutgers.edu_plgmu1.ite.gmu.edu_4253 3	11898.785000	1317.458000	0.017000	0.000000	13216.260000	8341	1024
planetlab03.cs.washington.edu_plgmu1.ite.gmu.edu_1585 3	5583.138000	7693.178000	0.036000	0.000000	13276.352000	8269	320
planetlab03.cs.washington.edu_plgmu1.ite.gmu.edu_1615 3	5663.867000	7788.583000	0.043000	0.000000	13452.493000	8277	320
planetlab03.cs.washington.edu_plgmu1.ite.gmu.edu_1617 3	5664.933000	7791.025000	0.069000	0.000000	13456.027000	8281	320
planetlab03.cs.washington.edu_plgmu1.ite.gmu.edu_1620 3	5666.979000	7792.454000	0.025000	0.000000	13459.458000	8284	320
planetlab03.cs.washington.edu_plgmu1.ite.gmu.edu_1623 3	5678.082000	7798.087000	0.045000	0.000000	13476.214000	8285	320
planetlab4.wail.wisc.edu_plgmu1.ite.gmu.edu_2950 2	5207.624000	8468.027000	0.035000	0.000000	13675.686000	8423	16
planetlab4.wail.wisc.edu_plgmu1.ite.gmu.edu_2960 2	5304.461000	8425.304000	0.055000	0.000000	13729.820000	8424	16
planetlab4.wail.wisc.edu_plgmu1.ite.gmu.edu_2966 2	5341.681000	8410.402000	0.040000	0.000000	13752.123000	8432	16
planetlab4.wail.wisc.edu_plgmu1.ite.gmu.edu_2990 2	5460.366000	8379.574000	0.026000	0.000000	13839.966000	8441	16
planetlab4.wail.wisc.edu_plgmu1.ite.gmu.edu_2992 2	5461.837000	8384.126000	0.088000	0.000000	13846.051000	8440	16
planetlab4.wail.wisc.edu_plgmu1.ite.gmu.edu_3005 2	5505.008000	8373.099000	0.020000	0.000000	13878.127000	8442	16
planetlab4.wail.wisc.edu_plgmu1.ite.gmu.edu_3013 2	5549.192000	8348.836000	0.047000	0.000000	13898.075000	8444	16
planetlab2.umassd.edu_plgmu1.ite.gmu.edu_2716 2	5656.178000	8708.277000	0.031000	0.000000	14364.486000	8455	64
planetlab2.umassd.edu_plgmu1.ite.gmu.edu_2744 2	5737.956000	8757.474000	0.020000	0.000000	14495.450000	8465	64
planetlab2.eecs.umich.edu_plgmu1.ite.gmu.edu_2756 3	10044.211000	4485.486000	0.386000	0.000000	14530.083000	8762	2048
planetlab2.eecs.umich.edu_plgmu1.ite.gmu.edu_2763 3	10077.941000	4480.605000	0.074000	0.000000	14558.620000	8770	2048
planetlab4.wail.wisc.edu_plgmu1.ite.gmu.edu_3220 2	6268.314000	8360.493000	0.037000	0.000000	14628.844000	8499	16
plonk.cs.uwaterloo.ca_plgmu1.ite.gmu.edu_1368 6	11512.897000	3159.814000	0.020000	0.000000	14672.731000	8771	800
node2.planetlab.albany.edu_plgmu1.ite.gmu.edu_974 5	14868.153000	0.303000	0.030000	0.000000	14868.486000	8760	1792
planetlab4.wail.wisc.edu_plgmu1.ite.gmu.edu_3483 2	7051.046000	8621.668000	0.026000	0.000000	15672.740000	8551	16
planetlab4.rutgers.edu_plgmu1.ite.gmu.edu_5160 3	14351.880000	1500.791000	0.030000	0.000000	15852.701000	8357	1024
planetlab4.wail.wisc.edu_plgmu1.ite.gmu.edu_3586 2	7384.431000	8664.280000	1.626000	0.000000	16050.337000	8589	16
planetlab4.wail.wisc.edu_plgmu1.ite.gmu.edu_3592 2	7389.823000	8668.370000	1.449000	0.000000	16059.642000	8595	16
planetlab4.wail.wisc.edu_plgmu1.ite.gmu.edu_3615 2	7507.248000	8623.091000	0.039000	0.000000	16130.378000	8611	16
planetlab4.wail.wisc.edu_plgmu1.ite.gmu.edu_3634 2	7578.917000	8612.897000	0.036000	0.000000	16191.850000	8625	16
planetlab4.wail.wisc.edu_plgmu1.ite.gmu.edu_3639 2	7594.683000	8600.315000	0.023000	0.000000	16195.021000	8626	16
planetlab4.wail.wisc.edu_plgmu1.ite.gmu.edu_3641 2	7606.155000	8593.904000	0.027000	0.000000	16200.086000	8627	16
planetlab1.cs.unc.edu_plgmu1.ite.gmu.edu_2504 3	16190.527000	42.254000	0.038000	0.000000	16232.819000	8524	528
planetlab4.wail.wisc.edu_plgmu1.ite.gmu.edu_3649 2	7637.596000	8583.996000	0.028000	0.000000	16221.620000	8631	16
planetlab4.wail.wisc.edu_plgmu1.ite.gmu.edu_3657 2	7670.027000	8573.146000	0.020000	0.000000	16243.193000	8635	16
planetlab2.umassd.edu_plgmu1.ite.gmu.edu_3156 2	6985.798000	9349.586000	0.068000	0.000000	16335.452000	8548	64
planetlab4.wail.wisc.edu_plgmu1.ite.gmu.edu_3778 2	7998.333000	8609.659000	0.057000	0.000000	16608.049000	8691	16
pluto.cs.brown.edu_plgmu1.ite.gmu.edu_2060 5	9988.674000	6683.394000	0.024000	0.000000	16672.092000	8453	768
pluto.cs.brown.edu_plgmu1.ite.gmu.edu_2062 5	9975.442000	6685.145000	0.016000	0.000000	16660.603000	8481	768
pluto.cs.brown.edu_plgmu1.ite.gmu.edu_2065 5	9993.502000	6674.678000	0.029000	0.000000	16668.209000	8501	768
planetlab4.wail.wisc.edu_plgmu1.ite.gmu.edu_3788 2	8015.734000	8633.821000	0.020000	0.000000	16649.575000	8696	16
pluto.cs.brown.edu_plgmu1.ite.gmu.edu_2067 5	9990.790000	6674.422000	0.021000	0.000000	16665.233000	8549	768
pluto.cs.brown.edu_plgmu1.ite.gmu.edu_2069 5	10013.269000	6659.193000	0.023000	0.000000	16672.485000	8485	768
pluto.cs.brown.edu_plgmu1.ite.gmu.edu_2071 5	10012.791000	6667.991000	0.020000	0.000000	16680.802000	8493	768
pluto.cs.brown.edu_plgmu1.ite.gmu.edu_2073 5	10027.221000	6655.484000	0.024000	0.000000	16682.729000	8487	768
planetlab4.rutgers.edu_plgmu1.ite.gmu.edu_5439 3	15107.490000	1605.890000	0.023000	0.000000	16713.403000	8369	1024
pluto.cs.brown.edu_plgmu1.ite.gmu.edu_2075 5	10026.646000	6656.425000	0.014000	0.000000	16683.085000	8484	768
pluto.cs.brown.edu_plgmu1.ite.gmu.edu_2077 5	10014.460000	6658.904000	0.020000	0.000000	16673.384000	8613	768
planetlab4.wail.wisc.edu_plgmu1.ite.gmu.edu_3825 2	8100.721000	8642.263000	0.054000	0.000000	16743.038000	8715	16
planetlab4.wail.wisc.edu_plgmu1.ite.gmu.edu_3828 2	8162.316000	8638.847000	0.031000	0.000000	16801.194000	8312	16
planetlab4.rutgers.edu_plgmu1.ite.gmu.edu_5474 3	15293.898000	1505.617000	0.028000	0.000000	16799.543000	8372	1024
planetlab2.umassd.edu_plgmu1.ite.gmu.edu_3266 2	7269.828000	9500.094000	0.025000	0.000000	16769.947000	8581	64
planetlab2.umassd.edu_plgmu1.ite.gmu.edu_3271 2	7280.707000	9493.353000	0.023000	0.000000	16774.083000	8582	64
planetlab2.umassd.edu_plgmu1.ite.gmu.edu_3274 2	7283.720000	9497.212000	0.029000	0.000000	16780.961000	8583	64
vn4.cse.wustl.edu_plgmu1.ite.gmu.edu_1955 3	8994.322000	7784.498000	0.037000	0.000000	16778.857000	8641	272
planetlab4.wail.wisc.edu_plgmu1.ite.gmu.edu_3861 2	8173.075000	8640.924000	0.019000	0.000000	16814.018000	8723	16
planetlab4.wail.wisc.edu_plgmu1.ite.gmu.edu_3871 2	8185.805000	8631.166000	0.038000	0.000000	16817.009000	8729	16
planetlab4.wail.wisc.edu_plgmu1.ite.gmu.edu_3872 2	8189.256000	8631.598000	0.016000	0.000000	16820.870000	8731	16
planetlab4.wail.wisc.edu_plgmu1.ite.gmu.edu_3873 2	8186.552000	8644.936000	0.018000	0.000000	16831.506000	8730	16
planetlab1.cs.unc.edu_plgmu1.ite.gmu.edu_2591 3	16842.713000	0.552000	0.027000	0.000000	16843.292000	8780	528
planetlab4.rutgers.edu_plgmu1.ite.gmu.edu_5495 3	15346.850000	1554.244000	0.024000	0.000000	16901.118000	8373	1024
planetlab4.wail.wisc.edu_plgmu1.ite.gmu.edu_3881 2	8208.411000	8648.087000	0.049000	0.000000	16856.547000	8735	16
planetlab2.umassd.edu_plgmu1.ite.gmu.edu_3306 2	7338.314000	9535.625000	0.019000	0.000000	16873.958000	8591	64
planetlab4.rutgers.edu_plgmu1.ite.gmu.edu_5524 3	15402.310000	1563.188000	0.029000	0.000000	16965.527000	8375	1024
planetlab2.umassd.edu_plgmu1.ite.gmu.edu_3323 2	7382.863000	9574.045000	0.019000	0.000000	16956.927000	8599	64
planetlab4.wail.wisc.edu_plgmu1.ite.gmu.edu_3971 2	8430.183000	8614.520000	0.044000	0.000000	17044.747000	8763	16
planetlab2.umassd.edu_plgmu1.ite.gmu.edu_3375 2	7460.372000	9718.572000	0.017000	0.000000	17178.961000	8615	64
planetlab2.umassd.edu_plgmu1.ite.gmu.edu_3384 2	7481.563000	9719.232000	0.023000	0.000000	17200.818000	8579	64
planetlab2.umassd.edu_plgmu1.ite.gmu.edu_3469 2	7688.318000	9853.814000	0.053000	0.000000	17542.185000	8647	64
planetlab2.umassd.edu_plgmu1.ite.gmu.edu_3590 2	7995.002000	10064.536000	0.057000	0.000000	18059.595000	8699	64
planetlab2.acis.ufl.edu_plgmu1.ite.gmu.edu_3764 4	13057.879000	5137.556000	0.030000	0.000000	18195.465000	8315	1056
planetlab2.umassd.edu_plgmu1.ite.gmu.edu_3698 2	8268.023000	10318.570000	0.037000	0.000000	18586.630000	8711	64
planetlab2.umassd.edu_plgmu1.ite.gmu.edu_3806 2	8702.901000	10427.203000	0.021000	0.000000	19130.125000	8787	64
planetlab6.cs.duke.edu_plgmu1.ite.gmu.edu_4274 5	16300.151000	3520.342000	0.053000	0.000000	19820.546000	8380	288
planetlab6.cs.duke.edu_plgmu1.ite.gmu.edu_4356 5	16475.455000	3611.547000	0.025000	0.000000	20087.027000	8552	288
planetlab6.cs.duke.edu_plgmu1.ite.gmu.edu_4386 5	16563.813000	3585.337000	0.029000	0.000000	20149.179000	8578	288
planetlab6.cs.duke.edu_plgmu1.ite.gmu.edu_4515 5	17170.595000	3312.728000	0.036000	0.000000	20483.359000	8695	288
planetlab2.netlab.uky.edu_plgmu1.ite.gmu.edu_4564 5	16155.785000	4592.904000	0.032000	0.000000	20748.721000	8473	544
planetlab2.netlab.uky.edu_plgmu1.ite.gmu.edu_4625 5	16379.293000	4500.486000	0.034000	0.000000	20879.813000	8593	544
planetlab2.netlab.uky.edu_plgmu1.ite.gmu.edu_4630 5	16391.179000	4498.850000	0.025000	0.000000	20890.054000	8585	544
planetlab2.netlab.uky.edu_plgmu1.ite.gmu.edu_4642 5	16405.686000	4516.920000	0.029000	0.000000	20922.635000	8601	544
plab4.eece.ksu.edu_plgmu1.ite.gmu.edu_2461 4	432.225000	20560.505000	0.017000	0.000000	20992.747000	8199	2080
planetlab2.netlab.uky.edu_plgmu1.ite.gmu.edu_4648 5	16411.293000	4535.162000	0.023000	0.000000	20946.478000	8600	544
plab4.eece.ksu.edu_plgmu1.ite.gmu.edu_2462 4	463.942000	20543.896000	0.011000	0.000000	21007.849000	8211	2080
planetlab2.netlab.uky.edu_plgmu1.ite.gmu.edu_4653 5	16416.643000	4534.142000	0.022000	0.000000	20950.807000	8603	544
plab4.eece.ksu.edu_plgmu1.ite.gmu.edu_2463 4	469.072000	20555.322000	0.015000	0.000000	21024.409000	8213	2080
plab4.eece.ksu.edu_plgmu1.ite.gmu.edu_2465 4	473.550000	20564.996000	0.015000	0.000000	21038.561000	8214	2080
plab4.eece.ksu.edu_plgmu1.ite.gmu.edu_2466 4	474.634000	20564.871000	0.014000	0.000000	21039.519000	8215	2080
planetlab2.netlab.uky.edu_plgmu1.ite.gmu.edu_4663 5	16440.659000	4543.442000	0.029000	0.000000	20984.130000	8605	544
plab4.eece.ksu.edu_plgmu1.ite.gmu.edu_2467 4	504.470000	20549.931000	0.015000	0.000000	21054.416000	8223	2080
planetlab2.netlab.uky.edu_plgmu1.ite.gmu.edu_4682 5	16509.417000	4523.788000	0.022000	0.000000	21033.227000	8633	544
planetlab2.netlab.uky.edu_plgmu1.ite.gmu.edu_4701 5	16569.516000	4523.298000	0.031000	0.000000	21092.845000	8665	544
plab4.eece.ksu.edu_plgmu1.ite.gmu.edu_2474 4	686.289000	20670.377000	0.014000	0.000000	21356.680000	8247	2080
planetlab1.cs.cornell.edu_plgmu1.ite.gmu.edu_2271 4	21966.232000	0.075000	0.055000	0.000000	21966.362000	8588	1280
planetlab1.cs.cornell.edu_plgmu1.ite.gmu.edu_2289 4	22146.203000	0.077000	0.048000	0.000000	22146.328000	8697	1280
planetlab03.cs.washington.edu_plgmu1.ite.gmu.edu_2499 3	8362.544000	16035.749000	0.027000	0.000000	24398.320000	8287	320
planetlab03.cs.washington.edu_plgmu1.ite.gmu.edu_2532 3	8472.522000	16217.337000	0.025000	0.000000	24689.884000	8317	320
plab4.eece.ksu.edu_plgmu1.ite.gmu.edu_2483 4	948.927000	23773.694000	0.013000	0.000000	24722.634000	8279	2080
planetlab1.rutgers.edu_plgmu1.ite.gmu.edu_5232 4	13640.501000	11103.101000	0.051000	0.000000	24743.653000	8383	512
planetlab1.rutgers.edu_plgmu1.ite.gmu.edu_5270 4	13773.107000	11061.511000	0.060000	0.000000	24834.678000	8415	512
planetlab03.cs.washington.edu_plgmu1.ite.gmu.edu_2553 3	8512.195000	16331.623000	0.043000	0.000000	24843.861000	8413	320
planetlab03.cs.washington.edu_plgmu1.ite.gmu.edu_2603 3	8586.896000	16517.477000	0.032000	0.000000	25104.405000	8541	320
planetlab2.eecs.umich.edu_plgmu1.ite.gmu.edu_4073 3	18626.235000	6954.625000	0.078000	0.000000	25580.938000	8783	2048
roam2.cs.ou.edu_plgmu1.ite.gmu.edu_4894 3	15953.394000	9978.517000	0.045000	0.000000	25931.956000	8573	48
planetlab1.cs.uoregon.edu_plgmu1.ite.gmu.edu_3163 4	7597.898000	18595.753000	0.036000	0.000000	26193.687000	8175	256
plab4.eece.ksu.edu_plgmu1.ite.gmu.edu_2509 4	1598.032000	24971.953000	0.020000	0.000000	26570.005000	8343	2080
planetlab1.rutgers.edu_plgmu1.ite.gmu.edu_5896 4	15961.812000	10904.505000	0.053000	0.000000	26866.370000	8431	512
planetlab1.rutgers.edu_plgmu1.ite.gmu.edu_5899 4	15961.142000	10917.490000	0.045000	0.000000	26878.677000	8443	512
planetlab1.rutgers.edu_plgmu1.ite.gmu.edu_5901 4	15967.938000	10911.193000	0.067000	0.000000	26879.198000	8439	512
planetlab1.rutgers.edu_plgmu1.ite.gmu.edu_5906 4	15976.940000	10907.703000	0.056000	0.000000	26884.699000	8445	512
planetlab1.rutgers.edu_plgmu1.ite.gmu.edu_5917 4	15995.304000	10902.237000	0.057000	0.000000	26897.598000	8446	512
planetlab1.rutgers.edu_plgmu1.ite.gmu.edu_5952 4	16075.606000	10879.579000	0.061000	0.000000	26955.246000	8447	512
planetlab1.rutgers.edu_plgmu1.ite.gmu.edu_6016 4	16300.686000	10831.691000	0.343000	0.000000	27132.720000	8535	512
planetlab2.eecs.umich.edu_plgmu1.ite.gmu.edu_4377 3	19549.295000	7675.819000	0.077000	0.000000	27225.191000	8785	2048
planetlab-01.bu.edu_plgmu1.ite.gmu.edu_3252 3	27354.965000	0.099000	0.025000	0.000000	27355.089000	8466	640
planetlab-01.bu.edu_plgmu1.ite.gmu.edu_3256 3	27412.422000	0.132000	0.025000	0.000000	27412.579000	8722	640
planetlab1.rutgers.edu_plgmu1.ite.gmu.edu_6143 4	16641.568000	10854.741000	0.061000	0.000000	27496.370000	8703	512
planetlab1.rutgers.edu_plgmu1.ite.gmu.edu_6195 4	16735.717000	10856.040000	0.053000	0.000000	27591.810000	8725	512
planetlab1.rutgers.edu_plgmu1.ite.gmu.edu_6213 4	16769.536000	10845.190000	0.070000	0.000000	27614.796000	8767	512
plab4.eece.ksu.edu_plgmu1.ite.gmu.edu_2537 4	3225.672000	27380.961000	0.017000	0.000000	30606.650000	8471	2080
planetlab1.cs.pitt.edu_plgmu1.ite.gmu.edu_3965 3	33469.668000	1.886000	0.021000	0.000000	33471.575000	8607	384
planetlab1.cs.pitt.edu_plgmu1.ite.gmu.edu_3979 3	33567.902000	1.030000	0.026000	0.000000	33568.958000	8759	384
pl2.eecs.utk.edu_plgmu1.ite.gmu.edu_6927 2	25423.190000	8437.287000	0.032000	0.000000	33860.509000	8460	224
node1.planetlab.albany.edu_plgmu1.ite.gmu.edu_10861 4	19225.230000	16844.642000	0.025000	0.000000	36069.897000	8169	32
node1.planetlab.albany.edu_plgmu1.ite.gmu.edu_10876 4	19279.662000	16832.067000	0.026000	0.000000	36111.755000	8177	32
node1.planetlab.albany.edu_plgmu1.ite.gmu.edu_10897 4	19314.991000	16853.207000	0.017000	0.000000	36168.215000	8184	32
node1.planetlab.albany.edu_plgmu1.ite.gmu.edu_10919 4	19370.272000	16849.731000	0.029000	0.000000	36220.032000	8185	32
node1.planetlab.albany.edu_plgmu1.ite.gmu.edu_10955 4	19439.737000	16873.412000	0.022000	0.000000	36313.171000	8187	32
node1.planetlab.albany.edu_plgmu1.ite.gmu.edu_11048 4	19670.606000	16983.560000	0.027000	0.000000	36654.193000	8189	32
node1.planetlab.albany.edu_plgmu1.ite.gmu.edu_11089 4	20085.435000	16703.743000	0.020000	0.000000	36789.198000	8237	32
plab4.eece.ksu.edu_plgmu1.ite.gmu.edu_2578 4	4872.245000	32185.261000	0.015000	0.000000	37057.521000	8612	2080
node1.planetlab.albany.edu_plgmu1.ite.gmu.edu_11233 4	20468.050000	16722.496000	0.023000	0.000000	37190.569000	8270	32
node1.planetlab.albany.edu_plgmu1.ite.gmu.edu_11300 4	20620.323000	16715.356000	0.021000	0.000000	37335.700000	8280	32
aguila2.lsi.upc.edu_plgmu1.ite.gmu.edu_2002 3	13581.232000	23917.817000	0.008000	0.000000	37499.057000	8364	576
node1.planetlab.albany.edu_plgmu1.ite.gmu.edu_11513 4	21204.179000	16670.471000	0.024000	0.000000	37874.674000	8334	32
pl1.rcc.uottawa.ca_plgmu1.ite.gmu.edu_9677 3	8986.475000	29095.033000	0.029000	0.000000	38081.537000	8170	0
node1.planetlab.albany.edu_plgmu1.ite.gmu.edu_11829 4	22031.522000	16757.947000	0.027000	0.000000	38789.496000	8370	32
node1.planetlab.albany.edu_plgmu1.ite.gmu.edu_12150 4	22523.628000	17148.895000	0.024000	0.000000	39672.547000	8390	32
node1.planetlab.albany.edu_plgmu1.ite.gmu.edu_12173 4	22544.213000	17203.215000	0.024000	0.000000	39747.452000	8394	32
node1.planetlab.albany.edu_plgmu1.ite.gmu.edu_12185 4	22562.735000	17211.214000	0.037000	0.000000	39773.986000	8396	32
node1.planetlab.albany.edu_plgmu1.ite.gmu.edu_12245 4	22649.052000	17267.567000	0.027000	0.000000	39916.646000	8398	32
node1.planetlab.albany.edu_plgmu1.ite.gmu.edu_12247 4	22651.554000	17270.846000	0.025000	0.000000	39922.425000	8399	32
node1.planetlab.albany.edu_plgmu1.ite.gmu.edu_12399 4	22901.802000	17481.851000	0.034000	0.000000	40383.687000	8414	32
node1.planetlab.albany.edu_plgmu1.ite.gmu.edu_12784 4	23387.066000	17936.094000	0.020000	0.000000	41323.180000	8430	32
planetlab1.cs.uoregon.edu_plgmu1.ite.gmu.edu_5087 4	12241.594000	29849.185000	0.041000	0.000000	42090.820000	8206	256
planetlab1.cs.uoregon.edu_plgmu1.ite.gmu.edu_5121 4	12340.531000	29979.772000	0.036000	0.000000	42320.339000	8242	256
pl1.rcc.uottawa.ca_plgmu1.ite.gmu.edu_10127 3	9564.494000	32812.395000	0.031000	0.000000	42376.920000	8192	0
pl1.rcc.uottawa.ca_plgmu1.ite.gmu.edu_10132 3	9566.058000	32839.392000	0.016000	0.000000	42405.466000	8193	0
pl1.rcc.uottawa.ca_plgmu1.ite.gmu.edu_10142 3	9585.202000	32876.373000	0.026000	0.000000	42461.601000	8194	0
planetlab1.cs.uoregon.edu_plgmu1.ite.gmu.edu_5143 4	12374.010000	30108.175000	0.040000	0.000000	42482.225000	8274	256
pl1.rcc.uottawa.ca_plgmu1.ite.gmu.edu_10151 3	9590.423000	32920.401000	0.018000	0.000000	42510.842000	8195	0
pl1.rcc.uottawa.ca_plgmu1.ite.gmu.edu_10168 3	9609.694000	32954.994000	0.046000	0.000000	42564.734000	8196	0
pl1.rcc.uottawa.ca_plgmu1.ite.gmu.edu_10235 3	9691.098000	33201.537000	0.022000	0.000000	42892.657000	8197	0
pl1.rcc.uottawa.ca_plgmu1.ite.gmu.edu_10245 3	9696.969000	33261.075000	0.028000	0.000000	42958.072000	8198	0
pl1.rcc.uottawa.ca_plgmu1.ite.gmu.edu_10266 3	9726.069000	33349.674000	0.032000	0.000000	43075.775000	8202	0
pl1.rcc.uottawa.ca_plgmu1.ite.gmu.edu_10275 3	9730.001000	33363.908000	0.015000	0.000000	43093.924000	8200	0
pl1.rcc.uottawa.ca_plgmu1.ite.gmu.edu_10278 3	9731.390000	33391.499000	0.019000	0.000000	43122.908000	8201	0
pl1.rcc.uottawa.ca_plgmu1.ite.gmu.edu_10298 3	9744.354000	33509.753000	0.022000	0.000000	43254.129000	8203	0
pl1.rcc.uottawa.ca_plgmu1.ite.gmu.edu_10300 3	9746.611000	33517.101000	0.051000	0.000000	43263.763000	8204	0
pl1.rcc.uottawa.ca_plgmu1.ite.gmu.edu_10320 3	9764.909000	33650.549000	0.026000	0.000000	43415.484000	8209	0
pl1.rcc.uottawa.ca_plgmu1.ite.gmu.edu_10351 3	9798.988000	33853.746000	0.024000	0.000000	43652.758000	8208	0
pl1.rcc.uottawa.ca_plgmu1.ite.gmu.edu_10353 3	9798.161000	33858.608000	0.022000	0.000000	43656.791000	8212	0
pl1.rcc.uottawa.ca_plgmu1.ite.gmu.edu_10364 3	9812.132000	33916.283000	0.041000	0.000000	43728.456000	8210	0
pl1.rcc.uottawa.ca_plgmu1.ite.gmu.edu_10375 3	9820.681000	33977.022000	0.021000	0.000000	43797.724000	8216	0
pl1.rcc.uottawa.ca_plgmu1.ite.gmu.edu_10409 3	9848.506000	34113.787000	0.022000	0.000000	43962.315000	8224	0
pl1.rcc.uottawa.ca_plgmu1.ite.gmu.edu_10411 3	9850.043000	34115.147000	0.016000	0.000000	43965.206000	8222	0
pl1.rcc.uottawa.ca_plgmu1.ite.gmu.edu_10442 3	9891.724000	34250.169000	0.056000	0.000000	44141.949000	8225	0
pl1.rcc.uottawa.ca_plgmu1.ite.gmu.edu_10447 3	9895.060000	34274.177000	0.027000	0.000000	44169.264000	8228	0
pl1.rcc.uottawa.ca_plgmu1.ite.gmu.edu_10457 3	9912.333000	34306.933000	0.026000	0.000000	44219.292000	8226	0
pl1.rcc.uottawa.ca_plgmu1.ite.gmu.edu_10462 3	9915.100000	34334.733000	0.057000	0.000000	44249.890000	8232	0
pl1.rcc.uottawa.ca_plgmu1.ite.gmu.edu_10516 3	9966.435000	34704.321000	0.027000	0.000000	44670.783000	8238	0
pl1.rcc.uottawa.ca_plgmu1.ite.gmu.edu_10548 3	9989.919000	34878.217000	0.026000	0.000000	44868.162000	8240	0
aguila2.lsi.upc.edu_plgmu1.ite.gmu.edu_2491 3	16207.612000	28625.789000	0.016000	0.000000	44833.417000	8568	576
node1.planetlab.albany.edu_plgmu1.ite.gmu.edu_13949 4	25568.884000	19413.742000	0.027000	0.000000	44982.653000	8550	32
pl1.rcc.uottawa.ca_plgmu1.ite.gmu.edu_10599 3	10027.072000	35128.463000	0.019000	0.000000	45155.554000	8246	0
pl1.rcc.uottawa.ca_plgmu1.ite.gmu.edu_10689 3	10117.451000	35710.465000	0.022000	0.000000	45827.938000	8250	0
node1.planetlab.albany.edu_plgmu1.ite.gmu.edu_14269 4	26275.142000	19672.390000	0.022000	0.000000	45947.554000	8654	32
pl1.rcc.uottawa.ca_plgmu1.ite.gmu.edu_10731 3	10159.846000	35999.668000	0.032000	0.000000	46159.546000	8252	0
pl1.rcc.uottawa.ca_plgmu1.ite.gmu.edu_10745 3	10182.225000	36080.532000	0.033000	0.000000	46262.790000	8254	0
node1.planetlab.albany.edu_plgmu1.ite.gmu.edu_14408 4	26523.296000	19822.486000	0.025000	0.000000	46345.807000	8717	32
node1.planetlab.albany.edu_plgmu1.ite.gmu.edu_14472 4	26593.903000	19973.380000	0.023000	0.000000	46567.306000	8728	32
node1.planetlab.albany.edu_plgmu1.ite.gmu.edu_14517 4	26655.726000	20015.320000	0.032000	0.000000	46671.078000	8741	32
node1.planetlab.albany.edu_plgmu1.ite.gmu.edu_14524 4	26663.864000	20026.973000	0.026000	0.000000	46690.863000	8745	32
pl1.rcc.uottawa.ca_plgmu1.ite.gmu.edu_10805 3	10229.697000	36575.799000	0.031000	0.000000	46805.527000	8255	0
node1.planetlab.albany.edu_plgmu1.ite.gmu.edu_14545 4	26696.398000	20058.416000	0.024000	0.000000	46754.838000	8748	32
node1.planetlab.albany.edu_plgmu1.ite.gmu.edu_14550 4	26701.973000	20054.092000	0.026000	0.000000	46756.091000	8749	32
node1.planetlab.albany.edu_plgmu1.ite.gmu.edu_14555 4	26704.951000	20062.121000	0.022000	0.000000	46767.094000	8751	32
node1.planetlab.albany.edu_plgmu1.ite.gmu.edu_14581 4	26732.850000	20098.270000	0.021000	0.000000	46831.141000	8754	32
pl1.rcc.uottawa.ca_plgmu1.ite.gmu.edu_10820 3	10250.459000	36718.961000	0.025000	0.000000	46969.445000	8256	0
pl1.rcc.uottawa.ca_plgmu1.ite.gmu.edu_10822 3	10249.704000	36717.405000	0.017000	0.000000	46967.126000	8257	0
node1.planetlab.albany.edu_plgmu1.ite.gmu.edu_14615 4	26775.523000	20134.175000	0.028000	0.000000	46909.726000	8765	32
node1.planetlab.albany.edu_plgmu1.ite.gmu.edu_14630 4	26788.404000	20152.941000	0.026000	0.000000	46941.371000	8776	32
pl1.rcc.uottawa.ca_plgmu1.ite.gmu.edu_10841 3	10267.933000	36843.612000	0.033000	0.000000	47111.578000	8258	0
node1.planetlab.albany.edu_plgmu1.ite.gmu.edu_14773 4	26988.140000	20317.762000	0.024000	0.000000	47305.926000	8784	32
pl1.rcc.uottawa.ca_plgmu1.ite.gmu.edu_10896 3	10316.709000	37071.214000	0.040000	0.000000	47387.963000	8259	0
pl1.rcc.uottawa.ca_plgmu1.ite.gmu.edu_10912 3	10331.484000	37145.123000	0.021000	0.000000	47476.628000	8260	0
pl1.rcc.uottawa.ca_plgmu1.ite.gmu.edu_10919 3	10336.888000	37169.303000	0.026000	0.000000	47506.217000	8264	0
pl1.rcc.uottawa.ca_plgmu1.ite.gmu.edu_10992 3	10410.899000	37497.702000	0.027000	0.000000	47908.628000	8265	0
pl1.rcc.uottawa.ca_plgmu1.ite.gmu.edu_10996 3	10415.471000	37532.209000	0.048000	0.000000	47947.728000	8266	0
pl1.rcc.uottawa.ca_plgmu1.ite.gmu.edu_11020 3	10432.865000	37650.419000	0.030000	0.000000	48083.314000	8267	0
pl1.rcc.uottawa.ca_plgmu1.ite.gmu.edu_11023 3	10436.543000	37677.251000	0.020000	0.000000	48113.814000	8271	0
pl1.rcc.uottawa.ca_plgmu1.ite.gmu.edu_11082 3	10497.409000	38186.357000	0.035000	0.000000	48683.801000	8272	0
pl1.rcc.uottawa.ca_plgmu1.ite.gmu.edu_11134 3	10539.440000	38443.239000	0.022000	0.000000	48982.701000	8276	0
plab4.eece.ksu.edu_plgmu1.ite.gmu.edu_3459 4	11902.726000	37176.391000	0.018000	0.000000	49079.135000	8727	2080
planetlab01.sys.virginia.edu_plgmu1.ite.gmu.edu_2268 1	988.451000	48806.013000	0.025000	0.000000	49794.489000	8286	144
pl1.rcc.uottawa.ca_plgmu1.ite.gmu.edu_11301 3	10714.570000	39110.849000	0.034000	0.000000	49825.453000	8283	0
pl1.rcc.uottawa.ca_plgmu1.ite.gmu.edu_11367 3	10790.375000	39710.831000	0.037000	0.000000	50501.243000	8288	0
planetlab1.cs.uoregon.edu_plgmu1.ite.gmu.edu_6601 4	16345.086000	36922.893000	0.037000	0.000000	53268.016000	8290	256
planetlab1.cs.uoregon.edu_plgmu1.ite.gmu.edu_6603 4	16336.417000	36947.731000	0.030000	0.000000	53284.178000	8306	256
planetlab1.cs.uoregon.edu_plgmu1.ite.gmu.edu_6610 4	16355.096000	37003.772000	0.033000	0.000000	53358.901000	8304	256
planetlab1.cs.uoregon.edu_plgmu1.ite.gmu.edu_6619 4	16410.163000	37025.962000	0.032000	0.000000	53436.157000	8307	256
planetlab01.sys.virginia.edu_plgmu1.ite.gmu.edu_2284 1	2406.792000	51023.898000	0.042000	0.000000	53430.732000	8469	144
planetlab1.cs.uoregon.edu_plgmu1.ite.gmu.edu_6628 4	16462.572000	37044.568000	0.047000	0.000000	53507.187000	8310	256
planetlab1.cs.uoregon.edu_plgmu1.ite.gmu.edu_6631 4	16467.453000	37045.996000	0.026000	0.000000	53513.475000	8314	256
planetlab1.cs.uoregon.edu_plgmu1.ite.gmu.edu_6639 4	16503.692000	37091.664000	0.074000	0.000000	53595.430000	8337	256
planetlab1.cs.uoregon.edu_plgmu1.ite.gmu.edu_6650 4	16553.974000	37119.346000	0.025000	0.000000	53673.345000	8420	256
planetlab1.cs.uoregon.edu_plgmu1.ite.gmu.edu_6656 4	16563.538000	37116.759000	0.029000	0.000000	53680.326000	8434	256
planetlab1.cs.uoregon.edu_plgmu1.ite.gmu.edu_6695 4	16714.634000	37230.920000	0.023000	0.000000	53945.577000	8562	256
planetlab1.cs.uoregon.edu_plgmu1.ite.gmu.edu_6770 4	17140.392000	37329.603000	0.106000	0.000000	54470.101000	8666	256
planetlab1.cs.uoregon.edu_plgmu1.ite.gmu.edu_6837 4	17425.816000	37441.210000	0.031000	0.000000	54867.057000	8710	256
planetlab01.sys.virginia.edu_plgmu1.ite.gmu.edu_2304 1	2938.044000	51944.091000	0.040000	0.000000	54882.175000	8544	144
planetlab1.cs.uoregon.edu_plgmu1.ite.gmu.edu_6841 4	17438.061000	37500.975000	0.039000	0.000000	54939.075000	8714	256
planetlab1.cs.uoregon.edu_plgmu1.ite.gmu.edu_6849 4	17491.619000	37506.775000	0.053000	0.000000	54998.447000	8716	256
planetlab1.cs.uoregon.edu_plgmu1.ite.gmu.edu_6855 4	17519.286000	37511.691000	0.039000	0.000000	55031.016000	8718	256
planetlab1.cs.uoregon.edu_plgmu1.ite.gmu.edu_6857 4	17520.999000	37534.929000	0.019000	0.000000	55055.947000	8719	256
planetlab1.cs.uoregon.edu_plgmu1.ite.gmu.edu_6866 4	17545.160000	37603.736000	0.035000	0.000000	55148.931000	8721	256
planetlab1.cs.uoregon.edu_plgmu1.ite.gmu.edu_6870 4	17560.005000	37637.187000	0.042000	0.000000	55197.234000	8734	256
planetlab1.cs.uoregon.edu_plgmu1.ite.gmu.edu_6886 4	17627.842000	37685.704000	0.038000	0.000000	55313.584000	8750	256
planetlab01.sys.virginia.edu_plgmu1.ite.gmu.edu_2321 1	3127.668000	52857.186000	0.044000	0.000000	55984.898000	8586	144
planetlab1.cs.uoregon.edu_plgmu1.ite.gmu.edu_6982 4	17916.539000	38147.284000	0.030000	0.000000	56063.853000	8782	256
pl1.rcc.uottawa.ca_plgmu1.ite.gmu.edu_11606 3	11005.654000	51060.512000	0.026000	0.000000	62066.192000	8299	0
pl1.rcc.uottawa.ca_plgmu1.ite.gmu.edu_11669 3	11072.211000	54211.935000	0.032000	0.000000	65284.178000	8309	0
pl1.rcc.uottawa.ca_plgmu1.ite.gmu.edu_11744 3	11182.445000	55381.551000	0.046000	0.000000	66564.042000	8321	0
pl1.rcc.uottawa.ca_plgmu1.ite.gmu.edu_11747 3	11184.572000	55406.286000	0.029000	0.000000	66590.887000	8320	0
pl1.rcc.uottawa.ca_plgmu1.ite.gmu.edu_11795 3	11236.727000	56490.629000	0.033000	0.000000	67727.389000	8322	0
pl1.rcc.uottawa.ca_plgmu1.ite.gmu.edu_11811 3	11267.729000	56758.718000	0.030000	0.000000	68026.477000	8324	0
pl1.rcc.uottawa.ca_plgmu1.ite.gmu.edu_11828 3	11288.361000	57044.946000	0.051000	0.000000	68333.358000	8328	0
pl1.rcc.uottawa.ca_plgmu1.ite.gmu.edu_12016 3	11630.509000	60048.398000	0.044000	0.000000	71678.951000	8336	0
pl1.rcc.uottawa.ca_plgmu1.ite.gmu.edu_12050 3	11677.187000	60224.476000	0.028000	0.000000	71901.691000	8340	0
pl1.rcc.uottawa.ca_plgmu1.ite.gmu.edu_12221 3	11938.080000	60661.301000	0.039000	0.000000	72599.420000	8318	0
pl1.rcc.uottawa.ca_plgmu1.ite.gmu.edu_12319 3	12071.624000	60904.065000	0.026000	0.000000	72975.715000	8351	0
pl1.rcc.uottawa.ca_plgmu1.ite.gmu.edu_12331 3	12081.870000	60945.208000	0.027000	0.000000	73027.105000	8352	0
pl1.rcc.uottawa.ca_plgmu1.ite.gmu.edu_12450 3	12251.140000	61140.114000	0.020000	0.000000	73391.274000	8360	0
pl1.rcc.uottawa.ca_plgmu1.ite.gmu.edu_12964 3	12856.843000	62601.740000	0.041000	0.000000	75458.624000	8382	0
pl1.rcc.uottawa.ca_plgmu1.ite.gmu.edu_12968 3	12864.022000	62600.364000	0.035000	0.000000	75464.421000	8384	0
pl1.rcc.uottawa.ca_plgmu1.ite.gmu.edu_12999 3	12893.431000	62682.135000	0.032000	0.000000	75575.598000	8388	0
pl1.rcc.uottawa.ca_plgmu1.ite.gmu.edu_13021 3	12922.954000	62747.927000	0.029000	0.000000	75670.910000	8395	0
pl1.rcc.uottawa.ca_plgmu1.ite.gmu.edu_13083 3	12976.772000	62898.367000	0.025000	0.000000	75875.164000	8400	0
pl1.rcc.uottawa.ca_plgmu1.ite.gmu.edu_13123 3	13025.652000	62966.733000	0.025000	0.000000	75992.410000	8404	0
pl1.rcc.uottawa.ca_plgmu1.ite.gmu.edu_13142 3	13039.814000	63033.355000	0.028000	0.000000	76073.197000	8405	0
pl1.rcc.uottawa.ca_plgmu1.ite.gmu.edu_13161 3	13055.923000	63116.989000	0.027000	0.000000	76172.939000	8406	0
pl1.rcc.uottawa.ca_plgmu1.ite.gmu.edu_13256 3	13187.575000	63334.158000	0.024000	0.000000	76521.757000	8412	0
pl1.rcc.uottawa.ca_plgmu1.ite.gmu.edu_13702 3	13785.256000	64101.995000	0.025000	0.000000	77887.276000	8426	0
pl1.rcc.uottawa.ca_plgmu1.ite.gmu.edu_13746 3	13821.141000	64255.855000	0.027000	0.000000	78077.023000	8436	0
pl1.rcc.uottawa.ca_plgmu1.ite.gmu.edu_13945 3	14006.001000	64859.550000	0.028000	0.000000	78865.579000	8448	0
pl1.rcc.uottawa.ca_plgmu1.ite.gmu.edu_13966 3	14030.392000	64914.986000	0.023000	0.000000	78945.401000	8449	0
pl1.rcc.uottawa.ca_plgmu1.ite.gmu.edu_13982 3	14043.936000	64963.562000	0.027000	0.000000	79007.525000	8450	0
pl1.rcc.uottawa.ca_plgmu1.ite.gmu.edu_13998 3	14061.371000	64997.588000	0.026000	0.000000	79058.985000	8451	0
pl1.rcc.uottawa.ca_plgmu1.ite.gmu.edu_14011 3	14068.047000	65048.628000	0.035000	0.000000	79116.710000	8452	0
pl1.rcc.uottawa.ca_plgmu1.ite.gmu.edu_14034 3	14088.454000	65111.532000	0.033000	0.000000	79200.019000	8456	0
pl1.rcc.uottawa.ca_plgmu1.ite.gmu.edu_14056 3	14107.904000	65174.019000	0.038000	0.000000	79281.961000	8457	0
pl1.rcc.uottawa.ca_plgmu1.ite.gmu.edu_14058 3	14110.577000	65177.364000	0.018000	0.000000	79287.959000	8458	0
pl1.rcc.uottawa.ca_plgmu1.ite.gmu.edu_14061 3	14112.191000	65183.135000	0.019000	0.000000	79295.345000	8459	0
pl1.rcc.uottawa.ca_plgmu1.ite.gmu.edu_14084 3	14132.673000	65260.037000	0.027000	0.000000	79392.737000	8462	0
pl1.rcc.uottawa.ca_plgmu1.ite.gmu.edu_14088 3	14145.616000	65268.947000	0.038000	0.000000	79414.601000	8463	0
pl1.rcc.uottawa.ca_plgmu1.ite.gmu.edu_14092 3	14148.977000	65278.201000	0.030000	0.000000	79427.208000	8464	0
pl1.rcc.uottawa.ca_plgmu1.ite.gmu.edu_14108 3	14167.000000	65333.229000	0.026000	0.000000	79500.255000	8468	0
pl1.rcc.uottawa.ca_plgmu1.ite.gmu.edu_14126 3	14193.315000	65385.594000	0.022000	0.000000	79578.931000	8470	0
pl1.rcc.uottawa.ca_plgmu1.ite.gmu.edu_14172 3	14259.930000	65529.895000	0.023000	0.000000	79789.848000	8474	0
pl1.rcc.uottawa.ca_plgmu1.ite.gmu.edu_14216 3	14333.536000	65648.967000	0.024000	0.000000	79982.527000	8476	0
pl1.rcc.uottawa.ca_plgmu1.ite.gmu.edu_14234 3	14350.764000	65735.899000	0.020000	0.000000	80086.683000	8478	0
pl1.rcc.uottawa.ca_plgmu1.ite.gmu.edu_14257 3	14372.444000	65837.172000	0.034000	0.000000	80209.650000	8479	0
pl1.rcc.uottawa.ca_plgmu1.ite.gmu.edu_14274 3	14397.641000	65906.485000	0.053000	0.000000	80304.179000	8480	0
pl1.rcc.uottawa.ca_plgmu1.ite.gmu.edu_14353 3	14496.918000	66185.343000	0.026000	0.000000	80682.287000	8486	0
pl1.rcc.uottawa.ca_plgmu1.ite.gmu.edu_14368 3	14519.884000	66240.493000	0.026000	0.000000	80760.403000	8488	0
pl1.rcc.uottawa.ca_plgmu1.ite.gmu.edu_14385 3	14547.104000	66265.445000	0.034000	0.000000	80812.583000	8490	0
pl1.rcc.uottawa.ca_plgmu1.ite.gmu.edu_14394 3	14569.789000	66272.982000	0.051000	0.000000	80842.822000	8492	0
pl1.rcc.uottawa.ca_plgmu1.ite.gmu.edu_14404 3	14579.973000	66299.203000	0.023000	0.000000	80879.199000	8491	0
pl1.rcc.uottawa.ca_plgmu1.ite.gmu.edu_14424 3	14614.681000	66339.161000	0.028000	0.000000	80953.870000	8495	0
pl1.rcc.uottawa.ca_plgmu1.ite.gmu.edu_14426 3	14615.039000	66339.211000	0.029000	0.000000	80954.279000	8494	0
pl1.rcc.uottawa.ca_plgmu1.ite.gmu.edu_14453 3	14657.716000	66401.855000	0.021000	0.000000	81059.592000	8498	0
pl1.rcc.uottawa.ca_plgmu1.ite.gmu.edu_14500 3	14726.192000	66478.829000	0.032000	0.000000	81205.053000	8500	0
pl1.rcc.uottawa.ca_plgmu1.ite.gmu.edu_14524 3	14771.556000	66483.512000	0.026000	0.000000	81255.094000	8502	0
pl1.rcc.uottawa.ca_plgmu1.ite.gmu.edu_14569 3	14874.817000	66507.848000	0.029000	0.000000	81382.694000	8503	0
pl1.rcc.uottawa.ca_plgmu1.ite.gmu.edu_14608 3	14973.351000	66522.931000	0.033000	0.000000	81496.315000	8504	0
pl1.rcc.uottawa.ca_plgmu1.ite.gmu.edu_14625 3	14997.398000	66541.097000	0.025000	0.000000	81538.520000	8506	0
pl1.rcc.uottawa.ca_plgmu1.ite.gmu.edu_14651 3	15041.779000	66563.135000	0.023000	0.000000	81604.937000	8508	0
pl1.rcc.uottawa.ca_plgmu1.ite.gmu.edu_14666 3	15064.265000	66588.026000	0.035000	0.000000	81652.326000	8507	0
pl1.rcc.uottawa.ca_plgmu1.ite.gmu.edu_14711 3	15151.357000	66614.235000	0.026000	0.000000	81765.618000	8509	0
pl1.rcc.uottawa.ca_plgmu1.ite.gmu.edu_14722 3	15184.932000	66619.391000	0.026000	0.000000	81804.349000	8512	0
pl1.rcc.uottawa.ca_plgmu1.ite.gmu.edu_14727 3	15192.475000	66627.902000	0.026000	0.000000	81820.403000	8510	0
pl1.rcc.uottawa.ca_plgmu1.ite.gmu.edu_14732 3	15213.338000	66637.740000	0.026000	0.000000	81851.104000	8511	0
pl1.rcc.uottawa.ca_plgmu1.ite.gmu.edu_14734 3	15212.660000	66638.580000	0.023000	0.000000	81851.263000	8513	0
pl1.rcc.uottawa.ca_plgmu1.ite.gmu.edu_14736 3	15214.633000	66642.087000	0.017000	0.000000	81856.737000	8514	0
pl1.rcc.uottawa.ca_plgmu1.ite.gmu.edu_14764 3	15255.599000	66674.272000	0.023000	0.000000	81929.894000	8515	0
pl1.rcc.uottawa.ca_plgmu1.ite.gmu.edu_14797 3	15308.983000	66732.618000	0.030000	0.000000	82041.631000	8516	0
pl1.rcc.uottawa.ca_plgmu1.ite.gmu.edu_14811 3	15328.079000	66740.232000	0.029000	0.000000	82068.340000	8519	0
pl1.rcc.uottawa.ca_plgmu1.ite.gmu.edu_14852 3	15384.413000	66788.482000	0.022000	0.000000	82172.917000	8520	0
pl1.rcc.uottawa.ca_plgmu1.ite.gmu.edu_14860 3	15398.226000	66804.033000	0.026000	0.000000	82202.285000	8521	0
pl1.rcc.uottawa.ca_plgmu1.ite.gmu.edu_14865 3	15393.531000	66820.054000	0.021000	0.000000	82213.606000	8522	0
pl1.rcc.uottawa.ca_plgmu1.ite.gmu.edu_14881 3	15414.654000	66857.566000	0.032000	0.000000	82272.252000	8523	0
pl1.rcc.uottawa.ca_plgmu1.ite.gmu.edu_14892 3	15435.041000	66866.729000	0.022000	0.000000	82301.792000	8525	0
pl1.rcc.uottawa.ca_plgmu1.ite.gmu.edu_14897 3	15439.168000	66868.896000	0.023000	0.000000	82308.087000	8527	0
pl1.rcc.uottawa.ca_plgmu1.ite.gmu.edu_14901 3	15441.449000	66874.368000	0.032000	0.000000	82315.849000	8526	0
pl1.rcc.uottawa.ca_plgmu1.ite.gmu.edu_14919 3	15469.710000	66899.553000	0.024000	0.000000	82369.287000	8528	0
pl1.rcc.uottawa.ca_plgmu1.ite.gmu.edu_14933 3	15486.494000	66912.637000	0.019000	0.000000	82399.150000	8531	0
pl1.rcc.uottawa.ca_plgmu1.ite.gmu.edu_14937 3	15489.697000	66919.017000	0.029000	0.000000	82408.743000	8532	0
pl1.rcc.uottawa.ca_plgmu1.ite.gmu.edu_14945 3	15510.150000	66930.134000	0.024000	0.000000	82440.308000	8533	0
pl1.rcc.uottawa.ca_plgmu1.ite.gmu.edu_14963 3	15542.354000	66940.840000	0.024000	0.000000	82483.218000	8534	0
pl1.rcc.uottawa.ca_plgmu1.ite.gmu.edu_14971 3	15549.883000	66964.666000	0.024000	0.000000	82514.573000	8537	0
pl1.rcc.uottawa.ca_plgmu1.ite.gmu.edu_14980 3	15563.424000	66980.554000	0.025000	0.000000	82544.003000	8538	0
pl1.rcc.uottawa.ca_plgmu1.ite.gmu.edu_15007 3	15601.308000	67031.180000	0.044000	0.000000	82632.532000	8539	0
pl1.rcc.uottawa.ca_plgmu1.ite.gmu.edu_15015 3	15607.828000	67036.784000	0.017000	0.000000	82644.629000	8540	0
pl1.rcc.uottawa.ca_plgmu1.ite.gmu.edu_15018 3	15609.855000	67048.938000	0.023000	0.000000	82658.816000	8542	0
pl1.rcc.uottawa.ca_plgmu1.ite.gmu.edu_15022 3	15613.160000	67050.182000	0.024000	0.000000	82663.366000	8543	0
pl1.rcc.uottawa.ca_plgmu1.ite.gmu.edu_15041 3	15655.136000	67078.917000	0.220000	0.000000	82734.273000	8547	0
pl1.rcc.uottawa.ca_plgmu1.ite.gmu.edu_15106 3	15743.806000	67194.737000	0.023000	0.000000	82938.566000	8553	0
pl1.rcc.uottawa.ca_plgmu1.ite.gmu.edu_15110 3	15756.333000	67197.784000	0.029000	0.000000	82954.146000	8554	0
pl1.rcc.uottawa.ca_plgmu1.ite.gmu.edu_15115 3	15762.977000	67205.701000	0.027000	0.000000	82968.705000	8555	0
pl1.rcc.uottawa.ca_plgmu1.ite.gmu.edu_15130 3	15786.716000	67247.273000	0.029000	0.000000	83034.018000	8558	0
pl1.rcc.uottawa.ca_plgmu1.ite.gmu.edu_15132 3	15792.879000	67242.183000	0.036000	0.000000	83035.098000	8559	0
pl1.rcc.uottawa.ca_plgmu1.ite.gmu.edu_15151 3	15816.405000	67286.121000	0.024000	0.000000	83102.550000	8564	0
pl1.rcc.uottawa.ca_plgmu1.ite.gmu.edu_15172 3	15848.287000	67338.778000	0.028000	0.000000	83187.093000	8566	0
pl1.rcc.uottawa.ca_plgmu1.ite.gmu.edu_15193 3	15875.735000	67370.044000	0.028000	0.000000	83245.807000	8570	0
pl1.rcc.uottawa.ca_plgmu1.ite.gmu.edu_15201 3	15892.192000	67369.124000	0.026000	0.000000	83261.342000	8571	0
pl1.rcc.uottawa.ca_plgmu1.ite.gmu.edu_15205 3	15907.162000	67383.955000	0.029000	0.000000	83291.146000	8572	0
pl1.rcc.uottawa.ca_plgmu1.ite.gmu.edu_15243 3	15963.322000	67420.748000	0.024000	0.000000	83384.094000	8574	0
pl1.rcc.uottawa.ca_plgmu1.ite.gmu.edu_15246 3	15970.387000	67416.217000	0.026000	0.000000	83386.630000	8575	0
pl1.rcc.uottawa.ca_plgmu1.ite.gmu.edu_15272 3	16014.582000	67454.657000	0.028000	0.000000	83469.267000	8580	0
pl1.rcc.uottawa.ca_plgmu1.ite.gmu.edu_15314 3	16052.272000	67591.451000	0.021000	0.000000	83643.744000	8584	0
pl1.rcc.uottawa.ca_plgmu1.ite.gmu.edu_15318 3	16059.048000	67587.915000	0.028000	0.000000	83646.991000	8587	0
pl1.rcc.uottawa.ca_plgmu1.ite.gmu.edu_15347 3	16105.149000	67671.703000	0.022000	0.000000	83776.874000	8592	0
pl1.rcc.uottawa.ca_plgmu1.ite.gmu.edu_15349 3	16107.534000	67677.799000	0.022000	0.000000	83785.355000	8596	0
pl1.rcc.uottawa.ca_plgmu1.ite.gmu.edu_15363 3	16127.258000	67695.538000	0.203000	0.000000	83822.999000	8597	0
pl1.rcc.uottawa.ca_plgmu1.ite.gmu.edu_15364 3	16127.655000	67697.980000	0.016000	0.000000	83825.651000	8598	0
pl1.rcc.uottawa.ca_plgmu1.ite.gmu.edu_15384 3	16146.971000	67743.148000	0.030000	0.000000	83890.149000	8604	0
pl1.rcc.uottawa.ca_plgmu1.ite.gmu.edu_15387 3	16150.696000	67744.568000	0.023000	0.000000	83895.287000	8606	0
pl1.rcc.uottawa.ca_plgmu1.ite.gmu.edu_15405 3	16169.564000	67804.218000	0.019000	0.000000	83973.801000	8608	0
pl1.rcc.uottawa.ca_plgmu1.ite.gmu.edu_15413 3	16173.717000	67808.789000	0.021000	0.000000	83982.527000	8609	0
pl1.rcc.uottawa.ca_plgmu1.ite.gmu.edu_15426 3	16194.860000	67834.207000	0.024000	0.000000	84029.091000	8576	0
pl1.rcc.uottawa.ca_plgmu1.ite.gmu.edu_15429 3	16193.549000	67849.922000	0.023000	0.000000	84043.494000	8616	0
pl1.rcc.uottawa.ca_plgmu1.ite.gmu.edu_15435 3	16196.887000	67857.017000	0.021000	0.000000	84053.925000	8617	0
pl1.rcc.uottawa.ca_plgmu1.ite.gmu.edu_15443 3	16213.588000	67870.197000	0.034000	0.000000	84083.819000	8618	0
pl1.rcc.uottawa.ca_plgmu1.ite.gmu.edu_15445 3	16214.440000	67873.372000	0.027000	0.000000	84087.839000	8620	0
pl1.rcc.uottawa.ca_plgmu1.ite.gmu.edu_15447 3	16217.945000	67877.214000	0.027000	0.000000	84095.186000	8622	0
pl1.rcc.uottawa.ca_plgmu1.ite.gmu.edu_15464 3	16240.867000	67907.174000	0.022000	0.000000	84148.063000	8628	0
pl1.rcc.uottawa.ca_plgmu1.ite.gmu.edu_15476 3	16261.941000	67938.802000	0.089000	0.000000	84200.832000	8630	0
pl1.rcc.uottawa.ca_plgmu1.ite.gmu.edu_15483 3	16272.194000	67955.252000	0.022000	0.000000	84227.468000	8632	0
pl1.rcc.uottawa.ca_plgmu1.ite.gmu.edu_15490 3	16279.552000	67967.826000	0.026000	0.000000	84247.404000	8634	0
pl1.rcc.uottawa.ca_plgmu1.ite.gmu.edu_15496 3	16291.814000	67965.640000	0.024000	0.000000	84257.478000	8636	0
pl1.rcc.uottawa.ca_plgmu1.ite.gmu.edu_15505 3	16304.637000	67993.881000	0.031000	0.000000	84298.549000	8638	0
pl1.rcc.uottawa.ca_plgmu1.ite.gmu.edu_15510 3	16312.573000	68003.934000	0.025000	0.000000	84316.532000	8639	0
pl1.rcc.uottawa.ca_plgmu1.ite.gmu.edu_15525 3	16324.809000	68027.397000	0.017000	0.000000	84352.223000	8640	0
pl1.rcc.uottawa.ca_plgmu1.ite.gmu.edu_15527 3	16324.465000	68027.352000	0.020000	0.000000	84351.837000	8643	0
pl1.rcc.uottawa.ca_plgmu1.ite.gmu.edu_15536 3	16335.493000	68045.561000	0.030000	0.000000	84381.084000	8644	0
pl1.rcc.uottawa.ca_plgmu1.ite.gmu.edu_15551 3	16341.264000	68074.325000	0.025000	0.000000	84415.614000	8645	0
pl1.rcc.uottawa.ca_plgmu1.ite.gmu.edu_15558 3	16353.379000	68084.289000	0.028000	0.000000	84437.696000	8646	0
pl1.rcc.uottawa.ca_plgmu1.ite.gmu.edu_15567 3	16362.037000	68089.365000	0.023000	0.000000	84451.425000	8649	0
pl1.rcc.uottawa.ca_plgmu1.ite.gmu.edu_15572 3	16366.562000	68104.365000	0.032000	0.000000	84470.959000	8650	0
pl1.rcc.uottawa.ca_plgmu1.ite.gmu.edu_15581 3	16380.458000	68112.997000	0.046000	0.000000	84493.501000	8651	0
pl1.rcc.uottawa.ca_plgmu1.ite.gmu.edu_15585 3	16381.099000	68123.282000	0.016000	0.000000	84504.397000	8652	0
pl1.rcc.uottawa.ca_plgmu1.ite.gmu.edu_15604 3	16407.567000	68158.690000	0.024000	0.000000	84566.281000	8655	0
pl1.rcc.uottawa.ca_plgmu1.ite.gmu.edu_15607 3	16411.317000	68165.458000	0.023000	0.000000	84576.798000	8656	0
pl1.rcc.uottawa.ca_plgmu1.ite.gmu.edu_15617 3	16416.385000	68179.959000	0.021000	0.000000	84596.365000	8657	0
pl1.rcc.uottawa.ca_plgmu1.ite.gmu.edu_15628 3	16428.991000	68196.549000	0.023000	0.000000	84625.563000	8658	0
pl1.rcc.uottawa.ca_plgmu1.ite.gmu.edu_15633 3	16432.785000	68202.733000	0.022000	0.000000	84635.540000	8660	0
pl1.rcc.uottawa.ca_plgmu1.ite.gmu.edu_15650 3	16451.320000	68240.179000	0.030000	0.000000	84691.529000	8661	0
pl1.rcc.uottawa.ca_plgmu1.ite.gmu.edu_15655 3	16458.090000	68250.972000	0.022000	0.000000	84709.084000	8662	0
pl1.rcc.uottawa.ca_plgmu1.ite.gmu.edu_15666 3	16464.647000	68272.707000	0.028000	0.000000	84737.382000	8663	0
pl1.rcc.uottawa.ca_plgmu1.ite.gmu.edu_15673 3	16482.640000	68268.880000	0.033000	0.000000	84751.553000	8664	0
pl1.rcc.uottawa.ca_plgmu1.ite.gmu.edu_15688 3	16503.957000	68286.038000	0.021000	0.000000	84790.016000	8667	0
pl1.rcc.uottawa.ca_plgmu1.ite.gmu.edu_15691 3	16535.311000	68305.447000	0.019000	0.000000	84840.777000	8668	0
pl1.rcc.uottawa.ca_plgmu1.ite.gmu.edu_15693 3	16535.979000	68304.926000	0.026000	0.000000	84840.931000	8669	0
pl1.rcc.uottawa.ca_plgmu1.ite.gmu.edu_15706 3	16539.040000	68350.633000	0.027000	0.000000	84889.700000	8670	0
pl1.rcc.uottawa.ca_plgmu1.ite.gmu.edu_15708 3	16539.390000	68354.281000	0.021000	0.000000	84893.692000	8676	0
pl1.rcc.uottawa.ca_plgmu1.ite.gmu.edu_15737 3	16583.424000	68380.848000	0.027000	0.000000	84964.299000	8680	0
pl1.rcc.uottawa.ca_plgmu1.ite.gmu.edu_15741 3	16594.978000	68382.971000	0.031000	0.000000	84977.980000	8683	0
pl1.rcc.uottawa.ca_plgmu1.ite.gmu.edu_15780 3	16639.029000	68475.290000	0.032000	0.000000	85114.351000	8688	0
pl1.rcc.uottawa.ca_plgmu1.ite.gmu.edu_15792 3	16653.916000	68505.863000	0.036000	0.000000	85159.815000	8693	0
pl1.rcc.uottawa.ca_plgmu1.ite.gmu.edu_15804 3	16666.916000	68522.558000	0.029000	0.000000	85189.503000	8692	0
pl1.rcc.uottawa.ca_plgmu1.ite.gmu.edu_15812 3	16677.698000	68531.741000	0.166000	0.000000	85209.605000	8694	0
pl1.rcc.uottawa.ca_plgmu1.ite.gmu.edu_15843 3	16720.950000	68597.224000	0.025000	0.000000	85318.199000	8700	0
pl1.rcc.uottawa.ca_plgmu1.ite.gmu.edu_15847 3	16727.021000	68606.964000	0.021000	0.000000	85334.006000	8702	0
pl1.rcc.uottawa.ca_plgmu1.ite.gmu.edu_15850 3	16735.694000	68607.373000	0.039000	0.000000	85343.106000	8704	0
pl1.rcc.uottawa.ca_plgmu1.ite.gmu.edu_15861 3	16743.930000	68629.520000	0.024000	0.000000	85373.474000	8705	0
pl1.rcc.uottawa.ca_plgmu1.ite.gmu.edu_15863 3	16744.673000	68639.085000	0.021000	0.000000	85383.779000	8706	0
pl1.rcc.uottawa.ca_plgmu1.ite.gmu.edu_15869 3	16759.382000	68644.835000	0.044000	0.000000	85404.261000	8708	0
pl1.rcc.uottawa.ca_plgmu1.ite.gmu.edu_15873 3	16766.717000	68657.798000	0.027000	0.000000	85424.542000	8712	0
pl1.rcc.uottawa.ca_plgmu1.ite.gmu.edu_15915 3	16813.033000	68719.873000	0.035000	0.000000	85532.941000	8720	0
pl1.rcc.uottawa.ca_plgmu1.ite.gmu.edu_15981 3	16898.734000	68903.486000	0.024000	0.000000	85802.244000	8736	0
pl1.rcc.uottawa.ca_plgmu1.ite.gmu.edu_16048 3	16966.494000	69061.173000	0.046000	0.000000	86027.713000	8744	0
pl1.rcc.uottawa.ca_plgmu1.ite.gmu.edu_16171 3	17134.719000	69226.169000	0.023000	0.000000	86360.911000	8766	0
pl1.rcc.uottawa.ca_plgmu1.ite.gmu.edu_16178 3	17134.380000	69251.683000	0.024000	0.000000	86386.087000	8768	0
pl1.rcc.uottawa.ca_plgmu1.ite.gmu.edu_16242 3	17213.098000	69308.418000	0.020000	0.000000	86521.536000	8779	0
pl1.rcc.uottawa.ca_plgmu1.ite.gmu.edu_16584 3	17726.701000	69659.496000	0.036000	0.000000	87386.233000	8475	0
planetlab7.flux.utah.edu_plgmu1.ite.gmu.edu_2279 4	93044.169000	1.396000	0.024000	0.000000	93045.589000	8273	1536
planetlab7.flux.utah.edu_plgmu1.ite.gmu.edu_2291 4	93116.768000	0.478000	0.019000	0.000000	93117.265000	8418	1536
planetlab7.flux.utah.edu_plgmu1.ite.gmu.edu_2322 4	93241.612000	0.080000	0.027000	0.000000	93241.719000	8546	1536
planetlab7.flux.utah.edu_plgmu1.ite.gmu.edu_2489 4	96138.604000	0.730000	0.028000	0.000000	96139.362000	8610	1536
planetlab7.flux.utah.edu_plgmu1.ite.gmu.edu_2493 4	96184.423000	0.501000	0.032000	0.000000	96184.956000	8642	1536
planetlab7.flux.utah.edu_plgmu1.ite.gmu.edu_2499 4	97367.686000	0.111000	0.034000	0.000000	97367.831000	8672	1536
planetlab7.flux.utah.edu_plgmu1.ite.gmu.edu_2501 4	97390.883000	0.048000	0.036000	0.000000	97390.967000	8674	1536
planetlab7.flux.utah.edu_plgmu1.ite.gmu.edu_2505 4	97430.432000	0.052000	0.024000	0.000000	97430.508000	8675	1536
planetlab7.flux.utah.edu_plgmu1.ite.gmu.edu_2511 4	97446.670000	0.049000	0.020000	0.000000	97446.739000	8678	1536
planetlab7.flux.utah.edu_plgmu1.ite.gmu.edu_2515 4	97473.416000	1.141000	0.034000	0.000000	97474.591000	8682	1536
planetlab7.flux.utah.edu_plgmu1.ite.gmu.edu_2519 4	97486.814000	0.052000	0.025000	0.000000	97486.891000	8690	1536
planetlab1.cs.uiuc.edu_plgmu1.ite.gmu.edu_8616 2	48241.253000	84127.118000	0.023000	0.000000	132368.394000	8164	128
planetlab1.cs.uiuc.edu_plgmu1.ite.gmu.edu_8619 2	48468.784000	84006.102000	0.027000	0.000000	132474.913000	8165	128
planetlab1.cs.uiuc.edu_plgmu1.ite.gmu.edu_8621 2	48466.585000	84028.497000	0.022000	0.000000	132495.104000	8166	128
planetlab1.cs.uiuc.edu_plgmu1.ite.gmu.edu_8625 2	48648.529000	83967.605000	0.019000	0.000000	132616.153000	8172	128
planetlab1.cs.uiuc.edu_plgmu1.ite.gmu.edu_8630 2	48871.107000	83822.548000	0.035000	0.000000	132693.690000	8180	128
planetlab1.cs.uiuc.edu_plgmu1.ite.gmu.edu_8640 2	49166.425000	83663.846000	0.027000	0.000000	132830.298000	8217	128
planetlab1.cs.uiuc.edu_plgmu1.ite.gmu.edu_8641 2	49164.966000	83665.204000	0.020000	0.000000	132830.190000	8230	128
planetlab1.cs.uiuc.edu_plgmu1.ite.gmu.edu_8642 2	49165.296000	83674.936000	0.022000	0.000000	132840.254000	8233	128
planetlab1.cs.uiuc.edu_plgmu1.ite.gmu.edu_8643 2	49259.777000	83627.001000	0.024000	0.000000	132886.802000	8248	128
planetlab1.cs.uiuc.edu_plgmu1.ite.gmu.edu_8644 2	49299.346000	83602.973000	0.024000	0.000000	132902.343000	8241	128
planetlab1.cs.uiuc.edu_plgmu1.ite.gmu.edu_8645 2	49295.931000	83613.812000	0.025000	0.000000	132909.768000	8249	128
planetlab1.cs.uiuc.edu_plgmu1.ite.gmu.edu_8646 2	49467.558000	83445.523000	0.026000	0.000000	132913.107000	8251	128
planetlab1.cs.uiuc.edu_plgmu1.ite.gmu.edu_8648 2	49558.564000	83363.239000	0.036000	0.000000	132921.839000	8253	128
planetlab1.cs.uiuc.edu_plgmu1.ite.gmu.edu_8649 2	49554.904000	83373.734000	0.024000	0.000000	132928.662000	8261	128
planetlab1.cs.uiuc.edu_plgmu1.ite.gmu.edu_8650 2	49555.282000	83376.860000	0.108000	0.000000	132932.250000	8275	128
planetlab1.cs.uiuc.edu_plgmu1.ite.gmu.edu_8657 2	50038.048000	82941.591000	0.032000	0.000000	132979.671000	8313	128
planetlab1.cs.uiuc.edu_plgmu1.ite.gmu.edu_8661 2	50319.418000	82696.434000	0.022000	0.000000	133015.874000	8326	128
planetlab1.cs.uiuc.edu_plgmu1.ite.gmu.edu_8663 2	50447.938000	82592.482000	0.021000	0.000000	133040.441000	8339	128
planetlab1.cs.uiuc.edu_plgmu1.ite.gmu.edu_8665 2	50904.677000	82138.828000	0.021000	0.000000	133043.526000	8354	128
planetlab1.cs.uiuc.edu_plgmu1.ite.gmu.edu_8666 2	50908.452000	82139.233000	0.025000	0.000000	133047.710000	8356	128
planetlab1.cs.uiuc.edu_plgmu1.ite.gmu.edu_8667 2	50966.081000	82088.478000	0.021000	0.000000	133054.580000	8358	128
planetlab1.cs.uiuc.edu_plgmu1.ite.gmu.edu_8668 2	50964.725000	82098.570000	0.021000	0.000000	133063.316000	8359	128
planetlab1.cs.uiuc.edu_plgmu1.ite.gmu.edu_8670 2	51141.382000	81929.492000	0.023000	0.000000	133070.897000	8366	128
planetlab1.cs.uiuc.edu_plgmu1.ite.gmu.edu_8676 2	51341.389000	81748.851000	0.021000	0.000000	133090.261000	8374	128
planetlab1.cs.uiuc.edu_plgmu1.ite.gmu.edu_8677 2	51473.903000	81616.451000	0.051000	0.000000	133090.405000	8377	128
planetlab1.cs.uiuc.edu_plgmu1.ite.gmu.edu_8682 2	51693.297000	81418.355000	0.026000	0.000000	133111.678000	8387	128
planetlab1.cs.uiuc.edu_plgmu1.ite.gmu.edu_8683 2	51725.200000	81388.057000	0.024000	0.000000	133113.281000	8401	128
planetlab1.cs.uiuc.edu_plgmu1.ite.gmu.edu_8684 2	51730.482000	81387.365000	0.024000	0.000000	133117.871000	8402	128
planetlab1.cs.uiuc.edu_plgmu1.ite.gmu.edu_8686 2	51990.072000	81132.045000	0.025000	0.000000	133122.142000	8403	128
planetlab1.cs.uiuc.edu_plgmu1.ite.gmu.edu_8687 2	51990.900000	81134.102000	0.025000	0.000000	133125.027000	8407	128
planetlab1.cs.uiuc.edu_plgmu1.ite.gmu.edu_8688 2	52105.291000	81024.820000	0.021000	0.000000	133130.132000	8411	128
planetlab1.cs.uiuc.edu_plgmu1.ite.gmu.edu_8701 2	52600.753000	80675.462000	0.025000	0.000000	133276.240000	8422	128
planetlab1.cs.uiuc.edu_plgmu1.ite.gmu.edu_8707 2	52692.775000	80642.276000	0.028000	0.000000	133335.079000	8429	128
planetlab1.cs.uiuc.edu_plgmu1.ite.gmu.edu_8711 2	52878.705000	80525.375000	0.020000	0.000000	133404.100000	8435	128
planetlab1.cs.uiuc.edu_plgmu1.ite.gmu.edu_8731 2	54568.894000	79281.597000	0.035000	0.000000	133850.526000	8505	128
planetlab1.cs.uiuc.edu_plgmu1.ite.gmu.edu_8738 2	55369.367000	78526.977000	0.021000	0.000000	133896.365000	8557	128
planetlab1.cs.uiuc.edu_plgmu1.ite.gmu.edu_8748 2	56661.643000	77360.290000	0.035000	0.000000	134021.968000	8614	128
planetlab1.cs.uiuc.edu_plgmu1.ite.gmu.edu_8749 2	56783.989000	77312.987000	0.091000	0.000000	134097.067000	8621	128
planetlab1.cs.uiuc.edu_plgmu1.ite.gmu.edu_8754 2	57703.700000	77105.714000	0.022000	0.000000	134809.436000	8653	128
planetlab1.cs.uiuc.edu_plgmu1.ite.gmu.edu_8758 2	58005.562000	77054.149000	0.029000	0.000000	135059.740000	8677	128
planetlab1.cs.uiuc.edu_plgmu1.ite.gmu.edu_8759 2	58060.655000	77022.599000	0.021000	0.000000	135083.275000	8659	128
planetlab1.cs.uiuc.edu_plgmu1.ite.gmu.edu_8767 2	58927.849000	76234.502000	0.028000	0.000000	135162.379000	8681	128
planetlab1.cs.uiuc.edu_plgmu1.ite.gmu.edu_8769 2	59164.969000	76023.828000	0.024000	0.000000	135188.821000	8684	128
planetlab1.cs.uiuc.edu_plgmu1.ite.gmu.edu_8770 2	59302.756000	75888.222000	0.020000	0.000000	135190.998000	8685	128
planetlab1.cs.uiuc.edu_plgmu1.ite.gmu.edu_8771 2	59301.401000	75889.758000	0.020000	0.000000	135191.179000	8687	128
planetlab1.cs.uiuc.edu_plgmu1.ite.gmu.edu_8786 2	60718.087000	74583.587000	0.023000	0.000000	135301.697000	8701	128
planetlab1.cs.uiuc.edu_plgmu1.ite.gmu.edu_8787 2	60718.088000	74589.359000	0.025000	0.000000	135307.472000	8709	128
planetlab1.cs.uiuc.edu_plgmu1.ite.gmu.edu_8794 2	62227.488000	74393.499000	0.034000	0.000000	136621.021000	8761	128
planetlab1.cs.uiuc.edu_plgmu1.ite.gmu.edu_8799 2	62612.125000	74282.844000	0.028000	0.000000	136894.997000	8769	128
planetlab1.cs.uiuc.edu_plgmu1.ite.gmu.edu_8801 2	62613.846000	74297.886000	6.371000	0.000000	136918.103000	8772	128
planetlab1.cs.uiuc.edu_plgmu1.ite.gmu.edu_8802 2	62637.795000	74303.181000	0.041000	0.000000	136941.017000	8773	128
planetlab1.cs.uiuc.edu_plgmu1.ite.gmu.edu_8803 2	62688.379000	74276.097000	0.023000	0.000000	136964.499000	8775	128
planetlab1.cs.uiuc.edu_plgmu1.ite.gmu.edu_8804 2	62719.133000	74270.697000	0.022000	0.000000	136989.852000	8781	128
planetlab1.cs.uiuc.edu_plgmu1.ite.gmu.edu_8810 2	64211.522000	72854.447000	0.040000	0.000000	137066.009000	8789	128
planetlab4.rutgers.edu_plgmu1.ite.gmu.edu_8946 3	221607.712000	0.183000	0.036000	0.000000	221607.931000	8381	1024
planetlab4.rutgers.edu_plgmu1.ite.gmu.edu_8955 3	221760.814000	0.052000	0.050000	0.000000	221760.916000	8393	1024
planetlab4.rutgers.edu_plgmu1.ite.gmu.edu_8985 3	222059.432000	0.113000	0.044000	0.000000	222059.589000	8437	1024
planetlab4.rutgers.edu_plgmu1.ite.gmu.edu_8999 3	222093.716000	1.135000	0.038000	0.000000	222094.889000	8454	1024
planetlab4.rutgers.edu_plgmu1.ite.gmu.edu_9061 3	222261.525000	3.938000	0.028000	0.000000	222265.491000	8477	1024
planetlab2.acis.ufl.edu_plgmu1.ite.gmu.edu_7180 4	222675.973000	0.053000	0.033000	0.000000	222676.059000	8496	1056
planetlab2.acis.ufl.edu_plgmu1.ite.gmu.edu_7186 4	222836.292000	0.533000	0.036000	0.000000	222836.861000	8517	1056
planetlab4.rutgers.edu_plgmu1.ite.gmu.edu_10156 3	235332.169000	2.562000	0.036000	0.000000	235334.767000	8629	1024
planetlab2.acis.ufl.edu_plgmu1.ite.gmu.edu_7602 4	235415.007000	0.058000	0.033000	0.000000	235415.098000	8623	1056
planetlab4.rutgers.edu_plgmu1.ite.gmu.edu_10219 3	235760.914000	0.057000	0.029000	0.000000	235761.000000	8707	1024
planetlab4.rutgers.edu_plgmu1.ite.gmu.edu_10233 3	235806.401000	0.047000	0.023000	0.000000	235806.471000	8726	1024
planetlab4.rutgers.edu_plgmu1.ite.gmu.edu_10237 3	235830.497000	0.189000	0.052000	0.000000	235830.738000	8733	1024
planetlab4.rutgers.edu_plgmu1.ite.gmu.edu_10239 3	235834.030000	0.055000	0.034000	0.000000	235834.119000	8737	1024
planetlab4.rutgers.edu_plgmu1.ite.gmu.edu_10241 3	235839.731000	0.122000	0.022000	0.000000	235839.875000	8738	1024
planetlab4.rutgers.edu_plgmu1.ite.gmu.edu_10245 3	235893.095000	0.201000	0.037000	0.000000	235893.333000	8739	1024
planetlab4.rutgers.edu_plgmu1.ite.gmu.edu_10261 3	236099.989000	0.154000	0.045000	0.000000	236100.188000	8743	1024
planetlab4.rutgers.edu_plgmu1.ite.gmu.edu_10265 3	236107.133000	2.121000	0.036000	0.000000	236109.290000	8747	1024
planetlab4.rutgers.edu_plgmu1.ite.gmu.edu_10273 3	236135.049000	0.683000	0.026000	0.000000	236135.758000	8755	1024
planetlab4.rutgers.edu_plgmu1.ite.gmu.edu_10287 3	236190.580000	0.054000	0.035000	0.000000	236190.669000	8774	1024
planetlab4.rutgers.edu_plgmu1.ite.gmu.edu_10291 3	236235.465000	0.197000	0.042000	0.000000	236235.704000	8777	1024
planetlab4.rutgers.edu_plgmu1.ite.gmu.edu_10311 3	236402.039000	0.511000	0.037000	0.000000	236402.587000	8786	1024
