planetlab1.cs.uoregon.edu_planetlab1.cs.uoregon.edu_61 0	1.260000	69.479000	0.011000	0.000000	70.750000	10053	256
planetlab4.rutgers.edu_planetlab1.cs.uoregon.edu_155 2	319.574000	0.228000	0.015000	0.000000	319.817000	10054	1024
planetlab1.cs.unc.edu_planetlab1.cs.uoregon.edu_80 3	389.217000	0.093000	0.019000	0.000000	389.329000	10060	528
planetlab4.rutgers.edu_planetlab1.cs.uoregon.edu_174 2	407.574000	0.022000	0.019000	0.000000	407.615000	10066	1024
planetlab4.rutgers.edu_planetlab1.cs.uoregon.edu_182 2	422.855000	0.041000	0.034000	0.000000	422.930000	10068	1024
planetlab2.eecs.umich.edu_planetlab1.cs.uoregon.edu_89 2	428.271000	2.991000	0.068000	0.000000	431.330000	10052	2048
planetlab4.rutgers.edu_planetlab1.cs.uoregon.edu_202 2	463.648000	0.033000	0.020000	0.000000	463.701000	10070	1024
planetlab4.rutgers.edu_planetlab1.cs.uoregon.edu_204 2	465.275000	0.031000	0.027000	0.000000	465.333000	10071	1024
planetlab4.rutgers.edu_planetlab1.cs.uoregon.edu_239 2	537.491000	8.434000	0.037000	0.000000	545.962000	10078	1024
planetlab1.rutgers.edu_planetlab1.cs.uoregon.edu_229 2	562.036000	0.236000	0.043000	0.000000	562.315000	10080	512
planetlab4.rutgers.edu_planetlab1.cs.uoregon.edu_268 2	606.470000	0.221000	0.028000	0.000000	606.719000	10085	1024
planetlab4.rutgers.edu_planetlab1.cs.uoregon.edu_272 2	621.050000	0.616000	0.028000	0.000000	621.694000	10088	1024
planetlab2.eecs.umich.edu_planetlab1.cs.uoregon.edu_130 2	624.179000	5.434000	0.204000	0.000000	629.817000	10065	2048
planetlab1.cs.uoregon.edu_planetlab1.cs.uoregon.edu_122 0	0.460000	653.307000	0.012000	0.000000	653.779000	10113	256
planetlab-01.bu.edu_planetlab1.cs.uoregon.edu_14 3	664.738000	0.222000	0.022000	0.000000	664.982000	10087	640
planetlab4.rutgers.edu_planetlab1.cs.uoregon.edu_328 2	772.745000	0.033000	0.028000	0.000000	772.806000	10102	1024
planetlab1.cs.uoregon.edu_planetlab1.cs.uoregon.edu_138 0	1.450000	803.078000	0.013000	0.000000	804.541000	10128	256
planetlab1.cs.uoregon.edu_planetlab1.cs.uoregon.edu_140 0	1.272000	803.449000	0.010000	0.000000	804.731000	10129	256
planetlab1.cs.uoregon.edu_planetlab1.cs.uoregon.edu_143 0	2.022000	804.741000	0.011000	0.000000	806.774000	10131	256
planetlab1.cs.uoregon.edu_planetlab1.cs.uoregon.edu_146 0	0.839000	815.732000	0.013000	0.000000	816.584000	10133	256
planetlab1.cs.uoregon.edu_planetlab1.cs.uoregon.edu_151 0	0.718000	842.431000	0.012000	0.000000	843.161000	10137	256
planetlab2.eecs.umich.edu_planetlab1.cs.uoregon.edu_190 2	920.349000	6.023000	0.074000	0.000000	926.446000	10081	2048
planetlab1.cs.cornell.edu_planetlab1.cs.uoregon.edu_64 1	985.477000	0.378000	0.034000	0.000000	985.889000	10124	1280
planetlab5.csee.usf.edu_planetlab1.cs.uoregon.edu_65 4	1004.333000	0.130000	0.015000	0.000000	1004.478000	10069	608
planetlab4.rutgers.edu_planetlab1.cs.uoregon.edu_379 2	1030.098000	0.339000	0.035000	0.000000	1030.472000	10114	1024
planetlab1.cs.uoregon.edu_planetlab1.cs.uoregon.edu_176 0	1.446000	1051.887000	0.014000	0.000000	1053.347000	10159	256
planetlab1.cs.uoregon.edu_planetlab1.cs.uoregon.edu_179 0	1.873000	1055.248000	0.012000	0.000000	1057.133000	10161	256
planetlab2.eecs.umich.edu_planetlab1.cs.uoregon.edu_221 2	1091.489000	5.470000	0.073000	0.000000	1097.032000	10094	2048
planetlab2.eecs.umich.edu_planetlab1.cs.uoregon.edu_234 2	1149.667000	8.144000	0.073000	0.000000	1157.884000	10096	2048
planetlab2.eecs.umich.edu_planetlab1.cs.uoregon.edu_236 2	1168.352000	3.653000	0.072000	0.000000	1172.077000	10097	2048
planetlab4.rutgers.edu_planetlab1.cs.uoregon.edu_434 2	1204.131000	0.428000	0.032000	0.000000	1204.591000	10149	1024
planetlab2.eecs.umich.edu_planetlab1.cs.uoregon.edu_248 2	1206.022000	3.708000	0.072000	0.000000	1209.802000	10099	2048
planetlab2.eecs.umich.edu_planetlab1.cs.uoregon.edu_265 2	1294.363000	10.706000	0.088000	0.000000	1305.157000	10101	2048
planetlab1.cs.uoregon.edu_planetlab1.cs.uoregon.edu_212 0	0.738000	1343.754000	0.011000	0.000000	1344.503000	10193	256
planetlab2.eecs.umich.edu_planetlab1.cs.uoregon.edu_281 2	1374.620000	9.258000	0.073000	0.000000	1383.951000	10105	2048
planetlab1.cs.uoregon.edu_planetlab1.cs.uoregon.edu_222 0	2.188000	1446.398000	0.012000	0.000000	1448.598000	10202	256
pluto.cs.brown.edu_planetlab1.cs.uoregon.edu_112 1	1498.764000	0.165000	0.018000	0.000000	1498.947000	10182	768
planetlab4.rutgers.edu_planetlab1.cs.uoregon.edu_555 2	1504.339000	12.687000	0.013000	0.000000	1517.039000	10181	1024
planetlab2.eecs.umich.edu_planetlab1.cs.uoregon.edu_307 2	1511.347000	26.019000	0.077000	0.000000	1537.443000	10116	2048
planetlab2.eecs.umich.edu_planetlab1.cs.uoregon.edu_316 2	1576.940000	8.012000	0.077000	0.000000	1585.029000	10121	2048
planetlab4.rutgers.edu_planetlab1.cs.uoregon.edu_620 2	1645.221000	10.742000	0.017000	0.000000	1655.980000	10198	1024
planetlab2.eecs.umich.edu_planetlab1.cs.uoregon.edu_340 2	1677.127000	37.591000	0.142000	0.000000	1714.860000	10130	2048
planetlab4.rutgers.edu_planetlab1.cs.uoregon.edu_662 2	1734.556000	0.889000	0.022000	0.000000	1735.467000	10209	1024
planetlab4.rutgers.edu_planetlab1.cs.uoregon.edu_677 2	1770.953000	3.603000	0.019000	0.000000	1774.575000	10212	1024
planetlab4.rutgers.edu_planetlab1.cs.uoregon.edu_679 2	1773.856000	7.268000	0.018000	0.000000	1781.142000	10213	1024
planetlab4.rutgers.edu_planetlab1.cs.uoregon.edu_681 2	1781.530000	0.297000	0.017000	0.000000	1781.844000	10215	1024
planetlab1.cs.uoregon.edu_planetlab1.cs.uoregon.edu_268 0	1.665000	1877.382000	0.011000	0.000000	1879.058000	10247	256
planetlab4.rutgers.edu_planetlab1.cs.uoregon.edu_707 2	2005.575000	15.476000	0.015000	0.000000	2021.066000	10221	1024
planetlab2.eecs.umich.edu_planetlab1.cs.uoregon.edu_415 2	2069.736000	14.092000	0.078000	0.000000	2083.906000	10158	2048
planetlab4.rutgers.edu_planetlab1.cs.uoregon.edu_758 2	2116.268000	4.522000	0.029000	0.000000	2120.819000	10229	1024
planetlab4.rutgers.edu_planetlab1.cs.uoregon.edu_776 2	2135.513000	66.629000	0.023000	0.000000	2202.165000	10243	1024
planetlab5.williams.edu_planetlab1.cs.uoregon.edu_318 3	2197.540000	64.103000	0.021000	0.000000	2261.664000	10173	2112
planetlab2.cs.umass.edu_planetlab1.cs.uoregon.edu_65 2	2270.870000	0.112000	0.020000	0.000000	2271.002000	10260	1408
planetlab2.eecs.umich.edu_planetlab1.cs.uoregon.edu_484 2	2411.999000	22.501000	0.071000	0.000000	2434.571000	10190	2048
planetlab1.williams.edu_planetlab1.cs.uoregon.edu_239 3	2555.129000	15.242000	0.015000	0.000000	2570.386000	10199	2176
planetlab4.rutgers.edu_planetlab1.cs.uoregon.edu_899 2	2359.038000	252.339000	0.018000	0.000000	2611.395000	10273	1024
planetlab4.rutgers.edu_planetlab1.cs.uoregon.edu_904 2	2383.816000	241.951000	0.033000	0.000000	2625.800000	10274	1024
planetlab4.rutgers.edu_planetlab1.cs.uoregon.edu_905 2	2383.199000	242.650000	0.017000	0.000000	2625.866000	10275	1024
planetlab1.cs.pitt.edu_planetlab1.cs.uoregon.edu_648 1	567.075000	2098.848000	0.016000	0.000000	2665.939000	10076	384
planetlab2.eecs.umich.edu_planetlab1.cs.uoregon.edu_517 2	2558.484000	105.481000	0.075000	0.000000	2664.040000	10214	2048
planetlab1.cs.pitt.edu_planetlab1.cs.uoregon.edu_656 1	717.520000	1949.791000	0.017000	0.000000	2667.328000	10092	384
planetlab4.rutgers.edu_planetlab1.cs.uoregon.edu_917 2	2405.933000	260.902000	0.017000	0.000000	2666.852000	10279	1024
planetlab1.cs.pitt.edu_planetlab1.cs.uoregon.edu_661 1	798.416000	1877.139000	0.014000	0.000000	2675.569000	10100	384
planetlab1.cs.pitt.edu_planetlab1.cs.uoregon.edu_670 1	841.337000	1838.029000	0.012000	0.000000	2679.378000	10104	384
planetlab1.cs.pitt.edu_planetlab1.cs.uoregon.edu_679 1	894.938000	1804.977000	0.020000	0.000000	2699.935000	10108	384
planetlab1.cs.pitt.edu_planetlab1.cs.uoregon.edu_681 1	898.264000	1809.338000	0.024000	0.000000	2707.626000	10109	384
planetlab1.cs.cornell.edu_planetlab1.cs.uoregon.edu_264 1	2710.654000	0.396000	0.045000	0.000000	2711.095000	10314	1280
planetlab1.cs.pitt.edu_planetlab1.cs.uoregon.edu_683 1	910.478000	1805.374000	0.014000	0.000000	2715.866000	10110	384
planetlab1.cs.uoregon.edu_planetlab1.cs.uoregon.edu_362 0	0.801000	2725.938000	0.013000	0.000000	2726.752000	10340	256
planetlab1.cs.pitt.edu_planetlab1.cs.uoregon.edu_740 1	2075.531000	695.830000	0.032000	0.000000	2771.393000	10236	384
planetlab1.eecs.umich.edu_planetlab1.cs.uoregon.edu_132 1	2778.785000	1.604000	0.066000	0.000000	2780.455000	10305	2304
planetlab2.eecs.umich.edu_planetlab1.cs.uoregon.edu_531 2	2613.921000	192.505000	0.072000	0.000000	2806.498000	10218	2048
planetlab2.eecs.umich.edu_planetlab1.cs.uoregon.edu_535 2	2629.418000	211.185000	0.076000	0.000000	2840.679000	10220	2048
planetlab1.cs.uoregon.edu_planetlab1.cs.uoregon.edu_377 0	0.425000	2843.398000	0.011000	0.000000	2843.834000	10354	256
planetlab2.eecs.umich.edu_planetlab1.cs.uoregon.edu_539 2	2634.084000	228.943000	0.072000	0.000000	2863.099000	10222	2048
planetlab2.eecs.umich.edu_planetlab1.cs.uoregon.edu_545 2	2648.948000	265.696000	0.114000	0.000000	2914.758000	10223	2048
planetlab2.eecs.umich.edu_planetlab1.cs.uoregon.edu_557 2	2685.764000	303.473000	0.078000	0.000000	2989.315000	10225	2048
planetlab1.cs.uoregon.edu_planetlab1.cs.uoregon.edu_416 0	3.828000	3198.342000	0.012000	0.000000	3202.182000	10392	256
planetlab2.eecs.umich.edu_planetlab1.cs.uoregon.edu_587 2	2803.143000	410.446000	0.070000	0.000000	3213.659000	10238	2048
planetlab1.cs.uoregon.edu_planetlab1.cs.uoregon.edu_429 0	2.108000	3280.644000	0.015000	0.000000	3282.767000	10404	256
planetlab1.williams.edu_planetlab1.cs.uoregon.edu_337 3	3341.600000	0.180000	0.016000	0.000000	3341.796000	10250	2176
planetlab1.cs.uoregon.edu_planetlab1.cs.uoregon.edu_464 0	1.116000	3605.244000	0.011000	0.000000	3606.371000	10436	256
planetlab6.cs.duke.edu_planetlab1.cs.uoregon.edu_857 1	1993.006000	1663.429000	0.021000	0.000000	3656.456000	10231	288
righthand.eecs.harvard.edu_planetlab1.cs.uoregon.edu_332 4	3719.508000	0.797000	0.024000	0.000000	3720.329000	10277	2240
planetlab1.eecs.umich.edu_planetlab1.cs.uoregon.edu_166 1	3731.120000	0.369000	0.064000	0.000000	3731.553000	10411	2304
planetlab1.cs.uoregon.edu_planetlab1.cs.uoregon.edu_493 0	0.482000	3845.470000	0.013000	0.000000	3845.965000	10464	256
planetlab1.cs.uoregon.edu_planetlab1.cs.uoregon.edu_498 0	1.444000	3883.134000	0.011000	0.000000	3884.589000	10468	256
planetlab1.cs.uoregon.edu_planetlab1.cs.uoregon.edu_500 0	0.442000	3884.340000	0.011000	0.000000	3884.793000	10469	256
planetlab1.cs.uoregon.edu_planetlab1.cs.uoregon.edu_502 0	4.748000	3887.793000	0.014000	0.000000	3892.555000	10470	256
planetlab1.cs.uoregon.edu_planetlab1.cs.uoregon.edu_509 0	0.715000	3929.599000	0.010000	0.000000	3930.324000	10476	256
planetlab1.cs.uoregon.edu_planetlab1.cs.uoregon.edu_518 0	0.547000	4006.440000	0.012000	0.000000	4006.999000	10484	256
planetlab1.eecs.umich.edu_planetlab1.cs.uoregon.edu_218 1	4232.374000	8.571000	0.070000	0.000000	4241.015000	10462	2304
planetlab2.eecs.umich.edu_planetlab1.cs.uoregon.edu_801 2	3603.186000	727.205000	0.074000	0.000000	4330.465000	10319	2048
planetlab2.eecs.umich.edu_planetlab1.cs.uoregon.edu_814 2	3653.565000	757.921000	0.132000	0.000000	4411.618000	10324	2048
planetlab2.cs.pitt.edu_planetlab1.cs.uoregon.edu_981 2	3969.152000	697.453000	0.014000	0.000000	4666.619000	10289	304
planetlab6.cs.duke.edu_planetlab1.cs.uoregon.edu_1106 1	3253.101000	1422.151000	0.019000	0.000000	4675.271000	10370	288
planetlab1.cs.uoregon.edu_planetlab1.cs.uoregon.edu_607 0	1.866000	4804.850000	0.011000	0.000000	4806.727000	10572	256
planetlab4.rutgers.edu_planetlab1.cs.uoregon.edu_1537 2	2458.381000	2800.429000	0.068000	0.000000	5258.878000	10283	1024
planetlab1.rutgers.edu_planetlab1.cs.uoregon.edu_1041 2	1046.874000	4227.021000	0.025000	0.000000	5273.920000	10122	512
planetlab1.rutgers.edu_planetlab1.cs.uoregon.edu_1053 2	1073.874000	4214.820000	0.030000	0.000000	5288.724000	10132	512
planetlab1.rutgers.edu_planetlab1.cs.uoregon.edu_1066 2	1217.695000	4098.838000	0.042000	0.000000	5316.575000	10148	512
planetlab1.rutgers.edu_planetlab1.cs.uoregon.edu_1082 2	1315.593000	4043.628000	0.034000	0.000000	5359.255000	10160	512
planetlab1.rutgers.edu_planetlab1.cs.uoregon.edu_1091 2	1359.022000	4012.487000	0.048000	0.000000	5371.557000	10164	512
planetlab1.rutgers.edu_planetlab1.cs.uoregon.edu_1093 2	1370.100000	4006.122000	0.042000	0.000000	5376.264000	10165	512
planetlab1.rutgers.edu_planetlab1.cs.uoregon.edu_1097 2	1375.587000	4003.571000	0.045000	0.000000	5379.203000	10166	512
planetlab1.rutgers.edu_planetlab1.cs.uoregon.edu_1114 2	1439.051000	3991.630000	0.056000	0.000000	5430.737000	10172	512
planetlab1.cs.unc.edu_planetlab1.cs.uoregon.edu_1179 3	5509.287000	1.383000	0.022000	0.000000	5510.692000	10195	528
planetlab5.eecs.umich.edu_planetlab1.cs.uoregon.edu_847 2	3441.930000	2142.211000	0.017000	0.000000	5584.158000	10351	416
planetlab4.rutgers.edu_planetlab1.cs.uoregon.edu_1643 2	2525.024000	3118.935000	0.038000	0.000000	5643.997000	10291	1024
planetlab1.cs.pitt.edu_planetlab1.cs.uoregon.edu_1512 1	4491.000000	1206.579000	0.013000	0.000000	5697.592000	10505	384
planetlab-01.bu.edu_planetlab1.cs.uoregon.edu_1203 3	5293.268000	495.829000	0.017000	0.000000	5789.114000	10125	640
planetlab03.cs.washington.edu_planetlab1.cs.uoregon.edu_832 1	2185.148000	3891.069000	0.035000	0.000000	6076.252000	10280	320
planetlab4.rutgers.edu_planetlab1.cs.uoregon.edu_1831 2	3061.322000	3173.369000	0.028000	0.000000	6234.719000	10335	1024
planetlab2.eecs.umich.edu_planetlab1.cs.uoregon.edu_1286 2	5352.781000	909.831000	0.073000	0.000000	6262.685000	10471	2048
pl1.rcc.uottawa.ca_planetlab1.cs.uoregon.edu_3748 1	226.174000	6353.831000	0.010000	0.000000	6580.015000	10049	0
pl1.rcc.uottawa.ca_planetlab1.cs.uoregon.edu_3751 1	236.165000	6353.769000	0.008000	0.000000	6589.942000	10050	0
pl1.rcc.uottawa.ca_planetlab1.cs.uoregon.edu_3752 1	232.654000	6360.075000	0.010000	0.000000	6592.739000	10051	0
planetlab03.cs.washington.edu_planetlab1.cs.uoregon.edu_908 1	2704.896000	3900.233000	0.056000	0.000000	6605.185000	10333	320
pl1.rcc.uottawa.ca_planetlab1.cs.uoregon.edu_3759 1	288.475000	6337.299000	0.009000	0.000000	6625.783000	10055	0
pl1.rcc.uottawa.ca_planetlab1.cs.uoregon.edu_3761 1	286.390000	6355.149000	0.015000	0.000000	6641.554000	10056	0
pl1.rcc.uottawa.ca_planetlab1.cs.uoregon.edu_3763 1	288.938000	6359.456000	0.012000	0.000000	6648.406000	10057	0
pl1.rcc.uottawa.ca_planetlab1.cs.uoregon.edu_3765 1	293.306000	6362.433000	0.008000	0.000000	6655.747000	10058	0
pl1.rcc.uottawa.ca_planetlab1.cs.uoregon.edu_3766 1	303.005000	6357.618000	0.011000	0.000000	6660.634000	10059	0
pl1.rcc.uottawa.ca_planetlab1.cs.uoregon.edu_3772 1	352.796000	6350.954000	0.009000	0.000000	6703.759000	10061	0
pl1.rcc.uottawa.ca_planetlab1.cs.uoregon.edu_3773 1	352.868000	6354.597000	0.010000	0.000000	6707.475000	10062	0
pl1.rcc.uottawa.ca_planetlab1.cs.uoregon.edu_3774 1	356.850000	6354.906000	0.009000	0.000000	6711.765000	10063	0
pl1.rcc.uottawa.ca_planetlab1.cs.uoregon.edu_3776 1	372.468000	6344.887000	0.009000	0.000000	6717.364000	10067	0
planetlab6.cs.duke.edu_planetlab1.cs.uoregon.edu_1568 1	4380.261000	2332.392000	0.032000	0.000000	6712.685000	10498	288
pluto.cs.brown.edu_planetlab1.cs.uoregon.edu_800 1	2290.913000	4503.750000	0.023000	0.000000	6794.686000	10267	768
pl1.rcc.uottawa.ca_planetlab1.cs.uoregon.edu_3865 1	437.521000	6368.926000	0.012000	0.000000	6806.459000	10073	0
pl1.rcc.uottawa.ca_planetlab1.cs.uoregon.edu_3866 1	441.987000	6374.028000	0.009000	0.000000	6816.024000	10074	0
pl1.rcc.uottawa.ca_planetlab1.cs.uoregon.edu_3867 1	456.820000	6365.187000	0.011000	0.000000	6822.018000	10075	0
pl1.rcc.uottawa.ca_planetlab1.cs.uoregon.edu_3871 1	496.684000	6342.659000	0.018000	0.000000	6839.361000	10077	0
pl1.rcc.uottawa.ca_planetlab1.cs.uoregon.edu_3873 1	497.739000	6357.019000	0.012000	0.000000	6854.770000	10079	0
pl1.rcc.uottawa.ca_planetlab1.cs.uoregon.edu_3874 1	528.994000	6331.376000	0.010000	0.000000	6860.380000	10083	0
pl1.rcc.uottawa.ca_planetlab1.cs.uoregon.edu_3880 1	595.274000	6314.917000	0.011000	0.000000	6910.202000	10089	0
pl1.rcc.uottawa.ca_planetlab1.cs.uoregon.edu_3883 1	618.068000	6299.131000	0.010000	0.000000	6917.209000	10090	0
pl1.rcc.uottawa.ca_planetlab1.cs.uoregon.edu_3887 1	627.810000	6307.086000	0.012000	0.000000	6934.908000	10091	0
pl1.rcc.uottawa.ca_planetlab1.cs.uoregon.edu_3889 1	659.148000	6303.587000	0.010000	0.000000	6962.745000	10095	0
planetlab2.eecs.umich.edu_planetlab1.cs.uoregon.edu_1491 2	5593.730000	1399.120000	0.054000	0.000000	6992.904000	10500	2048
pl1.rcc.uottawa.ca_planetlab1.cs.uoregon.edu_3928 1	758.491000	6309.372000	0.008000	0.000000	7067.871000	10103	0
pl1.rcc.uottawa.ca_planetlab1.cs.uoregon.edu_3948 1	802.181000	6350.595000	0.015000	0.000000	7152.791000	10107	0
planetlab4.rutgers.edu_planetlab1.cs.uoregon.edu_2281 2	6928.245000	284.406000	0.024000	0.000000	7212.675000	10339	1024
pl1.rcc.uottawa.ca_planetlab1.cs.uoregon.edu_4022 1	925.414000	6484.388000	0.013000	0.000000	7409.815000	10120	0
pl1.rcc.uottawa.ca_planetlab1.cs.uoregon.edu_4026 1	943.226000	6497.187000	0.017000	0.000000	7440.430000	10123	0
vn4.cse.wustl.edu_planetlab1.cs.uoregon.edu_732 1	625.760000	6980.433000	0.024000	0.000000	7606.217000	10082	272
planetlab03.cs.washington.edu_planetlab1.cs.uoregon.edu_1060 1	3504.571000	4180.403000	0.040000	0.000000	7685.014000	10423	320
pl1.rcc.uottawa.ca_planetlab1.cs.uoregon.edu_4069 1	1094.460000	6646.051000	0.013000	0.000000	7740.524000	10141	0
pl1.rcc.uottawa.ca_planetlab1.cs.uoregon.edu_4083 1	1122.539000	6688.373000	0.013000	0.000000	7810.925000	10144	0
pl1.rcc.uottawa.ca_planetlab1.cs.uoregon.edu_4089 1	1131.975000	6725.199000	0.014000	0.000000	7857.188000	10145	0
pl1.rcc.uottawa.ca_planetlab1.cs.uoregon.edu_4098 1	1190.638000	6734.095000	0.012000	0.000000	7924.745000	10152	0
pl1.rcc.uottawa.ca_planetlab1.cs.uoregon.edu_4100 1	1205.985000	6737.131000	0.010000	0.000000	7943.126000	10153	0
pl1.rcc.uottawa.ca_planetlab1.cs.uoregon.edu_4101 1	1234.989000	6725.379000	0.010000	0.000000	7960.378000	10154	0
pl1.rcc.uottawa.ca_planetlab1.cs.uoregon.edu_4102 1	1250.513000	6712.150000	0.010000	0.000000	7962.673000	10156	0
planetlab1.cs.cornell.edu_planetlab1.cs.uoregon.edu_1035 1	4247.591000	3928.470000	0.037000	0.000000	8176.098000	10489	1280
planetlab6.cs.duke.edu_planetlab1.cs.uoregon.edu_1816 1	5548.867000	2649.683000	0.016000	0.000000	8198.566000	10624	288
planetlab6.cs.duke.edu_planetlab1.cs.uoregon.edu_1819 1	5567.909000	2635.552000	0.020000	0.000000	8203.481000	10626	288
vn4.cse.wustl.edu_planetlab1.cs.uoregon.edu_799 1	1272.348000	6942.403000	0.022000	0.000000	8214.773000	10146	272
pl1.rcc.uottawa.ca_planetlab1.cs.uoregon.edu_4123 1	1322.740000	6895.437000	0.010000	0.000000	8218.187000	10167	0
planetlab6.cs.duke.edu_planetlab1.cs.uoregon.edu_1821 1	5568.440000	2647.822000	0.013000	0.000000	8216.275000	10627	288
pl1.rcc.uottawa.ca_planetlab1.cs.uoregon.edu_4128 1	1335.390000	6916.747000	0.010000	0.000000	8252.147000	10168	0
planetlab4.rutgers.edu_planetlab1.cs.uoregon.edu_2494 2	7908.700000	353.730000	0.015000	0.000000	8262.445000	10403	1024
planetlab6.cs.duke.edu_planetlab1.cs.uoregon.edu_1826 1	5585.952000	2695.201000	0.027000	0.000000	8281.180000	10630	288
planetlab6.cs.duke.edu_planetlab1.cs.uoregon.edu_1833 1	5643.037000	2679.549000	0.018000	0.000000	8322.604000	10634	288
planetlab4.rutgers.edu_planetlab1.cs.uoregon.edu_2509 2	7920.688000	422.026000	0.017000	0.000000	8342.731000	10421	1024
planetlab4.rutgers.edu_planetlab1.cs.uoregon.edu_2522 2	7931.555000	446.560000	0.027000	0.000000	8378.142000	10432	1024
planetlab1.cs.cornell.edu_planetlab1.cs.uoregon.edu_1164 1	5426.386000	2955.203000	0.037000	0.000000	8381.626000	10617	1280
planetlab6.cs.duke.edu_planetlab1.cs.uoregon.edu_1848 1	5725.501000	2685.273000	0.017000	0.000000	8410.791000	10642	288
planetlab6.cs.duke.edu_planetlab1.cs.uoregon.edu_1878 1	5871.594000	2651.815000	0.028000	0.000000	8523.437000	10658	288
pl1.rcc.uottawa.ca_planetlab1.cs.uoregon.edu_4162 1	1448.560000	7139.647000	0.013000	0.000000	8588.220000	10179	0
planetlab4.rutgers.edu_planetlab1.cs.uoregon.edu_2673 2	8258.198000	407.672000	0.026000	0.000000	8665.896000	10531	1024
pl1.rcc.uottawa.ca_planetlab1.cs.uoregon.edu_4173 1	1482.912000	7230.971000	0.012000	0.000000	8713.895000	10185	0
pl1.rcc.uottawa.ca_planetlab1.cs.uoregon.edu_4185 1	1516.985000	7316.666000	0.012000	0.000000	8833.663000	10186	0
pl1.rcc.uottawa.ca_planetlab1.cs.uoregon.edu_4188 1	1524.172000	7322.292000	0.010000	0.000000	8846.474000	10187	0
pl1.rcc.uottawa.ca_planetlab1.cs.uoregon.edu_4200 1	1534.922000	7397.247000	0.011000	0.000000	8932.180000	10189	0
planetlab2.netlab.uky.edu_planetlab1.cs.uoregon.edu_1557 3	5265.297000	3688.093000	0.026000	0.000000	8953.416000	10106	544
pl1.rcc.uottawa.ca_planetlab1.cs.uoregon.edu_4214 1	1552.448000	7566.673000	0.011000	0.000000	9119.132000	10191	0
pl1.rcc.uottawa.ca_planetlab1.cs.uoregon.edu_4232 1	1587.719000	7656.931000	0.010000	0.000000	9244.660000	10196	0
planetlab4.rutgers.edu_planetlab1.cs.uoregon.edu_2856 2	8452.231000	796.290000	0.022000	0.000000	9248.543000	10635	1024
planetlab4.rutgers.edu_planetlab1.cs.uoregon.edu_2861 2	8455.448000	803.019000	0.014000	0.000000	9258.481000	10640	1024
pl1.rcc.uottawa.ca_planetlab1.cs.uoregon.edu_4237 1	1600.776000	7669.503000	0.010000	0.000000	9270.289000	10197	0
planetlab2.acis.ufl.edu_planetlab1.cs.uoregon.edu_1573 3	5886.599000	3388.079000	0.020000	0.000000	9274.698000	10309	1056
pl1.rcc.uottawa.ca_planetlab1.cs.uoregon.edu_4243 1	1622.480000	7717.250000	0.013000	0.000000	9339.743000	10201	0
pl1.rcc.uottawa.ca_planetlab1.cs.uoregon.edu_4258 1	1658.167000	7780.874000	0.008000	0.000000	9439.049000	10203	0
pl1.rcc.uottawa.ca_planetlab1.cs.uoregon.edu_4262 1	1659.692000	7812.544000	0.010000	0.000000	9472.246000	10204	0
pl1.rcc.uottawa.ca_planetlab1.cs.uoregon.edu_4263 1	1660.959000	7811.886000	0.009000	0.000000	9472.854000	10205	0
pl1.rcc.uottawa.ca_planetlab1.cs.uoregon.edu_4270 1	1670.831000	7867.983000	0.010000	0.000000	9538.824000	10207	0
pl1.rcc.uottawa.ca_planetlab1.cs.uoregon.edu_4291 1	1730.087000	8014.678000	0.010000	0.000000	9744.775000	10211	0
pl1.rcc.uottawa.ca_planetlab1.cs.uoregon.edu_4300 1	1745.944000	8071.456000	0.010000	0.000000	9817.410000	10216	0
pl1.rcc.uottawa.ca_planetlab1.cs.uoregon.edu_4326 1	1798.379000	8231.857000	0.009000	0.000000	10030.245000	10219	0
pluto.cs.brown.edu_planetlab1.cs.uoregon.edu_1209 1	4680.137000	5578.678000	0.015000	0.000000	10258.830000	10533	768
node1.planetlab.albany.edu_planetlab1.cs.uoregon.edu_4780 2	6925.279000	3586.312000	0.023000	0.000000	10511.614000	10086	32
node1.planetlab.albany.edu_planetlab1.cs.uoregon.edu_4821 2	6976.771000	3608.265000	0.017000	0.000000	10585.053000	10093	32
pl1.rcc.uottawa.ca_planetlab1.cs.uoregon.edu_4545 1	1998.003000	8758.168000	0.014000	0.000000	10756.185000	10237	0
pl1.rcc.uottawa.ca_planetlab1.cs.uoregon.edu_4547 1	2007.448000	8762.168000	0.012000	0.000000	10769.628000	10240	0
pl1.rcc.uottawa.ca_planetlab1.cs.uoregon.edu_4549 1	2014.971000	8761.289000	0.011000	0.000000	10776.271000	10241	0
pl1.rcc.uottawa.ca_planetlab1.cs.uoregon.edu_4553 1	2027.691000	8789.755000	0.016000	0.000000	10817.462000	10242	0
pl1.rcc.uottawa.ca_planetlab1.cs.uoregon.edu_4563 1	2067.328000	8811.780000	0.011000	0.000000	10879.119000	10244	0
pl1.rcc.uottawa.ca_planetlab1.cs.uoregon.edu_4569 1	2087.187000	8834.052000	0.015000	0.000000	10921.254000	10248	0
planetlab7.flux.utah.edu_planetlab1.cs.uoregon.edu_1366 3	7955.017000	3080.885000	0.016000	0.000000	11035.918000	10460	1536
planetlab7.flux.utah.edu_planetlab1.cs.uoregon.edu_1378 3	8215.544000	2876.290000	0.020000	0.000000	11091.854000	10504	1536
pl1.rcc.uottawa.ca_planetlab1.cs.uoregon.edu_4599 1	2150.143000	8966.088000	0.013000	0.000000	11116.244000	10254	0
planetlab2.mnlab.cti.depaul.edu_planetlab1.cs.uoregon.edu_1106 3	1100.495000	10047.430000	0.019000	0.000000	11147.944000	10139	1152
pl1.rcc.uottawa.ca_planetlab1.cs.uoregon.edu_4601 1	2154.937000	8991.917000	0.009000	0.000000	11146.863000	10256	0
planetlab7.flux.utah.edu_planetlab1.cs.uoregon.edu_1393 3	8465.141000	2689.996000	0.024000	0.000000	11155.161000	10647	1536
planetlab2.mnlab.cti.depaul.edu_planetlab1.cs.uoregon.edu_1111 3	1283.774000	9889.573000	0.010000	0.000000	11173.357000	10155	1152
planetlab2.mnlab.cti.depaul.edu_planetlab1.cs.uoregon.edu_1114 3	1308.414000	9874.090000	0.011000	0.000000	11182.515000	10163	1152
planetlab2.mnlab.cti.depaul.edu_planetlab1.cs.uoregon.edu_1116 3	1375.934000	9824.097000	0.011000	0.000000	11200.042000	10169	1152
planetlab2.mnlab.cti.depaul.edu_planetlab1.cs.uoregon.edu_1117 3	1382.399000	9818.754000	0.010000	0.000000	11201.163000	10170	1152
planetlab2.mnlab.cti.depaul.edu_planetlab1.cs.uoregon.edu_1119 3	1420.421000	9813.315000	0.011000	0.000000	11233.747000	10171	1152
planetlab2.mnlab.cti.depaul.edu_planetlab1.cs.uoregon.edu_1120 3	1444.858000	9795.698000	0.010000	0.000000	11240.566000	10175	1152
pl1.rcc.uottawa.ca_planetlab1.cs.uoregon.edu_4626 1	2218.613000	9111.151000	0.011000	0.000000	11329.775000	10262	0
pl1.rcc.uottawa.ca_planetlab1.cs.uoregon.edu_4636 1	2250.986000	9148.787000	0.010000	0.000000	11399.783000	10266	0
pluto.cs.brown.edu_planetlab1.cs.uoregon.edu_1339 1	5053.445000	6380.916000	0.023000	0.000000	11434.384000	10576	768
planetlab2.mnlab.cti.depaul.edu_planetlab1.cs.uoregon.edu_1143 3	2121.687000	9346.794000	0.012000	0.000000	11468.493000	10235	1152
pl1.rcc.uottawa.ca_planetlab1.cs.uoregon.edu_4647 1	2282.756000	9192.330000	0.011000	0.000000	11475.097000	10268	0
planetlab1.rutgers.edu_planetlab1.cs.uoregon.edu_2832 2	6808.168000	4682.995000	0.068000	0.000000	11491.231000	10228	512
pl1.rcc.uottawa.ca_planetlab1.cs.uoregon.edu_4650 1	2290.141000	9206.422000	0.013000	0.000000	11496.576000	10270	0
planetlab1.rutgers.edu_planetlab1.cs.uoregon.edu_2835 2	6808.721000	4702.370000	0.044000	0.000000	11511.135000	10239	512
planetlab1.rutgers.edu_planetlab1.cs.uoregon.edu_2840 2	6817.324000	4699.380000	0.050000	0.000000	11516.754000	10261	512
pl1.rcc.uottawa.ca_planetlab1.cs.uoregon.edu_4654 1	2295.497000	9232.853000	0.010000	0.000000	11528.360000	10271	0
planetlab1.rutgers.edu_planetlab1.cs.uoregon.edu_2846 2	6829.138000	4710.741000	0.076000	0.000000	11539.955000	10281	512
pl1.rcc.uottawa.ca_planetlab1.cs.uoregon.edu_4655 1	2300.320000	9239.845000	0.010000	0.000000	11540.175000	10272	0
pl1.rcc.uottawa.ca_planetlab1.cs.uoregon.edu_4678 1	2362.722000	9329.417000	0.012000	0.000000	11692.151000	10278	0
pl1.rcc.uottawa.ca_planetlab1.cs.uoregon.edu_4687 1	2394.632000	9352.206000	0.008000	0.000000	11746.846000	10282	0
planetlab1.rutgers.edu_planetlab1.cs.uoregon.edu_2895 2	6933.424000	4823.621000	0.037000	0.000000	11757.082000	10313	512
pl1.rcc.uottawa.ca_planetlab1.cs.uoregon.edu_4693 1	2415.230000	9387.257000	0.010000	0.000000	11802.497000	10284	0
planetlab1.rutgers.edu_planetlab1.cs.uoregon.edu_2902 2	6938.634000	4868.972000	0.054000	0.000000	11807.660000	10337	512
planetlab1.rutgers.edu_planetlab1.cs.uoregon.edu_2905 2	6940.772000	4887.965000	0.035000	0.000000	11828.772000	10344	512
planetlab1.rutgers.edu_planetlab1.cs.uoregon.edu_2908 2	6951.545000	4882.361000	0.047000	0.000000	11833.953000	10345	512
pl1.rcc.uottawa.ca_planetlab1.cs.uoregon.edu_4700 1	2436.624000	9405.860000	0.011000	0.000000	11842.495000	10286	0
planetlab1.rutgers.edu_planetlab1.cs.uoregon.edu_2910 2	6950.335000	4894.376000	0.035000	0.000000	11844.746000	10347	512
pl1.rcc.uottawa.ca_planetlab1.cs.uoregon.edu_4702 1	2436.614000	9409.203000	0.010000	0.000000	11845.827000	10287	0
planetlab1.rutgers.edu_planetlab1.cs.uoregon.edu_2912 2	6954.618000	4909.275000	0.053000	0.000000	11863.946000	10349	512
planetlab1.rutgers.edu_planetlab1.cs.uoregon.edu_2914 2	6953.470000	4940.627000	0.037000	0.000000	11894.134000	10361	512
node1.planetlab.albany.edu_planetlab1.cs.uoregon.edu_5405 2	8003.703000	3904.705000	0.028000	0.000000	11908.436000	10157	32
pl1.rcc.uottawa.ca_planetlab1.cs.uoregon.edu_4709 1	2478.633000	9435.065000	0.010000	0.000000	11913.708000	10290	0
planetlab1.rutgers.edu_planetlab1.cs.uoregon.edu_2919 2	6959.554000	4961.870000	0.050000	0.000000	11921.474000	10378	512
pl1.rcc.uottawa.ca_planetlab1.cs.uoregon.edu_4712 1	2487.640000	9455.345000	0.012000	0.000000	11942.997000	10292	0
pl1.rcc.uottawa.ca_planetlab1.cs.uoregon.edu_4715 1	2488.445000	9473.065000	0.013000	0.000000	11961.523000	10293	0
pl1.rcc.uottawa.ca_planetlab1.cs.uoregon.edu_4716 1	2501.548000	9462.334000	0.009000	0.000000	11963.891000	10294	0
vn4.cse.wustl.edu_planetlab1.cs.uoregon.edu_1212 1	5234.747000	6735.292000	0.022000	0.000000	11970.061000	10583	272
pl1.rcc.uottawa.ca_planetlab1.cs.uoregon.edu_4717 1	2505.760000	9475.185000	0.009000	0.000000	11980.954000	10295	0
planetlab03.cs.washington.edu_planetlab1.cs.uoregon.edu_1455 1	5040.636000	6980.032000	0.035000	0.000000	12020.703000	10595	320
pl1.rcc.uottawa.ca_planetlab1.cs.uoregon.edu_4731 1	2542.598000	9531.194000	0.009000	0.000000	12073.801000	10296	0
pl1.rcc.uottawa.ca_planetlab1.cs.uoregon.edu_4737 1	2555.857000	9554.668000	0.013000	0.000000	12110.538000	10298	0
pl1.rcc.uottawa.ca_planetlab1.cs.uoregon.edu_4748 1	2557.515000	9605.313000	0.013000	0.000000	12162.841000	10299	0
pl1.rcc.uottawa.ca_planetlab1.cs.uoregon.edu_4752 1	2559.329000	9627.649000	0.020000	0.000000	12186.998000	10300	0
pl1.rcc.uottawa.ca_planetlab1.cs.uoregon.edu_4765 1	2574.543000	9683.644000	0.010000	0.000000	12258.197000	10301	0
planetlab1.tamu.edu_planetlab1.cs.uoregon.edu_1246 2	6789.509000	5489.746000	0.027000	0.000000	12279.282000	10217	832
pl1.rcc.uottawa.ca_planetlab1.cs.uoregon.edu_4776 1	2576.736000	9717.621000	0.078000	0.000000	12294.435000	10302	0
pl1.rcc.uottawa.ca_planetlab1.cs.uoregon.edu_4779 1	2579.138000	9720.952000	0.016000	0.000000	12300.106000	10303	0
pl1.rcc.uottawa.ca_planetlab1.cs.uoregon.edu_4823 1	2607.534000	9869.767000	0.012000	0.000000	12477.313000	10304	0
pl1.rcc.uottawa.ca_planetlab1.cs.uoregon.edu_4937 1	2705.682000	10142.912000	0.016000	0.000000	12848.610000	10315	0
planetlab2.acis.ufl.edu_planetlab1.cs.uoregon.edu_2509 3	8616.586000	4652.303000	0.019000	0.000000	13268.908000	10486	1056
planetlab2.acis.ufl.edu_planetlab1.cs.uoregon.edu_2517 3	8623.794000	4679.057000	0.016000	0.000000	13302.867000	10501	1056
pl1.rcc.uottawa.ca_planetlab1.cs.uoregon.edu_5068 1	2796.686000	10512.124000	0.013000	0.000000	13308.823000	10325	0
pl1.rcc.uottawa.ca_planetlab1.cs.uoregon.edu_5111 1	2887.889000	10773.865000	0.011000	0.000000	13661.765000	10334	0
planetlab2.acis.ufl.edu_planetlab1.cs.uoregon.edu_2615 3	8861.264000	4828.527000	0.022000	0.000000	13689.813000	10561	1056
planetlab2.acis.ufl.edu_planetlab1.cs.uoregon.edu_2640 3	8928.269000	4864.270000	0.018000	0.000000	13792.557000	10564	1056
pl1.rcc.uottawa.ca_planetlab1.cs.uoregon.edu_5138 1	2934.180000	10869.974000	0.010000	0.000000	13804.164000	10341	0
planetlab2.acis.ufl.edu_planetlab1.cs.uoregon.edu_2653 3	8959.533000	4872.205000	0.022000	0.000000	13831.760000	10565	1056
planetlab2.acis.ufl.edu_planetlab1.cs.uoregon.edu_2657 3	8962.997000	4879.048000	0.020000	0.000000	13842.065000	10567	1056
planetlab2.acis.ufl.edu_planetlab1.cs.uoregon.edu_2673 3	9003.388000	4908.338000	0.020000	0.000000	13911.746000	10573	1056
pl1.rcc.uottawa.ca_planetlab1.cs.uoregon.edu_5172 1	2990.594000	10975.497000	0.013000	0.000000	13966.104000	10346	0
planetlab2.acis.ufl.edu_planetlab1.cs.uoregon.edu_2699 3	9122.783000	4847.561000	0.026000	0.000000	13970.370000	10581	1056
planetlab2.acis.ufl.edu_planetlab1.cs.uoregon.edu_2708 3	9159.153000	4852.142000	0.020000	0.000000	14011.315000	10597	1056
pl1.rcc.uottawa.ca_planetlab1.cs.uoregon.edu_5211 1	3026.372000	11105.364000	0.018000	0.000000	14131.754000	10350	0
pl1.rcc.uottawa.ca_planetlab1.cs.uoregon.edu_5219 1	3045.796000	11195.327000	0.011000	0.000000	14241.134000	10353	0
pl1.rcc.uottawa.ca_planetlab1.cs.uoregon.edu_5225 1	3057.925000	11227.971000	0.011000	0.000000	14285.907000	10356	0
planetlab1.rutgers.edu_planetlab1.cs.uoregon.edu_3479 2	7958.796000	6341.839000	0.044000	0.000000	14300.679000	10473	512
pl1.rcc.uottawa.ca_planetlab1.cs.uoregon.edu_5232 1	3072.647000	11260.026000	0.010000	0.000000	14332.683000	10357	0
node1.planetlab.albany.edu_planetlab1.cs.uoregon.edu_6489 2	10598.891000	3832.278000	0.033000	0.000000	14431.202000	10233	32
pl1.rcc.uottawa.ca_planetlab1.cs.uoregon.edu_5244 1	3094.849000	11333.921000	0.011000	0.000000	14428.781000	10358	0
pl1.rcc.uottawa.ca_planetlab1.cs.uoregon.edu_5248 1	3097.936000	11352.841000	0.018000	0.000000	14450.795000	10359	0
pl1.rcc.uottawa.ca_planetlab1.cs.uoregon.edu_5259 1	3122.580000	11432.301000	0.010000	0.000000	14554.891000	10362	0
pl1.rcc.uottawa.ca_planetlab1.cs.uoregon.edu_5263 1	3139.731000	11452.525000	0.011000	0.000000	14592.267000	10364	0
pl1.rcc.uottawa.ca_planetlab1.cs.uoregon.edu_5272 1	3143.816000	11494.736000	0.010000	0.000000	14638.562000	10365	0
pl1.rcc.uottawa.ca_planetlab1.cs.uoregon.edu_5286 1	3162.800000	11550.681000	0.013000	0.000000	14713.494000	10366	0
pl1.rcc.uottawa.ca_planetlab1.cs.uoregon.edu_5288 1	3169.827000	11554.769000	0.011000	0.000000	14724.607000	10367	0
pl1.rcc.uottawa.ca_planetlab1.cs.uoregon.edu_5300 1	3180.423000	11658.443000	0.010000	0.000000	14838.876000	10368	0
planetlab1.eecs.umich.edu_planetlab1.cs.uoregon.edu_875 1	5836.229000	9197.533000	0.056000	0.000000	15033.818000	10645	2304
ebb.colgate.edu_planetlab1.cs.uoregon.edu_1916 4	15049.247000	0.203000	0.014000	0.000000	15049.464000	10408	1184
planetlab4.wail.wisc.edu_planetlab1.cs.uoregon.edu_3408 2	6734.088000	8655.826000	0.024000	0.000000	15389.938000	10064	16
planetlab1.rutgers.edu_planetlab1.cs.uoregon.edu_3781 2	8658.555000	6866.927000	0.040000	0.000000	15525.522000	10495	512
pl1.rcc.uottawa.ca_planetlab1.cs.uoregon.edu_5476 1	3373.815000	12425.003000	0.011000	0.000000	15798.829000	10390	0
node1.planetlab.albany.edu_planetlab1.cs.uoregon.edu_6953 2	11390.206000	4478.396000	0.018000	0.000000	15868.620000	10264	32
planetlab2.umassd.edu_planetlab1.cs.uoregon.edu_3104 2	6883.380000	9250.109000	0.016000	0.000000	16133.505000	10072	64
pl1.rcc.uottawa.ca_planetlab1.cs.uoregon.edu_5524 1	3441.915000	12692.906000	0.013000	0.000000	16134.834000	10398	0
node1.planetlab.albany.edu_planetlab1.cs.uoregon.edu_7090 2	11679.835000	4598.954000	0.015000	0.000000	16278.804000	10276	32
planetlab2.umassd.edu_planetlab1.cs.uoregon.edu_3149 2	6963.447000	9358.169000	0.056000	0.000000	16321.672000	10084	64
pl1.rcc.uottawa.ca_planetlab1.cs.uoregon.edu_5550 1	3479.771000	12873.131000	0.010000	0.000000	16352.912000	10401	0
planetlab2.umassd.edu_planetlab1.cs.uoregon.edu_3183 2	7047.105000	9381.892000	0.055000	0.000000	16429.052000	10098	64
planetlab2.eecs.umich.edu_planetlab1.cs.uoregon.edu_3167 2	11871.548000	4596.753000	0.074000	0.000000	16468.375000	10599	2048
planetlab2.eecs.umich.edu_planetlab1.cs.uoregon.edu_3194 2	11990.162000	4601.010000	0.074000	0.000000	16591.246000	10609	2048
pl1.rcc.uottawa.ca_planetlab1.cs.uoregon.edu_5634 1	3559.062000	13235.151000	0.012000	0.000000	16794.225000	10410	0
pl1.rcc.uottawa.ca_planetlab1.cs.uoregon.edu_5651 1	3577.451000	13310.463000	0.011000	0.000000	16887.925000	10414	0
planetlab2.umassd.edu_planetlab1.cs.uoregon.edu_3325 2	7381.798000	9578.727000	0.018000	0.000000	16960.543000	10115	64
planetlab2.umassd.edu_planetlab1.cs.uoregon.edu_3359 2	7443.432000	9662.256000	0.016000	0.000000	17105.704000	10117	64
planetlab2.umassd.edu_planetlab1.cs.uoregon.edu_3364 2	7450.718000	9666.849000	0.017000	0.000000	17117.584000	10118	64
planetlab2.umassd.edu_planetlab1.cs.uoregon.edu_3366 2	7453.649000	9670.966000	0.021000	0.000000	17124.636000	10119	64
pl1.rcc.uottawa.ca_planetlab1.cs.uoregon.edu_5711 1	3667.725000	13524.140000	0.015000	0.000000	17191.880000	10422	0
planetlab2.netlab.uky.edu_planetlab1.cs.uoregon.edu_3676 3	12000.918000	5268.913000	0.020000	0.000000	17269.851000	10407	544
planetlab2.umassd.edu_planetlab1.cs.uoregon.edu_3427 2	7588.868000	9778.278000	0.020000	0.000000	17367.166000	10127	64
planetlab-03.cs.princeton.edu_planetlab1.cs.uoregon.edu_3949 3	16884.971000	485.678000	0.020000	0.000000	17370.669000	10111	80
pl1.rcc.uottawa.ca_planetlab1.cs.uoregon.edu_5768 1	3720.099000	13807.535000	0.014000	0.000000	17527.648000	10426	0
planetlab2.umassd.edu_planetlab1.cs.uoregon.edu_3481 2	7709.321000	9857.999000	0.058000	0.000000	17567.378000	10136	64
pl1.rcc.uottawa.ca_planetlab1.cs.uoregon.edu_5784 1	3747.920000	13932.986000	0.010000	0.000000	17680.916000	10428	0
pl1.rcc.uottawa.ca_planetlab1.cs.uoregon.edu_5792 1	3748.270000	13969.960000	0.013000	0.000000	17718.243000	10430	0
pl1.rcc.uottawa.ca_planetlab1.cs.uoregon.edu_5803 1	3762.763000	13995.058000	0.013000	0.000000	17757.834000	10431	0
node1.planetlab.albany.edu_planetlab1.cs.uoregon.edu_7564 2	12797.287000	5223.875000	0.018000	0.000000	18021.180000	10312	32
planetlab2.umassd.edu_planetlab1.cs.uoregon.edu_3579 2	7998.231000	10027.082000	0.013000	0.000000	18025.326000	10151	64
pl1.rcc.uottawa.ca_planetlab1.cs.uoregon.edu_5845 1	3861.045000	14320.137000	0.010000	0.000000	18181.192000	10442	0
planetlab2.umassd.edu_planetlab1.cs.uoregon.edu_3618 2	8084.268000	10120.906000	0.018000	0.000000	18205.192000	10162	64
planetlab5.williams.edu_planetlab1.cs.uoregon.edu_1487 3	4850.250000	13483.218000	0.016000	0.000000	18333.484000	10363	2112
node1.planetlab.albany.edu_planetlab1.cs.uoregon.edu_7684 2	13092.548000	5451.765000	0.021000	0.000000	18544.334000	10320	32
pl1.rcc.uottawa.ca_planetlab1.cs.uoregon.edu_5902 1	3953.118000	14697.275000	0.021000	0.000000	18650.414000	10452	0
pl1.rcc.uottawa.ca_planetlab1.cs.uoregon.edu_5937 1	4068.428000	14851.020000	0.013000	0.000000	18919.461000	10466	0
pl1.rcc.uottawa.ca_planetlab1.cs.uoregon.edu_5947 1	4094.993000	14894.379000	0.011000	0.000000	18989.383000	10472	0
pl1.rcc.uottawa.ca_planetlab1.cs.uoregon.edu_5948 1	4100.662000	14896.245000	0.013000	0.000000	18996.920000	10474	0
pl1.rcc.uottawa.ca_planetlab1.cs.uoregon.edu_5953 1	4124.981000	14989.545000	0.009000	0.000000	19114.535000	10475	0
planetlab5.williams.edu_planetlab1.cs.uoregon.edu_1582 3	5715.065000	13410.437000	0.016000	0.000000	19125.518000	10440	2112
planetlab2.umassd.edu_planetlab1.cs.uoregon.edu_3820 2	8772.897000	10434.545000	0.020000	0.000000	19207.462000	10183	64
pl1.rcc.uottawa.ca_planetlab1.cs.uoregon.edu_5965 1	4160.964000	15113.389000	0.013000	0.000000	19274.366000	10478	0
pl1.rcc.uottawa.ca_planetlab1.cs.uoregon.edu_5985 1	4215.816000	15307.111000	0.010000	0.000000	19522.937000	10485	0
planetlab2.umassd.edu_planetlab1.cs.uoregon.edu_3881 2	9000.618000	10543.219000	0.049000	0.000000	19543.886000	10188	64
pl1.rcc.uottawa.ca_planetlab1.cs.uoregon.edu_6001 1	4250.601000	15417.004000	0.012000	0.000000	19667.617000	10490	0
pl1.rcc.uottawa.ca_planetlab1.cs.uoregon.edu_6012 1	4291.279000	15505.561000	0.009000	0.000000	19796.849000	10494	0
planetlab2.umassd.edu_planetlab1.cs.uoregon.edu_3941 2	9206.049000	10640.711000	0.020000	0.000000	19846.780000	10194	64
pl1.rcc.uottawa.ca_planetlab1.cs.uoregon.edu_6017 1	4298.081000	15565.954000	0.011000	0.000000	19864.046000	10496	0
planetlab1.rutgers.edu_planetlab1.cs.uoregon.edu_4840 2	11548.939000	8455.498000	0.056000	0.000000	20004.493000	10601	512
pl1.rcc.uottawa.ca_planetlab1.cs.uoregon.edu_6044 1	4375.798000	15824.356000	0.010000	0.000000	20200.164000	10502	0
node1.planetlab.albany.edu_planetlab1.cs.uoregon.edu_7958 2	13539.365000	6715.778000	0.017000	0.000000	20255.160000	10328	32
node1.planetlab.albany.edu_planetlab1.cs.uoregon.edu_7961 2	13540.258000	6740.556000	0.018000	0.000000	20280.832000	10329	32
node1.planetlab.albany.edu_planetlab1.cs.uoregon.edu_7966 2	13550.389000	6763.151000	0.017000	0.000000	20313.557000	10330	32
planetlab4.wail.wisc.edu_planetlab1.cs.uoregon.edu_4842 2	10568.677000	9753.528000	0.019000	0.000000	20322.224000	10232	16
planetlab-01.bu.edu_planetlab1.cs.uoregon.edu_3012 3	20355.989000	0.180000	0.019000	0.000000	20356.188000	10628	640
pl1.rcc.uottawa.ca_planetlab1.cs.uoregon.edu_6072 1	4410.431000	16039.719000	0.012000	0.000000	20450.162000	10506	0
planetlab2.umassd.edu_planetlab1.cs.uoregon.edu_4159 2	9802.922000	10693.894000	0.051000	0.000000	20496.867000	10210	64
pl1.rcc.uottawa.ca_planetlab1.cs.uoregon.edu_6081 1	4428.278000	16125.022000	0.009000	0.000000	20553.309000	10507	0
node1.planetlab.albany.edu_planetlab1.cs.uoregon.edu_8001 2	13636.950000	6921.177000	0.018000	0.000000	20558.145000	10332	32
pl1.rcc.uottawa.ca_planetlab1.cs.uoregon.edu_6084 1	4439.295000	16149.638000	0.013000	0.000000	20588.946000	10508	0
pl1.rcc.uottawa.ca_planetlab1.cs.uoregon.edu_6091 1	4454.116000	16219.666000	0.009000	0.000000	20673.791000	10510	0
pl1.rcc.uottawa.ca_planetlab1.cs.uoregon.edu_6092 1	4455.161000	16235.999000	0.010000	0.000000	20691.170000	10511	0
planetlab4.wail.wisc.edu_planetlab1.cs.uoregon.edu_4978 2	10921.971000	9781.740000	0.028000	0.000000	20703.739000	10245	16
planetlab4.wail.wisc.edu_planetlab1.cs.uoregon.edu_4990 2	10951.377000	9800.043000	0.021000	0.000000	20751.441000	10249	16
planetlab4.wail.wisc.edu_planetlab1.cs.uoregon.edu_5030 2	11049.043000	9837.497000	0.026000	0.000000	20886.566000	10252	16
pl1.rcc.uottawa.ca_planetlab1.cs.uoregon.edu_6103 1	4498.052000	16393.921000	0.011000	0.000000	20891.984000	10514	0
planetlab4.wail.wisc.edu_planetlab1.cs.uoregon.edu_5038 2	11076.899000	9845.163000	0.017000	0.000000	20922.079000	10253	16
planetlab4.wail.wisc.edu_planetlab1.cs.uoregon.edu_5053 2	11149.501000	9817.922000	0.017000	0.000000	20967.440000	10255	16
pl1.rcc.uottawa.ca_planetlab1.cs.uoregon.edu_6108 1	4507.980000	16483.162000	0.184000	0.000000	20991.326000	10516	0
planetlab4.wail.wisc.edu_planetlab1.cs.uoregon.edu_5091 2	11242.571000	9838.966000	0.019000	0.000000	21081.556000	10258	16
roam2.cs.ou.edu_planetlab1.cs.uoregon.edu_3774 3	11366.295000	9720.684000	0.017000	0.000000	21086.996000	10126	48
pl1.rcc.uottawa.ca_planetlab1.cs.uoregon.edu_6114 1	4522.461000	16593.177000	0.010000	0.000000	21115.648000	10518	0
pl1.rcc.uottawa.ca_planetlab1.cs.uoregon.edu_6115 1	4526.456000	16594.043000	0.014000	0.000000	21120.513000	10519	0
roam2.cs.ou.edu_planetlab1.cs.uoregon.edu_3805 3	11478.552000	9723.861000	0.023000	0.000000	21202.436000	10134	48
planetlab2.umassd.edu_planetlab1.cs.uoregon.edu_4311 2	10272.694000	10950.365000	0.020000	0.000000	21223.079000	10224	64
roam2.cs.ou.edu_planetlab1.cs.uoregon.edu_3818 3	11528.666000	9722.910000	0.019000	0.000000	21251.595000	10138	48
pl1.rcc.uottawa.ca_planetlab1.cs.uoregon.edu_6125 1	4545.076000	16708.228000	0.011000	0.000000	21253.315000	10520	0
roam2.cs.ou.edu_planetlab1.cs.uoregon.edu_3822 3	11555.568000	9719.492000	0.018000	0.000000	21275.078000	10140	48
pl1.rcc.uottawa.ca_planetlab1.cs.uoregon.edu_6133 1	4568.376000	16776.453000	0.017000	0.000000	21344.846000	10522	0
roam2.cs.ou.edu_planetlab1.cs.uoregon.edu_3848 3	11662.263000	9704.858000	0.020000	0.000000	21367.141000	10142	48
pl1.rcc.uottawa.ca_planetlab1.cs.uoregon.edu_6136 1	4573.285000	16789.585000	0.011000	0.000000	21362.881000	10523	0
planetlab4.wail.wisc.edu_planetlab1.cs.uoregon.edu_5186 2	11475.111000	9910.176000	0.018000	0.000000	21385.305000	10269	16
pl1.rcc.uottawa.ca_planetlab1.cs.uoregon.edu_6139 1	4577.036000	16833.837000	0.012000	0.000000	21410.885000	10524	0
roam2.cs.ou.edu_planetlab1.cs.uoregon.edu_3864 3	11729.167000	9722.050000	0.020000	0.000000	21451.237000	10143	48
planetlab2.umassd.edu_planetlab1.cs.uoregon.edu_4361 2	10348.943000	11101.253000	0.030000	0.000000	21450.226000	10226	64
pl1.rcc.uottawa.ca_planetlab1.cs.uoregon.edu_6142 1	4580.765000	16872.339000	0.013000	0.000000	21453.117000	10525	0
pl1.rcc.uottawa.ca_planetlab1.cs.uoregon.edu_6146 1	4592.240000	16912.177000	0.014000	0.000000	21504.431000	10526	0
pl1.rcc.uottawa.ca_planetlab1.cs.uoregon.edu_6148 1	4595.522000	16921.578000	0.012000	0.000000	21517.112000	10527	0
pl1.rcc.uottawa.ca_planetlab1.cs.uoregon.edu_6163 1	4621.928000	17062.557000	0.010000	0.000000	21684.495000	10529	0
pl1.rcc.uottawa.ca_planetlab1.cs.uoregon.edu_6172 1	4636.858000	17130.570000	0.012000	0.000000	21767.440000	10530	0
pl1.rcc.uottawa.ca_planetlab1.cs.uoregon.edu_6177 1	4647.726000	17172.000000	0.022000	0.000000	21819.748000	10532	0
pl1.rcc.uottawa.ca_planetlab1.cs.uoregon.edu_6187 1	4663.437000	17225.710000	0.012000	0.000000	21889.159000	10534	0
pl1.rcc.uottawa.ca_planetlab1.cs.uoregon.edu_6192 1	4667.648000	17273.569000	0.017000	0.000000	21941.234000	10535	0
roam2.cs.ou.edu_planetlab1.cs.uoregon.edu_4019 3	12389.288000	9570.618000	0.021000	0.000000	21959.927000	10174	48
pl1.rcc.uottawa.ca_planetlab1.cs.uoregon.edu_6205 1	4684.380000	17362.349000	0.009000	0.000000	22046.738000	10536	0
pl1.rcc.uottawa.ca_planetlab1.cs.uoregon.edu_6216 1	4706.127000	17457.096000	0.010000	0.000000	22163.233000	10538	0
pl1.rcc.uottawa.ca_planetlab1.cs.uoregon.edu_6219 1	4715.041000	17495.033000	0.010000	0.000000	22210.084000	10539	0
pl1.rcc.uottawa.ca_planetlab1.cs.uoregon.edu_6220 1	4716.974000	17505.428000	0.010000	0.000000	22222.412000	10540	0
pl1.rcc.uottawa.ca_planetlab1.cs.uoregon.edu_6230 1	4729.818000	17582.191000	0.012000	0.000000	22312.021000	10541	0
pl1.rcc.uottawa.ca_planetlab1.cs.uoregon.edu_6232 1	4732.024000	17602.351000	0.012000	0.000000	22334.387000	10542	0
pl1.rcc.uottawa.ca_planetlab1.cs.uoregon.edu_6236 1	4735.761000	17622.637000	0.010000	0.000000	22358.408000	10543	0
pl1.rcc.uottawa.ca_planetlab1.cs.uoregon.edu_6251 1	4754.087000	17766.734000	0.015000	0.000000	22520.836000	10544	0
pl1.rcc.uottawa.ca_planetlab1.cs.uoregon.edu_6269 1	4785.619000	17921.880000	0.012000	0.000000	22707.511000	10546	0
pl1.rcc.uottawa.ca_planetlab1.cs.uoregon.edu_6270 1	4788.732000	17924.703000	0.012000	0.000000	22713.447000	10547	0
pl1.rcc.uottawa.ca_planetlab1.cs.uoregon.edu_6281 1	4800.602000	18015.678000	0.012000	0.000000	22816.292000	10548	0
pl1.rcc.uottawa.ca_planetlab1.cs.uoregon.edu_6282 1	4800.358000	18017.051000	0.010000	0.000000	22817.419000	10549	0
pl1.rcc.uottawa.ca_planetlab1.cs.uoregon.edu_6284 1	4806.273000	18044.558000	0.013000	0.000000	22850.844000	10550	0
pl1.rcc.uottawa.ca_planetlab1.cs.uoregon.edu_6287 1	4815.201000	18067.982000	0.014000	0.000000	22883.197000	10551	0
pl1.rcc.uottawa.ca_planetlab1.cs.uoregon.edu_6292 1	4825.967000	18128.695000	0.012000	0.000000	22954.674000	10552	0
planetlab2.eecs.umich.edu_planetlab1.cs.uoregon.edu_3669 2	17037.038000	5993.932000	0.113000	0.000000	23031.083000	10651	2048
roam2.cs.ou.edu_planetlab1.cs.uoregon.edu_4305 3	13426.529000	9642.794000	0.023000	0.000000	23069.346000	10206	48
pl1.rcc.uottawa.ca_planetlab1.cs.uoregon.edu_6305 1	4845.997000	18219.261000	0.010000	0.000000	23065.268000	10553	0
pl1.rcc.uottawa.ca_planetlab1.cs.uoregon.edu_6311 1	4856.182000	18260.934000	0.011000	0.000000	23117.127000	10554	0
pl1.rcc.uottawa.ca_planetlab1.cs.uoregon.edu_6314 1	4858.167000	18278.450000	0.011000	0.000000	23136.628000	10555	0
pl1.rcc.uottawa.ca_planetlab1.cs.uoregon.edu_6320 1	4871.042000	18315.859000	0.009000	0.000000	23186.910000	10556	0
pl1.rcc.uottawa.ca_planetlab1.cs.uoregon.edu_6321 1	4871.086000	18319.647000	0.010000	0.000000	23190.743000	10557	0
pl1.rcc.uottawa.ca_planetlab1.cs.uoregon.edu_6323 1	4874.984000	18335.618000	0.014000	0.000000	23210.616000	10558	0
planetlab2.eecs.umich.edu_planetlab1.cs.uoregon.edu_3694 2	17182.465000	6049.093000	0.094000	0.000000	23231.652000	10663	2048
pl1.rcc.uottawa.ca_planetlab1.cs.uoregon.edu_6326 1	4882.478000	18373.407000	0.011000	0.000000	23255.896000	10559	0
pl1.rcc.uottawa.ca_planetlab1.cs.uoregon.edu_6349 1	4925.354000	18489.307000	0.015000	0.000000	23414.676000	10562	0
pl1.rcc.uottawa.ca_planetlab1.cs.uoregon.edu_6351 1	4927.533000	18494.687000	0.012000	0.000000	23422.232000	10563	0
pl1.rcc.uottawa.ca_planetlab1.cs.uoregon.edu_6374 1	4989.202000	18567.934000	0.014000	0.000000	23557.150000	10569	0
pl1.rcc.uottawa.ca_planetlab1.cs.uoregon.edu_6377 1	4995.985000	18573.546000	0.010000	0.000000	23569.541000	10570	0
pl1.rcc.uottawa.ca_planetlab1.cs.uoregon.edu_6378 1	4997.319000	18588.096000	0.012000	0.000000	23585.427000	10571	0
pl1.rcc.uottawa.ca_planetlab1.cs.uoregon.edu_6385 1	5013.483000	18612.391000	0.011000	0.000000	23625.885000	10574	0
pl1.rcc.uottawa.ca_planetlab1.cs.uoregon.edu_6390 1	5027.403000	18642.029000	0.012000	0.000000	23669.444000	10575	0
pl1.rcc.uottawa.ca_planetlab1.cs.uoregon.edu_6412 1	5082.142000	18728.687000	0.012000	0.000000	23810.841000	10580	0
pl1.rcc.uottawa.ca_planetlab1.cs.uoregon.edu_6417 1	5085.899000	18747.409000	0.015000	0.000000	23833.323000	10582	0
pl1.rcc.uottawa.ca_planetlab1.cs.uoregon.edu_6441 1	5128.451000	18887.335000	0.012000	0.000000	24015.798000	10586	0
pl1.rcc.uottawa.ca_planetlab1.cs.uoregon.edu_6448 1	5136.317000	18926.086000	0.015000	0.000000	24062.418000	10587	0
planetlab2.netlab.uky.edu_planetlab1.cs.uoregon.edu_5532 3	20093.751000	4073.651000	0.020000	0.000000	24167.422000	10611	544
pl1.rcc.uottawa.ca_planetlab1.cs.uoregon.edu_6464 1	5154.357000	19042.966000	0.014000	0.000000	24197.337000	10588	0
pl1.rcc.uottawa.ca_planetlab1.cs.uoregon.edu_6468 1	5157.945000	19089.129000	0.013000	0.000000	24247.087000	10590	0
pl1.rcc.uottawa.ca_planetlab1.cs.uoregon.edu_6476 1	5172.162000	19144.450000	0.015000	0.000000	24316.627000	10591	0
planetlab2.netlab.uky.edu_planetlab1.cs.uoregon.edu_5598 3	20404.044000	4090.577000	0.034000	0.000000	24494.655000	10649	544
planetlab2.umassd.edu_planetlab1.cs.uoregon.edu_4390 2	10390.099000	14160.283000	0.018000	0.000000	24550.400000	10227	64
pl1.rcc.uottawa.ca_planetlab1.cs.uoregon.edu_6511 1	5232.500000	19352.974000	0.011000	0.000000	24585.485000	10598	0
planetlab4.wail.wisc.edu_planetlab1.cs.uoregon.edu_5287 2	11821.118000	12796.331000	0.026000	0.000000	24617.475000	10285	16
pl1.rcc.uottawa.ca_planetlab1.cs.uoregon.edu_6534 1	5276.898000	19447.638000	0.011000	0.000000	24724.547000	10602	0
pl1.rcc.uottawa.ca_planetlab1.cs.uoregon.edu_6536 1	5277.848000	19449.837000	0.011000	0.000000	24727.696000	10603	0
pl1.rcc.uottawa.ca_planetlab1.cs.uoregon.edu_6544 1	5298.678000	19506.115000	0.017000	0.000000	24804.810000	10604	0
pl1.rcc.uottawa.ca_planetlab1.cs.uoregon.edu_6547 1	5300.972000	19522.866000	0.011000	0.000000	24823.849000	10606	0
pl1.rcc.uottawa.ca_planetlab1.cs.uoregon.edu_6553 1	5313.637000	19572.332000	0.014000	0.000000	24885.983000	10607	0
planetlab2.umassd.edu_planetlab1.cs.uoregon.edu_4493 2	10620.840000	14395.895000	0.018000	0.000000	25016.753000	10230	64
pl1.rcc.uottawa.ca_planetlab1.cs.uoregon.edu_6569 1	5347.137000	19675.444000	0.013000	0.000000	25022.594000	10610	0
pl1.rcc.uottawa.ca_planetlab1.cs.uoregon.edu_6579 1	5376.953000	19705.993000	0.010000	0.000000	25082.956000	10612	0
pl1.rcc.uottawa.ca_planetlab1.cs.uoregon.edu_6580 1	5376.863000	19706.545000	0.010000	0.000000	25083.418000	10613	0
pl1.rcc.uottawa.ca_planetlab1.cs.uoregon.edu_6585 1	5377.878000	19745.298000	0.011000	0.000000	25123.187000	10614	0
planetlab2.umassd.edu_planetlab1.cs.uoregon.edu_4513 2	10663.827000	14471.604000	0.015000	0.000000	25135.446000	10234	64
pl1.rcc.uottawa.ca_planetlab1.cs.uoregon.edu_6592 1	5382.779000	19799.132000	0.012000	0.000000	25181.923000	10615	0
node1.planetlab.albany.edu_planetlab1.cs.uoregon.edu_8474 2	14545.005000	10670.667000	0.020000	0.000000	25215.692000	10360	32
planetlab2.umassd.edu_planetlab1.cs.uoregon.edu_4529 2	10688.721000	14554.831000	0.017000	0.000000	25243.569000	10135	64
pl1.rcc.uottawa.ca_planetlab1.cs.uoregon.edu_6610 1	5421.072000	19873.383000	0.015000	0.000000	25294.470000	10616	0
pl1.rcc.uottawa.ca_planetlab1.cs.uoregon.edu_6622 1	5438.159000	19966.546000	0.012000	0.000000	25404.717000	10618	0
pl1.rcc.uottawa.ca_planetlab1.cs.uoregon.edu_6624 1	5445.082000	19974.249000	0.010000	0.000000	25419.341000	10619	0
pl1.rcc.uottawa.ca_planetlab1.cs.uoregon.edu_6626 1	5442.744000	19982.470000	0.010000	0.000000	25425.224000	10620	0
pl1.rcc.uottawa.ca_planetlab1.cs.uoregon.edu_6627 1	5442.879000	19982.412000	0.010000	0.000000	25425.301000	10621	0
pl1.rcc.uottawa.ca_planetlab1.cs.uoregon.edu_6638 1	5537.963000	19962.077000	0.012000	0.000000	25500.052000	10622	0
pl1.rcc.uottawa.ca_planetlab1.cs.uoregon.edu_6645 1	5542.114000	20022.117000	0.011000	0.000000	25564.242000	10623	0
planetlab4.wail.wisc.edu_planetlab1.cs.uoregon.edu_5627 2	12955.944000	12653.193000	0.027000	0.000000	25609.164000	10317	16
pl1.rcc.uottawa.ca_planetlab1.cs.uoregon.edu_6655 1	5543.601000	20078.992000	0.013000	0.000000	25622.606000	10625	0
pl1.rcc.uottawa.ca_planetlab1.cs.uoregon.edu_6719 1	5606.700000	20524.374000	0.012000	0.000000	26131.086000	10638	0
planetlab2.umassd.edu_planetlab1.cs.uoregon.edu_4752 2	11260.769000	14992.711000	0.064000	0.000000	26253.544000	10257	64
pl1.rcc.uottawa.ca_planetlab1.cs.uoregon.edu_6736 1	5669.389000	20609.891000	0.010000	0.000000	26279.290000	10644	0
pl1.rcc.uottawa.ca_planetlab1.cs.uoregon.edu_6739 1	5678.896000	20627.605000	0.011000	0.000000	26306.512000	10646	0
pl1.rcc.uottawa.ca_planetlab1.cs.uoregon.edu_6755 1	5738.332000	20721.725000	0.017000	0.000000	26460.074000	10650	0
pl1.rcc.uottawa.ca_planetlab1.cs.uoregon.edu_6759 1	5750.423000	20753.706000	0.012000	0.000000	26504.141000	10652	0
pl1.rcc.uottawa.ca_planetlab1.cs.uoregon.edu_6762 1	5758.521000	20772.210000	0.013000	0.000000	26530.744000	10654	0
planetlab4.wail.wisc.edu_planetlab1.cs.uoregon.edu_5951 2	13879.542000	12703.531000	0.029000	0.000000	26583.102000	10343	16
pl1.rcc.uottawa.ca_planetlab1.cs.uoregon.edu_6775 1	5796.219000	20829.205000	0.011000	0.000000	26625.435000	10655	0
pl1.rcc.uottawa.ca_planetlab1.cs.uoregon.edu_6777 1	5803.850000	20853.565000	0.014000	0.000000	26657.429000	10656	0
pl1.rcc.uottawa.ca_planetlab1.cs.uoregon.edu_6779 1	5807.751000	20871.001000	0.013000	0.000000	26678.765000	10657	0
pl1.rcc.uottawa.ca_planetlab1.cs.uoregon.edu_6783 1	5822.461000	20883.688000	0.011000	0.000000	26706.160000	10659	0
pl1.rcc.uottawa.ca_planetlab1.cs.uoregon.edu_6786 1	5829.185000	20890.876000	0.016000	0.000000	26720.077000	10661	0
pl1.rcc.uottawa.ca_planetlab1.cs.uoregon.edu_6795 1	5860.538000	20963.168000	0.014000	0.000000	26823.720000	10662	0
pl1.rcc.uottawa.ca_planetlab1.cs.uoregon.edu_6796 1	5870.709000	20981.227000	0.011000	0.000000	26851.947000	10664	0
pl1.rcc.uottawa.ca_planetlab1.cs.uoregon.edu_6800 1	5885.196000	21011.061000	0.016000	0.000000	26896.273000	10665	0
pl1.rcc.uottawa.ca_planetlab1.cs.uoregon.edu_6803 1	5892.736000	21020.291000	0.014000	0.000000	26913.041000	10666	0
pl1.rcc.uottawa.ca_planetlab1.cs.uoregon.edu_6805 1	5894.938000	21020.272000	0.011000	0.000000	26915.221000	10668	0
pl1.rcc.uottawa.ca_planetlab1.cs.uoregon.edu_6818 1	5930.744000	21095.945000	0.014000	0.000000	27026.703000	10670	0
pl1.rcc.uottawa.ca_planetlab1.cs.uoregon.edu_6824 1	5939.884000	21116.954000	0.013000	0.000000	27056.851000	10671	0
pl1.rcc.uottawa.ca_planetlab1.cs.uoregon.edu_6837 1	5965.357000	21219.644000	0.014000	0.000000	27185.015000	10673	0
pl1.rcc.uottawa.ca_planetlab1.cs.uoregon.edu_6838 1	5967.115000	21225.537000	0.013000	0.000000	27192.665000	10674	0
earth.cs.brown.edu_planetlab1.cs.uoregon.edu_10940 3	26028.202000	1620.126000	0.017000	0.000000	27648.345000	10251	96
planetlab4.wail.wisc.edu_planetlab1.cs.uoregon.edu_6262 2	14899.841000	12777.766000	0.019000	0.000000	27677.626000	10369	16
planetlab4.wail.wisc.edu_planetlab1.cs.uoregon.edu_6287 2	14963.706000	12790.731000	0.019000	0.000000	27754.456000	10372	16
planetlab4.wail.wisc.edu_planetlab1.cs.uoregon.edu_6323 2	15050.888000	12826.775000	0.018000	0.000000	27877.681000	10373	16
planetlab4.wail.wisc.edu_planetlab1.cs.uoregon.edu_6390 2	15227.479000	12844.984000	0.018000	0.000000	28072.481000	10375	16
planetlab4.wail.wisc.edu_planetlab1.cs.uoregon.edu_6396 2	15239.395000	12846.938000	0.018000	0.000000	28086.351000	10376	16
planetlab4.wail.wisc.edu_planetlab1.cs.uoregon.edu_6420 2	15293.180000	12858.594000	0.018000	0.000000	28151.792000	10377	16
planetlab4.wail.wisc.edu_planetlab1.cs.uoregon.edu_6444 2	15337.372000	12882.983000	0.020000	0.000000	28220.375000	10379	16
planetlab4.wail.wisc.edu_planetlab1.cs.uoregon.edu_6475 2	15418.370000	12895.018000	0.023000	0.000000	28313.411000	10380	16
planetlab4.wail.wisc.edu_planetlab1.cs.uoregon.edu_6482 2	15425.356000	12911.312000	0.017000	0.000000	28336.685000	10381	16
planetlab4.wail.wisc.edu_planetlab1.cs.uoregon.edu_6510 2	15534.798000	12888.423000	0.112000	0.000000	28423.333000	10382	16
planetlab4.wail.wisc.edu_planetlab1.cs.uoregon.edu_6552 2	15636.631000	12890.143000	0.049000	0.000000	28526.823000	10383	16
planetlab-1.cse.ohio-state.edu_planetlab1.cs.uoregon.edu_1214 3	13123.576000	15480.329000	0.036000	0.000000	28603.941000	10288	2560
planetlab-1.cse.ohio-state.edu_planetlab1.cs.uoregon.edu_1222 3	13201.849000	15423.525000	0.039000	0.000000	28625.413000	10384	2560
planetlab-1.cse.ohio-state.edu_planetlab1.cs.uoregon.edu_1226 3	13549.157000	15077.311000	0.041000	0.000000	28626.509000	10400	2560
planetlab4.wail.wisc.edu_planetlab1.cs.uoregon.edu_6589 2	15770.970000	12878.102000	0.026000	0.000000	28649.098000	10389	16
planetlab-1.cse.ohio-state.edu_planetlab1.cs.uoregon.edu_1238 3	13655.524000	15190.149000	0.039000	0.000000	28845.712000	10416	2560
planetlab-1.cse.ohio-state.edu_planetlab1.cs.uoregon.edu_1240 3	13617.674000	15242.085000	0.033000	0.000000	28859.792000	10417	2560
planetlab-1.cse.ohio-state.edu_planetlab1.cs.uoregon.edu_1242 3	13879.184000	14993.997000	0.048000	0.000000	28873.229000	10418	2560
planetlab-1.cse.ohio-state.edu_planetlab1.cs.uoregon.edu_1244 3	13850.392000	15041.058000	0.031000	0.000000	28891.481000	10420	2560
planetlab-1.cse.ohio-state.edu_planetlab1.cs.uoregon.edu_1246 3	13896.129000	14995.394000	0.045000	0.000000	28891.568000	10424	2560
planetlab-1.cse.ohio-state.edu_planetlab1.cs.uoregon.edu_1254 3	13931.983000	14958.881000	0.029000	0.000000	28890.893000	10480	2560
planetlab4.wail.wisc.edu_planetlab1.cs.uoregon.edu_6698 2	16016.235000	13002.767000	0.022000	0.000000	29019.024000	10393	16
planetlab4.wail.wisc.edu_planetlab1.cs.uoregon.edu_6721 2	16094.735000	12984.588000	0.023000	0.000000	29079.346000	10396	16
planetlab4.wail.wisc.edu_planetlab1.cs.uoregon.edu_6723 2	16095.530000	12984.058000	0.015000	0.000000	29079.603000	10397	16
planetlab4.wail.wisc.edu_planetlab1.cs.uoregon.edu_6763 2	16204.482000	13003.736000	0.020000	0.000000	29208.238000	10399	16
planetlab-1.cse.ohio-state.edu_planetlab1.cs.uoregon.edu_1259 3	14393.038000	14971.740000	0.059000	0.000000	29364.837000	10499	2560
planetlab4.wail.wisc.edu_planetlab1.cs.uoregon.edu_6820 2	16409.095000	12981.345000	0.024000	0.000000	29390.464000	10405	16
planetlab2.clemson.edu_planetlab1.cs.uoregon.edu_1201 4	29625.294000	0.034000	0.045000	0.000000	29625.373000	10589	2688
node1.planetlab.albany.edu_planetlab1.cs.uoregon.edu_9996 2	17570.719000	12187.990000	0.027000	0.000000	29758.736000	10427	32
planetlab4.wail.wisc.edu_planetlab1.cs.uoregon.edu_6964 2	16794.320000	13046.760000	0.017000	0.000000	29841.097000	10409	16
planetlab4.wail.wisc.edu_planetlab1.cs.uoregon.edu_6976 2	16839.717000	13081.628000	0.034000	0.000000	29921.379000	10412	16
planetlab4.wail.wisc.edu_planetlab1.cs.uoregon.edu_6988 2	16884.692000	13142.407000	0.019000	0.000000	30027.118000	10413	16
planetlab4.wail.wisc.edu_planetlab1.cs.uoregon.edu_7017 2	16935.109000	13222.501000	0.025000	0.000000	30157.635000	10415	16
planetlab4.wail.wisc.edu_planetlab1.cs.uoregon.edu_7205 2	17715.686000	13224.922000	0.031000	0.000000	30940.639000	10429	16
planetlab4.wail.wisc.edu_planetlab1.cs.uoregon.edu_7289 2	18001.932000	13249.755000	0.024000	0.000000	31251.711000	10437	16
planetlab4.wail.wisc.edu_planetlab1.cs.uoregon.edu_7311 2	18149.121000	13189.840000	0.024000	0.000000	31338.985000	10441	16
node1.planetlab.albany.edu_planetlab1.cs.uoregon.edu_10487 2	18346.372000	13099.228000	0.024000	0.000000	31445.624000	10446	32
planetlab4.wail.wisc.edu_planetlab1.cs.uoregon.edu_7337 2	18315.751000	13130.007000	0.023000	0.000000	31445.781000	10444	16
planetlab4.wail.wisc.edu_planetlab1.cs.uoregon.edu_7339 2	18319.198000	13126.649000	0.028000	0.000000	31445.875000	10445	16
planetlab4.wail.wisc.edu_planetlab1.cs.uoregon.edu_7345 2	18355.863000	13108.163000	0.025000	0.000000	31464.051000	10447	16
plab4.eece.ksu.edu_planetlab1.cs.uoregon.edu_2544 3	3550.938000	28166.304000	0.014000	0.000000	31717.256000	10263	2080
planetlab4.wail.wisc.edu_planetlab1.cs.uoregon.edu_7428 2	18848.042000	13004.281000	0.052000	0.000000	31852.375000	10461	16
planetlab4.wail.wisc.edu_planetlab1.cs.uoregon.edu_7493 2	19247.563000	12912.185000	0.024000	0.000000	32159.772000	10477	16
node1.planetlab.albany.edu_planetlab1.cs.uoregon.edu_10709 2	18785.416000	13494.293000	0.022000	0.000000	32279.731000	10456	32
planetlab-1.cse.ohio-state.edu_planetlab1.cs.uoregon.edu_1408 3	20382.861000	12009.050000	0.035000	0.000000	32391.946000	10672	2560
planetlab4.wail.wisc.edu_planetlab1.cs.uoregon.edu_7565 2	19583.511000	13020.318000	0.023000	0.000000	32603.852000	10488	16
aguila2.lsi.upc.edu_planetlab1.cs.uoregon.edu_1770 3	11936.112000	21495.262000	0.011000	0.000000	33431.385000	10246	576
aguila2.lsi.upc.edu_planetlab1.cs.uoregon.edu_1794 3	12105.452000	21882.952000	0.012000	0.000000	33988.416000	10306	576
aguila2.lsi.upc.edu_planetlab1.cs.uoregon.edu_1796 3	12104.388000	21891.132000	0.016000	0.000000	33995.536000	10308	576
aguila2.lsi.upc.edu_planetlab1.cs.uoregon.edu_1798 3	12105.993000	21902.552000	0.011000	0.000000	34008.556000	10310	576
aguila2.lsi.upc.edu_planetlab1.cs.uoregon.edu_1801 3	12110.110000	21928.026000	0.012000	0.000000	34038.148000	10311	576
aguila2.lsi.upc.edu_planetlab1.cs.uoregon.edu_1819 3	12194.028000	22211.824000	0.012000	0.000000	34405.864000	10326	576
aguila2.lsi.upc.edu_planetlab1.cs.uoregon.edu_1822 3	12201.582000	22301.066000	0.015000	0.000000	34502.663000	10318	576
aguila2.lsi.upc.edu_planetlab1.cs.uoregon.edu_1831 3	12241.240000	22407.540000	0.017000	0.000000	34648.797000	10342	576
planetlabpc2.upf.edu_planetlab1.cs.uoregon.edu_1517 4	29143.037000	6439.371000	0.065000	0.000000	35582.473000	10147	2592
planetlab4.wail.wisc.edu_planetlab1.cs.uoregon.edu_7763 2	20635.126000	15150.899000	0.022000	0.000000	35786.047000	10509	16
plab4.eece.ksu.edu_planetlab1.cs.uoregon.edu_2575 3	4528.200000	31766.695000	0.011000	0.000000	36294.906000	10338	2080
earth.cs.brown.edu_planetlab1.cs.uoregon.edu_12309 3	36382.846000	0.177000	0.035000	0.000000	36383.058000	10388	96
aguila2.lsi.upc.edu_planetlab1.cs.uoregon.edu_1940 3	13143.369000	23371.840000	0.015000	0.000000	36515.224000	10438	576
planetlab-03.cs.princeton.edu_planetlab1.cs.uoregon.edu_5448 3	36832.812000	1.301000	0.023000	0.000000	36834.136000	10402	80
planetlab5.williams.edu_planetlab1.cs.uoregon.edu_2800 3	14008.912000	23164.092000	0.023000	0.000000	37173.027000	10568	2112
planetlab2.umassd.edu_planetlab1.cs.uoregon.edu_6678 2	17487.620000	20456.433000	0.021000	0.000000	37944.074000	10425	64
planetlab1.cs.ucla.edu_planetlab1.cs.uoregon.edu_2630 4	20391.910000	18837.702000	0.031000	0.000000	39229.643000	10667	704
earth.cs.brown.edu_planetlab1.cs.uoregon.edu_12369 3	39608.125000	0.176000	0.037000	0.000000	39608.338000	10465	96
planetlab2.umassd.edu_planetlab1.cs.uoregon.edu_7217 2	19994.974000	20342.831000	0.020000	0.000000	40337.825000	10497	64
planetlab2.umassd.edu_planetlab1.cs.uoregon.edu_7386 2	20886.490000	20076.404000	0.019000	0.000000	40962.913000	10512	64
planetlab2.umassd.edu_planetlab1.cs.uoregon.edu_7389 2	20894.386000	20077.644000	0.015000	0.000000	40972.045000	10513	64
planetlab2.umassd.edu_planetlab1.cs.uoregon.edu_7416 2	21029.172000	20048.484000	0.062000	0.000000	41077.718000	10515	64
planetlab2.umassd.edu_planetlab1.cs.uoregon.edu_7430 2	21135.337000	20007.038000	0.034000	0.000000	41142.409000	10517	64
planetlab2.umassd.edu_planetlab1.cs.uoregon.edu_7491 2	21381.366000	19993.207000	0.039000	0.000000	41374.612000	10521	64
planetlab5.williams.edu_planetlab1.cs.uoregon.edu_3216 3	20533.109000	20965.544000	0.017000	0.000000	41498.670000	10632	2112
node1.planetlab.albany.edu_planetlab1.cs.uoregon.edu_13168 2	23911.438000	18495.675000	0.025000	0.000000	42407.138000	10584	32
plab4.eece.ksu.edu_planetlab1.cs.uoregon.edu_2602 3	6614.649000	35810.604000	0.012000	0.000000	42425.265000	10493	2080
planetlab2.umassd.edu_planetlab1.cs.uoregon.edu_7938 2	22715.631000	20560.128000	0.061000	0.000000	43275.820000	10545	64
planetlab2.umassd.edu_planetlab1.cs.uoregon.edu_8094 2	23814.686000	20035.743000	0.060000	0.000000	43850.489000	10577	64
planetlab2.umassd.edu_planetlab1.cs.uoregon.edu_8320 2	24895.278000	19699.459000	0.019000	0.000000	44594.756000	10605	64
planetlab4.wail.wisc.edu_planetlab1.cs.uoregon.edu_8502 2	23914.823000	21080.755000	0.032000	0.000000	44995.610000	10585	16
planetlab2.umassd.edu_planetlab1.cs.uoregon.edu_8606 2	25911.875000	20341.058000	0.022000	0.000000	46252.955000	10631	64
planetlab2.umassd.edu_planetlab1.cs.uoregon.edu_8792 2	26344.755000	21719.031000	0.025000	0.000000	48063.811000	10641	64
plab4.eece.ksu.edu_planetlab1.cs.uoregon.edu_3463 3	12252.480000	36846.222000	0.013000	0.000000	49098.715000	10537	2080
aguila2.lsi.upc.edu_planetlab1.cs.uoregon.edu_2831 3	20275.889000	29374.924000	0.019000	0.000000	49650.832000	10566	576
planetlab4.wail.wisc.edu_planetlab1.cs.uoregon.edu_8968 2	26016.985000	23793.148000	0.026000	0.000000	49810.159000	10633	16
planetlab4.wail.wisc.edu_planetlab1.cs.uoregon.edu_8997 2	26098.171000	23940.026000	0.019000	0.000000	50038.216000	10636	16
planetlab4.wail.wisc.edu_planetlab1.cs.uoregon.edu_8999 2	26104.912000	23943.971000	0.019000	0.000000	50048.902000	10637	16
planetlab4.wail.wisc.edu_planetlab1.cs.uoregon.edu_9026 2	26189.906000	24025.845000	0.227000	0.000000	50215.978000	10639	16
planetlab4.wail.wisc.edu_planetlab1.cs.uoregon.edu_8878 2	28780.588000	23448.104000	0.018000	0.000000	52228.710000	10629	16
planetlab4.wail.wisc.edu_planetlab1.cs.uoregon.edu_9210 2	26968.607000	26875.256000	0.022000	0.000000	53843.885000	10669	16
planetlab4.wail.wisc.edu_planetlab1.cs.uoregon.edu_9136 2	29545.738000	24667.110000	0.031000	0.000000	54212.879000	10653	16
planetlab4.wail.wisc.edu_planetlab1.cs.uoregon.edu_9299 2	27218.328000	27213.932000	0.025000	0.000000	54432.285000	10675	16
planetlab1.cs.uiuc.edu_planetlab1.cs.uoregon.edu_8262 2	7919.586000	100251.818000	0.024000	0.000000	108171.428000	10150	128
planetlab1.cs.uiuc.edu_planetlab1.cs.uoregon.edu_8316 2	11277.890000	102127.074000	0.022000	0.000000	113404.986000	10259	128
planetlab1.cs.uiuc.edu_planetlab1.cs.uoregon.edu_8346 2	12112.814000	102017.924000	0.019000	0.000000	114130.757000	10297	128
planetlab1.cs.uiuc.edu_planetlab1.cs.uoregon.edu_8366 2	12563.569000	101945.836000	0.021000	0.000000	114509.426000	10307	128
planetlab1.cs.uiuc.edu_planetlab1.cs.uoregon.edu_8373 2	12904.782000	101663.598000	0.048000	0.000000	114568.428000	10316	128
planetlab1.cs.uiuc.edu_planetlab1.cs.uoregon.edu_8387 2	13251.808000	103680.550000	0.019000	0.000000	116932.377000	10321	128
planetlab1.cs.uiuc.edu_planetlab1.cs.uoregon.edu_8388 2	13258.630000	103678.000000	0.018000	0.000000	116936.648000	10322	128
planetlab1.cs.uiuc.edu_planetlab1.cs.uoregon.edu_8389 2	13261.343000	103728.544000	0.018000	0.000000	116989.905000	10323	128
planetlab1.cs.uiuc.edu_planetlab1.cs.uoregon.edu_8391 2	13399.548000	103608.311000	0.019000	0.000000	117007.878000	10327	128
planetlab1.cs.uiuc.edu_planetlab1.cs.uoregon.edu_8394 2	13592.563000	103454.804000	0.019000	0.000000	117047.386000	10331	128
planetlab1.cs.uiuc.edu_planetlab1.cs.uoregon.edu_8402 2	14282.067000	103324.921000	0.028000	0.000000	117607.016000	10355	128
planetlab1.cs.uiuc.edu_planetlab1.cs.uoregon.edu_8404 2	14917.563000	103198.826000	0.027000	0.000000	118116.416000	10371	128
planetlab1.cs.uiuc.edu_planetlab1.cs.uoregon.edu_8415 2	15672.542000	102629.343000	0.022000	0.000000	118301.907000	10385	128
planetlab1.cs.uiuc.edu_planetlab1.cs.uoregon.edu_8416 2	15721.695000	102590.796000	0.017000	0.000000	118312.508000	10386	128
planetlab1.cs.uiuc.edu_planetlab1.cs.uoregon.edu_8418 2	15734.475000	102581.024000	0.017000	0.000000	118315.516000	10387	128
planetlab1.cs.uiuc.edu_planetlab1.cs.uoregon.edu_8423 2	15907.851000	102451.750000	0.018000	0.000000	118359.619000	10391	128
planetlab1.cs.uiuc.edu_planetlab1.cs.uoregon.edu_8429 2	16081.888000	102346.326000	0.019000	0.000000	118428.233000	10395	128
planetlab1.cs.uiuc.edu_planetlab1.cs.uoregon.edu_8434 2	16412.511000	102254.307000	0.028000	0.000000	118666.846000	10406	128
planetlab1.cs.uiuc.edu_planetlab1.cs.uoregon.edu_8455 2	17076.583000	102267.495000	0.031000	0.000000	119344.109000	10419	128
planetlab1.cs.uiuc.edu_planetlab1.cs.uoregon.edu_8457 2	17867.977000	102179.609000	0.021000	0.000000	120047.607000	10433	128
planetlab1.cs.uiuc.edu_planetlab1.cs.uoregon.edu_8458 2	17873.476000	102177.887000	0.017000	0.000000	120051.380000	10434	128
planetlab1.cs.uiuc.edu_planetlab1.cs.uoregon.edu_8460 2	17979.425000	102156.179000	0.018000	0.000000	120135.622000	10435	128
planetlab1.cs.uiuc.edu_planetlab1.cs.uoregon.edu_8461 2	17993.922000	102142.495000	0.017000	0.000000	120136.434000	10439	128
planetlab1.cs.uiuc.edu_planetlab1.cs.uoregon.edu_8463 2	18207.184000	102069.729000	0.028000	0.000000	120276.941000	10443	128
planetlab1.cs.uiuc.edu_planetlab1.cs.uoregon.edu_8465 2	18475.221000	102041.297000	0.025000	0.000000	120516.543000	10448	128
planetlab1.cs.uiuc.edu_planetlab1.cs.uoregon.edu_8466 2	18540.354000	102016.979000	8.567000	0.000000	120565.900000	10449	128
planetlab1.cs.uiuc.edu_planetlab1.cs.uoregon.edu_8467 2	18562.644000	102022.648000	0.020000	0.000000	120585.312000	10450	128
planetlab1.cs.uiuc.edu_planetlab1.cs.uoregon.edu_8468 2	18635.117000	101999.282000	0.020000	0.000000	120634.419000	10451	128
planetlab1.cs.uiuc.edu_planetlab1.cs.uoregon.edu_8469 2	18671.129000	101987.663000	0.018000	0.000000	120658.810000	10453	128
planetlab1.cs.uiuc.edu_planetlab1.cs.uoregon.edu_8470 2	18689.855000	101970.087000	0.016000	0.000000	120659.958000	10454	128
planetlab1.cs.uiuc.edu_planetlab1.cs.uoregon.edu_8471 2	18710.261000	101954.201000	0.017000	0.000000	120664.479000	10455	128
planetlab1.cs.uiuc.edu_planetlab1.cs.uoregon.edu_8472 2	18797.119000	101901.274000	0.036000	0.000000	120698.429000	10457	128
planetlab1.cs.uiuc.edu_planetlab1.cs.uoregon.edu_8473 2	18814.070000	101895.540000	0.018000	0.000000	120709.628000	10458	128
planetlab1.cs.uiuc.edu_planetlab1.cs.uoregon.edu_8474 2	18836.367000	101880.669000	0.018000	0.000000	120717.054000	10459	128
planetlab1.cs.uiuc.edu_planetlab1.cs.uoregon.edu_8475 2	18853.986000	101885.631000	0.020000	0.000000	120739.637000	10463	128
planetlab1.cs.uiuc.edu_planetlab1.cs.uoregon.edu_8476 2	18966.913000	101799.464000	0.019000	0.000000	120766.396000	10467	128
planetlab1.cs.uiuc.edu_planetlab1.cs.uoregon.edu_8477 2	19369.038000	101448.889000	0.019000	0.000000	120817.946000	10481	128
planetlab1.cs.uiuc.edu_planetlab1.cs.uoregon.edu_8478 2	19399.913000	101431.381000	0.022000	0.000000	120831.316000	10482	128
planetlab1.cs.uiuc.edu_planetlab1.cs.uoregon.edu_8479 2	19457.290000	101387.549000	0.020000	0.000000	120844.859000	10483	128
planetlab1.cs.uiuc.edu_planetlab1.cs.uoregon.edu_8480 2	19559.932000	101343.315000	0.019000	0.000000	120903.266000	10487	128
planetlab1.cs.uiuc.edu_planetlab1.cs.uoregon.edu_8481 2	19721.351000	101196.083000	0.022000	0.000000	120917.456000	10491	128
flow.colgate.edu_planetlab1.cs.uoregon.edu_7886 3	121074.282000	0.078000	0.026000	0.000000	121074.386000	10492	192
planetlab1.cs.uiuc.edu_planetlab1.cs.uoregon.edu_8482 2	20252.130000	100835.951000	0.028000	0.000000	121088.109000	10503	128
planetlab1.cs.uiuc.edu_planetlab1.cs.uoregon.edu_8498 2	23771.279000	99384.255000	0.033000	0.000000	123155.567000	10579	128
planetlab1.cs.uiuc.edu_planetlab1.cs.uoregon.edu_8507 2	26289.873000	98318.946000	0.026000	0.000000	124608.845000	10643	128
