planetlab1.cs.cornell.edu_planetlab2.cs.colorado.edu_1186 2	1276.034000	2792.162000	0.038000	0.000000	4068.234000	64062	1280
planetlab1.cs.cornell.edu_planetlab2.cs.colorado.edu_1231 2	1750.640000	2400.872000	0.038000	0.000000	4151.550000	64118	1280
planetlab1.cs.cornell.edu_planetlab2.cs.colorado.edu_1360 2	2240.717000	2111.112000	0.040000	0.000000	4351.869000	64182	1280
righthand.eecs.harvard.edu_planetlab2.cs.colorado.edu_1361 1	4589.071000	0.259000	0.032000	0.000000	4589.362000	64490	2240
planetlab1.cs.cornell.edu_planetlab2.cs.colorado.edu_1508 2	3247.650000	1358.964000	0.051000	0.000000	4606.665000	64310	1280
planetlab1.cs.cornell.edu_planetlab2.cs.colorado.edu_1584 2	3832.225000	1042.762000	0.040000	0.000000	4875.027000	64389	1280
planetlab4.rutgers.edu_planetlab2.cs.colorado.edu_2869 3	4086.767000	821.233000	0.018000	0.000000	4908.018000	64068	1024
planetlab4.rutgers.edu_planetlab2.cs.colorado.edu_2896 3	4129.803000	854.412000	0.018000	0.000000	4984.233000	64095	1024
planetlab2.cs.umass.edu_planetlab2.cs.colorado.edu_1132 3	5030.789000	0.112000	0.026000	0.000000	5030.927000	64475	1408
planetlab4.rutgers.edu_planetlab2.cs.colorado.edu_3121 3	4478.255000	1013.022000	0.017000	0.000000	5491.294000	64236	1024
planetlab7.flux.utah.edu_planetlab2.cs.colorado.edu_1091 2	1537.275000	4045.431000	0.027000	0.000000	5582.733000	64088	1536
planetlab4.rutgers.edu_planetlab2.cs.colorado.edu_3144 3	4731.086000	1030.419000	0.025000	0.000000	5761.530000	64271	1024
planetlab7.flux.utah.edu_planetlab2.cs.colorado.edu_1145 2	2418.204000	3458.158000	0.026000	0.000000	5876.388000	64199	1536
planetlab4.rutgers.edu_planetlab2.cs.colorado.edu_3231 3	4817.576000	1240.438000	0.017000	0.000000	6058.031000	64364	1024
planetlab4.rutgers.edu_planetlab2.cs.colorado.edu_3240 3	4861.350000	1232.849000	0.024000	0.000000	6094.223000	64378	1024
planetlab4.rutgers.edu_planetlab2.cs.colorado.edu_3255 3	4922.071000	1226.815000	0.021000	0.000000	6148.907000	64400	1024
planetlab4.rutgers.edu_planetlab2.cs.colorado.edu_3279 3	4957.617000	1245.339000	0.021000	0.000000	6202.977000	64428	1024
planetlab7.flux.utah.edu_planetlab2.cs.colorado.edu_1243 2	3006.339000	3255.604000	0.023000	0.000000	6261.966000	64275	1536
planetlab4.rutgers.edu_planetlab2.cs.colorado.edu_3311 3	4993.410000	1345.304000	0.029000	0.000000	6338.743000	64460	1024
planetlab4.rutgers.edu_planetlab2.cs.colorado.edu_3340 3	5029.804000	1369.299000	0.017000	0.000000	6399.120000	64484	1024
planetlab4.rutgers.edu_planetlab2.cs.colorado.edu_3344 3	5040.906000	1363.497000	0.026000	0.000000	6404.429000	64488	1024
planetlab4.rutgers.edu_planetlab2.cs.colorado.edu_3353 3	5050.061000	1375.313000	0.040000	0.000000	6425.414000	64492	1024
planetlab4.rutgers.edu_planetlab2.cs.colorado.edu_3360 3	5061.652000	1390.159000	0.026000	0.000000	6451.837000	64493	1024
planetlab4.rutgers.edu_planetlab2.cs.colorado.edu_3366 3	5065.126000	1393.253000	0.029000	0.000000	6458.408000	64494	1024
planetlab4.rutgers.edu_planetlab2.cs.colorado.edu_3371 3	5073.659000	1400.241000	0.021000	0.000000	6473.921000	64508	1024
planetlab4.rutgers.edu_planetlab2.cs.colorado.edu_3410 3	5218.613000	1398.943000	0.029000	0.000000	6617.585000	64551	1024
planetlab4.rutgers.edu_planetlab2.cs.colorado.edu_3418 3	5240.089000	1388.116000	0.018000	0.000000	6628.223000	64554	1024
planetlab4.rutgers.edu_planetlab2.cs.colorado.edu_3538 3	5550.988000	1367.537000	0.028000	0.000000	6918.553000	64607	1024
planetlab4.rutgers.edu_planetlab2.cs.colorado.edu_3585 3	5832.557000	1203.992000	0.030000	0.000000	7036.579000	64627	1024
planetlab4.rutgers.edu_planetlab2.cs.colorado.edu_3595 3	5856.074000	1208.761000	0.028000	0.000000	7064.863000	64647	1024
planetlab7.flux.utah.edu_planetlab2.cs.colorado.edu_1472 2	5525.287000	1684.818000	0.022000	0.000000	7210.127000	64600	1536
planetlab4.rutgers.edu_planetlab2.cs.colorado.edu_3665 3	6031.384000	1201.847000	0.029000	0.000000	7233.260000	64665	1024
planetlab4.rutgers.edu_planetlab2.cs.colorado.edu_3702 3	6100.854000	1232.618000	0.032000	0.000000	7333.504000	64675	1024
planetlab4.rutgers.edu_planetlab2.cs.colorado.edu_3705 3	6108.297000	1226.344000	0.016000	0.000000	7334.657000	64677	1024
planetlab4.rutgers.edu_planetlab2.cs.colorado.edu_3710 3	6122.217000	1225.692000	0.014000	0.000000	7347.923000	64678	1024
planetlab4.rutgers.edu_planetlab2.cs.colorado.edu_3719 3	6130.693000	1256.118000	0.033000	0.000000	7386.844000	64679	1024
planetlab2.acis.ufl.edu_planetlab2.cs.colorado.edu_2804 4	5139.722000	4903.981000	0.022000	0.000000	10043.725000	64130	1056
planetlab2.acis.ufl.edu_planetlab2.cs.colorado.edu_2806 4	5141.279000	4906.257000	0.014000	0.000000	10047.550000	64136	1056
planetlab2.acis.ufl.edu_planetlab2.cs.colorado.edu_2813 4	5159.080000	4906.171000	0.015000	0.000000	10065.266000	64138	1056
planetlab2.acis.ufl.edu_planetlab2.cs.colorado.edu_2815 4	5159.374000	4906.370000	0.014000	0.000000	10065.758000	64139	1056
planetlab2.acis.ufl.edu_planetlab2.cs.colorado.edu_2818 4	5175.998000	4900.929000	0.024000	0.000000	10076.951000	64142	1056
planetlab2.acis.ufl.edu_planetlab2.cs.colorado.edu_2838 4	5238.890000	4926.100000	0.016000	0.000000	10165.006000	64154	1056
planetlab2.acis.ufl.edu_planetlab2.cs.colorado.edu_2853 4	5289.906000	4931.008000	0.017000	0.000000	10220.931000	64170	1056
planetlab2.acis.ufl.edu_planetlab2.cs.colorado.edu_2917 4	5466.981000	4945.736000	0.020000	0.000000	10412.737000	64202	1056
planetlab2.dtc.umn.edu_planetlab2.cs.colorado.edu_1368 4	10889.126000	0.179000	0.016000	0.000000	10889.321000	64157	3072
planetlab2.acis.ufl.edu_planetlab2.cs.colorado.edu_3061 4	6004.422000	4956.008000	0.051000	0.000000	10960.481000	64313	1056
planetlab2.dtc.umn.edu_planetlab2.cs.colorado.edu_1394 4	11101.832000	0.533000	0.023000	0.000000	11102.388000	64329	3072
planetlab2.acis.ufl.edu_planetlab2.cs.colorado.edu_3115 4	6175.732000	4956.432000	0.017000	0.000000	11132.181000	64394	1056
planetlab2.dtc.umn.edu_planetlab2.cs.colorado.edu_1397 4	11177.251000	0.031000	0.057000	0.000000	11177.339000	64419	3072
planetlab2.dtc.umn.edu_planetlab2.cs.colorado.edu_1402 4	11218.383000	0.026000	0.051000	0.000000	11218.460000	64470	3072
planetlab2.mnlab.cti.depaul.edu_planetlab2.cs.colorado.edu_1941 4	6488.793000	5593.272000	0.011000	0.000000	12082.076000	64513	1152
ebb.colgate.edu_planetlab2.cs.colorado.edu_2009 5	12085.626000	0.018000	0.013000	0.000000	12085.657000	64359	1184
planetlab2.acis.ufl.edu_planetlab2.cs.colorado.edu_3406 4	7083.230000	5157.005000	0.018000	0.000000	12240.253000	64617	1056
planetlab2.mnlab.cti.depaul.edu_planetlab2.cs.colorado.edu_2023 4	7029.780000	5251.071000	0.023000	0.000000	12280.874000	64628	1152
planetlab2.mnlab.cti.depaul.edu_planetlab2.cs.colorado.edu_2036 4	7264.466000	5047.587000	0.024000	0.000000	12312.077000	64670	1152
planet1.cs.rochester.edu_planetlab2.cs.colorado.edu_760 5	13422.862000	0.167000	0.022000	0.000000	13423.051000	64524	3328
planetlab2.cs.pitt.edu_planetlab2.cs.colorado.edu_1899 5	14024.772000	0.114000	0.015000	0.000000	14024.901000	64069	304
planetlab2.cs.pitt.edu_planetlab2.cs.colorado.edu_1904 5	14128.780000	0.026000	0.015000	0.000000	14128.821000	64073	304
planetlab2.cs.pitt.edu_planetlab2.cs.colorado.edu_1906 5	14204.793000	0.068000	0.017000	0.000000	14204.878000	64076	304
planetlab2.cs.pitt.edu_planetlab2.cs.colorado.edu_1908 5	14204.959000	0.019000	0.011000	0.000000	14204.989000	64077	304
planetlab2.cs.pitt.edu_planetlab2.cs.colorado.edu_1910 5	14232.197000	0.020000	0.015000	0.000000	14232.232000	64079	304
planetlab2.cs.pitt.edu_planetlab2.cs.colorado.edu_1922 5	14538.597000	0.022000	0.017000	0.000000	14538.636000	64093	304
planetlab2.cs.pitt.edu_planetlab2.cs.colorado.edu_1935 5	14619.417000	0.198000	0.019000	0.000000	14619.634000	64109	304
planetlab2.cs.pitt.edu_planetlab2.cs.colorado.edu_1964 5	15003.549000	0.081000	0.029000	0.000000	15003.659000	64205	304
planetlab2.cs.pitt.edu_planetlab2.cs.colorado.edu_2028 5	15697.870000	0.029000	0.019000	0.000000	15697.918000	64333	304
planetlab6.cs.duke.edu_planetlab2.cs.colorado.edu_4527 4	12939.578000	3193.369000	0.036000	0.000000	16132.983000	64510	288
planetlab2.cs.columbia.edu_planetlab2.cs.colorado.edu_2653 3	19584.123000	16.211000	0.115000	0.000000	19600.449000	64302	112
planetlab2.cs.columbia.edu_planetlab2.cs.colorado.edu_2667 3	19728.922000	9.272000	0.096000	0.000000	19738.290000	64347	112
planetlab1.williams.edu_planetlab2.cs.colorado.edu_1865 2	4924.354000	15376.278000	0.016000	0.000000	20300.648000	64453	2176
planetlab2.cs.columbia.edu_planetlab2.cs.colorado.edu_2738 3	20413.787000	10.566000	0.138000	0.000000	20424.491000	64452	112
planetlab1.williams.edu_planetlab2.cs.colorado.edu_1955 2	5581.573000	15004.585000	0.021000	0.000000	20586.179000	64550	2176
planetlab1.williams.edu_planetlab2.cs.colorado.edu_1985 2	5980.082000	14731.083000	0.019000	0.000000	20711.184000	64661	2176
planetlab-2.cs.uh.edu_planetlab2.cs.colorado.edu_1432 7	20907.298000	0.888000	0.203000	0.000000	20908.389000	64159	784
planetlab-2.cs.uh.edu_planetlab2.cs.colorado.edu_1436 7	20921.661000	0.368000	0.048000	0.000000	20922.077000	64234	784
planetlab05.cs.washington.edu_planetlab2.cs.colorado.edu_1312 4	20936.513000	0.407000	0.036000	0.000000	20936.956000	64416	432
planetlab-2.cs.uh.edu_planetlab2.cs.colorado.edu_1440 7	20936.237000	0.123000	0.031000	0.000000	20936.391000	64468	784
planetlab-2.cs.uh.edu_planetlab2.cs.colorado.edu_1442 7	20933.291000	1.507000	0.034000	0.000000	20934.832000	64671	784
planetlab-2.cmcl.cs.cmu.edu_planetlab2.cs.colorado.edu_1836 5	22150.814000	0.272000	0.078000	0.000000	22151.164000	64086	560
planetlab-2.cmcl.cs.cmu.edu_planetlab2.cs.colorado.edu_1863 5	22624.957000	0.966000	0.065000	0.000000	22625.988000	64188	560
planetlab-2.cmcl.cs.cmu.edu_planetlab2.cs.colorado.edu_1906 5	23090.314000	0.236000	0.057000	0.000000	23090.607000	64360	560
planetlab-2.cmcl.cs.cmu.edu_planetlab2.cs.colorado.edu_1961 5	23531.573000	0.192000	0.055000	0.000000	23531.820000	64547	560
planetlab-02.bu.edu_planetlab2.cs.colorado.edu_1446 4	14575.933000	9083.039000	0.027000	0.000000	23658.999000	64641	368
planetlab-1.cs.colostate.edu_planetlab2.cs.colorado.edu_1175 5	17913.697000	5964.872000	0.032000	0.000000	23878.601000	64075	656
planetlab-1.cs.colostate.edu_planetlab2.cs.colorado.edu_1251 5	19989.611000	4167.551000	0.030000	0.000000	24157.192000	64552	656
planetlab-1.cs.colostate.edu_planetlab2.cs.colorado.edu_1258 5	20257.817000	3916.805000	0.037000	0.000000	24174.659000	64648	656
planetlab-1.cs.colostate.edu_planetlab2.cs.colorado.edu_1260 5	20412.201000	3769.859000	0.031000	0.000000	24182.091000	64672	656
planetlab-1.cs.colostate.edu_planetlab2.cs.colorado.edu_1263 5	20480.698000	3702.354000	0.030000	0.000000	24183.082000	64680	656
planetlab-1.cs.colostate.edu_planetlab2.cs.colorado.edu_1265 5	20484.242000	3700.422000	0.022000	0.000000	24184.686000	64681	656
planetlab-1.cs.colostate.edu_planetlab2.cs.colorado.edu_1267 5	20487.530000	3700.924000	0.016000	0.000000	24188.470000	64682	656
roam2.cs.ou.edu_planetlab2.cs.colorado.edu_6231 4	21179.237000	4502.597000	0.023000	0.000000	25681.857000	64063	48
planetlab-03.cs.princeton.edu_planetlab2.cs.colorado.edu_5265 4	27970.520000	0.364000	0.041000	0.000000	27970.925000	64061	80
roam2.cs.ou.edu_planetlab2.cs.colorado.edu_6953 4	26799.837000	1348.778000	0.033000	0.000000	28148.648000	64151	48
planetlab3.williams.edu_planetlab2.cs.colorado.edu_1613 5	20506.408000	9359.180000	0.021000	0.000000	29865.609000	64198	400
planetlab3.williams.edu_planetlab2.cs.colorado.edu_1662 5	21047.612000	8938.681000	0.018000	0.000000	29986.311000	64601	400
planetlab-03.cs.princeton.edu_planetlab2.cs.colorado.edu_5367 4	31830.400000	0.751000	0.808000	0.000000	31831.959000	64072	80
planetlab1.cs.unc.edu_planetlab2.cs.colorado.edu_4821 6	32276.994000	96.217000	0.039000	0.000000	32373.250000	64166	528
planetlab-1.cse.ohio-state.edu_planetlab2.cs.colorado.edu_1807 4	25799.231000	6581.374000	0.074000	0.000000	32380.679000	64127	2560
planetlab-1.cse.ohio-state.edu_planetlab2.cs.colorado.edu_1812 4	25779.189000	6629.632000	0.030000	0.000000	32408.851000	64204	2560
planetlab-1.cse.ohio-state.edu_planetlab2.cs.colorado.edu_1827 4	25701.978000	6718.619000	0.050000	0.000000	32420.647000	64367	2560
planetlab-03.cs.princeton.edu_planetlab2.cs.colorado.edu_5442 4	32434.406000	1.603000	0.891000	0.000000	32436.900000	64094	80
planetlab-1.cse.ohio-state.edu_planetlab2.cs.colorado.edu_1828 4	25726.186000	6722.380000	0.027000	0.000000	32448.593000	64351	2560
planetlab-1.cse.ohio-state.edu_planetlab2.cs.colorado.edu_1832 4	25698.090000	6750.323000	0.025000	0.000000	32448.438000	64375	2560
planetlab-1.cse.ohio-state.edu_planetlab2.cs.colorado.edu_1834 4	25644.494000	6824.434000	0.024000	0.000000	32468.952000	64381	2560
planetlab-1.cse.ohio-state.edu_planetlab2.cs.colorado.edu_1851 4	26050.440000	6432.089000	0.120000	0.000000	32482.649000	64382	2560
planetlab-1.cse.ohio-state.edu_planetlab2.cs.colorado.edu_1833 4	25671.424000	6812.025000	0.024000	0.000000	32483.473000	64319	2560
planetlab1.cs.unc.edu_planetlab2.cs.colorado.edu_4872 6	32410.275000	83.248000	0.022000	0.000000	32493.545000	64294	528
planetlab-1.cse.ohio-state.edu_planetlab2.cs.colorado.edu_1852 4	26054.069000	6445.790000	0.025000	0.000000	32499.884000	64379	2560
planetlab-1.cse.ohio-state.edu_planetlab2.cs.colorado.edu_1853 4	26038.761000	6474.383000	0.024000	0.000000	32513.168000	64383	2560
planetlab1.cs.unc.edu_planetlab2.cs.colorado.edu_4877 6	32415.453000	101.158000	0.027000	0.000000	32516.638000	64304	528
planetlab1.cs.unc.edu_planetlab2.cs.colorado.edu_4880 6	32430.202000	86.205000	0.035000	0.000000	32516.442000	64325	528
planetlab-1.cse.ohio-state.edu_planetlab2.cs.colorado.edu_1862 4	26254.802000	6282.158000	0.956000	0.000000	32537.916000	64511	2560
planetlab1.cs.unc.edu_planetlab2.cs.colorado.edu_4890 6	32449.287000	94.425000	0.021000	0.000000	32543.733000	64390	528
planetlab1.cs.unc.edu_planetlab2.cs.colorado.edu_4892 6	32462.325000	81.555000	0.026000	0.000000	32543.906000	64418	528
planetlab1.cs.unc.edu_planetlab2.cs.colorado.edu_4896 6	32470.827000	96.783000	0.021000	0.000000	32567.631000	64420	528
planetlab1.cs.unc.edu_planetlab2.cs.colorado.edu_4900 6	32485.858000	81.779000	0.030000	0.000000	32567.667000	64422	528
planetlab1.cs.unc.edu_planetlab2.cs.colorado.edu_4902 6	32486.511000	94.628000	0.017000	0.000000	32581.156000	64423	528
planetlab1.cs.unc.edu_planetlab2.cs.colorado.edu_4912 6	32504.070000	113.972000	0.019000	0.000000	32618.061000	64430	528
planetlab1.cs.unc.edu_planetlab2.cs.colorado.edu_4919 6	32518.726000	114.821000	0.025000	0.000000	32633.572000	64438	528
planetlab1.rutgers.edu_planetlab2.cs.colorado.edu_8189 5	23732.189000	8924.579000	0.051000	0.000000	32656.819000	64630	512
planetlab1.cs.unc.edu_planetlab2.cs.colorado.edu_4927 6	32539.385000	125.065000	0.029000	0.000000	32664.479000	64474	528
planetlab1.cs.unc.edu_planetlab2.cs.colorado.edu_4932 6	32556.827000	118.401000	0.026000	0.000000	32675.254000	64486	528
planetlab1.cs.unc.edu_planetlab2.cs.colorado.edu_4941 6	32582.416000	133.958000	0.035000	0.000000	32716.409000	64517	528
planetlab1.cs.unc.edu_planetlab2.cs.colorado.edu_4943 6	32582.354000	137.816000	0.014000	0.000000	32720.184000	64526	528
planetlab5.williams.edu_planetlab2.cs.colorado.edu_2802 2	9635.308000	23153.153000	0.022000	0.000000	32788.483000	64071	2112
planetlab1.cs.unc.edu_planetlab2.cs.colorado.edu_4970 6	32637.567000	183.056000	0.018000	0.000000	32820.641000	64577	528
planetlab1.cs.unc.edu_planetlab2.cs.colorado.edu_4972 6	32637.757000	191.798000	0.015000	0.000000	32829.570000	64580	528
planetlab1.cs.unc.edu_planetlab2.cs.colorado.edu_4974 6	32638.965000	191.706000	0.032000	0.000000	32830.703000	64581	528
planetlab1.cs.unc.edu_planetlab2.cs.colorado.edu_4976 6	32650.746000	194.519000	0.026000	0.000000	32845.291000	64583	528
planetlab1.cs.unc.edu_planetlab2.cs.colorado.edu_4978 6	32653.907000	191.874000	0.020000	0.000000	32845.801000	64589	528
planetlab1.cs.unc.edu_planetlab2.cs.colorado.edu_4985 6	32664.397000	208.342000	0.024000	0.000000	32872.763000	64597	528
planetlab1.cs.unc.edu_planetlab2.cs.colorado.edu_4991 6	32672.795000	212.968000	0.018000	0.000000	32885.781000	64613	528
planetlab5.williams.edu_planetlab2.cs.colorado.edu_2825 2	10258.526000	22634.095000	0.022000	0.000000	32892.643000	64135	2112
planetlab1.cs.unc.edu_planetlab2.cs.colorado.edu_4998 6	32691.720000	227.398000	0.028000	0.000000	32919.146000	64635	528
planetlab1.cs.unc.edu_planetlab2.cs.colorado.edu_5016 6	32729.804000	247.583000	0.023000	0.000000	32977.410000	64657	528
planetlab5.williams.edu_planetlab2.cs.colorado.edu_2906 2	11409.511000	21927.077000	0.018000	0.000000	33336.606000	64263	2112
planetlab5.williams.edu_planetlab2.cs.colorado.edu_2943 2	12196.826000	21229.964000	0.027000	0.000000	33426.817000	64436	2112
roam2.cs.ou.edu_planetlab2.cs.colorado.edu_7167 4	33693.293000	0.054000	0.024000	0.000000	33693.371000	64257	48
planetlab4.williams.edu_planetlab2.cs.colorado.edu_1997 5	33931.153000	0.116000	0.027000	0.000000	33931.296000	64172	336
roam2.cs.ou.edu_planetlab2.cs.colorado.edu_7219 4	34286.517000	0.120000	0.022000	0.000000	34286.659000	64279	48
planetlab-03.cs.princeton.edu_planetlab2.cs.colorado.edu_5637 4	34643.131000	0.445000	0.023000	0.000000	34643.599000	64158	80
planetlab-03.cs.princeton.edu_planetlab2.cs.colorado.edu_5648 4	34810.617000	0.068000	0.022000	0.000000	34810.707000	64162	80
planetlab4.williams.edu_planetlab2.cs.colorado.edu_2030 5	35269.737000	0.063000	0.030000	0.000000	35269.830000	64376	336
planetlab4.williams.edu_planetlab2.cs.colorado.edu_2033 5	35438.235000	0.030000	0.027000	0.000000	35438.292000	64402	336
roam2.cs.ou.edu_planetlab2.cs.colorado.edu_7380 4	35650.151000	0.140000	0.034000	0.000000	35650.325000	64372	48
planetlab4.williams.edu_planetlab2.cs.colorado.edu_2035 5	35850.040000	0.091000	0.029000	0.000000	35850.160000	64487	336
roam2.cs.ou.edu_planetlab2.cs.colorado.edu_7406 4	35891.556000	0.096000	0.026000	0.000000	35891.678000	64391	48
roam2.cs.ou.edu_planetlab2.cs.colorado.edu_7414 4	36035.893000	0.033000	0.028000	0.000000	36035.954000	64403	48
roam2.cs.ou.edu_planetlab2.cs.colorado.edu_7416 4	36078.927000	0.054000	0.029000	0.000000	36079.010000	64405	48
roam2.cs.ou.edu_planetlab2.cs.colorado.edu_7418 4	36086.063000	0.120000	0.018000	0.000000	36086.201000	64406	48
roam2.cs.ou.edu_planetlab2.cs.colorado.edu_7420 4	36102.969000	0.024000	0.021000	0.000000	36103.014000	64407	48
planetlab-03.cs.princeton.edu_planetlab2.cs.colorado.edu_5747 4	36133.144000	0.143000	0.018000	0.000000	36133.305000	64206	80
roam2.cs.ou.edu_planetlab2.cs.colorado.edu_7426 4	36220.948000	0.095000	0.033000	0.000000	36221.076000	64415	48
planetlab-03.cs.princeton.edu_planetlab2.cs.colorado.edu_5767 4	36240.460000	0.028000	0.021000	0.000000	36240.509000	64214	80
planetlab-03.cs.princeton.edu_planetlab2.cs.colorado.edu_5769 4	36325.286000	0.077000	0.026000	0.000000	36325.389000	64218	80
planetlab-03.cs.princeton.edu_planetlab2.cs.colorado.edu_5775 4	36387.735000	0.066000	0.022000	0.000000	36387.823000	64220	80
planetlab-03.cs.princeton.edu_planetlab2.cs.colorado.edu_5781 4	36421.771000	0.180000	0.020000	0.000000	36421.971000	64222	80
planetlab-03.cs.princeton.edu_planetlab2.cs.colorado.edu_5785 4	36467.619000	0.108000	0.022000	0.000000	36467.749000	64223	80
roam2.cs.ou.edu_planetlab2.cs.colorado.edu_7440 4	36588.255000	0.090000	0.037000	0.000000	36588.382000	64439	48
planetlab-03.cs.princeton.edu_planetlab2.cs.colorado.edu_5827 4	37073.801000	0.033000	0.028000	0.000000	37073.862000	64254	80
roam2.cs.ou.edu_planetlab2.cs.colorado.edu_7496 4	37085.074000	0.114000	0.019000	0.000000	37085.207000	64471	48
roam2.cs.ou.edu_planetlab2.cs.colorado.edu_7527 4	37424.574000	0.116000	0.032000	0.000000	37424.722000	64491	48
roam2.cs.ou.edu_planetlab2.cs.colorado.edu_7603 4	38025.128000	0.073000	0.024000	0.000000	38025.225000	64520	48
node1.planetlab.albany.edu_planetlab2.cs.colorado.edu_13261 3	19764.259000	18627.119000	0.024000	0.000000	38391.402000	64548	32
ricepl-4.cs.rice.edu_planetlab2.cs.colorado.edu_1087 4	38757.465000	0.062000	0.033000	0.000000	38757.560000	64100	720
node1.planetlab.albany.edu_planetlab2.cs.colorado.edu_13373 3	20090.238000	18694.835000	0.026000	0.000000	38785.099000	64593	32
planetlab2.umassd.edu_planetlab2.cs.colorado.edu_7919 3	18244.207000	20560.574000	0.057000	0.000000	38804.838000	64365	64
planetlab-03.cs.princeton.edu_planetlab2.cs.colorado.edu_5907 4	38918.985000	0.288000	0.024000	0.000000	38919.297000	64374	80
roam2.cs.ou.edu_planetlab2.cs.colorado.edu_7673 4	38924.720000	0.107000	0.022000	0.000000	38924.849000	64604	48
planetlab-03.cs.princeton.edu_planetlab2.cs.colorado.edu_5937 4	39372.142000	0.383000	0.029000	0.000000	39372.554000	64478	80
roam2.cs.ou.edu_planetlab2.cs.colorado.edu_7709 4	39537.083000	0.031000	0.030000	0.000000	39537.144000	64663	48
planetlab-03.cs.princeton.edu_planetlab2.cs.colorado.edu_5945 4	39565.797000	0.255000	0.027000	0.000000	39566.079000	64525	80
planetlab-03.cs.princeton.edu_planetlab2.cs.colorado.edu_5947 4	39624.665000	0.252000	0.026000	0.000000	39624.943000	64533	80
planetlab-03.cs.princeton.edu_planetlab2.cs.colorado.edu_5949 4	39644.702000	0.550000	0.018000	0.000000	39645.270000	64537	80
roam2.cs.ou.edu_planetlab2.cs.colorado.edu_7711 4	39654.710000	0.030000	0.034000	0.000000	39654.774000	64668	48
planetlab-03.cs.princeton.edu_planetlab2.cs.colorado.edu_5953 4	39660.079000	0.271000	0.019000	0.000000	39660.369000	64540	80
planetlab-03.cs.princeton.edu_planetlab2.cs.colorado.edu_5955 4	39665.124000	1.849000	0.015000	0.000000	39666.988000	64541	80
planetlab-03.cs.princeton.edu_planetlab2.cs.colorado.edu_5957 4	39669.883000	0.323000	0.017000	0.000000	39670.223000	64543	80
planetlab-03.cs.princeton.edu_planetlab2.cs.colorado.edu_5962 4	39688.818000	0.823000	0.018000	0.000000	39689.659000	64549	80
planetlab-03.cs.princeton.edu_planetlab2.cs.colorado.edu_5964 4	39702.781000	0.271000	0.017000	0.000000	39703.069000	64553	80
planetlab-03.cs.princeton.edu_planetlab2.cs.colorado.edu_5966 4	39759.473000	0.907000	0.024000	0.000000	39760.404000	64556	80
planetlab-03.cs.princeton.edu_planetlab2.cs.colorado.edu_5968 4	39769.215000	0.532000	0.017000	0.000000	39769.764000	64557	80
planetlab-03.cs.princeton.edu_planetlab2.cs.colorado.edu_5970 4	39783.836000	0.320000	0.019000	0.000000	39784.175000	64559	80
planetlab-03.cs.princeton.edu_planetlab2.cs.colorado.edu_5972 4	39787.864000	0.525000	0.017000	0.000000	39788.406000	64561	80
planetlab-03.cs.princeton.edu_planetlab2.cs.colorado.edu_5974 4	39843.552000	0.342000	0.026000	0.000000	39843.920000	64564	80
planetlab-03.cs.princeton.edu_planetlab2.cs.colorado.edu_5976 4	39844.572000	0.844000	0.016000	0.000000	39845.432000	64565	80
planetlab-03.cs.princeton.edu_planetlab2.cs.colorado.edu_5978 4	39846.746000	0.056000	0.016000	0.000000	39846.818000	64567	80
planetlab-03.cs.princeton.edu_planetlab2.cs.colorado.edu_5981 4	39879.217000	0.303000	0.020000	0.000000	39879.540000	64568	80
planetlab-03.cs.princeton.edu_planetlab2.cs.colorado.edu_5982 4	39879.167000	1.187000	0.012000	0.000000	39880.366000	64569	80
planetlab-03.cs.princeton.edu_planetlab2.cs.colorado.edu_5984 4	39890.459000	1.039000	0.019000	0.000000	39891.517000	64571	80
planetlab-03.cs.princeton.edu_planetlab2.cs.colorado.edu_5986 4	39897.351000	0.410000	0.017000	0.000000	39897.778000	64572	80
planetlab-03.cs.princeton.edu_planetlab2.cs.colorado.edu_5988 4	39903.589000	0.152000	0.016000	0.000000	39903.757000	64573	80
planetlab-03.cs.princeton.edu_planetlab2.cs.colorado.edu_5992 4	39912.650000	0.394000	0.016000	0.000000	39913.060000	64575	80
planetlab-03.cs.princeton.edu_planetlab2.cs.colorado.edu_5991 4	39912.901000	0.799000	0.020000	0.000000	39913.720000	64574	80
planetlab-03.cs.princeton.edu_planetlab2.cs.colorado.edu_5994 4	39923.938000	0.069000	0.018000	0.000000	39924.025000	64584	80
planetlab-03.cs.princeton.edu_planetlab2.cs.colorado.edu_6000 4	39986.487000	0.438000	0.019000	0.000000	39986.944000	64605	80
planetlab-03.cs.princeton.edu_planetlab2.cs.colorado.edu_6004 4	40030.627000	0.875000	0.021000	0.000000	40031.523000	64621	80
planetlab-03.cs.princeton.edu_planetlab2.cs.colorado.edu_6006 4	40049.060000	0.576000	0.019000	0.000000	40049.655000	64629	80
planetlab-03.cs.princeton.edu_planetlab2.cs.colorado.edu_6008 4	40049.423000	0.327000	0.011000	0.000000	40049.761000	64633	80
planetlab-03.cs.princeton.edu_planetlab2.cs.colorado.edu_6012 4	40063.626000	0.267000	0.013000	0.000000	40063.906000	64636	80
planetlab-03.cs.princeton.edu_planetlab2.cs.colorado.edu_6014 4	40074.869000	0.603000	0.017000	0.000000	40075.489000	64637	80
planetlab-03.cs.princeton.edu_planetlab2.cs.colorado.edu_6016 4	40075.983000	0.706000	0.015000	0.000000	40076.704000	64639	80
planetlab2.umassd.edu_planetlab2.cs.colorado.edu_8285 3	20373.976000	19725.453000	0.024000	0.000000	40099.453000	64654	64
planetlab-03.cs.princeton.edu_planetlab2.cs.colorado.edu_6030 4	40219.515000	0.726000	0.023000	0.000000	40220.264000	64669	80
planetlab-03.cs.princeton.edu_planetlab2.cs.colorado.edu_6032 4	40273.026000	0.559000	0.024000	0.000000	40273.609000	64674	80
plgmu1.ite.gmu.edu_planetlab2.cs.colorado.edu_2374 3	44230.130000	1.269000	0.088000	0.000000	44231.487000	64307	208
planetlab2.eecs.umich.edu_planetlab2.cs.colorado.edu_9155 3	46300.861000	1.355000	0.088000	0.000000	46302.304000	64056	2048
planetlab2.eecs.umich.edu_planetlab2.cs.colorado.edu_9198 3	46592.653000	16.068000	0.102000	0.000000	46608.823000	64084	2048
planetlab2.eecs.umich.edu_planetlab2.cs.colorado.edu_9225 3	46677.994000	9.783000	0.083000	0.000000	46687.860000	64104	2048
planetlab2.eecs.umich.edu_planetlab2.cs.colorado.edu_9281 3	46980.320000	3.748000	0.081000	0.000000	46984.149000	64168	2048
planetlab2.eecs.umich.edu_planetlab2.cs.colorado.edu_9285 3	47004.952000	10.292000	0.089000	0.000000	47015.333000	64190	2048
plab4.eece.ksu.edu_planetlab2.cs.colorado.edu_3631 2	11088.392000	35944.763000	0.013000	0.000000	47033.168000	64230	2080
planetlab2.eecs.umich.edu_planetlab2.cs.colorado.edu_9298 3	47066.443000	7.296000	0.096000	0.000000	47073.835000	64203	2048
aguila2.lsi.upc.edu_planetlab2.cs.colorado.edu_2962 4	18219.106000	29019.248000	0.018000	0.000000	47238.372000	64058	576
plab4.eece.ksu.edu_planetlab2.cs.colorado.edu_3683 2	11771.982000	35796.497000	0.011000	0.000000	47568.490000	64306	2080
planetlab2.eecs.umich.edu_planetlab2.cs.colorado.edu_9356 3	47611.394000	6.127000	0.035000	0.000000	47617.556000	64296	2048
aguila1.lsi.upc.edu_planetlab2.cs.colorado.edu_1692 5	47862.952000	0.076000	0.014000	0.000000	47863.042000	64137	592
plab4.eece.ksu.edu_planetlab2.cs.colorado.edu_3728 2	12129.158000	35759.085000	0.013000	0.000000	47888.256000	64429	2080
planetlab2.eecs.umich.edu_planetlab2.cs.colorado.edu_9391 3	47940.623000	0.078000	0.067000	0.000000	47940.768000	64384	2048
aguila1.lsi.upc.edu_planetlab2.cs.colorado.edu_1702 5	48005.551000	0.050000	0.013000	0.000000	48005.614000	64265	592
planetlab2.eecs.umich.edu_planetlab2.cs.colorado.edu_9395 3	48003.766000	4.157000	0.218000	0.000000	48008.141000	64411	2048
plab4.eece.ksu.edu_planetlab2.cs.colorado.edu_3742 2	12356.524000	35679.155000	0.012000	0.000000	48035.691000	64472	2080
aguila1.lsi.upc.edu_planetlab2.cs.colorado.edu_1710 5	48114.899000	0.078000	0.018000	0.000000	48114.995000	64392	592
aguila1.lsi.upc.edu_planetlab2.cs.colorado.edu_1712 5	48126.796000	15.100000	0.013000	0.000000	48141.909000	64385	592
aguila1.lsi.upc.edu_planetlab2.cs.colorado.edu_1716 5	48152.125000	12.927000	0.012000	0.000000	48165.064000	64393	592
aguila1.lsi.upc.edu_planetlab2.cs.colorado.edu_1718 5	48140.604000	30.124000	0.011000	0.000000	48170.739000	64395	592
aguila1.lsi.upc.edu_planetlab2.cs.colorado.edu_1720 5	48140.714000	31.644000	0.011000	0.000000	48172.369000	64397	592
aguila1.lsi.upc.edu_planetlab2.cs.colorado.edu_1722 5	48144.958000	109.873000	0.011000	0.000000	48254.842000	64409	592
aguila1.lsi.upc.edu_planetlab2.cs.colorado.edu_1728 5	48256.487000	26.411000	0.015000	0.000000	48282.913000	64425	592
planetlab2.eecs.umich.edu_planetlab2.cs.colorado.edu_9417 3	48299.653000	3.764000	0.226000	0.000000	48303.643000	64523	2048
aguila1.lsi.upc.edu_planetlab2.cs.colorado.edu_1730 5	48256.119000	53.194000	0.009000	0.000000	48309.322000	64457	592
planetlab2.eecs.umich.edu_planetlab2.cs.colorado.edu_9442 3	48427.305000	9.339000	0.077000	0.000000	48436.721000	64545	2048
planetlab2.eecs.umich.edu_planetlab2.cs.colorado.edu_9538 3	48976.034000	1.081000	0.093000	0.000000	48977.208000	64579	2048
planetlab2.eecs.umich.edu_planetlab2.cs.colorado.edu_9562 3	49079.814000	4.325000	0.079000	0.000000	49084.218000	64585	2048
planetlab2.eecs.umich.edu_planetlab2.cs.colorado.edu_9566 3	49109.784000	3.837000	0.081000	0.000000	49113.702000	64586	2048
planetlab2.eecs.umich.edu_planetlab2.cs.colorado.edu_9568 3	49119.261000	5.228000	0.079000	0.000000	49124.568000	64587	2048
planetlab2.eecs.umich.edu_planetlab2.cs.colorado.edu_9580 3	49187.135000	4.315000	0.096000	0.000000	49191.546000	64591	2048
planetlab2.eecs.umich.edu_planetlab2.cs.colorado.edu_9599 3	49282.757000	8.402000	0.080000	0.000000	49291.239000	64596	2048
planetlab2.eecs.umich.edu_planetlab2.cs.colorado.edu_9625 3	49420.177000	6.757000	0.106000	0.000000	49427.040000	64603	2048
planetlab2.eecs.umich.edu_planetlab2.cs.colorado.edu_9657 3	49604.665000	3.518000	0.081000	0.000000	49608.264000	64619	2048
planetlab2.eecs.umich.edu_planetlab2.cs.colorado.edu_9664 3	49694.047000	0.637000	0.079000	0.000000	49694.763000	64632	2048
planetlab2.eecs.umich.edu_planetlab2.cs.colorado.edu_9675 3	49834.481000	3.504000	0.079000	0.000000	49838.064000	64643	2048
planetlab2.eecs.umich.edu_planetlab2.cs.colorado.edu_9684 3	49881.393000	5.690000	0.080000	0.000000	49887.163000	64649	2048
planetlab2.eecs.umich.edu_planetlab2.cs.colorado.edu_9686 3	49885.053000	6.233000	0.028000	0.000000	49891.314000	64650	2048
planetlab2.eecs.umich.edu_planetlab2.cs.colorado.edu_9697 3	49959.067000	4.073000	0.081000	0.000000	49963.221000	64651	2048
planetlab2.eecs.umich.edu_planetlab2.cs.colorado.edu_9705 3	50006.849000	9.997000	0.033000	0.000000	50016.879000	64655	2048
planetlab2.eecs.umich.edu_planetlab2.cs.colorado.edu_9734 3	50167.796000	99.204000	0.080000	0.000000	50267.080000	64667	2048
planetlab2.eecs.umich.edu_planetlab2.cs.colorado.edu_9766 3	50359.686000	110.141000	0.080000	0.000000	50469.907000	64683	2048
planetlab1.cs.uoregon.edu_planetlab2.cs.colorado.edu_7377 5	14851.551000	39989.605000	0.057000	0.000000	54841.213000	64152	256
vn4.cse.wustl.edu_planetlab2.cs.colorado.edu_4797 6	54893.241000	0.146000	0.031000	0.000000	54893.418000	64131	272
vn4.cse.wustl.edu_planetlab2.cs.colorado.edu_4869 6	56347.972000	0.031000	0.028000	0.000000	56348.031000	64267	272
vn4.cse.wustl.edu_planetlab2.cs.colorado.edu_4891 6	56807.147000	0.183000	0.023000	0.000000	56807.353000	64291	272
flow.colgate.edu_planetlab2.cs.colorado.edu_5396 2	14210.623000	42674.398000	0.016000	0.000000	56885.037000	64611	192
vn4.cse.wustl.edu_planetlab2.cs.colorado.edu_4897 6	56924.235000	0.132000	0.029000	0.000000	56924.396000	64297	272
vn4.cse.wustl.edu_planetlab2.cs.colorado.edu_4899 6	56995.469000	0.182000	0.033000	0.000000	56995.684000	64298	272
vn4.cse.wustl.edu_planetlab2.cs.colorado.edu_4902 6	57029.263000	0.166000	0.035000	0.000000	57029.464000	64299	272
vn4.cse.wustl.edu_planetlab2.cs.colorado.edu_4904 6	57104.610000	0.142000	0.031000	0.000000	57104.783000	64303	272
vn4.cse.wustl.edu_planetlab2.cs.colorado.edu_4906 6	57197.873000	0.257000	0.033000	0.000000	57198.163000	64315	272
vn4.cse.wustl.edu_planetlab2.cs.colorado.edu_4908 6	57420.055000	0.123000	0.034000	0.000000	57420.212000	64343	272
vn4.cse.wustl.edu_planetlab2.cs.colorado.edu_4912 6	57561.887000	0.135000	0.032000	0.000000	57562.054000	64363	272
planetlab5.cs.uiuc.edu_planetlab2.cs.colorado.edu_873 3	8024.887000	49552.324000	0.009000	0.000000	57577.220000	64631	2336
planetlab1.eecs.umich.edu_planetlab2.cs.colorado.edu_2279 4	57884.942000	15.440000	0.075000	0.000000	57900.457000	64090	2304
planetlab1.eecs.umich.edu_planetlab2.cs.colorado.edu_2285 4	57929.962000	8.925000	0.073000	0.000000	57938.960000	64273	2304
planetlab1.eecs.umich.edu_planetlab2.cs.colorado.edu_2289 4	57955.772000	4.741000	0.074000	0.000000	57960.587000	64356	2304
vn4.cse.wustl.edu_planetlab2.cs.colorado.edu_4920 6	57963.565000	0.117000	0.030000	0.000000	57963.712000	64427	272
planetlab1.eecs.umich.edu_planetlab2.cs.colorado.edu_2291 4	57960.527000	7.687000	0.072000	0.000000	57968.286000	64398	2304
vn4.cse.wustl.edu_planetlab2.cs.colorado.edu_4924 6	58052.689000	1.062000	0.034000	0.000000	58053.785000	64445	272
vn4.cse.wustl.edu_planetlab2.cs.colorado.edu_4926 6	58156.521000	0.099000	0.033000	0.000000	58156.653000	64456	272
planetlab1.cs.uoregon.edu_planetlab2.cs.colorado.edu_7815 5	16311.676000	41911.287000	0.042000	0.000000	58223.005000	64519	256
vn4.cse.wustl.edu_planetlab2.cs.colorado.edu_4932 6	58796.965000	0.102000	0.035000	0.000000	58797.102000	64544	272
vn4.cse.wustl.edu_planetlab2.cs.colorado.edu_4935 6	58923.604000	0.620000	0.040000	0.000000	58924.264000	64555	272
vn4.cse.wustl.edu_planetlab2.cs.colorado.edu_4943 6	59156.054000	0.132000	0.031000	0.000000	59156.217000	64576	272
vn4.cse.wustl.edu_planetlab2.cs.colorado.edu_4953 6	59412.980000	0.099000	0.034000	0.000000	59413.113000	64606	272
vn4.cse.wustl.edu_planetlab2.cs.colorado.edu_4955 6	59428.493000	0.037000	0.025000	0.000000	59428.555000	64608	272
vn4.cse.wustl.edu_planetlab2.cs.colorado.edu_4957 6	59461.211000	0.482000	0.031000	0.000000	59461.724000	64609	272
vn4.cse.wustl.edu_planetlab2.cs.colorado.edu_4959 6	59479.690000	0.092000	0.028000	0.000000	59479.810000	64610	272
vn4.cse.wustl.edu_planetlab2.cs.colorado.edu_4961 6	59482.215000	0.092000	0.021000	0.000000	59482.328000	64612	272
vn4.cse.wustl.edu_planetlab2.cs.colorado.edu_4963 6	59534.925000	0.096000	0.031000	0.000000	59535.052000	64616	272
vn4.cse.wustl.edu_planetlab2.cs.colorado.edu_4965 6	59613.278000	0.073000	0.033000	0.000000	59613.384000	64624	272
planetlab1.cs.uoregon.edu_planetlab2.cs.colorado.edu_8021 5	17110.148000	42627.378000	0.056000	0.000000	59737.582000	64664	256
planetlab4.wail.wisc.edu_planetlab2.cs.colorado.edu_15598 5	91148.202000	0.021000	0.018000	0.000000	91148.241000	64057	16
planetlab4.wail.wisc.edu_planetlab2.cs.colorado.edu_15616 5	91315.380000	0.148000	0.021000	0.000000	91315.549000	64059	16
planetlab2.clemson.edu_planetlab2.cs.colorado.edu_1292 3	91422.449000	0.055000	0.018000	0.000000	91422.522000	64146	2688
pl1.rcc.uottawa.ca_planetlab2.cs.colorado.edu_19177 4	21196.809000	71187.003000	0.031000	0.000000	92383.843000	64064	0
planetlab4.wail.wisc.edu_planetlab2.cs.colorado.edu_15744 5	92441.093000	0.050000	0.030000	0.000000	92441.173000	64065	16
pl1.rcc.uottawa.ca_planetlab2.cs.colorado.edu_19288 4	21361.786000	71421.040000	0.031000	0.000000	92782.857000	64066	0
pl1.rcc.uottawa.ca_planetlab2.cs.colorado.edu_19304 4	21383.616000	71460.715000	0.024000	0.000000	92844.355000	64067	0
pl1.rcc.uottawa.ca_planetlab2.cs.colorado.edu_19514 4	21639.404000	71898.626000	0.027000	0.000000	93538.057000	64070	0
pl1.rcc.uottawa.ca_planetlab2.cs.colorado.edu_19696 4	21867.310000	72327.190000	0.044000	0.000000	94194.544000	64074	0
planetlab4.wail.wisc.edu_planetlab2.cs.colorado.edu_16041 5	95142.729000	0.031000	0.033000	0.000000	95142.793000	64078	16
planetlab4.wail.wisc.edu_planetlab2.cs.colorado.edu_16057 5	95247.627000	0.108000	0.038000	0.000000	95247.773000	64080	16
planetlab4.wail.wisc.edu_planetlab2.cs.colorado.edu_16130 5	95950.454000	0.028000	0.030000	0.000000	95950.512000	64081	16
pl1.rcc.uottawa.ca_planetlab2.cs.colorado.edu_20210 4	22583.101000	73382.038000	0.024000	0.000000	95965.163000	64082	0
planetlab4.wail.wisc.edu_planetlab2.cs.colorado.edu_16137 5	96011.900000	0.084000	0.024000	0.000000	96012.008000	64083	16
planetlab4.wail.wisc.edu_planetlab2.cs.colorado.edu_16236 5	96705.911000	0.054000	0.028000	0.000000	96705.993000	64085	16
planetlab4.wail.wisc.edu_planetlab2.cs.colorado.edu_16297 5	97200.218000	0.056000	0.033000	0.000000	97200.307000	64089	16
planetlab4.wail.wisc.edu_planetlab2.cs.colorado.edu_16303 5	97263.058000	0.138000	0.028000	0.000000	97263.224000	64091	16
planetlab4.wail.wisc.edu_planetlab2.cs.colorado.edu_16374 5	97834.053000	0.032000	0.033000	0.000000	97834.118000	64096	16
planetlab4.wail.wisc.edu_planetlab2.cs.colorado.edu_16389 5	97923.180000	0.176000	0.035000	0.000000	97923.391000	64097	16
pl1.rcc.uottawa.ca_planetlab2.cs.colorado.edu_20878 4	23544.522000	74727.749000	0.022000	0.000000	98272.293000	64098	0
planetlab4.wail.wisc.edu_planetlab2.cs.colorado.edu_16430 5	98292.383000	0.245000	0.030000	0.000000	98292.658000	64099	16
planetlab4.wail.wisc.edu_planetlab2.cs.colorado.edu_16463 5	98668.013000	0.155000	0.030000	0.000000	98668.198000	64101	16
planetlab4.wail.wisc.edu_planetlab2.cs.colorado.edu_16465 5	98680.250000	0.028000	0.029000	0.000000	98680.307000	64102	16
planetlab4.wail.wisc.edu_planetlab2.cs.colorado.edu_16467 5	98680.623000	0.022000	0.015000	0.000000	98680.660000	64103	16
planetlab4.wail.wisc.edu_planetlab2.cs.colorado.edu_16479 5	98765.641000	0.240000	0.033000	0.000000	98765.914000	64105	16
planetlab4.wail.wisc.edu_planetlab2.cs.colorado.edu_16527 5	99084.136000	0.115000	0.031000	0.000000	99084.282000	64106	16
planetlab4.wail.wisc.edu_planetlab2.cs.colorado.edu_16557 5	99315.464000	0.096000	0.033000	0.000000	99315.593000	64108	16
planetlab4.wail.wisc.edu_planetlab2.cs.colorado.edu_16582 5	99510.118000	0.051000	0.026000	0.000000	99510.195000	64111	16
planetlab4.wail.wisc.edu_planetlab2.cs.colorado.edu_16584 5	99523.237000	0.284000	0.033000	0.000000	99523.554000	64110	16
planetlab4.wail.wisc.edu_planetlab2.cs.colorado.edu_16614 5	99934.589000	0.201000	0.027000	0.000000	99934.817000	64112	16
planetlab4.wail.wisc.edu_planetlab2.cs.colorado.edu_16640 5	100139.909000	0.414000	0.034000	0.000000	100140.357000	64113	16
planetlab4.wail.wisc.edu_planetlab2.cs.colorado.edu_16647 5	100204.493000	0.130000	0.035000	0.000000	100204.658000	64114	16
planetlab4.wail.wisc.edu_planetlab2.cs.colorado.edu_16688 5	100474.449000	0.113000	0.031000	0.000000	100474.593000	64115	16
planetlab4.wail.wisc.edu_planetlab2.cs.colorado.edu_16702 5	100623.149000	0.769000	0.035000	0.000000	100623.953000	64116	16
planetlab4.wail.wisc.edu_planetlab2.cs.colorado.edu_16706 5	100646.300000	0.110000	0.032000	0.000000	100646.442000	64117	16
planetlab4.wail.wisc.edu_planetlab2.cs.colorado.edu_16708 5	100653.895000	1.239000	0.047000	0.000000	100655.181000	64119	16
planetlab4.wail.wisc.edu_planetlab2.cs.colorado.edu_16738 5	101036.032000	0.118000	0.021000	0.000000	101036.171000	64120	16
planetlab4.wail.wisc.edu_planetlab2.cs.colorado.edu_16790 5	101399.500000	0.121000	0.021000	0.000000	101399.642000	64121	16
planetlab4.wail.wisc.edu_planetlab2.cs.colorado.edu_16802 5	101514.233000	0.110000	0.032000	0.000000	101514.375000	64123	16
pl1.rcc.uottawa.ca_planetlab2.cs.colorado.edu_21816 4	25058.732000	76464.617000	0.015000	0.000000	101523.364000	64124	0
planetlab4.wail.wisc.edu_planetlab2.cs.colorado.edu_16808 5	101570.929000	0.162000	0.061000	0.000000	101571.152000	64125	16
planetlab4.wail.wisc.edu_planetlab2.cs.colorado.edu_16824 5	101701.011000	0.174000	0.033000	0.000000	101701.218000	64126	16
planetlab4.wail.wisc.edu_planetlab2.cs.colorado.edu_16864 5	102289.672000	0.108000	0.031000	0.000000	102289.811000	64128	16
planetlab4.wail.wisc.edu_planetlab2.cs.colorado.edu_16883 5	102483.213000	0.299000	0.032000	0.000000	102483.544000	64129	16
planetlab4.wail.wisc.edu_planetlab2.cs.colorado.edu_16891 5	102525.289000	0.224000	0.026000	0.000000	102525.539000	64132	16
planetlab4.wail.wisc.edu_planetlab2.cs.colorado.edu_16919 5	102679.338000	0.047000	0.023000	0.000000	102679.408000	64133	16
planetlab4.wail.wisc.edu_planetlab2.cs.colorado.edu_16921 5	102683.086000	16.868000	0.019000	0.000000	102699.973000	64134	16
planetlab4.wail.wisc.edu_planetlab2.cs.colorado.edu_16969 5	103094.291000	0.033000	0.035000	0.000000	103094.359000	64140	16
planetlab4.wail.wisc.edu_planetlab2.cs.colorado.edu_16980 5	103173.606000	0.083000	0.025000	0.000000	103173.714000	64141	16
planetlab4.wail.wisc.edu_planetlab2.cs.colorado.edu_17063 5	103642.273000	1.112000	0.023000	0.000000	103643.408000	64144	16
planetlab4.wail.wisc.edu_planetlab2.cs.colorado.edu_17082 5	103788.227000	0.140000	0.029000	0.000000	103788.396000	64145	16
planetlab4.wail.wisc.edu_planetlab2.cs.colorado.edu_17120 5	104088.002000	0.169000	0.036000	0.000000	104088.207000	64147	16
planetlab4.wail.wisc.edu_planetlab2.cs.colorado.edu_17131 5	104286.076000	0.121000	0.044000	0.000000	104286.241000	64149	16
planetlab4.wail.wisc.edu_planetlab2.cs.colorado.edu_17133 5	104293.575000	0.077000	0.023000	0.000000	104293.675000	64148	16
pl1.rcc.uottawa.ca_planetlab2.cs.colorado.edu_22573 4	26640.484000	77801.487000	0.023000	0.000000	104441.994000	64150	0
planetlab4.wail.wisc.edu_planetlab2.cs.colorado.edu_17234 5	104814.259000	277.541000	0.034000	0.000000	105091.834000	64153	16
planetlab4.wail.wisc.edu_planetlab2.cs.colorado.edu_17243 5	104894.858000	273.293000	0.026000	0.000000	105168.177000	64155	16
planetlab4.wail.wisc.edu_planetlab2.cs.colorado.edu_17294 5	105210.530000	233.508000	0.039000	0.000000	105444.077000	64160	16
planetlab4.wail.wisc.edu_planetlab2.cs.colorado.edu_17301 5	105245.544000	231.540000	0.028000	0.000000	105477.112000	64161	16
planetlab4.wail.wisc.edu_planetlab2.cs.colorado.edu_17338 5	105457.958000	260.044000	0.029000	0.000000	105718.031000	64163	16
planetlab4.wail.wisc.edu_planetlab2.cs.colorado.edu_17354 5	105586.744000	209.303000	0.024000	0.000000	105796.071000	64164	16
planetlab4.wail.wisc.edu_planetlab2.cs.colorado.edu_17358 5	105608.920000	213.708000	0.033000	0.000000	105822.661000	64165	16
planetlab4.wail.wisc.edu_planetlab2.cs.colorado.edu_17441 5	106256.364000	40.937000	0.028000	0.000000	106297.329000	64169	16
planetlab4.wail.wisc.edu_planetlab2.cs.colorado.edu_17518 5	106647.961000	157.882000	0.028000	0.000000	106805.871000	64176	16
planetlab4.wail.wisc.edu_planetlab2.cs.colorado.edu_17526 5	106680.122000	160.936000	0.025000	0.000000	106841.083000	64177	16
planetlab4.wail.wisc.edu_planetlab2.cs.colorado.edu_17554 5	106880.404000	62.519000	0.032000	0.000000	106942.955000	64178	16
planetlab4.wail.wisc.edu_planetlab2.cs.colorado.edu_17618 5	107272.014000	18.132000	0.022000	0.000000	107290.168000	64180	16
planetlab4.wail.wisc.edu_planetlab2.cs.colorado.edu_17620 5	107284.817000	7.828000	0.050000	0.000000	107292.695000	64179	16
planetlab4.wail.wisc.edu_planetlab2.cs.colorado.edu_17628 5	107342.145000	0.055000	0.034000	0.000000	107342.234000	64183	16
planetlab4.wail.wisc.edu_planetlab2.cs.colorado.edu_17640 5	107402.922000	0.226000	0.040000	0.000000	107403.188000	64181	16
planetlab4.wail.wisc.edu_planetlab2.cs.colorado.edu_17642 5	107408.493000	1.333000	0.036000	0.000000	107409.862000	64184	16
planetlab4.wail.wisc.edu_planetlab2.cs.colorado.edu_17646 5	107426.924000	0.892000	0.019000	0.000000	107427.835000	64185	16
planetlab4.wail.wisc.edu_planetlab2.cs.colorado.edu_17689 5	107752.821000	0.050000	0.023000	0.000000	107752.894000	64186	16
planetlab4.wail.wisc.edu_planetlab2.cs.colorado.edu_17691 5	107770.174000	0.107000	0.028000	0.000000	107770.309000	64187	16
planetlab4.wail.wisc.edu_planetlab2.cs.colorado.edu_17706 5	107884.643000	0.051000	0.025000	0.000000	107884.719000	64189	16
planetlab4.wail.wisc.edu_planetlab2.cs.colorado.edu_17734 5	108069.237000	0.056000	0.035000	0.000000	108069.328000	64192	16
planetlab4.wail.wisc.edu_planetlab2.cs.colorado.edu_17738 5	108083.200000	0.104000	0.023000	0.000000	108083.327000	64193	16
pl1.rcc.uottawa.ca_planetlab2.cs.colorado.edu_23740 4	31909.075000	76246.829000	0.044000	0.000000	108155.948000	64194	0
planetlab4.wail.wisc.edu_planetlab2.cs.colorado.edu_17754 5	108180.733000	0.125000	0.299000	0.000000	108181.157000	64195	16
planetlab4.wail.wisc.edu_planetlab2.cs.colorado.edu_17756 5	108186.056000	0.132000	0.031000	0.000000	108186.219000	64196	16
planetlab4.wail.wisc.edu_planetlab2.cs.colorado.edu_17787 5	108366.250000	0.028000	0.029000	0.000000	108366.307000	64197	16
planetlab4.wail.wisc.edu_planetlab2.cs.colorado.edu_17806 5	108462.383000	0.157000	0.021000	0.000000	108462.561000	64201	16
planetlab4.wail.wisc.edu_planetlab2.cs.colorado.edu_17898 5	109082.303000	0.110000	0.030000	0.000000	109082.443000	64207	16
planetlab4.wail.wisc.edu_planetlab2.cs.colorado.edu_17902 5	109088.805000	0.078000	0.020000	0.000000	109088.903000	64208	16
planetlab4.wail.wisc.edu_planetlab2.cs.colorado.edu_17906 5	109104.666000	3.206000	0.023000	0.000000	109107.895000	64209	16
planetlab4.wail.wisc.edu_planetlab2.cs.colorado.edu_17915 5	109130.567000	13.738000	0.026000	0.000000	109144.331000	64210	16
planetlab4.wail.wisc.edu_planetlab2.cs.colorado.edu_17917 5	109151.862000	0.096000	0.032000	0.000000	109151.990000	64211	16
planetlab4.wail.wisc.edu_planetlab2.cs.colorado.edu_17952 5	109346.121000	0.036000	0.031000	0.000000	109346.188000	64212	16
planetlab4.wail.wisc.edu_planetlab2.cs.colorado.edu_17956 5	109383.628000	0.048000	0.028000	0.000000	109383.704000	64213	16
planetlab4.wail.wisc.edu_planetlab2.cs.colorado.edu_17994 5	109536.069000	0.146000	0.032000	0.000000	109536.247000	64216	16
planetlab4.wail.wisc.edu_planetlab2.cs.colorado.edu_17996 5	109536.433000	0.214000	0.018000	0.000000	109536.665000	64217	16
planetlab4.wail.wisc.edu_planetlab2.cs.colorado.edu_18006 5	109583.203000	0.027000	0.027000	0.000000	109583.257000	64219	16
planetlab4.wail.wisc.edu_planetlab2.cs.colorado.edu_18052 5	109755.132000	0.100000	0.041000	0.000000	109755.273000	64221	16
planetlab4.wail.wisc.edu_planetlab2.cs.colorado.edu_18064 5	109786.444000	4.192000	0.036000	0.000000	109790.672000	64224	16
planetlab4.wail.wisc.edu_planetlab2.cs.colorado.edu_18070 5	109809.022000	10.756000	0.022000	0.000000	109819.800000	64225	16
planetlab4.wail.wisc.edu_planetlab2.cs.colorado.edu_18090 5	109880.778000	32.569000	0.036000	0.000000	109913.383000	64227	16
planetlab4.wail.wisc.edu_planetlab2.cs.colorado.edu_18094 5	109888.474000	25.855000	0.019000	0.000000	109914.348000	64226	16
planetlab4.wail.wisc.edu_planetlab2.cs.colorado.edu_18113 5	110006.499000	0.034000	0.037000	0.000000	110006.570000	64228	16
planetlab4.wail.wisc.edu_planetlab2.cs.colorado.edu_18129 5	110088.195000	0.263000	0.035000	0.000000	110088.493000	64229	16
planetlab4.wail.wisc.edu_planetlab2.cs.colorado.edu_18133 5	110098.667000	0.028000	0.031000	0.000000	110098.726000	64231	16
planetlab4.wail.wisc.edu_planetlab2.cs.colorado.edu_18137 5	110112.114000	5.954000	0.035000	0.000000	110118.103000	64232	16
planetlab4.wail.wisc.edu_planetlab2.cs.colorado.edu_18141 5	110129.772000	0.168000	0.030000	0.000000	110129.970000	64233	16
planetlab4.wail.wisc.edu_planetlab2.cs.colorado.edu_18151 5	110159.177000	1.992000	0.030000	0.000000	110161.199000	64235	16
planetlab4.wail.wisc.edu_planetlab2.cs.colorado.edu_18180 5	110264.686000	0.034000	0.148000	0.000000	110264.868000	64237	16
planetlab4.wail.wisc.edu_planetlab2.cs.colorado.edu_18186 5	110285.891000	0.144000	0.024000	0.000000	110286.059000	64238	16
planetlab4.wail.wisc.edu_planetlab2.cs.colorado.edu_18206 5	110352.396000	0.542000	0.034000	0.000000	110352.972000	64240	16
planetlab4.wail.wisc.edu_planetlab2.cs.colorado.edu_18208 5	110354.901000	0.126000	0.024000	0.000000	110355.051000	64241	16
planetlab4.wail.wisc.edu_planetlab2.cs.colorado.edu_18216 5	110380.235000	8.398000	0.018000	0.000000	110388.651000	64242	16
planetlab4.wail.wisc.edu_planetlab2.cs.colorado.edu_18225 5	110401.525000	2.073000	0.033000	0.000000	110403.631000	64243	16
planetlab4.wail.wisc.edu_planetlab2.cs.colorado.edu_18232 5	110424.570000	0.456000	0.032000	0.000000	110425.058000	64244	16
planetlab4.wail.wisc.edu_planetlab2.cs.colorado.edu_18245 5	110496.083000	0.174000	0.038000	0.000000	110496.295000	64245	16
planetlab4.wail.wisc.edu_planetlab2.cs.colorado.edu_18253 5	110548.089000	0.069000	0.029000	0.000000	110548.187000	64246	16
planetlab4.wail.wisc.edu_planetlab2.cs.colorado.edu_18255 5	110552.170000	0.026000	0.019000	0.000000	110552.215000	64247	16
planetlab4.wail.wisc.edu_planetlab2.cs.colorado.edu_18257 5	110560.166000	0.084000	0.032000	0.000000	110560.282000	64248	16
planetlab4.wail.wisc.edu_planetlab2.cs.colorado.edu_18267 5	110615.094000	0.047000	0.045000	0.000000	110615.186000	64249	16
planetlab4.wail.wisc.edu_planetlab2.cs.colorado.edu_18273 5	110643.545000	0.142000	0.023000	0.000000	110643.710000	64250	16
planetlab4.wail.wisc.edu_planetlab2.cs.colorado.edu_18277 5	110648.115000	0.098000	0.019000	0.000000	110648.232000	64251	16
planetlab4.wail.wisc.edu_planetlab2.cs.colorado.edu_18289 5	110692.945000	1.168000	0.021000	0.000000	110694.134000	64252	16
planetlab4.wail.wisc.edu_planetlab2.cs.colorado.edu_18302 5	110730.049000	21.779000	0.025000	0.000000	110751.853000	64253	16
planetlab4.wail.wisc.edu_planetlab2.cs.colorado.edu_18306 5	110766.631000	13.615000	0.030000	0.000000	110780.276000	64255	16
pl1.rcc.uottawa.ca_planetlab2.cs.colorado.edu_24442 4	33702.201000	77134.080000	0.021000	0.000000	110836.302000	64256	0
pl1.rcc.uottawa.ca_planetlab2.cs.colorado.edu_24447 4	33710.238000	77150.559000	0.037000	0.000000	110860.834000	64258	0
pl1.rcc.uottawa.ca_planetlab2.cs.colorado.edu_24450 4	33713.690000	77155.174000	0.016000	0.000000	110868.880000	64259	0
planetlab4.wail.wisc.edu_planetlab2.cs.colorado.edu_18347 5	111113.574000	0.077000	0.031000	0.000000	111113.682000	64261	16
pl1.rcc.uottawa.ca_planetlab2.cs.colorado.edu_24532 4	33895.030000	77357.573000	0.020000	0.000000	111252.623000	64262	0
pl1.rcc.uottawa.ca_planetlab2.cs.colorado.edu_24571 4	33979.143000	77444.136000	0.021000	0.000000	111423.300000	64266	0
pl1.rcc.uottawa.ca_planetlab2.cs.colorado.edu_24643 4	34149.152000	77574.960000	0.037000	0.000000	111724.149000	64274	0
planetlab4.wail.wisc.edu_planetlab2.cs.colorado.edu_18544 5	111967.200000	50.708000	0.028000	0.000000	112017.936000	64283	16
pl1.rcc.uottawa.ca_planetlab2.cs.colorado.edu_24740 4	34493.765000	77576.592000	0.019000	0.000000	112070.376000	64290	0
planetlab4.wail.wisc.edu_planetlab2.cs.colorado.edu_18586 5	112063.469000	53.660000	0.160000	0.000000	112117.289000	64289	16
planetlab4.wail.wisc.edu_planetlab2.cs.colorado.edu_18611 5	112152.355000	37.839000	0.026000	0.000000	112190.220000	64292	16
planetlab4.wail.wisc.edu_planetlab2.cs.colorado.edu_18625 5	112176.970000	55.218000	0.022000	0.000000	112232.210000	64293	16
planetlab4.wail.wisc.edu_planetlab2.cs.colorado.edu_18637 5	112199.572000	64.277000	0.020000	0.000000	112263.869000	64295	16
planetlab4.wail.wisc.edu_planetlab2.cs.colorado.edu_18649 5	112222.096000	78.060000	0.022000	0.000000	112300.178000	64215	16
planetlab4.wail.wisc.edu_planetlab2.cs.colorado.edu_18665 5	112268.767000	62.077000	0.031000	0.000000	112330.875000	64301	16
planetlab4.wail.wisc.edu_planetlab2.cs.colorado.edu_18688 5	112325.759000	47.543000	0.020000	0.000000	112373.322000	64305	16
pl1.rcc.uottawa.ca_planetlab2.cs.colorado.edu_24859 4	34828.400000	77615.814000	0.026000	0.000000	112444.240000	64311	0
planetlab4.wail.wisc.edu_planetlab2.cs.colorado.edu_18720 5	112424.824000	47.492000	0.021000	0.000000	112472.337000	64309	16
planetlab4.wail.wisc.edu_planetlab2.cs.colorado.edu_18728 5	112501.096000	0.123000	0.036000	0.000000	112501.255000	64314	16
pl1.rcc.uottawa.ca_planetlab2.cs.colorado.edu_24889 4	34903.866000	77637.209000	0.016000	0.000000	112541.091000	64320	0
pl1.rcc.uottawa.ca_planetlab2.cs.colorado.edu_24891 4	34906.638000	77639.001000	0.032000	0.000000	112545.671000	64321	0
pl1.rcc.uottawa.ca_planetlab2.cs.colorado.edu_24905 4	34943.191000	77669.652000	0.047000	0.000000	112612.890000	64322	0
pl1.rcc.uottawa.ca_planetlab2.cs.colorado.edu_24907 4	34945.329000	77674.542000	0.031000	0.000000	112619.902000	64323	0
pl1.rcc.uottawa.ca_planetlab2.cs.colorado.edu_24914 4	34973.062000	77673.210000	0.018000	0.000000	112646.290000	64324	0
pl1.rcc.uottawa.ca_planetlab2.cs.colorado.edu_24930 4	35020.540000	77676.871000	0.019000	0.000000	112697.430000	64326	0
pl1.rcc.uottawa.ca_planetlab2.cs.colorado.edu_24935 4	35027.772000	77670.910000	0.023000	0.000000	112698.705000	64327	0
pl1.rcc.uottawa.ca_planetlab2.cs.colorado.edu_24958 4	35095.435000	77668.658000	0.046000	0.000000	112764.139000	64328	0
pl1.rcc.uottawa.ca_planetlab2.cs.colorado.edu_24964 4	35114.013000	77671.756000	0.020000	0.000000	112785.789000	64330	0
pl1.rcc.uottawa.ca_planetlab2.cs.colorado.edu_24968 4	35126.731000	77668.427000	0.023000	0.000000	112795.181000	64331	0
pl1.rcc.uottawa.ca_planetlab2.cs.colorado.edu_24973 4	35144.740000	77666.165000	0.018000	0.000000	112810.923000	64334	0
pl1.rcc.uottawa.ca_planetlab2.cs.colorado.edu_24976 4	35150.081000	77670.088000	0.017000	0.000000	112820.186000	64336	0
planetlab4.wail.wisc.edu_planetlab2.cs.colorado.edu_18819 5	112821.401000	0.133000	0.026000	0.000000	112821.560000	64335	16
planetlab4.wail.wisc.edu_planetlab2.cs.colorado.edu_18839 5	112885.314000	0.210000	0.020000	0.000000	112885.544000	64337	16
pl1.rcc.uottawa.ca_planetlab2.cs.colorado.edu_25003 4	35211.767000	77686.790000	0.018000	0.000000	112898.575000	64338	0
pl1.rcc.uottawa.ca_planetlab2.cs.colorado.edu_25005 4	35213.063000	77693.690000	0.026000	0.000000	112906.779000	64339	0
pl1.rcc.uottawa.ca_planetlab2.cs.colorado.edu_25018 4	35238.669000	77716.003000	0.017000	0.000000	112954.689000	64342	0
pl1.rcc.uottawa.ca_planetlab2.cs.colorado.edu_25050 4	35337.911000	77693.006000	0.018000	0.000000	113030.935000	64346	0
planetlab4.wail.wisc.edu_planetlab2.cs.colorado.edu_18891 5	113011.124000	36.325000	0.029000	0.000000	113047.478000	64345	16
pl1.rcc.uottawa.ca_planetlab2.cs.colorado.edu_25077 4	35396.507000	77718.362000	0.022000	0.000000	113114.891000	64352	0
planetlab4.wail.wisc.edu_planetlab2.cs.colorado.edu_18923 5	113131.397000	2.717000	0.035000	0.000000	113134.149000	64353	16
pl1.rcc.uottawa.ca_planetlab2.cs.colorado.edu_25090 4	35433.842000	77711.081000	0.019000	0.000000	113144.942000	64354	0
pl1.rcc.uottawa.ca_planetlab2.cs.colorado.edu_25094 4	35449.809000	77708.967000	0.020000	0.000000	113158.796000	64355	0
planetlab4.wail.wisc.edu_planetlab2.cs.colorado.edu_18936 5	113179.257000	0.838000	0.028000	0.000000	113180.123000	64357	16
pl1.rcc.uottawa.ca_planetlab2.cs.colorado.edu_25102 4	35473.481000	77720.081000	0.024000	0.000000	113193.586000	64358	0
pl1.rcc.uottawa.ca_planetlab2.cs.colorado.edu_25119 4	35517.115000	77726.147000	0.022000	0.000000	113243.284000	64362	0
planetlab4.wail.wisc.edu_planetlab2.cs.colorado.edu_18976 5	113278.497000	12.480000	0.022000	0.000000	113290.999000	64366	16
planetlab4.wail.wisc.edu_planetlab2.cs.colorado.edu_18987 5	113307.682000	15.859000	0.020000	0.000000	113323.561000	64368	16
planetlab4.wail.wisc.edu_planetlab2.cs.colorado.edu_18991 5	113329.334000	0.047000	0.021000	0.000000	113329.402000	64369	16
pl1.rcc.uottawa.ca_planetlab2.cs.colorado.edu_25156 4	35648.868000	77721.922000	0.022000	0.000000	113370.812000	64370	0
planetlab4.wail.wisc.edu_planetlab2.cs.colorado.edu_19006 5	113389.089000	0.029000	0.029000	0.000000	113389.147000	64371	16
planetlab4.wail.wisc.edu_planetlab2.cs.colorado.edu_19008 5	113390.168000	0.192000	0.020000	0.000000	113390.380000	64373	16
planetlab4.wail.wisc.edu_planetlab2.cs.colorado.edu_19026 5	113432.787000	0.030000	0.025000	0.000000	113432.842000	64377	16
pl1.rcc.uottawa.ca_planetlab2.cs.colorado.edu_25209 4	35829.598000	77698.635000	0.034000	0.000000	113528.267000	64386	0
planetlab4.wail.wisc.edu_planetlab2.cs.colorado.edu_19087 5	113568.661000	38.970000	0.020000	0.000000	113607.651000	64388	16
planetlab4.wail.wisc.edu_planetlab2.cs.colorado.edu_19145 5	113752.392000	10.288000	0.034000	0.000000	113762.714000	64399	16
planetlab4.wail.wisc.edu_planetlab2.cs.colorado.edu_19163 5	113818.443000	0.102000	0.024000	0.000000	113818.569000	64401	16
planetlab4.wail.wisc.edu_planetlab2.cs.colorado.edu_19215 5	113944.774000	39.141000	0.022000	0.000000	113983.937000	64410	16
pl1.rcc.uottawa.ca_planetlab2.cs.colorado.edu_25408 4	36415.307000	77752.158000	0.044000	0.000000	114167.509000	64424	0
planetlab4.wail.wisc.edu_planetlab2.cs.colorado.edu_19281 5	114111.712000	70.704000	0.027000	0.000000	114182.443000	64417	16
planetlab4.wail.wisc.edu_planetlab2.cs.colorado.edu_19289 5	114144.305000	56.568000	0.033000	0.000000	114200.906000	64421	16
planetlab4.wail.wisc.edu_planetlab2.cs.colorado.edu_19310 5	114211.580000	29.272000	0.025000	0.000000	114240.877000	64426	16
planetlab4.wail.wisc.edu_planetlab2.cs.colorado.edu_19344 5	114350.542000	0.827000	0.046000	0.000000	114351.415000	64432	16
planetlab4.wail.wisc.edu_planetlab2.cs.colorado.edu_19346 5	114354.408000	0.051000	0.029000	0.000000	114354.488000	64433	16
planetlab4.wail.wisc.edu_planetlab2.cs.colorado.edu_19348 5	114357.458000	0.052000	0.029000	0.000000	114357.539000	64434	16
planetlab4.wail.wisc.edu_planetlab2.cs.colorado.edu_19350 5	114372.721000	1.184000	0.036000	0.000000	114373.941000	64435	16
planetlab4.wail.wisc.edu_planetlab2.cs.colorado.edu_19363 5	114431.914000	0.460000	0.021000	0.000000	114432.395000	64437	16
planetlab4.wail.wisc.edu_planetlab2.cs.colorado.edu_19372 5	114461.021000	4.587000	0.039000	0.000000	114465.647000	64440	16
planetlab4.wail.wisc.edu_planetlab2.cs.colorado.edu_19382 5	114472.019000	0.084000	0.024000	0.000000	114472.127000	64441	16
planetlab4.wail.wisc.edu_planetlab2.cs.colorado.edu_19386 5	114478.370000	14.318000	0.023000	0.000000	114492.711000	64442	16
planetlab4.wail.wisc.edu_planetlab2.cs.colorado.edu_19396 5	114510.463000	0.877000	0.030000	0.000000	114511.370000	64443	16
planetlab4.wail.wisc.edu_planetlab2.cs.colorado.edu_19402 5	114530.385000	0.091000	0.030000	0.000000	114530.506000	64446	16
pl1.rcc.uottawa.ca_planetlab2.cs.colorado.edu_25522 4	36734.481000	77827.613000	0.027000	0.000000	114562.121000	64448	0
planetlab4.wail.wisc.edu_planetlab2.cs.colorado.edu_19423 5	114620.681000	0.030000	0.027000	0.000000	114620.738000	64449	16
pl1.rcc.uottawa.ca_planetlab2.cs.colorado.edu_25549 4	36780.356000	77876.867000	0.026000	0.000000	114657.249000	64450	0
pl1.rcc.uottawa.ca_planetlab2.cs.colorado.edu_25563 4	36798.752000	77928.780000	0.019000	0.000000	114727.551000	64451	0
pl1.rcc.uottawa.ca_planetlab2.cs.colorado.edu_25578 4	36844.098000	77988.269000	0.020000	0.000000	114832.387000	64454	0
planetlab4.wail.wisc.edu_planetlab2.cs.colorado.edu_19456 5	114917.033000	0.215000	0.035000	0.000000	114917.283000	64455	16
pl1.rcc.uottawa.ca_planetlab2.cs.colorado.edu_25617 4	36923.664000	78051.328000	0.023000	0.000000	114975.015000	64458	0
planetlab4.wail.wisc.edu_planetlab2.cs.colorado.edu_19478 5	115020.567000	1.810000	0.047000	0.000000	115022.424000	64459	16
planetlab4.wail.wisc.edu_planetlab2.cs.colorado.edu_19484 5	115061.232000	2.016000	0.040000	0.000000	115063.288000	64461	16
planetlab4.wail.wisc.edu_planetlab2.cs.colorado.edu_19486 5	115067.304000	0.118000	0.028000	0.000000	115067.450000	64462	16
planetlab4.wail.wisc.edu_planetlab2.cs.colorado.edu_19498 5	115161.068000	0.053000	0.029000	0.000000	115161.150000	64463	16
planetlab4.wail.wisc.edu_planetlab2.cs.colorado.edu_19507 5	115219.337000	0.299000	0.316000	0.000000	115219.952000	64464	16
planetlab4.wail.wisc.edu_planetlab2.cs.colorado.edu_19509 5	115226.170000	0.026000	0.027000	0.000000	115226.223000	64465	16
pl1.rcc.uottawa.ca_planetlab2.cs.colorado.edu_25685 4	37060.442000	78172.322000	0.023000	0.000000	115232.787000	64466	0
planetlab4.wail.wisc.edu_planetlab2.cs.colorado.edu_19518 5	115272.669000	5.631000	0.046000	0.000000	115278.346000	64467	16
planetlab4.wail.wisc.edu_planetlab2.cs.colorado.edu_19524 5	115296.315000	0.365000	0.032000	0.000000	115296.712000	64469	16
planetlab4.wail.wisc.edu_planetlab2.cs.colorado.edu_19542 5	115396.998000	0.029000	0.033000	0.000000	115397.060000	64473	16
pl1.rcc.uottawa.ca_planetlab2.cs.colorado.edu_25731 4	37149.670000	78254.531000	0.020000	0.000000	115404.221000	64477	0
planetlab4.wail.wisc.edu_planetlab2.cs.colorado.edu_19581 5	115682.078000	0.203000	0.033000	0.000000	115682.314000	64479	16
planetlab4.wail.wisc.edu_planetlab2.cs.colorado.edu_19587 5	115696.974000	0.100000	0.031000	0.000000	115697.105000	64480	16
planetlab4.wail.wisc.edu_planetlab2.cs.colorado.edu_19593 5	115747.180000	0.558000	0.518000	0.000000	115748.256000	64481	16
pl1.rcc.uottawa.ca_planetlab2.cs.colorado.edu_25800 4	37270.339000	78479.734000	0.019000	0.000000	115750.092000	64482	0
planetlab4.wail.wisc.edu_planetlab2.cs.colorado.edu_19602 5	115803.945000	0.036000	0.037000	0.000000	115804.018000	64483	16
planetlab4.wail.wisc.edu_planetlab2.cs.colorado.edu_19614 5	115869.984000	0.164000	0.027000	0.000000	115870.175000	64485	16
planetlab4.wail.wisc.edu_planetlab2.cs.colorado.edu_19628 5	115966.598000	0.412000	0.033000	0.000000	115967.043000	64489	16
planetlab4.wail.wisc.edu_planetlab2.cs.colorado.edu_19647 5	116146.507000	0.031000	0.031000	0.000000	116146.569000	64495	16
planetlab4.wail.wisc.edu_planetlab2.cs.colorado.edu_19655 5	116170.485000	0.127000	0.028000	0.000000	116170.640000	64496	16
planetlab4.wail.wisc.edu_planetlab2.cs.colorado.edu_19657 5	116192.481000	0.030000	0.032000	0.000000	116192.543000	64497	16
planetlab4.wail.wisc.edu_planetlab2.cs.colorado.edu_19669 5	116251.859000	0.092000	0.024000	0.000000	116251.975000	64498	16
planetlab4.wail.wisc.edu_planetlab2.cs.colorado.edu_19673 5	116271.604000	7.904000	0.026000	0.000000	116279.534000	64499	16
planetlab4.wail.wisc.edu_planetlab2.cs.colorado.edu_19677 5	116281.778000	5.425000	0.027000	0.000000	116287.230000	64500	16
planetlab4.wail.wisc.edu_planetlab2.cs.colorado.edu_19681 5	116316.510000	0.408000	0.018000	0.000000	116316.936000	64501	16
planetlab4.wail.wisc.edu_planetlab2.cs.colorado.edu_19691 5	116417.700000	0.605000	0.035000	0.000000	116418.340000	64503	16
planetlab4.wail.wisc.edu_planetlab2.cs.colorado.edu_19695 5	116436.135000	0.033000	0.030000	0.000000	116436.198000	64504	16
planetlab4.wail.wisc.edu_planetlab2.cs.colorado.edu_19697 5	116445.870000	0.029000	0.035000	0.000000	116445.934000	64505	16
planetlab4.wail.wisc.edu_planetlab2.cs.colorado.edu_19701 5	116460.571000	0.257000	0.030000	0.000000	116460.858000	64506	16
planetlab4.wail.wisc.edu_planetlab2.cs.colorado.edu_19709 5	116494.000000	0.052000	0.029000	0.000000	116494.081000	64507	16
planetlab4.wail.wisc.edu_planetlab2.cs.colorado.edu_19715 5	116534.101000	0.489000	0.031000	0.000000	116534.621000	64509	16
planetlab4.wail.wisc.edu_planetlab2.cs.colorado.edu_19730 5	116601.426000	0.132000	0.030000	0.000000	116601.588000	64512	16
planetlab4.wail.wisc.edu_planetlab2.cs.colorado.edu_19741 5	116664.725000	0.160000	0.021000	0.000000	116664.906000	64514	16
planetlab4.wail.wisc.edu_planetlab2.cs.colorado.edu_19745 5	116688.203000	2.461000	0.058000	0.000000	116690.722000	64515	16
planetlab4.wail.wisc.edu_planetlab2.cs.colorado.edu_19747 5	116696.070000	0.423000	0.033000	0.000000	116696.526000	64516	16
planetlab4.wail.wisc.edu_planetlab2.cs.colorado.edu_19751 5	116710.376000	0.596000	0.032000	0.000000	116711.004000	64518	16
pl1.rcc.uottawa.ca_planetlab2.cs.colorado.edu_26103 4	38043.694000	78726.682000	0.027000	0.000000	116770.403000	64521	0
planetlab4.wail.wisc.edu_planetlab2.cs.colorado.edu_19771 5	116821.429000	0.110000	0.023000	0.000000	116821.562000	64522	16
planetlab4.wail.wisc.edu_planetlab2.cs.colorado.edu_19781 5	116878.147000	0.089000	0.032000	0.000000	116878.268000	64528	16
planetlab4.wail.wisc.edu_planetlab2.cs.colorado.edu_19783 5	116893.032000	0.099000	0.031000	0.000000	116893.162000	64529	16
planetlab4.wail.wisc.edu_planetlab2.cs.colorado.edu_19785 5	116905.796000	0.034000	0.039000	0.000000	116905.869000	64530	16
planetlab4.wail.wisc.edu_planetlab2.cs.colorado.edu_19793 5	116942.864000	0.319000	0.030000	0.000000	116943.213000	64531	16
planetlab4.wail.wisc.edu_planetlab2.cs.colorado.edu_19797 5	116959.999000	0.124000	0.033000	0.000000	116960.156000	64532	16
planetlab4.wail.wisc.edu_planetlab2.cs.colorado.edu_19805 5	117016.481000	0.033000	0.033000	0.000000	117016.547000	64534	16
planetlab4.wail.wisc.edu_planetlab2.cs.colorado.edu_19807 5	117019.601000	0.032000	0.021000	0.000000	117019.654000	64535	16
planetlab4.wail.wisc.edu_planetlab2.cs.colorado.edu_19818 5	117126.231000	0.034000	0.037000	0.000000	117126.302000	64536	16
planetlab4.wail.wisc.edu_planetlab2.cs.colorado.edu_19822 5	117139.886000	0.062000	0.033000	0.000000	117139.981000	64538	16
planetlab4.wail.wisc.edu_planetlab2.cs.colorado.edu_19824 5	117155.630000	0.233000	0.037000	0.000000	117155.900000	64539	16
planetlab4.wail.wisc.edu_planetlab2.cs.colorado.edu_19833 5	117172.347000	2.786000	0.048000	0.000000	117175.181000	64542	16
planetlab4.wail.wisc.edu_planetlab2.cs.colorado.edu_19835 5	117198.165000	0.213000	0.032000	0.000000	117198.410000	64546	16
planetlab4.wail.wisc.edu_planetlab2.cs.colorado.edu_19853 5	117348.749000	0.120000	0.033000	0.000000	117348.902000	64558	16
planetlab4.wail.wisc.edu_planetlab2.cs.colorado.edu_19857 5	117421.783000	0.232000	0.036000	0.000000	117422.051000	64560	16
planetlab4.wail.wisc.edu_planetlab2.cs.colorado.edu_19859 5	117444.971000	0.508000	0.033000	0.000000	117445.512000	64562	16
planetlab4.wail.wisc.edu_planetlab2.cs.colorado.edu_19863 5	117466.748000	0.278000	0.032000	0.000000	117467.058000	64563	16
planetlab4.wail.wisc.edu_planetlab2.cs.colorado.edu_19867 5	117475.448000	0.216000	0.035000	0.000000	117475.699000	64566	16
planetlab4.wail.wisc.edu_planetlab2.cs.colorado.edu_19869 5	117496.739000	0.273000	0.035000	0.000000	117497.047000	64570	16
planetlab4.wail.wisc.edu_planetlab2.cs.colorado.edu_19875 5	117571.543000	0.230000	0.039000	0.000000	117571.812000	64578	16
planetlab4.wail.wisc.edu_planetlab2.cs.colorado.edu_19881 5	117632.437000	0.147000	0.037000	0.000000	117632.621000	64590	16
planetlab4.wail.wisc.edu_planetlab2.cs.colorado.edu_19884 5	117662.447000	0.308000	0.033000	0.000000	117662.788000	64592	16
planetlab4.wail.wisc.edu_planetlab2.cs.colorado.edu_19900 5	117720.721000	0.085000	0.028000	0.000000	117720.834000	64595	16
planetlab4.wail.wisc.edu_planetlab2.cs.colorado.edu_19906 5	117726.760000	29.772000	0.023000	0.000000	117756.555000	64594	16
planetlab4.wail.wisc.edu_planetlab2.cs.colorado.edu_19912 5	117755.895000	9.929000	0.026000	0.000000	117765.850000	64598	16
planetlab4.wail.wisc.edu_planetlab2.cs.colorado.edu_19914 5	117785.793000	0.151000	0.031000	0.000000	117785.975000	64602	16
planetlab4.wail.wisc.edu_planetlab2.cs.colorado.edu_19929 5	117890.990000	1.996000	0.037000	0.000000	117893.023000	64614	16
planetlab4.wail.wisc.edu_planetlab2.cs.colorado.edu_19930 5	117892.136000	2.001000	0.015000	0.000000	117894.152000	64615	16
planetlab4.wail.wisc.edu_planetlab2.cs.colorado.edu_19932 5	117910.745000	0.102000	0.031000	0.000000	117910.878000	64618	16
planetlab4.wail.wisc.edu_planetlab2.cs.colorado.edu_19934 5	117913.306000	0.124000	0.024000	0.000000	117913.454000	64620	16
planetlab4.wail.wisc.edu_planetlab2.cs.colorado.edu_19936 5	117913.375000	0.162000	0.012000	0.000000	117913.549000	64622	16
planetlab4.wail.wisc.edu_planetlab2.cs.colorado.edu_19938 5	117914.979000	1.077000	0.029000	0.000000	117916.085000	64623	16
planetlab4.wail.wisc.edu_planetlab2.cs.colorado.edu_19948 5	117940.976000	5.298000	0.027000	0.000000	117946.301000	64625	16
planetlab4.wail.wisc.edu_planetlab2.cs.colorado.edu_19950 5	117955.636000	0.214000	0.032000	0.000000	117955.882000	64626	16
planetlab4.wail.wisc.edu_planetlab2.cs.colorado.edu_19959 5	118005.169000	0.119000	0.029000	0.000000	118005.317000	64638	16
planetlab4.wail.wisc.edu_planetlab2.cs.colorado.edu_19963 5	118047.010000	0.090000	0.033000	0.000000	118047.133000	64640	16
