planetlab2.dtc.umn.edu_planetlab4.tamu.edu_24 3	205.507000	0.033000	0.016000	0.000000	205.556000	24497	3072
planetlab1.cs.cornell.edu_planetlab4.tamu.edu_140 5	671.053000	0.056000	0.037000	0.000000	671.146000	24526	1280
planetlab2.acis.ufl.edu_planetlab4.tamu.edu_434 3	434.258000	768.594000	0.017000	0.000000	1202.869000	24513	1056
earth.cs.brown.edu_planetlab4.tamu.edu_2534 2	3664.408000	1195.047000	0.019000	0.000000	4859.474000	24534	96
planetlab1.rutgers.edu_planetlab4.tamu.edu_1946 3	3957.447000	3277.883000	0.046000	0.000000	7235.376000	24509	512
planetlab1.rutgers.edu_planetlab4.tamu.edu_1958 3	3977.533000	3284.639000	0.050000	0.000000	7262.222000	24520	512
planetlab1.rutgers.edu_planetlab4.tamu.edu_1971 3	4019.350000	3272.650000	0.038000	0.000000	7292.038000	24542	512
planetlab7.flux.utah.edu_planetlab4.tamu.edu_1264 3	6242.472000	3246.377000	0.017000	0.000000	9488.866000	24555	1536
planetlab-6.ece.iastate.edu_planetlab4.tamu.edu_767 4	10917.206000	0.684000	0.022000	0.000000	10917.912000	24643	3136
planetlab2.dtc.umn.edu_planetlab4.tamu.edu_1206 3	9998.793000	969.352000	0.018000	0.000000	10968.163000	24684	3072
planetlab-03.cs.princeton.edu_planetlab4.tamu.edu_2849 2	9333.633000	2796.274000	0.024000	0.000000	12129.931000	24648	80
planetlab1.rutgers.edu_planetlab4.tamu.edu_3446 3	6818.646000	6134.829000	0.100000	0.000000	12953.575000	24579	512
planetlab1.mnlab.cti.depaul.edu_planetlab4.tamu.edu_1177 3	270.112000	12988.272000	0.011000	0.000000	13258.395000	24493	1088
planetlab1.rutgers.edu_planetlab4.tamu.edu_3537 3	6980.513000	6279.637000	0.083000	0.000000	13260.233000	24588	512
planetlab1.rutgers.edu_planetlab4.tamu.edu_3554 3	7016.187000	6306.753000	0.288000	0.000000	13323.228000	24596	512
planetlab1.rutgers.edu_planetlab4.tamu.edu_3567 3	7021.035000	6321.677000	0.052000	0.000000	13342.764000	24600	512
planetlab1.rutgers.edu_planetlab4.tamu.edu_3614 3	7096.878000	6413.616000	0.036000	0.000000	13510.530000	24604	512
planetlab1.rutgers.edu_planetlab4.tamu.edu_3622 3	7109.771000	6411.055000	0.031000	0.000000	13520.857000	24605	512
planetlab1.rutgers.edu_planetlab4.tamu.edu_3645 3	7141.040000	6491.674000	0.038000	0.000000	13632.752000	24606	512
planetlab1.rutgers.edu_planetlab4.tamu.edu_3763 3	7403.371000	6806.258000	0.040000	0.000000	14209.669000	24617	512
planetlab2.williams.edu_planetlab4.tamu.edu_1550 4	14890.471000	0.033000	0.017000	0.000000	14890.521000	24585	1312
planetlab-03.cs.princeton.edu_planetlab4.tamu.edu_3720 2	14315.566000	647.862000	0.019000	0.000000	14963.447000	24738	80
planetlab1.rutgers.edu_planetlab4.tamu.edu_3959 3	7909.014000	7288.086000	0.067000	0.000000	15197.167000	24636	512
planetlab1.rutgers.edu_planetlab4.tamu.edu_4050 3	8055.011000	7436.158000	0.058000	0.000000	15491.227000	24649	512
planetlab1.rutgers.edu_planetlab4.tamu.edu_4228 3	8407.134000	7761.150000	0.083000	0.000000	16168.367000	24663	512
planetlab1.rutgers.edu_planetlab4.tamu.edu_4267 3	8512.305000	7759.531000	0.416000	0.000000	16272.252000	24668	512
planetlab1.cs.unc.edu_planetlab4.tamu.edu_2685 2	16298.755000	0.575000	0.033000	0.000000	16299.363000	24804	528
planetlab1.rutgers.edu_planetlab4.tamu.edu_4295 3	8611.928000	7786.402000	0.037000	0.000000	16398.367000	24673	512
planetlab1.rutgers.edu_planetlab4.tamu.edu_4352 3	8975.920000	7662.460000	0.034000	0.000000	16638.414000	24680	512
planetlab1.rutgers.edu_planetlab4.tamu.edu_4355 3	8978.351000	7672.914000	0.036000	0.000000	16651.301000	24681	512
planetlab1.rutgers.edu_planetlab4.tamu.edu_4360 3	8986.347000	7690.811000	0.042000	0.000000	16677.200000	24683	512
planetlab1.rutgers.edu_planetlab4.tamu.edu_4365 3	8989.693000	7709.046000	0.057000	0.000000	16698.796000	24685	512
planetlab1.rutgers.edu_planetlab4.tamu.edu_4453 3	9162.313000	7943.305000	0.052000	0.000000	17105.670000	24697	512
planetlab-03.cs.princeton.edu_planetlab4.tamu.edu_4124 2	17340.211000	0.319000	0.017000	0.000000	17340.547000	24791	80
planetlab1.cs.unc.edu_planetlab4.tamu.edu_2856 2	17622.737000	0.292000	0.044000	0.000000	17623.073000	24880	528
planetlab1.rutgers.edu_planetlab4.tamu.edu_4752 3	10057.759000	8380.518000	0.076000	0.000000	18438.353000	24705	512
planetlab1.rutgers.edu_planetlab4.tamu.edu_4757 3	10084.800000	8370.186000	0.057000	0.000000	18455.043000	24706	512
planetlab1.rutgers.edu_planetlab4.tamu.edu_4773 3	10102.892000	8406.708000	0.041000	0.000000	18509.641000	24707	512
planetlab4.rutgers.edu_planetlab4.tamu.edu_6521 4	18564.322000	0.185000	0.024000	0.000000	18564.531000	24567	1024
planetlab1.rutgers.edu_planetlab4.tamu.edu_4805 3	10182.862000	8457.043000	0.044000	0.000000	18639.949000	24711	512
planetlab-01.ece.uprm.edu_planetlab4.tamu.edu_1922 2	9517.577000	9128.055000	0.039000	0.000000	18645.671000	24632	2144
planetlab1.rutgers.edu_planetlab4.tamu.edu_4834 3	10285.662000	8467.971000	0.039000	0.000000	18753.672000	24715	512
planetlab4.rutgers.edu_planetlab4.tamu.edu_6646 4	19485.998000	0.034000	0.020000	0.000000	19486.052000	24582	1024
planetlab2.mnlab.cti.depaul.edu_planetlab4.tamu.edu_2380 5	19490.129000	0.032000	0.018000	0.000000	19490.179000	24664	1152
planetlab4.rutgers.edu_planetlab4.tamu.edu_6703 4	19675.679000	40.914000	0.029000	0.000000	19716.622000	24597	1024
pluto.cs.brown.edu_planetlab4.tamu.edu_2846 4	17640.113000	2224.184000	0.019000	0.000000	19864.316000	24869	768
planetlab4.rutgers.edu_planetlab4.tamu.edu_6770 4	20097.481000	0.033000	0.017000	0.000000	20097.531000	24613	1024
planetlab4.rutgers.edu_planetlab4.tamu.edu_6782 4	20199.000000	0.042000	0.032000	0.000000	20199.074000	24618	1024
nodeb.howard.edu_planetlab4.tamu.edu_1280 4	20267.060000	0.034000	0.017000	0.000000	20267.111000	24708	2368
planetlab4.rutgers.edu_planetlab4.tamu.edu_6808 4	20344.582000	2.402000	0.030000	0.000000	20347.014000	24625	1024
planetlab4.rutgers.edu_planetlab4.tamu.edu_6818 4	20375.968000	11.769000	0.020000	0.000000	20387.757000	24628	1024
planetlab4.rutgers.edu_planetlab4.tamu.edu_6820 4	20391.158000	11.024000	0.024000	0.000000	20402.206000	24629	1024
planetlab4.rutgers.edu_planetlab4.tamu.edu_6822 4	20402.832000	16.142000	0.020000	0.000000	20418.994000	24631	1024
roam2.cs.ou.edu_planetlab4.tamu.edu_4085 2	11389.399000	9545.943000	0.021000	0.000000	20935.363000	24701	48
planetlab1.tamu.edu_planetlab4.tamu.edu_2351 3	16729.119000	4242.369000	0.038000	0.000000	20971.526000	24842	832
planetlab4.rutgers.edu_planetlab4.tamu.edu_6844 4	21106.481000	0.578000	0.033000	0.000000	21107.092000	24637	1024
planetlab-03.cs.princeton.edu_planetlab4.tamu.edu_4519 2	21463.474000	0.852000	0.022000	0.000000	21464.348000	24988	80
planetlab2.mnlab.cti.depaul.edu_planetlab4.tamu.edu_2436 5	22080.187000	0.201000	0.029000	0.000000	22080.417000	24811	1152
planetlab1.cs.unc.edu_planetlab4.tamu.edu_3056 2	22432.146000	0.503000	0.053000	0.000000	22432.702000	25007	528
planetlab5.csee.usf.edu_planetlab4.tamu.edu_3841 1	22442.031000	0.129000	0.024000	0.000000	22442.184000	25014	608
planetlab2.mnlab.cti.depaul.edu_planetlab4.tamu.edu_2447 5	22553.718000	0.152000	0.023000	0.000000	22553.893000	24856	1152
planetlab2.mnlab.cti.depaul.edu_planetlab4.tamu.edu_2449 5	23081.093000	0.264000	0.026000	0.000000	23081.383000	24904	1152
planetlab2.mnlab.cti.depaul.edu_planetlab4.tamu.edu_2452 5	23149.059000	0.036000	0.023000	0.000000	23149.118000	24912	1152
planetlab2.mnlab.cti.depaul.edu_planetlab4.tamu.edu_2454 5	23210.554000	0.542000	0.023000	0.000000	23211.119000	24920	1152
planetlab2.mnlab.cti.depaul.edu_planetlab4.tamu.edu_2458 5	23226.081000	0.308000	0.015000	0.000000	23226.404000	24921	1152
planetlab2.mnlab.cti.depaul.edu_planetlab4.tamu.edu_2460 5	23237.264000	0.167000	0.018000	0.000000	23237.449000	24922	1152
planetlab2.mnlab.cti.depaul.edu_planetlab4.tamu.edu_2462 5	23265.320000	0.131000	0.020000	0.000000	23265.471000	24924	1152
planetlab1.cs.unc.edu_planetlab4.tamu.edu_3063 2	23296.082000	0.531000	0.025000	0.000000	23296.638000	25050	528
earth.cs.brown.edu_planetlab4.tamu.edu_9300 2	17721.411000	5726.483000	0.020000	0.000000	23447.914000	24801	96
planetlab1.rutgers.edu_planetlab4.tamu.edu_5244 3	12415.123000	11070.973000	0.057000	0.000000	23486.153000	24723	512
planetlab1.cs.cornell.edu_planetlab4.tamu.edu_2312 5	23500.092000	0.161000	0.042000	0.000000	23500.295000	24943	1280
planetlab7.flux.utah.edu_planetlab4.tamu.edu_1810 3	23507.568000	0.147000	0.033000	0.000000	23507.748000	25058	1536
planetlab2.mnlab.cti.depaul.edu_planetlab4.tamu.edu_2464 5	23706.150000	0.149000	0.026000	0.000000	23706.325000	24952	1152
planetlab1.rutgers.edu_planetlab4.tamu.edu_5325 3	12735.325000	11009.384000	0.040000	0.000000	23744.749000	24732	512
planetlab1.rutgers.edu_planetlab4.tamu.edu_5350 3	12924.826000	10907.900000	0.060000	0.000000	23832.786000	24739	512
planetlab2.netlab.uky.edu_planetlab4.tamu.edu_5763 2	19840.518000	4287.313000	0.031000	0.000000	24127.862000	24985	544
planetlab1.rutgers.edu_planetlab4.tamu.edu_5424 3	13196.722000	10939.979000	0.070000	0.000000	24136.771000	24771	512
planetlab2.dtc.umn.edu_planetlab4.tamu.edu_1556 3	24227.242000	0.037000	0.026000	0.000000	24227.305000	25104	3072
planetlab2.mnlab.cti.depaul.edu_planetlab4.tamu.edu_2474 5	24677.351000	0.042000	0.036000	0.000000	24677.429000	25048	1152
planetlab4.rutgers.edu_planetlab4.tamu.edu_7025 4	25278.154000	34.007000	0.032000	0.000000	25312.193000	24671	1024
planetlab6.cs.duke.edu_planetlab4.tamu.edu_5781 4	25493.435000	0.040000	0.031000	0.000000	25493.506000	24501	288
planetlab4.rutgers.edu_planetlab4.tamu.edu_7117 4	25684.652000	0.034000	0.025000	0.000000	25684.711000	24693	1024
planetlab4.wail.wisc.edu_planetlab4.tamu.edu_6065 3	12942.128000	12873.177000	0.017000	0.000000	25815.322000	24494	16
planetlab4.wail.wisc.edu_planetlab4.tamu.edu_6067 3	12946.484000	12874.349000	0.025000	0.000000	25820.858000	24496	16
planetlab4.wail.wisc.edu_planetlab4.tamu.edu_6069 3	12953.311000	12875.273000	0.029000	0.000000	25828.613000	24498	16
planetlab4.wail.wisc.edu_planetlab4.tamu.edu_6072 3	12955.872000	12881.323000	0.013000	0.000000	25837.208000	24499	16
planetlab4.wail.wisc.edu_planetlab4.tamu.edu_6077 3	12976.659000	12870.516000	1.198000	0.000000	25848.373000	24502	16
planetlab4.wail.wisc.edu_planetlab4.tamu.edu_6078 3	12976.316000	12877.258000	0.016000	0.000000	25853.590000	24504	16
planetlab4.wail.wisc.edu_planetlab4.tamu.edu_6086 3	12996.122000	12885.868000	0.017000	0.000000	25882.007000	24506	16
planetlab4.wail.wisc.edu_planetlab4.tamu.edu_6091 3	13001.923000	12891.127000	0.026000	0.000000	25893.076000	24505	16
planetlab4.wail.wisc.edu_planetlab4.tamu.edu_6096 3	13020.206000	12888.060000	0.022000	0.000000	25908.288000	24507	16
planetlab4.wail.wisc.edu_planetlab4.tamu.edu_6107 3	13046.191000	12894.807000	0.018000	0.000000	25941.016000	24508	16
planetlab4.wail.wisc.edu_planetlab4.tamu.edu_6123 3	13102.625000	12892.250000	0.358000	0.000000	25995.233000	24527	16
planetlab4.wail.wisc.edu_planetlab4.tamu.edu_6129 3	13124.780000	12901.803000	0.016000	0.000000	26026.599000	24538	16
planetlab4.wail.wisc.edu_planetlab4.tamu.edu_6153 3	13211.974000	12878.679000	0.016000	0.000000	26090.669000	24510	16
planetlab4.wail.wisc.edu_planetlab4.tamu.edu_6155 3	13214.558000	12881.105000	0.031000	0.000000	26095.694000	24511	16
planetlab4.rutgers.edu_planetlab4.tamu.edu_7356 4	26578.888000	24.679000	0.031000	0.000000	26603.598000	24709	1024
earth.cs.brown.edu_planetlab4.tamu.edu_11084 2	25508.251000	1092.537000	0.032000	0.000000	26600.820000	25090	96
vn4.cse.wustl.edu_planetlab4.tamu.edu_3194 4	26606.386000	0.068000	0.043000	0.000000	26606.497000	24769	272
planetlab6.cs.duke.edu_planetlab4.tamu.edu_5860 4	26920.946000	0.129000	0.029000	0.000000	26921.104000	24852	288
planetlab1.williams.edu_planetlab4.tamu.edu_2477 5	17850.436000	9160.047000	0.021000	0.000000	27010.504000	24586	2176
planetlab2.umassd.edu_planetlab4.tamu.edu_5238 3	11503.766000	15529.307000	0.058000	0.000000	27033.131000	24591	64
planetlab2.umassd.edu_planetlab4.tamu.edu_5254 3	11538.377000	15576.240000	0.013000	0.000000	27114.630000	24593	64
vn4.cse.wustl.edu_planetlab4.tamu.edu_3252 4	27071.237000	111.137000	0.021000	0.000000	27182.395000	24897	272
planetlab1.rutgers.edu_planetlab4.tamu.edu_6442 3	16401.652000	10826.577000	0.063000	0.000000	27228.292000	24809	512
planetlab1.williams.edu_planetlab4.tamu.edu_2593 5	20410.904000	6864.038000	0.016000	0.000000	27274.958000	24703	2176
roam2.cs.ou.edu_planetlab4.tamu.edu_5664 2	19210.847000	8065.973000	0.030000	0.000000	27276.850000	24893	48
planetlab2.umassd.edu_planetlab4.tamu.edu_5295 3	11625.328000	15701.734000	0.017000	0.000000	27327.079000	24615	64
planetlab1.williams.edu_planetlab4.tamu.edu_2670 5	26775.108000	672.776000	0.021000	0.000000	27447.905000	24800	2176
planetlab1.williams.edu_planetlab4.tamu.edu_2673 5	27009.048000	439.586000	0.021000	0.000000	27448.655000	24884	2176
vn4.cse.wustl.edu_planetlab4.tamu.edu_3295 4	27282.119000	170.157000	0.019000	0.000000	27452.295000	24961	272
planetlab6.cs.duke.edu_planetlab4.tamu.edu_5891 4	27463.520000	0.839000	0.025000	0.000000	27464.384000	25108	288
planetlab2.umassd.edu_planetlab4.tamu.edu_5322 3	11680.428000	15798.705000	0.016000	0.000000	27479.149000	24619	64
planetlab2.umassd.edu_planetlab4.tamu.edu_5330 3	11692.160000	15812.750000	0.015000	0.000000	27504.925000	24621	64
planetlab1.rutgers.edu_planetlab4.tamu.edu_6531 3	16630.397000	10873.365000	0.051000	0.000000	27503.813000	24831	512
planetlab2.umassd.edu_planetlab4.tamu.edu_5333 3	11698.210000	15829.719000	0.017000	0.000000	27527.946000	24622	64
vn4.cse.wustl.edu_planetlab4.tamu.edu_3305 4	27386.841000	144.624000	0.026000	0.000000	27531.491000	25024	272
vn4.cse.wustl.edu_planetlab4.tamu.edu_3307 4	27402.167000	130.063000	0.029000	0.000000	27532.259000	25025	272
vn4.cse.wustl.edu_planetlab4.tamu.edu_3309 4	27412.054000	124.264000	0.026000	0.000000	27536.344000	25029	272
vn4.cse.wustl.edu_planetlab4.tamu.edu_3311 4	27419.868000	126.961000	0.019000	0.000000	27546.848000	25033	272
vn4.cse.wustl.edu_planetlab4.tamu.edu_3313 4	27427.270000	120.917000	0.022000	0.000000	27548.209000	25041	272
vn4.cse.wustl.edu_planetlab4.tamu.edu_3315 4	27443.069000	130.346000	0.023000	0.000000	27573.438000	25057	272
vn4.cse.wustl.edu_planetlab4.tamu.edu_3319 4	27511.582000	79.990000	0.027000	0.000000	27591.599000	25027	272
planetlab2.umassd.edu_planetlab4.tamu.edu_5343 3	11713.386000	15883.936000	0.016000	0.000000	27597.338000	24623	64
planetlab4.rutgers.edu_planetlab4.tamu.edu_7628 4	27646.221000	1.366000	0.015000	0.000000	27647.602000	24721	1024
planetlab4.rutgers.edu_planetlab4.tamu.edu_7638 4	27682.461000	0.234000	0.022000	0.000000	27682.717000	24724	1024
planetlab4.rutgers.edu_planetlab4.tamu.edu_7640 4	27687.570000	0.238000	0.019000	0.000000	27687.827000	24725	1024
planetlab4.rutgers.edu_planetlab4.tamu.edu_7655 4	27723.428000	3.278000	0.028000	0.000000	27726.734000	24727	1024
planetlab4.wail.wisc.edu_planetlab4.tamu.edu_6690 3	14752.055000	13007.683000	0.021000	0.000000	27759.759000	24554	16
planetlab4.rutgers.edu_planetlab4.tamu.edu_7675 4	27828.499000	0.272000	0.021000	0.000000	27828.792000	24733	1024
planetlab4.rutgers.edu_planetlab4.tamu.edu_7682 4	27846.957000	0.195000	0.029000	0.000000	27847.181000	24737	1024
planetlab4.rutgers.edu_planetlab4.tamu.edu_7694 4	27875.105000	8.333000	0.029000	0.000000	27883.467000	24740	1024
roam2.cs.ou.edu_planetlab4.tamu.edu_5858 2	20195.093000	7694.404000	0.020000	0.000000	27889.517000	24925	48
planetlab4.rutgers.edu_planetlab4.tamu.edu_7697 4	27881.977000	19.327000	0.023000	0.000000	27901.327000	24741	1024
planetlab4.rutgers.edu_planetlab4.tamu.edu_7705 4	27898.427000	13.826000	0.032000	0.000000	27912.285000	24743	1024
roam2.cs.ou.edu_planetlab4.tamu.edu_5880 2	20469.867000	7460.787000	0.027000	0.000000	27930.681000	24941	48
roam2.cs.ou.edu_planetlab4.tamu.edu_5885 2	20605.642000	7343.320000	0.036000	0.000000	27948.998000	24949	48
roam2.cs.ou.edu_planetlab4.tamu.edu_5888 2	20696.772000	7252.828000	0.037000	0.000000	27949.637000	24953	48
roam2.cs.ou.edu_planetlab4.tamu.edu_5891 2	20746.475000	7208.076000	0.022000	0.000000	27954.573000	24956	48
roam2.cs.ou.edu_planetlab4.tamu.edu_5893 2	20756.248000	7200.746000	0.017000	0.000000	27957.011000	24957	48
roam2.cs.ou.edu_planetlab4.tamu.edu_5901 2	20849.038000	7120.541000	0.029000	0.000000	27969.608000	24959	48
planetlab4.rutgers.edu_planetlab4.tamu.edu_7714 4	28041.034000	19.715000	0.022000	0.000000	28060.771000	24749	1024
planetlab4.rutgers.edu_planetlab4.tamu.edu_7724 4	28036.041000	27.636000	0.014000	0.000000	28063.691000	24752	1024
planetlab4.rutgers.edu_planetlab4.tamu.edu_7727 4	28048.766000	17.972000	0.021000	0.000000	28066.759000	24753	1024
planetlab4.rutgers.edu_planetlab4.tamu.edu_7732 4	28088.898000	26.089000	0.017000	0.000000	28115.004000	24755	1024
planetlab1.rutgers.edu_planetlab4.tamu.edu_6628 3	17221.569000	10893.930000	0.049000	0.000000	28115.548000	24855	512
planetlab4.rutgers.edu_planetlab4.tamu.edu_7734 4	28087.979000	28.544000	0.014000	0.000000	28116.537000	24756	1024
planetlab4.rutgers.edu_planetlab4.tamu.edu_7736 4	28071.534000	46.490000	0.015000	0.000000	28118.039000	24757	1024
planetlab4.rutgers.edu_planetlab4.tamu.edu_7740 4	28023.723000	99.114000	0.014000	0.000000	28122.851000	24758	1024
planetlab4.rutgers.edu_planetlab4.tamu.edu_7742 4	27997.628000	135.869000	0.015000	0.000000	28133.512000	24759	1024
planetlab4.rutgers.edu_planetlab4.tamu.edu_7746 4	28014.374000	155.498000	0.019000	0.000000	28169.891000	24761	1024
planetlab4.rutgers.edu_planetlab4.tamu.edu_7756 4	28149.921000	27.141000	0.034000	0.000000	28177.096000	24764	1024
planetlab4.rutgers.edu_planetlab4.tamu.edu_7757 4	28149.869000	33.732000	0.013000	0.000000	28183.614000	24765	1024
planetlab2.umassd.edu_planetlab4.tamu.edu_5455 3	12039.279000	16152.702000	0.017000	0.000000	28191.998000	24639	64
planetlab1.rutgers.edu_planetlab4.tamu.edu_6665 3	17199.200000	11020.018000	0.057000	0.000000	28219.275000	24860	512
planetlab4.rutgers.edu_planetlab4.tamu.edu_7761 4	28150.797000	73.495000	0.013000	0.000000	28224.305000	24767	1024
planetlab4.rutgers.edu_planetlab4.tamu.edu_7763 4	28151.979000	79.152000	0.025000	0.000000	28231.156000	24768	1024
planetlab2.umassd.edu_planetlab4.tamu.edu_5514 3	12297.385000	16205.358000	0.079000	0.000000	28502.822000	24676	64
planetlab2.umassd.edu_planetlab4.tamu.edu_5532 3	12354.623000	16264.283000	0.018000	0.000000	28618.924000	24687	64
planetlab1.rutgers.edu_planetlab4.tamu.edu_6870 3	18214.436000	10651.619000	0.062000	0.000000	28866.117000	24903	512
planetlab1.rutgers.edu_planetlab4.tamu.edu_6934 3	18468.149000	10747.143000	0.068000	0.000000	29215.360000	24915	512
planetlab1.rutgers.edu_planetlab4.tamu.edu_6940 3	18508.109000	10737.216000	0.038000	0.000000	29245.363000	24917	512
planetlab1.rutgers.edu_planetlab4.tamu.edu_6943 3	18511.957000	10735.900000	0.064000	0.000000	29247.921000	24918	512
planetlab1.rutgers.edu_planetlab4.tamu.edu_6949 3	18549.150000	10713.408000	1.043000	0.000000	29263.601000	24919	512
planetlab1.rutgers.edu_planetlab4.tamu.edu_6963 3	18634.871000	10665.157000	0.064000	0.000000	29300.092000	24927	512
roam2.cs.ou.edu_planetlab4.tamu.edu_6385 2	25461.576000	3931.631000	0.038000	0.000000	29393.245000	25085	48
planetlab1.rutgers.edu_planetlab4.tamu.edu_7013 3	18871.265000	10556.374000	0.060000	0.000000	29427.699000	24937	512
planetlab4.rutgers.edu_planetlab4.tamu.edu_7997 4	29495.904000	0.181000	0.039000	0.000000	29496.124000	24789	1024
planetlab1.rutgers.edu_planetlab4.tamu.edu_7045 3	19121.419000	10396.824000	0.056000	0.000000	29518.299000	24951	512
planetlab1.rutgers.edu_planetlab4.tamu.edu_7090 3	19282.990000	10344.782000	0.070000	0.000000	29627.842000	24963	512
planetlab4.rutgers.edu_planetlab4.tamu.edu_8040 4	29649.420000	0.219000	0.031000	0.000000	29649.670000	24805	1024
planetlab4.rutgers.edu_planetlab4.tamu.edu_8051 4	29686.415000	13.694000	0.020000	0.000000	29700.129000	24817	1024
planetlab4.rutgers.edu_planetlab4.tamu.edu_8055 4	29694.275000	9.446000	0.033000	0.000000	29703.754000	24820	1024
planetlab4.rutgers.edu_planetlab4.tamu.edu_8060 4	29699.586000	45.165000	0.021000	0.000000	29744.772000	24821	1024
planetlab4.rutgers.edu_planetlab4.tamu.edu_8062 4	29704.890000	41.029000	0.032000	0.000000	29745.951000	24823	1024
planetlab4.rutgers.edu_planetlab4.tamu.edu_8065 4	29731.103000	18.557000	0.030000	0.000000	29749.690000	24829	1024
planetlab4.rutgers.edu_planetlab4.tamu.edu_8073 4	29762.493000	6.229000	0.026000	0.000000	29768.748000	24834	1024
planetlab4.rutgers.edu_planetlab4.tamu.edu_8077 4	29767.576000	21.273000	0.025000	0.000000	29788.874000	24836	1024
planetlab4.rutgers.edu_planetlab4.tamu.edu_8081 4	29798.072000	2.219000	0.031000	0.000000	29800.322000	24838	1024
planetlab4.rutgers.edu_planetlab4.tamu.edu_8085 4	29805.244000	0.486000	0.018000	0.000000	29805.748000	24839	1024
planetlab4.rutgers.edu_planetlab4.tamu.edu_8095 4	29880.031000	0.226000	0.027000	0.000000	29880.284000	24846	1024
planetlab4.rutgers.edu_planetlab4.tamu.edu_8110 4	30075.187000	0.207000	0.022000	0.000000	30075.416000	24854	1024
planetlab4.rutgers.edu_planetlab4.tamu.edu_8138 4	30205.557000	0.259000	0.021000	0.000000	30205.837000	24870	1024
planetlab4.rutgers.edu_planetlab4.tamu.edu_8148 4	30356.947000	0.480000	0.033000	0.000000	30357.460000	24885	1024
planetlab4.rutgers.edu_planetlab4.tamu.edu_8159 4	30587.439000	0.167000	0.039000	0.000000	30587.645000	24902	1024
planetlab4.rutgers.edu_planetlab4.tamu.edu_8165 4	30704.205000	0.174000	0.024000	0.000000	30704.403000	24929	1024
ricepl-2.cs.rice.edu_planetlab4.tamu.edu_2505 3	29338.728000	1856.196000	0.024000	0.000000	31194.948000	24720	176
planetlab4.wail.wisc.edu_planetlab4.tamu.edu_7536 3	18218.053000	12991.709000	0.016000	0.000000	31209.778000	24562	16
planetlab4.rutgers.edu_planetlab4.tamu.edu_8189 4	31213.083000	0.081000	0.020000	0.000000	31213.184000	24966	1024
planetlab4.rutgers.edu_planetlab4.tamu.edu_8198 4	31313.317000	0.180000	0.035000	0.000000	31313.532000	24971	1024
planetlab4.rutgers.edu_planetlab4.tamu.edu_8207 4	31465.053000	0.259000	0.046000	0.000000	31465.358000	24981	1024
planetlab2.acis.ufl.edu_planetlab4.tamu.edu_6683 3	24469.319000	7310.127000	0.032000	0.000000	31779.478000	25043	1056
planetlab4.rutgers.edu_planetlab4.tamu.edu_8251 4	31807.528000	0.152000	0.032000	0.000000	31807.712000	24997	1024
planetlab4.rutgers.edu_planetlab4.tamu.edu_8253 4	31837.128000	0.148000	0.037000	0.000000	31837.313000	25009	1024
planetlab4.rutgers.edu_planetlab4.tamu.edu_8255 4	31842.718000	0.753000	0.051000	0.000000	31843.522000	25013	1024
planetlab4.rutgers.edu_planetlab4.tamu.edu_8258 4	31843.476000	0.277000	0.015000	0.000000	31843.768000	25012	1024
planetlab4.rutgers.edu_planetlab4.tamu.edu_8259 4	31843.902000	0.335000	0.010000	0.000000	31844.247000	25015	1024
planetlab4.rutgers.edu_planetlab4.tamu.edu_8261 4	31855.247000	0.475000	0.019000	0.000000	31855.741000	25021	1024
planetlab4.rutgers.edu_planetlab4.tamu.edu_8264 4	31876.971000	0.321000	0.028000	0.000000	31877.320000	25086	1024
planetlab4.rutgers.edu_planetlab4.tamu.edu_8265 4	31877.299000	0.810000	0.014000	0.000000	31878.123000	25077	1024
planetlab4.wail.wisc.edu_planetlab4.tamu.edu_7578 3	18392.695000	14424.108000	0.023000	0.000000	32816.826000	24568	16
planetlab4.wail.wisc.edu_planetlab4.tamu.edu_7580 3	18395.360000	14453.879000	0.019000	0.000000	32849.258000	24571	16
planetlabpc2.upf.edu_planetlab4.tamu.edu_1265 2	18495.275000	14453.329000	0.029000	0.000000	32948.633000	24896	2592
planetlab3.williams.edu_planetlab4.tamu.edu_1687 5	26118.566000	7073.144000	0.026000	0.000000	33191.736000	24620	400
planetlab1.cs.pitt.edu_planetlab4.tamu.edu_4065 6	33213.938000	0.151000	0.023000	0.000000	33214.112000	24735	384
planetlab1.cs.pitt.edu_planetlab4.tamu.edu_4067 6	33216.062000	0.157000	0.014000	0.000000	33216.233000	24863	384
planetlab1.cs.pitt.edu_planetlab4.tamu.edu_4069 6	33220.806000	0.147000	0.013000	0.000000	33220.966000	24975	384
planetlab1.cs.pitt.edu_planetlab4.tamu.edu_4071 6	33226.326000	0.147000	0.014000	0.000000	33226.487000	24983	384
planetlab1.cs.pitt.edu_planetlab4.tamu.edu_4073 6	33226.655000	0.174000	0.012000	0.000000	33226.841000	24987	384
planetlab1.cs.pitt.edu_planetlab4.tamu.edu_4075 6	33235.443000	0.195000	0.110000	0.000000	33235.748000	24989	384
planetlab1.cs.pitt.edu_planetlab4.tamu.edu_4077 6	33235.716000	0.657000	0.013000	0.000000	33236.386000	24991	384
planetlab1.cs.pitt.edu_planetlab4.tamu.edu_4079 6	33240.059000	0.135000	0.013000	0.000000	33240.207000	24990	384
planetlab1.cs.pitt.edu_planetlab4.tamu.edu_4081 6	33247.753000	8.475000	0.014000	0.000000	33256.242000	25023	384
planetlab1.cs.pitt.edu_planetlab4.tamu.edu_4083 6	33248.275000	11.579000	0.013000	0.000000	33259.867000	25055	384
planetlab4.wail.wisc.edu_planetlab4.tamu.edu_7629 3	18621.420000	14912.265000	0.027000	0.000000	33533.712000	24595	16
planetlab4.wail.wisc.edu_planetlab4.tamu.edu_7637 3	18694.898000	14909.389000	0.032000	0.000000	33604.319000	24602	16
planetlab4.wail.wisc.edu_planetlab4.tamu.edu_7639 3	18697.525000	14939.274000	0.299000	0.000000	33637.098000	24603	16
planetlab4.wail.wisc.edu_planetlab4.tamu.edu_7641 3	18708.403000	14928.989000	0.020000	0.000000	33637.412000	24607	16
planetlab-1.cse.ohio-state.edu_planetlab4.tamu.edu_1585 3	22912.429000	10818.986000	0.031000	0.000000	33731.446000	24519	2560
planetlab4.wail.wisc.edu_planetlab4.tamu.edu_7678 3	18843.751000	15227.771000	0.030000	0.000000	34071.552000	24574	16
planetlab4.wail.wisc.edu_planetlab4.tamu.edu_7726 3	19182.546000	15260.884000	0.034000	0.000000	34443.464000	24635	16
planetlab1.rutgers.edu_planetlab4.tamu.edu_7615 3	23307.146000	11291.639000	0.053000	0.000000	34598.838000	25047	512
planetlab4.wail.wisc.edu_planetlab4.tamu.edu_7810 3	19609.046000	15143.752000	0.027000	0.000000	34752.825000	24667	16
planetlab4.wail.wisc.edu_planetlab4.tamu.edu_7828 3	19703.060000	15105.711000	0.025000	0.000000	34808.796000	24679	16
node1.planetlab.albany.edu_planetlab4.tamu.edu_10997 3	18218.632000	16996.214000	0.024000	0.000000	35214.870000	24559	32
node1.planetlab.albany.edu_planetlab4.tamu.edu_11068 3	18571.691000	16839.522000	0.022000	0.000000	35411.235000	24590	32
planetlab2.umassd.edu_planetlab4.tamu.edu_6384 3	15049.124000	20374.472000	0.062000	0.000000	35423.658000	24751	64
planetlab1.rutgers.edu_planetlab4.tamu.edu_7934 3	25794.636000	9630.688000	0.047000	0.000000	35425.371000	25116	512
planetlab-1.cse.ohio-state.edu_planetlab4.tamu.edu_1784 3	28386.833000	7124.077000	0.059000	0.000000	35510.969000	24614	2560
node1.planetlab.albany.edu_planetlab4.tamu.edu_11110 3	18844.463000	16711.219000	0.021000	0.000000	35555.703000	24612	32
planetlab4.wail.wisc.edu_planetlab4.tamu.edu_8053 3	20949.649000	14811.199000	0.032000	0.000000	35760.880000	24587	16
node1.planetlab.albany.edu_planetlab4.tamu.edu_11296 3	19325.860000	16715.038000	0.020000	0.000000	36040.918000	24646	32
node1.planetlab.albany.edu_planetlab4.tamu.edu_11316 3	19384.614000	16688.015000	0.019000	0.000000	36072.648000	24650	32
node1.planetlab.albany.edu_planetlab4.tamu.edu_11331 3	19419.039000	16691.399000	0.018000	0.000000	36110.456000	24652	32
node1.planetlab.albany.edu_planetlab4.tamu.edu_11370 3	19486.324000	16726.698000	0.020000	0.000000	36213.042000	24654	32
node1.planetlab.albany.edu_planetlab4.tamu.edu_11372 3	19489.095000	16727.235000	0.019000	0.000000	36216.349000	24655	32
node1.planetlab.albany.edu_planetlab4.tamu.edu_11384 3	19520.677000	16739.562000	0.018000	0.000000	36260.257000	24657	32
planetlab-1.cse.ohio-state.edu_planetlab4.tamu.edu_1987 3	33666.703000	2646.118000	0.047000	0.000000	36312.868000	25094	2560
node1.planetlab.albany.edu_planetlab4.tamu.edu_11427 3	19676.153000	16701.679000	0.020000	0.000000	36377.852000	24670	32
node1.planetlab.albany.edu_planetlab4.tamu.edu_11469 3	19782.075000	16692.676000	0.019000	0.000000	36474.770000	24686	32
planetlab4.wail.wisc.edu_planetlab4.tamu.edu_8208 3	21520.632000	15390.618000	0.026000	0.000000	36911.276000	24601	16
planetlab5.williams.edu_planetlab4.tamu.edu_3109 3	17710.666000	20013.626000	0.017000	0.000000	37724.309000	24575	2112
planetlab2.umassd.edu_planetlab4.tamu.edu_7115 3	18065.252000	20576.767000	0.060000	0.000000	38642.079000	24827	64
planetlab2.umassd.edu_planetlab4.tamu.edu_7138 3	18193.473000	20533.754000	0.065000	0.000000	38727.292000	24833	64
node1.planetlab.albany.edu_planetlab4.tamu.edu_12286 3	21445.711000	17330.068000	0.022000	0.000000	38775.801000	24710	32
planetlab2.umassd.edu_planetlab4.tamu.edu_7169 3	18386.133000	20488.627000	0.017000	0.000000	38874.777000	24848	64
planetlab2.umassd.edu_planetlab4.tamu.edu_7177 3	18432.142000	20478.244000	0.017000	0.000000	38910.403000	24849	64
planetlab2.umassd.edu_planetlab4.tamu.edu_7184 3	18487.496000	20457.333000	0.018000	0.000000	38944.847000	24851	64
planetlab2.umassd.edu_planetlab4.tamu.edu_7189 3	18534.707000	20432.025000	0.018000	0.000000	38966.750000	24853	64
planetlab2.umassd.edu_planetlab4.tamu.edu_7195 3	18574.024000	20420.493000	0.017000	0.000000	38994.534000	24857	64
node1.planetlab.albany.edu_planetlab4.tamu.edu_12447 3	21703.675000	17506.816000	0.018000	0.000000	39210.509000	24714	32
planetlab2.umassd.edu_planetlab4.tamu.edu_7245 3	18869.573000	20351.505000	0.016000	0.000000	39221.094000	24868	64
planetlab2.umassd.edu_planetlab4.tamu.edu_7281 3	19056.919000	20294.009000	0.016000	0.000000	39350.944000	24879	64
planetlab2.umassd.edu_planetlab4.tamu.edu_7287 3	19076.667000	20283.902000	0.017000	0.000000	39360.586000	24881	64
planetlab2.umassd.edu_planetlab4.tamu.edu_7323 3	19289.085000	20203.415000	0.017000	0.000000	39492.517000	24900	64
planetlab2.umassd.edu_planetlab4.tamu.edu_7364 3	19506.260000	20136.703000	0.018000	0.000000	39642.981000	24913	64
planetlab2.umassd.edu_planetlab4.tamu.edu_7530 3	20256.584000	20042.292000	0.020000	0.000000	40298.896000	24928	64
planetlab2.umassd.edu_planetlab4.tamu.edu_7556 3	20335.581000	20082.003000	0.058000	0.000000	40417.642000	24932	64
planetlab2.umassd.edu_planetlab4.tamu.edu_7562 3	20349.161000	20083.325000	0.022000	0.000000	40432.508000	24933	64
planetlab2.umassd.edu_planetlab4.tamu.edu_7567 3	20378.235000	20089.546000	0.017000	0.000000	40467.798000	24934	64
aguila2.lsi.upc.edu_planetlab4.tamu.edu_2274 2	13836.345000	26672.016000	0.013000	0.000000	40508.374000	24561	576
planetlab2.umassd.edu_planetlab4.tamu.edu_7597 3	20456.158000	20146.934000	0.018000	0.000000	40603.110000	24940	64
planetlab2.umassd.edu_planetlab4.tamu.edu_7652 3	20603.180000	20232.969000	0.069000	0.000000	40836.218000	24948	64
planetlab2.umassd.edu_planetlab4.tamu.edu_7707 3	20754.646000	20292.292000	0.029000	0.000000	41046.967000	24955	64
planetlab5.williams.edu_planetlab4.tamu.edu_3470 3	26940.725000	14336.389000	0.027000	0.000000	41277.141000	24926	2112
planetlab2.umassd.edu_planetlab4.tamu.edu_7887 3	21293.566000	20491.312000	0.062000	0.000000	41784.940000	24977	64
node1.planetlab.albany.edu_planetlab4.tamu.edu_13586 3	23578.427000	19096.610000	0.022000	0.000000	42675.059000	24718	32
node1.planetlab.albany.edu_planetlab4.tamu.edu_13642 3	23671.105000	19205.238000	0.021000	0.000000	42876.364000	24719	32
node1.planetlab.albany.edu_planetlab4.tamu.edu_13844 3	24101.921000	19346.496000	0.020000	0.000000	43448.437000	24569	32
planetlab2.umassd.edu_planetlab4.tamu.edu_8346 3	23789.866000	19689.062000	0.018000	0.000000	43478.946000	24967	64
node1.planetlab.albany.edu_planetlab4.tamu.edu_13897 3	24191.404000	19388.281000	0.020000	0.000000	43579.705000	24734	32
planetlab2.umassd.edu_planetlab4.tamu.edu_8409 3	24092.544000	19744.529000	0.020000	0.000000	43837.093000	25019	64
node1.planetlab.albany.edu_planetlab4.tamu.edu_14024 3	24458.391000	19501.623000	0.022000	0.000000	43960.036000	24750	32
node1.planetlab.albany.edu_planetlab4.tamu.edu_14176 3	24803.509000	19634.096000	0.025000	0.000000	44437.630000	24763	32
node1.planetlab.albany.edu_planetlab4.tamu.edu_14257 3	25016.396000	19654.484000	0.023000	0.000000	44670.903000	24716	32
node1.planetlab.albany.edu_planetlab4.tamu.edu_14266 3	25038.313000	19669.498000	0.020000	0.000000	44707.831000	24770	32
planetlab03.cs.washington.edu_planetlab4.tamu.edu_4924 4	26150.561000	19220.396000	0.043000	0.000000	45371.000000	24669	320
planetlab2.umassd.edu_planetlab4.tamu.edu_8667 3	24791.644000	20796.857000	0.068000	0.000000	45588.569000	25051	64
planetlab2.umassd.edu_planetlab4.tamu.edu_8737 3	24970.938000	21419.409000	0.018000	0.000000	46390.365000	25060	64
node1.planetlab.albany.edu_planetlab4.tamu.edu_15004 3	26323.379000	20239.351000	0.022000	0.000000	46562.752000	24778	32
node1.planetlab.albany.edu_planetlab4.tamu.edu_15069 3	26398.892000	20275.889000	0.019000	0.000000	46674.800000	24780	32
node1.planetlab.albany.edu_planetlab4.tamu.edu_15070 3	26399.033000	20290.282000	0.047000	0.000000	46689.362000	24781	32
node1.planetlab.albany.edu_planetlab4.tamu.edu_15089 3	26425.555000	20322.538000	0.015000	0.000000	46748.108000	24782	32
node1.planetlab.albany.edu_planetlab4.tamu.edu_15114 3	26461.519000	20338.466000	0.018000	0.000000	46800.003000	24783	32
planetlab2.umassd.edu_planetlab4.tamu.edu_8797 3	25116.153000	21724.834000	0.014000	0.000000	46841.001000	25067	64
node1.planetlab.albany.edu_planetlab4.tamu.edu_15170 3	26527.213000	20384.414000	0.019000	0.000000	46911.646000	24790	32
planetlab4.wail.wisc.edu_planetlab4.tamu.edu_8768 3	23943.560000	23063.667000	0.021000	0.000000	47007.248000	24731	16
node1.planetlab.albany.edu_planetlab4.tamu.edu_15271 3	26644.586000	20429.875000	0.020000	0.000000	47074.481000	24794	32
node1.planetlab.albany.edu_planetlab4.tamu.edu_15281 3	26662.543000	20435.031000	0.018000	0.000000	47097.592000	24772	32
node1.planetlab.albany.edu_planetlab4.tamu.edu_15302 3	26678.865000	20453.190000	0.019000	0.000000	47132.074000	24796	32
node1.planetlab.albany.edu_planetlab4.tamu.edu_15305 3	26680.675000	20452.252000	0.017000	0.000000	47132.944000	24774	32
planetlab2.umassd.edu_planetlab4.tamu.edu_8844 3	25267.947000	21878.351000	0.015000	0.000000	47146.313000	25075	64
node1.planetlab.albany.edu_planetlab4.tamu.edu_15322 3	26699.011000	20451.232000	0.018000	0.000000	47150.261000	24799	32
node1.planetlab.albany.edu_planetlab4.tamu.edu_15346 3	26727.177000	20470.558000	0.038000	0.000000	47197.773000	24775	32
node1.planetlab.albany.edu_planetlab4.tamu.edu_15363 3	26738.362000	20480.326000	0.018000	0.000000	47218.706000	24776	32
planetlab4.wail.wisc.edu_planetlab4.tamu.edu_8787 3	24060.981000	23168.762000	0.024000	0.000000	47229.767000	24570	16
node1.planetlab.albany.edu_planetlab4.tamu.edu_15374 3	26744.379000	20496.153000	0.016000	0.000000	47240.548000	24806	32
node1.planetlab.albany.edu_planetlab4.tamu.edu_15405 3	26790.966000	20493.855000	0.020000	0.000000	47284.841000	24810	32
aguila2.lsi.upc.edu_planetlab4.tamu.edu_2764 2	17541.662000	29768.000000	0.016000	0.000000	47309.678000	24784	576
node1.planetlab.albany.edu_planetlab4.tamu.edu_15425 3	26820.578000	20495.770000	0.023000	0.000000	47316.371000	24812	32
node1.planetlab.albany.edu_planetlab4.tamu.edu_15439 3	26833.249000	20499.064000	0.018000	0.000000	47332.331000	24830	32
node1.planetlab.albany.edu_planetlab4.tamu.edu_15515 3	26926.885000	20541.182000	0.021000	0.000000	47468.088000	24814	32
node1.planetlab.albany.edu_planetlab4.tamu.edu_15522 3	26938.637000	20545.976000	0.019000	0.000000	47484.632000	24815	32
planetlab2.umassd.edu_planetlab4.tamu.edu_8915 3	25417.131000	22128.004000	0.017000	0.000000	47545.152000	25081	64
planetlab2.umassd.edu_planetlab4.tamu.edu_8931 3	25448.367000	22180.280000	0.022000	0.000000	47628.669000	25082	64
node1.planetlab.albany.edu_planetlab4.tamu.edu_15623 3	27164.653000	20484.690000	0.020000	0.000000	47649.363000	24858	32
planetlab2.umassd.edu_planetlab4.tamu.edu_8941 3	25474.550000	22204.500000	0.021000	0.000000	47679.071000	25083	64
planetlab2.umassd.edu_planetlab4.tamu.edu_8957 3	25522.659000	22240.879000	0.017000	0.000000	47763.555000	25087	64
node1.planetlab.albany.edu_planetlab4.tamu.edu_15708 3	27488.595000	20329.013000	0.026000	0.000000	47817.634000	24910	32
node1.planetlab.albany.edu_planetlab4.tamu.edu_15813 3	27784.052000	20243.709000	0.023000	0.000000	48027.784000	24779	32
node1.planetlab.albany.edu_planetlab4.tamu.edu_15890 3	28078.841000	20114.060000	0.022000	0.000000	48192.923000	24798	32
node1.planetlab.albany.edu_planetlab4.tamu.edu_15902 3	28120.161000	20086.579000	0.025000	0.000000	48206.765000	24974	32
node1.planetlab.albany.edu_planetlab4.tamu.edu_16036 3	28578.576000	19906.530000	0.024000	0.000000	48485.130000	24965	32
node1.planetlab.albany.edu_planetlab4.tamu.edu_16172 3	28990.959000	19902.557000	0.026000	0.000000	48893.542000	25030	32
node1.planetlab.albany.edu_planetlab4.tamu.edu_16183 3	29029.838000	19907.795000	0.020000	0.000000	48937.653000	25034	32
node1.planetlab.albany.edu_planetlab4.tamu.edu_16185 3	29049.379000	19891.053000	0.025000	0.000000	48940.457000	25036	32
node1.planetlab.albany.edu_planetlab4.tamu.edu_16194 3	29069.339000	19881.439000	0.022000	0.000000	48950.800000	25038	32
node1.planetlab.albany.edu_planetlab4.tamu.edu_16201 3	29084.005000	19885.413000	0.018000	0.000000	48969.436000	25039	32
node1.planetlab.albany.edu_planetlab4.tamu.edu_16222 3	29164.451000	19852.341000	0.023000	0.000000	49016.815000	25054	32
planetlab4.wail.wisc.edu_planetlab4.tamu.edu_9041 3	25034.988000	24060.347000	0.023000	0.000000	49095.358000	24717	16
node1.planetlab.albany.edu_planetlab4.tamu.edu_16260 3	29304.099000	19793.032000	0.020000	0.000000	49097.151000	25070	32
node1.planetlab.albany.edu_planetlab4.tamu.edu_16262 3	29307.747000	19792.955000	0.017000	0.000000	49100.719000	25072	32
plab4.eece.ksu.edu_planetlab4.tamu.edu_3546 3	12693.508000	36503.141000	0.011000	0.000000	49196.660000	24522	2080
planetlab2.eecs.umich.edu_planetlab4.tamu.edu_9171 4	49592.782000	0.313000	0.070000	0.000000	49593.165000	24528	2048
plab4.eece.ksu.edu_planetlab4.tamu.edu_3821 3	17807.111000	35172.359000	0.012000	0.000000	52979.482000	24599	2080
planetlab2.eecs.umich.edu_planetlab4.tamu.edu_9678 4	53031.699000	2.209000	0.100000	0.000000	53034.008000	24589	2048
planetlab2.eecs.umich.edu_planetlab4.tamu.edu_9714 4	53233.776000	32.094000	0.037000	0.000000	53265.907000	24609	2048
planetlab4.wail.wisc.edu_planetlab4.tamu.edu_9439 3	26770.294000	27348.746000	0.031000	0.000000	54119.071000	24824	16
planetlab4.wail.wisc.edu_planetlab4.tamu.edu_9496 3	27143.430000	27221.923000	0.029000	0.000000	54365.382000	24859	16
planetlab2.eecs.umich.edu_planetlab4.tamu.edu_9873 4	54554.017000	0.250000	0.068000	0.000000	54554.335000	24665	2048
planetlab2.eecs.umich.edu_planetlab4.tamu.edu_9875 4	54564.230000	5.429000	0.079000	0.000000	54569.738000	24660	2048
planetlab2.eecs.umich.edu_planetlab4.tamu.edu_10034 4	57304.089000	3.460000	0.087000	0.000000	57307.636000	24722	2048
planetlab2.eecs.umich.edu_planetlab4.tamu.edu_10052 4	57506.039000	0.877000	0.067000	0.000000	57506.983000	24729	2048
planetlab2.eecs.umich.edu_planetlab4.tamu.edu_10081 4	57858.224000	1.185000	0.078000	0.000000	57859.487000	24766	2048
planetlab2.eecs.umich.edu_planetlab4.tamu.edu_10223 4	60006.967000	0.086000	0.072000	0.000000	60007.125000	24777	2048
planetlab2.eecs.umich.edu_planetlab4.tamu.edu_10268 4	60394.542000	9.116000	0.042000	0.000000	60403.700000	24785	2048
planetlab2.eecs.umich.edu_planetlab4.tamu.edu_10272 4	60414.495000	5.336000	0.078000	0.000000	60419.909000	24792	2048
planetlab2.eecs.umich.edu_planetlab4.tamu.edu_10277 4	60457.037000	2.602000	1.738000	0.000000	60461.377000	24793	2048
planetlab2.eecs.umich.edu_planetlab4.tamu.edu_10278 4	60461.336000	4.604000	0.053000	0.000000	60465.993000	24795	2048
planetlab2.eecs.umich.edu_planetlab4.tamu.edu_10283 4	60467.827000	9.485000	0.040000	0.000000	60477.352000	24797	2048
planetlab2.eecs.umich.edu_planetlab4.tamu.edu_10284 4	60473.156000	8.686000	0.079000	0.000000	60481.921000	24807	2048
planetlab2.eecs.umich.edu_planetlab4.tamu.edu_10286 4	60480.454000	14.060000	0.074000	0.000000	60494.588000	24825	2048
planetlab2.eecs.umich.edu_planetlab4.tamu.edu_10290 4	60515.099000	17.824000	0.081000	0.000000	60533.004000	24837	2048
planetlab2.eecs.umich.edu_planetlab4.tamu.edu_10292 4	60522.739000	12.928000	0.094000	0.000000	60535.761000	24841	2048
planetlab2.eecs.umich.edu_planetlab4.tamu.edu_10294 4	60528.609000	8.559000	0.065000	0.000000	60537.233000	24844	2048
planetlab2.eecs.umich.edu_planetlab4.tamu.edu_10296 4	60553.249000	3.577000	0.083000	0.000000	60556.909000	24845	2048
planetlab2.eecs.umich.edu_planetlab4.tamu.edu_10298 4	60561.837000	2.160000	0.081000	0.000000	60564.078000	24847	2048
planetlab2.eecs.umich.edu_planetlab4.tamu.edu_10300 4	60572.291000	2.906000	0.080000	0.000000	60575.277000	24850	2048
planetlab2.eecs.umich.edu_planetlab4.tamu.edu_10306 4	60585.867000	20.711000	0.087000	0.000000	60606.665000	24861	2048
planetlab2.eecs.umich.edu_planetlab4.tamu.edu_10312 4	60630.200000	0.191000	0.069000	0.000000	60630.460000	24877	2048
planetlab2.eecs.umich.edu_planetlab4.tamu.edu_10314 4	60638.672000	2.626000	0.083000	0.000000	60641.381000	24909	2048
planetlab2.eecs.umich.edu_planetlab4.tamu.edu_10320 4	60665.306000	2.090000	0.071000	0.000000	60667.467000	24935	2048
planetlab2.eecs.umich.edu_planetlab4.tamu.edu_10322 4	60667.700000	1.726000	0.088000	0.000000	60669.514000	24938	2048
planetlab2.eecs.umich.edu_planetlab4.tamu.edu_10325 4	60683.837000	2.919000	0.087000	0.000000	60686.843000	24945	2048
planetlab2.eecs.umich.edu_planetlab4.tamu.edu_10327 4	60689.551000	4.298000	1.681000	0.000000	60695.530000	24962	2048
planetlab2.eecs.umich.edu_planetlab4.tamu.edu_10335 4	60741.246000	1.986000	0.080000	0.000000	60743.312000	24973	2048
planetlab2.eecs.umich.edu_planetlab4.tamu.edu_10337 4	60750.724000	3.650000	0.110000	0.000000	60754.484000	24976	2048
planetlab2.eecs.umich.edu_planetlab4.tamu.edu_10339 4	60790.662000	3.202000	0.081000	0.000000	60793.945000	24978	2048
planetlab2.eecs.umich.edu_planetlab4.tamu.edu_10342 4	60800.523000	0.471000	0.069000	0.000000	60801.063000	24979	2048
planetlab2.eecs.umich.edu_planetlab4.tamu.edu_10344 4	60819.631000	5.966000	0.079000	0.000000	60825.676000	24982	2048
planetlab2.eecs.umich.edu_planetlab4.tamu.edu_10348 4	60829.034000	1.083000	0.037000	0.000000	60830.154000	24986	2048
planetlab2.eecs.umich.edu_planetlab4.tamu.edu_10383 4	61108.299000	3.610000	0.079000	0.000000	61111.988000	24999	2048
planetlab2.eecs.umich.edu_planetlab4.tamu.edu_10387 4	61111.777000	2.121000	0.081000	0.000000	61113.979000	25010	2048
planetlab2.eecs.umich.edu_planetlab4.tamu.edu_10388 4	61110.233000	5.836000	0.033000	0.000000	61116.102000	25031	2048
planetlab2.eecs.umich.edu_planetlab4.tamu.edu_10390 4	61155.206000	3.152000	0.082000	0.000000	61158.440000	25042	2048
planetlab2.eecs.umich.edu_planetlab4.tamu.edu_10392 4	61160.495000	1.978000	0.078000	0.000000	61162.551000	25049	2048
planetlab2.eecs.umich.edu_planetlab4.tamu.edu_10394 4	61163.682000	1.379000	0.077000	0.000000	61165.138000	25059	2048
planetlab2.eecs.umich.edu_planetlab4.tamu.edu_10396 4	61196.288000	5.737000	0.121000	0.000000	61202.146000	25061	2048
planetlab2.eecs.umich.edu_planetlab4.tamu.edu_10398 4	61202.672000	1.837000	0.075000	0.000000	61204.584000	25062	2048
planetlab2.eecs.umich.edu_planetlab4.tamu.edu_10400 4	61209.765000	1.272000	0.066000	0.000000	61211.103000	25063	2048
planetlab2.eecs.umich.edu_planetlab4.tamu.edu_10402 4	61240.718000	3.805000	0.079000	0.000000	61244.602000	25071	2048
planetlab2.eecs.umich.edu_planetlab4.tamu.edu_10404 4	61263.580000	4.233000	0.076000	0.000000	61267.889000	25079	2048
planetlab4.wail.wisc.edu_planetlab4.tamu.edu_10057 3	28736.343000	32631.018000	0.019000	0.000000	61367.380000	25011	16
planetlab1.eecs.umich.edu_planetlab4.tamu.edu_2355 5	61497.902000	5.305000	0.079000	0.000000	61503.286000	24553	2304
planetlab1.eecs.umich.edu_planetlab4.tamu.edu_2395 5	61738.934000	5.920000	0.081000	0.000000	61744.935000	24747	2304
planetlab4.wail.wisc.edu_planetlab4.tamu.edu_10179 3	29477.539000	34155.967000	0.027000	0.000000	63633.533000	25091	16
planetlab4.wail.wisc.edu_planetlab4.tamu.edu_10188 3	29500.781000	34245.487000	0.028000	0.000000	63746.296000	25097	16
planetlab4.wail.wisc.edu_planetlab4.tamu.edu_10190 3	29507.134000	34271.889000	0.021000	0.000000	63779.044000	25098	16
planetlab4.wail.wisc.edu_planetlab4.tamu.edu_10198 3	29525.349000	34474.582000	0.025000	0.000000	63999.956000	25099	16
planetlab4.wail.wisc.edu_planetlab4.tamu.edu_10213 3	29574.052000	36573.001000	0.031000	0.000000	66147.084000	25103	16
planetlab4.wail.wisc.edu_planetlab4.tamu.edu_10216 3	29580.143000	37040.546000	0.025000	0.000000	66620.714000	25107	16
planetlab1.cs.uoregon.edu_planetlab4.tamu.edu_8527 5	25716.388000	41018.495000	0.059000	0.000000	66734.942000	24495	256
planetlab1.cs.uoregon.edu_planetlab4.tamu.edu_8531 5	25739.178000	41017.870000	0.057000	0.000000	66757.105000	24529	256
planetlab1.cs.uoregon.edu_planetlab4.tamu.edu_8532 5	25739.696000	41035.186000	0.015000	0.000000	66774.897000	24531	256
planetlab1.cs.uoregon.edu_planetlab4.tamu.edu_8538 5	25752.766000	41041.090000	0.237000	0.000000	66794.093000	24530	256
planetlab1.cs.uoregon.edu_planetlab4.tamu.edu_8540 5	25758.831000	41046.799000	0.036000	0.000000	66805.666000	24535	256
planetlab1.cs.uoregon.edu_planetlab4.tamu.edu_8543 5	25791.942000	41017.257000	0.046000	0.000000	66809.245000	24539	256
planetlab1.cs.uoregon.edu_planetlab4.tamu.edu_8545 5	25806.306000	41009.310000	0.074000	0.000000	66815.690000	24515	256
planetlab1.cs.uoregon.edu_planetlab4.tamu.edu_8554 5	25859.730000	40986.924000	0.023000	0.000000	66846.677000	24563	256
planetlab1.cs.uoregon.edu_planetlab4.tamu.edu_8562 5	26064.518000	40808.309000	0.061000	0.000000	66872.888000	24594	256
planetlab1.cs.uoregon.edu_planetlab4.tamu.edu_8565 5	26082.201000	40806.230000	0.033000	0.000000	66888.464000	24583	256
planetlab1.cs.uoregon.edu_planetlab4.tamu.edu_8570 5	26117.017000	40789.220000	0.021000	0.000000	66906.258000	24610	256
planetlab1.cs.uoregon.edu_planetlab4.tamu.edu_8572 5	26129.649000	40796.655000	0.044000	0.000000	66926.348000	24624	256
planetlab1.cs.uoregon.edu_planetlab4.tamu.edu_8574 5	26146.624000	40784.283000	0.038000	0.000000	66930.945000	24626	256
planetlab1.cs.uoregon.edu_planetlab4.tamu.edu_8576 5	26157.085000	40785.474000	0.044000	0.000000	66942.603000	24627	256
planetlab1.cs.uoregon.edu_planetlab4.tamu.edu_8578 5	26158.628000	40787.797000	0.017000	0.000000	66946.442000	24630	256
planetlab1.cs.uoregon.edu_planetlab4.tamu.edu_8580 5	26163.825000	40800.116000	0.026000	0.000000	66963.967000	24634	256
planetlab1.cs.uoregon.edu_planetlab4.tamu.edu_8585 5	26191.255000	40797.774000	0.127000	0.000000	66989.156000	24642	256
planetlab1.cs.uoregon.edu_planetlab4.tamu.edu_8591 5	26222.203000	40800.540000	0.037000	0.000000	67022.780000	24656	256
planetlab1.cs.uoregon.edu_planetlab4.tamu.edu_8593 5	26238.087000	40803.647000	0.038000	0.000000	67041.772000	24658	256
planetlab1.cs.uoregon.edu_planetlab4.tamu.edu_8595 5	26254.384000	40793.036000	0.038000	0.000000	67047.458000	24659	256
planetlab1.cs.uoregon.edu_planetlab4.tamu.edu_8597 5	26263.584000	40813.345000	0.045000	0.000000	67076.974000	24662	256
planetlab1.cs.uoregon.edu_planetlab4.tamu.edu_8599 5	26264.376000	40816.716000	0.018000	0.000000	67081.110000	24666	256
planetlab1.cs.uoregon.edu_planetlab4.tamu.edu_8601 5	26270.563000	40821.262000	0.030000	0.000000	67091.855000	24672	256
planetlab1.cs.uoregon.edu_planetlab4.tamu.edu_8604 5	26302.542000	40799.258000	0.043000	0.000000	67101.843000	24674	256
planetlab1.cs.uoregon.edu_planetlab4.tamu.edu_8607 5	26329.858000	40778.366000	0.040000	0.000000	67108.264000	24675	256
planetlab1.cs.uoregon.edu_planetlab4.tamu.edu_8608 5	26330.056000	40781.626000	0.015000	0.000000	67111.697000	24678	256
planetlab1.cs.uoregon.edu_planetlab4.tamu.edu_8610 5	26344.687000	40781.483000	0.034000	0.000000	67126.204000	24682	256
planetlab1.cs.uoregon.edu_planetlab4.tamu.edu_8612 5	26373.613000	40761.516000	0.039000	0.000000	67135.168000	24688	256
planetlab1.cs.uoregon.edu_planetlab4.tamu.edu_8614 5	26374.201000	40765.031000	0.019000	0.000000	67139.251000	24689	256
planetlab1.cs.uoregon.edu_planetlab4.tamu.edu_8616 5	26381.370000	40770.688000	0.039000	0.000000	67152.097000	24690	256
planetlab1.cs.uoregon.edu_planetlab4.tamu.edu_8618 5	26403.717000	40755.958000	0.033000	0.000000	67159.708000	24691	256
planetlab1.cs.uoregon.edu_planetlab4.tamu.edu_8621 5	26417.032000	40753.120000	0.025000	0.000000	67170.177000	24692	256
planetlab1.cs.uoregon.edu_planetlab4.tamu.edu_8624 5	26453.436000	40739.725000	0.038000	0.000000	67193.199000	24694	256
planetlab1.cs.uoregon.edu_planetlab4.tamu.edu_8626 5	26481.574000	40715.470000	0.050000	0.000000	67197.094000	24695	256
planetlab1.cs.uoregon.edu_planetlab4.tamu.edu_8628 5	26483.204000	40727.404000	0.029000	0.000000	67210.637000	24696	256
planetlab1.cs.uoregon.edu_planetlab4.tamu.edu_8632 5	26486.145000	40731.162000	0.029000	0.000000	67217.336000	24699	256
planetlab1.cs.uoregon.edu_planetlab4.tamu.edu_8634 5	26489.128000	40738.796000	0.038000	0.000000	67227.962000	24702	256
planetlab1.cs.uoregon.edu_planetlab4.tamu.edu_8641 5	26582.868000	40685.677000	0.031000	0.000000	67268.576000	24698	256
planetlab1.cs.uoregon.edu_planetlab4.tamu.edu_8657 5	26660.736000	40637.545000	0.034000	0.000000	67298.315000	24728	256
planetlab1.cs.uoregon.edu_planetlab4.tamu.edu_8668 5	26757.242000	40598.467000	0.035000	0.000000	67355.744000	24754	256
planetlab4.wail.wisc.edu_planetlab4.tamu.edu_10329 3	29897.653000	37498.869000	0.025000	0.000000	67396.547000	25112	16
planetlab4.wail.wisc.edu_planetlab4.tamu.edu_10331 3	29900.396000	37509.667000	0.021000	0.000000	67410.084000	25113	16
planetlab4.wail.wisc.edu_planetlab4.tamu.edu_10333 3	29908.906000	37503.019000	0.033000	0.000000	67411.958000	25114	16
planetlab4.wail.wisc.edu_planetlab4.tamu.edu_10337 3	29919.450000	37523.404000	0.024000	0.000000	67442.878000	25115	16
planetlab4.wail.wisc.edu_planetlab4.tamu.edu_10343 3	29924.590000	37551.974000	0.019000	0.000000	67476.583000	25119	16
planetlab1.cs.uoregon.edu_planetlab4.tamu.edu_8734 5	27153.557000	40373.894000	0.054000	0.000000	67527.505000	24786	256
planetlab1.cs.uoregon.edu_planetlab4.tamu.edu_8738 5	27172.846000	40359.547000	0.044000	0.000000	67532.437000	24802	256
planetlab1.cs.uoregon.edu_planetlab4.tamu.edu_8740 5	27176.951000	40361.826000	0.035000	0.000000	67538.812000	24813	256
planetlab1.cs.uoregon.edu_planetlab4.tamu.edu_8744 5	27224.168000	40326.475000	0.033000	0.000000	67550.676000	24816	256
planetlab1.cs.uoregon.edu_planetlab4.tamu.edu_8746 5	27226.097000	40326.354000	0.024000	0.000000	67552.475000	24822	256
planetlab1.cs.uoregon.edu_planetlab4.tamu.edu_8749 5	27240.446000	40334.996000	0.041000	0.000000	67575.483000	24826	256
planetlab1.cs.uoregon.edu_planetlab4.tamu.edu_8763 5	27331.397000	40278.873000	0.021000	0.000000	67610.291000	24882	256
planetlab1.cs.uoregon.edu_planetlab4.tamu.edu_8765 5	27332.741000	40279.779000	0.036000	0.000000	67612.556000	24889	256
planetlab1.cs.uoregon.edu_planetlab4.tamu.edu_8769 5	27387.885000	40243.442000	0.034000	0.000000	67631.361000	24908	256
planetlab1.cs.uoregon.edu_planetlab4.tamu.edu_8773 5	27402.305000	40230.058000	0.052000	0.000000	67632.415000	24914	256
planetlab1.cs.uoregon.edu_planetlab4.tamu.edu_8786 5	27524.372000	40145.606000	0.038000	0.000000	67670.016000	24930	256
planetlab1.cs.uoregon.edu_planetlab4.tamu.edu_8789 5	27548.871000	40128.438000	0.037000	0.000000	67677.346000	24944	256
planetlab4.wail.wisc.edu_planetlab4.tamu.edu_10339 3	30153.773000	37523.610000	0.023000	0.000000	67677.406000	25117	16
planetlab1.cs.uoregon.edu_planetlab4.tamu.edu_8793 5	27568.633000	40120.684000	0.023000	0.000000	67689.340000	24946	256
planetlab4.wail.wisc.edu_planetlab4.tamu.edu_10370 3	30050.196000	37649.681000	0.019000	0.000000	67699.896000	25105	16
planetlab4.wail.wisc.edu_planetlab4.tamu.edu_10372 3	30067.280000	37638.170000	0.081000	0.000000	67705.531000	25106	16
planetlab1.cs.uoregon.edu_planetlab4.tamu.edu_8797 5	27589.229000	40126.080000	0.022000	0.000000	67715.331000	24947	256
planetlab1.cs.uoregon.edu_planetlab4.tamu.edu_8799 5	27590.814000	40137.309000	0.017000	0.000000	67728.140000	24950	256
planetlab1.cs.uoregon.edu_planetlab4.tamu.edu_8801 5	27594.222000	40140.834000	0.021000	0.000000	67735.077000	24954	256
planetlab1.cs.uoregon.edu_planetlab4.tamu.edu_8803 5	27633.583000	40104.135000	0.031000	0.000000	67737.749000	24818	256
planetlab1.cs.uoregon.edu_planetlab4.tamu.edu_8805 5	27661.043000	40087.138000	0.036000	0.000000	67748.217000	24819	256
planetlab1.cs.uoregon.edu_planetlab4.tamu.edu_8809 5	27675.152000	40097.439000	0.035000	0.000000	67772.626000	24998	256
planetlab1.cs.uoregon.edu_planetlab4.tamu.edu_8814 5	27751.320000	40033.100000	0.040000	0.000000	67784.460000	25074	256
planetlab1.cs.uoregon.edu_planetlab4.tamu.edu_8815 5	27751.176000	40033.369000	0.014000	0.000000	67784.559000	25102	256
planetlab4.wail.wisc.edu_planetlab4.tamu.edu_10395 3	30119.943000	37779.016000	0.028000	0.000000	67898.987000	25111	16
planetlab4.wail.wisc.edu_planetlab4.tamu.edu_10341 3	32922.557000	37545.171000	0.026000	0.000000	70467.754000	25118	16
flow.colgate.edu_planetlab4.tamu.edu_6745 4	29066.670000	44773.659000	0.028000	0.000000	73840.357000	24523	192
flow.colgate.edu_planetlab4.tamu.edu_6783 4	29289.854000	44659.529000	0.026000	0.000000	73949.409000	24598	192
flow.colgate.edu_planetlab4.tamu.edu_6803 4	29403.248000	44597.668000	0.018000	0.000000	74000.934000	24713	192
flow.colgate.edu_planetlab4.tamu.edu_6821 4	29609.932000	44483.247000	0.028000	0.000000	74093.207000	24828	192
flow.colgate.edu_planetlab4.tamu.edu_6843 4	29859.714000	44309.081000	0.021000	0.000000	74168.816000	25026	192
planetlab-01.bu.edu_planetlab4.tamu.edu_3567 4	91942.006000	0.769000	0.023000	0.000000	91942.798000	24762	640
planetlab-01.bu.edu_planetlab4.tamu.edu_3576 4	92116.171000	0.069000	0.027000	0.000000	92116.267000	24942	640
planetlab-01.bu.edu_planetlab4.tamu.edu_3578 4	92121.591000	0.314000	0.020000	0.000000	92121.925000	24964	640
planetlab-01.bu.edu_planetlab4.tamu.edu_3582 4	92194.465000	0.239000	0.021000	0.000000	92194.725000	25073	640
planetlab-2.usask.ca_planetlab4.tamu.edu_605 2	23142.440000	73171.289000	0.025000	0.000000	96313.754000	25037	1600
pl1.rcc.uottawa.ca_planetlab4.tamu.edu_20336 4	25902.466000	73692.223000	0.021000	0.000000	99594.710000	24503	0
pl1.rcc.uottawa.ca_planetlab4.tamu.edu_20418 4	26053.451000	73864.312000	0.020000	0.000000	99917.783000	24533	0
pl1.rcc.uottawa.ca_planetlab4.tamu.edu_20423 4	26068.390000	73871.922000	0.021000	0.000000	99940.333000	24537	0
pl1.rcc.uottawa.ca_planetlab4.tamu.edu_20435 4	26096.391000	73875.836000	0.019000	0.000000	99972.246000	24540	0
pl1.rcc.uottawa.ca_planetlab4.tamu.edu_20455 4	26119.821000	73895.181000	0.019000	0.000000	100015.021000	24514	0
pl1.rcc.uottawa.ca_planetlab4.tamu.edu_20473 4	26150.816000	73949.346000	0.030000	0.000000	100100.192000	24541	0
pl1.rcc.uottawa.ca_planetlab4.tamu.edu_20485 4	26165.398000	73977.917000	0.181000	0.000000	100143.496000	24543	0
pl1.rcc.uottawa.ca_planetlab4.tamu.edu_20492 4	26174.343000	73982.655000	0.034000	0.000000	100157.032000	24547	0
pl1.rcc.uottawa.ca_planetlab4.tamu.edu_21474 4	27622.468000	75657.671000	0.029000	0.000000	103280.168000	24521	0
pl1.rcc.uottawa.ca_planetlab4.tamu.edu_21542 4	27754.326000	75765.964000	0.025000	0.000000	103520.315000	24525	0
pl1.rcc.uottawa.ca_planetlab4.tamu.edu_23313 4	32111.625000	77719.499000	0.035000	0.000000	109831.159000	24573	0
pl1.rcc.uottawa.ca_planetlab4.tamu.edu_23322 4	32115.907000	77761.466000	0.017000	0.000000	109877.390000	24578	0
pl1.rcc.uottawa.ca_planetlab4.tamu.edu_23356 4	32841.482000	77147.567000	0.021000	0.000000	109989.070000	24580	0
pl1.rcc.uottawa.ca_planetlab4.tamu.edu_23360 4	33010.296000	76998.436000	0.046000	0.000000	110008.778000	24584	0
pl1.rcc.uottawa.ca_planetlab4.tamu.edu_23405 4	33539.550000	76579.275000	0.020000	0.000000	110118.845000	24592	0
pl1.rcc.uottawa.ca_planetlab4.tamu.edu_23420 4	33719.508000	76438.820000	0.023000	0.000000	110158.351000	24608	0
pl1.rcc.uottawa.ca_planetlab4.tamu.edu_23444 4	34153.294000	76070.468000	0.029000	0.000000	110223.791000	24616	0
pl1.rcc.uottawa.ca_planetlab4.tamu.edu_23478 4	34509.158000	75842.960000	0.034000	0.000000	110352.152000	24638	0
pl1.rcc.uottawa.ca_planetlab4.tamu.edu_23492 4	34531.980000	75865.655000	0.028000	0.000000	110397.663000	24640	0
pl1.rcc.uottawa.ca_planetlab4.tamu.edu_23520 4	34569.805000	75918.128000	0.497000	0.000000	110488.430000	24651	0
pl1.rcc.uottawa.ca_planetlab4.tamu.edu_24269 4	36388.614000	76968.541000	0.025000	0.000000	113357.180000	24704	0
pl1.rcc.uottawa.ca_planetlab4.tamu.edu_24392 4	36716.028000	77075.425000	0.027000	0.000000	113791.480000	24712	0
pl1.rcc.uottawa.ca_planetlab4.tamu.edu_27696 4	45957.391000	79486.733000	0.043000	0.000000	125444.167000	24726	0
pl1.rcc.uottawa.ca_planetlab4.tamu.edu_27729 4	46064.064000	79484.615000	0.049000	0.000000	125548.728000	24700	0
pl1.rcc.uottawa.ca_planetlab4.tamu.edu_28134 4	47416.255000	79543.796000	0.027000	0.000000	126960.078000	24736	0
pl1.rcc.uottawa.ca_planetlab4.tamu.edu_28149 4	47454.678000	79547.698000	0.027000	0.000000	127002.403000	24744	0
pl1.rcc.uottawa.ca_planetlab4.tamu.edu_28153 4	47461.530000	79552.557000	0.016000	0.000000	127014.103000	24745	0
pl1.rcc.uottawa.ca_planetlab4.tamu.edu_28171 4	47530.308000	79566.190000	0.044000	0.000000	127096.542000	24746	0
pl1.rcc.uottawa.ca_planetlab4.tamu.edu_28250 4	47828.179000	79630.187000	0.027000	0.000000	127458.393000	24748	0
pl1.rcc.uottawa.ca_planetlab4.tamu.edu_28635 4	49385.473000	79345.390000	0.036000	0.000000	128730.899000	24760	0
pl1.rcc.uottawa.ca_planetlab4.tamu.edu_29705 4	53709.233000	77925.826000	0.024000	0.000000	131635.083000	24576	0
pl1.rcc.uottawa.ca_planetlab4.tamu.edu_29707 4	53711.295000	77924.842000	0.048000	0.000000	131636.185000	24577	0
pl1.rcc.uottawa.ca_planetlab4.tamu.edu_29770 4	54074.689000	77706.943000	0.046000	0.000000	131781.678000	24803	0
pl1.rcc.uottawa.ca_planetlab4.tamu.edu_29776 4	54098.312000	77694.959000	0.032000	0.000000	131793.303000	24808	0
pl1.rcc.uottawa.ca_planetlab4.tamu.edu_29795 4	54239.400000	77599.130000	0.039000	0.000000	131838.569000	24832	0
pl1.rcc.uottawa.ca_planetlab4.tamu.edu_29801 4	54278.391000	77582.371000	0.029000	0.000000	131860.791000	24843	0
pl1.rcc.uottawa.ca_planetlab4.tamu.edu_29819 4	54422.176000	77477.634000	0.036000	0.000000	131899.846000	24862	0
pl1.rcc.uottawa.ca_planetlab4.tamu.edu_29822 4	54445.662000	77457.369000	0.031000	0.000000	131903.062000	24864	0
pl1.rcc.uottawa.ca_planetlab4.tamu.edu_29835 4	54510.591000	77423.530000	0.036000	0.000000	131934.157000	24872	0
pl1.rcc.uottawa.ca_planetlab4.tamu.edu_29837 4	54513.252000	77428.343000	0.029000	0.000000	131941.624000	24873	0
pl1.rcc.uottawa.ca_planetlab4.tamu.edu_29842 4	54527.329000	77417.455000	0.030000	0.000000	131944.814000	24874	0
pl1.rcc.uottawa.ca_planetlab4.tamu.edu_29845 4	54534.708000	77424.964000	0.038000	0.000000	131959.710000	24876	0
pl1.rcc.uottawa.ca_planetlab4.tamu.edu_29847 4	54537.242000	77424.395000	0.020000	0.000000	131961.657000	24878	0
pl1.rcc.uottawa.ca_planetlab4.tamu.edu_29851 4	54559.537000	77413.173000	0.029000	0.000000	131972.739000	24886	0
pl1.rcc.uottawa.ca_planetlab4.tamu.edu_29856 4	54583.640000	77400.484000	0.029000	0.000000	131984.153000	24887	0
pl1.rcc.uottawa.ca_planetlab4.tamu.edu_29858 4	54586.623000	77399.438000	0.034000	0.000000	131986.095000	24888	0
pl1.rcc.uottawa.ca_planetlab4.tamu.edu_29865 4	54609.794000	77393.946000	0.038000	0.000000	132003.778000	24890	0
pl1.rcc.uottawa.ca_planetlab4.tamu.edu_29874 4	54633.957000	77392.444000	0.041000	0.000000	132026.442000	24892	0
pl1.rcc.uottawa.ca_planetlab4.tamu.edu_29877 4	54634.940000	77392.011000	0.015000	0.000000	132026.966000	24894	0
pl1.rcc.uottawa.ca_planetlab4.tamu.edu_29883 4	54656.965000	77388.806000	0.030000	0.000000	132045.801000	24895	0
pl1.rcc.uottawa.ca_planetlab4.tamu.edu_29896 4	54706.448000	77363.975000	0.034000	0.000000	132070.457000	24899	0
pl1.rcc.uottawa.ca_planetlab4.tamu.edu_29902 4	54731.514000	77358.410000	0.030000	0.000000	132089.954000	24905	0
pl1.rcc.uottawa.ca_planetlab4.tamu.edu_29911 4	54755.128000	77355.668000	0.037000	0.000000	132110.833000	24906	0
pl1.rcc.uottawa.ca_planetlab4.tamu.edu_29922 4	54804.055000	77335.694000	0.033000	0.000000	132139.782000	24911	0
pl1.rcc.uottawa.ca_planetlab4.tamu.edu_30201 4	56187.730000	76751.234000	0.039000	0.000000	132939.003000	24916	0
pl1.rcc.uottawa.ca_planetlab4.tamu.edu_30206 4	56193.925000	76755.015000	0.022000	0.000000	132948.962000	24936	0
pl1.rcc.uottawa.ca_planetlab4.tamu.edu_30211 4	56213.306000	76744.708000	0.036000	0.000000	132958.050000	24788	0
pl1.rcc.uottawa.ca_planetlab4.tamu.edu_30214 4	56216.926000	76755.404000	0.026000	0.000000	132972.356000	24939	0
pl1.rcc.uottawa.ca_planetlab4.tamu.edu_30252 4	56375.092000	76741.230000	0.037000	0.000000	133116.359000	24958	0
pl1.rcc.uottawa.ca_planetlab4.tamu.edu_30259 4	56399.083000	76741.527000	0.029000	0.000000	133140.639000	24960	0
pl1.rcc.uottawa.ca_planetlab4.tamu.edu_30344 4	56770.519000	76600.563000	0.034000	0.000000	133371.116000	24970	0
pl1.rcc.uottawa.ca_planetlab4.tamu.edu_30351 4	56804.221000	76595.341000	0.024000	0.000000	133399.586000	24972	0
pl1.rcc.uottawa.ca_planetlab4.tamu.edu_30366 4	56857.847000	76574.240000	0.050000	0.000000	133432.137000	24840	0
pl1.rcc.uottawa.ca_planetlab4.tamu.edu_30383 4	56918.660000	76572.678000	0.033000	0.000000	133491.371000	24980	0
pl1.rcc.uottawa.ca_planetlab4.tamu.edu_30401 4	56983.624000	76560.237000	0.032000	0.000000	133543.893000	24984	0
pl1.rcc.uottawa.ca_planetlab4.tamu.edu_30472 4	57266.857000	76457.721000	0.042000	0.000000	133724.620000	24992	0
pl1.rcc.uottawa.ca_planetlab4.tamu.edu_30576 4	57694.126000	76287.441000	0.039000	0.000000	133981.606000	24898	0
pl1.rcc.uottawa.ca_planetlab4.tamu.edu_30591 4	57758.613000	76263.240000	0.037000	0.000000	134021.890000	24907	0
pl1.rcc.uottawa.ca_planetlab4.tamu.edu_31221 4	60970.439000	74659.721000	0.032000	0.000000	135630.192000	24968	0
pl1.rcc.uottawa.ca_planetlab4.tamu.edu_31228 4	61013.313000	74634.438000	0.033000	0.000000	135647.784000	24969	0
pl1.rcc.uottawa.ca_planetlab4.tamu.edu_31232 4	61036.640000	74618.631000	0.036000	0.000000	135655.307000	24996	0
pl1.rcc.uottawa.ca_planetlab4.tamu.edu_31252 4	61173.924000	74534.023000	0.039000	0.000000	135707.986000	25000	0
pl1.rcc.uottawa.ca_planetlab4.tamu.edu_31258 4	61199.828000	74513.176000	0.058000	0.000000	135713.062000	25001	0
pl1.rcc.uottawa.ca_planetlab4.tamu.edu_31266 4	61220.005000	74514.408000	0.032000	0.000000	135734.445000	25002	0
pl1.rcc.uottawa.ca_planetlab4.tamu.edu_31274 4	61284.093000	74480.471000	0.033000	0.000000	135764.597000	25003	0
pl1.rcc.uottawa.ca_planetlab4.tamu.edu_31279 4	61306.861000	74463.401000	0.024000	0.000000	135770.286000	25004	0
pl1.rcc.uottawa.ca_planetlab4.tamu.edu_31284 4	61330.627000	74445.999000	0.049000	0.000000	135776.675000	25005	0
pl1.rcc.uottawa.ca_planetlab4.tamu.edu_31289 4	61349.574000	74437.257000	0.030000	0.000000	135786.861000	25006	0
pl1.rcc.uottawa.ca_planetlab4.tamu.edu_31292 4	61364.171000	74438.759000	0.025000	0.000000	135802.955000	25008	0
pl1.rcc.uottawa.ca_planetlab4.tamu.edu_31317 4	61598.428000	74277.651000	0.024000	0.000000	135876.103000	25018	0
pl1.rcc.uottawa.ca_planetlab4.tamu.edu_31325 4	61620.560000	74275.703000	0.029000	0.000000	135896.292000	25020	0
pl1.rcc.uottawa.ca_planetlab4.tamu.edu_31334 4	61684.542000	74233.618000	0.030000	0.000000	135918.190000	25022	0
pl1.rcc.uottawa.ca_planetlab4.tamu.edu_31354 4	61794.164000	74169.252000	0.022000	0.000000	135963.438000	24993	0
pl1.rcc.uottawa.ca_planetlab4.tamu.edu_31374 4	61896.018000	74110.228000	0.042000	0.000000	136006.288000	24994	0
pl1.rcc.uottawa.ca_planetlab4.tamu.edu_31438 4	62085.099000	74059.652000	0.024000	0.000000	136144.775000	25032	0
pl1.rcc.uottawa.ca_planetlab4.tamu.edu_31447 4	62112.165000	74045.523000	0.034000	0.000000	136157.722000	25035	0
pl1.rcc.uottawa.ca_planetlab4.tamu.edu_31622 4	62692.679000	73888.819000	0.029000	0.000000	136581.527000	25040	0
pl1.rcc.uottawa.ca_planetlab4.tamu.edu_31634 4	62715.654000	73893.873000	0.029000	0.000000	136609.556000	25044	0
pl1.rcc.uottawa.ca_planetlab4.tamu.edu_31664 4	62799.044000	73879.884000	0.029000	0.000000	136678.957000	25045	0
pl1.rcc.uottawa.ca_planetlab4.tamu.edu_31677 4	62822.049000	73892.751000	0.039000	0.000000	136714.839000	25046	0
pl1.rcc.uottawa.ca_planetlab4.tamu.edu_31685 4	62845.847000	73888.197000	0.040000	0.000000	136734.084000	25052	0
pl1.rcc.uottawa.ca_planetlab4.tamu.edu_31698 4	62861.930000	73913.127000	0.037000	0.000000	136775.094000	25053	0
pl1.rcc.uottawa.ca_planetlab4.tamu.edu_31737 4	62927.610000	73910.483000	0.034000	0.000000	136838.127000	25056	0
pl1.rcc.uottawa.ca_planetlab4.tamu.edu_31764 4	62984.051000	73911.839000	0.040000	0.000000	136895.930000	25064	0
pl1.rcc.uottawa.ca_planetlab4.tamu.edu_31782 4	63007.643000	73917.042000	0.028000	0.000000	136924.713000	25065	0
pl1.rcc.uottawa.ca_planetlab4.tamu.edu_31784 4	63009.187000	73921.291000	0.018000	0.000000	136930.496000	25066	0
pl1.rcc.uottawa.ca_planetlab4.tamu.edu_31825 4	63112.747000	73906.461000	0.021000	0.000000	137019.229000	25068	0
pl1.rcc.uottawa.ca_planetlab4.tamu.edu_31871 4	63273.336000	73847.696000	0.039000	0.000000	137121.071000	25076	0
pl1.rcc.uottawa.ca_planetlab4.tamu.edu_31966 4	63579.861000	73753.613000	0.035000	0.000000	137333.509000	25080	0
pl1.rcc.uottawa.ca_planetlab4.tamu.edu_32001 4	63706.606000	73720.581000	0.032000	0.000000	137427.219000	25096	0
pl1.rcc.uottawa.ca_planetlab4.tamu.edu_32172 4	64494.485000	73322.920000	0.031000	0.000000	137817.436000	25016	0
pl1.rcc.uottawa.ca_planetlab4.tamu.edu_32474 4	66646.363000	71918.959000	0.040000	0.000000	138565.362000	25088	0
pl1.rcc.uottawa.ca_planetlab4.tamu.edu_32601 4	67391.630000	71488.483000	0.028000	0.000000	138880.141000	25017	0
pl1.rcc.uottawa.ca_planetlab4.tamu.edu_32605 4	67413.602000	71477.468000	0.033000	0.000000	138891.103000	25110	0
pl1.rcc.uottawa.ca_planetlab4.tamu.edu_32612 4	67438.493000	71479.244000	0.027000	0.000000	138917.764000	25028	0
pl1.rcc.uottawa.ca_planetlab4.tamu.edu_32820 4	68481.996000	70954.196000	0.036000	0.000000	139436.228000	24923	0
planetlab1.cs.uiuc.edu_planetlab4.tamu.edu_11012 5	164287.073000	1.101000	0.052000	0.000000	164288.226000	24500	128
planetlab1.cs.uiuc.edu_planetlab4.tamu.edu_11018 5	164769.965000	0.068000	0.053000	0.000000	164770.086000	24492	128
planetlab1.cs.uiuc.edu_planetlab4.tamu.edu_11020 5	164855.241000	0.067000	0.056000	0.000000	164855.364000	24532	128
planetlab1.cs.uiuc.edu_planetlab4.tamu.edu_11027 5	165109.507000	2.497000	0.023000	0.000000	165112.027000	24512	128
planetlab1.cs.uiuc.edu_planetlab4.tamu.edu_11032 5	165323.040000	1.561000	0.047000	0.000000	165324.648000	24516	128
planetlab1.cs.uiuc.edu_planetlab4.tamu.edu_11034 5	165640.661000	1.527000	0.065000	0.000000	165642.253000	24544	128
planetlab1.cs.uiuc.edu_planetlab4.tamu.edu_11038 5	165648.358000	2.012000	0.021000	0.000000	165650.391000	24518	128
planetlab1.cs.uiuc.edu_planetlab4.tamu.edu_11037 5	165648.192000	2.235000	0.054000	0.000000	165650.481000	24545	128
planetlab1.cs.uiuc.edu_planetlab4.tamu.edu_11042 5	165865.719000	2.204000	0.034000	0.000000	165867.957000	24517	128
planetlab1.cs.uiuc.edu_planetlab4.tamu.edu_11041 5	165865.583000	2.248000	0.123000	0.000000	165867.954000	24546	128
planetlab1.cs.uiuc.edu_planetlab4.tamu.edu_11066 5	167064.942000	1.022000	0.060000	0.000000	167066.024000	24524	128
planetlab1.cs.uiuc.edu_planetlab4.tamu.edu_11068 5	167065.872000	0.072000	0.056000	0.000000	167066.000000	24557	128
planetlab1.cs.uiuc.edu_planetlab4.tamu.edu_11070 5	167125.091000	0.064000	0.048000	0.000000	167125.203000	24558	128
planetlab1.cs.uiuc.edu_planetlab4.tamu.edu_11074 5	167347.404000	2.010000	0.047000	0.000000	167349.461000	24552	128
planetlab1.cs.uiuc.edu_planetlab4.tamu.edu_11076 5	167404.872000	1.249000	0.056000	0.000000	167406.177000	24549	128
planetlab1.cs.uiuc.edu_planetlab4.tamu.edu_11078 5	167486.646000	1.642000	0.053000	0.000000	167488.341000	24565	128
planetlab1.cs.uiuc.edu_planetlab4.tamu.edu_11082 5	167489.577000	0.667000	0.362000	0.000000	167490.606000	24548	128
planetlab1.cs.uiuc.edu_planetlab4.tamu.edu_11081 5	167489.585000	1.082000	0.045000	0.000000	167490.712000	24550	128
planetlab1.cs.uiuc.edu_planetlab4.tamu.edu_11084 5	167616.693000	2.379000	0.045000	0.000000	167619.117000	24551	128
planetlab1.cs.uiuc.edu_planetlab4.tamu.edu_11086 5	167643.450000	0.724000	0.056000	0.000000	167644.230000	24564	128
planetlab1.cs.uiuc.edu_planetlab4.tamu.edu_11089 5	167806.586000	2.373000	0.055000	0.000000	167809.014000	24566	128
planetlab1.cs.uiuc.edu_planetlab4.tamu.edu_11096 5	168004.015000	0.056000	0.048000	0.000000	168004.119000	24556	128
planetlab1.cs.uiuc.edu_planetlab4.tamu.edu_11099 5	168303.971000	0.152000	0.047000	0.000000	168304.170000	24560	128
planetlab1.cs.uiuc.edu_planetlab4.tamu.edu_11110 5	168607.029000	2.277000	0.058000	0.000000	168609.364000	24572	128
planetlab1.cs.uiuc.edu_planetlab4.tamu.edu_11112 5	168665.520000	0.054000	0.043000	0.000000	168665.617000	24581	128
planetlab1.cs.uiuc.edu_planetlab4.tamu.edu_11121 5	169091.625000	1.864000	0.055000	0.000000	169093.544000	24633	128
planetlab1.cs.uiuc.edu_planetlab4.tamu.edu_11122 5	169091.496000	3.672000	0.021000	0.000000	169095.189000	24647	128
planetlab1.cs.uiuc.edu_planetlab4.tamu.edu_11124 5	169118.376000	3.425000	0.056000	0.000000	169121.857000	24641	128
planetlab1.cs.uiuc.edu_planetlab4.tamu.edu_11126 5	169257.736000	1.959000	0.056000	0.000000	169259.751000	24653	128
planetlab1.cs.uiuc.edu_planetlab4.tamu.edu_11128 5	169387.551000	0.217000	0.045000	0.000000	169387.813000	24644	128
planetlab1.cs.uiuc.edu_planetlab4.tamu.edu_11130 5	169408.752000	0.050000	0.064000	0.000000	169408.866000	24645	128
planetlab1.cs.uiuc.edu_planetlab4.tamu.edu_11132 5	169462.337000	0.055000	0.046000	0.000000	169462.438000	24661	128
