ebb.colgate.edu_nodea.howard.edu_1053 1	209.765000	1390.838000	0.013000	0.000000	1600.616000	82922	1184
planetlab2.williams.edu_nodea.howard.edu_988 3	2413.802000	0.023000	0.015000	0.000000	2413.840000	83010	1312
planetlab1.cs.purdue.edu_nodea.howard.edu_1038 1	154.719000	2406.753000	0.020000	0.000000	2561.492000	82913	2208
planetlab1.netlab.uky.edu_nodea.howard.edu_1007 2	2317.069000	378.665000	0.022000	0.000000	2695.756000	83119	1440
planetlab1.cs.purdue.edu_nodea.howard.edu_1090 1	1401.870000	1402.258000	0.021000	0.000000	2804.149000	83121	2208
planetlab2.cs.uoregon.edu_nodea.howard.edu_734 1	862.027000	1952.939000	0.035000	0.000000	2815.001000	83005	3104
planetlab2.williams.edu_nodea.howard.edu_1039 3	2874.636000	0.114000	0.019000	0.000000	2874.769000	83185	1312
planetlab2.cs.uoregon.edu_nodea.howard.edu_747 1	1462.320000	1430.924000	0.027000	0.000000	2893.271000	83106	3104
planetlab2.williams.edu_nodea.howard.edu_1043 3	2933.352000	0.068000	0.017000	0.000000	2933.437000	83202	1312
planetlab2.cs.uoregon.edu_nodea.howard.edu_753 1	1804.371000	1142.035000	0.026000	0.000000	2946.432000	83159	3104
planetlab2.williams.edu_nodea.howard.edu_1063 3	3301.132000	0.051000	0.017000	0.000000	3301.200000	83264	1312
planetlab2.williams.edu_nodea.howard.edu_1067 3	3343.273000	0.025000	0.017000	0.000000	3343.315000	83266	1312
planetlab2.williams.edu_nodea.howard.edu_1069 3	3346.835000	0.020000	0.011000	0.000000	3346.866000	83267	1312
planetlab2.williams.edu_nodea.howard.edu_1073 3	3351.971000	0.020000	0.012000	0.000000	3352.003000	83270	1312
planetlab2.williams.edu_nodea.howard.edu_1078 3	3381.273000	0.050000	0.016000	0.000000	3381.339000	83274	1312
planetlab2.williams.edu_nodea.howard.edu_1082 3	3416.985000	0.023000	0.015000	0.000000	3417.023000	83282	1312
planetlab2.cs.uoregon.edu_nodea.howard.edu_767 1	3448.798000	0.278000	0.030000	0.000000	3449.106000	83433	3104
planetlab2.williams.edu_nodea.howard.edu_1094 3	3516.682000	0.049000	0.013000	0.000000	3516.744000	83298	1312
ebb.colgate.edu_nodea.howard.edu_1339 1	2582.087000	962.122000	0.012000	0.000000	3544.221000	83317	1184
planetlab1.cs.purdue.edu_nodea.howard.edu_1300 1	3648.793000	303.182000	0.024000	0.000000	3951.999000	83495	2208
planetlab2.cs.uoregon.edu_nodea.howard.edu_772 1	3952.179000	0.372000	0.042000	0.000000	3952.593000	83521	3104
planetlab2.williams.edu_nodea.howard.edu_1170 3	4173.288000	0.023000	0.016000	0.000000	4173.327000	83394	1312
planetlab1.cs.cornell.edu_nodea.howard.edu_1805 4	4458.887000	0.168000	0.031000	0.000000	4459.086000	83492	1280
planetlab-3.cmcl.cs.cmu.edu_nodea.howard.edu_1272 3	4811.884000	0.174000	0.044000	0.000000	4812.102000	83047	1568
planetlab-3.cmcl.cs.cmu.edu_nodea.howard.edu_1312 3	5101.873000	0.060000	0.041000	0.000000	5101.974000	83244	1568
planetlab-3.cmcl.cs.cmu.edu_nodea.howard.edu_1320 3	5210.237000	0.178000	0.041000	0.000000	5210.456000	83289	1568
planetlab-3.cmcl.cs.cmu.edu_nodea.howard.edu_1332 3	5313.094000	0.086000	0.041000	0.000000	5313.221000	83379	1568
planetlab2.acis.ufl.edu_nodea.howard.edu_2175 2	1630.754000	4169.602000	0.020000	0.000000	5800.376000	82897	1056
planetlab2.acis.ufl.edu_nodea.howard.edu_2177 2	1631.307000	4177.819000	0.014000	0.000000	5809.140000	82899	1056
planetlab2.acis.ufl.edu_nodea.howard.edu_2179 2	1635.359000	4175.657000	0.021000	0.000000	5811.037000	82898	1056
planetlab2.acis.ufl.edu_nodea.howard.edu_2188 2	1666.638000	4175.040000	0.017000	0.000000	5841.695000	82903	1056
planetlab2.acis.ufl.edu_nodea.howard.edu_2195 2	1680.137000	4185.206000	0.017000	0.000000	5865.360000	82907	1056
planetlab2.acis.ufl.edu_nodea.howard.edu_2212 2	1702.798000	4223.298000	0.023000	0.000000	5926.119000	82925	1056
planetlab2.acis.ufl.edu_nodea.howard.edu_2216 2	1722.260000	4206.368000	0.018000	0.000000	5928.646000	82931	1056
planetlab2.acis.ufl.edu_nodea.howard.edu_2246 2	1784.881000	4256.372000	0.023000	0.000000	6041.276000	82958	1056
planetlab2.acis.ufl.edu_nodea.howard.edu_2252 2	1803.685000	4265.418000	0.014000	0.000000	6069.117000	82968	1056
planetlab2.acis.ufl.edu_nodea.howard.edu_2320 2	1990.521000	4385.848000	0.016000	0.000000	6376.385000	83067	1056
planetlab2.acis.ufl.edu_nodea.howard.edu_2341 2	2080.435000	4411.421000	0.026000	0.000000	6491.882000	83080	1056
planetlab2.acis.ufl.edu_nodea.howard.edu_2351 2	2107.187000	4417.044000	0.017000	0.000000	6524.248000	83088	1056
planetlab2.cs.colorado.edu_nodea.howard.edu_1286 2	2885.255000	3660.216000	0.025000	0.000000	6545.496000	83102	2272
planetlab2.acis.ufl.edu_nodea.howard.edu_2365 2	2142.729000	4452.969000	0.022000	0.000000	6595.720000	83096	1056
planetlab2.acis.ufl.edu_nodea.howard.edu_2376 2	2170.320000	4488.802000	0.016000	0.000000	6659.138000	83097	1056
planetlab2.acis.ufl.edu_nodea.howard.edu_2382 2	2183.340000	4490.983000	0.015000	0.000000	6674.338000	83098	1056
planetlab2.acis.ufl.edu_nodea.howard.edu_2385 2	2203.807000	4474.320000	0.022000	0.000000	6678.149000	83100	1056
planetlab2.acis.ufl.edu_nodea.howard.edu_2448 2	2395.916000	4527.363000	0.018000	0.000000	6923.297000	83128	1056
planetlab2.acis.ufl.edu_nodea.howard.edu_2535 2	2679.859000	4696.738000	0.023000	0.000000	7376.620000	83160	1056
planetlab4.rutgers.edu_nodea.howard.edu_4370 3	6248.572000	1179.094000	0.016000	0.000000	7427.682000	83021	1024
planetlab2.acis.ufl.edu_nodea.howard.edu_2576 2	2744.049000	4798.288000	0.021000	0.000000	7542.358000	83172	1056
planetlab2.acis.ufl.edu_nodea.howard.edu_2702 2	3135.092000	4853.893000	0.021000	0.000000	7989.006000	83243	1056
planetlab2.acis.ufl.edu_nodea.howard.edu_2712 2	3166.666000	4854.909000	0.021000	0.000000	8021.596000	83248	1056
planetlab2.mnlab.cti.depaul.edu_nodea.howard.edu_1641 2	1743.451000	6637.245000	0.012000	0.000000	8380.708000	82963	1152
planetlab2.acis.ufl.edu_nodea.howard.edu_2936 2	3916.695000	4975.599000	0.058000	0.000000	8892.352000	83352	1056
planetlab2.acis.ufl.edu_nodea.howard.edu_3045 2	4340.598000	4973.312000	0.017000	0.000000	9313.927000	83464	1056
planetlab2.acis.ufl.edu_nodea.howard.edu_3042 2	4339.359000	4974.613000	0.023000	0.000000	9313.995000	83463	1056
planetlab4.rutgers.edu_nodea.howard.edu_5009 3	7737.532000	1600.786000	0.021000	0.000000	9338.339000	83198	1024
planetlab2.acis.ufl.edu_nodea.howard.edu_3048 2	4358.975000	4981.341000	0.019000	0.000000	9340.335000	83472	1056
planetlab2.acis.ufl.edu_nodea.howard.edu_3052 2	4355.839000	4991.080000	0.015000	0.000000	9346.934000	83480	1056
planetlab2.acis.ufl.edu_nodea.howard.edu_3054 2	4385.048000	4961.889000	0.023000	0.000000	9346.960000	83481	1056
planetlab2.acis.ufl.edu_nodea.howard.edu_3057 2	4390.859000	4956.097000	0.021000	0.000000	9346.977000	83482	1056
planetlab2.acis.ufl.edu_nodea.howard.edu_3064 2	4401.289000	4969.656000	0.022000	0.000000	9370.967000	83484	1056
planetlab2.acis.ufl.edu_nodea.howard.edu_3071 2	4418.804000	4960.208000	0.020000	0.000000	9379.032000	83499	1056
planetlab2.acis.ufl.edu_nodea.howard.edu_3085 2	4463.588000	4950.911000	0.017000	0.000000	9414.516000	83512	1056
planetlab4.rutgers.edu_nodea.howard.edu_5296 3	8636.599000	1711.425000	0.022000	0.000000	10348.046000	83326	1024
planetlab4.rutgers.edu_nodea.howard.edu_5447 3	9189.931000	1488.560000	0.027000	0.000000	10678.518000	83390	1024
planetlab4.rutgers.edu_nodea.howard.edu_5465 3	9220.422000	1500.803000	0.020000	0.000000	10721.245000	83422	1024
planetlab4.rutgers.edu_nodea.howard.edu_5470 3	9227.620000	1505.914000	0.019000	0.000000	10733.553000	83438	1024
plonk.cs.uwaterloo.ca_nodea.howard.edu_1525 3	10792.083000	0.317000	0.021000	0.000000	10792.421000	82923	800
planetlab4.rutgers.edu_nodea.howard.edu_5500 3	9299.735000	1554.417000	0.034000	0.000000	10854.186000	83446	1024
planetlab4.rutgers.edu_nodea.howard.edu_5502 3	9300.653000	1556.975000	0.023000	0.000000	10857.651000	83450	1024
planetlab4.rutgers.edu_nodea.howard.edu_5511 3	9322.657000	1558.885000	0.036000	0.000000	10881.578000	83452	1024
planetlab4.rutgers.edu_nodea.howard.edu_5513 3	9326.711000	1564.267000	0.020000	0.000000	10890.998000	83454	1024
planetlab4.rutgers.edu_nodea.howard.edu_5515 3	9326.933000	1568.683000	0.014000	0.000000	10895.630000	83455	1024
plonk.cs.uwaterloo.ca_nodea.howard.edu_1547 3	11444.088000	0.373000	0.039000	0.000000	11444.500000	83104	800
plonk.cs.uwaterloo.ca_nodea.howard.edu_1605 3	13297.147000	0.516000	0.034000	0.000000	13297.697000	83316	800
plonk.cs.uwaterloo.ca_nodea.howard.edu_1622 3	13662.585000	0.240000	0.028000	0.000000	13662.853000	83358	800
pl2.cs.unm.edu_nodea.howard.edu_2203 3	6234.194000	7808.941000	0.020000	0.000000	14043.155000	82977	1120
pl2.cs.unm.edu_nodea.howard.edu_2217 3	6395.927000	7723.440000	0.019000	0.000000	14119.386000	83028	1120
plonk.cs.uwaterloo.ca_nodea.howard.edu_1728 3	14411.346000	44.935000	0.034000	0.000000	14456.315000	83435	800
pl2.cs.unm.edu_nodea.howard.edu_2280 3	7356.203000	7219.429000	0.023000	0.000000	14575.655000	83147	1120
pl2.cs.unm.edu_nodea.howard.edu_2347 3	8108.060000	6948.665000	0.062000	0.000000	15056.787000	83231	1120
planetlab03.cs.washington.edu_nodea.howard.edu_3164 2	5117.156000	19911.322000	0.025000	0.000000	25028.503000	82933	320
planetlab6.cs.cornell.edu_nodea.howard.edu_5525 3	25350.669000	0.130000	0.028000	0.000000	25350.827000	82956	352
planetlab6.cs.cornell.edu_nodea.howard.edu_5574 3	30078.822000	0.344000	0.059000	0.000000	30079.225000	83091	352
planetlab1.cs.pitt.edu_nodea.howard.edu_4090 4	31280.205000	0.024000	0.025000	0.000000	31280.254000	83156	384
planetlab5.csee.usf.edu_nodea.howard.edu_4416 3	31638.146000	0.181000	0.025000	0.000000	31638.352000	83069	608
planetlab6.cs.cornell.edu_nodea.howard.edu_5598 3	31646.552000	0.319000	0.030000	0.000000	31646.901000	83174	352
planetlab2.netlab.uky.edu_nodea.howard.edu_7126 4	31797.910000	0.204000	0.036000	0.000000	31798.150000	82917	544
planetlab1.rutgers.edu_nodea.howard.edu_8617 3	27263.167000	4682.005000	0.047000	0.000000	31945.219000	82972	512
planetlab2.netlab.uky.edu_nodea.howard.edu_7150 4	32148.762000	0.126000	0.026000	0.000000	32148.914000	82993	544
planetlab2.netlab.uky.edu_nodea.howard.edu_7160 4	32187.933000	0.309000	0.027000	0.000000	32188.269000	83012	544
planetlab2.netlab.uky.edu_nodea.howard.edu_7171 4	32232.050000	0.375000	0.039000	0.000000	32232.464000	83026	544
planetlab2.netlab.uky.edu_nodea.howard.edu_7224 4	32695.758000	0.503000	0.045000	0.000000	32696.306000	83090	544
planetlab2.netlab.uky.edu_nodea.howard.edu_7256 4	34031.861000	0.168000	0.030000	0.000000	34032.059000	83118	544
planetlab5.eecs.umich.edu_nodea.howard.edu_4427 5	34571.152000	0.077000	0.038000	0.000000	34571.267000	83378	416
planetlab5.csee.usf.edu_nodea.howard.edu_4431 3	34792.918000	0.109000	0.042000	0.000000	34793.069000	83133	608
planetlab6.cs.cornell.edu_nodea.howard.edu_5634 3	34911.203000	0.038000	0.043000	0.000000	34911.284000	83416	352
planetlab2.netlab.uky.edu_nodea.howard.edu_7283 4	35227.156000	0.098000	0.035000	0.000000	35227.289000	83138	544
planetlab2.netlab.uky.edu_nodea.howard.edu_7299 4	35543.640000	0.295000	0.033000	0.000000	35543.968000	83152	544
planetlab05.cs.washington.edu_nodea.howard.edu_1459 6	35591.443000	0.033000	0.041000	0.000000	35591.517000	83457	432
planetlab2.netlab.uky.edu_nodea.howard.edu_7305 4	35682.868000	0.465000	0.049000	0.000000	35683.382000	83154	544
planetlab2.netlab.uky.edu_nodea.howard.edu_7313 4	35828.498000	0.285000	0.028000	0.000000	35828.811000	83155	544
planetlab2.netlab.uky.edu_nodea.howard.edu_7317 4	36013.372000	0.137000	0.023000	0.000000	36013.532000	83158	544
planetlab2.netlab.uky.edu_nodea.howard.edu_7329 4	36279.199000	0.133000	0.026000	0.000000	36279.358000	83162	544
planetlab5.csee.usf.edu_nodea.howard.edu_4439 3	36437.119000	0.119000	0.029000	0.000000	36437.267000	83165	608
planetlab5.csee.usf.edu_nodea.howard.edu_4443 3	36924.092000	0.382000	0.024000	0.000000	36924.498000	83181	608
planetlab2.netlab.uky.edu_nodea.howard.edu_7346 4	37198.825000	0.164000	0.035000	0.000000	37199.024000	83186	544
planetlab5.csee.usf.edu_nodea.howard.edu_4445 3	37269.142000	0.141000	0.032000	0.000000	37269.315000	83189	608
planetlab5.csee.usf.edu_nodea.howard.edu_4449 3	37369.260000	0.112000	0.019000	0.000000	37369.391000	83193	608
planetlab5.csee.usf.edu_nodea.howard.edu_4451 3	37648.470000	0.169000	0.033000	0.000000	37648.672000	83196	608
planet2.cs.rochester.edu_nodea.howard.edu_2798 5	37722.470000	0.026000	0.021000	0.000000	37722.517000	82900	672
planet2.cs.rochester.edu_nodea.howard.edu_2800 5	37745.507000	0.021000	0.016000	0.000000	37745.544000	82904	672
planetlab5.csee.usf.edu_nodea.howard.edu_4453 3	37754.091000	0.088000	0.020000	0.000000	37754.199000	83197	608
planetlab5.csee.usf.edu_nodea.howard.edu_4455 3	37772.417000	0.047000	0.013000	0.000000	37772.477000	83199	608
planet2.cs.rochester.edu_nodea.howard.edu_2802 5	37786.335000	0.187000	0.016000	0.000000	37786.538000	82909	672
planet2.cs.rochester.edu_nodea.howard.edu_2804 5	37799.917000	0.101000	0.019000	0.000000	37800.037000	82908	672
planet2.cs.rochester.edu_nodea.howard.edu_2806 5	37825.832000	0.021000	0.015000	0.000000	37825.868000	82910	672
planet2.cs.rochester.edu_nodea.howard.edu_2808 5	37881.843000	0.023000	0.016000	0.000000	37881.882000	82940	672
mtuplanetlab2.cs.mtu.edu_nodea.howard.edu_3238 4	38932.909000	0.205000	0.034000	0.000000	38933.148000	83216	736
planetlab1.rutgers.edu_nodea.howard.edu_8957 3	39167.282000	0.051000	0.070000	0.000000	39167.403000	83234	512
plab4.eece.ksu.edu_nodea.howard.edu_3071 2	2649.271000	37240.490000	0.013000	0.000000	39889.774000	82911	2080
plab4.eece.ksu.edu_nodea.howard.edu_3073 2	2657.188000	37237.489000	0.010000	0.000000	39894.687000	82927	2080
plab4.eece.ksu.edu_nodea.howard.edu_3074 2	2669.571000	37231.506000	0.010000	0.000000	39901.087000	82935	2080
plab4.eece.ksu.edu_nodea.howard.edu_3077 2	2679.430000	37255.871000	0.011000	0.000000	39935.312000	82939	2080
plab4.eece.ksu.edu_nodea.howard.edu_3078 2	2683.173000	37254.190000	0.010000	0.000000	39937.373000	82941	2080
plab4.eece.ksu.edu_nodea.howard.edu_3079 2	2694.765000	37253.546000	0.011000	0.000000	39948.322000	82942	2080
plab4.eece.ksu.edu_nodea.howard.edu_3081 2	2704.456000	37264.434000	0.011000	0.000000	39968.901000	82943	2080
planetlab2.eecs.umich.edu_nodea.howard.edu_8636 3	40105.513000	2.509000	0.090000	0.000000	40108.112000	83014	2048
planet2.cs.rochester.edu_nodea.howard.edu_2816 5	40280.801000	0.026000	0.022000	0.000000	40280.849000	83263	672
plab4.eece.ksu.edu_nodea.howard.edu_3137 2	2815.898000	37523.716000	0.011000	0.000000	40339.625000	83036	2080
planetlab4.tamu.edu_nodea.howard.edu_1182 4	40420.757000	0.215000	0.046000	0.000000	40421.018000	83278	624
plab4.eece.ksu.edu_nodea.howard.edu_3140 2	2932.464000	37564.599000	0.012000	0.000000	40497.075000	83183	2080
planetlab-01.ece.uprm.edu_nodea.howard.edu_3320 3	40510.957000	0.107000	0.055000	0.000000	40511.119000	83059	2144
planetlab2.eecs.umich.edu_nodea.howard.edu_8675 3	40484.849000	32.493000	0.089000	0.000000	40517.431000	83116	2048
plab4.eece.ksu.edu_nodea.howard.edu_3141 2	2952.993000	37565.521000	0.010000	0.000000	40518.524000	83188	2080
plab4.eece.ksu.edu_nodea.howard.edu_3144 2	2979.146000	37553.568000	0.011000	0.000000	40532.725000	83228	2080
plab4.eece.ksu.edu_nodea.howard.edu_3145 2	2979.724000	37574.178000	0.011000	0.000000	40553.913000	83232	2080
planetlab1.rutgers.edu_nodea.howard.edu_8986 3	40558.229000	0.055000	0.046000	0.000000	40558.330000	83287	512
planetlab-01.ece.uprm.edu_nodea.howard.edu_3324 3	40594.939000	0.275000	0.065000	0.000000	40595.279000	83136	2144
planetlab2.eecs.umich.edu_nodea.howard.edu_8686 3	40555.625000	57.390000	0.066000	0.000000	40613.081000	83161	2048
plab4.eece.ksu.edu_nodea.howard.edu_3151 2	3026.497000	37597.220000	0.010000	0.000000	40623.727000	83276	2080
plab4.eece.ksu.edu_nodea.howard.edu_3152 2	3047.527000	37580.757000	0.010000	0.000000	40628.294000	83284	2080
plab4.eece.ksu.edu_nodea.howard.edu_3153 2	3050.707000	37582.466000	0.010000	0.000000	40633.183000	83288	2080
plab4.eece.ksu.edu_nodea.howard.edu_3155 2	3069.637000	37580.106000	0.012000	0.000000	40649.755000	83292	2080
plab4.eece.ksu.edu_nodea.howard.edu_3156 2	3072.662000	37586.915000	0.012000	0.000000	40659.589000	83293	2080
plab4.eece.ksu.edu_nodea.howard.edu_3157 2	3074.621000	37589.738000	0.009000	0.000000	40664.368000	83294	2080
planetlab-01.ece.uprm.edu_nodea.howard.edu_3326 3	40723.694000	0.135000	0.044000	0.000000	40723.873000	83251	2144
planetlab-01.ece.uprm.edu_nodea.howard.edu_3329 3	40776.635000	0.057000	0.048000	0.000000	40776.740000	83283	2144
planetlab-2.cmcl.cs.cmu.edu_nodea.howard.edu_2427 5	40800.931000	0.381000	0.081000	0.000000	40801.393000	83297	560
planetlab-01.ece.uprm.edu_nodea.howard.edu_3331 3	40818.722000	0.475000	0.050000	0.000000	40819.247000	83299	2144
plab4.eece.ksu.edu_nodea.howard.edu_3163 2	3259.161000	37624.676000	0.013000	0.000000	40883.850000	83324	2080
planetlab2.netlab.uky.edu_nodea.howard.edu_7385 4	40928.529000	0.024000	0.018000	0.000000	40928.571000	83322	544
planetlab-01.ece.uprm.edu_nodea.howard.edu_3334 3	40933.855000	0.551000	0.047000	0.000000	40934.453000	83313	2144
planetlab-01.ece.uprm.edu_nodea.howard.edu_3338 3	40942.979000	8.141000	0.026000	0.000000	40951.146000	83315	2144
planetlab-01.ece.uprm.edu_nodea.howard.edu_3337 3	40949.478000	1.830000	0.078000	0.000000	40951.386000	83314	2144
planetlab-01.ece.uprm.edu_nodea.howard.edu_3340 3	40974.982000	0.642000	0.048000	0.000000	40975.672000	83319	2144
planetlab-01.ece.uprm.edu_nodea.howard.edu_3343 3	41015.825000	0.421000	0.059000	0.000000	41016.305000	83323	2144
planetlab2.eecs.umich.edu_nodea.howard.edu_8775 3	41599.680000	4.112000	0.078000	0.000000	41603.870000	83346	2048
plab4.eece.ksu.edu_nodea.howard.edu_3301 2	3700.236000	38121.036000	0.012000	0.000000	41821.284000	83391	2080
plab4.eece.ksu.edu_nodea.howard.edu_3304 2	3723.353000	38118.370000	0.014000	0.000000	41841.737000	83402	2080
plab4.eece.ksu.edu_nodea.howard.edu_3311 2	3846.388000	38117.067000	0.015000	0.000000	41963.470000	83420	2080
planetlab1.rutgers.edu_nodea.howard.edu_9017 3	41964.383000	2.241000	0.051000	0.000000	41966.675000	83400	512
planetlab2.netlab.uky.edu_nodea.howard.edu_7398 4	42188.538000	0.033000	0.039000	0.000000	42188.610000	83410	544
plab4.eece.ksu.edu_nodea.howard.edu_3322 2	4032.711000	38178.415000	0.012000	0.000000	42211.138000	83468	2080
plab4.eece.ksu.edu_nodea.howard.edu_3324 2	4039.094000	38183.298000	0.013000	0.000000	42222.405000	83488	2080
planetlab2.eecs.umich.edu_nodea.howard.edu_8857 3	42303.337000	2.558000	0.076000	0.000000	42305.971000	83514	2048
planetlab-01.ece.uprm.edu_nodea.howard.edu_3372 3	42326.952000	0.240000	0.043000	0.000000	42327.235000	83443	2144
planetlab5.williams.edu_nodea.howard.edu_3664 4	42408.843000	0.031000	0.029000	0.000000	42408.903000	83477	2112
planetlab5.csee.usf.edu_nodea.howard.edu_4487 3	42656.757000	0.169000	0.064000	0.000000	42656.990000	83453	608
planetlab2.netlab.uky.edu_nodea.howard.edu_7411 4	42807.882000	0.080000	0.036000	0.000000	42807.998000	83460	544
planetlab2.netlab.uky.edu_nodea.howard.edu_7413 4	42814.867000	0.475000	0.143000	0.000000	42815.485000	83473	544
planetlab2.netlab.uky.edu_nodea.howard.edu_7418 4	42961.639000	0.038000	0.035000	0.000000	42961.712000	83489	544
planetlab2.netlab.uky.edu_nodea.howard.edu_7421 4	43144.473000	0.164000	0.044000	0.000000	43144.681000	83502	544
planetlab2.netlab.uky.edu_nodea.howard.edu_7423 4	43154.748000	0.235000	0.129000	0.000000	43155.112000	83505	544
planetlab2.netlab.uky.edu_nodea.howard.edu_7425 4	43156.064000	0.835000	0.030000	0.000000	43156.929000	83504	544
planetlab2.netlab.uky.edu_nodea.howard.edu_7428 4	43277.101000	0.145000	0.036000	0.000000	43277.282000	83507	544
planetlab2.netlab.uky.edu_nodea.howard.edu_7434 4	43292.475000	0.588000	0.015000	0.000000	43293.078000	83513	544
planetlab2.netlab.uky.edu_nodea.howard.edu_7435 4	43292.416000	0.633000	0.010000	0.000000	43293.059000	83520	544
planetlab2.netlab.uky.edu_nodea.howard.edu_7431 4	43292.594000	0.659000	0.019000	0.000000	43293.272000	83509	544
earth.cs.brown.edu_nodea.howard.edu_12652 4	46415.045000	0.033000	0.031000	0.000000	46415.109000	82902	96
earth.cs.brown.edu_nodea.howard.edu_12656 4	46466.110000	0.028000	0.031000	0.000000	46466.169000	82905	96
earth.cs.brown.edu_nodea.howard.edu_12672 4	47068.281000	0.033000	0.036000	0.000000	47068.350000	82921	96
planetlab2.cs.columbia.edu_nodea.howard.edu_3683 5	47610.077000	1.096000	0.094000	0.000000	47611.267000	82938	112
earth.cs.brown.edu_nodea.howard.edu_12707 4	47736.876000	0.125000	0.023000	0.000000	47737.024000	82946	96
planetlab2.cs.columbia.edu_nodea.howard.edu_3690 5	48310.303000	5.135000	0.098000	0.000000	48315.536000	82969	112
planetlab2.umassd.edu_nodea.howard.edu_10120 3	25912.546000	22739.662000	0.058000	0.000000	48652.266000	82991	64
planetlab2.umassd.edu_nodea.howard.edu_10210 3	26529.848000	22569.674000	0.018000	0.000000	49099.540000	83034	64
earth.cs.brown.edu_nodea.howard.edu_12819 4	52235.606000	0.037000	0.039000	0.000000	52235.682000	83114	96
planetlab2.umassd.edu_nodea.howard.edu_10748 3	30539.993000	21736.416000	0.019000	0.000000	52276.428000	83120	64
earth.cs.brown.edu_nodea.howard.edu_12840 4	53382.337000	0.142000	0.023000	0.000000	53382.502000	83242	96
earth.cs.brown.edu_nodea.howard.edu_12847 4	53502.658000	0.029000	0.032000	0.000000	53502.719000	83260	96
earth.cs.brown.edu_nodea.howard.edu_12851 4	53600.544000	0.038000	0.053000	0.000000	53600.635000	83273	96
planetlab2.umassd.edu_nodea.howard.edu_11113 3	33457.684000	20511.452000	0.023000	0.000000	53969.159000	83300	64
earth.cs.brown.edu_nodea.howard.edu_12873 4	55065.223000	0.079000	0.033000	0.000000	55065.335000	83338	96
planetlab5.cs.uiuc.edu_nodea.howard.edu_833 3	3389.632000	52281.247000	0.011000	0.000000	55670.890000	82960	2336
planetlab5.cs.uiuc.edu_nodea.howard.edu_834 3	3394.916000	52274.988000	0.009000	0.000000	55669.913000	83045	2336
planetlab5.cs.uiuc.edu_nodea.howard.edu_835 3	3397.828000	52274.273000	0.009000	0.000000	55672.110000	83194	2336
planetlab5.cs.uiuc.edu_nodea.howard.edu_836 3	3408.078000	52271.571000	0.011000	0.000000	55679.660000	83246	2336
earth.cs.brown.edu_nodea.howard.edu_12887 4	55803.593000	0.235000	0.039000	0.000000	55803.867000	83362	96
earth.cs.brown.edu_nodea.howard.edu_12895 4	55876.417000	0.267000	0.027000	0.000000	55876.711000	83368	96
earth.cs.brown.edu_nodea.howard.edu_12901 4	55950.849000	0.031000	0.033000	0.000000	55950.913000	83370	96
earth.cs.brown.edu_nodea.howard.edu_12903 4	55953.595000	0.346000	0.028000	0.000000	55953.969000	83371	96
earth.cs.brown.edu_nodea.howard.edu_12908 4	56074.427000	0.189000	0.035000	0.000000	56074.651000	83374	96
earth.cs.brown.edu_nodea.howard.edu_12916 4	56248.349000	0.837000	0.034000	0.000000	56249.220000	83386	96
earth.cs.brown.edu_nodea.howard.edu_12923 4	56552.999000	0.031000	0.033000	0.000000	56553.063000	83414	96
earth.cs.brown.edu_nodea.howard.edu_12926 4	56819.906000	0.163000	0.030000	0.000000	56820.099000	83434	96
earth.cs.brown.edu_nodea.howard.edu_12930 4	56995.020000	0.166000	0.059000	0.000000	56995.245000	83456	96
earth.cs.brown.edu_nodea.howard.edu_12932 4	57001.451000	0.046000	0.020000	0.000000	57001.517000	83458	96
earth.cs.brown.edu_nodea.howard.edu_12934 4	57016.791000	0.030000	0.028000	0.000000	57016.849000	83459	96
earth.cs.brown.edu_nodea.howard.edu_12936 4	57023.979000	0.025000	0.019000	0.000000	57024.023000	83462	96
earth.cs.brown.edu_nodea.howard.edu_12938 4	57072.122000	0.162000	0.030000	0.000000	57072.314000	83466	96
earth.cs.brown.edu_nodea.howard.edu_12942 4	57114.613000	0.026000	0.024000	0.000000	57114.663000	83474	96
earth.cs.brown.edu_nodea.howard.edu_12944 4	57201.247000	0.238000	0.038000	0.000000	57201.523000	83490	96
earth.cs.brown.edu_nodea.howard.edu_12948 4	57359.722000	0.142000	0.035000	0.000000	57359.899000	83516	96
earth.cs.brown.edu_nodea.howard.edu_12951 4	57375.529000	0.161000	0.030000	0.000000	57375.720000	83522	96
planetlab1.cs.uoregon.edu_nodea.howard.edu_8885 3	24679.937000	38912.412000	0.030000	0.000000	63592.379000	82906	256
planetlab2.cs.pitt.edu_nodea.howard.edu_2764 5	63743.262000	0.022000	0.018000	0.000000	63743.302000	82924	304
planetlab6.cs.duke.edu_nodea.howard.edu_7328 4	64016.739000	0.101000	0.053000	0.000000	64016.893000	82975	288
planetlab6.cs.duke.edu_nodea.howard.edu_7330 4	64067.485000	0.443000	0.096000	0.000000	64068.024000	82979	288
planetlab1.cs.uoregon.edu_nodea.howard.edu_8960 3	26062.791000	38254.596000	0.053000	0.000000	64317.440000	83001	256
planetlab6.cs.duke.edu_nodea.howard.edu_7343 4	64574.269000	0.363000	0.038000	0.000000	64574.670000	83023	288
planetlab6.cs.duke.edu_nodea.howard.edu_7349 4	64609.082000	0.068000	0.033000	0.000000	64609.183000	83031	288
planetlab6.cs.duke.edu_nodea.howard.edu_7357 4	64678.337000	0.068000	0.035000	0.000000	64678.440000	83035	288
planetlab6.cs.duke.edu_nodea.howard.edu_7361 4	64700.074000	0.301000	0.017000	0.000000	64700.392000	83037	288
planetlab6.cs.duke.edu_nodea.howard.edu_7363 4	64702.108000	0.883000	0.019000	0.000000	64703.010000	83038	288
planetlab6.cs.duke.edu_nodea.howard.edu_7365 4	64730.156000	0.213000	0.042000	0.000000	64730.411000	83039	288
planetlab6.cs.duke.edu_nodea.howard.edu_7390 4	65144.639000	0.280000	0.033000	0.000000	65144.952000	83071	288
vn4.cse.wustl.edu_nodea.howard.edu_5470 4	65380.254000	0.039000	0.032000	0.000000	65380.325000	83082	272
planetlab6.cs.duke.edu_nodea.howard.edu_7411 4	65699.063000	0.041000	0.029000	0.000000	65699.133000	83132	288
planetlab6.cs.duke.edu_nodea.howard.edu_7415 4	65873.835000	0.032000	0.029000	0.000000	65873.896000	83145	288
planetlab6.cs.duke.edu_nodea.howard.edu_7425 4	66124.952000	0.089000	0.032000	0.000000	66125.073000	83167	288
planetlab1.cs.uoregon.edu_nodea.howard.edu_9233 3	32670.732000	34204.166000	0.033000	0.000000	66874.931000	83225	256
planetlab1.cs.uoregon.edu_nodea.howard.edu_9248 3	32849.050000	34192.339000	0.033000	0.000000	67041.422000	83241	256
planetlab1.cs.uoregon.edu_nodea.howard.edu_9256 3	32876.375000	34228.456000	0.056000	0.000000	67104.887000	83249	256
planetlab1.cs.uoregon.edu_nodea.howard.edu_9260 3	32981.860000	34192.407000	0.037000	0.000000	67174.304000	83256	256
planetlab1.cs.uoregon.edu_nodea.howard.edu_9263 3	33004.576000	34189.125000	0.017000	0.000000	67193.718000	83257	256
planetlab1.cs.uoregon.edu_nodea.howard.edu_9268 3	33023.029000	34190.382000	0.042000	0.000000	67213.453000	83259	256
planetlab1.cs.uoregon.edu_nodea.howard.edu_9271 3	33085.708000	34185.575000	0.055000	0.000000	67271.338000	83261	256
planetlab6.cs.duke.edu_nodea.howard.edu_7541 4	67489.828000	0.117000	0.031000	0.000000	67489.976000	83295	288
planetlab1.cs.uoregon.edu_nodea.howard.edu_9304 3	33750.281000	33827.995000	0.038000	0.000000	67578.314000	83321	256
planetlab1.cs.uoregon.edu_nodea.howard.edu_9336 3	34567.995000	33358.770000	0.057000	0.000000	67926.822000	83385	256
planetlab2.cs.pitt.edu_nodea.howard.edu_2871 5	68242.985000	0.135000	0.033000	0.000000	68243.153000	83436	304
planetlab6.cs.duke.edu_nodea.howard.edu_7606 4	68277.627000	0.586000	0.040000	0.000000	68278.253000	83447	288
planetlab6.cs.duke.edu_nodea.howard.edu_7614 4	68534.722000	0.286000	0.036000	0.000000	68535.044000	83471	288
planetlab6.cs.duke.edu_nodea.howard.edu_7619 4	68666.279000	0.331000	0.034000	0.000000	68666.644000	83479	288
planetlab6.cs.duke.edu_nodea.howard.edu_7621 4	68731.823000	0.246000	0.033000	0.000000	68732.102000	83483	288
planetlab6.cs.duke.edu_nodea.howard.edu_7623 4	68752.278000	0.382000	0.029000	0.000000	68752.689000	83485	288
planetlab6.cs.duke.edu_nodea.howard.edu_7625 4	68777.044000	0.039000	0.026000	0.000000	68777.109000	83487	288
planetlab6.cs.duke.edu_nodea.howard.edu_7627 4	68822.335000	0.160000	0.028000	0.000000	68822.523000	83486	288
planetlab6.cs.duke.edu_nodea.howard.edu_7632 4	68930.453000	0.096000	0.023000	0.000000	68930.572000	83498	288
planetlab6.cs.duke.edu_nodea.howard.edu_7651 4	69234.009000	0.078000	0.025000	0.000000	69234.112000	83519	288
pl2.eecs.utk.edu_nodea.howard.edu_7296 5	74563.963000	0.649000	0.041000	0.000000	74564.653000	83015	224
pl2.eecs.utk.edu_nodea.howard.edu_7302 5	75258.488000	0.035000	0.037000	0.000000	75258.560000	83515	224
planetlab4.cs.uiuc.edu_nodea.howard.edu_334 2	3832.304000	85967.920000	0.015000	0.000000	89800.239000	83430	2720
planetlabpc2.upf.edu_nodea.howard.edu_2007 3	90084.414000	243.814000	0.091000	0.000000	90328.319000	82947	2592
planetlabpc2.upf.edu_nodea.howard.edu_2008 3	90084.221000	244.145000	0.018000	0.000000	90328.384000	82953	2592
planetlabpc2.upf.edu_nodea.howard.edu_2009 3	90088.289000	445.358000	0.023000	0.000000	90533.670000	82959	2592
planetlabpc2.upf.edu_nodea.howard.edu_2010 3	90085.304000	647.438000	0.016000	0.000000	90732.758000	82955	2592
planetlabpc2.upf.edu_nodea.howard.edu_2011 3	90085.456000	849.430000	0.018000	0.000000	90934.904000	82954	2592
planetlabpc2.upf.edu_nodea.howard.edu_2021 3	90386.214000	810.307000	0.027000	0.000000	91196.548000	83019	2592
planetlabpc2.upf.edu_nodea.howard.edu_2022 3	90399.062000	810.508000	0.084000	0.000000	91209.654000	83083	2592
planetlabpc2.upf.edu_nodea.howard.edu_2020 3	90403.178000	809.328000	0.036000	0.000000	91212.542000	82971	2592
planetlabpc2.upf.edu_nodea.howard.edu_2023 3	90237.659000	1071.835000	0.020000	0.000000	91309.514000	83211	2592
planetlabpc2.upf.edu_nodea.howard.edu_2024 3	90242.113000	1085.732000	0.016000	0.000000	91327.861000	82987	2592
planetlabpc2.upf.edu_nodea.howard.edu_2026 3	90351.186000	1199.013000	0.016000	0.000000	91550.215000	83467	2592
planetlabpc2.upf.edu_nodea.howard.edu_2025 3	90366.102000	1187.484000	0.017000	0.000000	91553.603000	83384	2592
node1.planetlab.albany.edu_nodea.howard.edu_21672 5	125161.652000	0.155000	0.030000	0.000000	125161.837000	82896	32
roam2.cs.ou.edu_nodea.howard.edu_10447 6	125275.607000	0.033000	0.028000	0.000000	125275.668000	82901	48
node1.planetlab.albany.edu_nodea.howard.edu_21700 5	125342.500000	0.035000	0.029000	0.000000	125342.564000	82912	32
node1.planetlab.albany.edu_nodea.howard.edu_21702 5	125355.557000	8.462000	0.023000	0.000000	125364.042000	82914	32
pl1.rcc.uottawa.ca_nodea.howard.edu_29136 4	46858.623000	78527.363000	0.039000	0.000000	125386.025000	82915	0
node1.planetlab.albany.edu_nodea.howard.edu_21714 5	125444.817000	0.131000	0.034000	0.000000	125444.982000	82916	32
node1.planetlab.albany.edu_nodea.howard.edu_21718 5	125486.410000	0.168000	0.034000	0.000000	125486.612000	82918	32
pl1.rcc.uottawa.ca_nodea.howard.edu_29181 4	46985.187000	78515.039000	0.022000	0.000000	125500.248000	82920	0
node1.planetlab.albany.edu_nodea.howard.edu_21724 5	125533.663000	0.026000	0.027000	0.000000	125533.716000	82919	32
node1.planetlab.albany.edu_nodea.howard.edu_21742 5	125689.040000	0.203000	0.026000	0.000000	125689.269000	82926	32
node1.planetlab.albany.edu_nodea.howard.edu_21744 5	125692.254000	0.024000	0.019000	0.000000	125692.297000	82928	32
node1.planetlab.albany.edu_nodea.howard.edu_21746 5	125702.729000	0.024000	0.022000	0.000000	125702.775000	82929	32
node1.planetlab.albany.edu_nodea.howard.edu_21761 5	125879.129000	0.027000	0.025000	0.000000	125879.181000	82930	32
node1.planetlab.albany.edu_nodea.howard.edu_21763 5	125892.309000	0.025000	0.024000	0.000000	125892.358000	82932	32
node1.planetlab.albany.edu_nodea.howard.edu_21774 5	125929.439000	0.069000	0.030000	0.000000	125929.538000	82934	32
node1.planetlab.albany.edu_nodea.howard.edu_21783 5	125971.020000	0.059000	0.023000	0.000000	125971.102000	82936	32
node1.planetlab.albany.edu_nodea.howard.edu_21795 5	126018.656000	0.026000	0.026000	0.000000	126018.708000	82937	32
pl1.rcc.uottawa.ca_nodea.howard.edu_29408 4	47788.519000	78305.912000	0.023000	0.000000	126094.454000	82944	0
node1.planetlab.albany.edu_nodea.howard.edu_21810 5	126119.163000	0.085000	0.024000	0.000000	126119.272000	82945	32
node1.planetlab.albany.edu_nodea.howard.edu_21814 5	126142.853000	0.025000	0.022000	0.000000	126142.900000	82948	32
node1.planetlab.albany.edu_nodea.howard.edu_21818 5	126164.590000	3.584000	0.037000	0.000000	126168.211000	82949	32
node1.planetlab.albany.edu_nodea.howard.edu_21828 5	126221.208000	0.025000	0.024000	0.000000	126221.257000	82951	32
node1.planetlab.albany.edu_nodea.howard.edu_21843 5	126289.110000	0.076000	0.029000	0.000000	126289.215000	82957	32
roam2.cs.ou.edu_nodea.howard.edu_10506 6	126303.534000	0.112000	0.031000	0.000000	126303.677000	82950	48
node1.planetlab.albany.edu_nodea.howard.edu_21852 5	126325.962000	0.420000	0.024000	0.000000	126326.406000	82961	32
node1.planetlab.albany.edu_nodea.howard.edu_21865 5	126464.705000	0.025000	0.027000	0.000000	126464.757000	82965	32
roam2.cs.ou.edu_nodea.howard.edu_10520 6	126470.338000	0.026000	0.029000	0.000000	126470.393000	82962	48
roam2.cs.ou.edu_nodea.howard.edu_10524 6	126498.797000	0.033000	0.023000	0.000000	126498.853000	82964	48
roam2.cs.ou.edu_nodea.howard.edu_10528 6	126560.371000	0.051000	0.032000	0.000000	126560.454000	82966	48
node1.planetlab.albany.edu_nodea.howard.edu_21879 5	126560.196000	0.279000	0.034000	0.000000	126560.509000	82970	32
roam2.cs.ou.edu_nodea.howard.edu_10536 6	126608.590000	0.103000	0.041000	0.000000	126608.734000	82967	48
node1.planetlab.albany.edu_nodea.howard.edu_21893 5	126641.746000	0.030000	0.024000	0.000000	126641.800000	82981	32
roam2.cs.ou.edu_nodea.howard.edu_10544 6	126716.720000	0.033000	0.031000	0.000000	126716.784000	82974	48
roam2.cs.ou.edu_nodea.howard.edu_10546 6	126722.755000	0.152000	0.019000	0.000000	126722.926000	82978	48
node1.planetlab.albany.edu_nodea.howard.edu_21907 5	126737.713000	1.516000	0.066000	0.000000	126739.295000	82989	32
roam2.cs.ou.edu_nodea.howard.edu_10548 6	126739.295000	0.981000	0.031000	0.000000	126740.307000	82980	48
roam2.cs.ou.edu_nodea.howard.edu_10552 6	126793.843000	0.345000	0.034000	0.000000	126794.222000	82982	48
roam2.cs.ou.edu_nodea.howard.edu_10554 6	126794.045000	0.237000	0.016000	0.000000	126794.298000	82983	48
roam2.cs.ou.edu_nodea.howard.edu_10558 6	126856.883000	0.253000	0.034000	0.000000	126857.170000	82990	48
node1.planetlab.albany.edu_nodea.howard.edu_21932 5	126869.370000	8.105000	0.023000	0.000000	126877.498000	83003	32
roam2.cs.ou.edu_nodea.howard.edu_10560 6	126886.693000	0.033000	0.035000	0.000000	126886.761000	82992	48
roam2.cs.ou.edu_nodea.howard.edu_10562 6	126888.396000	0.027000	0.017000	0.000000	126888.440000	82994	48
node1.planetlab.albany.edu_nodea.howard.edu_21939 5	126886.419000	4.974000	0.023000	0.000000	126891.416000	83009	32
roam2.cs.ou.edu_nodea.howard.edu_10564 6	126893.515000	0.097000	0.027000	0.000000	126893.639000	82995	48
node1.planetlab.albany.edu_nodea.howard.edu_21942 5	126900.231000	2.730000	0.035000	0.000000	126902.996000	83013	32
node1.planetlab.albany.edu_nodea.howard.edu_21950 5	126928.332000	0.031000	0.031000	0.000000	126928.394000	83022	32
roam2.cs.ou.edu_nodea.howard.edu_10568 6	126932.693000	0.111000	0.028000	0.000000	126932.832000	82996	48
roam2.cs.ou.edu_nodea.howard.edu_10570 6	126945.318000	0.032000	0.030000	0.000000	126945.380000	82997	48
node1.planetlab.albany.edu_nodea.howard.edu_21952 5	126945.263000	0.114000	0.025000	0.000000	126945.402000	83024	32
node1.planetlab.albany.edu_nodea.howard.edu_21956 5	126948.712000	0.023000	0.018000	0.000000	126948.753000	83027	32
node1.planetlab.albany.edu_nodea.howard.edu_21954 5	126948.839000	0.223000	0.021000	0.000000	126949.083000	83025	32
roam2.cs.ou.edu_nodea.howard.edu_10572 6	126952.287000	0.344000	0.039000	0.000000	126952.670000	82998	48
roam2.cs.ou.edu_nodea.howard.edu_10574 6	126963.737000	0.031000	0.025000	0.000000	126963.793000	83002	48
roam2.cs.ou.edu_nodea.howard.edu_10576 6	126964.405000	0.226000	0.016000	0.000000	126964.647000	82999	48
roam2.cs.ou.edu_nodea.howard.edu_10580 6	126982.549000	0.460000	0.030000	0.000000	126983.039000	83004	48
roam2.cs.ou.edu_nodea.howard.edu_10582 6	126983.597000	0.608000	0.018000	0.000000	126984.223000	83006	48
roam2.cs.ou.edu_nodea.howard.edu_10584 6	126990.293000	0.043000	0.024000	0.000000	126990.360000	83007	48
node1.planetlab.albany.edu_nodea.howard.edu_21961 5	126995.084000	0.024000	0.023000	0.000000	126995.131000	83029	32
roam2.cs.ou.edu_nodea.howard.edu_10586 6	127002.343000	0.031000	0.023000	0.000000	127002.397000	83011	48
node1.planetlab.albany.edu_nodea.howard.edu_21963 5	127002.656000	0.146000	0.019000	0.000000	127002.821000	83033	32
pl1.rcc.uottawa.ca_nodea.howard.edu_29755 4	49231.047000	77784.395000	0.027000	0.000000	127015.469000	83043	0
roam2.cs.ou.edu_nodea.howard.edu_10592 6	127093.660000	0.103000	0.035000	0.000000	127093.798000	83030	48
node1.planetlab.albany.edu_nodea.howard.edu_21997 5	127179.439000	30.871000	0.023000	0.000000	127210.333000	83055	32
node1.planetlab.albany.edu_nodea.howard.edu_22002 5	127195.859000	21.853000	0.025000	0.000000	127217.737000	83057	32
pl1.rcc.uottawa.ca_nodea.howard.edu_29853 4	49828.669000	77404.894000	0.040000	0.000000	127233.603000	83061	0
roam2.cs.ou.edu_nodea.howard.edu_10618 6	127317.787000	0.114000	0.024000	0.000000	127317.925000	83058	48
roam2.cs.ou.edu_nodea.howard.edu_10622 6	127334.994000	0.201000	0.022000	0.000000	127335.217000	83060	48
roam2.cs.ou.edu_nodea.howard.edu_10626 6	127375.864000	0.170000	0.033000	0.000000	127376.067000	83062	48
roam2.cs.ou.edu_nodea.howard.edu_10650 6	127630.973000	0.093000	0.036000	0.000000	127631.102000	83063	48
roam2.cs.ou.edu_nodea.howard.edu_10696 6	128170.396000	0.343000	0.033000	0.000000	128170.772000	83070	48
node1.planetlab.albany.edu_nodea.howard.edu_22251 5	128268.876000	0.031000	0.024000	0.000000	128268.931000	83072	32
node1.planetlab.albany.edu_nodea.howard.edu_22255 5	128281.596000	0.086000	0.020000	0.000000	128281.702000	83073	32
roam2.cs.ou.edu_nodea.howard.edu_10708 6	128290.312000	0.106000	0.030000	0.000000	128290.448000	83046	48
node1.planetlab.albany.edu_nodea.howard.edu_22261 5	128317.948000	0.188000	0.023000	0.000000	128318.159000	83075	32
node1.planetlab.albany.edu_nodea.howard.edu_22267 5	128351.292000	0.077000	0.025000	0.000000	128351.394000	83076	32
node1.planetlab.albany.edu_nodea.howard.edu_22269 5	128353.634000	0.102000	0.019000	0.000000	128353.755000	83077	32
node1.planetlab.albany.edu_nodea.howard.edu_22271 5	128371.926000	0.028000	0.063000	0.000000	128372.017000	83078	32
node1.planetlab.albany.edu_nodea.howard.edu_22273 5	128393.216000	0.029000	0.028000	0.000000	128393.273000	83079	32
node1.planetlab.albany.edu_nodea.howard.edu_22282 5	128433.634000	0.027000	0.026000	0.000000	128433.687000	83081	32
node1.planetlab.albany.edu_nodea.howard.edu_22290 5	128451.905000	1.437000	0.024000	0.000000	128453.366000	83084	32
node1.planetlab.albany.edu_nodea.howard.edu_22302 5	128472.696000	5.148000	0.018000	0.000000	128477.862000	83085	32
node1.planetlab.albany.edu_nodea.howard.edu_22305 5	128478.443000	11.813000	0.020000	0.000000	128490.276000	83086	32
node1.planetlab.albany.edu_nodea.howard.edu_22314 5	128510.086000	20.590000	0.018000	0.000000	128530.694000	83087	32
node1.planetlab.albany.edu_nodea.howard.edu_22319 5	128539.046000	0.022000	0.019000	0.000000	128539.087000	83089	32
node1.planetlab.albany.edu_nodea.howard.edu_22323 5	128557.740000	0.097000	0.023000	0.000000	128557.860000	83092	32
node1.planetlab.albany.edu_nodea.howard.edu_22331 5	128614.806000	0.235000	0.039000	0.000000	128615.080000	83093	32
node1.planetlab.albany.edu_nodea.howard.edu_22334 5	128657.396000	0.098000	0.035000	0.000000	128657.529000	83095	32
node1.planetlab.albany.edu_nodea.howard.edu_22341 5	128683.849000	0.022000	0.020000	0.000000	128683.891000	83099	32
node1.planetlab.albany.edu_nodea.howard.edu_22346 5	128722.519000	0.105000	0.032000	0.000000	128722.656000	83101	32
roam2.cs.ou.edu_nodea.howard.edu_10730 6	128725.947000	0.638000	0.041000	0.000000	128726.626000	83094	48
pl1.rcc.uottawa.ca_nodea.howard.edu_30384 4	52178.113000	76572.208000	0.647000	0.000000	128750.968000	83103	0
node1.planetlab.albany.edu_nodea.howard.edu_22357 5	128799.227000	0.073000	0.023000	0.000000	128799.323000	83105	32
pl1.rcc.uottawa.ca_nodea.howard.edu_30403 4	52244.147000	76558.761000	0.029000	0.000000	128802.937000	83107	0
node1.planetlab.albany.edu_nodea.howard.edu_22363 5	128818.204000	0.270000	0.032000	0.000000	128818.506000	83108	32
node1.planetlab.albany.edu_nodea.howard.edu_22368 5	128837.066000	0.256000	0.030000	0.000000	128837.352000	83109	32
node1.planetlab.albany.edu_nodea.howard.edu_22374 5	128860.689000	0.067000	0.027000	0.000000	128860.783000	83111	32
node1.planetlab.albany.edu_nodea.howard.edu_22376 5	128876.662000	0.027000	0.025000	0.000000	128876.714000	83115	32
node1.planetlab.albany.edu_nodea.howard.edu_22386 5	128902.101000	0.082000	0.021000	0.000000	128902.204000	83123	32
node1.planetlab.albany.edu_nodea.howard.edu_22390 5	128921.058000	0.085000	0.021000	0.000000	128921.164000	83125	32
node1.planetlab.albany.edu_nodea.howard.edu_22395 5	128933.369000	1.512000	0.063000	0.000000	128934.944000	83129	32
roam2.cs.ou.edu_nodea.howard.edu_10746 6	128946.542000	0.227000	0.034000	0.000000	128946.803000	83110	48
node1.planetlab.albany.edu_nodea.howard.edu_22399 5	128934.608000	13.089000	0.019000	0.000000	128947.716000	83130	32
node1.planetlab.albany.edu_nodea.howard.edu_22402 5	128942.039000	11.939000	0.020000	0.000000	128953.998000	83131	32
roam2.cs.ou.edu_nodea.howard.edu_10750 6	128961.563000	0.027000	0.024000	0.000000	128961.614000	83113	48
node1.planetlab.albany.edu_nodea.howard.edu_22408 5	128954.651000	11.933000	0.018000	0.000000	128966.602000	83135	32
pl1.rcc.uottawa.ca_nodea.howard.edu_30469 4	52519.148000	76461.369000	0.042000	0.000000	128980.559000	83139	0
node1.planetlab.albany.edu_nodea.howard.edu_22415 5	128991.605000	0.036000	0.020000	0.000000	128991.661000	83137	32
node1.planetlab.albany.edu_nodea.howard.edu_22419 5	128997.674000	0.276000	0.019000	0.000000	128997.969000	83141	32
roam2.cs.ou.edu_nodea.howard.edu_10754 6	128998.533000	0.111000	0.021000	0.000000	128998.665000	83122	48
node1.planetlab.albany.edu_nodea.howard.edu_22421 5	128998.504000	0.182000	0.018000	0.000000	128998.704000	83140	32
node1.planetlab.albany.edu_nodea.howard.edu_22423 5	129006.442000	0.026000	0.019000	0.000000	129006.487000	83142	32
node1.planetlab.albany.edu_nodea.howard.edu_22425 5	129013.624000	0.030000	0.018000	0.000000	129013.672000	83143	32
roam2.cs.ou.edu_nodea.howard.edu_10757 6	129015.454000	0.132000	0.022000	0.000000	129015.608000	83124	48
roam2.cs.ou.edu_nodea.howard.edu_10760 6	129017.140000	0.023000	0.019000	0.000000	129017.182000	83126	48
node1.planetlab.albany.edu_nodea.howard.edu_22438 5	129038.818000	0.094000	0.018000	0.000000	129038.930000	83149	32
roam2.cs.ou.edu_nodea.howard.edu_10764 6	129038.943000	0.320000	0.026000	0.000000	129039.289000	83127	48
node1.planetlab.albany.edu_nodea.howard.edu_22437 5	129039.475000	0.073000	0.022000	0.000000	129039.570000	83148	32
node1.planetlab.albany.edu_nodea.howard.edu_22440 5	129046.867000	0.032000	0.032000	0.000000	129046.931000	83150	32
node1.planetlab.albany.edu_nodea.howard.edu_22444 5	129051.187000	0.233000	0.019000	0.000000	129051.439000	83151	32
node1.planetlab.albany.edu_nodea.howard.edu_22446 5	129053.712000	0.092000	0.020000	0.000000	129053.824000	83153	32
roam2.cs.ou.edu_nodea.howard.edu_10770 6	129059.836000	0.198000	0.022000	0.000000	129060.056000	83134	48
node1.planetlab.albany.edu_nodea.howard.edu_22463 5	129088.883000	0.234000	0.022000	0.000000	129089.139000	83157	32
node1.planetlab.albany.edu_nodea.howard.edu_22470 5	129104.510000	0.030000	0.027000	0.000000	129104.567000	83166	32
pl1.rcc.uottawa.ca_nodea.howard.edu_30524 4	52783.698000	76331.760000	0.026000	0.000000	129115.484000	83170	0
pl1.rcc.uottawa.ca_nodea.howard.edu_30528 4	52791.040000	76331.995000	0.052000	0.000000	129123.087000	83169	0
pl1.rcc.uottawa.ca_nodea.howard.edu_30532 4	52802.361000	76334.187000	0.023000	0.000000	129136.571000	83171	0
node1.planetlab.albany.edu_nodea.howard.edu_22485 5	129157.158000	0.032000	0.025000	0.000000	129157.215000	83173	32
pl1.rcc.uottawa.ca_nodea.howard.edu_30544 4	52833.615000	76327.596000	0.027000	0.000000	129161.238000	83175	0
pl1.rcc.uottawa.ca_nodea.howard.edu_30556 4	52893.405000	76295.983000	0.035000	0.000000	129189.423000	83179	0
roam2.cs.ou.edu_nodea.howard.edu_10782 6	129196.592000	0.196000	0.031000	0.000000	129196.819000	83164	48
node1.planetlab.albany.edu_nodea.howard.edu_22504 5	129226.735000	0.031000	0.021000	0.000000	129226.787000	83182	32
node1.planetlab.albany.edu_nodea.howard.edu_22508 5	129251.527000	0.210000	0.032000	0.000000	129251.769000	83184	32
pl1.rcc.uottawa.ca_nodea.howard.edu_30585 4	52986.868000	76273.617000	0.028000	0.000000	129260.513000	83187	0
node1.planetlab.albany.edu_nodea.howard.edu_22529 5	129313.143000	0.120000	0.023000	0.000000	129313.286000	83195	32
node1.planetlab.albany.edu_nodea.howard.edu_22538 5	129338.093000	1.141000	0.022000	0.000000	129339.256000	83200	32
node1.planetlab.albany.edu_nodea.howard.edu_22542 5	129350.799000	0.287000	0.022000	0.000000	129351.108000	83203	32
node1.planetlab.albany.edu_nodea.howard.edu_22540 5	129351.074000	0.225000	0.031000	0.000000	129351.330000	83201	32
node1.planetlab.albany.edu_nodea.howard.edu_22548 5	129367.998000	0.173000	0.024000	0.000000	129368.195000	83204	32
node1.planetlab.albany.edu_nodea.howard.edu_22551 5	129371.182000	0.077000	0.023000	0.000000	129371.282000	83205	32
node1.planetlab.albany.edu_nodea.howard.edu_22554 5	129371.333000	0.058000	0.017000	0.000000	129371.408000	83206	32
roam2.cs.ou.edu_nodea.howard.edu_10794 6	129374.967000	0.038000	0.032000	0.000000	129375.037000	83190	48
node1.planetlab.albany.edu_nodea.howard.edu_22556 5	129373.589000	6.626000	0.019000	0.000000	129380.234000	83207	32
node1.planetlab.albany.edu_nodea.howard.edu_22559 5	129383.017000	0.959000	0.027000	0.000000	129384.003000	83209	32
node1.planetlab.albany.edu_nodea.howard.edu_22567 5	129391.317000	1.768000	0.020000	0.000000	129393.105000	83210	32
node1.planetlab.albany.edu_nodea.howard.edu_22571 5	129393.136000	11.624000	0.019000	0.000000	129404.779000	83212	32
node1.planetlab.albany.edu_nodea.howard.edu_22581 5	129411.606000	10.066000	0.018000	0.000000	129421.690000	83215	32
node1.planetlab.albany.edu_nodea.howard.edu_22579 5	129411.869000	12.889000	0.017000	0.000000	129424.775000	83213	32
roam2.cs.ou.edu_nodea.howard.edu_10799 6	129483.442000	0.028000	0.032000	0.000000	129483.502000	83208	48
node1.planetlab.albany.edu_nodea.howard.edu_22595 5	129435.289000	60.742000	0.020000	0.000000	129496.051000	83217	32
node1.planetlab.albany.edu_nodea.howard.edu_22598 5	129443.277000	81.459000	0.020000	0.000000	129524.756000	83218	32
node1.planetlab.albany.edu_nodea.howard.edu_22604 5	129454.241000	74.927000	0.017000	0.000000	129529.185000	83220	32
node1.planetlab.albany.edu_nodea.howard.edu_22600 5	129444.423000	84.833000	0.016000	0.000000	129529.272000	83219	32
node1.planetlab.albany.edu_nodea.howard.edu_22608 5	129463.768000	65.764000	0.023000	0.000000	129529.555000	83221	32
node1.planetlab.albany.edu_nodea.howard.edu_22615 5	129480.672000	61.104000	0.020000	0.000000	129541.796000	83223	32
node1.planetlab.albany.edu_nodea.howard.edu_22618 5	129483.349000	65.265000	0.040000	0.000000	129548.654000	83224	32
node1.planetlab.albany.edu_nodea.howard.edu_22622 5	129492.598000	72.441000	0.022000	0.000000	129565.061000	83226	32
node1.planetlab.albany.edu_nodea.howard.edu_22624 5	129501.841000	63.282000	0.019000	0.000000	129565.142000	83227	32
node1.planetlab.albany.edu_nodea.howard.edu_22632 5	129506.997000	70.076000	0.017000	0.000000	129577.090000	83229	32
node1.planetlab.albany.edu_nodea.howard.edu_22633 5	129506.557000	70.829000	0.013000	0.000000	129577.399000	83230	32
node1.planetlab.albany.edu_nodea.howard.edu_22634 5	129507.024000	70.894000	0.017000	0.000000	129577.935000	83233	32
node1.planetlab.albany.edu_nodea.howard.edu_22642 5	129524.942000	65.330000	0.020000	0.000000	129590.292000	83236	32
node1.planetlab.albany.edu_nodea.howard.edu_22647 5	129545.661000	57.478000	0.066000	0.000000	129603.205000	83239	32
node1.planetlab.albany.edu_nodea.howard.edu_22645 5	129542.489000	60.795000	0.024000	0.000000	129603.308000	83237	32
node1.planetlab.albany.edu_nodea.howard.edu_22649 5	129558.836000	51.517000	0.028000	0.000000	129610.381000	83245	32
node1.planetlab.albany.edu_nodea.howard.edu_22653 5	129563.719000	52.082000	0.022000	0.000000	129615.823000	83247	32
roam2.cs.ou.edu_nodea.howard.edu_10807 6	129641.114000	0.160000	0.033000	0.000000	129641.307000	83222	48
node1.planetlab.albany.edu_nodea.howard.edu_22664 5	129583.693000	88.653000	0.019000	0.000000	129672.365000	83253	32
pl1.rcc.uottawa.ca_nodea.howard.edu_30735 4	53676.497000	76009.776000	0.037000	0.000000	129686.310000	83275	0
roam2.cs.ou.edu_nodea.howard.edu_10815 6	129693.362000	0.054000	0.022000	0.000000	129693.438000	83238	48
node1.planetlab.albany.edu_nodea.howard.edu_22675 5	129602.093000	110.019000	0.020000	0.000000	129712.132000	83258	32
node1.planetlab.albany.edu_nodea.howard.edu_22682 5	129658.352000	65.924000	0.024000	0.000000	129724.300000	83265	32
roam2.cs.ou.edu_nodea.howard.edu_10819 6	129735.241000	0.108000	0.021000	0.000000	129735.370000	83250	48
node1.planetlab.albany.edu_nodea.howard.edu_22684 5	129663.147000	73.570000	0.017000	0.000000	129736.734000	83268	32
node1.planetlab.albany.edu_nodea.howard.edu_22686 5	129680.132000	59.147000	0.031000	0.000000	129739.310000	83269	32
node1.planetlab.albany.edu_nodea.howard.edu_22690 5	129690.600000	58.655000	0.029000	0.000000	129749.284000	83271	32
roam2.cs.ou.edu_nodea.howard.edu_10821 6	129765.359000	0.102000	0.030000	0.000000	129765.491000	83252	48
planetlab4.wail.wisc.edu_nodea.howard.edu_22450 5	129769.173000	1.188000	0.037000	0.000000	129770.398000	83280	16
roam2.cs.ou.edu_nodea.howard.edu_10823 6	129773.758000	0.052000	0.028000	0.000000	129773.838000	83254	48
node1.planetlab.albany.edu_nodea.howard.edu_22700 5	129706.637000	74.980000	0.019000	0.000000	129781.636000	83277	32
roam2.cs.ou.edu_nodea.howard.edu_10827 6	129804.216000	0.027000	0.029000	0.000000	129804.272000	83255	48
node1.planetlab.albany.edu_nodea.howard.edu_22710 5	129725.400000	93.703000	0.019000	0.000000	129819.122000	83279	32
roam2.cs.ou.edu_nodea.howard.edu_10829 6	129823.685000	0.027000	0.030000	0.000000	129823.742000	83262	48
node1.planetlab.albany.edu_nodea.howard.edu_22718 5	129756.766000	108.340000	0.026000	0.000000	129865.132000	83281	32
node1.planetlab.albany.edu_nodea.howard.edu_22725 5	129777.454000	132.031000	0.032000	0.000000	129909.517000	83285	32
node1.planetlab.albany.edu_nodea.howard.edu_22733 5	129803.328000	113.297000	0.025000	0.000000	129916.650000	83290	32
node1.planetlab.albany.edu_nodea.howard.edu_22749 5	129895.932000	58.900000	0.034000	0.000000	129954.866000	83301	32
node1.planetlab.albany.edu_nodea.howard.edu_22759 5	129906.205000	88.611000	0.040000	0.000000	129994.856000	83302	32
node1.planetlab.albany.edu_nodea.howard.edu_22764 5	129927.111000	97.641000	0.019000	0.000000	130024.771000	83117	32
node1.planetlab.albany.edu_nodea.howard.edu_22769 5	129938.535000	105.556000	0.018000	0.000000	130044.109000	83303	32
node1.planetlab.albany.edu_nodea.howard.edu_22791 5	130031.877000	118.187000	0.023000	0.000000	130150.087000	83307	32
node1.planetlab.albany.edu_nodea.howard.edu_22799 5	130052.849000	127.894000	0.021000	0.000000	130180.764000	83309	32
node1.planetlab.albany.edu_nodea.howard.edu_22806 5	130065.719000	122.960000	0.022000	0.000000	130188.701000	83310	32
node1.planetlab.albany.edu_nodea.howard.edu_22812 5	130082.254000	118.881000	0.025000	0.000000	130201.160000	83311	32
node1.planetlab.albany.edu_nodea.howard.edu_22810 5	130078.267000	123.404000	0.017000	0.000000	130201.688000	83312	32
node1.planetlab.albany.edu_nodea.howard.edu_22856 5	130308.385000	57.849000	0.030000	0.000000	130366.264000	83328	32
node1.planetlab.albany.edu_nodea.howard.edu_22858 5	130314.241000	57.474000	0.025000	0.000000	130371.740000	83327	32
roam2.cs.ou.edu_nodea.howard.edu_10871 6	130374.652000	0.049000	0.032000	0.000000	130374.733000	83318	48
node1.planetlab.albany.edu_nodea.howard.edu_22864 5	130332.225000	52.688000	0.027000	0.000000	130384.940000	83329	32
node1.planetlab.albany.edu_nodea.howard.edu_22868 5	130346.781000	45.294000	0.026000	0.000000	130392.101000	83330	32
node1.planetlab.albany.edu_nodea.howard.edu_22873 5	130363.100000	40.852000	0.027000	0.000000	130403.979000	83331	32
node1.planetlab.albany.edu_nodea.howard.edu_22875 5	130364.047000	40.394000	0.018000	0.000000	130404.459000	83333	32
node1.planetlab.albany.edu_nodea.howard.edu_22882 5	130385.496000	38.639000	0.020000	0.000000	130424.155000	83334	32
node1.planetlab.albany.edu_nodea.howard.edu_22880 5	130391.310000	33.161000	0.018000	0.000000	130424.489000	83332	32
roam2.cs.ou.edu_nodea.howard.edu_10881 6	130452.053000	0.295000	0.028000	0.000000	130452.376000	83325	48
node1.planetlab.albany.edu_nodea.howard.edu_22892 5	130428.777000	26.993000	0.020000	0.000000	130455.790000	83335	32
node1.planetlab.albany.edu_nodea.howard.edu_22894 5	130434.758000	24.900000	0.022000	0.000000	130459.680000	83336	32
node1.planetlab.albany.edu_nodea.howard.edu_22896 5	130432.657000	32.947000	0.025000	0.000000	130465.629000	83337	32
node1.planetlab.albany.edu_nodea.howard.edu_22900 5	130443.446000	32.828000	0.019000	0.000000	130476.293000	83339	32
node1.planetlab.albany.edu_nodea.howard.edu_22906 5	130458.145000	20.190000	0.019000	0.000000	130478.354000	83340	32
node1.planetlab.albany.edu_nodea.howard.edu_22908 5	130466.058000	21.956000	0.020000	0.000000	130488.034000	83341	32
node1.planetlab.albany.edu_nodea.howard.edu_22921 5	130489.821000	27.876000	0.019000	0.000000	130517.716000	83342	32
node1.planetlab.albany.edu_nodea.howard.edu_22923 5	130495.639000	22.427000	0.018000	0.000000	130518.084000	83343	32
node1.planetlab.albany.edu_nodea.howard.edu_22928 5	130514.581000	16.440000	0.024000	0.000000	130531.045000	83344	32
node1.planetlab.albany.edu_nodea.howard.edu_22932 5	130525.219000	15.893000	0.020000	0.000000	130541.132000	83345	32
node1.planetlab.albany.edu_nodea.howard.edu_22934 5	130532.130000	13.392000	0.030000	0.000000	130545.552000	83146	32
node1.planetlab.albany.edu_nodea.howard.edu_22937 5	130537.571000	15.506000	0.036000	0.000000	130553.113000	83347	32
node1.planetlab.albany.edu_nodea.howard.edu_22954 5	130579.895000	15.897000	0.023000	0.000000	130595.815000	83348	32
node1.planetlab.albany.edu_nodea.howard.edu_22958 5	130584.054000	14.897000	0.019000	0.000000	130598.970000	83349	32
node1.planetlab.albany.edu_nodea.howard.edu_22964 5	130602.293000	7.215000	0.017000	0.000000	130609.525000	83351	32
node1.planetlab.albany.edu_nodea.howard.edu_22969 5	130620.824000	1.071000	0.029000	0.000000	130621.924000	83350	32
node1.planetlab.albany.edu_nodea.howard.edu_22973 5	130625.711000	0.195000	0.016000	0.000000	130625.922000	83353	32
node1.planetlab.albany.edu_nodea.howard.edu_22979 5	130655.476000	0.027000	0.034000	0.000000	130655.537000	83354	32
node1.planetlab.albany.edu_nodea.howard.edu_22985 5	130669.840000	0.025000	0.026000	0.000000	130669.891000	83356	32
node1.planetlab.albany.edu_nodea.howard.edu_22993 5	130687.670000	0.121000	0.021000	0.000000	130687.812000	83357	32
node1.planetlab.albany.edu_nodea.howard.edu_23001 5	130706.329000	0.115000	0.028000	0.000000	130706.472000	83359	32
node1.planetlab.albany.edu_nodea.howard.edu_23002 5	130706.821000	0.126000	0.014000	0.000000	130706.961000	83360	32
node1.planetlab.albany.edu_nodea.howard.edu_23019 5	130759.527000	5.281000	0.070000	0.000000	130764.878000	83361	32
node1.planetlab.albany.edu_nodea.howard.edu_23020 5	130758.943000	6.807000	0.035000	0.000000	130765.785000	83363	32
node1.planetlab.albany.edu_nodea.howard.edu_23023 5	130763.861000	13.803000	0.019000	0.000000	130777.683000	83364	32
node1.planetlab.albany.edu_nodea.howard.edu_23026 5	130765.299000	13.205000	0.018000	0.000000	130778.522000	83365	32
node1.planetlab.albany.edu_nodea.howard.edu_23033 5	130782.867000	7.759000	0.021000	0.000000	130790.647000	83367	32
node1.planetlab.albany.edu_nodea.howard.edu_23035 5	130784.691000	6.635000	0.017000	0.000000	130791.343000	83366	32
node1.planetlab.albany.edu_nodea.howard.edu_23048 5	130803.620000	22.967000	0.020000	0.000000	130826.607000	83369	32
node1.planetlab.albany.edu_nodea.howard.edu_23061 5	130825.739000	29.055000	0.025000	0.000000	130854.819000	83372	32
node1.planetlab.albany.edu_nodea.howard.edu_23067 5	130836.110000	39.031000	0.020000	0.000000	130875.161000	83373	32
node1.planetlab.albany.edu_nodea.howard.edu_23073 5	130860.611000	27.337000	0.032000	0.000000	130887.980000	83375	32
node1.planetlab.albany.edu_nodea.howard.edu_23075 5	130862.992000	34.836000	0.033000	0.000000	130897.861000	83376	32
node1.planetlab.albany.edu_nodea.howard.edu_23084 5	130894.793000	16.806000	0.031000	0.000000	130911.630000	83377	32
node1.planetlab.albany.edu_nodea.howard.edu_23088 5	130896.834000	25.647000	0.016000	0.000000	130922.497000	83380	32
node1.planetlab.albany.edu_nodea.howard.edu_23090 5	130899.376000	24.784000	0.020000	0.000000	130924.180000	83381	32
node1.planetlab.albany.edu_nodea.howard.edu_23100 5	130923.903000	24.150000	0.021000	0.000000	130948.074000	83383	32
node1.planetlab.albany.edu_nodea.howard.edu_23108 5	130940.908000	30.522000	0.029000	0.000000	130971.459000	83387	32
node1.planetlab.albany.edu_nodea.howard.edu_23112 5	130949.935000	29.345000	0.019000	0.000000	130979.299000	83389	32
node1.planetlab.albany.edu_nodea.howard.edu_23115 5	130955.555000	28.309000	0.024000	0.000000	130983.888000	83392	32
node1.planetlab.albany.edu_nodea.howard.edu_23120 5	130960.572000	30.463000	0.019000	0.000000	130991.054000	83393	32
node1.planetlab.albany.edu_nodea.howard.edu_23121 5	130960.615000	30.694000	0.013000	0.000000	130991.322000	83395	32
node1.planetlab.albany.edu_nodea.howard.edu_23124 5	130962.884000	28.479000	0.018000	0.000000	130991.381000	83396	32
node1.planetlab.albany.edu_nodea.howard.edu_23122 5	130961.078000	30.679000	0.013000	0.000000	130991.770000	83397	32
node1.planetlab.albany.edu_nodea.howard.edu_23127 5	130974.041000	22.976000	0.032000	0.000000	130997.049000	83399	32
node1.planetlab.albany.edu_nodea.howard.edu_23132 5	130976.480000	27.402000	0.017000	0.000000	131003.899000	83398	32
node1.planetlab.albany.edu_nodea.howard.edu_23137 5	130993.496000	15.134000	0.021000	0.000000	131008.651000	83401	32
node1.planetlab.albany.edu_nodea.howard.edu_23141 5	131011.973000	7.663000	0.019000	0.000000	131019.655000	83404	32
node1.planetlab.albany.edu_nodea.howard.edu_23143 5	131014.952000	5.774000	0.018000	0.000000	131020.744000	83405	32
roam2.cs.ou.edu_nodea.howard.edu_10945 6	131032.533000	0.154000	0.030000	0.000000	131032.717000	83382	48
node1.planetlab.albany.edu_nodea.howard.edu_23147 5	131018.882000	13.603000	0.018000	0.000000	131032.503000	83407	32
node1.planetlab.albany.edu_nodea.howard.edu_23149 5	131019.016000	14.607000	0.015000	0.000000	131033.638000	83408	32
node1.planetlab.albany.edu_nodea.howard.edu_23145 5	131020.796000	13.171000	0.020000	0.000000	131033.987000	83406	32
node1.planetlab.albany.edu_nodea.howard.edu_23151 5	131020.944000	24.395000	0.018000	0.000000	131045.357000	83409	32
node1.planetlab.albany.edu_nodea.howard.edu_23160 5	131052.208000	3.192000	0.019000	0.000000	131055.419000	83412	32
node1.planetlab.albany.edu_nodea.howard.edu_23162 5	131055.423000	0.740000	0.018000	0.000000	131056.181000	83413	32
node1.planetlab.albany.edu_nodea.howard.edu_23166 5	131071.400000	0.156000	0.024000	0.000000	131071.580000	83415	32
node1.planetlab.albany.edu_nodea.howard.edu_23172 5	131091.730000	0.276000	0.024000	0.000000	131092.030000	83421	32
node1.planetlab.albany.edu_nodea.howard.edu_23174 5	131096.652000	0.024000	0.026000	0.000000	131096.702000	83425	32
node1.planetlab.albany.edu_nodea.howard.edu_23176 5	131103.811000	1.452000	0.029000	0.000000	131105.292000	83424	32
pl1.rcc.uottawa.ca_nodea.howard.edu_31311 4	56800.517000	74315.339000	0.033000	0.000000	131115.889000	83427	0
node1.planetlab.albany.edu_nodea.howard.edu_23186 5	131126.108000	0.124000	0.020000	0.000000	131126.252000	83428	32
node1.planetlab.albany.edu_nodea.howard.edu_23188 5	131130.214000	0.021000	0.022000	0.000000	131130.257000	83429	32
node1.planetlab.albany.edu_nodea.howard.edu_23194 5	131143.616000	0.081000	0.025000	0.000000	131143.722000	83431	32
node1.planetlab.albany.edu_nodea.howard.edu_23205 5	131167.198000	0.260000	0.054000	0.000000	131167.512000	83437	32
node1.planetlab.albany.edu_nodea.howard.edu_23207 5	131170.943000	0.324000	0.019000	0.000000	131171.286000	83439	32
node1.planetlab.albany.edu_nodea.howard.edu_23211 5	131172.700000	0.277000	0.018000	0.000000	131172.995000	83440	32
node1.planetlab.albany.edu_nodea.howard.edu_23216 5	131186.327000	0.025000	0.029000	0.000000	131186.381000	83441	32
node1.planetlab.albany.edu_nodea.howard.edu_23218 5	131191.237000	0.022000	0.019000	0.000000	131191.278000	83442	32
node1.planetlab.albany.edu_nodea.howard.edu_23220 5	131196.528000	0.022000	0.017000	0.000000	131196.567000	83445	32
node1.planetlab.albany.edu_nodea.howard.edu_23222 5	131201.186000	0.082000	0.038000	0.000000	131201.306000	83444	32
node1.planetlab.albany.edu_nodea.howard.edu_23230 5	131219.951000	0.022000	0.019000	0.000000	131219.992000	83448	32
node1.planetlab.albany.edu_nodea.howard.edu_23232 5	131221.549000	0.155000	0.018000	0.000000	131221.722000	83449	32
roam2.cs.ou.edu_nodea.howard.edu_10969 6	131225.814000	0.025000	0.026000	0.000000	131225.865000	83426	48
node1.planetlab.albany.edu_nodea.howard.edu_23244 5	131243.415000	0.022000	0.019000	0.000000	131243.456000	83461	32
pl1.rcc.uottawa.ca_nodea.howard.edu_31367 4	57127.615000	74122.091000	0.038000	0.000000	131249.744000	83465	0
node1.planetlab.albany.edu_nodea.howard.edu_23258 5	131270.762000	0.031000	0.021000	0.000000	131270.814000	83469	32
node1.planetlab.albany.edu_nodea.howard.edu_23270 5	131292.310000	0.030000	0.024000	0.000000	131292.364000	83475	32
pl1.rcc.uottawa.ca_nodea.howard.edu_31403 4	57273.248000	74054.879000	0.221000	0.000000	131328.348000	83491	0
node1.planetlab.albany.edu_nodea.howard.edu_23291 5	131356.613000	0.108000	0.039000	0.000000	131356.760000	83493	32
node1.planetlab.albany.edu_nodea.howard.edu_23294 5	131365.332000	0.149000	0.020000	0.000000	131365.501000	83497	32
