planetlab4.rutgers.edu_ricepl-2.cs.rice.edu_82 3	297.406000	0.148000	0.033000	0.000000	297.587000	6911	1024
planetlab1.cs.pitt.edu_ricepl-2.cs.rice.edu_10 3	302.187000	0.232000	0.015000	0.000000	302.434000	6909	384
planetlab1.rutgers.edu_ricepl-2.cs.rice.edu_101 4	340.278000	5.029000	0.034000	0.000000	345.341000	6923	512
planetlab1.rutgers.edu_ricepl-2.cs.rice.edu_113 4	385.293000	0.058000	0.042000	0.000000	385.393000	6933	512
planetlab1.rutgers.edu_ricepl-2.cs.rice.edu_127 4	445.329000	0.333000	0.047000	0.000000	445.709000	6942	512
planetlab4.rutgers.edu_ricepl-2.cs.rice.edu_140 3	456.230000	0.511000	0.029000	0.000000	456.770000	6941	1024
planetlab1.rutgers.edu_ricepl-2.cs.rice.edu_145 4	488.692000	0.180000	0.045000	0.000000	488.917000	6947	512
planetlab1.williams.edu_ricepl-2.cs.rice.edu_10 2	519.259000	0.069000	0.019000	0.000000	519.347000	6973	2176
planetlab1.rutgers.edu_ricepl-2.cs.rice.edu_155 4	523.288000	0.645000	0.049000	0.000000	523.982000	6953	512
planetlab1.rutgers.edu_ricepl-2.cs.rice.edu_157 4	523.858000	0.403000	0.033000	0.000000	524.294000	6954	512
planetlab1.rutgers.edu_ricepl-2.cs.rice.edu_161 4	524.838000	9.684000	0.048000	0.000000	534.570000	6955	512
planetlab1.rutgers.edu_ricepl-2.cs.rice.edu_170 4	550.138000	0.317000	0.043000	0.000000	550.498000	6959	512
planetlab1.williams.edu_ricepl-2.cs.rice.edu_12 2	561.198000	0.156000	0.013000	0.000000	561.367000	6984	2176
planetlab4.rutgers.edu_ricepl-2.cs.rice.edu_176 3	599.122000	0.031000	0.019000	0.000000	599.172000	6967	1024
planetlab1.rutgers.edu_ricepl-2.cs.rice.edu_192 4	616.428000	0.067000	0.043000	0.000000	616.538000	6971	512
planetlab1.rutgers.edu_ricepl-2.cs.rice.edu_201 4	653.457000	0.060000	0.041000	0.000000	653.558000	6977	512
planetlab2.williams.edu_ricepl-2.cs.rice.edu_16 3	684.742000	0.029000	0.014000	0.000000	684.785000	6987	1312
planetlab4.rutgers.edu_ricepl-2.cs.rice.edu_222 3	688.297000	6.515000	0.029000	0.000000	694.841000	6980	1024
planetlab1.rutgers.edu_ricepl-2.cs.rice.edu_218 4	703.270000	2.580000	0.049000	0.000000	705.899000	6990	512
planetlab1.rutgers.edu_ricepl-2.cs.rice.edu_226 4	739.921000	0.214000	0.050000	0.000000	740.185000	6998	512
planetlab4.rutgers.edu_ricepl-2.cs.rice.edu_255 3	752.950000	3.875000	0.022000	0.000000	756.847000	6999	1024
planetlab1.rutgers.edu_ricepl-2.cs.rice.edu_233 4	759.588000	0.171000	0.050000	0.000000	759.809000	7002	512
planetlab1.rutgers.edu_ricepl-2.cs.rice.edu_239 4	771.172000	0.053000	0.036000	0.000000	771.261000	7004	512
planetlab1.rutgers.edu_ricepl-2.cs.rice.edu_241 4	775.303000	7.936000	0.048000	0.000000	783.287000	7006	512
planetlab1.rutgers.edu_ricepl-2.cs.rice.edu_249 4	782.134000	25.124000	0.042000	0.000000	807.300000	7007	512
planetlab4.rutgers.edu_ricepl-2.cs.rice.edu_276 3	823.524000	0.393000	0.030000	0.000000	823.947000	7015	1024
planetlab4.rutgers.edu_ricepl-2.cs.rice.edu_280 3	833.790000	0.347000	0.018000	0.000000	834.155000	7016	1024
planetlab1.rutgers.edu_ricepl-2.cs.rice.edu_273 4	839.398000	4.373000	0.028000	0.000000	843.799000	7019	512
planetlab4.rutgers.edu_ricepl-2.cs.rice.edu_294 3	874.245000	1.195000	0.022000	0.000000	875.462000	7027	1024
planetlab4.rutgers.edu_ricepl-2.cs.rice.edu_296 3	883.686000	0.108000	0.026000	0.000000	883.820000	7029	1024
planetlab4.rutgers.edu_ricepl-2.cs.rice.edu_300 3	890.205000	0.028000	0.014000	0.000000	890.247000	7030	1024
planetlab4.rutgers.edu_ricepl-2.cs.rice.edu_306 3	914.464000	0.645000	0.027000	0.000000	915.136000	7031	1024
planetlab1.rutgers.edu_ricepl-2.cs.rice.edu_309 4	923.070000	0.341000	0.089000	0.000000	923.500000	7038	512
planetlab4.rutgers.edu_ricepl-2.cs.rice.edu_316 3	939.607000	0.028000	0.015000	0.000000	939.650000	7039	1024
planetlab1.rutgers.edu_ricepl-2.cs.rice.edu_320 4	942.686000	0.438000	0.056000	0.000000	943.180000	7041	512
planetlab1.williams.edu_ricepl-2.cs.rice.edu_51 2	964.885000	0.148000	0.013000	0.000000	965.046000	7074	2176
planetlab4.rutgers.edu_ricepl-2.cs.rice.edu_338 3	975.601000	0.065000	0.014000	0.000000	975.680000	7042	1024
ricepl-2.cs.rice.edu_ricepl-2.cs.rice.edu_224 0	0.181000	1030.130000	0.016000	0.000000	1030.327000	7122	176
planetlab4.rutgers.edu_ricepl-2.cs.rice.edu_363 3	1163.286000	0.029000	0.015000	0.000000	1163.330000	7063	1024
planetlab4.rutgers.edu_ricepl-2.cs.rice.edu_413 3	1316.418000	0.042000	0.025000	0.000000	1316.485000	7079	1024
planetlab4.rutgers.edu_ricepl-2.cs.rice.edu_432 3	1381.471000	0.350000	0.029000	0.000000	1381.850000	7091	1024
planetlab4.rutgers.edu_ricepl-2.cs.rice.edu_441 3	1417.364000	0.597000	0.023000	0.000000	1417.984000	7093	1024
planetlab4.rutgers.edu_ricepl-2.cs.rice.edu_455 3	1450.532000	0.114000	0.016000	0.000000	1450.662000	7094	1024
planetlab4.rutgers.edu_ricepl-2.cs.rice.edu_457 3	1451.277000	0.341000	0.015000	0.000000	1451.633000	7095	1024
planetlab-01.bu.edu_ricepl-2.cs.rice.edu_91 3	1493.105000	0.112000	0.017000	0.000000	1493.234000	7160	640
planetlab4.rutgers.edu_ricepl-2.cs.rice.edu_475 3	1506.030000	0.029000	0.018000	0.000000	1506.077000	7103	1024
aguila2.lsi.upc.edu_ricepl-2.cs.rice.edu_85 5	1458.823000	145.136000	0.002000	0.000000	1603.961000	7058	576
planetlab4.rutgers.edu_ricepl-2.cs.rice.edu_521 3	1630.350000	0.914000	0.017000	0.000000	1631.281000	7111	1024
planetlab4.rutgers.edu_ricepl-2.cs.rice.edu_542 3	1668.974000	3.539000	0.018000	0.000000	1672.531000	7123	1024
planetlab4.rutgers.edu_ricepl-2.cs.rice.edu_545 3	1678.866000	0.025000	0.019000	0.000000	1678.910000	7125	1024
planetlab4.rutgers.edu_ricepl-2.cs.rice.edu_547 3	1683.487000	0.626000	0.037000	0.000000	1684.150000	7126	1024
planetlab4.rutgers.edu_ricepl-2.cs.rice.edu_551 3	1693.769000	0.040000	0.025000	0.000000	1693.834000	7127	1024
planetlab1.cs.cornell.edu_ricepl-2.cs.rice.edu_106 4	1759.785000	0.071000	0.035000	0.000000	1759.891000	7213	1280
planetlab4.rutgers.edu_ricepl-2.cs.rice.edu_583 3	1769.211000	7.476000	0.033000	0.000000	1776.720000	7135	1024
planetlab7.flux.utah.edu_ricepl-2.cs.rice.edu_116 4	1755.133000	21.387000	0.014000	0.000000	1776.534000	7171	1536
planetlab4.rutgers.edu_ricepl-2.cs.rice.edu_602 3	1817.003000	0.115000	0.026000	0.000000	1817.144000	7139	1024
planetlab4.rutgers.edu_ricepl-2.cs.rice.edu_606 3	1822.318000	0.164000	0.017000	0.000000	1822.499000	7141	1024
planetlab4.rutgers.edu_ricepl-2.cs.rice.edu_622 3	1837.949000	9.686000	0.015000	0.000000	1847.650000	7142	1024
planetlab4.rutgers.edu_ricepl-2.cs.rice.edu_625 3	1842.801000	13.205000	0.016000	0.000000	1856.022000	7143	1024
planetlab4.rutgers.edu_ricepl-2.cs.rice.edu_646 3	1889.530000	3.035000	0.015000	0.000000	1892.580000	7151	1024
pluto.cs.brown.edu_ricepl-2.cs.rice.edu_141 5	1892.294000	0.031000	0.014000	0.000000	1892.339000	7172	768
planetlab1.cs.purdue.edu_ricepl-2.cs.rice.edu_89 1	1891.860000	0.032000	0.020000	0.000000	1891.912000	7259	2208
planetlab4.rutgers.edu_ricepl-2.cs.rice.edu_654 3	1906.324000	1.276000	0.015000	0.000000	1907.615000	7153	1024
planetlab4.rutgers.edu_ricepl-2.cs.rice.edu_658 3	1917.185000	0.034000	0.025000	0.000000	1917.244000	7154	1024
planetlab4.rutgers.edu_ricepl-2.cs.rice.edu_660 3	1918.993000	0.033000	0.024000	0.000000	1919.050000	7155	1024
planetlab4.rutgers.edu_ricepl-2.cs.rice.edu_666 3	1924.608000	2.087000	0.014000	0.000000	1926.709000	7157	1024
planetlab4.rutgers.edu_ricepl-2.cs.rice.edu_668 3	1939.488000	0.461000	0.029000	0.000000	1939.978000	7156	1024
planetlab7.flux.utah.edu_ricepl-2.cs.rice.edu_144 4	2023.393000	0.029000	0.015000	0.000000	2023.437000	7233	1536
planetlab4.rutgers.edu_ricepl-2.cs.rice.edu_695 3	2002.168000	25.756000	0.017000	0.000000	2027.941000	7158	1024
planetlab7.flux.utah.edu_ricepl-2.cs.rice.edu_146 4	2027.965000	0.027000	0.015000	0.000000	2028.007000	7234	1536
planetlab1.cs.cornell.edu_ricepl-2.cs.rice.edu_133 4	2045.634000	0.056000	0.039000	0.000000	2045.729000	7256	1280
planetlab7.flux.utah.edu_ricepl-2.cs.rice.edu_149 4	2047.056000	0.057000	0.015000	0.000000	2047.128000	7235	1536
planetlab2.acis.ufl.edu_ricepl-2.cs.rice.edu_346 2	1522.443000	526.670000	0.016000	0.000000	2049.129000	7182	1056
planetlab7.flux.utah.edu_ricepl-2.cs.rice.edu_151 4	2055.287000	0.060000	0.017000	0.000000	2055.364000	7239	1536
planetlab4.rutgers.edu_ricepl-2.cs.rice.edu_700 3	2056.779000	10.667000	0.023000	0.000000	2067.469000	7159	1024
planetlab7.flux.utah.edu_ricepl-2.cs.rice.edu_154 4	2082.210000	0.058000	0.018000	0.000000	2082.286000	7243	1536
planetlab4.rutgers.edu_ricepl-2.cs.rice.edu_705 3	2131.674000	15.746000	0.018000	0.000000	2147.438000	7163	1024
roam2.cs.ou.edu_ricepl-2.cs.rice.edu_757 1	399.782000	1756.372000	0.027000	0.000000	2156.181000	6975	48
planetlab7.flux.utah.edu_ricepl-2.cs.rice.edu_159 4	2168.680000	0.138000	0.021000	0.000000	2168.839000	7251	1536
planetlab4.rutgers.edu_ricepl-2.cs.rice.edu_714 3	2226.912000	0.325000	0.036000	0.000000	2227.273000	7165	1024
planetlab4.rutgers.edu_ricepl-2.cs.rice.edu_716 3	2239.260000	0.103000	0.030000	0.000000	2239.393000	7166	1024
planetlab4.rutgers.edu_ricepl-2.cs.rice.edu_723 3	2235.966000	6.657000	0.028000	0.000000	2242.651000	7167	1024
planetlab7.flux.utah.edu_ricepl-2.cs.rice.edu_177 4	2298.549000	0.117000	0.015000	0.000000	2298.681000	7267	1536
planetlab4.rutgers.edu_ricepl-2.cs.rice.edu_756 3	2305.847000	5.581000	0.032000	0.000000	2311.460000	7188	1024
planetlab1.cs.cornell.edu_ricepl-2.cs.rice.edu_202 4	2482.829000	0.166000	0.045000	0.000000	2483.040000	7346	1280
planetlab7.cs.duke.edu_ricepl-2.cs.rice.edu_128 3	2654.338000	0.274000	0.030000	0.000000	2654.642000	7399	2432
planetlab7.flux.utah.edu_ricepl-2.cs.rice.edu_261 4	2721.886000	84.528000	0.021000	0.000000	2806.435000	7363	1536
planetlab2.acis.ufl.edu_ricepl-2.cs.rice.edu_517 2	2234.365000	842.791000	0.018000	0.000000	3077.174000	7313	1056
planetlab1.williams.edu_ricepl-2.cs.rice.edu_312 2	3259.213000	0.154000	0.016000	0.000000	3259.383000	7485	2176
planetlabpc1.upf.edu_ricepl-2.cs.rice.edu_134 3	3051.411000	273.432000	0.015000	0.000000	3324.858000	7382	1216
node1.planetlab.albany.edu_ricepl-2.cs.rice.edu_1552 2	2103.223000	1250.335000	0.013000	0.000000	3353.571000	6916	32
node1.planetlab.albany.edu_ricepl-2.cs.rice.edu_1561 2	2115.635000	1254.674000	0.016000	0.000000	3370.325000	6920	32
node1.planetlab.albany.edu_ricepl-2.cs.rice.edu_1569 2	2120.785000	1270.243000	0.015000	0.000000	3391.043000	6924	32
node1.planetlab.albany.edu_ricepl-2.cs.rice.edu_1583 2	2148.374000	1262.302000	0.016000	0.000000	3410.692000	6925	32
node1.planetlab.albany.edu_ricepl-2.cs.rice.edu_1585 2	2150.035000	1264.567000	0.013000	0.000000	3414.615000	6926	32
node1.planetlab.albany.edu_ricepl-2.cs.rice.edu_1599 2	2207.054000	1233.412000	0.014000	0.000000	3440.480000	6931	32
node1.planetlab.albany.edu_ricepl-2.cs.rice.edu_1617 2	2209.537000	1262.014000	0.012000	0.000000	3471.563000	6940	32
node1.planetlab.albany.edu_ricepl-2.cs.rice.edu_1633 2	2217.588000	1298.366000	0.012000	0.000000	3515.966000	6956	32
node1.planetlab.albany.edu_ricepl-2.cs.rice.edu_1674 2	2300.134000	1295.780000	0.016000	0.000000	3595.930000	6988	32
planetlab2.acis.ufl.edu_ricepl-2.cs.rice.edu_605 2	2669.728000	961.018000	0.022000	0.000000	3630.768000	7396	1056
node1.planetlab.albany.edu_ricepl-2.cs.rice.edu_1735 2	2438.845000	1278.188000	0.016000	0.000000	3717.049000	7014	32
node1.planetlab.albany.edu_ricepl-2.cs.rice.edu_1828 2	2616.223000	1280.298000	0.016000	0.000000	3896.537000	7040	32
node1.planetlab.albany.edu_ricepl-2.cs.rice.edu_1835 2	2631.063000	1278.641000	0.016000	0.000000	3909.720000	7044	32
node1.planetlab.albany.edu_ricepl-2.cs.rice.edu_1838 2	2638.159000	1271.902000	0.018000	0.000000	3910.079000	7045	32
node1.planetlab.albany.edu_ricepl-2.cs.rice.edu_1845 2	2654.578000	1281.070000	0.016000	0.000000	3935.664000	7046	32
node1.planetlab.albany.edu_ricepl-2.cs.rice.edu_1854 2	2670.995000	1277.621000	0.018000	0.000000	3948.634000	7048	32
node1.planetlab.albany.edu_ricepl-2.cs.rice.edu_1856 2	2677.526000	1275.793000	0.019000	0.000000	3953.338000	7049	32
node1.planetlab.albany.edu_ricepl-2.cs.rice.edu_1860 2	2691.281000	1262.436000	0.017000	0.000000	3953.734000	7050	32
node1.planetlab.albany.edu_ricepl-2.cs.rice.edu_1867 2	2700.458000	1262.560000	0.017000	0.000000	3963.035000	7052	32
node1.planetlab.albany.edu_ricepl-2.cs.rice.edu_1869 2	2705.261000	1266.180000	0.016000	0.000000	3971.457000	7053	32
node1.planetlab.albany.edu_ricepl-2.cs.rice.edu_1871 2	2705.283000	1268.989000	0.015000	0.000000	3974.287000	7054	32
node1.planetlab.albany.edu_ricepl-2.cs.rice.edu_1881 2	2732.291000	1265.504000	0.014000	0.000000	3997.809000	7060	32
node1.planetlab.albany.edu_ricepl-2.cs.rice.edu_1876 2	2726.589000	1271.644000	0.017000	0.000000	3998.250000	7055	32
node1.planetlab.albany.edu_ricepl-2.cs.rice.edu_1887 2	2756.953000	1256.443000	0.019000	0.000000	4013.415000	7064	32
node1.planetlab.albany.edu_ricepl-2.cs.rice.edu_1896 2	2779.329000	1247.177000	0.019000	0.000000	4026.525000	7068	32
node1.planetlab.albany.edu_ricepl-2.cs.rice.edu_1898 2	2783.725000	1251.043000	0.017000	0.000000	4034.785000	7069	32
node1.planetlab.albany.edu_ricepl-2.cs.rice.edu_1903 2	2793.909000	1241.158000	0.017000	0.000000	4035.084000	7070	32
node1.planetlab.albany.edu_ricepl-2.cs.rice.edu_1907 2	2813.827000	1227.950000	0.020000	0.000000	4041.797000	7076	32
node1.planetlab.albany.edu_ricepl-2.cs.rice.edu_1915 2	2832.509000	1234.754000	0.025000	0.000000	4067.288000	7080	32
node1.planetlab.albany.edu_ricepl-2.cs.rice.edu_1941 2	2876.610000	1246.907000	0.060000	0.000000	4123.577000	7084	32
node1.planetlab.albany.edu_ricepl-2.cs.rice.edu_1945 2	2873.588000	1256.097000	0.017000	0.000000	4129.702000	7086	32
node1.planetlab.albany.edu_ricepl-2.cs.rice.edu_1947 2	2874.185000	1255.849000	0.020000	0.000000	4130.054000	7085	32
node1.planetlab.albany.edu_ricepl-2.cs.rice.edu_1988 2	2938.078000	1269.976000	0.018000	0.000000	4208.072000	7100	32
node1.planetlab.albany.edu_ricepl-2.cs.rice.edu_2016 2	2967.507000	1279.948000	0.018000	0.000000	4247.473000	7108	32
node1.planetlab.albany.edu_ricepl-2.cs.rice.edu_2028 2	2977.011000	1287.498000	0.017000	0.000000	4264.526000	7112	32
node1.planetlab.albany.edu_ricepl-2.cs.rice.edu_2040 2	3000.091000	1292.001000	0.018000	0.000000	4292.110000	7116	32
node1.planetlab.albany.edu_ricepl-2.cs.rice.edu_2043 2	3005.777000	1298.529000	0.024000	0.000000	4304.330000	7118	32
node1.planetlab.albany.edu_ricepl-2.cs.rice.edu_2048 2	3011.019000	1296.041000	0.018000	0.000000	4307.078000	7117	32
node1.planetlab.albany.edu_ricepl-2.cs.rice.edu_2080 2	3086.922000	1288.980000	0.016000	0.000000	4375.918000	7132	32
planetlab1.cs.unc.edu_ricepl-2.cs.rice.edu_799 3	1059.444000	3349.483000	0.020000	0.000000	4408.947000	7078	528
node1.planetlab.albany.edu_ricepl-2.cs.rice.edu_2143 2	3183.510000	1278.310000	0.020000	0.000000	4461.840000	7148	32
node1.planetlab.albany.edu_ricepl-2.cs.rice.edu_2197 2	3285.603000	1297.077000	0.019000	0.000000	4582.699000	7161	32
node1.planetlab.albany.edu_ricepl-2.cs.rice.edu_2669 2	4048.554000	1665.120000	0.021000	0.000000	5713.695000	7279	32
planetlab1.cs.unc.edu_ricepl-2.cs.rice.edu_1204 3	5749.210000	0.044000	0.028000	0.000000	5749.282000	7405	528
planetlab03.cs.washington.edu_ricepl-2.cs.rice.edu_680 5	606.701000	5270.842000	0.027000	0.000000	5877.570000	6943	320
planetlab1.cs.uoregon.edu_ricepl-2.cs.rice.edu_746 4	489.092000	5778.965000	0.030000	0.000000	6268.087000	6912	256
earth.cs.brown.edu_ricepl-2.cs.rice.edu_2632 3	5350.472000	1150.691000	0.021000	0.000000	6501.184000	7075	96
planetlab4.rutgers.edu_ricepl-2.cs.rice.edu_1888 3	3379.436000	3129.091000	0.015000	0.000000	6508.542000	7335	1024
planetlab4.rutgers.edu_ricepl-2.cs.rice.edu_1924 3	3506.683000	3076.840000	0.242000	0.000000	6583.765000	7356	1024
roam2.cs.ou.edu_ricepl-2.cs.rice.edu_1572 1	2461.210000	4212.155000	0.019000	0.000000	6673.384000	7388	48
earth.cs.brown.edu_ricepl-2.cs.rice.edu_2743 3	5535.069000	1204.761000	0.015000	0.000000	6739.845000	7232	96
planetlab4.wail.wisc.edu_ricepl-2.cs.rice.edu_1605 2	2153.034000	4639.628000	0.034000	0.000000	6792.696000	6937	16
planetlab4.wail.wisc.edu_ricepl-2.cs.rice.edu_1616 2	2173.214000	4653.619000	0.012000	0.000000	6826.845000	6949	16
planetlab1.rutgers.edu_ricepl-2.cs.rice.edu_1513 4	4473.733000	2446.117000	0.035000	0.000000	6919.885000	7083	512
planetlab4.wail.wisc.edu_ricepl-2.cs.rice.edu_1647 2	2268.475000	4692.394000	0.013000	0.000000	6960.882000	6985	16
planetlab4.wail.wisc.edu_ricepl-2.cs.rice.edu_1659 2	2294.965000	4703.562000	0.017000	0.000000	6998.544000	6993	16
planetlab4.wail.wisc.edu_ricepl-2.cs.rice.edu_1668 2	2317.807000	4716.638000	0.021000	0.000000	7034.466000	7000	16
planetlab4.wail.wisc.edu_ricepl-2.cs.rice.edu_1674 2	2325.859000	4712.932000	0.016000	0.000000	7038.807000	7001	16
planetlab4.wail.wisc.edu_ricepl-2.cs.rice.edu_1688 2	2351.270000	4747.377000	0.019000	0.000000	7098.666000	7003	16
planetlab4.wail.wisc.edu_ricepl-2.cs.rice.edu_1697 2	2367.693000	4758.609000	0.016000	0.000000	7126.318000	7005	16
planetlab4.wail.wisc.edu_ricepl-2.cs.rice.edu_1745 2	2507.666000	4828.508000	0.033000	0.000000	7336.207000	7033	16
planetlab4.rutgers.edu_ricepl-2.cs.rice.edu_2373 3	7913.978000	0.035000	0.026000	0.000000	7914.039000	7428	1024
planetlab4.rutgers.edu_ricepl-2.cs.rice.edu_2440 3	8056.321000	42.167000	0.018000	0.000000	8098.506000	7440	1024
planetlab4.wail.wisc.edu_ricepl-2.cs.rice.edu_1894 2	2892.930000	5553.925000	0.028000	0.000000	8446.883000	7098	16
node1.planetlab.albany.edu_ricepl-2.cs.rice.edu_3851 2	5653.396000	2796.685000	0.019000	0.000000	8450.100000	7367	32
planetlab1.rutgers.edu_ricepl-2.cs.rice.edu_1899 4	5308.447000	3215.679000	0.063000	0.000000	8524.189000	7101	512
planetlab1.rutgers.edu_ricepl-2.cs.rice.edu_1903 4	5312.880000	3222.581000	0.038000	0.000000	8535.499000	7104	512
planetlab1.rutgers.edu_ricepl-2.cs.rice.edu_1905 4	5311.396000	3225.053000	0.027000	0.000000	8536.476000	7105	512
planetlab1.rutgers.edu_ricepl-2.cs.rice.edu_1907 4	5310.480000	3234.535000	0.156000	0.000000	8545.171000	7107	512
planetlab1.rutgers.edu_ricepl-2.cs.rice.edu_1909 4	5312.313000	3241.183000	0.032000	0.000000	8553.528000	7109	512
planetlab1.rutgers.edu_ricepl-2.cs.rice.edu_1911 4	5314.208000	3263.114000	0.026000	0.000000	8577.348000	7113	512
planetlab1.rutgers.edu_ricepl-2.cs.rice.edu_1916 4	5314.867000	3280.960000	0.030000	0.000000	8595.857000	7121	512
planetlab1.rutgers.edu_ricepl-2.cs.rice.edu_1918 4	5325.702000	3272.492000	0.116000	0.000000	8598.310000	7134	512
planetlab1.rutgers.edu_ricepl-2.cs.rice.edu_1922 4	5330.395000	3271.102000	0.031000	0.000000	8601.528000	7137	512
planetlab4.wail.wisc.edu_ricepl-2.cs.rice.edu_1935 2	2980.044000	5645.311000	0.021000	0.000000	8625.376000	7119	16
planetlab6.cs.duke.edu_ricepl-2.cs.rice.edu_1872 3	6014.502000	2661.119000	0.021000	0.000000	8675.642000	7203	288
planetlab4.wail.wisc.edu_ricepl-2.cs.rice.edu_1948 2	3017.661000	5662.782000	0.029000	0.000000	8680.472000	7129	16
planetlab6.cs.duke.edu_ricepl-2.cs.rice.edu_1887 3	6074.920000	2643.083000	0.184000	0.000000	8718.187000	7254	288
planetlab6.cs.duke.edu_ricepl-2.cs.rice.edu_1901 3	6121.950000	2645.780000	0.022000	0.000000	8767.752000	7369	288
planetlab2.netlab.uky.edu_ricepl-2.cs.rice.edu_1522 3	5351.562000	3636.817000	0.016000	0.000000	8988.395000	7192	544
planetlab2.netlab.uky.edu_ricepl-2.cs.rice.edu_1527 3	5359.537000	3645.094000	0.018000	0.000000	9004.649000	7208	544
planetlab2.netlab.uky.edu_ricepl-2.cs.rice.edu_1533 3	5382.510000	3650.240000	0.017000	0.000000	9032.767000	7216	544
planetlab2.netlab.uky.edu_ricepl-2.cs.rice.edu_1538 3	5388.758000	3653.647000	0.016000	0.000000	9042.421000	7224	544
planetlab2.netlab.uky.edu_ricepl-2.cs.rice.edu_1541 3	5392.398000	3664.727000	0.017000	0.000000	9057.142000	7225	544
planetlab2.netlab.uky.edu_ricepl-2.cs.rice.edu_1543 3	5393.873000	3665.894000	0.013000	0.000000	9059.780000	7226	544
planetlab2.netlab.uky.edu_ricepl-2.cs.rice.edu_1550 3	5402.607000	3689.191000	0.027000	0.000000	9091.825000	7228	544
planetlab-03.cs.princeton.edu_ricepl-2.cs.rice.edu_1783 3	5300.465000	4072.780000	0.021000	0.000000	9373.266000	6922	80
planetlab1.rutgers.edu_ricepl-2.cs.rice.edu_2170 4	5795.475000	3572.410000	0.033000	0.000000	9367.918000	7262	512
planetlab6.cs.duke.edu_ricepl-2.cs.rice.edu_2017 3	6473.863000	2918.392000	0.025000	0.000000	9392.280000	7453	288
planetlab-03.cs.princeton.edu_ricepl-2.cs.rice.edu_1820 3	5437.950000	4024.148000	0.012000	0.000000	9462.110000	7061	80
planetlab1.cs.cornell.edu_ricepl-2.cs.rice.edu_1599 4	8492.207000	980.834000	0.032000	0.000000	9473.073000	7526	1280
planetlab-03.cs.princeton.edu_ricepl-2.cs.rice.edu_1836 3	5455.365000	4033.200000	0.019000	0.000000	9488.584000	7136	80
plgmu2.ite.gmu.edu_ricepl-2.cs.rice.edu_1670 4	7780.733000	1764.018000	0.023000	0.000000	9544.774000	7529	896
planetlab1.rutgers.edu_ricepl-2.cs.rice.edu_2213 4	5819.596000	3734.938000	0.029000	0.000000	9554.563000	7414	512
planetlab1.rutgers.edu_ricepl-2.cs.rice.edu_2231 4	5829.171000	3779.623000	0.037000	0.000000	9608.831000	7458	512
planetlab1.rutgers.edu_ricepl-2.cs.rice.edu_2229 4	5830.028000	3779.348000	0.031000	0.000000	9609.407000	7454	512
planetlab1.rutgers.edu_ricepl-2.cs.rice.edu_2246 4	5833.950000	3849.452000	0.033000	0.000000	9683.435000	7502	512
planetlab4.wail.wisc.edu_ricepl-2.cs.rice.edu_2056 2	3287.487000	6418.508000	0.018000	0.000000	9706.013000	7170	16
planetlab1.rutgers.edu_ricepl-2.cs.rice.edu_2257 4	5847.177000	3859.144000	0.036000	0.000000	9706.357000	7510	512
planetlab1.rutgers.edu_ricepl-2.cs.rice.edu_2259 4	5847.374000	3861.637000	0.035000	0.000000	9709.046000	7514	512
planetlab1.rutgers.edu_ricepl-2.cs.rice.edu_2261 4	5847.481000	3864.603000	0.034000	0.000000	9712.118000	7516	512
planetlab1.rutgers.edu_ricepl-2.cs.rice.edu_2269 4	5852.546000	3876.739000	0.026000	0.000000	9729.311000	7518	512
planetlab1.rutgers.edu_ricepl-2.cs.rice.edu_2273 4	5857.911000	3902.942000	0.047000	0.000000	9760.900000	7519	512
planetlab4.wail.wisc.edu_ricepl-2.cs.rice.edu_2081 2	3341.983000	6497.422000	0.021000	0.000000	9839.426000	7184	16
planetlab4.wail.wisc.edu_ricepl-2.cs.rice.edu_2083 2	3344.863000	6496.560000	0.020000	0.000000	9841.443000	7186	16
planetlab4.wail.wisc.edu_ricepl-2.cs.rice.edu_2094 2	3364.812000	6518.706000	0.025000	0.000000	9883.543000	7187	16
planetlab4.wail.wisc.edu_ricepl-2.cs.rice.edu_2101 2	3377.034000	6538.673000	0.025000	0.000000	9915.732000	7190	16
planetlab4.wail.wisc.edu_ricepl-2.cs.rice.edu_2116 2	3397.854000	6579.920000	0.037000	0.000000	9977.811000	7194	16
planetlab2.netlab.uky.edu_ricepl-2.cs.rice.edu_1773 3	5752.769000	4331.920000	0.025000	0.000000	10084.714000	7288	544
planetlab2.netlab.uky.edu_ricepl-2.cs.rice.edu_1775 3	5755.681000	4333.866000	0.021000	0.000000	10089.568000	7352	544
planetlab2.netlab.uky.edu_ricepl-2.cs.rice.edu_1793 3	5808.865000	4352.460000	0.016000	0.000000	10161.341000	7480	544
planetlab4.wail.wisc.edu_ricepl-2.cs.rice.edu_2169 2	3500.350000	6718.007000	0.020000	0.000000	10218.377000	7212	16
planetlab4.wail.wisc.edu_ricepl-2.cs.rice.edu_2200 2	3552.981000	6845.207000	0.023000	0.000000	10398.211000	7218	16
planetlab4.wail.wisc.edu_ricepl-2.cs.rice.edu_2368 2	3784.414000	7210.102000	0.015000	0.000000	10994.531000	7250	16
planetlab4.rutgers.edu_ricepl-2.cs.rice.edu_3382 3	9677.574000	1399.598000	0.018000	0.000000	11077.190000	7444	1024
planetlab4.rutgers.edu_ricepl-2.cs.rice.edu_3393 3	9688.226000	1414.678000	0.019000	0.000000	11102.923000	7445	1024
planetlab4.rutgers.edu_ricepl-2.cs.rice.edu_3397 3	9692.734000	1422.333000	0.017000	0.000000	11115.084000	7446	1024
planetlab4.wail.wisc.edu_ricepl-2.cs.rice.edu_2407 2	3849.491000	7286.228000	0.017000	0.000000	11135.736000	7257	16
planetlab2.mnlab.cti.depaul.edu_ricepl-2.cs.rice.edu_1093 2	323.191000	10846.615000	0.010000	0.000000	11169.816000	6938	1152
planetlab4.rutgers.edu_ricepl-2.cs.rice.edu_3443 3	9936.061000	1360.675000	0.025000	0.000000	11296.761000	7452	1024
planetlab2.mnlab.cti.depaul.edu_ricepl-2.cs.rice.edu_1100 2	1018.872000	10302.709000	1.522000	0.000000	11323.103000	7081	1152
planetlab4.rutgers.edu_ricepl-2.cs.rice.edu_3533 3	10098.814000	1385.797000	0.023000	0.000000	11484.634000	7476	1024
planetlab2.mnlab.cti.depaul.edu_ricepl-2.cs.rice.edu_1154 2	2760.042000	9042.114000	0.011000	0.000000	11802.167000	7417	1152
planetlab-2.cs.uh.edu_ricepl-2.cs.rice.edu_1046 4	11854.026000	28.937000	0.022000	0.000000	11882.985000	7479	784
planetlab4.rutgers.edu_ricepl-2.cs.rice.edu_3700 3	10669.196000	1227.662000	0.019000	0.000000	11896.877000	7508	1024
node1.planetlab.albany.edu_ricepl-2.cs.rice.edu_5343 2	8092.198000	3849.256000	0.025000	0.000000	11941.479000	7443	32
planetlab7.flux.utah.edu_ricepl-2.cs.rice.edu_1545 4	10920.918000	1092.557000	0.027000	0.000000	12013.502000	7491	1536
planetlab4.rutgers.edu_ricepl-2.cs.rice.edu_3746 3	10807.276000	1205.997000	0.021000	0.000000	12013.294000	7528	1024
earth.cs.brown.edu_ricepl-2.cs.rice.edu_4683 3	9136.343000	2924.938000	0.024000	0.000000	12061.305000	7424	96
node1.planetlab.albany.edu_ricepl-2.cs.rice.edu_5545 2	8622.222000	3859.390000	0.076000	0.000000	12481.688000	7471	32
planetlab4.wail.wisc.edu_ricepl-2.cs.rice.edu_2721 2	4324.574000	8341.275000	0.023000	0.000000	12665.872000	7314	16
vn4.cse.wustl.edu_ricepl-2.cs.rice.edu_1322 3	5971.973000	6895.089000	0.027000	0.000000	12867.089000	7043	272
node1.planetlab.albany.edu_ricepl-2.cs.rice.edu_5788 2	9128.028000	3893.107000	0.025000	0.000000	13021.160000	7503	32
vn4.cse.wustl.edu_ricepl-2.cs.rice.edu_1366 3	6139.982000	7029.354000	0.028000	0.000000	13169.364000	7264	272
node1.planetlab.albany.edu_ricepl-2.cs.rice.edu_5959 2	9572.503000	3870.577000	0.036000	0.000000	13443.116000	7527	32
node1.planetlab.albany.edu_ricepl-2.cs.rice.edu_6007 2	9704.232000	3853.273000	0.025000	0.000000	13557.530000	7531	32
node1.planetlab.albany.edu_ricepl-2.cs.rice.edu_6024 2	9758.069000	3842.913000	0.018000	0.000000	13601.000000	7533	32
node1.planetlab.albany.edu_ricepl-2.cs.rice.edu_6028 2	9765.352000	3836.658000	0.015000	0.000000	13602.025000	7534	32
node1.planetlab.albany.edu_ricepl-2.cs.rice.edu_6036 2	9789.214000	3841.585000	0.018000	0.000000	13630.817000	7535	32
planetlab2.cs.cornell.edu_ricepl-2.cs.rice.edu_2601 4	11472.097000	2436.156000	0.020000	0.000000	13908.273000	7185	448
planetlab4.wail.wisc.edu_ricepl-2.cs.rice.edu_2997 2	5594.510000	8387.151000	0.097000	0.000000	13981.758000	7366	16
earth.cs.brown.edu_ricepl-2.cs.rice.edu_5464 3	10310.853000	4096.488000	0.024000	0.000000	14407.365000	7488	96
earth.cs.brown.edu_ricepl-2.cs.rice.edu_5504 3	10366.974000	4133.991000	0.019000	0.000000	14500.984000	7490	96
earth.cs.brown.edu_ricepl-2.cs.rice.edu_5508 3	10370.005000	4133.045000	0.020000	0.000000	14503.070000	7489	96
earth.cs.brown.edu_ricepl-2.cs.rice.edu_5523 3	10391.269000	4162.908000	0.044000	0.000000	14554.221000	7492	96
earth.cs.brown.edu_ricepl-2.cs.rice.edu_5552 3	10432.907000	4231.894000	0.020000	0.000000	14664.821000	7496	96
earth.cs.brown.edu_ricepl-2.cs.rice.edu_5650 3	10589.610000	4457.724000	0.020000	0.000000	15047.354000	7504	96
earth.cs.brown.edu_ricepl-2.cs.rice.edu_5820 3	10817.540000	4795.596000	0.023000	0.000000	15613.159000	7520	96
planetlab1.mnlab.cti.depaul.edu_ricepl-2.cs.rice.edu_1183 4	1965.366000	13852.571000	0.011000	0.000000	15817.948000	7128	1088
planetlab4.wail.wisc.edu_ricepl-2.cs.rice.edu_3694 2	7914.743000	8575.680000	0.027000	0.000000	16490.450000	7436	16
planetlab4.wail.wisc.edu_ricepl-2.cs.rice.edu_3730 2	8017.712000	8571.210000	0.026000	0.000000	16588.948000	7442	16
planetlab4.wail.wisc.edu_ricepl-2.cs.rice.edu_3798 2	8196.702000	8625.781000	0.021000	0.000000	16822.504000	7449	16
planetlab4.wail.wisc.edu_ricepl-2.cs.rice.edu_3908 2	8436.904000	8633.046000	0.029000	0.000000	17069.979000	7460	16
planetlab4.wail.wisc.edu_ricepl-2.cs.rice.edu_3927 2	8485.081000	8630.338000	0.021000	0.000000	17115.440000	7464	16
planetlab4.wail.wisc.edu_ricepl-2.cs.rice.edu_3949 2	8538.737000	8631.911000	0.028000	0.000000	17170.676000	7468	16
planetlab4.wail.wisc.edu_ricepl-2.cs.rice.edu_3952 2	8543.813000	8627.771000	0.023000	0.000000	17171.607000	7469	16
planetlab4.wail.wisc.edu_ricepl-2.cs.rice.edu_3963 2	8562.783000	8637.504000	0.021000	0.000000	17200.308000	7470	16
planetlab2.cs.columbia.edu_ricepl-2.cs.rice.edu_2064 2	17249.110000	0.202000	0.084000	0.000000	17249.396000	7411	112
pluto.cs.brown.edu_ricepl-2.cs.rice.edu_2226 5	11941.778000	5356.319000	0.021000	0.000000	17298.118000	7300	768
pluto.cs.brown.edu_ricepl-2.cs.rice.edu_2228 5	11941.916000	5371.656000	0.018000	0.000000	17313.590000	7296	768
pluto.cs.brown.edu_ricepl-2.cs.rice.edu_2230 5	11941.903000	5375.419000	0.015000	0.000000	17317.337000	7301	768
pluto.cs.brown.edu_ricepl-2.cs.rice.edu_2232 5	11955.303000	5385.183000	0.018000	0.000000	17340.504000	7308	768
pluto.cs.brown.edu_ricepl-2.cs.rice.edu_2234 5	11955.495000	5395.428000	0.014000	0.000000	17350.937000	7302	768
pluto.cs.brown.edu_ricepl-2.cs.rice.edu_2237 5	11989.034000	5373.073000	0.024000	0.000000	17362.131000	7316	768
pluto.cs.brown.edu_ricepl-2.cs.rice.edu_2241 5	12094.571000	5270.066000	0.028000	0.000000	17364.665000	7332	768
pluto.cs.brown.edu_ricepl-2.cs.rice.edu_2243 5	12116.261000	5250.886000	0.026000	0.000000	17367.173000	7364	768
planetlab4.wail.wisc.edu_ricepl-2.cs.rice.edu_4066 2	8815.262000	8653.691000	0.023000	0.000000	17468.976000	7484	16
planetlab4.wail.wisc.edu_ricepl-2.cs.rice.edu_4132 2	8957.420000	8733.964000	0.017000	0.000000	17691.401000	7494	16
planetlab4.wail.wisc.edu_ricepl-2.cs.rice.edu_4149 2	9005.891000	8765.264000	0.026000	0.000000	17771.181000	7497	16
planetlab4.wail.wisc.edu_ricepl-2.cs.rice.edu_4216 2	9166.509000	8840.503000	0.038000	0.000000	18007.050000	7505	16
planetlab4.wail.wisc.edu_ricepl-2.cs.rice.edu_4261 2	9316.932000	8855.803000	0.028000	0.000000	18172.763000	7512	16
planetlab4.wail.wisc.edu_ricepl-2.cs.rice.edu_4269 2	9339.690000	8859.694000	0.030000	0.000000	18199.414000	7513	16
planetlab4.wail.wisc.edu_ricepl-2.cs.rice.edu_4279 2	9356.504000	8877.261000	0.018000	0.000000	18233.783000	7515	16
planetlab4.wail.wisc.edu_ricepl-2.cs.rice.edu_4295 2	9419.597000	8869.891000	0.033000	0.000000	18289.521000	7517	16
planetlab4.wail.wisc.edu_ricepl-2.cs.rice.edu_4372 2	9661.898000	8889.904000	0.023000	0.000000	18551.825000	7532	16
planetlab2.umassd.edu_ricepl-2.cs.rice.edu_3948 4	9418.923000	10659.691000	0.050000	0.000000	20078.664000	6950	64
planetlab2.umassd.edu_ricepl-2.cs.rice.edu_3951 4	9427.188000	10666.673000	0.018000	0.000000	20093.879000	6957	64
planetlab2.umassd.edu_ricepl-2.cs.rice.edu_3959 4	9443.598000	10700.734000	0.017000	0.000000	20144.349000	6989	64
planetlab2.umassd.edu_ricepl-2.cs.rice.edu_3965 4	9449.232000	10737.624000	0.013000	0.000000	20186.869000	6995	64
planetlab2.umassd.edu_ricepl-2.cs.rice.edu_3974 4	9463.548000	10734.874000	0.015000	0.000000	20198.437000	7020	64
planetlab2.umassd.edu_ricepl-2.cs.rice.edu_3976 4	9464.877000	10738.320000	0.014000	0.000000	20203.211000	7017	64
planetlab2.umassd.edu_ricepl-2.cs.rice.edu_3979 4	9470.861000	10739.426000	0.050000	0.000000	20210.337000	7021	64
planetlab2.umassd.edu_ricepl-2.cs.rice.edu_3981 4	9471.605000	10745.948000	0.016000	0.000000	20217.569000	7023	64
planetlab2.umassd.edu_ricepl-2.cs.rice.edu_3984 4	9478.551000	10743.172000	0.016000	0.000000	20221.739000	7037	64
planetlab3.williams.edu_ricepl-2.cs.rice.edu_638 2	826.230000	19422.087000	0.019000	0.000000	20248.336000	7022	400
planetlab2.umassd.edu_ricepl-2.cs.rice.edu_4005 4	9511.837000	10768.600000	0.017000	0.000000	20280.454000	7097	64
planetlab2.umassd.edu_ricepl-2.cs.rice.edu_4016 4	9527.829000	10782.249000	0.057000	0.000000	20310.135000	7149	64
planetlab2.umassd.edu_ricepl-2.cs.rice.edu_4032 4	9546.586000	10806.558000	0.017000	0.000000	20353.161000	7207	64
planetlab2.umassd.edu_ricepl-2.cs.rice.edu_4034 4	9549.462000	10809.954000	0.013000	0.000000	20359.429000	7204	64
planetlab2.umassd.edu_ricepl-2.cs.rice.edu_4045 4	9571.067000	10815.226000	0.015000	0.000000	20386.308000	7202	64
planetlab2.umassd.edu_ricepl-2.cs.rice.edu_4049 4	9572.803000	10819.475000	0.051000	0.000000	20392.329000	7214	64
planetlab2.umassd.edu_ricepl-2.cs.rice.edu_4054 4	9578.131000	10818.124000	0.016000	0.000000	20396.271000	7222	64
planetlab2.umassd.edu_ricepl-2.cs.rice.edu_4056 4	9579.528000	10827.057000	0.016000	0.000000	20406.601000	7206	64
planetlab2.umassd.edu_ricepl-2.cs.rice.edu_4082 4	9671.201000	10794.253000	0.056000	0.000000	20465.510000	7258	64
planetlab2.umassd.edu_ricepl-2.cs.rice.edu_4084 4	9681.207000	10797.304000	0.016000	0.000000	20478.527000	7013	64
planetlab2.umassd.edu_ricepl-2.cs.rice.edu_4136 4	9856.824000	10743.752000	0.017000	0.000000	20600.593000	7270	64
plab4.eece.ksu.edu_ricepl-2.cs.rice.edu_2471 2	613.560000	20595.607000	0.011000	0.000000	21209.178000	6997	2080
planetlab2.umassd.edu_ricepl-2.cs.rice.edu_4309 4	10464.256000	10947.123000	0.015000	0.000000	21411.394000	7334	64
planetlab2.umassd.edu_ricepl-2.cs.rice.edu_4417 4	10630.344000	14236.519000	0.016000	0.000000	24866.879000	7344	64
plab4.eece.ksu.edu_ricepl-2.cs.rice.edu_2503 2	1446.435000	23928.175000	0.012000	0.000000	25374.622000	7173	2080
planetlab1.cs.uoregon.edu_ricepl-2.cs.rice.edu_3106 4	7506.888000	18294.348000	0.023000	0.000000	25801.259000	6928	256
planetlab1.cs.uoregon.edu_ricepl-2.cs.rice.edu_3118 4	7539.745000	18285.780000	0.054000	0.000000	25825.579000	6929	256
planetlab1.cs.uoregon.edu_ricepl-2.cs.rice.edu_3120 4	7540.073000	18298.487000	0.012000	0.000000	25838.572000	6930	256
planetlab1.cs.uoregon.edu_ricepl-2.cs.rice.edu_3122 4	7542.037000	18354.304000	0.014000	0.000000	25896.355000	6932	256
planetlab1.cs.uoregon.edu_ricepl-2.cs.rice.edu_3155 4	7612.540000	18551.343000	0.030000	0.000000	26163.913000	6936	256
planetlab2.umassd.edu_ricepl-2.cs.rice.edu_4713 4	11348.470000	14978.481000	0.019000	0.000000	26326.970000	7365	64
planetlab4.williams.edu_ricepl-2.cs.rice.edu_1783 4	27016.342000	0.035000	0.022000	0.000000	27016.399000	7247	336
planetlab-01.bu.edu_ricepl-2.cs.rice.edu_3217 3	27245.555000	0.069000	0.020000	0.000000	27245.644000	7347	640
planetlab2.umassd.edu_ricepl-2.cs.rice.edu_5052 4	12538.754000	15035.803000	0.056000	0.000000	27574.613000	7174	64
planetlab2.eecs.umich.edu_ricepl-2.cs.rice.edu_4579 3	21070.819000	7105.782000	0.065000	0.000000	28176.666000	6934	2048
planetlab2.eecs.umich.edu_ricepl-2.cs.rice.edu_4585 3	21086.492000	7106.311000	0.067000	0.000000	28192.870000	6939	2048
planetlab2.eecs.umich.edu_ricepl-2.cs.rice.edu_4624 3	21288.797000	7040.553000	0.032000	0.000000	28329.382000	6991	2048
plab4.eece.ksu.edu_ricepl-2.cs.rice.edu_2515 2	2348.950000	26259.563000	0.012000	0.000000	28608.525000	7350	2080
planetlab2.umassd.edu_ricepl-2.cs.rice.edu_5277 4	13024.668000	15645.654000	0.059000	0.000000	28670.381000	7462	64
planetlab-01.ece.uprm.edu_ricepl-2.cs.rice.edu_2779 3	21689.146000	6990.263000	0.046000	0.000000	28679.455000	7034	2144
planetlab2.eecs.umich.edu_ricepl-2.cs.rice.edu_4727 3	21927.300000	6917.786000	0.074000	0.000000	28845.160000	7011	2048
pl1.rcc.uottawa.ca_ricepl-2.cs.rice.edu_7256 3	6660.650000	22426.543000	0.032000	0.000000	29087.225000	6910	0
pl1.rcc.uottawa.ca_ricepl-2.cs.rice.edu_7268 3	6684.000000	22446.430000	0.017000	0.000000	29130.447000	6908	0
pl1.rcc.uottawa.ca_ricepl-2.cs.rice.edu_7270 3	6677.640000	22452.737000	0.012000	0.000000	29130.389000	6914	0
pl1.rcc.uottawa.ca_ricepl-2.cs.rice.edu_7292 3	6700.272000	22487.885000	0.026000	0.000000	29188.183000	6921	0
planetlab1.cs.uoregon.edu_ricepl-2.cs.rice.edu_3591 4	8518.532000	20842.176000	0.050000	0.000000	29360.758000	6945	256
planetlab2.eecs.umich.edu_ricepl-2.cs.rice.edu_4872 3	22826.534000	6773.316000	0.075000	0.000000	29599.925000	7051	2048
planetlab2.eecs.umich.edu_ricepl-2.cs.rice.edu_4876 3	22855.641000	6758.316000	0.077000	0.000000	29614.034000	7059	2048
planetlab2.eecs.umich.edu_ricepl-2.cs.rice.edu_4881 3	22888.234000	6733.357000	0.078000	0.000000	29621.669000	7066	2048
planetlab2.eecs.umich.edu_ricepl-2.cs.rice.edu_4900 3	22981.503000	6763.564000	0.076000	0.000000	29745.143000	7071	2048
planetlab2.eecs.umich.edu_ricepl-2.cs.rice.edu_4924 3	23112.205000	6754.202000	0.075000	0.000000	29866.482000	7065	2048
pl1.rcc.uottawa.ca_ricepl-2.cs.rice.edu_7556 3	6957.854000	22961.921000	0.019000	0.000000	29919.794000	6974	0
pl1.rcc.uottawa.ca_ricepl-2.cs.rice.edu_7583 3	6969.681000	22992.513000	0.022000	0.000000	29962.216000	6976	0
pl1.rcc.uottawa.ca_ricepl-2.cs.rice.edu_7606 3	6986.005000	23010.275000	0.029000	0.000000	29996.309000	6978	0
pl1.rcc.uottawa.ca_ricepl-2.cs.rice.edu_7610 3	6991.535000	23008.402000	0.032000	0.000000	29999.969000	6979	0
pl1.rcc.uottawa.ca_ricepl-2.cs.rice.edu_7617 3	7001.321000	23028.071000	0.020000	0.000000	30029.412000	6982	0
pl1.rcc.uottawa.ca_ricepl-2.cs.rice.edu_7629 3	7013.504000	23045.461000	0.022000	0.000000	30058.987000	6986	0
pl1.rcc.uottawa.ca_ricepl-2.cs.rice.edu_7684 3	7064.119000	23128.839000	0.039000	0.000000	30192.997000	6994	0
plab4.eece.ksu.edu_ricepl-2.cs.rice.edu_2531 2	3176.863000	27317.852000	0.011000	0.000000	30494.726000	7478	2080
planetlab2.eecs.umich.edu_ricepl-2.cs.rice.edu_5043 3	24860.969000	5756.615000	0.072000	0.000000	30617.656000	7067	2048
pl1.rcc.uottawa.ca_ricepl-2.cs.rice.edu_7821 3	7198.027000	23429.507000	0.013000	0.000000	30627.547000	7010	0
planetlab2.eecs.umich.edu_ricepl-2.cs.rice.edu_5059 3	24926.697000	5776.872000	0.078000	0.000000	30703.647000	7077	2048
pl1.rcc.uottawa.ca_ricepl-2.cs.rice.edu_7864 3	7230.694000	23495.174000	0.016000	0.000000	30725.884000	7018	0
pl1.rcc.uottawa.ca_ricepl-2.cs.rice.edu_8043 3	7423.619000	23808.848000	0.018000	0.000000	31232.485000	7036	0
planetlab2.eecs.umich.edu_ricepl-2.cs.rice.edu_5178 3	25564.735000	5794.103000	0.078000	0.000000	31358.916000	7099	2048
planetlab1.cs.uoregon.edu_ricepl-2.cs.rice.edu_3854 4	9285.103000	22081.824000	0.020000	0.000000	31366.947000	6946	256
planetlab2.eecs.umich.edu_ricepl-2.cs.rice.edu_5228 3	25771.298000	5842.156000	0.106000	0.000000	31613.560000	7120	2048
planetlab2.eecs.umich.edu_ricepl-2.cs.rice.edu_5257 3	25883.838000	5920.641000	0.076000	0.000000	31804.555000	7131	2048
pl1.rcc.uottawa.ca_ricepl-2.cs.rice.edu_8651 3	8105.158000	25076.965000	0.438000	0.000000	33182.561000	7062	0
planetlab2.eecs.umich.edu_ricepl-2.cs.rice.edu_5596 3	27247.197000	6280.504000	0.086000	0.000000	33527.787000	7219	2048
planetlab1.cs.pitt.edu_ricepl-2.cs.rice.edu_3919 3	33535.346000	36.024000	0.017000	0.000000	33571.387000	7133	384
planetlab1.cs.pitt.edu_ricepl-2.cs.rice.edu_3923 3	33537.485000	40.815000	0.017000	0.000000	33578.317000	7230	384
pl1.rcc.uottawa.ca_ricepl-2.cs.rice.edu_8797 3	8239.672000	25579.354000	0.027000	0.000000	33819.053000	7073	0
planetlab2.eecs.umich.edu_ricepl-2.cs.rice.edu_5694 3	27543.693000	6307.972000	0.077000	0.000000	33851.742000	7238	2048
planetlab2.eecs.umich.edu_ricepl-2.cs.rice.edu_5732 3	27671.949000	6287.311000	0.078000	0.000000	33959.338000	7248	2048
pl2.eecs.utk.edu_ricepl-2.cs.rice.edu_6930 2	25643.998000	8386.064000	0.027000	0.000000	34030.089000	7341	224
planetlab1.cs.uoregon.edu_ricepl-2.cs.rice.edu_4141 4	9948.018000	24142.024000	0.044000	0.000000	34090.086000	6944	256
pl1.rcc.uottawa.ca_ricepl-2.cs.rice.edu_8904 3	8331.271000	26076.419000	0.022000	0.000000	34407.712000	7082	0
planetlab2.eecs.umich.edu_ricepl-2.cs.rice.edu_5915 3	28543.144000	5990.394000	0.077000	0.000000	34533.615000	7164	2048
planetlab2.eecs.umich.edu_ricepl-2.cs.rice.edu_6041 3	29028.452000	5929.897000	0.080000	0.000000	34958.429000	7312	2048
planetlab2.eecs.umich.edu_ricepl-2.cs.rice.edu_6096 3	29288.693000	5904.182000	0.072000	0.000000	35192.947000	7340	2048
planetlab2.eecs.umich.edu_ricepl-2.cs.rice.edu_6145 3	29501.475000	5944.528000	0.077000	0.000000	35446.080000	7360	2048
planetlab2.eecs.umich.edu_ricepl-2.cs.rice.edu_6219 3	29842.073000	5983.560000	0.076000	0.000000	35825.709000	7378	2048
planetlab2.eecs.umich.edu_ricepl-2.cs.rice.edu_6241 3	29909.780000	5994.138000	0.078000	0.000000	35903.996000	7380	2048
planetlab2.eecs.umich.edu_ricepl-2.cs.rice.edu_6245 3	29925.853000	5984.307000	0.076000	0.000000	35910.236000	7384	2048
planetlab2.eecs.umich.edu_ricepl-2.cs.rice.edu_6265 3	30036.432000	5968.434000	0.078000	0.000000	36004.944000	7376	2048
pl1.rcc.uottawa.ca_ricepl-2.cs.rice.edu_9166 3	8566.728000	27449.220000	0.026000	0.000000	36015.974000	7106	0
planetlab2.eecs.umich.edu_ricepl-2.cs.rice.edu_6267 3	30051.712000	5967.702000	0.231000	0.000000	36019.645000	7377	2048
planetlab1.cs.uoregon.edu_ricepl-2.cs.rice.edu_4244 4	10234.717000	25855.161000	0.138000	0.000000	36090.016000	6948	256
planetlab1.cs.uoregon.edu_ricepl-2.cs.rice.edu_4247 4	10238.092000	25874.597000	0.023000	0.000000	36112.712000	6960	256
planetlab1.cs.uoregon.edu_ricepl-2.cs.rice.edu_4249 4	10239.869000	25897.801000	0.027000	0.000000	36137.697000	6952	256
planetlab1.cs.uoregon.edu_ricepl-2.cs.rice.edu_4251 4	10240.839000	25899.031000	0.019000	0.000000	36139.889000	6961	256
planetlab1.cs.uoregon.edu_ricepl-2.cs.rice.edu_4255 4	10247.226000	25899.129000	0.045000	0.000000	36146.400000	6962	256
planetlab2.eecs.umich.edu_ricepl-2.cs.rice.edu_6300 3	30171.843000	5968.748000	0.183000	0.000000	36140.774000	7408	2048
pl1.rcc.uottawa.ca_ricepl-2.cs.rice.edu_9202 3	8603.711000	27566.878000	0.029000	0.000000	36170.618000	7114	0
planetlab1.cs.uoregon.edu_ricepl-2.cs.rice.edu_4274 4	10312.530000	26008.629000	0.042000	0.000000	36321.201000	6963	256
planetlab1.cs.uoregon.edu_ricepl-2.cs.rice.edu_4291 4	10347.856000	26108.833000	0.030000	0.000000	36456.719000	6964	256
planetlab1.cs.uoregon.edu_ricepl-2.cs.rice.edu_4295 4	10352.111000	26133.619000	0.049000	0.000000	36485.779000	6966	256
pl1.rcc.uottawa.ca_ricepl-2.cs.rice.edu_9306 3	8703.051000	27899.955000	0.020000	0.000000	36603.026000	7124	0
planetlab1.cs.uoregon.edu_ricepl-2.cs.rice.edu_4323 4	10466.248000	26262.495000	0.026000	0.000000	36728.769000	6968	256
planetlab1.cs.uoregon.edu_ricepl-2.cs.rice.edu_4327 4	10455.264000	26276.687000	0.026000	0.000000	36731.977000	6965	256
planetlab1.cs.uoregon.edu_ricepl-2.cs.rice.edu_4332 4	10459.903000	26306.117000	0.040000	0.000000	36766.060000	6969	256
planetlab1.cs.uoregon.edu_ricepl-2.cs.rice.edu_4333 4	10460.167000	26308.712000	0.013000	0.000000	36768.892000	6970	256
planetlab1.cs.uoregon.edu_ricepl-2.cs.rice.edu_4334 4	10460.625000	26317.731000	0.012000	0.000000	36778.368000	6972	256
pl1.rcc.uottawa.ca_ricepl-2.cs.rice.edu_9432 3	8807.720000	28232.802000	0.027000	0.000000	37040.549000	7138	0
planetlab1.cs.uoregon.edu_ricepl-2.cs.rice.edu_4372 4	10564.489000	26560.203000	0.029000	0.000000	37124.721000	6981	256
planetlab2.eecs.umich.edu_ricepl-2.cs.rice.edu_6646 3	32593.779000	4555.681000	0.373000	0.000000	37149.833000	7523	2048
planetlab1.cs.uoregon.edu_ricepl-2.cs.rice.edu_4382 4	10583.463000	26595.439000	0.040000	0.000000	37178.942000	6992	256
pl1.rcc.uottawa.ca_ricepl-2.cs.rice.edu_9504 3	8881.731000	28381.576000	0.020000	0.000000	37263.327000	7144	0
pl1.rcc.uottawa.ca_ricepl-2.cs.rice.edu_9509 3	8882.830000	28413.853000	0.018000	0.000000	37296.701000	7146	0
pl1.rcc.uottawa.ca_ricepl-2.cs.rice.edu_9528 3	8906.446000	28481.040000	0.020000	0.000000	37387.506000	7147	0
pl1.rcc.uottawa.ca_ricepl-2.cs.rice.edu_9554 3	8929.583000	28599.963000	0.019000	0.000000	37529.565000	7150	0
planetlab1.cs.uoregon.edu_ricepl-2.cs.rice.edu_4442 4	10744.482000	26910.438000	0.025000	0.000000	37654.945000	7008	256
planetlab1.cs.uoregon.edu_ricepl-2.cs.rice.edu_4466 4	10799.822000	27002.069000	0.022000	0.000000	37801.913000	7024	256
planetlab1.cs.uoregon.edu_ricepl-2.cs.rice.edu_4477 4	10824.364000	27034.349000	0.025000	0.000000	37858.738000	7025	256
planetlab1.cs.uoregon.edu_ricepl-2.cs.rice.edu_4480 4	10829.590000	27083.375000	0.018000	0.000000	37912.983000	7026	256
planetlab1.cs.uoregon.edu_ricepl-2.cs.rice.edu_4491 4	10859.901000	27090.106000	0.032000	0.000000	37950.039000	7028	256
planetlab1.cs.uoregon.edu_ricepl-2.cs.rice.edu_4492 4	10859.860000	27109.201000	0.015000	0.000000	37969.076000	7032	256
pl1.rcc.uottawa.ca_ricepl-2.cs.rice.edu_9955 3	9427.587000	31540.218000	0.029000	0.000000	40967.834000	7162	0
pl1.rcc.uottawa.ca_ricepl-2.cs.rice.edu_10186 3	9729.342000	33018.167000	0.022000	0.000000	42747.531000	7168	0
planetlab5.williams.edu_ricepl-2.cs.rice.edu_3489 4	29147.323000	13607.069000	0.016000	0.000000	42754.408000	7196	2112
planetlab5.williams.edu_ricepl-2.cs.rice.edu_3495 4	29191.923000	13589.711000	0.020000	0.000000	42781.654000	7273	2112
planetlab5.williams.edu_ricepl-2.cs.rice.edu_3500 4	29221.104000	13583.600000	0.020000	0.000000	42804.724000	7299	2112
pl1.rcc.uottawa.ca_ricepl-2.cs.rice.edu_10207 3	9753.991000	33100.347000	0.019000	0.000000	42854.357000	7169	0
planetlab5.williams.edu_ricepl-2.cs.rice.edu_3522 4	31449.688000	11448.089000	0.020000	0.000000	42897.797000	7511	2112
pl1.rcc.uottawa.ca_ricepl-2.cs.rice.edu_10286 3	9835.688000	33440.493000	0.023000	0.000000	43276.204000	7176	0
pl1.rcc.uottawa.ca_ricepl-2.cs.rice.edu_10307 3	9852.401000	33549.068000	0.022000	0.000000	43401.491000	7177	0
pl1.rcc.uottawa.ca_ricepl-2.cs.rice.edu_10309 3	9851.301000	33562.033000	0.015000	0.000000	43413.349000	7179	0
pl1.rcc.uottawa.ca_ricepl-2.cs.rice.edu_10333 3	9875.396000	33705.112000	0.017000	0.000000	43580.525000	7181	0
pl1.rcc.uottawa.ca_ricepl-2.cs.rice.edu_10342 3	9887.002000	33803.853000	0.022000	0.000000	43690.877000	7183	0
pl1.rcc.uottawa.ca_ricepl-2.cs.rice.edu_10413 3	9950.150000	34128.297000	0.018000	0.000000	44078.465000	7189	0
planetlab1.cs.uoregon.edu_ricepl-2.cs.rice.edu_5379 4	13059.479000	31127.059000	0.044000	0.000000	44186.582000	7056	256
pl1.rcc.uottawa.ca_ricepl-2.cs.rice.edu_10431 3	9975.368000	34220.262000	0.030000	0.000000	44195.660000	7191	0
planetlab1.cs.uoregon.edu_ricepl-2.cs.rice.edu_5393 4	13077.047000	31204.262000	0.032000	0.000000	44281.341000	7072	256
planetlab1.cs.uoregon.edu_ricepl-2.cs.rice.edu_5401 4	13099.573000	31251.109000	0.024000	0.000000	44350.706000	7087	256
planetlab1.cs.uoregon.edu_ricepl-2.cs.rice.edu_5406 4	13111.303000	31264.105000	0.047000	0.000000	44375.455000	7090	256
pl1.rcc.uottawa.ca_ricepl-2.cs.rice.edu_10471 3	10018.915000	34383.682000	0.020000	0.000000	44402.617000	7193	0
planetlab1.cs.uoregon.edu_ricepl-2.cs.rice.edu_5408 4	13116.995000	31290.453000	0.029000	0.000000	44407.477000	7088	256
planetlab1.cs.uoregon.edu_ricepl-2.cs.rice.edu_5410 4	13124.641000	31285.020000	0.032000	0.000000	44409.693000	7089	256
pl1.rcc.uottawa.ca_ricepl-2.cs.rice.edu_10485 3	10035.402000	34487.143000	0.033000	0.000000	44522.578000	7195	0
planetlab1.cs.uoregon.edu_ricepl-2.cs.rice.edu_5433 4	13173.849000	31409.939000	0.023000	0.000000	44583.811000	7092	256
planetlab1.cs.uoregon.edu_ricepl-2.cs.rice.edu_5442 4	13188.618000	31428.107000	0.019000	0.000000	44616.744000	7096	256
planetlab1.cs.uoregon.edu_ricepl-2.cs.rice.edu_5448 4	13216.502000	31455.832000	0.037000	0.000000	44672.371000	7130	256
planetlab1.cs.uoregon.edu_ricepl-2.cs.rice.edu_5452 4	13234.020000	31497.641000	0.034000	0.000000	44731.695000	7152	256
pl1.rcc.uottawa.ca_ricepl-2.cs.rice.edu_10541 3	10088.327000	34850.497000	0.037000	0.000000	44938.861000	7197	0
planetlab1.cs.uoregon.edu_ricepl-2.cs.rice.edu_5494 4	13335.066000	31669.467000	0.047000	0.000000	45004.580000	7291	256
pl1.rcc.uottawa.ca_ricepl-2.cs.rice.edu_10592 3	10129.254000	35111.297000	0.021000	0.000000	45240.572000	7199	0
planetlab1.cs.uoregon.edu_ricepl-2.cs.rice.edu_5532 4	13435.047000	31867.794000	0.045000	0.000000	45302.886000	7379	256
pl1.rcc.uottawa.ca_ricepl-2.cs.rice.edu_10603 3	10134.333000	35176.851000	0.021000	0.000000	45311.205000	7198	0
pl1.rcc.uottawa.ca_ricepl-2.cs.rice.edu_10606 3	10134.940000	35182.293000	0.025000	0.000000	45317.258000	7201	0
pl1.rcc.uottawa.ca_ricepl-2.cs.rice.edu_10631 3	10159.290000	35355.837000	0.019000	0.000000	45515.146000	7205	0
pl1.rcc.uottawa.ca_ricepl-2.cs.rice.edu_10710 3	10242.713000	35796.197000	0.039000	0.000000	46038.949000	7209	0
pl1.rcc.uottawa.ca_ricepl-2.cs.rice.edu_10713 3	10248.517000	35820.890000	0.032000	0.000000	46069.439000	7210	0
planetlab03.cs.washington.edu_ricepl-2.cs.rice.edu_4869 5	27168.556000	19392.273000	0.071000	0.000000	46560.900000	7420	320
planetlab1.cs.uoregon.edu_ricepl-2.cs.rice.edu_5767 4	14032.906000	33169.150000	0.036000	0.000000	47202.092000	7472	256
planetlab1.cs.uoregon.edu_ricepl-2.cs.rice.edu_5823 4	14181.944000	33434.383000	0.038000	0.000000	47616.365000	7493	256
pl1.rcc.uottawa.ca_ricepl-2.cs.rice.edu_10921 3	10447.932000	37177.058000	0.017000	0.000000	47625.007000	7217	0
planetlab1.cs.uoregon.edu_ricepl-2.cs.rice.edu_5850 4	14249.996000	33531.717000	0.025000	0.000000	47781.738000	7507	256
pl1.rcc.uottawa.ca_ricepl-2.cs.rice.edu_10986 3	10514.417000	37471.832000	0.020000	0.000000	47986.269000	7220	0
pl1.rcc.uottawa.ca_ricepl-2.cs.rice.edu_10990 3	10519.659000	37497.141000	0.026000	0.000000	48016.826000	7221	0
pl1.rcc.uottawa.ca_ricepl-2.cs.rice.edu_11006 3	10527.761000	37578.673000	0.043000	0.000000	48106.477000	7223	0
pl1.rcc.uottawa.ca_ricepl-2.cs.rice.edu_11124 3	10639.927000	38412.554000	0.022000	0.000000	49052.503000	7229	0
pl1.rcc.uottawa.ca_ricepl-2.cs.rice.edu_11171 3	10685.778000	38514.748000	0.021000	0.000000	49200.547000	7231	0
pl1.rcc.uottawa.ca_ricepl-2.cs.rice.edu_11180 3	10694.064000	38564.199000	0.024000	0.000000	49258.287000	7237	0
pl1.rcc.uottawa.ca_ricepl-2.cs.rice.edu_11329 3	10852.316000	39312.560000	0.021000	0.000000	50164.897000	7242	0
pl1.rcc.uottawa.ca_ricepl-2.cs.rice.edu_11339 3	10864.502000	39415.566000	0.029000	0.000000	50280.097000	7241	0
planetlab01.sys.virginia.edu_ricepl-2.cs.rice.edu_2270 1	2057.739000	49829.458000	0.025000	0.000000	51887.222000	7211	144
pl1.rcc.uottawa.ca_ricepl-2.cs.rice.edu_11496 3	11003.855000	41729.007000	0.020000	0.000000	52732.882000	7249	0
planetlab01.sys.virginia.edu_ricepl-2.cs.rice.edu_2293 1	3007.421000	51381.001000	0.025000	0.000000	54388.447000	7348	144
aguila2.lsi.upc.edu_ricepl-2.cs.rice.edu_3223 5	29396.061000	25460.662000	0.004000	0.000000	54856.727000	7385	576
planetlab01.sys.virginia.edu_ricepl-2.cs.rice.edu_2300 1	3076.756000	51786.742000	0.028000	0.000000	54863.526000	7361	144
aguila2.lsi.upc.edu_ricepl-2.cs.rice.edu_3226 5	29432.072000	25430.609000	0.011000	0.000000	54862.692000	7437	576
pl1.rcc.uottawa.ca_ricepl-2.cs.rice.edu_11581 3	11096.153000	45500.863000	0.019000	0.000000	56597.035000	7252	0
planetlab1.eecs.umich.edu_ricepl-2.cs.rice.edu_2019 4	60932.723000	3.176000	0.104000	0.000000	60936.003000	7145	2304
nodeb.howard.edu_ricepl-2.cs.rice.edu_1468 5	60949.872000	0.174000	0.033000	0.000000	60950.079000	7110	2368
planetlab1.eecs.umich.edu_ricepl-2.cs.rice.edu_2025 4	60965.918000	9.286000	0.080000	0.000000	60975.284000	7178	2304
planetlab1.eecs.umich.edu_ricepl-2.cs.rice.edu_2035 4	61078.938000	1.498000	0.077000	0.000000	61080.513000	7353	2304
planetlab1.eecs.umich.edu_ricepl-2.cs.rice.edu_2071 4	61253.874000	7.990000	0.076000	0.000000	61261.940000	7426	2304
planetlab1.eecs.umich.edu_ricepl-2.cs.rice.edu_2073 4	61268.135000	15.895000	0.074000	0.000000	61284.104000	7432	2304
planetlab1.eecs.umich.edu_ricepl-2.cs.rice.edu_2075 4	61282.737000	8.848000	0.073000	0.000000	61291.658000	7434	2304
planetlab1.eecs.umich.edu_ricepl-2.cs.rice.edu_2077 4	61298.947000	2.937000	0.075000	0.000000	61301.959000	7435	2304
planetlab1.eecs.umich.edu_ricepl-2.cs.rice.edu_2079 4	61307.715000	0.978000	0.069000	0.000000	61308.762000	7438	2304
planetlab1.eecs.umich.edu_ricepl-2.cs.rice.edu_2085 4	61333.565000	8.710000	0.077000	0.000000	61342.352000	7450	2304
planetlab1.eecs.umich.edu_ricepl-2.cs.rice.edu_2093 4	61385.632000	8.080000	0.074000	0.000000	61393.786000	7466	2304
planetlab1.eecs.umich.edu_ricepl-2.cs.rice.edu_2099 4	61428.761000	7.072000	0.071000	0.000000	61435.904000	7498	2304
pl1.rcc.uottawa.ca_ricepl-2.cs.rice.edu_11603 3	11117.046000	51003.553000	0.022000	0.000000	62120.621000	7253	0
pl1.rcc.uottawa.ca_ricepl-2.cs.rice.edu_11638 3	11146.009000	51694.686000	0.031000	0.000000	62840.726000	7255	0
pl1.rcc.uottawa.ca_ricepl-2.cs.rice.edu_11761 3	11309.584000	55531.536000	0.097000	0.000000	66841.217000	7261	0
pl1.rcc.uottawa.ca_ricepl-2.cs.rice.edu_11780 3	11327.910000	56168.651000	0.019000	0.000000	67496.580000	7263	0
pl1.rcc.uottawa.ca_ricepl-2.cs.rice.edu_11802 3	11357.577000	56601.714000	0.021000	0.000000	67959.312000	7265	0
pl1.rcc.uottawa.ca_ricepl-2.cs.rice.edu_11822 3	11396.245000	56929.306000	0.025000	0.000000	68325.576000	7266	0
pl1.rcc.uottawa.ca_ricepl-2.cs.rice.edu_11840 3	11407.130000	57231.782000	0.019000	0.000000	68638.931000	7269	0
pl1.rcc.uottawa.ca_ricepl-2.cs.rice.edu_11845 3	11417.776000	57286.211000	0.030000	0.000000	68704.017000	7268	0
pl1.rcc.uottawa.ca_ricepl-2.cs.rice.edu_11868 3	11464.983000	57510.491000	0.034000	0.000000	68975.508000	7272	0
pl1.rcc.uottawa.ca_ricepl-2.cs.rice.edu_11880 3	11493.266000	57592.902000	0.030000	0.000000	69086.198000	7271	0
pl1.rcc.uottawa.ca_ricepl-2.cs.rice.edu_11910 3	11554.642000	58047.588000	0.024000	0.000000	69602.254000	7274	0
pl1.rcc.uottawa.ca_ricepl-2.cs.rice.edu_11956 3	11646.198000	58748.150000	0.036000	0.000000	70394.384000	7275	0
pl1.rcc.uottawa.ca_ricepl-2.cs.rice.edu_11985 3	11691.395000	59282.426000	0.028000	0.000000	70973.849000	7277	0
flow.colgate.edu_ricepl-2.cs.rice.edu_6439 3	26216.442000	44976.719000	0.025000	0.000000	71193.186000	6996	192
flow.colgate.edu_ricepl-2.cs.rice.edu_6443 3	26224.689000	44978.407000	0.011000	0.000000	71203.107000	7102	192
flow.colgate.edu_ricepl-2.cs.rice.edu_6447 3	26244.076000	44979.296000	0.021000	0.000000	71223.393000	7115	192
pl1.rcc.uottawa.ca_ricepl-2.cs.rice.edu_12104 3	11865.383000	60388.551000	0.035000	0.000000	72253.969000	7278	0
pl1.rcc.uottawa.ca_ricepl-2.cs.rice.edu_12146 3	11930.059000	60506.993000	0.020000	0.000000	72437.072000	7281	0
pl1.rcc.uottawa.ca_ricepl-2.cs.rice.edu_12161 3	11951.095000	60535.491000	0.389000	0.000000	72486.975000	7280	0
pl1.rcc.uottawa.ca_ricepl-2.cs.rice.edu_12184 3	11980.961000	60594.106000	0.021000	0.000000	72575.088000	7283	0
pl1.rcc.uottawa.ca_ricepl-2.cs.rice.edu_12204 3	12025.460000	60624.420000	0.022000	0.000000	72649.902000	7284	0
pl1.rcc.uottawa.ca_ricepl-2.cs.rice.edu_12206 3	12024.234000	60628.507000	0.013000	0.000000	72652.754000	7285	0
pl1.rcc.uottawa.ca_ricepl-2.cs.rice.edu_12218 3	12047.699000	60654.727000	0.020000	0.000000	72702.446000	7287	0
pl1.rcc.uottawa.ca_ricepl-2.cs.rice.edu_12226 3	12060.616000	60669.029000	0.025000	0.000000	72729.670000	7286	0
pl1.rcc.uottawa.ca_ricepl-2.cs.rice.edu_12252 3	12098.658000	60710.604000	0.018000	0.000000	72809.280000	7289	0
pl1.rcc.uottawa.ca_ricepl-2.cs.rice.edu_12285 3	12144.377000	60784.947000	0.026000	0.000000	72929.350000	7290	0
pl1.rcc.uottawa.ca_ricepl-2.cs.rice.edu_12288 3	12144.322000	60811.573000	0.025000	0.000000	72955.920000	7292	0
pl1.rcc.uottawa.ca_ricepl-2.cs.rice.edu_12317 3	12184.034000	60894.862000	0.019000	0.000000	73078.915000	7293	0
pl1.rcc.uottawa.ca_ricepl-2.cs.rice.edu_12341 3	12206.308000	60965.257000	0.024000	0.000000	73171.589000	7295	0
pl1.rcc.uottawa.ca_ricepl-2.cs.rice.edu_12354 3	12223.655000	60989.821000	0.019000	0.000000	73213.495000	7297	0
pl1.rcc.uottawa.ca_ricepl-2.cs.rice.edu_12534 3	12488.114000	61361.922000	0.027000	0.000000	73850.063000	7303	0
pl1.rcc.uottawa.ca_ricepl-2.cs.rice.edu_12552 3	12512.705000	61423.642000	0.027000	0.000000	73936.374000	7305	0
pl1.rcc.uottawa.ca_ricepl-2.cs.rice.edu_12594 3	12559.528000	61515.015000	0.027000	0.000000	74074.570000	7306	0
pl1.rcc.uottawa.ca_ricepl-2.cs.rice.edu_12623 3	12585.826000	61616.543000	0.026000	0.000000	74202.395000	7307	0
pl1.rcc.uottawa.ca_ricepl-2.cs.rice.edu_12638 3	12608.122000	61684.011000	0.019000	0.000000	74292.152000	7309	0
pl1.rcc.uottawa.ca_ricepl-2.cs.rice.edu_12685 3	12664.393000	61883.046000	0.019000	0.000000	74547.458000	7311	0
pl1.rcc.uottawa.ca_ricepl-2.cs.rice.edu_12689 3	12668.301000	61883.167000	0.017000	0.000000	74551.485000	7310	0
pl1.rcc.uottawa.ca_ricepl-2.cs.rice.edu_12738 3	12717.801000	62058.033000	0.029000	0.000000	74775.863000	7315	0
pl1.rcc.uottawa.ca_ricepl-2.cs.rice.edu_12806 3	12794.461000	62250.617000	0.018000	0.000000	75045.096000	7317	0
pl1.rcc.uottawa.ca_ricepl-2.cs.rice.edu_12812 3	12798.142000	62256.876000	0.018000	0.000000	75055.036000	7318	0
pl1.rcc.uottawa.ca_ricepl-2.cs.rice.edu_12865 3	12864.411000	62399.966000	0.042000	0.000000	75264.419000	7319	0
pl1.rcc.uottawa.ca_ricepl-2.cs.rice.edu_12880 3	12875.149000	62430.072000	0.022000	0.000000	75305.243000	7321	0
pl1.rcc.uottawa.ca_ricepl-2.cs.rice.edu_12884 3	12875.411000	62450.050000	0.017000	0.000000	75325.478000	7322	0
pl1.rcc.uottawa.ca_ricepl-2.cs.rice.edu_12896 3	12886.040000	62493.806000	0.026000	0.000000	75379.872000	7323	0
pl1.rcc.uottawa.ca_ricepl-2.cs.rice.edu_12905 3	12897.058000	62520.336000	0.022000	0.000000	75417.416000	7324	0
pl1.rcc.uottawa.ca_ricepl-2.cs.rice.edu_12924 3	12924.303000	62547.305000	0.020000	0.000000	75471.628000	7325	0
pl1.rcc.uottawa.ca_ricepl-2.cs.rice.edu_12927 3	12925.568000	62552.378000	0.019000	0.000000	75477.965000	7326	0
pl1.rcc.uottawa.ca_ricepl-2.cs.rice.edu_12947 3	12949.621000	62574.264000	0.164000	0.000000	75524.049000	7328	0
pl1.rcc.uottawa.ca_ricepl-2.cs.rice.edu_12971 3	12981.869000	62598.567000	0.028000	0.000000	75580.464000	7327	0
pl1.rcc.uottawa.ca_ricepl-2.cs.rice.edu_12986 3	13001.868000	62646.043000	0.034000	0.000000	75647.945000	7329	0
pl1.rcc.uottawa.ca_ricepl-2.cs.rice.edu_12993 3	13004.390000	62676.884000	0.025000	0.000000	75681.299000	7330	0
pl1.rcc.uottawa.ca_ricepl-2.cs.rice.edu_13007 3	13019.861000	62704.417000	0.035000	0.000000	75724.313000	7331	0
pl1.rcc.uottawa.ca_ricepl-2.cs.rice.edu_13010 3	13022.323000	62724.173000	0.019000	0.000000	75746.515000	7333	0
pl1.rcc.uottawa.ca_ricepl-2.cs.rice.edu_13048 3	13063.195000	62817.881000	0.054000	0.000000	75881.130000	7336	0
pl1.rcc.uottawa.ca_ricepl-2.cs.rice.edu_13073 3	13087.551000	62870.392000	0.028000	0.000000	75957.971000	7337	0
pl1.rcc.uottawa.ca_ricepl-2.cs.rice.edu_13104 3	13133.832000	62922.857000	0.026000	0.000000	76056.715000	7338	0
pl1.rcc.uottawa.ca_ricepl-2.cs.rice.edu_13108 3	13136.718000	62928.589000	0.019000	0.000000	76065.326000	7339	0
pl1.rcc.uottawa.ca_ricepl-2.cs.rice.edu_13112 3	13137.204000	62943.891000	0.018000	0.000000	76081.113000	7342	0
pl1.rcc.uottawa.ca_ricepl-2.cs.rice.edu_13134 3	13155.436000	62993.750000	0.019000	0.000000	76149.205000	7343	0
pl1.rcc.uottawa.ca_ricepl-2.cs.rice.edu_13170 3	13188.077000	63139.486000	0.027000	0.000000	76327.590000	7345	0
pl1.rcc.uottawa.ca_ricepl-2.cs.rice.edu_13183 3	13205.889000	63166.357000	0.023000	0.000000	76372.269000	7349	0
pl1.rcc.uottawa.ca_ricepl-2.cs.rice.edu_13200 3	13227.387000	63185.911000	0.023000	0.000000	76413.321000	7351	0
pl1.rcc.uottawa.ca_ricepl-2.cs.rice.edu_13323 3	13389.470000	63472.054000	0.030000	0.000000	76861.554000	7354	0
pl1.rcc.uottawa.ca_ricepl-2.cs.rice.edu_13335 3	13411.025000	63479.392000	0.022000	0.000000	76890.439000	7355	0
pl1.rcc.uottawa.ca_ricepl-2.cs.rice.edu_13448 3	13595.444000	63681.679000	0.312000	0.000000	77277.435000	7357	0
pl1.rcc.uottawa.ca_ricepl-2.cs.rice.edu_13473 3	13643.243000	63707.263000	0.086000	0.000000	77350.592000	7358	0
pl1.rcc.uottawa.ca_ricepl-2.cs.rice.edu_13519 3	13711.302000	63761.470000	0.027000	0.000000	77472.799000	7359	0
pl1.rcc.uottawa.ca_ricepl-2.cs.rice.edu_13620 3	13822.061000	63920.463000	0.036000	0.000000	77742.560000	7362	0
pl1.rcc.uottawa.ca_ricepl-2.cs.rice.edu_13800 3	13999.876000	64424.329000	0.022000	0.000000	78424.227000	7368	0
pl1.rcc.uottawa.ca_ricepl-2.cs.rice.edu_14049 3	14231.032000	65151.831000	0.035000	0.000000	79382.898000	7371	0
pl1.rcc.uottawa.ca_ricepl-2.cs.rice.edu_14071 3	14255.114000	65208.260000	0.026000	0.000000	79463.400000	7370	0
pl1.rcc.uottawa.ca_ricepl-2.cs.rice.edu_14115 3	14314.854000	65354.270000	0.021000	0.000000	79669.145000	7374	0
pl1.rcc.uottawa.ca_ricepl-2.cs.rice.edu_14142 3	14352.622000	65442.261000	0.029000	0.000000	79794.912000	7375	0
pl1.rcc.uottawa.ca_ricepl-2.cs.rice.edu_14347 3	14631.733000	66170.946000	0.021000	0.000000	80802.700000	7381	0
pl1.rcc.uottawa.ca_ricepl-2.cs.rice.edu_14412 3	14734.114000	66319.007000	0.019000	0.000000	81053.140000	7383	0
pl1.rcc.uottawa.ca_ricepl-2.cs.rice.edu_14690 3	15243.670000	66612.000000	0.030000	0.000000	81855.700000	7386	0
pl1.rcc.uottawa.ca_ricepl-2.cs.rice.edu_14730 3	15355.707000	66628.608000	0.038000	0.000000	81984.353000	7387	0
pl1.rcc.uottawa.ca_ricepl-2.cs.rice.edu_14899 3	15588.773000	66873.537000	0.018000	0.000000	82462.328000	7389	0
pl1.rcc.uottawa.ca_ricepl-2.cs.rice.edu_14930 3	15634.339000	66910.496000	0.036000	0.000000	82544.871000	7390	0
pl1.rcc.uottawa.ca_ricepl-2.cs.rice.edu_14968 3	15696.668000	66961.718000	0.030000	0.000000	82658.416000	7391	0
pl1.rcc.uottawa.ca_ricepl-2.cs.rice.edu_14974 3	15705.797000	66968.519000	0.047000	0.000000	82674.363000	7392	0
pl1.rcc.uottawa.ca_ricepl-2.cs.rice.edu_15011 3	15757.891000	67029.859000	0.036000	0.000000	82787.786000	7394	0
pl1.rcc.uottawa.ca_ricepl-2.cs.rice.edu_15026 3	15774.078000	67051.807000	0.022000	0.000000	82825.907000	7393	0
pl1.rcc.uottawa.ca_ricepl-2.cs.rice.edu_15043 3	15803.606000	67080.595000	0.018000	0.000000	82884.219000	7395	0
pl1.rcc.uottawa.ca_ricepl-2.cs.rice.edu_15061 3	15827.773000	67111.504000	0.020000	0.000000	82939.297000	7397	0
pl1.rcc.uottawa.ca_ricepl-2.cs.rice.edu_15117 3	15919.354000	67208.049000	0.024000	0.000000	83127.427000	7398	0
pl1.rcc.uottawa.ca_ricepl-2.cs.rice.edu_15140 3	15954.001000	67259.545000	0.029000	0.000000	83213.575000	7400	0
pl1.rcc.uottawa.ca_ricepl-2.cs.rice.edu_15160 3	15990.803000	67304.327000	0.021000	0.000000	83295.151000	7401	0
pl1.rcc.uottawa.ca_ricepl-2.cs.rice.edu_15218 3	16081.744000	67392.712000	0.026000	0.000000	83474.482000	7402	0
pl1.rcc.uottawa.ca_ricepl-2.cs.rice.edu_15234 3	16106.349000	67410.709000	0.035000	0.000000	83517.093000	7403	0
pl1.rcc.uottawa.ca_ricepl-2.cs.rice.edu_15253 3	16133.889000	67426.016000	0.034000	0.000000	83559.939000	7404	0
pl1.rcc.uottawa.ca_ricepl-2.cs.rice.edu_15261 3	16147.736000	67438.742000	0.019000	0.000000	83586.497000	7406	0
pl1.rcc.uottawa.ca_ricepl-2.cs.rice.edu_15286 3	16181.177000	67518.310000	0.017000	0.000000	83699.504000	7407	0
pl1.rcc.uottawa.ca_ricepl-2.cs.rice.edu_15290 3	16188.550000	67536.847000	0.023000	0.000000	83725.420000	7409	0
pl1.rcc.uottawa.ca_ricepl-2.cs.rice.edu_15302 3	16201.536000	67557.196000	0.113000	0.000000	83758.845000	7410	0
pl1.rcc.uottawa.ca_ricepl-2.cs.rice.edu_15339 3	16247.605000	67638.922000	0.037000	0.000000	83886.564000	7412	0
pl1.rcc.uottawa.ca_ricepl-2.cs.rice.edu_15354 3	16268.112000	67688.505000	0.023000	0.000000	83956.640000	7413	0
pl1.rcc.uottawa.ca_ricepl-2.cs.rice.edu_15371 3	16288.214000	67713.978000	0.015000	0.000000	84002.207000	7415	0
pl1.rcc.uottawa.ca_ricepl-2.cs.rice.edu_15376 3	16292.350000	67741.287000	0.036000	0.000000	84033.673000	7416	0
pl1.rcc.uottawa.ca_ricepl-2.cs.rice.edu_15388 3	16306.481000	67745.074000	0.016000	0.000000	84051.571000	7418	0
pl1.rcc.uottawa.ca_ricepl-2.cs.rice.edu_15398 3	16313.257000	67780.766000	0.019000	0.000000	84094.042000	7419	0
pl1.rcc.uottawa.ca_ricepl-2.cs.rice.edu_15414 3	16331.314000	67827.882000	0.017000	0.000000	84159.213000	7421	0
pl1.rcc.uottawa.ca_ricepl-2.cs.rice.edu_15433 3	16354.453000	67857.554000	0.021000	0.000000	84212.028000	7422	0
pl1.rcc.uottawa.ca_ricepl-2.cs.rice.edu_15449 3	16378.793000	67886.701000	0.024000	0.000000	84265.518000	7423	0
pl1.rcc.uottawa.ca_ricepl-2.cs.rice.edu_15453 3	16393.067000	67885.729000	0.025000	0.000000	84278.821000	7425	0
pl1.rcc.uottawa.ca_ricepl-2.cs.rice.edu_15530 3	16493.343000	68021.357000	0.021000	0.000000	84514.721000	7433	0
pl1.rcc.uottawa.ca_ricepl-2.cs.rice.edu_15945 3	17024.180000	68825.105000	0.022000	0.000000	85849.307000	7455	0
pl1.rcc.uottawa.ca_ricepl-2.cs.rice.edu_15993 3	17075.751000	68923.678000	0.023000	0.000000	85999.452000	7456	0
pl1.rcc.uottawa.ca_ricepl-2.cs.rice.edu_15995 3	17075.722000	68924.607000	0.014000	0.000000	86000.343000	7457	0
pl1.rcc.uottawa.ca_ricepl-2.cs.rice.edu_16032 3	17117.152000	69036.726000	0.374000	0.000000	86154.252000	7459	0
pl1.rcc.uottawa.ca_ricepl-2.cs.rice.edu_16060 3	17148.050000	69081.326000	0.023000	0.000000	86229.399000	7461	0
pl1.rcc.uottawa.ca_ricepl-2.cs.rice.edu_16082 3	17189.042000	69120.907000	0.044000	0.000000	86309.993000	7465	0
pl1.rcc.uottawa.ca_ricepl-2.cs.rice.edu_16169 3	17301.866000	69228.601000	0.024000	0.000000	86530.491000	7473	0
pl1.rcc.uottawa.ca_ricepl-2.cs.rice.edu_16201 3	17336.708000	69267.346000	0.032000	0.000000	86604.086000	7477	0
pl1.rcc.uottawa.ca_ricepl-2.cs.rice.edu_16384 3	17565.760000	69496.156000	0.029000	0.000000	87061.945000	7486	0
pl1.rcc.uottawa.ca_ricepl-2.cs.rice.edu_16630 3	17923.792000	69717.394000	0.040000	0.000000	87641.226000	7499	0
pl1.rcc.uottawa.ca_ricepl-2.cs.rice.edu_16774 3	18100.481000	69872.213000	0.029000	0.000000	87972.723000	7509	0
pl1.rcc.uottawa.ca_ricepl-2.cs.rice.edu_16969 3	18416.589000	70295.612000	0.030000	0.000000	88712.231000	7521	0
pl1.rcc.uottawa.ca_ricepl-2.cs.rice.edu_16975 3	18420.475000	70300.487000	0.016000	0.000000	88720.978000	7525	0
pl1.rcc.uottawa.ca_ricepl-2.cs.rice.edu_17017 3	18497.843000	70392.716000	0.028000	0.000000	88890.587000	7530	0
planetlab-1.cse.ohio-state.edu_ricepl-2.cs.rice.edu_2185 4	95386.209000	1.315000	0.040000	0.000000	95387.564000	7215	2560
planetlab-1.cse.ohio-state.edu_ricepl-2.cs.rice.edu_2189 4	95396.230000	1.365000	0.100000	0.000000	95397.695000	7441	2560
planetlab-1.cse.ohio-state.edu_ricepl-2.cs.rice.edu_2177 4	95430.166000	2.011000	0.332000	0.000000	95432.509000	7012	2560
planetlab-1.cse.ohio-state.edu_ricepl-2.cs.rice.edu_2203 4	95617.326000	1.498000	0.031000	0.000000	95618.855000	7524	2560
planetlab1.cs.uiuc.edu_ricepl-2.cs.rice.edu_8620 2	48529.435000	84008.327000	0.023000	0.000000	132537.785000	6919	128
planetlab1.cs.uiuc.edu_ricepl-2.cs.rice.edu_8622 2	48583.327000	83994.078000	0.019000	0.000000	132577.424000	6918	128
planetlab1.cs.uiuc.edu_ricepl-2.cs.rice.edu_8623 2	48741.108000	83946.781000	0.020000	0.000000	132687.909000	6915	128
planetlab1.cs.uiuc.edu_ricepl-2.cs.rice.edu_8624 2	48738.639000	83961.357000	0.018000	0.000000	132700.014000	6917	128
planetlab1.cs.uiuc.edu_ricepl-2.cs.rice.edu_8632 2	48964.254000	83837.600000	0.021000	0.000000	132801.875000	6927	128
planetlab1.cs.uiuc.edu_ricepl-2.cs.rice.edu_8634 2	49132.276000	83706.097000	0.019000	0.000000	132838.392000	6935	128
planetlab1.cs.uiuc.edu_ricepl-2.cs.rice.edu_8637 2	49158.728000	83709.701000	0.017000	0.000000	132868.446000	6951	128
planetlab1.cs.uiuc.edu_ricepl-2.cs.rice.edu_8647 2	49569.411000	83440.694000	4.325000	0.000000	133014.430000	6983	128
planetlab1.cs.uiuc.edu_ricepl-2.cs.rice.edu_8653 2	49947.303000	83109.871000	0.022000	0.000000	133057.196000	7035	128
planetlab1.cs.uiuc.edu_ricepl-2.cs.rice.edu_8656 2	50146.209000	82939.061000	0.019000	0.000000	133085.289000	7047	128
planetlab1.cs.uiuc.edu_ricepl-2.cs.rice.edu_8660 2	50351.164000	82767.483000	0.017000	0.000000	133118.664000	7057	128
planetlab1.cs.uiuc.edu_ricepl-2.cs.rice.edu_8669 2	51131.850000	82045.596000	0.020000	0.000000	133177.466000	7140	128
planetlab1.cs.uiuc.edu_ricepl-2.cs.rice.edu_8679 2	51591.547000	81615.211000	0.021000	0.000000	133206.779000	7175	128
planetlab1.cs.uiuc.edu_ricepl-2.cs.rice.edu_8680 2	51708.048000	81501.178000	0.017000	0.000000	133209.243000	7180	128
planetlab1.cs.uiuc.edu_ricepl-2.cs.rice.edu_8689 2	52250.502000	80998.754000	0.019000	0.000000	133249.275000	7240	128
planetlab1.cs.uiuc.edu_ricepl-2.cs.rice.edu_8691 2	52364.763000	80889.438000	0.018000	0.000000	133254.219000	7236	128
planetlab1.cs.uiuc.edu_ricepl-2.cs.rice.edu_8693 2	52446.573000	80833.524000	0.020000	0.000000	133280.117000	7245	128
planetlab1.cs.uiuc.edu_ricepl-2.cs.rice.edu_8694 2	52449.696000	80836.651000	0.017000	0.000000	133286.364000	7244	128
planetlab1.cs.uiuc.edu_ricepl-2.cs.rice.edu_8695 2	52448.119000	80838.641000	0.018000	0.000000	133286.778000	7246	128
planetlab1.cs.uiuc.edu_ricepl-2.cs.rice.edu_8713 2	53067.973000	80471.749000	0.022000	0.000000	133539.744000	7260	128
planetlab1.cs.uiuc.edu_ricepl-2.cs.rice.edu_8714 2	53175.163000	80378.522000	0.018000	0.000000	133553.703000	7276	128
planetlab1.cs.uiuc.edu_ricepl-2.cs.rice.edu_8718 2	53489.015000	80096.010000	0.018000	0.000000	133585.043000	7282	128
planetlab1.cs.uiuc.edu_ricepl-2.cs.rice.edu_8726 2	53920.949000	79986.417000	0.019000	0.000000	133907.385000	7320	128
planetlab1.cs.uiuc.edu_ricepl-2.cs.rice.edu_8734 2	54789.451000	79223.389000	0.023000	0.000000	134012.863000	7372	128
planetlab1.cs.uiuc.edu_ricepl-2.cs.rice.edu_8737 2	55483.186000	78538.816000	0.017000	0.000000	134022.019000	7429	128
planetlab1.cs.uiuc.edu_ricepl-2.cs.rice.edu_8736 2	55314.305000	78710.038000	0.018000	0.000000	134024.361000	7427	128
