planetlab1.williams.edu_pl2.cs.unm.edu_434 3	1420.234000	0.045000	0.014000	0.000000	1420.293000	41519	2176
pl2.cs.unm.edu_pl2.cs.unm.edu_445 0	0.158000	1527.704000	0.010000	0.000000	1527.872000	41551	1120
planetlab2.eecs.umich.edu_pl2.cs.unm.edu_951 4	1661.143000	769.905000	0.071000	0.000000	2431.119000	41474	2048
planetlab2.eecs.umich.edu_pl2.cs.unm.edu_1125 4	2372.427000	716.388000	0.072000	0.000000	3088.887000	41512	2048
planetlab2.eecs.umich.edu_pl2.cs.unm.edu_1299 4	2823.710000	937.832000	1.471000	0.000000	3763.013000	41538	2048
planetlab2.eecs.umich.edu_pl2.cs.unm.edu_1318 4	2843.057000	976.491000	0.171000	0.000000	3819.719000	41539	2048
planetlab2.eecs.umich.edu_pl2.cs.unm.edu_1449 4	3007.972000	1277.118000	0.067000	0.000000	4285.157000	41542	2048
planetlab2.eecs.umich.edu_pl2.cs.unm.edu_1467 4	3037.931000	1318.927000	0.076000	0.000000	4356.934000	41546	2048
node1.planetlab.albany.edu_pl2.cs.unm.edu_3441 2	2276.737000	2551.990000	0.017000	0.000000	4828.744000	41517	32
planetlab-3.cmcl.cs.cmu.edu_pl2.cs.unm.edu_1036 2	5270.577000	63.955000	0.046000	0.000000	5334.578000	41783	1568
node1.planetlab.albany.edu_pl2.cs.unm.edu_3869 2	2959.015000	2815.204000	0.014000	0.000000	5774.233000	41560	32
planetlab2.acis.ufl.edu_pl2.cs.unm.edu_1449 1	1909.637000	4134.581000	0.021000	0.000000	6044.239000	41568	1056
planetlab1.cs.cornell.edu_pl2.cs.unm.edu_1339 3	4067.288000	2128.510000	0.035000	0.000000	6195.833000	41692	1280
planetlab4.rutgers.edu_pl2.cs.unm.edu_2727 2	5848.728000	487.456000	0.014000	0.000000	6336.198000	41507	1024
planetlab4.rutgers.edu_pl2.cs.unm.edu_2779 2	5980.724000	586.795000	0.023000	0.000000	6567.542000	41518	1024
vn5.cse.wustl.edu_pl2.cs.unm.edu_903 2	3963.310000	2877.752000	0.021000	0.000000	6841.083000	41715	1344
planetlab4.rutgers.edu_pl2.cs.unm.edu_2967 2	6137.756000	933.619000	0.028000	0.000000	7071.403000	41558	1024
planetlab4.rutgers.edu_pl2.cs.unm.edu_3046 2	6277.426000	957.785000	0.013000	0.000000	7235.224000	41594	1024
planetlab4.rutgers.edu_pl2.cs.unm.edu_3100 2	6366.298000	984.809000	0.018000	0.000000	7351.125000	41614	1024
planetlab4.rutgers.edu_pl2.cs.unm.edu_3105 2	6369.875000	988.784000	0.016000	0.000000	7358.675000	41616	1024
planetlab4.rutgers.edu_pl2.cs.unm.edu_3153 2	6588.748000	1060.284000	0.027000	0.000000	7649.059000	41638	1024
planetlab4.rutgers.edu_pl2.cs.unm.edu_3161 2	6659.031000	1087.315000	0.024000	0.000000	7746.370000	41642	1024
planetlab4.rutgers.edu_pl2.cs.unm.edu_3173 2	6519.897000	1262.279000	0.019000	0.000000	7782.195000	41644	1024
planetlab4.rutgers.edu_pl2.cs.unm.edu_3177 2	6532.050000	1259.309000	0.019000	0.000000	7791.378000	41646	1024
planetlab4.rutgers.edu_pl2.cs.unm.edu_3179 2	6534.065000	1261.160000	0.017000	0.000000	7795.242000	41647	1024
planetlab1.cs.cornell.edu_pl2.cs.unm.edu_1792 3	7812.296000	0.098000	0.036000	0.000000	7812.430000	42015	1280
node1.planetlab.albany.edu_pl2.cs.unm.edu_4737 2	4335.651000	3560.179000	0.022000	0.000000	7895.852000	41650	32
planetlab4.rutgers.edu_pl2.cs.unm.edu_3218 2	6715.456000	1228.001000	0.027000	0.000000	7943.484000	41662	1024
planetlab1.cs.cornell.edu_pl2.cs.unm.edu_1808 3	7964.152000	0.128000	0.029000	0.000000	7964.309000	42031	1280
planetlab1.cs.cornell.edu_pl2.cs.unm.edu_1812 3	8017.695000	0.107000	0.039000	0.000000	8017.841000	42039	1280
planetlab4.rutgers.edu_pl2.cs.unm.edu_3244 2	6813.595000	1225.813000	0.019000	0.000000	8039.427000	41673	1024
planetlab1.cs.cornell.edu_pl2.cs.unm.edu_1814 3	8096.018000	0.646000	0.047000	0.000000	8096.711000	42043	1280
planetlab1.cs.cornell.edu_pl2.cs.unm.edu_1816 3	8108.488000	0.079000	0.039000	0.000000	8108.606000	42045	1280
planetlab-2.cmcl.cs.cmu.edu_pl2.cs.unm.edu_1264 4	8116.451000	0.106000	0.048000	0.000000	8116.605000	41514	560
planetlab1.cs.cornell.edu_pl2.cs.unm.edu_1818 3	8122.286000	0.096000	0.036000	0.000000	8122.418000	42046	1280
planetlab1.cs.cornell.edu_pl2.cs.unm.edu_1822 3	8125.272000	0.037000	0.025000	0.000000	8125.334000	42047	1280
planetlab7.flux.utah.edu_pl2.cs.unm.edu_1262 3	4955.111000	3252.224000	0.018000	0.000000	8207.353000	41553	1536
planetlab4.rutgers.edu_pl2.cs.unm.edu_3362 2	6990.303000	1389.814000	0.015000	0.000000	8380.132000	41701	1024
planetlab2.cs.columbia.edu_pl2.cs.unm.edu_1553 2	8528.544000	5.399000	0.128000	0.000000	8534.071000	41810	112
planetlab4.rutgers.edu_pl2.cs.unm.edu_3421 2	7197.830000	1387.472000	0.016000	0.000000	8585.318000	41710	1024
planetlab4.rutgers.edu_pl2.cs.unm.edu_3560 2	7534.599000	1356.643000	0.017000	0.000000	8891.259000	41734	1024
planetlab4.rutgers.edu_pl2.cs.unm.edu_3637 2	7860.092000	1237.761000	0.030000	0.000000	9097.883000	41744	1024
planetlab7.flux.utah.edu_pl2.cs.unm.edu_1517 3	7812.342000	1377.973000	0.021000	0.000000	9190.336000	42020	1536
planetlab4.rutgers.edu_pl2.cs.unm.edu_3724 2	8086.908000	1239.164000	0.028000	0.000000	9326.100000	41757	1024
planetlab7.flux.utah.edu_pl2.cs.unm.edu_1562 3	8396.714000	945.889000	0.014000	0.000000	9342.617000	42065	1536
planetlab4.rutgers.edu_pl2.cs.unm.edu_3902 2	8773.896000	1137.463000	0.029000	0.000000	9911.388000	41786	1024
planetlab2.cs.pitt.edu_pl2.cs.unm.edu_1619 4	10099.627000	0.076000	0.017000	0.000000	10099.720000	41639	304
planetlab2.eecs.umich.edu_pl2.cs.unm.edu_2481 4	6066.028000	4608.829000	0.072000	0.000000	10674.929000	41536	2048
planetlab2.dtc.umn.edu_pl2.cs.unm.edu_1255 3	10701.002000	0.072000	0.013000	0.000000	10701.087000	41471	3072
planetlab4.rutgers.edu_pl2.cs.unm.edu_4305 2	9462.004000	1362.280000	0.018000	0.000000	10824.302000	41818	1024
planetlab4.rutgers.edu_pl2.cs.unm.edu_4365 2	9799.493000	1186.365000	0.022000	0.000000	10985.880000	41829	1024
planetlab4.rutgers.edu_pl2.cs.unm.edu_4368 2	9805.256000	1183.532000	0.026000	0.000000	10988.814000	41834	1024
planetlab4.rutgers.edu_pl2.cs.unm.edu_4448 2	9926.189000	1234.105000	0.025000	0.000000	11160.319000	41842	1024
planetlab4.williams.edu_pl2.cs.unm.edu_1540 4	11280.299000	0.081000	0.018000	0.000000	11280.398000	41450	336
planetlab4.rutgers.edu_pl2.cs.unm.edu_4514 2	10047.224000	1256.101000	0.027000	0.000000	11303.352000	41848	1024
planetlab4.rutgers.edu_pl2.cs.unm.edu_4523 2	10062.478000	1260.807000	0.016000	0.000000	11323.301000	41850	1024
planetlab4.rutgers.edu_pl2.cs.unm.edu_4550 2	10160.766000	1249.889000	0.027000	0.000000	11410.682000	41851	1024
planetlab4.williams.edu_pl2.cs.unm.edu_1544 4	11437.419000	0.071000	0.023000	0.000000	11437.513000	41452	336
planetlab4.williams.edu_pl2.cs.unm.edu_1547 4	11512.877000	0.074000	0.018000	0.000000	11512.969000	41454	336
planetlab-03.cs.princeton.edu_pl2.cs.unm.edu_3053 3	9570.130000	1961.783000	0.012000	0.000000	11531.925000	41476	80
node1.planetlab.albany.edu_pl2.cs.unm.edu_6368 2	7882.062000	3688.407000	0.019000	0.000000	11570.488000	41830	32
planetlab4.williams.edu_pl2.cs.unm.edu_1551 4	11603.811000	0.062000	0.018000	0.000000	11603.891000	41455	336
planetlab-03.cs.princeton.edu_pl2.cs.unm.edu_3087 3	10015.162000	1609.265000	0.015000	0.000000	11624.442000	41492	80
planetlab-03.cs.princeton.edu_pl2.cs.unm.edu_3084 3	9959.071000	1666.274000	0.009000	0.000000	11625.354000	41488	80
planetlab-03.cs.princeton.edu_pl2.cs.unm.edu_3089 3	10030.938000	1596.499000	0.015000	0.000000	11627.452000	41493	80
planetlab-03.cs.princeton.edu_pl2.cs.unm.edu_3093 3	10042.579000	1605.274000	0.012000	0.000000	11647.865000	41494	80
planetlab4.rutgers.edu_pl2.cs.unm.edu_4573 2	10382.275000	1290.260000	0.020000	0.000000	11672.555000	41854	1024
planetlab4.rutgers.edu_pl2.cs.unm.edu_4583 2	10381.423000	1294.250000	0.019000	0.000000	11675.692000	41856	1024
planetlab1.williams.edu_pl2.cs.unm.edu_1487 3	3911.015000	7856.969000	0.011000	0.000000	11767.995000	41628	2176
planetlab-03.cs.princeton.edu_pl2.cs.unm.edu_3133 3	10208.174000	1591.883000	0.054000	0.000000	11800.111000	41500	80
planetlab2.eecs.umich.edu_pl2.cs.unm.edu_2704 4	7345.551000	4483.260000	0.070000	0.000000	11828.881000	41554	2048
planetlab-03.cs.princeton.edu_pl2.cs.unm.edu_3158 3	10294.024000	1583.275000	0.015000	0.000000	11877.314000	41504	80
planetlab-03.cs.princeton.edu_pl2.cs.unm.edu_3167 3	10377.986000	1501.692000	0.017000	0.000000	11879.695000	41508	80
planetlab-03.cs.princeton.edu_pl2.cs.unm.edu_3171 3	10383.300000	1506.357000	0.009000	0.000000	11889.666000	41510	80
planetlab-03.cs.princeton.edu_pl2.cs.unm.edu_3174 3	10387.479000	1507.794000	0.013000	0.000000	11895.286000	41509	80
planetlab2.eecs.umich.edu_pl2.cs.unm.edu_2730 4	7473.657000	4436.025000	9.114000	0.000000	11918.796000	41565	2048
planetlab4.rutgers.edu_pl2.cs.unm.edu_4683 2	10414.288000	1521.159000	0.016000	0.000000	11935.463000	41872	1024
planetlab4.rutgers.edu_pl2.cs.unm.edu_4696 2	10436.772000	1523.589000	0.017000	0.000000	11960.378000	41873	1024
planetlab-03.cs.princeton.edu_pl2.cs.unm.edu_3191 3	10516.537000	1466.278000	0.017000	0.000000	11982.832000	41516	80
planetlab2.cs.uoregon.edu_pl2.cs.unm.edu_1046 2	11991.240000	0.257000	0.018000	0.000000	11991.515000	41657	3104
planetlab-03.cs.princeton.edu_pl2.cs.unm.edu_3205 3	10570.811000	1430.648000	0.016000	0.000000	12001.475000	41520	80
planetlab-03.cs.princeton.edu_pl2.cs.unm.edu_3207 3	10585.541000	1421.850000	0.017000	0.000000	12007.408000	41521	80
planetlab4.rutgers.edu_pl2.cs.unm.edu_4726 2	10478.024000	1535.806000	0.018000	0.000000	12013.848000	41874	1024
planetlab-03.cs.princeton.edu_pl2.cs.unm.edu_3211 3	10605.508000	1417.983000	0.015000	0.000000	12023.506000	41522	80
planetlab-03.cs.princeton.edu_pl2.cs.unm.edu_3219 3	10652.836000	1389.662000	0.017000	0.000000	12042.515000	41524	80
planetlab4.rutgers.edu_pl2.cs.unm.edu_4758 2	10524.476000	1561.177000	0.017000	0.000000	12085.670000	41876	1024
planetlab2.eecs.umich.edu_pl2.cs.unm.edu_2771 4	7623.737000	4473.277000	0.162000	0.000000	12097.176000	41570	2048
planetlab4.rutgers.edu_pl2.cs.unm.edu_4765 2	10578.529000	1533.031000	0.031000	0.000000	12111.591000	41880	1024
planetlab-03.cs.princeton.edu_pl2.cs.unm.edu_3244 3	10808.751000	1325.671000	0.017000	0.000000	12134.439000	41528	80
planetlab2.acis.ufl.edu_pl2.cs.unm.edu_2893 1	7236.591000	4941.413000	0.015000	0.000000	12178.019000	41987	1056
planetlab-03.cs.princeton.edu_pl2.cs.unm.edu_3267 3	10943.387000	1241.925000	0.017000	0.000000	12185.329000	41532	80
planetlab4.rutgers.edu_pl2.cs.unm.edu_4826 2	10849.842000	1420.663000	0.021000	0.000000	12270.526000	41893	1024
planetlab4.williams.edu_pl2.cs.unm.edu_1563 4	12274.956000	0.082000	0.031000	0.000000	12275.069000	41470	336
planetlab-03.cs.princeton.edu_pl2.cs.unm.edu_3284 3	10998.641000	1283.945000	0.014000	0.000000	12282.600000	41533	80
planetlab-03.cs.princeton.edu_pl2.cs.unm.edu_3287 3	11002.308000	1281.903000	0.017000	0.000000	12284.228000	41534	80
planetlab-03.cs.princeton.edu_pl2.cs.unm.edu_3301 3	11101.472000	1214.554000	0.016000	0.000000	12316.042000	41537	80
planetlab4.rutgers.edu_pl2.cs.unm.edu_4920 2	11086.622000	1373.406000	0.028000	0.000000	12460.056000	41902	1024
planetlab2.umassd.edu_pl2.cs.unm.edu_2873 2	3765.833000	8820.968000	0.016000	0.000000	12586.817000	41607	64
planetlab4.rutgers.edu_pl2.cs.unm.edu_4952 2	11234.680000	1407.327000	0.016000	0.000000	12642.023000	41904	1024
planetlab2.dtc.umn.edu_pl2.cs.unm.edu_1358 3	12675.219000	0.062000	0.025000	0.000000	12675.306000	41951	3072
planetlab-03.cs.princeton.edu_pl2.cs.unm.edu_3427 3	11625.420000	1121.717000	0.017000	0.000000	12747.154000	41556	80
roam2.cs.ou.edu_pl2.cs.unm.edu_2676 3	3360.366000	9434.978000	0.018000	0.000000	12795.362000	41451	48
planetlab-03.cs.princeton.edu_pl2.cs.unm.edu_3494 3	11968.240000	978.407000	2.128000	0.000000	12948.775000	41572	80
planetlab2.mnlab.cti.depaul.edu_pl2.cs.unm.edu_1832 3	6573.088000	6473.221000	0.010000	0.000000	13046.319000	41480	1152
planetlab-03.cs.princeton.edu_pl2.cs.unm.edu_3535 3	12219.082000	835.015000	0.017000	0.000000	13054.114000	41584	80
planetlab4.rutgers.edu_pl2.cs.unm.edu_5072 2	11498.986000	1573.775000	0.019000	0.000000	13072.780000	41925	1024
planetlab-03.cs.princeton.edu_pl2.cs.unm.edu_3549 3	12310.763000	767.375000	0.016000	0.000000	13078.154000	41588	80
planetlab-03.cs.princeton.edu_pl2.cs.unm.edu_3551 3	12315.114000	764.358000	0.017000	0.000000	13079.489000	41589	80
planetlab-03.cs.princeton.edu_pl2.cs.unm.edu_3555 3	12325.893000	760.366000	0.016000	0.000000	13086.275000	41590	80
roam2.cs.ou.edu_pl2.cs.unm.edu_2752 3	3772.623000	9329.258000	0.025000	0.000000	13101.906000	41469	48
roam2.cs.ou.edu_pl2.cs.unm.edu_2766 3	3868.001000	9323.418000	0.016000	0.000000	13191.435000	41473	48
planetlab4.rutgers.edu_pl2.cs.unm.edu_5122 2	11604.880000	1615.877000	0.021000	0.000000	13220.778000	41936	1024
planet1.cs.rochester.edu_pl2.cs.unm.edu_746 4	13307.058000	0.111000	0.026000	0.000000	13307.195000	41477	3328
planetlab-03.cs.princeton.edu_pl2.cs.unm.edu_3616 3	12487.889000	862.717000	0.011000	0.000000	13350.617000	41596	80
planetlab4.rutgers.edu_pl2.cs.unm.edu_5170 2	11891.957000	1482.350000	0.026000	0.000000	13374.333000	41953	1024
planetlab4.rutgers.edu_pl2.cs.unm.edu_5189 2	11926.407000	1503.524000	0.018000	0.000000	13429.949000	41957	1024
planetlab2.cs.columbia.edu_pl2.cs.unm.edu_1971 2	13427.021000	5.222000	0.087000	0.000000	13432.330000	42009	112
planetlab4.rutgers.edu_pl2.cs.unm.edu_5196 2	11935.546000	1525.041000	0.019000	0.000000	13460.606000	41956	1024
planetlab4.rutgers.edu_pl2.cs.unm.edu_5206 2	11988.149000	1538.490000	0.019000	0.000000	13526.658000	41959	1024
planetlab-03.cs.princeton.edu_pl2.cs.unm.edu_3686 3	12911.793000	643.677000	0.066000	0.000000	13555.536000	41620	80
planetlab2.mnlab.cti.depaul.edu_pl2.cs.unm.edu_1922 3	7607.759000	6086.396000	0.012000	0.000000	13694.167000	41597	1152
planetlab4.rutgers.edu_pl2.cs.unm.edu_5223 2	12120.928000	1583.683000	0.017000	0.000000	13704.628000	41965	1024
planetlab2.mnlab.cti.depaul.edu_pl2.cs.unm.edu_1929 3	7657.529000	6145.777000	0.010000	0.000000	13803.316000	41623	1152
planetlab4.rutgers.edu_pl2.cs.unm.edu_5270 2	12109.071000	1756.644000	0.026000	0.000000	13865.741000	41973	1024
planetlab-03.cs.princeton.edu_pl2.cs.unm.edu_3749 3	13338.298000	550.449000	0.016000	0.000000	13888.763000	41636	80
planetlab4.rutgers.edu_pl2.cs.unm.edu_5293 2	12189.191000	1721.547000	0.030000	0.000000	13910.768000	41978	1024
planetlab2.mnlab.cti.depaul.edu_pl2.cs.unm.edu_1982 3	8630.791000	5447.722000	0.022000	0.000000	14078.535000	41795	1152
planetlab1.eecs.umich.edu_pl2.cs.unm.edu_1145 3	6780.856000	7321.635000	0.069000	0.000000	14102.560000	41752	2304
planetlab-03.cs.princeton.edu_pl2.cs.unm.edu_3781 3	13526.632000	593.588000	0.017000	0.000000	14120.237000	41643	80
planetlab-03.cs.princeton.edu_pl2.cs.unm.edu_3812 3	13626.535000	686.825000	0.016000	0.000000	14313.376000	41648	80
planetlab2.mnlab.cti.depaul.edu_pl2.cs.unm.edu_2054 3	9926.875000	4418.920000	0.019000	0.000000	14345.814000	41992	1152
planetlab-03.cs.princeton.edu_pl2.cs.unm.edu_3838 3	13715.953000	721.420000	0.015000	0.000000	14437.388000	41525	80
planetlab-03.cs.princeton.edu_pl2.cs.unm.edu_3865 3	13801.286000	719.245000	0.017000	0.000000	14520.548000	41653	80
planetlab-03.cs.princeton.edu_pl2.cs.unm.edu_3868 3	13803.454000	723.458000	0.015000	0.000000	14526.927000	41654	80
planetlab-03.cs.princeton.edu_pl2.cs.unm.edu_3891 3	13972.459000	659.825000	0.017000	0.000000	14632.301000	41660	80
planetlab1.eecs.umich.edu_pl2.cs.unm.edu_1281 3	8488.389000	6172.296000	0.072000	0.000000	14660.757000	42067	2304
planetlab4.rutgers.edu_pl2.cs.unm.edu_5641 2	13301.309000	1674.206000	0.018000	0.000000	14975.533000	42061	1024
planetlab4.rutgers.edu_pl2.cs.unm.edu_5658 2	13381.820000	1664.411000	0.019000	0.000000	15046.250000	42070	1024
planetlab-03.cs.princeton.edu_pl2.cs.unm.edu_4048 3	15081.995000	289.148000	0.017000	0.000000	15371.160000	41694	80
planetlab-03.cs.princeton.edu_pl2.cs.unm.edu_4067 3	15425.833000	9.884000	0.018000	0.000000	15435.735000	41526	80
planetlab-03.cs.princeton.edu_pl2.cs.unm.edu_4075 3	15454.262000	19.376000	0.016000	0.000000	15473.654000	41527	80
roam2.cs.ou.edu_pl2.cs.unm.edu_3175 3	5717.454000	9844.721000	0.019000	0.000000	15562.194000	41557	48
planetlab-03.cs.princeton.edu_pl2.cs.unm.edu_4083 3	15708.862000	1.070000	0.020000	0.000000	15709.952000	41716	80
planetlab1.cs.unc.edu_pl2.cs.unm.edu_2799 5	15853.336000	0.078000	0.021000	0.000000	15853.435000	41479	528
planetlab1.cs.unc.edu_pl2.cs.unm.edu_2810 5	15889.841000	0.307000	0.020000	0.000000	15890.168000	41484	528
planetlab-2.cs.uh.edu_pl2.cs.unm.edu_1282 6	16140.669000	0.402000	0.033000	0.000000	16141.104000	41622	784
aguila1.lsi.upc.edu_pl2.cs.unm.edu_1154 4	15375.314000	908.610000	0.015000	0.000000	16283.939000	41461	592
planetlab2.umassd.edu_pl2.cs.unm.edu_3752 2	6026.442000	10381.110000	0.053000	0.000000	16407.605000	41735	64
planetlab-03.cs.princeton.edu_pl2.cs.unm.edu_4153 3	16473.564000	0.384000	0.075000	0.000000	16474.023000	41738	80
planetlab-03.cs.princeton.edu_pl2.cs.unm.edu_4181 3	16745.349000	0.231000	0.016000	0.000000	16745.596000	41748	80
planetlab2.cs.pitt.edu_pl2.cs.unm.edu_1997 4	17020.610000	1.219000	0.017000	0.000000	17021.846000	41988	304
planetlab1.cs.unc.edu_pl2.cs.unm.edu_2881 5	17088.412000	0.157000	0.011000	0.000000	17088.580000	41540	528
node2.planetlab.albany.edu_pl2.cs.unm.edu_1019 4	17133.758000	0.118000	0.015000	0.000000	17133.891000	41867	1792
planetlab1.cs.unc.edu_pl2.cs.unm.edu_2885 5	17145.596000	0.191000	0.028000	0.000000	17145.815000	41544	528
planetlab-03.cs.princeton.edu_pl2.cs.unm.edu_4228 3	17255.161000	0.562000	0.239000	0.000000	17255.962000	41764	80
planetlab1.cs.unc.edu_pl2.cs.unm.edu_2899 5	17284.171000	0.276000	0.017000	0.000000	17284.464000	41548	528
roam2.cs.ou.edu_pl2.cs.unm.edu_3474 3	7091.350000	10214.048000	0.016000	0.000000	17305.414000	41621	48
planetlab1.cs.unc.edu_pl2.cs.unm.edu_2910 5	17352.057000	0.220000	0.018000	0.000000	17352.295000	41549	528
planetlab1.cs.unc.edu_pl2.cs.unm.edu_2915 5	17355.603000	0.196000	0.014000	0.000000	17355.813000	41550	528
planetlab-03.cs.princeton.edu_pl2.cs.unm.edu_3845 3	16752.902000	710.010000	0.016000	0.000000	17462.928000	41652	80
roam2.cs.ou.edu_pl2.cs.unm.edu_3521 3	7357.543000	10137.221000	0.017000	0.000000	17494.781000	41630	48
planetlab-03.cs.princeton.edu_pl2.cs.unm.edu_4270 3	17553.908000	0.080000	0.018000	0.000000	17554.006000	41776	80
planetlab-03.cs.princeton.edu_pl2.cs.unm.edu_4280 3	17661.894000	0.748000	0.015000	0.000000	17662.657000	41780	80
planetlab-03.cs.princeton.edu_pl2.cs.unm.edu_4282 3	17676.402000	0.108000	0.015000	0.000000	17676.525000	41781	80
planetlab-03.cs.princeton.edu_pl2.cs.unm.edu_4284 3	17683.836000	0.096000	0.012000	0.000000	17683.944000	41782	80
planetlab2.cs.pitt.edu_pl2.cs.unm.edu_2042 4	17698.654000	0.083000	0.027000	0.000000	17698.764000	42048	304
planetlab2.cs.pitt.edu_pl2.cs.unm.edu_2045 4	17724.473000	0.023000	0.022000	0.000000	17724.518000	42052	304
planetlab2.cs.pitt.edu_pl2.cs.unm.edu_2050 4	17759.983000	0.028000	0.016000	0.000000	17760.027000	42054	304
planetlab2.cs.pitt.edu_pl2.cs.unm.edu_2052 4	17770.403000	0.023000	0.014000	0.000000	17770.440000	42053	304
planetlab2.cs.pitt.edu_pl2.cs.unm.edu_2055 4	17792.439000	0.049000	0.015000	0.000000	17792.503000	42060	304
planetlab2.cs.pitt.edu_pl2.cs.unm.edu_2061 4	17858.820000	0.075000	0.015000	0.000000	17858.910000	42068	304
planetlab-03.cs.princeton.edu_pl2.cs.unm.edu_4303 3	17881.811000	0.051000	0.015000	0.000000	17881.877000	41788	80
planetlab1.cs.unc.edu_pl2.cs.unm.edu_2951 5	17917.036000	0.035000	0.022000	0.000000	17917.093000	41564	528
planetlab1.cs.unc.edu_pl2.cs.unm.edu_2980 5	18128.167000	0.207000	0.030000	0.000000	18128.404000	41580	528
planetlab1.cs.unc.edu_pl2.cs.unm.edu_2990 5	18146.199000	0.074000	0.019000	0.000000	18146.292000	41586	528
roam2.cs.ou.edu_pl2.cs.unm.edu_3693 3	8346.952000	9887.875000	0.017000	0.000000	18234.844000	41669	48
roam2.cs.ou.edu_pl2.cs.unm.edu_3737 3	8609.382000	9781.717000	0.022000	0.000000	18391.121000	41681	48
planetlab1.rutgers.edu_pl2.cs.unm.edu_5026 4	10032.594000	8403.829000	0.058000	0.000000	18436.481000	41599	512
roam2.cs.ou.edu_pl2.cs.unm.edu_3749 3	8731.676000	9707.112000	0.022000	0.000000	18438.810000	41684	48
roam2.cs.ou.edu_pl2.cs.unm.edu_3765 3	8765.353000	9731.217000	0.017000	0.000000	18496.587000	41685	48
roam2.cs.ou.edu_pl2.cs.unm.edu_3768 3	8782.336000	9721.904000	0.018000	0.000000	18504.258000	41687	48
planetlab1.cs.unc.edu_pl2.cs.unm.edu_3025 5	18640.039000	0.483000	0.018000	0.000000	18640.540000	41624	528
planetlab2.eecs.umich.edu_pl2.cs.unm.edu_3366 4	11791.907000	6849.438000	0.089000	0.000000	18641.434000	41585	2048
roam2.cs.ou.edu_pl2.cs.unm.edu_3811 3	8957.432000	9708.374000	0.016000	0.000000	18665.822000	41693	48
planetlab2.eecs.umich.edu_pl2.cs.unm.edu_3404 4	12007.394000	6814.602000	0.075000	0.000000	18822.071000	41600	2048
planetlab2.eecs.umich.edu_pl2.cs.unm.edu_3408 4	12022.312000	6821.609000	0.073000	0.000000	18843.994000	41602	2048
planetlab2.eecs.umich.edu_pl2.cs.unm.edu_3410 4	12035.894000	6819.012000	0.066000	0.000000	18854.972000	41603	2048
planetlab2.eecs.umich.edu_pl2.cs.unm.edu_3412 4	12036.653000	6819.446000	0.074000	0.000000	18856.173000	41606	2048
planetlab2.eecs.umich.edu_pl2.cs.unm.edu_3414 4	12046.008000	6827.461000	0.077000	0.000000	18873.546000	41610	2048
planetlab2.eecs.umich.edu_pl2.cs.unm.edu_3418 4	12053.674000	6854.212000	0.068000	0.000000	18907.954000	41618	2048
roam2.cs.ou.edu_pl2.cs.unm.edu_3886 3	9272.953000	9695.485000	0.017000	0.000000	18968.455000	41707	48
planetlab2.eecs.umich.edu_pl2.cs.unm.edu_3443 4	12292.738000	6752.941000	0.073000	0.000000	19045.752000	41634	2048
planetlab2.eecs.umich.edu_pl2.cs.unm.edu_3452 4	12363.606000	6723.338000	0.072000	0.000000	19087.016000	41655	2048
planetlab-2.cmcl.cs.cmu.edu_pl2.cs.unm.edu_1679 4	19078.004000	6.417000	0.030000	0.000000	19084.451000	42026	560
roam2.cs.ou.edu_pl2.cs.unm.edu_3934 3	9454.363000	9665.937000	0.017000	0.000000	19120.317000	41717	48
roam2.cs.ou.edu_pl2.cs.unm.edu_3988 3	9672.997000	9625.999000	0.016000	0.000000	19299.012000	41728	48
roam2.cs.ou.edu_pl2.cs.unm.edu_3991 3	9686.526000	9621.474000	0.017000	0.000000	19308.017000	41729	48
roam2.cs.ou.edu_pl2.cs.unm.edu_4003 3	9742.424000	9613.258000	0.022000	0.000000	19355.704000	41731	48
roam2.cs.ou.edu_pl2.cs.unm.edu_4008 3	9763.492000	9607.430000	0.017000	0.000000	19370.939000	41733	48
roam2.cs.ou.edu_pl2.cs.unm.edu_4036 3	9893.402000	9581.805000	0.015000	0.000000	19475.222000	41737	48
roam2.cs.ou.edu_pl2.cs.unm.edu_4078 3	10091.127000	9545.827000	0.020000	0.000000	19636.974000	41745	48
roam2.cs.ou.edu_pl2.cs.unm.edu_4148 3	10289.199000	9604.755000	0.017000	0.000000	19893.971000	41758	48
roam2.cs.ou.edu_pl2.cs.unm.edu_4180 3	10379.201000	9652.369000	0.015000	0.000000	20031.585000	41761	48
planetlab-01.bu.edu_pl2.cs.unm.edu_3079 5	20436.825000	0.080000	0.028000	0.000000	20436.933000	41746	640
roam2.cs.ou.edu_pl2.cs.unm.edu_4311 3	10893.253000	9645.299000	0.029000	0.000000	20538.581000	41793	48
roam2.cs.ou.edu_pl2.cs.unm.edu_4463 3	11721.643000	9356.527000	0.057000	0.000000	21078.227000	41835	48
roam2.cs.ou.edu_pl2.cs.unm.edu_4621 3	12161.412000	9592.467000	0.031000	0.000000	21753.910000	41853	48
planetlab-1.cse.ohio-state.edu_pl2.cs.unm.edu_1033 3	3714.832000	18096.073000	0.044000	0.000000	21810.949000	41449	2560
planetlab1.williams.edu_pl2.cs.unm.edu_1839 3	6710.712000	15307.456000	0.014000	0.000000	22018.182000	41743	2176
planetlab1.williams.edu_pl2.cs.unm.edu_1842 3	6718.155000	15317.190000	0.012000	0.000000	22035.357000	41767	2176
planetlab1.williams.edu_pl2.cs.unm.edu_1844 3	6718.451000	15319.623000	0.011000	0.000000	22038.085000	41771	2176
roam2.cs.ou.edu_pl2.cs.unm.edu_4665 3	12251.813000	9788.700000	0.181000	0.000000	22040.694000	41857	48
planetlab1.williams.edu_pl2.cs.unm.edu_1846 3	6722.607000	15321.761000	0.012000	0.000000	22044.380000	41773	2176
planetlab1.williams.edu_pl2.cs.unm.edu_1851 3	6747.965000	15340.585000	0.012000	0.000000	22088.562000	41774	2176
planetlab1.williams.edu_pl2.cs.unm.edu_1849 3	6746.313000	15344.695000	0.014000	0.000000	22091.022000	41775	2176
planetlab1.williams.edu_pl2.cs.unm.edu_1854 3	6750.980000	15360.140000	0.012000	0.000000	22111.132000	41791	2176
planetlab1.williams.edu_pl2.cs.unm.edu_1861 3	6778.097000	15372.501000	0.015000	0.000000	22150.613000	41839	2176
planetlab-2.cs.uh.edu_pl2.cs.unm.edu_1384 6	22211.984000	0.385000	0.039000	0.000000	22212.408000	41993	784
planetlab-01.cs.princeton.edu_pl2.cs.unm.edu_936 5	22214.309000	1.752000	0.265000	0.000000	22216.326000	41968	816
planetlab1.williams.edu_pl2.cs.unm.edu_1875 3	6821.093000	15401.397000	0.013000	0.000000	22222.503000	41903	2176
roam2.cs.ou.edu_pl2.cs.unm.edu_4758 3	12779.869000	9762.684000	0.033000	0.000000	22542.586000	41870	48
planetlab-03.cs.princeton.edu_pl2.cs.unm.edu_4743 3	22596.610000	1.036000	0.391000	0.000000	22598.037000	41844	80
roam2.cs.ou.edu_pl2.cs.unm.edu_4799 3	12936.718000	9828.864000	0.018000	0.000000	22765.600000	41878	48
roam2.cs.ou.edu_pl2.cs.unm.edu_4813 3	13003.131000	9846.847000	0.036000	0.000000	22850.014000	41882	48
planetlab-03.cs.princeton.edu_pl2.cs.unm.edu_4793 3	22941.175000	1.897000	0.019000	0.000000	22943.091000	41855	80
planetlab2.umassd.edu_pl2.cs.unm.edu_4577 2	8319.834000	14691.065000	0.054000	0.000000	23010.953000	41859	64
roam2.cs.ou.edu_pl2.cs.unm.edu_4833 3	13148.121000	9883.333000	0.031000	0.000000	23031.485000	41884	48
node1.planetlab.albany.edu_pl2.cs.unm.edu_8616 2	12339.822000	10703.692000	0.024000	0.000000	23043.538000	42029	32
roam2.cs.ou.edu_pl2.cs.unm.edu_4840 3	13179.173000	9900.059000	0.030000	0.000000	23079.262000	41886	48
roam2.cs.ou.edu_pl2.cs.unm.edu_4869 3	13266.485000	9958.018000	0.020000	0.000000	23224.523000	41887	48
planetlab2.umassd.edu_pl2.cs.unm.edu_4620 2	8390.361000	14888.733000	0.017000	0.000000	23279.111000	41861	64
planetlab2.umassd.edu_pl2.cs.unm.edu_4632 2	8419.773000	14935.131000	0.053000	0.000000	23354.957000	41862	64
planetlab2.umassd.edu_pl2.cs.unm.edu_4637 2	8429.848000	14951.447000	0.016000	0.000000	23381.311000	41863	64
planetlab1.rutgers.edu_pl2.cs.unm.edu_5613 4	12597.630000	10809.672000	0.056000	0.000000	23407.358000	41663	512
planetlab2.umassd.edu_pl2.cs.unm.edu_4678 2	8602.093000	14947.814000	0.014000	0.000000	23549.921000	41871	64
roam2.cs.ou.edu_pl2.cs.unm.edu_4947 3	13586.569000	9998.735000	0.026000	0.000000	23585.330000	41899	48
planetlab2.umassd.edu_pl2.cs.unm.edu_4721 2	8720.501000	14957.450000	0.016000	0.000000	23677.967000	41879	64
planetlab2.umassd.edu_pl2.cs.unm.edu_4794 2	9032.606000	14919.287000	0.059000	0.000000	23951.952000	41895	64
roam2.cs.ou.edu_pl2.cs.unm.edu_5059 3	14287.187000	9714.229000	0.019000	0.000000	24001.435000	41918	48
planetlab1.cs.unc.edu_pl2.cs.unm.edu_3306 5	24124.713000	0.092000	0.027000	0.000000	24124.832000	41676	528
planetlab-03.cs.princeton.edu_pl2.cs.unm.edu_4872 3	24187.175000	10.116000	0.466000	0.000000	24197.757000	41908	80
roam2.cs.ou.edu_pl2.cs.unm.edu_5138 3	14839.103000	9512.874000	0.021000	0.000000	24351.998000	41931	48
planetlab-02.bu.edu_pl2.cs.unm.edu_1267 3	6100.957000	18333.412000	0.019000	0.000000	24434.388000	41608	368
roam2.cs.ou.edu_pl2.cs.unm.edu_5230 3	15301.787000	9389.179000	0.027000	0.000000	24690.993000	41941	48
planetlab2.umassd.edu_pl2.cs.unm.edu_4988 2	9743.565000	14984.937000	0.055000	0.000000	24728.557000	41927	64
planetlab1.rutgers.edu_pl2.cs.unm.edu_6109 4	14100.138000	10901.325000	0.088000	0.000000	25001.551000	41695	512
roam2.cs.ou.edu_pl2.cs.unm.edu_5336 3	15802.043000	9255.221000	0.056000	0.000000	25057.320000	41950	48
pl1.rcc.uottawa.ca_pl2.cs.unm.edu_6886 3	3595.184000	21544.728000	0.014000	0.000000	25139.926000	41460	0
planetlab-1.cse.ohio-state.edu_pl2.cs.unm.edu_1181 3	8659.756000	16546.499000	0.026000	0.000000	25206.281000	41877	2560
roam2.cs.ou.edu_pl2.cs.unm.edu_5376 3	16160.287000	9056.090000	0.027000	0.000000	25216.404000	41955	48
planetlab4.csee.usf.edu_pl2.cs.unm.edu_1229 4	25222.420000	0.060000	0.026000	0.000000	25222.506000	41914	2624
roam2.cs.ou.edu_pl2.cs.unm.edu_5422 3	16581.668000	8803.709000	0.018000	0.000000	25385.395000	41961	48
roam2.cs.ou.edu_pl2.cs.unm.edu_5425 3	16585.347000	8810.734000	0.017000	0.000000	25396.098000	41963	48
planetlab-1.cs.colostate.edu_pl2.cs.unm.edu_1020 6	12042.587000	13361.573000	0.035000	0.000000	25404.195000	41505	656
roam2.cs.ou.edu_pl2.cs.unm.edu_5428 3	16593.926000	8809.532000	0.027000	0.000000	25403.485000	41962	48
planetlab1.rutgers.edu_pl2.cs.unm.edu_6303 4	14644.905000	10776.482000	0.106000	0.000000	25421.493000	41711	512
roam2.cs.ou.edu_pl2.cs.unm.edu_5472 3	16965.036000	8545.412000	0.023000	0.000000	25510.471000	41967	48
planetlab-1.cs.colostate.edu_pl2.cs.unm.edu_1101 6	15599.290000	9995.120000	0.028000	0.000000	25594.438000	41601	656
planetlab-1.cs.colostate.edu_pl2.cs.unm.edu_1134 6	17322.314000	8318.709000	0.048000	0.000000	25641.071000	41632	656
planetlab-1.cs.colostate.edu_pl2.cs.unm.edu_1136 6	17498.319000	8151.816000	0.043000	0.000000	25650.178000	41633	656
planetlab-1.cs.colostate.edu_pl2.cs.unm.edu_1141 6	17863.558000	7794.006000	0.031000	0.000000	25657.595000	41635	656
planetlab-1.cs.colostate.edu_pl2.cs.unm.edu_1148 6	18183.313000	7502.690000	0.038000	0.000000	25686.041000	41637	656
planetlab-1.cs.colostate.edu_pl2.cs.unm.edu_1153 6	18744.071000	6947.226000	0.032000	0.000000	25691.329000	41641	656
planetlab1.rutgers.edu_pl2.cs.unm.edu_6382 4	15016.296000	10680.871000	0.042000	0.000000	25697.209000	41719	512
planetlab-1.cs.colostate.edu_pl2.cs.unm.edu_1166 6	19215.275000	6518.379000	0.029000	0.000000	25733.683000	41649	656
planetlab-1.cs.colostate.edu_pl2.cs.unm.edu_1177 6	20068.156000	5689.391000	0.039000	0.000000	25757.586000	41697	656
planetlab1.rutgers.edu_pl2.cs.unm.edu_6402 4	15092.111000	10720.129000	0.041000	0.000000	25812.281000	41723	512
planetlab1.rutgers.edu_pl2.cs.unm.edu_6415 4	15169.643000	10749.955000	0.120000	0.000000	25919.718000	41725	512
planetlab-1.cs.colostate.edu_pl2.cs.unm.edu_1224 6	21156.240000	4792.154000	0.031000	0.000000	25948.425000	41889	656
planetlab1.rutgers.edu_pl2.cs.unm.edu_6427 4	15105.581000	10865.724000	0.046000	0.000000	25971.351000	41726	512
planetlab-1.cs.colostate.edu_pl2.cs.unm.edu_1249 6	21690.328000	4324.272000	0.033000	0.000000	26014.633000	42050	656
pl1.rcc.uottawa.ca_pl2.cs.unm.edu_7153 3	3858.955000	22181.033000	0.025000	0.000000	26040.013000	41472	0
planetlab1.rutgers.edu_pl2.cs.unm.edu_6471 4	15244.592000	10855.973000	0.065000	0.000000	26100.630000	41727	512
roam2.cs.ou.edu_pl2.cs.unm.edu_5701 3	18155.352000	7983.109000	0.027000	0.000000	26138.488000	41979	48
planetlab1.cs.unc.edu_pl2.cs.unm.edu_3811 5	26216.197000	0.347000	0.032000	0.000000	26216.576000	41732	528
planetlab1.cs.unc.edu_pl2.cs.unm.edu_3821 5	26322.236000	0.064000	0.018000	0.000000	26322.318000	41736	528
planetlab1.cs.unc.edu_pl2.cs.unm.edu_3831 5	26429.196000	0.425000	0.035000	0.000000	26429.656000	41740	528
planetlab1.cs.unc.edu_pl2.cs.unm.edu_3833 5	26430.050000	0.889000	0.018000	0.000000	26430.957000	41741	528
planetlab1.cs.unc.edu_pl2.cs.unm.edu_3835 5	26442.157000	0.923000	0.026000	0.000000	26443.106000	41742	528
planetlab-03.cs.princeton.edu_pl2.cs.unm.edu_5098 3	26516.749000	0.896000	0.953000	0.000000	26518.598000	41952	80
planetlab2.eecs.umich.edu_pl2.cs.unm.edu_4874 4	20140.372000	6766.137000	0.080000	0.000000	26906.589000	41667	2048
planetlab2.eecs.umich.edu_pl2.cs.unm.edu_4883 4	20199.287000	6726.934000	0.070000	0.000000	26926.291000	41682	2048
planetlab2.eecs.umich.edu_pl2.cs.unm.edu_4887 4	20226.487000	6737.827000	0.074000	0.000000	26964.388000	41683	2048
planetlab1.cs.unc.edu_pl2.cs.unm.edu_3921 5	26964.677000	0.114000	0.036000	0.000000	26964.827000	41756	528
planetlab2.eecs.umich.edu_pl2.cs.unm.edu_4892 4	20251.993000	6745.809000	0.074000	0.000000	26997.876000	41698	2048
planetlab2.eecs.umich.edu_pl2.cs.unm.edu_4894 4	20258.029000	6748.036000	0.076000	0.000000	27006.141000	41686	2048
planetlab2.eecs.umich.edu_pl2.cs.unm.edu_4898 4	20278.035000	6760.287000	0.075000	0.000000	27038.397000	41690	2048
planetlab2.eecs.umich.edu_pl2.cs.unm.edu_4905 4	20321.593000	6776.662000	0.102000	0.000000	27098.357000	41696	2048
planetlab2.eecs.umich.edu_pl2.cs.unm.edu_4912 4	20371.207000	6748.221000	0.077000	0.000000	27119.505000	41664	2048
planetlab2.eecs.umich.edu_pl2.cs.unm.edu_4914 4	20378.322000	6747.932000	0.075000	0.000000	27126.329000	41702	2048
planetlab2.eecs.umich.edu_pl2.cs.unm.edu_4916 4	20386.982000	6752.945000	0.079000	0.000000	27140.006000	41666	2048
planetlab2.eecs.umich.edu_pl2.cs.unm.edu_4918 4	20396.425000	6748.962000	0.076000	0.000000	27145.463000	41670	2048
planetlab2.eecs.umich.edu_pl2.cs.unm.edu_4922 4	20405.545000	6752.170000	0.078000	0.000000	27157.793000	41671	2048
planetlab1.cs.unc.edu_pl2.cs.unm.edu_3940 5	27190.667000	0.612000	0.046000	0.000000	27191.325000	41772	528
planetlab1.cs.unc.edu_pl2.cs.unm.edu_3948 5	27222.673000	0.250000	0.020000	0.000000	27222.943000	41785	528
planetlab2.eecs.umich.edu_pl2.cs.unm.edu_4930 4	20453.206000	6769.947000	3.043000	0.000000	27226.196000	41699	2048
planetlab1.cs.unc.edu_pl2.cs.unm.edu_3953 5	27241.938000	0.717000	0.023000	0.000000	27242.678000	41792	528
planetlab2.eecs.umich.edu_pl2.cs.unm.edu_4937 4	20526.981000	6729.328000	0.081000	0.000000	27256.390000	41672	2048
planetlab1.cs.unc.edu_pl2.cs.unm.edu_3958 5	27282.800000	0.205000	0.029000	0.000000	27283.034000	41796	528
planetlab1.cs.unc.edu_pl2.cs.unm.edu_3960 5	27300.612000	0.086000	0.027000	0.000000	27300.725000	41797	528
planetlab1.cs.unc.edu_pl2.cs.unm.edu_3964 5	27315.362000	0.315000	0.020000	0.000000	27315.697000	41798	528
planetlab1.cs.unc.edu_pl2.cs.unm.edu_3966 5	27318.097000	0.046000	0.015000	0.000000	27318.158000	41800	528
planetlab1.cs.unc.edu_pl2.cs.unm.edu_3986 5	27366.581000	0.740000	0.032000	0.000000	27367.353000	41801	528
planetlab1.cs.unc.edu_pl2.cs.unm.edu_3988 5	27368.943000	0.133000	0.015000	0.000000	27369.091000	41802	528
planetlab1.cs.unc.edu_pl2.cs.unm.edu_4009 5	27467.032000	0.073000	0.020000	0.000000	27467.125000	41804	528
planetlab1.cs.unc.edu_pl2.cs.unm.edu_4019 5	27507.548000	0.638000	0.030000	0.000000	27508.216000	41805	528
planetlab1.cs.unc.edu_pl2.cs.unm.edu_4021 5	27519.538000	0.564000	0.033000	0.000000	27520.135000	41806	528
planetlab1.cs.unc.edu_pl2.cs.unm.edu_4023 5	27534.250000	0.671000	0.019000	0.000000	27534.940000	41807	528
roam2.cs.ou.edu_pl2.cs.unm.edu_6275 3	23301.475000	4374.211000	0.029000	0.000000	27675.715000	42038	48
planetlab1.cs.unc.edu_pl2.cs.unm.edu_4033 5	27708.338000	0.197000	0.029000	0.000000	27708.564000	41812	528
planetlab2.eecs.umich.edu_pl2.cs.unm.edu_5017 4	22065.282000	5721.195000	0.077000	0.000000	27786.554000	41665	2048
planetlab2.eecs.umich.edu_pl2.cs.unm.edu_5019 4	22070.956000	5742.612000	0.078000	0.000000	27813.646000	41668	2048
planetlab2.eecs.umich.edu_pl2.cs.unm.edu_5022 4	22079.806000	5739.009000	0.079000	0.000000	27818.894000	41675	2048
planetlab2.eecs.umich.edu_pl2.cs.unm.edu_5024 4	22090.264000	5730.289000	0.079000	0.000000	27820.632000	41714	2048
planetlab2.eecs.umich.edu_pl2.cs.unm.edu_5034 4	22123.794000	5754.708000	0.076000	0.000000	27878.578000	41674	2048
planetlab2.eecs.umich.edu_pl2.cs.unm.edu_5037 4	22135.777000	5752.645000	0.074000	0.000000	27888.496000	41678	2048
planetlab2.eecs.umich.edu_pl2.cs.unm.edu_5039 4	22139.586000	5773.719000	0.076000	0.000000	27913.381000	41680	2048
planetlab1.cs.unc.edu_pl2.cs.unm.edu_4038 5	27911.851000	0.373000	0.038000	0.000000	27912.262000	41816	528
planetlab2.eecs.umich.edu_pl2.cs.unm.edu_5049 4	22190.258000	5758.510000	0.078000	0.000000	27948.846000	41750	2048
planetlab1.cs.unc.edu_pl2.cs.unm.edu_4044 5	27955.276000	0.275000	0.024000	0.000000	27955.575000	41820	528
planetlab1.cs.unc.edu_pl2.cs.unm.edu_4050 5	27965.818000	0.187000	0.023000	0.000000	27966.028000	41821	528
planetlab1.cs.unc.edu_pl2.cs.unm.edu_4052 5	27976.308000	0.221000	0.033000	0.000000	27976.562000	41822	528
planetlab1.cs.unc.edu_pl2.cs.unm.edu_4062 5	28029.660000	0.080000	0.034000	0.000000	28029.774000	41828	528
planetlab1.cs.unc.edu_pl2.cs.unm.edu_4064 5	28034.504000	8.281000	0.015000	0.000000	28042.800000	41832	528
planetlab1.cs.unc.edu_pl2.cs.unm.edu_4066 5	28039.776000	7.381000	0.016000	0.000000	28047.173000	41836	528
planetlab1.cs.unc.edu_pl2.cs.unm.edu_4071 5	28064.827000	0.620000	0.025000	0.000000	28065.472000	41837	528
planetlab2.eecs.umich.edu_pl2.cs.unm.edu_5072 4	22311.405000	5757.018000	0.078000	0.000000	28068.501000	41777	2048
planetlab1.cs.unc.edu_pl2.cs.unm.edu_4073 5	28067.636000	0.582000	0.016000	0.000000	28068.234000	41838	528
planetlab1.cs.unc.edu_pl2.cs.unm.edu_4079 5	28082.551000	25.051000	0.017000	0.000000	28107.619000	41852	528
planetlab2.eecs.umich.edu_pl2.cs.unm.edu_5079 4	22359.673000	5755.840000	0.076000	0.000000	28115.589000	41794	2048
planetlab2.eecs.umich.edu_pl2.cs.unm.edu_5083 4	22387.605000	5740.361000	0.080000	0.000000	28128.046000	41809	2048
planetlab2.eecs.umich.edu_pl2.cs.unm.edu_5091 4	22440.256000	5732.342000	0.076000	0.000000	28172.674000	41825	2048
planetlab1.cs.unc.edu_pl2.cs.unm.edu_4103 5	28154.353000	20.910000	0.019000	0.000000	28175.282000	41868	528
planetlab2.eecs.umich.edu_pl2.cs.unm.edu_5096 4	22471.778000	5737.536000	0.080000	0.000000	28209.394000	41841	2048
planetlab2.eecs.umich.edu_pl2.cs.unm.edu_5101 4	22508.513000	5720.408000	0.078000	0.000000	28228.999000	41840	2048
planetlab2.eecs.umich.edu_pl2.cs.unm.edu_5103 4	22510.559000	5720.378000	0.267000	0.000000	28231.204000	41843	2048
planetlab2.eecs.umich.edu_pl2.cs.unm.edu_5114 4	22575.388000	5708.212000	0.088000	0.000000	28283.688000	41845	2048
planetlab1.cs.unc.edu_pl2.cs.unm.edu_4141 5	28265.224000	19.281000	0.023000	0.000000	28284.528000	41894	528
planetlab2.eecs.umich.edu_pl2.cs.unm.edu_5120 4	22610.250000	5725.645000	0.079000	0.000000	28335.974000	41849	2048
planetlab2.eecs.umich.edu_pl2.cs.unm.edu_5125 4	22641.423000	5716.505000	0.079000	0.000000	28358.007000	41865	2048
planetlab2.eecs.umich.edu_pl2.cs.unm.edu_5129 4	22679.400000	5716.103000	0.075000	0.000000	28395.578000	41858	2048
planetlab2.eecs.umich.edu_pl2.cs.unm.edu_5135 4	22723.321000	5712.418000	0.073000	0.000000	28435.812000	41920	2048
planetlab2.eecs.umich.edu_pl2.cs.unm.edu_5137 4	22731.297000	5706.952000	0.069000	0.000000	28438.318000	41926	2048
planetlab1.cs.unc.edu_pl2.cs.unm.edu_4197 5	28374.493000	66.969000	0.024000	0.000000	28441.486000	41924	528
planetlab2.eecs.umich.edu_pl2.cs.unm.edu_5141 4	22737.579000	5713.138000	0.071000	0.000000	28450.788000	41706	2048
planetlab1.cs.unc.edu_pl2.cs.unm.edu_4205 5	28408.397000	58.625000	0.030000	0.000000	28467.052000	41928	528
planetlab2.eecs.umich.edu_pl2.cs.unm.edu_5149 4	22778.403000	5735.131000	0.078000	0.000000	28513.612000	41923	2048
planetlab1.cs.unc.edu_pl2.cs.unm.edu_4220 5	28452.823000	62.120000	0.028000	0.000000	28514.971000	41932	528
planetlab2.eecs.umich.edu_pl2.cs.unm.edu_5153 4	22795.328000	5743.958000	0.077000	0.000000	28539.363000	41922	2048
planetlab2.eecs.umich.edu_pl2.cs.unm.edu_5155 4	22806.786000	5739.539000	0.073000	0.000000	28546.398000	41930	2048
planetlab2.eecs.umich.edu_pl2.cs.unm.edu_5159 4	22813.710000	5735.466000	0.078000	0.000000	28549.254000	41938	2048
planetlab1.cs.unc.edu_pl2.cs.unm.edu_4250 5	28506.769000	75.576000	0.015000	0.000000	28582.360000	41934	528
planetlab1.cs.unc.edu_pl2.cs.unm.edu_4253 5	28513.897000	74.385000	0.025000	0.000000	28588.307000	41933	528
planetlab2.eecs.umich.edu_pl2.cs.unm.edu_5176 4	22863.275000	5788.772000	0.078000	0.000000	28652.125000	41954	2048
planetlab1.cs.unc.edu_pl2.cs.unm.edu_4283 5	28555.200000	102.445000	0.014000	0.000000	28657.659000	41939	528
planetlab1.cs.unc.edu_pl2.cs.unm.edu_4293 5	28585.927000	92.547000	0.026000	0.000000	28678.500000	41948	528
planetlab2.eecs.umich.edu_pl2.cs.unm.edu_5197 4	22958.193000	5803.022000	0.089000	0.000000	28761.304000	41969	2048
planetlab1.cs.unc.edu_pl2.cs.unm.edu_4317 5	28681.103000	84.701000	0.020000	0.000000	28765.824000	41964	528
planetlab1.rutgers.edu_pl2.cs.unm.edu_7228 4	18686.741000	10256.717000	0.049000	0.000000	28943.507000	41983	512
planetlab1.cs.unc.edu_pl2.cs.unm.edu_4371 5	28981.419000	0.059000	0.027000	0.000000	28981.505000	41991	528
planetlab2.eecs.umich.edu_pl2.cs.unm.edu_5238 4	23108.182000	5880.870000	0.076000	0.000000	28989.128000	41980	2048
planetlab2.eecs.umich.edu_pl2.cs.unm.edu_5244 4	23137.904000	5889.688000	0.072000	0.000000	29027.664000	41985	2048
planetlab1.rutgers.edu_pl2.cs.unm.edu_7269 4	19008.224000	10066.284000	0.076000	0.000000	29074.584000	42012	512
planetlab2.eecs.umich.edu_pl2.cs.unm.edu_5315 4	23403.753000	5993.105000	0.105000	0.000000	29396.963000	42017	2048
planetlab2.eecs.umich.edu_pl2.cs.unm.edu_5325 4	23442.013000	5981.588000	0.078000	0.000000	29423.679000	42025	2048
planetlab2.eecs.umich.edu_pl2.cs.unm.edu_5336 4	23503.932000	5975.434000	0.069000	0.000000	29479.435000	42033	2048
planetlab1.cs.uoregon.edu_pl2.cs.unm.edu_4000 4	6837.208000	22717.588000	0.027000	0.000000	29554.823000	41486	256
planetlab3.williams.edu_pl2.cs.unm.edu_1545 6	16906.674000	14630.544000	0.027000	0.000000	31537.245000	41552	400
planetlab2.eecs.umich.edu_pl2.cs.unm.edu_5855 4	25642.705000	5962.287000	0.098000	0.000000	31605.090000	42016	2048
planetlab3.williams.edu_pl2.cs.unm.edu_1576 6	19028.731000	12580.877000	0.016000	0.000000	31609.624000	41658	400
planetlab2.eecs.umich.edu_pl2.cs.unm.edu_5863 4	25657.542000	5970.926000	0.072000	0.000000	31628.540000	42019	2048
planetlab3.williams.edu_pl2.cs.unm.edu_1589 6	19898.891000	11737.213000	0.016000	0.000000	31636.120000	41679	400
planetlab2.eecs.umich.edu_pl2.cs.unm.edu_5865 4	25660.583000	5973.798000	0.080000	0.000000	31634.461000	42021	2048
vn4.cse.wustl.edu_pl2.cs.unm.edu_3596 5	31714.199000	0.077000	0.031000	0.000000	31714.307000	41506	272
planetlab3.williams.edu_pl2.cs.unm.edu_1630 6	22587.645000	9192.887000	0.031000	0.000000	31780.563000	41860	400
vn4.cse.wustl.edu_pl2.cs.unm.edu_3604 5	32195.383000	0.083000	0.085000	0.000000	32195.551000	41513	272
flow.colgate.edu_pl2.cs.unm.edu_3514 3	8424.150000	24697.724000	0.014000	0.000000	33121.888000	41578	192
planetlab-03.cs.princeton.edu_pl2.cs.unm.edu_5353 3	33575.954000	0.311000	0.021000	0.000000	33576.286000	42036	80
planetlab-03.cs.princeton.edu_pl2.cs.unm.edu_5386 3	33864.870000	0.629000	0.062000	0.000000	33865.561000	42049	80
planetlab-03.cs.princeton.edu_pl2.cs.unm.edu_5422 3	34126.127000	0.307000	0.022000	0.000000	34126.456000	42071	80
planetlab4.williams.edu_pl2.cs.unm.edu_2012 4	36104.573000	0.085000	0.025000	0.000000	36104.683000	41966	336
vn4.cse.wustl.edu_pl2.cs.unm.edu_3824 5	36433.314000	0.054000	0.032000	0.000000	36433.400000	41545	272
vn4.cse.wustl.edu_pl2.cs.unm.edu_3841 5	36819.208000	0.114000	0.032000	0.000000	36819.354000	41559	272
vn4.cse.wustl.edu_pl2.cs.unm.edu_3854 5	37394.711000	0.081000	0.031000	0.000000	37394.823000	41569	272
vn4.cse.wustl.edu_pl2.cs.unm.edu_3894 5	38113.226000	0.079000	0.033000	0.000000	38113.338000	41576	272
vn4.cse.wustl.edu_pl2.cs.unm.edu_3896 5	38171.009000	0.104000	0.035000	0.000000	38171.148000	41577	272
vn4.cse.wustl.edu_pl2.cs.unm.edu_3916 5	38522.468000	0.481000	0.028000	0.000000	38522.977000	41579	272
vn4.cse.wustl.edu_pl2.cs.unm.edu_3920 5	38585.386000	0.111000	0.022000	0.000000	38585.519000	41581	272
vn4.cse.wustl.edu_pl2.cs.unm.edu_3966 5	39351.864000	0.081000	0.023000	0.000000	39351.968000	41593	272
planetlab1.cs.uoregon.edu_pl2.cs.unm.edu_5170 4	9713.742000	30248.191000	0.039000	0.000000	39961.972000	41617	256
planetlab5.williams.edu_pl2.cs.unm.edu_3517 5	28458.149000	11720.701000	0.024000	0.000000	40178.874000	41709	2112
planetlab5.williams.edu_pl2.cs.unm.edu_3532 5	29170.739000	11040.934000	0.023000	0.000000	40211.696000	41990	2112
planetlab5.williams.edu_pl2.cs.unm.edu_3534 5	29200.900000	11014.094000	0.019000	0.000000	40215.013000	41994	2112
planetlab5.williams.edu_pl2.cs.unm.edu_3536 5	29223.160000	11006.128000	0.016000	0.000000	40229.304000	41996	2112
planetlab5.williams.edu_pl2.cs.unm.edu_3538 5	29253.289000	10985.272000	0.018000	0.000000	40238.579000	41998	2112
planetlab5.williams.edu_pl2.cs.unm.edu_3540 5	29317.949000	10941.917000	0.018000	0.000000	40259.884000	41999	2112
planetlab5.williams.edu_pl2.cs.unm.edu_3543 5	29459.963000	10802.739000	0.023000	0.000000	40262.725000	42030	2112
aguila1.lsi.upc.edu_pl2.cs.unm.edu_1519 4	40285.050000	0.075000	0.016000	0.000000	40285.141000	41827	592
planetlab5.williams.edu_pl2.cs.unm.edu_3568 5	30247.447000	10041.723000	0.022000	0.000000	40289.192000	42062	2112
planetlab5.williams.edu_pl2.cs.unm.edu_3587 5	31590.346000	8754.464000	0.037000	0.000000	40344.847000	42014	2112
vn4.cse.wustl.edu_pl2.cs.unm.edu_4135 5	42716.472000	0.130000	0.030000	0.000000	42716.632000	41661	272
pl1.rcc.uottawa.ca_pl2.cs.unm.edu_10831 3	7659.928000	36770.722000	0.016000	0.000000	44430.666000	41640	0
aguila2.lsi.upc.edu_pl2.cs.unm.edu_2661 3	14997.194000	29790.018000	0.017000	0.000000	44787.229000	42035	576
planetlab1.cs.uoregon.edu_pl2.cs.unm.edu_5856 4	11517.298000	33545.687000	0.356000	0.000000	45063.341000	41700	256
vn4.cse.wustl.edu_pl2.cs.unm.edu_4316 5	45883.746000	0.080000	0.023000	0.000000	45883.849000	41705	272
plgmu1.ite.gmu.edu_pl2.cs.unm.edu_2376 4	46098.645000	1.125000	0.070000	0.000000	46099.840000	41689	208
vn4.cse.wustl.edu_pl2.cs.unm.edu_4393 5	47641.204000	0.031000	0.030000	0.000000	47641.265000	41730	272
vn4.cse.wustl.edu_pl2.cs.unm.edu_4437 5	49209.586000	0.034000	0.028000	0.000000	49209.648000	41751	272
planetlab4.wail.wisc.edu_pl2.cs.unm.edu_9166 4	24183.594000	25581.496000	0.018000	0.000000	49765.108000	41448	16
vn4.cse.wustl.edu_pl2.cs.unm.edu_4453 5	49837.940000	0.160000	0.034000	0.000000	49838.134000	41760	272
vn4.cse.wustl.edu_pl2.cs.unm.edu_4470 5	50248.982000	0.032000	0.030000	0.000000	50249.044000	41762	272
vn4.cse.wustl.edu_pl2.cs.unm.edu_4472 5	50307.107000	0.061000	0.032000	0.000000	50307.200000	41763	272
vn4.cse.wustl.edu_pl2.cs.unm.edu_4484 5	50632.963000	0.059000	0.039000	0.000000	50633.061000	41766	272
vn4.cse.wustl.edu_pl2.cs.unm.edu_4499 5	50971.159000	0.026000	0.027000	0.000000	50971.212000	41770	272
vn4.cse.wustl.edu_pl2.cs.unm.edu_4509 5	51279.760000	0.075000	0.032000	0.000000	51279.867000	41778	272
vn4.cse.wustl.edu_pl2.cs.unm.edu_4520 5	51542.653000	0.078000	0.019000	0.000000	51542.750000	41789	272
vn4.cse.wustl.edu_pl2.cs.unm.edu_4532 5	51719.366000	0.029000	0.027000	0.000000	51719.422000	41799	272
planetlab4.wail.wisc.edu_pl2.cs.unm.edu_9312 4	24752.992000	27222.227000	0.028000	0.000000	51975.247000	41456	16
planetlab4.wail.wisc.edu_pl2.cs.unm.edu_9332 4	24868.936000	27252.451000	0.032000	0.000000	52121.419000	41457	16
vn4.cse.wustl.edu_pl2.cs.unm.edu_4565 5	52248.404000	0.025000	0.027000	0.000000	52248.456000	41811	272
vn4.cse.wustl.edu_pl2.cs.unm.edu_4567 5	52304.534000	0.061000	0.031000	0.000000	52304.626000	41813	272
planetlab4.wail.wisc.edu_pl2.cs.unm.edu_9362 4	24992.368000	27325.622000	0.038000	0.000000	52318.028000	41458	16
vn4.cse.wustl.edu_pl2.cs.unm.edu_4569 5	52317.401000	0.074000	0.027000	0.000000	52317.502000	41814	272
planetlab4.wail.wisc.edu_pl2.cs.unm.edu_9366 4	25006.263000	27341.774000	0.022000	0.000000	52348.059000	41459	16
vn4.cse.wustl.edu_pl2.cs.unm.edu_4572 5	52355.281000	0.109000	0.028000	0.000000	52355.418000	41815	272
planetlab4.wail.wisc.edu_pl2.cs.unm.edu_9407 4	25264.928000	27360.965000	0.024000	0.000000	52625.917000	41463	16
planetlab4.wail.wisc.edu_pl2.cs.unm.edu_9425 4	25394.565000	27348.559000	0.026000	0.000000	52743.150000	41464	16
vn4.cse.wustl.edu_pl2.cs.unm.edu_4611 5	52822.426000	0.062000	0.014000	0.000000	52822.502000	41826	272
vn4.cse.wustl.edu_pl2.cs.unm.edu_4609 5	52826.662000	0.032000	0.031000	0.000000	52826.725000	41823	272
planetlab4.wail.wisc.edu_pl2.cs.unm.edu_9443 4	25485.577000	27352.533000	0.025000	0.000000	52838.135000	41465	16
planetlab4.wail.wisc.edu_pl2.cs.unm.edu_9467 4	25628.732000	27326.251000	0.026000	0.000000	52955.009000	41466	16
planetlab4.wail.wisc.edu_pl2.cs.unm.edu_9472 4	25669.820000	27294.422000	0.028000	0.000000	52964.270000	41467	16
planetlab4.wail.wisc.edu_pl2.cs.unm.edu_9489 4	25764.162000	27275.709000	0.024000	0.000000	53039.895000	41468	16
vn4.cse.wustl.edu_pl2.cs.unm.edu_4619 5	53172.984000	0.028000	0.031000	0.000000	53173.043000	41833	272
vn4.cse.wustl.edu_pl2.cs.unm.edu_4623 5	53545.271000	0.121000	0.030000	0.000000	53545.422000	41847	272
planetlab4.wail.wisc.edu_pl2.cs.unm.edu_9613 4	26312.819000	27433.407000	0.026000	0.000000	53746.252000	41475	16
vn4.cse.wustl.edu_pl2.cs.unm.edu_4672 5	54653.814000	0.074000	0.017000	0.000000	54653.905000	41885	272
vn4.cse.wustl.edu_pl2.cs.unm.edu_4686 5	54888.945000	0.084000	0.032000	0.000000	54889.061000	41890	272
planetlab4.wail.wisc.edu_pl2.cs.unm.edu_9794 4	26745.315000	28335.834000	0.040000	0.000000	55081.189000	41481	16
vn4.cse.wustl.edu_pl2.cs.unm.edu_4702 5	55115.909000	0.101000	0.031000	0.000000	55116.041000	41901	272
vn4.cse.wustl.edu_pl2.cs.unm.edu_4715 5	55318.084000	0.091000	0.030000	0.000000	55318.205000	41909	272
vn4.cse.wustl.edu_pl2.cs.unm.edu_4739 5	55663.969000	0.089000	0.027000	0.000000	55664.085000	41913	272
vn4.cse.wustl.edu_pl2.cs.unm.edu_4744 5	55779.215000	0.078000	0.032000	0.000000	55779.325000	41916	272
vn4.cse.wustl.edu_pl2.cs.unm.edu_4746 5	55791.708000	0.112000	0.026000	0.000000	55791.846000	41917	272
vn4.cse.wustl.edu_pl2.cs.unm.edu_4757 5	55966.029000	0.076000	0.028000	0.000000	55966.133000	41919	272
vn4.cse.wustl.edu_pl2.cs.unm.edu_4769 5	56156.769000	0.569000	0.029000	0.000000	56157.367000	41921	272
planetlab4.wail.wisc.edu_pl2.cs.unm.edu_9851 4	26878.300000	29493.762000	0.029000	0.000000	56372.091000	41483	16
planetlab4.wail.wisc.edu_pl2.cs.unm.edu_9868 4	26916.087000	29614.306000	0.022000	0.000000	56530.415000	41485	16
planetlab1.cs.uoregon.edu_pl2.cs.unm.edu_7397 4	16768.308000	40046.496000	0.037000	0.000000	56814.841000	41946	256
vn4.cse.wustl.edu_pl2.cs.unm.edu_4801 5	56947.416000	0.106000	0.030000	0.000000	56947.552000	41943	272
vn4.cse.wustl.edu_pl2.cs.unm.edu_4841 5	57696.412000	0.089000	0.037000	0.000000	57696.538000	41981	272
planetlab4.wail.wisc.edu_pl2.cs.unm.edu_9921 4	27020.427000	31211.129000	0.018000	0.000000	58231.574000	41487	16
vn4.cse.wustl.edu_pl2.cs.unm.edu_4893 5	58704.088000	0.067000	0.019000	0.000000	58704.174000	42018	272
planetlab4.wail.wisc.edu_pl2.cs.unm.edu_9835 4	29839.597000	28882.944000	0.025000	0.000000	58722.566000	41482	16
plgmu1.ite.gmu.edu_pl2.cs.unm.edu_2482 4	59016.009000	0.096000	0.049000	0.000000	59016.154000	41817	208
planetlab4.wail.wisc.edu_pl2.cs.unm.edu_9980 4	27124.547000	31983.033000	0.027000	0.000000	59107.607000	41489	16
planetlab4.wail.wisc.edu_pl2.cs.unm.edu_9999 4	27220.717000	32322.561000	0.024000	0.000000	59543.302000	41490	16
planetlab4.wail.wisc.edu_pl2.cs.unm.edu_10003 4	27236.467000	32348.532000	0.021000	0.000000	59585.020000	41491	16
planetlab5.cs.uiuc.edu_pl2.cs.unm.edu_906 4	13508.916000	46105.391000	0.009000	0.000000	59614.316000	41598	2336
planetlab4.wail.wisc.edu_pl2.cs.unm.edu_10039 4	27396.267000	32502.529000	0.024000	0.000000	59898.820000	41495	16
planetlab4.wail.wisc.edu_pl2.cs.unm.edu_10063 4	27451.993000	32665.656000	0.017000	0.000000	60117.666000	41496	16
planetlab4.wail.wisc.edu_pl2.cs.unm.edu_10072 4	27490.724000	32809.038000	0.029000	0.000000	60299.791000	41497	16
planetlab4.wail.wisc.edu_pl2.cs.unm.edu_10084 4	27617.818000	32892.816000	0.030000	0.000000	60510.664000	41498	16
planetlab4.wail.wisc.edu_pl2.cs.unm.edu_10089 4	27656.482000	32972.157000	0.030000	0.000000	60628.669000	41499	16
plab4.eece.ksu.edu_pl2.cs.unm.edu_5746 5	28456.028000	32199.209000	0.021000	0.000000	60655.258000	41892	2080
planetlab4.wail.wisc.edu_pl2.cs.unm.edu_10097 4	27936.068000	33067.487000	0.019000	0.000000	61003.574000	41501	16
planetlab4.wail.wisc.edu_pl2.cs.unm.edu_10136 4	27942.630000	33746.157000	0.021000	0.000000	61688.808000	41503	16
plgmu1.ite.gmu.edu_pl2.cs.unm.edu_2497 4	63664.828000	0.078000	0.049000	0.000000	63664.955000	41881	208
planetlab4.wail.wisc.edu_pl2.cs.unm.edu_10103 4	30718.778000	33085.785000	0.019000	0.000000	63804.582000	41502	16
planetlab4.wail.wisc.edu_pl2.cs.unm.edu_10307 4	28532.419000	37421.205000	0.025000	0.000000	65953.649000	41511	16
planetlab4.wail.wisc.edu_pl2.cs.unm.edu_10397 4	28834.043000	37775.750000	0.027000	0.000000	66609.820000	41515	16
plgmu1.ite.gmu.edu_pl2.cs.unm.edu_2519 4	67463.385000	0.125000	0.062000	0.000000	67463.572000	41929	208
planetlab4.wail.wisc.edu_pl2.cs.unm.edu_10529 4	29158.499000	38331.842000	0.026000	0.000000	67490.367000	41523	16
plgmu1.ite.gmu.edu_pl2.cs.unm.edu_2525 4	67564.490000	0.129000	0.049000	0.000000	67564.668000	41937	208
plgmu1.ite.gmu.edu_pl2.cs.unm.edu_2529 4	67621.729000	0.870000	0.057000	0.000000	67622.656000	41944	208
plgmu1.ite.gmu.edu_pl2.cs.unm.edu_2531 4	67634.621000	2.008000	0.058000	0.000000	67636.687000	41945	208
plgmu1.ite.gmu.edu_pl2.cs.unm.edu_2533 4	67651.560000	1.930000	0.060000	0.000000	67653.550000	41947	208
plgmu1.ite.gmu.edu_pl2.cs.unm.edu_2537 4	67673.878000	1.114000	0.064000	0.000000	67675.056000	41949	208
plgmu1.ite.gmu.edu_pl2.cs.unm.edu_2563 4	67884.993000	1.245000	0.070000	0.000000	67886.308000	41977	208
planetlab4.wail.wisc.edu_pl2.cs.unm.edu_10735 4	29687.427000	40206.834000	0.020000	0.000000	69894.281000	41529	16
planetlab4.wail.wisc.edu_pl2.cs.unm.edu_10744 4	29709.170000	40272.826000	0.017000	0.000000	69982.013000	41530	16
planetlab4.wail.wisc.edu_pl2.cs.unm.edu_10760 4	29774.934000	40360.815000	0.019000	0.000000	70135.768000	41531	16
planetlab4.wail.wisc.edu_pl2.cs.unm.edu_10796 4	30098.155000	40413.396000	0.021000	0.000000	70511.572000	41535	16
planetlab4.wail.wisc.edu_pl2.cs.unm.edu_10885 4	30710.664000	40422.015000	0.037000	0.000000	71132.716000	41543	16
planetlab4.wail.wisc.edu_pl2.cs.unm.edu_10934 4	31423.003000	39952.502000	0.028000	0.000000	71375.533000	41547	16
planetlab4.wail.wisc.edu_pl2.cs.unm.edu_10988 4	32061.758000	39717.153000	0.027000	0.000000	71778.938000	41555	16
planetlab4.wail.wisc.edu_pl2.cs.unm.edu_11036 4	33070.208000	38955.045000	0.163000	0.000000	72025.416000	41561	16
planetlab4.wail.wisc.edu_pl2.cs.unm.edu_11042 4	33140.157000	38920.858000	0.030000	0.000000	72061.045000	41562	16
planetlab4.wail.wisc.edu_pl2.cs.unm.edu_11054 4	33269.694000	38831.818000	0.027000	0.000000	72101.539000	41563	16
planetlab4.wail.wisc.edu_pl2.cs.unm.edu_11080 4	33631.187000	38570.675000	0.023000	0.000000	72201.885000	41567	16
planetlab4.wail.wisc.edu_pl2.cs.unm.edu_11117 4	34077.557000	38286.227000	0.026000	0.000000	72363.810000	41571	16
planetlab4.wail.wisc.edu_pl2.cs.unm.edu_11120 4	34101.325000	38278.434000	0.035000	0.000000	72379.794000	41573	16
planetlab4.wail.wisc.edu_pl2.cs.unm.edu_11124 4	34214.750000	38193.665000	0.035000	0.000000	72408.450000	41574	16
planetlab4.wail.wisc.edu_pl2.cs.unm.edu_11132 4	34296.183000	38141.364000	0.029000	0.000000	72437.576000	41575	16
planetlab4.wail.wisc.edu_pl2.cs.unm.edu_11202 4	35081.772000	37774.250000	0.024000	0.000000	72856.046000	41582	16
planetlab4.wail.wisc.edu_pl2.cs.unm.edu_11206 4	35170.731000	37728.648000	0.031000	0.000000	72899.410000	41583	16
pl1.rcc.uottawa.ca_pl2.cs.unm.edu_13202 3	10525.178000	63186.415000	0.023000	0.000000	73711.616000	41768	0
planetlab4.wail.wisc.edu_pl2.cs.unm.edu_11316 4	36244.191000	37575.923000	0.020000	0.000000	73820.134000	41591	16
planetlab4.wail.wisc.edu_pl2.cs.unm.edu_11324 4	36357.400000	37540.023000	0.032000	0.000000	73897.455000	41592	16
planetlab4.wail.wisc.edu_pl2.cs.unm.edu_11366 4	37702.872000	36382.771000	0.030000	0.000000	74085.673000	41595	16
planetlab4.wail.wisc.edu_pl2.cs.unm.edu_11416 4	38647.627000	35638.209000	0.032000	0.000000	74285.868000	41604	16
planetlab4.wail.wisc.edu_pl2.cs.unm.edu_11418 4	38669.072000	35625.780000	0.027000	0.000000	74294.879000	41605	16
planetlab4.wail.wisc.edu_pl2.cs.unm.edu_11433 4	38924.363000	35413.982000	0.028000	0.000000	74338.373000	41609	16
planetlab4.wail.wisc.edu_pl2.cs.unm.edu_11459 4	39447.996000	34969.204000	0.021000	0.000000	74417.221000	41611	16
planetlab4.wail.wisc.edu_pl2.cs.unm.edu_11461 4	39466.849000	34951.893000	0.024000	0.000000	74418.766000	41612	16
planetlab4.wail.wisc.edu_pl2.cs.unm.edu_11470 4	39530.569000	34914.951000	0.026000	0.000000	74445.546000	41613	16
planetlab4.wail.wisc.edu_pl2.cs.unm.edu_11473 4	39553.101000	34905.276000	0.025000	0.000000	74458.402000	41615	16
pl1.rcc.uottawa.ca_pl2.cs.unm.edu_13430 3	10865.609000	63635.127000	0.032000	0.000000	74500.768000	41790	0
planetlab4.wail.wisc.edu_pl2.cs.unm.edu_11531 4	40097.050000	34526.408000	0.033000	0.000000	74623.491000	41619	16
planetlab4.wail.wisc.edu_pl2.cs.unm.edu_11601 4	40941.572000	33901.449000	0.026000	0.000000	74843.047000	41625	16
planetlab4.wail.wisc.edu_pl2.cs.unm.edu_11603 4	40963.738000	33884.132000	0.026000	0.000000	74847.896000	41626	16
planetlab4.wail.wisc.edu_pl2.cs.unm.edu_11635 4	41427.456000	33488.495000	0.025000	0.000000	74915.976000	41627	16
planetlab4.wail.wisc.edu_pl2.cs.unm.edu_11663 4	42009.882000	32979.296000	0.033000	0.000000	74989.211000	41629	16
planetlab4.wail.wisc.edu_pl2.cs.unm.edu_11685 4	42419.029000	32623.845000	0.027000	0.000000	75042.901000	41631	16
pl1.rcc.uottawa.ca_pl2.cs.unm.edu_13627 3	11121.513000	63931.626000	0.024000	0.000000	75053.163000	41803	0
planetlab4.wail.wisc.edu_pl2.cs.unm.edu_11847 4	45112.405000	30439.790000	0.030000	0.000000	75552.225000	41645	16
planetlab4.wail.wisc.edu_pl2.cs.unm.edu_11909 4	46351.275000	29388.759000	0.032000	0.000000	75740.066000	41651	16
planetlab4.wail.wisc.edu_pl2.cs.unm.edu_11992 4	47049.897000	28901.617000	0.128000	0.000000	75951.642000	41656	16
planetlab4.wail.wisc.edu_pl2.cs.unm.edu_12011 4	47356.372000	28651.883000	0.029000	0.000000	76008.284000	41659	16
pl1.rcc.uottawa.ca_pl2.cs.unm.edu_14695 3	12544.579000	66617.975000	0.181000	0.000000	79162.735000	41864	0
planetlab4.wail.wisc.edu_pl2.cs.unm.edu_12447 4	63719.367000	16135.405000	0.029000	0.000000	79854.801000	41677	16
planetlab4.wail.wisc.edu_pl2.cs.unm.edu_12599 4	66622.013000	13897.274000	0.029000	0.000000	80519.316000	41688	16
pl1.rcc.uottawa.ca_pl2.cs.unm.edu_15168 3	13294.496000	67314.151000	0.027000	0.000000	80608.674000	41888	0
planetlab4.wail.wisc.edu_pl2.cs.unm.edu_12670 4	67423.802000	13374.549000	0.029000	0.000000	80798.380000	41691	16
pl1.rcc.uottawa.ca_pl2.cs.unm.edu_15337 3	13542.625000	67628.468000	0.031000	0.000000	81171.124000	41896	0
pl1.rcc.uottawa.ca_pl2.cs.unm.edu_15356 3	13574.322000	67685.518000	0.019000	0.000000	81259.859000	41897	0
pl1.rcc.uottawa.ca_pl2.cs.unm.edu_15358 3	13576.697000	67689.402000	0.021000	0.000000	81266.120000	41898	0
pl1.rcc.uottawa.ca_pl2.cs.unm.edu_15396 3	13608.891000	67769.073000	0.015000	0.000000	81377.979000	41900	0
planetlab4.wail.wisc.edu_pl2.cs.unm.edu_12844 4	69656.923000	11779.053000	0.020000	0.000000	81435.996000	41703	16
planetlab4.wail.wisc.edu_pl2.cs.unm.edu_12865 4	69746.315000	11763.452000	0.019000	0.000000	81509.786000	41704	16
planetlab4.wail.wisc.edu_pl2.cs.unm.edu_12927 4	70137.103000	11600.392000	0.025000	0.000000	81737.520000	41712	16
planetlab4.wail.wisc.edu_pl2.cs.unm.edu_12931 4	70170.443000	11571.117000	0.026000	0.000000	81741.586000	41713	16
planetlab4.wail.wisc.edu_pl2.cs.unm.edu_12987 4	70540.343000	11419.330000	0.030000	0.000000	81959.703000	41720	16
planetlab4.wail.wisc.edu_pl2.cs.unm.edu_12989 4	70574.934000	11396.431000	0.029000	0.000000	81971.394000	41722	16
planetlab4.wail.wisc.edu_pl2.cs.unm.edu_12995 4	70599.547000	11401.221000	0.017000	0.000000	82000.785000	41721	16
planetlab4.wail.wisc.edu_pl2.cs.unm.edu_13009 4	70671.655000	11397.037000	0.027000	0.000000	82068.719000	41724	16
pl1.rcc.uottawa.ca_pl2.cs.unm.edu_15754 3	14067.176000	68405.812000	0.014000	0.000000	82473.002000	41912	0
planetlab4.wail.wisc.edu_pl2.cs.unm.edu_13204 4	71892.999000	11123.596000	0.026000	0.000000	83016.621000	41739	16
planetlab4.wail.wisc.edu_pl2.cs.unm.edu_13295 4	72579.900000	10964.552000	0.030000	0.000000	83544.482000	41747	16
planetlab4.wail.wisc.edu_pl2.cs.unm.edu_13338 4	72891.927000	10896.340000	0.015000	0.000000	83788.282000	41753	16
planetlab4.wail.wisc.edu_pl2.cs.unm.edu_13347 4	72914.572000	10916.066000	0.018000	0.000000	83830.656000	41754	16
planetlab4.wail.wisc.edu_pl2.cs.unm.edu_13351 4	72942.862000	10908.216000	0.027000	0.000000	83851.105000	41755	16
planetlab4.wail.wisc.edu_pl2.cs.unm.edu_13367 4	73069.504000	10859.931000	0.019000	0.000000	83929.454000	41759	16
planetlab4.wail.wisc.edu_pl2.cs.unm.edu_13412 4	73608.119000	10517.325000	0.024000	0.000000	84125.468000	41765	16
planetlab4.wail.wisc.edu_pl2.cs.unm.edu_13504 4	74212.645000	10263.773000	0.027000	0.000000	84476.445000	41779	16
planetlab4.wail.wisc.edu_pl2.cs.unm.edu_13562 4	74412.781000	10290.802000	0.023000	0.000000	84703.606000	41787	16
pl1.rcc.uottawa.ca_pl2.cs.unm.edu_16708 3	15297.845000	69820.284000	0.045000	0.000000	85118.174000	41940	0
planetlab4.wail.wisc.edu_pl2.cs.unm.edu_13669 4	75196.534000	10015.455000	0.030000	0.000000	85212.019000	41808	16
planetlab4.wail.wisc.edu_pl2.cs.unm.edu_13797 4	76134.632000	9528.350000	0.025000	0.000000	85663.007000	41819	16
planetlab4.wail.wisc.edu_pl2.cs.unm.edu_13928 4	77029.868000	9004.220000	0.032000	0.000000	86034.120000	41831	16
