planetlab7.flux.utah.edu_planetlab2.netlab.uky.edu_75 2	594.642000	0.389000	0.020000	0.000000	595.051000	21406	1536
planetlab4.rutgers.edu_planetlab2.netlab.uky.edu_523 3	616.407000	4.780000	0.016000	0.000000	621.203000	21353	1024
planetlab4.rutgers.edu_planetlab2.netlab.uky.edu_592 3	770.275000	0.338000	0.020000	0.000000	770.633000	21361	1024
planetlab2.netlab.uky.edu_planetlab2.netlab.uky.edu_247 0	0.211000	775.302000	0.013000	0.000000	775.526000	21477	544
planetlab2.dtc.umn.edu_planetlab2.netlab.uky.edu_26 4	911.971000	0.581000	0.030000	0.000000	912.582000	21444	3072
planetlab4.rutgers.edu_planetlab2.netlab.uky.edu_674 3	941.800000	1.324000	0.025000	0.000000	943.149000	21378	1024
planetlab2.acis.ufl.edu_planetlab2.netlab.uky.edu_375 2	666.140000	664.622000	0.019000	0.000000	1330.781000	21428	1056
planetlab1.cs.cornell.edu_planetlab2.netlab.uky.edu_205 4	1487.588000	0.429000	0.038000	0.000000	1488.055000	21435	1280
node1.planetlab.albany.edu_planetlab2.netlab.uky.edu_1211 1	370.124000	1149.349000	0.016000	0.000000	1519.489000	21388	32
node1.planetlab.albany.edu_planetlab2.netlab.uky.edu_1253 1	440.871000	1176.642000	0.024000	0.000000	1617.537000	21402	32
planetlab2.cs.uoregon.edu_planetlab2.netlab.uky.edu_13 5	1896.979000	0.560000	0.039000	0.000000	1897.578000	21565	3104
node1.planetlab.albany.edu_planetlab2.netlab.uky.edu_1515 1	1020.291000	1240.788000	0.044000	0.000000	2261.123000	21497	32
planetlab2.netlab.uky.edu_planetlab2.netlab.uky.edu_453 0	0.227000	2454.473000	0.010000	0.000000	2454.710000	21678	544
planet1.cs.rochester.edu_planetlab2.netlab.uky.edu_8 3	2467.540000	0.032000	0.023000	0.000000	2467.595000	21633	3328
node1.planetlab.albany.edu_planetlab2.netlab.uky.edu_1661 1	1261.788000	1302.194000	0.025000	0.000000	2564.007000	21521	32
node1.planetlab.albany.edu_planetlab2.netlab.uky.edu_1693 1	1321.256000	1305.419000	0.018000	0.000000	2626.693000	21530	32
node1.planetlab.albany.edu_planetlab2.netlab.uky.edu_1815 1	1576.592000	1289.121000	0.019000	0.000000	2865.732000	21569	32
earth.cs.brown.edu_planetlab2.netlab.uky.edu_1436 2	1692.597000	1253.359000	0.029000	0.000000	2945.985000	21411	96
node1.planetlab.albany.edu_planetlab2.netlab.uky.edu_1900 1	1770.381000	1253.642000	0.034000	0.000000	3024.057000	21584	32
node1.planetlab.albany.edu_planetlab2.netlab.uky.edu_1905 1	1791.945000	1238.057000	0.018000	0.000000	3030.020000	21585	32
node1.planetlab.albany.edu_planetlab2.netlab.uky.edu_1909 1	1805.153000	1235.240000	0.018000	0.000000	3040.411000	21587	32
node1.planetlab.albany.edu_planetlab2.netlab.uky.edu_1932 1	1840.287000	1241.499000	0.061000	0.000000	3081.847000	21589	32
earth.cs.brown.edu_planetlab2.netlab.uky.edu_1573 2	2073.580000	1100.550000	0.020000	0.000000	3174.150000	21462	96
node1.planetlab.albany.edu_planetlab2.netlab.uky.edu_2008 1	1951.920000	1269.883000	0.021000	0.000000	3221.824000	21593	32
planetlab6.cs.duke.edu_planetlab2.netlab.uky.edu_973 2	1927.425000	1405.590000	0.017000	0.000000	3333.032000	21440	288
node1.planetlab.albany.edu_planetlab2.netlab.uky.edu_2169 1	2204.166000	1310.743000	0.017000	0.000000	3514.926000	21615	32
node1.planetlab.albany.edu_planetlab2.netlab.uky.edu_2175 1	2221.457000	1304.391000	0.017000	0.000000	3525.865000	21617	32
node1.planetlab.albany.edu_planetlab2.netlab.uky.edu_2243 1	2343.077000	1349.304000	0.017000	0.000000	3692.398000	21637	32
planetlab2.cs.pitt.edu_planetlab2.netlab.uky.edu_965 3	2963.688000	800.838000	0.013000	0.000000	3764.539000	21363	304
planetlab2.dtc.umn.edu_planetlab2.netlab.uky.edu_261 4	3957.216000	0.027000	0.021000	0.000000	3957.264000	21851	3072
planetlab-01.bu.edu_planetlab2.netlab.uky.edu_952 2	3519.124000	619.386000	0.018000	0.000000	4138.528000	21509	640
planetlab-01.bu.edu_planetlab2.netlab.uky.edu_967 2	3555.009000	614.033000	0.017000	0.000000	4169.059000	21537	640
planetlab-01.bu.edu_planetlab2.netlab.uky.edu_969 2	3557.247000	616.255000	0.015000	0.000000	4173.517000	21540	640
node1.planetlab.albany.edu_planetlab2.netlab.uky.edu_2448 1	2783.802000	1391.866000	0.018000	0.000000	4175.686000	21713	32
planetlab-01.bu.edu_planetlab2.netlab.uky.edu_973 2	3564.400000	619.840000	0.018000	0.000000	4184.258000	21541	640
planetlab-01.bu.edu_planetlab2.netlab.uky.edu_978 2	3575.637000	643.373000	0.019000	0.000000	4219.029000	21543	640
planetlab-01.bu.edu_planetlab2.netlab.uky.edu_980 2	3577.769000	650.416000	0.019000	0.000000	4228.204000	21549	640
planetlab-01.bu.edu_planetlab2.netlab.uky.edu_984 2	3594.525000	642.954000	0.017000	0.000000	4237.496000	21557	640
planetlab-1.cse.ohio-state.edu_planetlab2.netlab.uky.edu_204 2	1206.882000	3039.455000	0.025000	0.000000	4246.362000	21426	2560
planetlab-1.cse.ohio-state.edu_planetlab2.netlab.uky.edu_203 2	1206.057000	3041.130000	0.025000	0.000000	4247.212000	21362	2560
planetlab-01.bu.edu_planetlab2.netlab.uky.edu_1003 2	3656.979000	674.999000	0.016000	0.000000	4331.994000	21605	640
planetlab-1.cse.ohio-state.edu_planetlab2.netlab.uky.edu_212 2	1396.361000	2987.798000	0.026000	0.000000	4384.185000	21458	2560
planetlab-01.bu.edu_planetlab2.netlab.uky.edu_1024 2	3744.884000	680.410000	0.012000	0.000000	4425.306000	21669	640
planetlab1.rutgers.edu_planetlab2.netlab.uky.edu_1051 1	238.785000	4214.404000	0.048000	0.000000	4453.237000	21355	512
planetlab1.rutgers.edu_planetlab2.netlab.uky.edu_1095 1	542.269000	4006.341000	0.037000	0.000000	4548.647000	21419	512
planetlab-1.cse.ohio-state.edu_planetlab2.netlab.uky.edu_218 2	1583.701000	2992.198000	0.023000	0.000000	4575.922000	21474	2560
planetlab-1.cse.ohio-state.edu_planetlab2.netlab.uky.edu_219 2	1583.630000	2992.193000	0.026000	0.000000	4575.849000	21488	2560
planetlab6.cs.duke.edu_planetlab2.netlab.uky.edu_1267 2	2690.083000	1897.970000	0.016000	0.000000	4588.069000	21539	288
planetlab1.rutgers.edu_planetlab2.netlab.uky.edu_1119 1	650.548000	3963.302000	0.054000	0.000000	4613.904000	21437	512
planetlab1.rutgers.edu_planetlab2.netlab.uky.edu_1126 1	721.740000	3901.807000	0.048000	0.000000	4623.595000	21448	512
planetlab-1.cse.ohio-state.edu_planetlab2.netlab.uky.edu_220 2	1618.724000	3006.470000	0.024000	0.000000	4625.218000	21490	2560
planetlab-1.cse.ohio-state.edu_planetlab2.netlab.uky.edu_222 2	1650.155000	3019.969000	0.026000	0.000000	4670.150000	21494	2560
planetlab-1.cse.ohio-state.edu_planetlab2.netlab.uky.edu_221 2	1650.380000	3019.839000	0.024000	0.000000	4670.243000	21491	2560
planetlab-01.bu.edu_planetlab2.netlab.uky.edu_1083 2	3985.085000	686.655000	0.018000	0.000000	4671.758000	21797	640
planetlab1.rutgers.edu_planetlab2.netlab.uky.edu_1212 1	1331.690000	3404.163000	0.047000	0.000000	4735.900000	21532	512
planetlab-1.cse.ohio-state.edu_planetlab2.netlab.uky.edu_225 2	1901.776000	2882.549000	0.027000	0.000000	4784.352000	21498	2560
planetlab1.cs.unc.edu_planetlab2.netlab.uky.edu_1247 2	4898.956000	0.598000	0.022000	0.000000	4899.576000	21563	528
node1.planetlab.albany.edu_planetlab2.netlab.uky.edu_2751 1	3130.717000	1768.967000	0.019000	0.000000	4899.703000	21765	32
planetlab4.rutgers.edu_planetlab2.netlab.uky.edu_1682 3	1774.120000	3131.888000	0.033000	0.000000	4906.041000	21473	1024
planetlab1.rutgers.edu_planetlab2.netlab.uky.edu_1249 1	1699.962000	3206.226000	0.048000	0.000000	4906.236000	21576	512
node1.planetlab.albany.edu_planetlab2.netlab.uky.edu_2772 1	3158.028000	1774.261000	0.017000	0.000000	4932.306000	21770	32
planetlab1.cs.unc.edu_planetlab2.netlab.uky.edu_1255 2	4943.319000	0.665000	0.023000	0.000000	4944.007000	21595	528
node1.planetlab.albany.edu_planetlab2.netlab.uky.edu_2825 1	3231.425000	1817.607000	0.015000	0.000000	5049.047000	21778	32
planetlab1.cs.unc.edu_planetlab2.netlab.uky.edu_1265 2	5109.113000	0.185000	0.017000	0.000000	5109.315000	21611	528
planetlab4.rutgers.edu_planetlab2.netlab.uky.edu_1762 3	2002.490000	3123.946000	0.016000	0.000000	5126.452000	21495	1024
planetlab1.cs.unc.edu_planetlab2.netlab.uky.edu_1268 2	5144.029000	0.467000	0.030000	0.000000	5144.526000	21619	528
planetlab1.cs.unc.edu_planetlab2.netlab.uky.edu_1270 2	5145.852000	0.237000	0.019000	0.000000	5146.108000	21625	528
node1.planetlab.albany.edu_planetlab2.netlab.uky.edu_2864 1	3290.495000	1856.665000	0.017000	0.000000	5147.177000	21784	32
planetlab1.cs.unc.edu_planetlab2.netlab.uky.edu_1273 2	5173.707000	0.377000	0.034000	0.000000	5174.118000	21626	528
node1.planetlab.albany.edu_planetlab2.netlab.uky.edu_2874 1	3301.842000	1872.741000	0.017000	0.000000	5174.600000	21787	32
node1.planetlab.albany.edu_planetlab2.netlab.uky.edu_2877 1	3302.334000	1873.301000	0.016000	0.000000	5175.651000	21786	32
node1.planetlab.albany.edu_planetlab2.netlab.uky.edu_2902 1	3326.985000	1903.941000	0.014000	0.000000	5230.940000	21790	32
ebb.colgate.edu_planetlab2.netlab.uky.edu_837 3	1894.285000	3376.862000	0.012000	0.000000	5271.159000	21482	1184
planetlab1.rutgers.edu_planetlab2.netlab.uky.edu_1298 1	2511.770000	2786.010000	0.060000	0.000000	5297.840000	21635	512
planetlab1.rutgers.edu_planetlab2.netlab.uky.edu_1300 1	2546.451000	2754.111000	0.051000	0.000000	5300.613000	21640	512
planetlab1.cs.unc.edu_planetlab2.netlab.uky.edu_1290 2	5322.228000	0.121000	0.024000	0.000000	5322.373000	21627	528
planetlab1.cs.unc.edu_planetlab2.netlab.uky.edu_1292 2	5324.083000	0.101000	0.019000	0.000000	5324.203000	21631	528
planetlab1.rutgers.edu_planetlab2.netlab.uky.edu_1311 1	2794.211000	2540.389000	0.039000	0.000000	5334.639000	21696	512
planetlab1.rutgers.edu_planetlab2.netlab.uky.edu_1313 1	2828.834000	2508.396000	0.048000	0.000000	5337.278000	21704	512
planetlab1.rutgers.edu_planetlab2.netlab.uky.edu_1321 1	2718.248000	2656.933000	0.047000	0.000000	5375.228000	21705	512
planetlab1.rutgers.edu_planetlab2.netlab.uky.edu_1323 1	2723.188000	2652.096000	0.047000	0.000000	5375.331000	21706	512
planetlab1.rutgers.edu_planetlab2.netlab.uky.edu_1326 1	2743.868000	2661.476000	0.044000	0.000000	5405.388000	21708	512
planetlab4.rutgers.edu_planetlab2.netlab.uky.edu_1844 3	2259.740000	3155.960000	0.012000	0.000000	5415.712000	21514	1024
node1.planetlab.albany.edu_planetlab2.netlab.uky.edu_2997 1	3435.066000	2003.452000	0.017000	0.000000	5438.535000	21807	32
planetlab4.rutgers.edu_planetlab2.netlab.uky.edu_1896 3	2399.019000	3110.277000	0.029000	0.000000	5509.325000	21524	1024
node1.planetlab.albany.edu_planetlab2.netlab.uky.edu_3033 1	3497.300000	2039.344000	0.020000	0.000000	5536.664000	21818	32
planetlab1.rutgers.edu_planetlab2.netlab.uky.edu_1379 1	2866.014000	2673.516000	0.045000	0.000000	5539.575000	21720	512
planetlab4.rutgers.edu_planetlab2.netlab.uky.edu_1921 3	2481.192000	3083.739000	0.017000	0.000000	5564.948000	21538	1024
planetlab4.rutgers.edu_planetlab2.netlab.uky.edu_1931 3	2527.685000	3055.237000	0.021000	0.000000	5582.943000	21544	1024
planetlab1.rutgers.edu_planetlab2.netlab.uky.edu_1395 1	2947.990000	2639.240000	0.053000	0.000000	5587.283000	21736	512
planetlab4.rutgers.edu_planetlab2.netlab.uky.edu_1935 3	2535.386000	3064.760000	0.014000	0.000000	5600.160000	21546	1024
planetlab4.rutgers.edu_planetlab2.netlab.uky.edu_1937 3	2550.032000	3050.183000	0.028000	0.000000	5600.243000	21547	1024
planetlab4.rutgers.edu_planetlab2.netlab.uky.edu_1944 3	2563.420000	3054.528000	0.014000	0.000000	5617.962000	21550	1024
planetlab4.rutgers.edu_planetlab2.netlab.uky.edu_1968 3	2633.650000	3024.487000	0.019000	0.000000	5658.156000	21562	1024
planetlab1.rutgers.edu_planetlab2.netlab.uky.edu_1423 1	3048.923000	2636.876000	0.270000	0.000000	5686.069000	21750	512
planetlab1.cs.unc.edu_planetlab2.netlab.uky.edu_1362 2	5706.152000	0.351000	0.025000	0.000000	5706.528000	21755	528
planetlab1.rutgers.edu_planetlab2.netlab.uky.edu_1452 1	3295.509000	2469.314000	0.052000	0.000000	5764.875000	21768	512
planetlab1.rutgers.edu_planetlab2.netlab.uky.edu_1469 1	3345.426000	2440.897000	0.048000	0.000000	5786.371000	21794	512
node1.planetlab.albany.edu_planetlab2.netlab.uky.edu_3162 1	3678.380000	2167.559000	0.019000	0.000000	5845.958000	21839	32
node1.planetlab.albany.edu_planetlab2.netlab.uky.edu_3173 1	3690.830000	2176.620000	0.017000	0.000000	5867.467000	21841	32
node1.planetlab.albany.edu_planetlab2.netlab.uky.edu_3223 1	3755.308000	2239.362000	0.018000	0.000000	5994.688000	21850	32
planetlab6.cs.cornell.edu_planetlab2.netlab.uky.edu_1602 3	3987.316000	2037.509000	0.042000	0.000000	6024.867000	21516	352
planetlab1.rutgers.edu_planetlab2.netlab.uky.edu_1586 1	3534.963000	2487.377000	0.032000	0.000000	6022.372000	21824	512
planetlab-3.cmcl.cs.cmu.edu_planetlab2.netlab.uky.edu_865 1	4345.459000	1711.890000	0.036000	0.000000	6057.385000	21939	1568
node1.planetlab.albany.edu_planetlab2.netlab.uky.edu_3319 1	3864.810000	2360.222000	0.018000	0.000000	6225.050000	21863	32
node1.planetlab.albany.edu_planetlab2.netlab.uky.edu_3335 1	3880.519000	2387.300000	0.038000	0.000000	6267.857000	21867	32
node1.planetlab.albany.edu_planetlab2.netlab.uky.edu_3340 1	3882.846000	2398.288000	0.017000	0.000000	6281.151000	21869	32
planetlab1.rutgers.edu_planetlab2.netlab.uky.edu_1627 1	3693.548000	2605.305000	0.044000	0.000000	6298.897000	21832	512
node1.planetlab.albany.edu_planetlab2.netlab.uky.edu_3355 1	3897.779000	2414.744000	0.017000	0.000000	6312.540000	21870	32
node1.planetlab.albany.edu_planetlab2.netlab.uky.edu_3357 1	3899.912000	2415.779000	0.017000	0.000000	6315.708000	21871	32
planetlab1.rutgers.edu_planetlab2.netlab.uky.edu_1637 1	3600.252000	2731.032000	0.040000	0.000000	6331.324000	21833	512
planetlab1.rutgers.edu_planetlab2.netlab.uky.edu_1645 1	3615.221000	2744.526000	0.035000	0.000000	6359.782000	21834	512
planetlab1.rutgers.edu_planetlab2.netlab.uky.edu_1668 1	3647.315000	2776.894000	0.036000	0.000000	6424.245000	21836	512
planetlab1.rutgers.edu_planetlab2.netlab.uky.edu_1703 1	3737.115000	2786.285000	0.042000	0.000000	6523.442000	21847	512
node1.planetlab.albany.edu_planetlab2.netlab.uky.edu_3446 1	3988.726000	2557.176000	0.018000	0.000000	6545.920000	21887	32
planetlab1.rutgers.edu_planetlab2.netlab.uky.edu_1713 1	3745.620000	2815.183000	0.029000	0.000000	6560.832000	21848	512
node1.planetlab.albany.edu_planetlab2.netlab.uky.edu_3470 1	4005.080000	2605.676000	0.019000	0.000000	6610.775000	21889	32
node1.planetlab.albany.edu_planetlab2.netlab.uky.edu_3490 1	4023.087000	2624.131000	0.018000	0.000000	6647.236000	21892	32
node1.planetlab.albany.edu_planetlab2.netlab.uky.edu_3506 1	4038.505000	2646.804000	0.019000	0.000000	6685.328000	21893	32
node1.planetlab.albany.edu_planetlab2.netlab.uky.edu_3509 1	4041.301000	2649.627000	0.014000	0.000000	6690.942000	21895	32
node1.planetlab.albany.edu_planetlab2.netlab.uky.edu_3529 1	4074.941000	2646.320000	0.017000	0.000000	6721.278000	21901	32
node1.planetlab.albany.edu_planetlab2.netlab.uky.edu_3561 1	4120.718000	2673.651000	0.049000	0.000000	6794.418000	21909	32
node1.planetlab.albany.edu_planetlab2.netlab.uky.edu_3576 1	4143.792000	2676.331000	0.018000	0.000000	6820.141000	21914	32
planetlab4.rutgers.edu_planetlab2.netlab.uky.edu_2355 3	6859.779000	0.030000	0.028000	0.000000	6859.837000	21581	1024
node1.planetlab.albany.edu_planetlab2.netlab.uky.edu_3628 1	4212.332000	2704.913000	0.019000	0.000000	6917.264000	21925	32
planetlab1.rutgers.edu_planetlab2.netlab.uky.edu_1811 1	3866.865000	3133.600000	0.035000	0.000000	7000.500000	21864	512
planetlab1.cs.unc.edu_planetlab2.netlab.uky.edu_1558 2	7101.366000	1.171000	0.019000	0.000000	7102.556000	21883	528
node1.planetlab.albany.edu_planetlab2.netlab.uky.edu_3794 1	4524.421000	2771.505000	0.020000	0.000000	7295.946000	21957	32
planetlab1.rutgers.edu_planetlab2.netlab.uky.edu_1845 1	4190.471000	3135.219000	0.075000	0.000000	7325.765000	21888	512
planetlab4.rutgers.edu_planetlab2.netlab.uky.edu_2459 3	7243.508000	93.602000	0.017000	0.000000	7337.127000	21601	1024
planetlab1.rutgers.edu_planetlab2.netlab.uky.edu_1857 1	4131.246000	3238.964000	0.038000	0.000000	7370.248000	21896	512
planetlab1.rutgers.edu_planetlab2.netlab.uky.edu_1861 1	4064.244000	3317.363000	0.050000	0.000000	7381.657000	21897	512
planetlab1.rutgers.edu_planetlab2.netlab.uky.edu_1869 1	4076.983000	3324.724000	0.046000	0.000000	7401.753000	21898	512
planetlab1.rutgers.edu_planetlab2.netlab.uky.edu_1872 1	4077.966000	3327.966000	0.056000	0.000000	7405.988000	21900	512
planetlab1.rutgers.edu_planetlab2.netlab.uky.edu_1882 1	4137.345000	3307.126000	0.050000	0.000000	7444.521000	21912	512
planetlab4.rutgers.edu_planetlab2.netlab.uky.edu_2513 3	7097.428000	423.276000	0.027000	0.000000	7520.731000	21610	1024
planetlab1.rutgers.edu_planetlab2.netlab.uky.edu_1925 1	4308.980000	3272.325000	0.047000	0.000000	7581.352000	21928	512
planetlab4.rutgers.edu_planetlab2.netlab.uky.edu_2577 3	7154.354000	494.188000	0.016000	0.000000	7648.558000	21671	1024
planetlab4.rutgers.edu_planetlab2.netlab.uky.edu_2579 3	7167.302000	481.700000	0.019000	0.000000	7649.021000	21674	1024
planetlab1.rutgers.edu_planetlab2.netlab.uky.edu_1999 1	4503.472000	3259.579000	0.049000	0.000000	7763.100000	21952	512
planetlab1.rutgers.edu_planetlab2.netlab.uky.edu_2002 1	4505.156000	3258.916000	0.068000	0.000000	7764.140000	21953	512
planetlab1.rutgers.edu_planetlab2.netlab.uky.edu_2003 1	4507.450000	3259.214000	0.027000	0.000000	7766.691000	21954	512
planetlab1.rutgers.edu_planetlab2.netlab.uky.edu_1993 1	4468.105000	3301.515000	0.048000	0.000000	7769.668000	21949	512
planetlab1.rutgers.edu_planetlab2.netlab.uky.edu_2007 1	4516.077000	3284.784000	0.047000	0.000000	7800.908000	21956	512
planetlab1.rutgers.edu_planetlab2.netlab.uky.edu_2014 1	4540.015000	3264.512000	0.047000	0.000000	7804.574000	21960	512
planetlab1.rutgers.edu_planetlab2.netlab.uky.edu_2015 1	4540.269000	3264.419000	0.027000	0.000000	7804.715000	21961	512
planetlab1.rutgers.edu_planetlab2.netlab.uky.edu_2017 1	4550.227000	3266.883000	0.051000	0.000000	7817.161000	21962	512
planetlab1.rutgers.edu_planetlab2.netlab.uky.edu_2019 1	4553.021000	3283.210000	0.028000	0.000000	7836.259000	21963	512
planetlab1.rutgers.edu_planetlab2.netlab.uky.edu_2027 1	4564.017000	3281.230000	0.059000	0.000000	7845.306000	21964	512
planetlab1.rutgers.edu_planetlab2.netlab.uky.edu_2035 1	4576.304000	3298.381000	0.034000	0.000000	7874.719000	21966	512
planetlab1.rutgers.edu_planetlab2.netlab.uky.edu_2033 1	4573.201000	3301.615000	0.041000	0.000000	7874.857000	21965	512
planetlab1.rutgers.edu_planetlab2.netlab.uky.edu_2047 1	4587.785000	3324.967000	0.046000	0.000000	7912.798000	21968	512
planetlab1.rutgers.edu_planetlab2.netlab.uky.edu_2077 1	4630.929000	3367.306000	0.040000	0.000000	7998.275000	21976	512
planetlab1.rutgers.edu_planetlab2.netlab.uky.edu_2087 1	4642.319000	3369.400000	0.382000	0.000000	8012.101000	21977	512
planetlab1.rutgers.edu_planetlab2.netlab.uky.edu_2089 1	4648.173000	3368.995000	0.048000	0.000000	8017.216000	21978	512
planetlab1.cs.cornell.edu_planetlab2.netlab.uky.edu_1546 4	7078.004000	1264.754000	0.062000	0.000000	8342.820000	21592	1280
vn5.cse.wustl.edu_planetlab2.netlab.uky.edu_1024 5	7459.775000	1491.610000	0.016000	0.000000	8951.401000	21623	1344
planetlab2.acis.ufl.edu_planetlab2.netlab.uky.edu_1708 2	5753.670000	3331.897000	0.020000	0.000000	9085.587000	21732	1056
roam2.cs.ou.edu_planetlab2.netlab.uky.edu_2094 2	2862.900000	6457.784000	0.031000	0.000000	9320.715000	21558	48
planetlab7.flux.utah.edu_planetlab2.netlab.uky.edu_1126 2	5755.125000	3716.183000	0.022000	0.000000	9471.330000	21717	1536
planetlab-1.cse.ohio-state.edu_planetlab2.netlab.uky.edu_326 2	4115.639000	5372.913000	0.023000	0.000000	9488.575000	21777	2560
earth.cs.brown.edu_planetlab2.netlab.uky.edu_4286 2	7421.110000	2538.383000	0.027000	0.000000	9959.520000	21974	96
pl1.rcc.uottawa.ca_planetlab2.netlab.uky.edu_4564 2	1278.947000	8818.577000	0.015000	0.000000	10097.539000	21352	0
pl1.rcc.uottawa.ca_planetlab2.netlab.uky.edu_4578 2	1319.171000	8875.176000	0.009000	0.000000	10194.356000	21356	0
pl1.rcc.uottawa.ca_planetlab2.netlab.uky.edu_4586 2	1337.418000	8912.521000	0.010000	0.000000	10249.949000	21357	0
pl1.rcc.uottawa.ca_planetlab2.netlab.uky.edu_4591 2	1348.131000	8928.826000	0.010000	0.000000	10276.967000	21358	0
planetlab1.cs.uoregon.edu_planetlab2.netlab.uky.edu_1570 3	3197.953000	7111.600000	0.022000	0.000000	10309.575000	21382	256
pl1.rcc.uottawa.ca_planetlab2.netlab.uky.edu_4605 2	1376.020000	9021.217000	0.010000	0.000000	10397.247000	21360	0
planetlab4.rutgers.edu_planetlab2.netlab.uky.edu_3525 3	9055.864000	1391.479000	0.027000	0.000000	10447.370000	21714	1024
pl1.rcc.uottawa.ca_planetlab2.netlab.uky.edu_4617 2	1412.889000	9079.397000	0.011000	0.000000	10492.297000	21364	0
pl1.rcc.uottawa.ca_planetlab2.netlab.uky.edu_4618 2	1414.308000	9080.838000	0.010000	0.000000	10495.156000	21365	0
pl1.rcc.uottawa.ca_planetlab2.netlab.uky.edu_4620 2	1415.687000	9080.630000	0.010000	0.000000	10496.327000	21366	0
pl1.rcc.uottawa.ca_planetlab2.netlab.uky.edu_4621 2	1416.842000	9083.280000	0.011000	0.000000	10500.133000	21367	0
pl1.rcc.uottawa.ca_planetlab2.netlab.uky.edu_4623 2	1426.856000	9093.140000	0.010000	0.000000	10520.006000	21368	0
pl1.rcc.uottawa.ca_planetlab2.netlab.uky.edu_4624 2	1432.329000	9104.317000	0.011000	0.000000	10536.657000	21369	0
plonk.cs.uwaterloo.ca_planetlab2.netlab.uky.edu_732 1	3979.611000	6570.044000	0.022000	0.000000	10549.677000	21876	800
planetlab4.rutgers.edu_planetlab2.netlab.uky.edu_3577 3	9239.945000	1331.529000	0.041000	0.000000	10571.515000	21758	1024
planetlab4.rutgers.edu_planetlab2.netlab.uky.edu_3580 3	9309.763000	1272.584000	0.020000	0.000000	10582.367000	21764	1024
pl1.rcc.uottawa.ca_planetlab2.netlab.uky.edu_4634 2	1454.361000	9146.523000	0.010000	0.000000	10600.894000	21370	0
planetlab4.rutgers.edu_planetlab2.netlab.uky.edu_3593 3	9411.262000	1207.708000	0.017000	0.000000	10618.987000	21776	1024
pl1.rcc.uottawa.ca_planetlab2.netlab.uky.edu_4639 2	1470.421000	9154.801000	0.010000	0.000000	10625.232000	21372	0
pl1.rcc.uottawa.ca_planetlab2.netlab.uky.edu_4640 2	1472.515000	9164.089000	0.010000	0.000000	10636.614000	21373	0
planetlab1.cs.uoregon.edu_planetlab2.netlab.uky.edu_1617 3	3325.035000	7314.605000	0.024000	0.000000	10639.664000	21410	256
pl1.rcc.uottawa.ca_planetlab2.netlab.uky.edu_4641 2	1473.014000	9170.215000	0.012000	0.000000	10643.241000	21374	0
pl1.rcc.uottawa.ca_planetlab2.netlab.uky.edu_4644 2	1480.967000	9171.015000	0.011000	0.000000	10651.993000	21375	0
planetlab1.cs.uoregon.edu_planetlab2.netlab.uky.edu_1619 3	3331.111000	7320.650000	0.022000	0.000000	10651.783000	21412	256
planetlab4.rutgers.edu_planetlab2.netlab.uky.edu_3615 3	9444.272000	1221.774000	0.028000	0.000000	10666.074000	21780	1024
planetlab1.cs.uoregon.edu_planetlab2.netlab.uky.edu_1627 3	3334.177000	7358.653000	0.035000	0.000000	10692.865000	21414	256
planetlab4.rutgers.edu_planetlab2.netlab.uky.edu_3620 3	9448.398000	1239.915000	0.019000	0.000000	10688.332000	21781	1024
planetlab4.rutgers.edu_planetlab2.netlab.uky.edu_3621 3	9448.813000	1242.651000	0.011000	0.000000	10691.475000	21782	1024
planetlab4.rutgers.edu_planetlab2.netlab.uky.edu_3623 3	9450.540000	1250.423000	0.027000	0.000000	10700.990000	21788	1024
planetlab4.rutgers.edu_planetlab2.netlab.uky.edu_3632 3	9483.526000	1235.565000	0.019000	0.000000	10719.110000	21793	1024
planetlab1.cs.uoregon.edu_planetlab2.netlab.uky.edu_1629 3	3342.571000	7384.661000	0.024000	0.000000	10727.256000	21415	256
planetlab4.rutgers.edu_planetlab2.netlab.uky.edu_3642 3	9523.550000	1213.855000	0.019000	0.000000	10737.424000	21802	1024
planetlab4.rutgers.edu_planetlab2.netlab.uky.edu_3646 3	9531.887000	1208.176000	0.029000	0.000000	10740.092000	21812	1024
planetlab4.rutgers.edu_planetlab2.netlab.uky.edu_3648 3	9545.064000	1207.583000	0.021000	0.000000	10752.668000	21825	1024
planetlab4.rutgers.edu_planetlab2.netlab.uky.edu_3659 3	9573.582000	1208.437000	0.021000	0.000000	10782.040000	21844	1024
pl1.rcc.uottawa.ca_planetlab2.netlab.uky.edu_4668 2	1544.320000	9282.909000	0.011000	0.000000	10827.240000	21384	0
planetlab4.rutgers.edu_planetlab2.netlab.uky.edu_3677 3	9609.609000	1213.156000	0.016000	0.000000	10822.781000	21857	1024
planetlab4.rutgers.edu_planetlab2.netlab.uky.edu_3678 3	9609.627000	1215.733000	0.010000	0.000000	10825.370000	21856	1024
planetlab4.rutgers.edu_planetlab2.netlab.uky.edu_3681 3	9614.649000	1222.917000	0.031000	0.000000	10837.597000	21859	1024
planetlab4.rutgers.edu_planetlab2.netlab.uky.edu_3685 3	9625.947000	1217.044000	0.021000	0.000000	10843.012000	21861	1024
planetlab4.rutgers.edu_planetlab2.netlab.uky.edu_3692 3	9644.013000	1214.079000	0.027000	0.000000	10858.119000	21865	1024
planetlab4.rutgers.edu_planetlab2.netlab.uky.edu_3695 3	9644.677000	1215.659000	0.023000	0.000000	10860.359000	21873	1024
planetlab1.cs.pitt.edu_planetlab2.netlab.uky.edu_3118 4	9795.358000	1117.984000	0.031000	0.000000	10913.373000	21566	384
planetlab2.umassd.edu_planetlab2.netlab.uky.edu_2310 3	3396.789000	7517.480000	0.013000	0.000000	10914.282000	21499	64
planetlab4.rutgers.edu_planetlab2.netlab.uky.edu_3714 3	9683.084000	1243.367000	0.028000	0.000000	10926.479000	21886	1024
planetlab1.cs.uoregon.edu_planetlab2.netlab.uky.edu_1658 3	3441.414000	7492.892000	0.024000	0.000000	10934.330000	21422	256
planetlab1.cs.pitt.edu_planetlab2.netlab.uky.edu_3134 4	10357.963000	586.866000	0.016000	0.000000	10944.845000	21579	384
planetlab4.rutgers.edu_planetlab2.netlab.uky.edu_3721 3	9689.198000	1257.165000	0.017000	0.000000	10946.380000	21890	1024
planetlab4.rutgers.edu_planetlab2.netlab.uky.edu_3728 3	9720.063000	1239.525000	0.015000	0.000000	10959.603000	21908	1024
planetlab4.rutgers.edu_planetlab2.netlab.uky.edu_3742 3	9781.249000	1211.756000	0.025000	0.000000	10993.030000	21913	1024
planetlab1.cs.uoregon.edu_planetlab2.netlab.uky.edu_1671 3	3490.642000	7546.984000	0.036000	0.000000	11037.662000	21430	256
pl1.rcc.uottawa.ca_planetlab2.netlab.uky.edu_4703 2	1649.585000	9413.315000	0.009000	0.000000	11062.909000	21398	0
planetlab4.rutgers.edu_planetlab2.netlab.uky.edu_3776 3	9903.106000	1199.987000	0.030000	0.000000	11103.123000	21950	1024
pl1.rcc.uottawa.ca_planetlab2.netlab.uky.edu_4714 2	1700.351000	9465.515000	0.162000	0.000000	11166.028000	21408	0
pl1.rcc.uottawa.ca_planetlab2.netlab.uky.edu_4727 2	1750.498000	9513.726000	0.014000	0.000000	11264.238000	21416	0
pl1.rcc.uottawa.ca_planetlab2.netlab.uky.edu_4734 2	1764.608000	9546.504000	0.009000	0.000000	11311.121000	21417	0
pl1.rcc.uottawa.ca_planetlab2.netlab.uky.edu_4736 2	1769.049000	9554.439000	0.013000	0.000000	11323.501000	21418	0
planetlab2.umassd.edu_planetlab2.netlab.uky.edu_2379 3	3617.816000	7756.610000	0.019000	0.000000	11374.445000	21520	64
pl1.rcc.uottawa.ca_planetlab2.netlab.uky.edu_4754 2	1772.207000	9651.194000	0.013000	0.000000	11423.414000	21420	0
planetlab03.cs.washington.edu_planetlab2.netlab.uky.edu_1475 4	4434.784000	7070.174000	0.032000	0.000000	11504.990000	21354	320
planetlab2.umassd.edu_planetlab2.netlab.uky.edu_2412 3	3709.102000	7881.698000	0.054000	0.000000	11590.854000	21536	64
planetlab2.umassd.edu_planetlab2.netlab.uky.edu_2433 3	3769.546000	7932.132000	0.053000	0.000000	11701.731000	21551	64
planetlab1.cs.uoregon.edu_planetlab2.netlab.uky.edu_1760 3	3733.362000	7988.888000	0.034000	0.000000	11722.284000	21466	256
planetlab2.umassd.edu_planetlab2.netlab.uky.edu_2439 3	3786.339000	7955.743000	0.017000	0.000000	11742.099000	21552	64
planetlab2.umassd.edu_planetlab2.netlab.uky.edu_2440 3	3785.738000	7960.753000	0.012000	0.000000	11746.503000	21553	64
planetlab2.umassd.edu_planetlab2.netlab.uky.edu_2442 3	3790.457000	7983.938000	0.017000	0.000000	11774.412000	21554	64
planetlab2.umassd.edu_planetlab2.netlab.uky.edu_2445 3	3796.279000	7986.621000	0.016000	0.000000	11782.916000	21556	64
planetlab1.cs.uoregon.edu_planetlab2.netlab.uky.edu_1776 3	3786.169000	8060.202000	0.030000	0.000000	11846.401000	21478	256
planetlab2.umassd.edu_planetlab2.netlab.uky.edu_2459 3	3825.392000	8032.574000	0.017000	0.000000	11857.983000	21560	64
pl1.rcc.uottawa.ca_planetlab2.netlab.uky.edu_4865 2	1865.831000	10012.918000	0.013000	0.000000	11878.762000	21431	0
pl1.rcc.uottawa.ca_planetlab2.netlab.uky.edu_4884 2	1881.530000	10040.746000	0.013000	0.000000	11922.289000	21432	0
pl1.rcc.uottawa.ca_planetlab2.netlab.uky.edu_4935 2	1915.305000	10133.303000	0.015000	0.000000	12048.623000	21436	0
pl1.rcc.uottawa.ca_planetlab2.netlab.uky.edu_5058 2	1987.159000	10458.886000	0.012000	0.000000	12446.057000	21442	0
planetlab2.mnlab.cti.depaul.edu_planetlab2.netlab.uky.edu_1538 4	6028.959000	6528.685000	0.011000	0.000000	12557.655000	21523	1152
planetlab2.umassd.edu_planetlab2.netlab.uky.edu_2573 3	4220.385000	8344.922000	0.017000	0.000000	12565.324000	21594	64
planetlab-03.cs.princeton.edu_planetlab2.netlab.uky.edu_2910 4	10407.979000	2354.562000	0.018000	0.000000	12762.559000	21472	80
pl1.rcc.uottawa.ca_planetlab2.netlab.uky.edu_5108 2	2091.520000	10755.862000	0.014000	0.000000	12847.396000	21460	0
pl1.rcc.uottawa.ca_planetlab2.netlab.uky.edu_5127 2	2137.693000	10841.333000	0.015000	0.000000	12979.041000	21468	0
pl1.rcc.uottawa.ca_planetlab2.netlab.uky.edu_5151 2	2173.077000	10913.653000	0.011000	0.000000	13086.741000	21475	0
planetlab-03.cs.princeton.edu_planetlab2.netlab.uky.edu_3030 4	11112.484000	1980.169000	0.017000	0.000000	13092.670000	21507	80
pl1.rcc.uottawa.ca_planetlab2.netlab.uky.edu_5167 2	2191.703000	10956.051000	0.015000	0.000000	13147.769000	21480	0
planetlab2.umassd.edu_planetlab2.netlab.uky.edu_2659 3	4601.115000	8600.544000	0.019000	0.000000	13201.678000	21616	64
pl1.rcc.uottawa.ca_planetlab2.netlab.uky.edu_5182 2	2207.323000	11006.423000	0.014000	0.000000	13213.760000	21484	0
roam2.cs.ou.edu_planetlab2.netlab.uky.edu_2466 2	4007.896000	9296.904000	0.019000	0.000000	13304.819000	21673	48
pl1.rcc.uottawa.ca_planetlab2.netlab.uky.edu_5213 2	2243.651000	11123.011000	0.009000	0.000000	13366.671000	21492	0
planetlab2.umassd.edu_planetlab2.netlab.uky.edu_2709 3	4756.701000	8729.833000	0.063000	0.000000	13486.597000	21632	64
pl1.rcc.uottawa.ca_planetlab2.netlab.uky.edu_5233 2	2287.318000	11266.302000	0.010000	0.000000	13553.630000	21496	0
aguila2.lsi.upc.edu_planetlab2.netlab.uky.edu_745 2	817.385000	12869.726000	0.003000	0.000000	13687.114000	21380	576
planetlab2.umassd.edu_planetlab2.netlab.uky.edu_2755 3	4972.086000	8722.581000	0.015000	0.000000	13694.682000	21648	64
planetlab2.umassd.edu_planetlab2.netlab.uky.edu_2759 3	4977.869000	8723.389000	0.017000	0.000000	13701.275000	21649	64
planetlab2.umassd.edu_planetlab2.netlab.uky.edu_2763 3	4990.191000	8734.845000	0.017000	0.000000	13725.053000	21650	64
planetlab2.umassd.edu_planetlab2.netlab.uky.edu_2765 3	4997.261000	8738.755000	0.017000	0.000000	13736.033000	21652	64
roam2.cs.ou.edu_planetlab2.netlab.uky.edu_2536 2	4416.988000	9340.231000	0.022000	0.000000	13757.241000	21724	48
planetlab2.umassd.edu_planetlab2.netlab.uky.edu_2769 3	5024.008000	8740.658000	0.016000	0.000000	13764.682000	21656	64
planetlab2.umassd.edu_planetlab2.netlab.uky.edu_2776 3	5079.334000	8721.265000	0.015000	0.000000	13800.614000	21664	64
planetlab2.umassd.edu_planetlab2.netlab.uky.edu_2780 3	5082.533000	8731.324000	0.016000	0.000000	13813.873000	21665	64
planetlab2.umassd.edu_planetlab2.netlab.uky.edu_2782 3	5090.135000	8733.367000	0.014000	0.000000	13823.516000	21666	64
planetlab2.umassd.edu_planetlab2.netlab.uky.edu_2786 3	5107.160000	8733.850000	0.014000	0.000000	13841.024000	21668	64
planetlab2.umassd.edu_planetlab2.netlab.uky.edu_2788 3	5132.091000	8716.389000	0.016000	0.000000	13848.496000	21672	64
planetlab2.umassd.edu_planetlab2.netlab.uky.edu_2797 3	5173.756000	8715.056000	0.018000	0.000000	13888.830000	21680	64
pl1.rcc.uottawa.ca_planetlab2.netlab.uky.edu_5283 2	2370.334000	11547.281000	0.012000	0.000000	13917.627000	21500	0
planetlab2.umassd.edu_planetlab2.netlab.uky.edu_2805 3	5190.657000	8747.009000	0.018000	0.000000	13937.684000	21681	64
planetlab2.umassd.edu_planetlab2.netlab.uky.edu_2807 3	5192.456000	8745.727000	0.016000	0.000000	13938.199000	21682	64
planetlab2.umassd.edu_planetlab2.netlab.uky.edu_2814 3	5214.742000	8764.232000	0.016000	0.000000	13978.990000	21683	64
planetlab2.umassd.edu_planetlab2.netlab.uky.edu_2816 3	5220.793000	8763.408000	0.015000	0.000000	13984.216000	21684	64
planetlab2.umassd.edu_planetlab2.netlab.uky.edu_2818 3	5226.265000	8763.629000	0.017000	0.000000	13989.911000	21685	64
planetlab2.umassd.edu_planetlab2.netlab.uky.edu_2821 3	5232.135000	8765.083000	0.015000	0.000000	13997.233000	21686	64
pl1.rcc.uottawa.ca_planetlab2.netlab.uky.edu_5294 2	2386.399000	11614.557000	0.009000	0.000000	14000.965000	21501	0
pl1.rcc.uottawa.ca_planetlab2.netlab.uky.edu_5295 2	2387.083000	11615.496000	0.011000	0.000000	14002.590000	21502	0
planetlab2.umassd.edu_planetlab2.netlab.uky.edu_2823 3	5244.216000	8774.937000	0.016000	0.000000	14019.169000	21688	64
planetlab2.umassd.edu_planetlab2.netlab.uky.edu_2826 3	5248.225000	8776.138000	0.015000	0.000000	14024.378000	21689	64
planetlab2.umassd.edu_planetlab2.netlab.uky.edu_2828 3	5248.368000	8781.238000	0.016000	0.000000	14029.622000	21690	64
planetlab2.umassd.edu_planetlab2.netlab.uky.edu_2833 3	5253.169000	8806.802000	0.015000	0.000000	14059.986000	21692	64
planetlab2.umassd.edu_planetlab2.netlab.uky.edu_2843 3	5285.614000	8801.488000	0.014000	0.000000	14087.116000	21701	64
pl1.rcc.uottawa.ca_planetlab2.netlab.uky.edu_5310 2	2407.698000	11699.994000	0.012000	0.000000	14107.704000	21504	0
pl1.rcc.uottawa.ca_planetlab2.netlab.uky.edu_5311 2	2408.529000	11700.882000	0.011000	0.000000	14109.422000	21505	0
pl1.rcc.uottawa.ca_planetlab2.netlab.uky.edu_5373 2	2458.753000	11956.646000	0.081000	0.000000	14415.480000	21512	0
pl1.rcc.uottawa.ca_planetlab2.netlab.uky.edu_5395 2	2489.061000	12057.019000	0.013000	0.000000	14546.093000	21513	0
planetlab2.umassd.edu_planetlab2.netlab.uky.edu_2942 3	5593.594000	8957.123000	0.022000	0.000000	14550.739000	21712	64
planetlab2.umassd.edu_planetlab2.netlab.uky.edu_2950 3	5618.959000	8972.534000	0.018000	0.000000	14591.511000	21728	64
pl1.rcc.uottawa.ca_planetlab2.netlab.uky.edu_5428 2	2506.802000	12174.082000	0.015000	0.000000	14680.899000	21515	0
planetlab2.mnlab.cti.depaul.edu_planetlab2.netlab.uky.edu_1831 4	8176.207000	6506.406000	0.011000	0.000000	14682.624000	21644	1152
pl1.rcc.uottawa.ca_planetlab2.netlab.uky.edu_5457 2	2539.194000	12307.007000	0.012000	0.000000	14846.213000	21517	0
pl1.rcc.uottawa.ca_planetlab2.netlab.uky.edu_5466 2	2557.911000	12369.152000	0.010000	0.000000	14927.073000	21519	0
planetlab2.umassd.edu_planetlab2.netlab.uky.edu_3048 3	5933.155000	9133.504000	0.016000	0.000000	15066.675000	21745	64
planetlab2.umassd.edu_planetlab2.netlab.uky.edu_3050 3	5932.900000	9138.038000	0.016000	0.000000	15070.954000	21744	64
planetlab2.umassd.edu_planetlab2.netlab.uky.edu_3054 3	5951.419000	9137.154000	0.015000	0.000000	15088.588000	21746	64
planetlab2.umassd.edu_planetlab2.netlab.uky.edu_3070 3	5985.479000	9184.326000	0.018000	0.000000	15169.823000	21748	64
pl1.rcc.uottawa.ca_planetlab2.netlab.uky.edu_5522 2	2643.541000	12664.973000	0.011000	0.000000	15308.525000	21527	0
planetlab2.umassd.edu_planetlab2.netlab.uky.edu_3099 3	6055.614000	9250.740000	0.016000	0.000000	15306.370000	21752	64
planetlab1.cs.pitt.edu_planetlab2.netlab.uky.edu_3264 4	15380.339000	0.172000	0.018000	0.000000	15380.529000	21716	384
pl1.rcc.uottawa.ca_planetlab2.netlab.uky.edu_5529 2	2663.482000	12774.518000	0.010000	0.000000	15438.010000	21529	0
pl1.rcc.uottawa.ca_planetlab2.netlab.uky.edu_5537 2	2674.835000	12810.581000	0.011000	0.000000	15485.427000	21531	0
pl1.rcc.uottawa.ca_planetlab2.netlab.uky.edu_5544 2	2684.100000	12832.931000	0.010000	0.000000	15517.041000	21533	0
pl1.rcc.uottawa.ca_planetlab2.netlab.uky.edu_5555 2	2706.844000	12913.780000	0.021000	0.000000	15620.645000	21534	0
pl1.rcc.uottawa.ca_planetlab2.netlab.uky.edu_5558 2	2708.584000	12916.169000	0.011000	0.000000	15624.764000	21535	0
planetlab2.mnlab.cti.depaul.edu_planetlab2.netlab.uky.edu_1938 4	9766.803000	5865.368000	0.010000	0.000000	15632.181000	21753	1152
planetlab2.mnlab.cti.depaul.edu_planetlab2.netlab.uky.edu_1978 4	10274.748000	5483.380000	0.031000	0.000000	15758.159000	21959	1152
pl1.rcc.uottawa.ca_planetlab2.netlab.uky.edu_5606 2	2754.854000	13123.417000	0.015000	0.000000	15878.286000	21545	0
pluto.cs.brown.edu_planetlab2.netlab.uky.edu_2127 2	10346.070000	5623.141000	0.028000	0.000000	15969.239000	21522	768
planetlab-03.cs.princeton.edu_planetlab2.netlab.uky.edu_3885 4	15534.049000	698.821000	0.018000	0.000000	16232.888000	21761	80
planetlab-03.cs.princeton.edu_planetlab2.netlab.uky.edu_3895 4	15640.264000	629.230000	0.018000	0.000000	16269.512000	21762	80
planetlab-03.cs.princeton.edu_planetlab2.netlab.uky.edu_3898 4	15652.355000	624.399000	0.018000	0.000000	16276.772000	21763	80
pl1.rcc.uottawa.ca_planetlab2.netlab.uky.edu_5697 2	2850.119000	13446.685000	0.017000	0.000000	16296.821000	21559	0
planetlab-03.cs.princeton.edu_planetlab2.netlab.uky.edu_3903 4	15741.566000	597.250000	0.018000	0.000000	16338.834000	21767	80
planetlab-03.cs.princeton.edu_planetlab2.netlab.uky.edu_3910 4	15798.685000	572.364000	0.018000	0.000000	16371.067000	21771	80
pl1.rcc.uottawa.ca_planetlab2.netlab.uky.edu_5709 2	2869.021000	13521.456000	0.010000	0.000000	16390.487000	21564	0
planetlab-03.cs.princeton.edu_planetlab2.netlab.uky.edu_3941 4	16019.278000	469.742000	0.016000	0.000000	16489.036000	21779	80
pl1.rcc.uottawa.ca_planetlab2.netlab.uky.edu_5733 2	2894.878000	13637.300000	0.015000	0.000000	16532.193000	21567	0
planetlab1.cs.pitt.edu_planetlab2.netlab.uky.edu_3381 4	16844.130000	0.206000	0.014000	0.000000	16844.350000	21760	384
planetlab1.cs.uoregon.edu_planetlab2.netlab.uky.edu_2460 3	5132.470000	11813.595000	0.022000	0.000000	16946.087000	21561	256
planetlab-03.cs.princeton.edu_planetlab2.netlab.uky.edu_4056 4	16767.920000	266.785000	0.017000	0.000000	17034.722000	21795	80
planetlab2.umassd.edu_planetlab2.netlab.uky.edu_3549 3	7108.856000	9970.822000	0.017000	0.000000	17079.695000	21808	64
pl1.rcc.uottawa.ca_planetlab2.netlab.uky.edu_5819 2	3036.071000	14170.254000	0.012000	0.000000	17206.337000	21577	0
pl2.cs.unm.edu_planetlab2.netlab.uky.edu_1921 3	9134.216000	8356.935000	0.019000	0.000000	17491.170000	21707	1120
planetlab-03.cs.princeton.edu_planetlab2.netlab.uky.edu_4097 4	17520.601000	0.479000	0.017000	0.000000	17521.097000	21827	80
planetlab03.cs.washington.edu_planetlab2.netlab.uky.edu_1933 4	5667.917000	11859.029000	0.028000	0.000000	17526.974000	21493	320
planetlab4.csee.usf.edu_planetlab2.netlab.uky.edu_873 3	6776.739000	10955.280000	0.022000	0.000000	17732.041000	21822	2624
pl1.rcc.uottawa.ca_planetlab2.netlab.uky.edu_5934 2	3275.303000	14846.078000	0.011000	0.000000	18121.392000	21596	0
pl1.rcc.uottawa.ca_planetlab2.netlab.uky.edu_5951 2	3325.731000	14954.116000	0.011000	0.000000	18279.858000	21599	0
pl1.rcc.uottawa.ca_planetlab2.netlab.uky.edu_5963 2	3361.434000	15111.725000	0.011000	0.000000	18473.170000	21603	0
node2.planetlab.albany.edu_planetlab2.netlab.uky.edu_1001 3	18497.880000	0.029000	0.027000	0.000000	18497.936000	21775	1792
planetlab2.umassd.edu_planetlab2.netlab.uky.edu_3891 3	8193.709000	10588.218000	0.015000	0.000000	18781.942000	21860	64
pl1.rcc.uottawa.ca_planetlab2.netlab.uky.edu_6029 2	3552.458000	15653.449000	0.010000	0.000000	19205.917000	21612	0
vn4.cse.wustl.edu_planetlab2.netlab.uky.edu_2548 4	14012.255000	5227.267000	0.028000	0.000000	19239.550000	21525	272
pl1.rcc.uottawa.ca_planetlab2.netlab.uky.edu_6041 2	3581.904000	15778.613000	0.012000	0.000000	19360.529000	21620	0
pl1.rcc.uottawa.ca_planetlab2.netlab.uky.edu_6049 2	3594.480000	15901.940000	0.009000	0.000000	19496.429000	21621	0
pl1.rcc.uottawa.ca_planetlab2.netlab.uky.edu_6064 2	3611.818000	15966.715000	0.400000	0.000000	19578.933000	21624	0
planetlab-03.cs.princeton.edu_planetlab2.netlab.uky.edu_4315 4	19629.852000	0.141000	0.030000	0.000000	19630.023000	21891	80
pl1.rcc.uottawa.ca_planetlab2.netlab.uky.edu_6077 2	3630.693000	16087.741000	0.014000	0.000000	19718.448000	21628	0
planetlab2.umassd.edu_planetlab2.netlab.uky.edu_4175 3	9088.646000	10659.015000	0.018000	0.000000	19747.679000	21902	64
planetlab2.umassd.edu_planetlab2.netlab.uky.edu_4181 3	9119.981000	10653.413000	0.016000	0.000000	19773.410000	21904	64
pl1.rcc.uottawa.ca_planetlab2.netlab.uky.edu_6083 2	3644.716000	16148.181000	0.011000	0.000000	19792.908000	21629	0
pl1.rcc.uottawa.ca_planetlab2.netlab.uky.edu_6088 2	3662.687000	16195.961000	0.010000	0.000000	19858.658000	21630	0
planetlab2.umassd.edu_planetlab2.netlab.uky.edu_4238 3	9298.631000	10762.297000	0.017000	0.000000	20060.945000	21920	64
planetlab4.wail.wisc.edu_planetlab2.netlab.uky.edu_5047 3	10358.635000	9810.206000	0.020000	0.000000	20168.861000	21359	16
planetlab1.cs.uoregon.edu_planetlab2.netlab.uky.edu_2897 3	6080.744000	14241.598000	0.027000	0.000000	20322.369000	21613	256
pl1.rcc.uottawa.ca_planetlab2.netlab.uky.edu_6119 2	3746.677000	16649.395000	0.011000	0.000000	20396.083000	21639	0
pl1.rcc.uottawa.ca_planetlab2.netlab.uky.edu_6129 2	3766.837000	16732.141000	0.012000	0.000000	20498.990000	21641	0
pl1.rcc.uottawa.ca_planetlab2.netlab.uky.edu_6134 2	3782.540000	16775.954000	0.013000	0.000000	20558.507000	21643	0
planetlab2.umassd.edu_planetlab2.netlab.uky.edu_4349 3	9512.039000	11057.462000	0.015000	0.000000	20569.516000	21936	64
vn4.cse.wustl.edu_planetlab2.netlab.uky.edu_2884 4	19385.806000	1213.414000	0.033000	0.000000	20599.253000	21600	272
planetlab4.wail.wisc.edu_planetlab2.netlab.uky.edu_5211 3	10773.100000	10046.143000	0.027000	0.000000	20819.270000	21383	16
pl1.rcc.uottawa.ca_planetlab2.netlab.uky.edu_6156 2	3825.539000	16997.843000	0.010000	0.000000	20823.392000	21645	0
pl1.rcc.uottawa.ca_planetlab2.netlab.uky.edu_6160 2	3833.215000	17038.074000	0.010000	0.000000	20871.299000	21646	0
pl1.rcc.uottawa.ca_planetlab2.netlab.uky.edu_6161 2	3834.673000	17041.782000	0.010000	0.000000	20876.465000	21647	0
pl1.rcc.uottawa.ca_planetlab2.netlab.uky.edu_6178 2	3860.964000	17173.750000	0.030000	0.000000	21034.744000	21651	0
pl1.rcc.uottawa.ca_planetlab2.netlab.uky.edu_6184 2	3875.282000	17218.004000	0.012000	0.000000	21093.298000	21653	0
pl1.rcc.uottawa.ca_planetlab2.netlab.uky.edu_6186 2	3875.998000	17223.834000	0.011000	0.000000	21099.843000	21654	0
pl1.rcc.uottawa.ca_planetlab2.netlab.uky.edu_6191 2	3881.220000	17259.650000	0.012000	0.000000	21140.882000	21655	0
pl1.rcc.uottawa.ca_planetlab2.netlab.uky.edu_6202 2	3892.941000	17338.321000	0.010000	0.000000	21231.272000	21657	0
pl1.rcc.uottawa.ca_planetlab2.netlab.uky.edu_6203 2	3895.247000	17339.838000	0.010000	0.000000	21235.095000	21658	0
pl1.rcc.uottawa.ca_planetlab2.netlab.uky.edu_6207 2	3901.058000	17378.317000	0.011000	0.000000	21279.386000	21659	0
pl1.rcc.uottawa.ca_planetlab2.netlab.uky.edu_6209 2	3903.108000	17378.755000	0.011000	0.000000	21281.874000	21660	0
pl1.rcc.uottawa.ca_planetlab2.netlab.uky.edu_6213 2	3915.400000	17414.934000	0.011000	0.000000	21330.345000	21661	0
pl1.rcc.uottawa.ca_planetlab2.netlab.uky.edu_6214 2	3917.797000	17442.359000	0.010000	0.000000	21360.166000	21662	0
pl1.rcc.uottawa.ca_planetlab2.netlab.uky.edu_6215 2	3917.332000	17442.915000	0.009000	0.000000	21360.256000	21663	0
pl1.rcc.uottawa.ca_planetlab2.netlab.uky.edu_6237 2	3950.777000	17631.347000	0.012000	0.000000	21582.136000	21667	0
pl1.rcc.uottawa.ca_planetlab2.netlab.uky.edu_6259 2	3984.143000	17817.105000	0.010000	0.000000	21801.258000	21679	0
pl1.rcc.uottawa.ca_planetlab2.netlab.uky.edu_6301 2	4048.603000	18187.796000	0.011000	0.000000	22236.410000	21687	0
pl1.rcc.uottawa.ca_planetlab2.netlab.uky.edu_6306 2	4061.705000	18222.536000	0.010000	0.000000	22284.251000	21691	0
pl1.rcc.uottawa.ca_planetlab2.netlab.uky.edu_6310 2	4067.968000	18246.748000	0.010000	0.000000	22314.726000	21693	0
pl1.rcc.uottawa.ca_planetlab2.netlab.uky.edu_6315 2	4071.799000	18289.842000	0.022000	0.000000	22361.663000	21694	0
pl1.rcc.uottawa.ca_planetlab2.netlab.uky.edu_6318 2	4077.728000	18305.557000	0.010000	0.000000	22383.295000	21695	0
pl1.rcc.uottawa.ca_planetlab2.netlab.uky.edu_6327 2	4095.994000	18377.207000	0.012000	0.000000	22473.213000	21699	0
pl1.rcc.uottawa.ca_planetlab2.netlab.uky.edu_6361 2	4171.656000	18524.693000	0.011000	0.000000	22696.360000	21711	0
pl1.rcc.uottawa.ca_planetlab2.netlab.uky.edu_6445 2	4344.079000	18904.534000	0.011000	0.000000	23248.624000	21719	0
pl1.rcc.uottawa.ca_planetlab2.netlab.uky.edu_6472 2	4382.197000	19139.212000	0.012000	0.000000	23521.421000	21723	0
planetlab2.umassd.edu_planetlab2.netlab.uky.edu_4373 3	9542.476000	14104.274000	0.020000	0.000000	23646.770000	21937	64
planetlab4.wail.wisc.edu_planetlab2.netlab.uky.edu_5239 3	10878.497000	12780.865000	0.022000	0.000000	23659.384000	21387	16
planetlab2.umassd.edu_planetlab2.netlab.uky.edu_4376 3	9549.348000	14115.908000	0.016000	0.000000	23665.272000	21938	64
planetlab4.wail.wisc.edu_planetlab2.netlab.uky.edu_5246 3	10898.884000	12784.598000	0.020000	0.000000	23683.502000	21389	16
planetlab4.wail.wisc.edu_planetlab2.netlab.uky.edu_5248 3	10899.754000	12786.741000	0.014000	0.000000	23686.509000	21390	16
pl1.rcc.uottawa.ca_planetlab2.netlab.uky.edu_6497 2	4420.841000	19286.976000	0.013000	0.000000	23707.830000	21725	0
planetlab2.umassd.edu_planetlab2.netlab.uky.edu_4388 3	9565.803000	14150.558000	0.055000	0.000000	23716.416000	21940	64
planetlab4.wail.wisc.edu_planetlab2.netlab.uky.edu_5262 3	10938.574000	12796.062000	0.032000	0.000000	23734.668000	21391	16
pl1.rcc.uottawa.ca_planetlab2.netlab.uky.edu_6510 2	4443.325000	19336.923000	0.010000	0.000000	23780.258000	21726	0
pl1.rcc.uottawa.ca_planetlab2.netlab.uky.edu_6520 2	4459.657000	19391.461000	0.010000	0.000000	23851.128000	21727	0
pl1.rcc.uottawa.ca_planetlab2.netlab.uky.edu_6525 2	4469.686000	19407.578000	0.013000	0.000000	23877.277000	21729	0
pl1.rcc.uottawa.ca_planetlab2.netlab.uky.edu_6529 2	4476.390000	19421.715000	0.010000	0.000000	23898.115000	21730	0
planetlab2.umassd.edu_planetlab2.netlab.uky.edu_4432 3	9632.983000	14270.073000	0.014000	0.000000	23903.070000	21944	64
planetlab4.wail.wisc.edu_planetlab2.netlab.uky.edu_5327 3	11170.248000	12800.731000	0.022000	0.000000	23971.001000	21407	16
pl1.rcc.uottawa.ca_planetlab2.netlab.uky.edu_6543 2	4512.288000	19488.414000	0.010000	0.000000	24000.712000	21731	0
pl1.rcc.uottawa.ca_planetlab2.netlab.uky.edu_6565 2	4546.280000	19635.145000	0.010000	0.000000	24181.435000	21735	0
pl1.rcc.uottawa.ca_planetlab2.netlab.uky.edu_6586 2	4592.275000	19763.089000	0.016000	0.000000	24355.380000	21738	0
planetlab4.wail.wisc.edu_planetlab2.netlab.uky.edu_5468 3	11620.715000	12744.769000	0.023000	0.000000	24365.507000	21423	16
vn4.cse.wustl.edu_planetlab2.netlab.uky.edu_3010 4	24421.395000	0.026000	0.024000	0.000000	24421.445000	21642	272
pl1.rcc.uottawa.ca_planetlab2.netlab.uky.edu_6600 2	4612.462000	19835.521000	0.012000	0.000000	24447.995000	21739	0
planetlab4.wail.wisc.edu_planetlab2.netlab.uky.edu_5572 3	12012.506000	12659.319000	0.024000	0.000000	24671.849000	21434	16
pl1.rcc.uottawa.ca_planetlab2.netlab.uky.edu_6669 2	4772.021000	20176.220000	0.014000	0.000000	24948.255000	21747	0
planetlab4.wail.wisc.edu_planetlab2.netlab.uky.edu_5741 3	12495.631000	12639.875000	0.031000	0.000000	25135.537000	21443	16
planetlab4.wail.wisc.edu_planetlab2.netlab.uky.edu_5743 3	12497.422000	12645.853000	0.015000	0.000000	25143.290000	21445	16
planetlab4.wail.wisc.edu_planetlab2.netlab.uky.edu_5780 3	12589.383000	12655.754000	0.022000	0.000000	25245.159000	21446	16
planetlab4.wail.wisc.edu_planetlab2.netlab.uky.edu_5786 3	12609.485000	12662.550000	0.025000	0.000000	25272.060000	21447	16
planetlab4.wail.wisc.edu_planetlab2.netlab.uky.edu_5798 3	12657.114000	12651.794000	0.021000	0.000000	25308.929000	21449	16
planetlab4.wail.wisc.edu_planetlab2.netlab.uky.edu_5801 3	12659.255000	12655.790000	0.012000	0.000000	25315.057000	21450	16
planetlab4.wail.wisc.edu_planetlab2.netlab.uky.edu_5822 3	12725.836000	12658.774000	0.021000	0.000000	25384.631000	21451	16
planetlab4.wail.wisc.edu_planetlab2.netlab.uky.edu_5825 3	12746.421000	12640.506000	0.021000	0.000000	25386.948000	21452	16
pl1.rcc.uottawa.ca_planetlab2.netlab.uky.edu_6724 2	4833.135000	20564.073000	0.012000	0.000000	25397.220000	21756	0
planetlab4.wail.wisc.edu_planetlab2.netlab.uky.edu_5838 3	12771.864000	12659.514000	0.022000	0.000000	25431.400000	21453	16
pl1.rcc.uottawa.ca_planetlab2.netlab.uky.edu_6733 2	4865.410000	20580.861000	0.011000	0.000000	25446.282000	21759	0
planetlab4.wail.wisc.edu_planetlab2.netlab.uky.edu_5847 3	12792.498000	12660.982000	0.020000	0.000000	25453.500000	21454	16
planetlab4.wail.wisc.edu_planetlab2.netlab.uky.edu_5849 3	12794.431000	12674.372000	0.017000	0.000000	25468.820000	21455	16
planetlab4.wail.wisc.edu_planetlab2.netlab.uky.edu_5899 3	12961.821000	12665.598000	0.026000	0.000000	25627.445000	21463	16
planetlab4.wail.wisc.edu_planetlab2.netlab.uky.edu_5909 3	12984.274000	12677.503000	0.016000	0.000000	25661.793000	21467	16
planetlab4.wail.wisc.edu_planetlab2.netlab.uky.edu_5917 3	12998.324000	12681.379000	0.023000	0.000000	25679.726000	21469	16
planetlab1.cs.uoregon.edu_planetlab2.netlab.uky.edu_3222 3	6786.449000	18903.921000	0.037000	0.000000	25690.407000	21670	256
pl1.rcc.uottawa.ca_planetlab2.netlab.uky.edu_6761 2	4971.013000	20757.621000	0.011000	0.000000	25728.645000	21769	0
planetlab4.wail.wisc.edu_planetlab2.netlab.uky.edu_5933 3	13045.626000	12690.769000	0.020000	0.000000	25736.415000	21470	16
planetlab4.wail.wisc.edu_planetlab2.netlab.uky.edu_5942 3	13061.437000	12700.746000	0.016000	0.000000	25762.199000	21471	16
planetlab1.cs.uoregon.edu_planetlab2.netlab.uky.edu_3236 3	6818.007000	18990.088000	0.020000	0.000000	25808.115000	21677	256
planetlab4.wail.wisc.edu_planetlab2.netlab.uky.edu_5982 3	13152.751000	12758.927000	0.015000	0.000000	25911.693000	21479	16
planetlab4.wail.wisc.edu_planetlab2.netlab.uky.edu_5998 3	13194.285000	12783.181000	0.019000	0.000000	25977.485000	21483	16
planetlab4.wail.wisc.edu_planetlab2.netlab.uky.edu_6021 3	13244.594000	12863.025000	0.021000	0.000000	26107.640000	21485	16
planetlab4.wail.wisc.edu_planetlab2.netlab.uky.edu_6026 3	13268.490000	12869.723000	0.023000	0.000000	26138.236000	21486	16
planetlab4.wail.wisc.edu_planetlab2.netlab.uky.edu_6044 3	13325.936000	12872.527000	0.021000	0.000000	26198.484000	21487	16
pl1.rcc.uottawa.ca_planetlab2.netlab.uky.edu_6830 2	5166.863000	21169.819000	0.011000	0.000000	26336.693000	21783	0
planetlab-1.cs.colostate.edu_planetlab2.netlab.uky.edu_782 3	4925.089000	21479.714000	0.025000	0.000000	26404.828000	21910	656
planetlab1.cs.uoregon.edu_planetlab2.netlab.uky.edu_3350 3	7028.983000	19621.249000	0.023000	0.000000	26650.255000	21709	256
planetlab4.wail.wisc.edu_planetlab2.netlab.uky.edu_6236 3	14023.749000	12785.763000	0.023000	0.000000	26809.535000	21503	16
pl1.rcc.uottawa.ca_planetlab2.netlab.uky.edu_6880 2	5295.287000	21524.402000	0.010000	0.000000	26819.699000	21791	0
planetlab1.cs.uoregon.edu_planetlab2.netlab.uky.edu_3398 3	7121.687000	19877.591000	0.032000	0.000000	26999.310000	21715	256
pl1.rcc.uottawa.ca_planetlab2.netlab.uky.edu_6963 2	5381.745000	21702.195000	0.023000	0.000000	27083.963000	21799	0
plab4.eece.ksu.edu_planetlab2.netlab.uky.edu_2514 2	1264.673000	26307.036000	0.009000	0.000000	27571.718000	21439	2080
pl1.rcc.uottawa.ca_planetlab2.netlab.uky.edu_7108 2	5519.782000	22081.849000	0.026000	0.000000	27601.657000	21811	0
pl1.rcc.uottawa.ca_planetlab2.netlab.uky.edu_7119 2	5537.691000	22099.212000	0.018000	0.000000	27636.921000	21813	0
pl1.rcc.uottawa.ca_planetlab2.netlab.uky.edu_7144 2	5554.721000	22171.802000	0.020000	0.000000	27726.543000	21814	0
pl1.rcc.uottawa.ca_planetlab2.netlab.uky.edu_7160 2	5573.823000	22199.606000	0.024000	0.000000	27773.453000	21815	0
planetlab1.cs.uoregon.edu_planetlab2.netlab.uky.edu_3509 3	7372.225000	20431.672000	0.030000	0.000000	27803.927000	21733	256
planetlab1.cs.uoregon.edu_planetlab2.netlab.uky.edu_3519 3	7392.040000	20476.948000	0.042000	0.000000	27869.030000	21737	256
planetlab1.cs.uoregon.edu_planetlab2.netlab.uky.edu_3528 3	7415.045000	20550.114000	0.021000	0.000000	27965.180000	21740	256
pl1.rcc.uottawa.ca_planetlab2.netlab.uky.edu_7222 2	5634.965000	22351.693000	0.016000	0.000000	27986.674000	21823	0
planetlab1.cs.uoregon.edu_planetlab2.netlab.uky.edu_3545 3	7447.381000	20609.213000	0.022000	0.000000	28056.616000	21741	256
planetlab1.cs.uoregon.edu_planetlab2.netlab.uky.edu_3563 3	7496.056000	20713.630000	0.038000	0.000000	28209.724000	21743	256
pl1.rcc.uottawa.ca_planetlab2.netlab.uky.edu_7370 2	5783.004000	22644.924000	0.021000	0.000000	28427.949000	21835	0
planetlab1.cs.uoregon.edu_planetlab2.netlab.uky.edu_3650 3	7717.496000	21084.451000	0.022000	0.000000	28801.969000	21757	256
planetlab1.williams.edu_planetlab2.netlab.uky.edu_2677 4	28998.154000	0.029000	0.031000	0.000000	28998.214000	21528	2176
planetlab4.wail.wisc.edu_planetlab2.netlab.uky.edu_7003 3	16121.457000	13201.286000	0.018000	0.000000	29322.761000	21548	16
planetlab1.cs.uoregon.edu_planetlab2.netlab.uky.edu_3755 3	8052.767000	21575.223000	0.031000	0.000000	29628.021000	21785	256
planetlab1.cs.uoregon.edu_planetlab2.netlab.uky.edu_3829 3	8268.561000	21960.359000	0.023000	0.000000	30228.943000	21798	256
pl1.rcc.uottawa.ca_planetlab2.netlab.uky.edu_8080 2	6464.693000	23874.876000	0.054000	0.000000	30339.623000	21879	0
pl1.rcc.uottawa.ca_planetlab2.netlab.uky.edu_8143 2	6526.694000	23999.863000	0.019000	0.000000	30526.576000	21884	0
planetlab1.cs.uoregon.edu_planetlab2.netlab.uky.edu_3886 3	8419.790000	22199.280000	0.037000	0.000000	30619.107000	21801	256
pl1.rcc.uottawa.ca_planetlab2.netlab.uky.edu_8345 2	6804.225000	24299.209000	0.031000	0.000000	31103.465000	21903	0
pl1.rcc.uottawa.ca_planetlab2.netlab.uky.edu_8394 2	6851.885000	24415.067000	0.019000	0.000000	31266.971000	21911	0
pl1.rcc.uottawa.ca_planetlab2.netlab.uky.edu_8431 2	6889.639000	24492.804000	0.023000	0.000000	31382.466000	21915	0
pl1.rcc.uottawa.ca_planetlab2.netlab.uky.edu_8443 2	6900.194000	24517.934000	0.020000	0.000000	31418.148000	21917	0
pl1.rcc.uottawa.ca_planetlab2.netlab.uky.edu_8447 2	6900.860000	24528.640000	0.013000	0.000000	31429.513000	21918	0
pl1.rcc.uottawa.ca_planetlab2.netlab.uky.edu_8453 2	6908.202000	24545.717000	0.025000	0.000000	31453.944000	21919	0
planetlab1.cs.uoregon.edu_planetlab2.netlab.uky.edu_4029 3	8703.760000	22802.583000	0.032000	0.000000	31506.375000	21809	256
pl1.rcc.uottawa.ca_planetlab2.netlab.uky.edu_8478 2	6927.730000	24626.212000	0.015000	0.000000	31553.957000	21921	0
planetlab1.cs.uoregon.edu_planetlab2.netlab.uky.edu_4043 3	8733.672000	22864.547000	0.029000	0.000000	31598.248000	21819	256
planetlab1.cs.uoregon.edu_planetlab2.netlab.uky.edu_4045 3	8739.997000	22868.883000	0.041000	0.000000	31608.921000	21817	256
planetlab1.cs.uoregon.edu_planetlab2.netlab.uky.edu_4063 3	8789.183000	22967.596000	0.033000	0.000000	31756.812000	21816	256
planetlab1.cs.uoregon.edu_planetlab2.netlab.uky.edu_4073 3	8813.789000	23022.710000	0.048000	0.000000	31836.547000	21821	256
planetlab1.cs.uoregon.edu_planetlab2.netlab.uky.edu_4079 3	8826.424000	23019.916000	0.059000	0.000000	31846.399000	21829	256
pl1.rcc.uottawa.ca_planetlab2.netlab.uky.edu_8669 2	7125.592000	25152.345000	0.024000	0.000000	32277.961000	21943	0
pl1.rcc.uottawa.ca_planetlab2.netlab.uky.edu_8870 2	7304.177000	25925.369000	0.038000	0.000000	33229.584000	21951	0
planetlab1.cs.uoregon.edu_planetlab2.netlab.uky.edu_4152 3	9010.886000	24382.426000	0.041000	0.000000	33393.353000	21843	256
planetlab2.eecs.umich.edu_planetlab2.netlab.uky.edu_5955 3	27694.543000	5948.907000	0.078000	0.000000	33643.528000	21413	2048
vn4.cse.wustl.edu_planetlab2.netlab.uky.edu_3606 4	34033.275000	0.071000	0.040000	0.000000	34033.386000	21854	272
pl1.rcc.uottawa.ca_planetlab2.netlab.uky.edu_9021 2	7435.278000	26725.656000	0.032000	0.000000	34160.966000	21972	0
planetlab1.williams.edu_planetlab2.netlab.uky.edu_2710 4	34651.419000	0.099000	0.022000	0.000000	34651.540000	21675	2176
planetlab2.eecs.umich.edu_planetlab2.netlab.uky.edu_6288 3	29120.896000	5971.544000	0.074000	0.000000	35092.514000	21506	2048
planetlab2.eecs.umich.edu_planetlab2.netlab.uky.edu_6292 3	29130.491000	5980.934000	0.080000	0.000000	35111.505000	21510	2048
planetlab2.eecs.umich.edu_planetlab2.netlab.uky.edu_6295 3	29137.441000	5981.879000	0.498000	0.000000	35119.818000	21508	2048
planetlab2.eecs.umich.edu_planetlab2.netlab.uky.edu_6298 3	29155.088000	5972.719000	1.186000	0.000000	35128.993000	21511	2048
planetlab03.cs.washington.edu_planetlab2.netlab.uky.edu_3581 4	13031.570000	22319.692000	0.040000	0.000000	35351.302000	21866	320
planetlab4.wail.wisc.edu_planetlab2.netlab.uky.edu_7856 3	20332.093000	15024.919000	0.020000	0.000000	35357.032000	21636	16
planetlab2.eecs.umich.edu_planetlab2.netlab.uky.edu_6370 3	29406.589000	5974.561000	0.081000	0.000000	35381.231000	21526	2048
planetlab2.eecs.umich.edu_planetlab2.netlab.uky.edu_6372 3	29419.589000	5970.453000	0.090000	0.000000	35390.132000	21518	2048
planetlab2.eecs.umich.edu_planetlab2.netlab.uky.edu_6481 3	30149.809000	5520.363000	0.090000	0.000000	35670.262000	21555	2048
planetlab2.eecs.umich.edu_planetlab2.netlab.uky.edu_6484 3	30181.020000	5490.940000	0.142000	0.000000	35672.102000	21570	2048
planetlab2.eecs.umich.edu_planetlab2.netlab.uky.edu_6486 3	30186.140000	5496.346000	0.091000	0.000000	35682.577000	21571	2048
planetlab2.eecs.umich.edu_planetlab2.netlab.uky.edu_6492 3	30213.902000	5490.844000	0.075000	0.000000	35704.821000	21568	2048
planetlab2.eecs.umich.edu_planetlab2.netlab.uky.edu_6495 3	30242.034000	5481.010000	0.075000	0.000000	35723.119000	21542	2048
planetlab2.eecs.umich.edu_planetlab2.netlab.uky.edu_6550 3	30746.195000	5120.843000	0.074000	0.000000	35867.112000	21572	2048
planetlab2.eecs.umich.edu_planetlab2.netlab.uky.edu_6555 3	30785.560000	5101.795000	0.093000	0.000000	35887.448000	21573	2048
planetlab2.eecs.umich.edu_planetlab2.netlab.uky.edu_6560 3	30831.964000	5065.783000	0.072000	0.000000	35897.819000	21578	2048
planetlab2.eecs.umich.edu_planetlab2.netlab.uky.edu_6562 3	30844.417000	5054.949000	0.080000	0.000000	35899.446000	21583	2048
planetlab2.eecs.umich.edu_planetlab2.netlab.uky.edu_6569 3	30890.574000	5053.927000	0.078000	0.000000	35944.579000	21574	2048
planetlab2.eecs.umich.edu_planetlab2.netlab.uky.edu_6571 3	30909.001000	5035.854000	0.077000	0.000000	35944.932000	21580	2048
planetlab2.eecs.umich.edu_planetlab2.netlab.uky.edu_6573 3	30918.360000	5030.116000	0.077000	0.000000	35948.553000	21575	2048
planetlab2.eecs.umich.edu_planetlab2.netlab.uky.edu_6658 3	31659.215000	4522.249000	0.084000	0.000000	36181.548000	21582	2048
planetlab2.eecs.umich.edu_planetlab2.netlab.uky.edu_6663 3	31700.909000	4499.957000	0.079000	0.000000	36200.945000	21588	2048
planetlab2.eecs.umich.edu_planetlab2.netlab.uky.edu_6665 3	31725.529000	4483.489000	0.083000	0.000000	36209.101000	21586	2048
planetlab1.cs.uoregon.edu_planetlab2.netlab.uky.edu_4377 3	9620.839000	26585.841000	0.030000	0.000000	36206.710000	21881	256
planetlab2.eecs.umich.edu_planetlab2.netlab.uky.edu_6668 3	31736.205000	4487.856000	0.080000	0.000000	36224.141000	21590	2048
plab4.eece.ksu.edu_planetlab2.netlab.uky.edu_2579 2	4059.677000	32254.646000	0.011000	0.000000	36314.334000	21792	2080
planetlab2.eecs.umich.edu_planetlab2.netlab.uky.edu_6816 3	32588.180000	4118.782000	0.182000	0.000000	36707.144000	21604	2048
planetlab2.eecs.umich.edu_planetlab2.netlab.uky.edu_6821 3	32624.600000	4114.617000	0.066000	0.000000	36739.283000	21602	2048
planetlab2.eecs.umich.edu_planetlab2.netlab.uky.edu_6827 3	32640.309000	4114.156000	0.076000	0.000000	36754.541000	21591	2048
planetlab2.eecs.umich.edu_planetlab2.netlab.uky.edu_6831 3	32657.282000	4105.847000	0.078000	0.000000	36763.207000	21598	2048
planetlab1.cs.uoregon.edu_planetlab2.netlab.uky.edu_4473 3	9869.274000	27034.216000	0.036000	0.000000	36903.526000	21894	256
planetlab2.eecs.umich.edu_planetlab2.netlab.uky.edu_6930 3	34336.464000	2768.344000	0.089000	0.000000	37104.897000	21607	2048
planetlab1.williams.edu_planetlab2.netlab.uky.edu_2731 4	37110.062000	0.025000	0.022000	0.000000	37110.109000	21803	2176
planetlab2.eecs.umich.edu_planetlab2.netlab.uky.edu_6937 3	34373.397000	2781.317000	0.088000	0.000000	37154.802000	21614	2048
planetlab2.eecs.umich.edu_planetlab2.netlab.uky.edu_6946 3	34404.327000	2788.689000	0.078000	0.000000	37193.094000	21622	2048
planetlab1.cs.uoregon.edu_planetlab2.netlab.uky.edu_4528 3	10011.417000	27273.552000	0.033000	0.000000	37285.002000	21907	256
planetlab2.eecs.umich.edu_planetlab2.netlab.uky.edu_7003 3	34638.522000	2773.744000	0.105000	0.000000	37412.371000	21606	2048
planetlab2.eecs.umich.edu_planetlab2.netlab.uky.edu_7083 3	34983.279000	2732.260000	0.073000	0.000000	37715.612000	21638	2048
planetlab2.eecs.umich.edu_planetlab2.netlab.uky.edu_7095 3	35020.213000	2739.989000	0.076000	0.000000	37760.278000	21676	2048
planetlab1.cs.uoregon.edu_planetlab2.netlab.uky.edu_4589 3	10140.437000	27637.212000	0.026000	0.000000	37777.675000	21922	256
planetlab1.cs.uoregon.edu_planetlab2.netlab.uky.edu_4594 3	10155.347000	27623.997000	0.033000	0.000000	37779.377000	21924	256
planetlab1.cs.uoregon.edu_planetlab2.netlab.uky.edu_4607 3	10200.845000	27687.213000	0.036000	0.000000	37888.094000	21926	256
planetlab1.cs.uoregon.edu_planetlab2.netlab.uky.edu_4609 3	10202.736000	27692.230000	0.028000	0.000000	37894.994000	21927	256
planetlab1.cs.uoregon.edu_planetlab2.netlab.uky.edu_4639 3	10279.470000	27840.753000	0.027000	0.000000	38120.250000	21934	256
planetlab2.eecs.umich.edu_planetlab2.netlab.uky.edu_7232 3	35590.979000	2701.872000	0.079000	0.000000	38292.930000	21700	2048
planetlab1.cs.uoregon.edu_planetlab2.netlab.uky.edu_4662 3	10364.013000	27939.026000	0.026000	0.000000	38303.065000	21942	256
planetlab2.eecs.umich.edu_planetlab2.netlab.uky.edu_7240 3	35626.970000	2689.176000	0.080000	0.000000	38316.226000	21698	2048
planetlab2.eecs.umich.edu_planetlab2.netlab.uky.edu_7247 3	35651.813000	2696.879000	0.076000	0.000000	38348.768000	21703	2048
planetlab2.eecs.umich.edu_planetlab2.netlab.uky.edu_7254 3	35691.375000	2694.196000	0.104000	0.000000	38385.675000	21702	2048
planetlab1.cs.uoregon.edu_planetlab2.netlab.uky.edu_4678 3	10405.459000	28003.439000	0.050000	0.000000	38408.948000	21945	256
planetlab2.eecs.umich.edu_planetlab2.netlab.uky.edu_7262 3	35710.369000	2713.430000	0.377000	0.000000	38424.176000	21710	2048
planetlab2.eecs.umich.edu_planetlab2.netlab.uky.edu_7373 3	36180.315000	2745.121000	0.251000	0.000000	38925.687000	21749	2048
planetlab2.eecs.umich.edu_planetlab2.netlab.uky.edu_7383 3	36214.494000	2753.998000	0.084000	0.000000	38968.576000	21721	2048
planetlab2.eecs.umich.edu_planetlab2.netlab.uky.edu_7390 3	36254.501000	2760.793000	0.073000	0.000000	39015.367000	21734	2048
planetlab2.eecs.umich.edu_planetlab2.netlab.uky.edu_7393 3	36263.462000	2756.296000	0.067000	0.000000	39019.825000	21718	2048
planetlab1.cs.uoregon.edu_planetlab2.netlab.uky.edu_4821 3	10676.097000	28681.233000	0.048000	0.000000	39357.378000	21955	256
planetlab2.eecs.umich.edu_planetlab2.netlab.uky.edu_7475 3	36714.158000	2673.735000	0.206000	0.000000	39388.099000	21766	2048
planetlab2.eecs.umich.edu_planetlab2.netlab.uky.edu_7479 3	36724.472000	2666.918000	0.068000	0.000000	39391.458000	21773	2048
planetlab1.cs.uoregon.edu_planetlab2.netlab.uky.edu_4882 3	10851.837000	29007.923000	0.020000	0.000000	39859.780000	21969	256
planetlab1.cs.uoregon.edu_planetlab2.netlab.uky.edu_4895 3	10873.486000	29047.780000	0.035000	0.000000	39921.301000	21970	256
planetlab2.eecs.umich.edu_planetlab2.netlab.uky.edu_7718 3	38266.624000	1853.202000	0.090000	0.000000	40119.916000	21826	2048
planetlab1.cs.uoregon.edu_planetlab2.netlab.uky.edu_4923 3	10912.009000	29208.612000	0.043000	0.000000	40120.664000	21971	256
planetlab2.eecs.umich.edu_planetlab2.netlab.uky.edu_7736 3	38416.859000	1744.137000	0.075000	0.000000	40161.071000	21828	2048
planetlab1.cs.uoregon.edu_planetlab2.netlab.uky.edu_4937 3	10962.529000	29206.521000	0.039000	0.000000	40169.089000	21975	256
planetlab1.cs.uoregon.edu_planetlab2.netlab.uky.edu_4991 3	11081.808000	29424.112000	0.033000	0.000000	40505.953000	21979	256
planetlab2.eecs.umich.edu_planetlab2.netlab.uky.edu_7815 3	38995.278000	1540.571000	0.091000	0.000000	40535.940000	21838	2048
planetlab2.eecs.umich.edu_planetlab2.netlab.uky.edu_7822 3	39051.839000	1529.234000	0.076000	0.000000	40581.149000	21830	2048
planetlab2.eecs.umich.edu_planetlab2.netlab.uky.edu_7832 3	39104.254000	1499.857000	0.084000	0.000000	40604.195000	21831	2048
planetlab1.williams.edu_planetlab2.netlab.uky.edu_2776 4	41132.628000	0.135000	0.022000	0.000000	41132.785000	21899	2176
planetlab1.williams.edu_planetlab2.netlab.uky.edu_2778 4	41450.242000	0.030000	0.025000	0.000000	41450.297000	21923	2176
planetlab5.williams.edu_planetlab2.netlab.uky.edu_3497 4	28203.464000	13600.298000	0.015000	0.000000	41803.777000	21386	2112
planetlab5.williams.edu_planetlab2.netlab.uky.edu_3593 4	34454.238000	7596.173000	0.029000	0.000000	42050.440000	21609	2112
planetlab2.eecs.umich.edu_planetlab2.netlab.uky.edu_8081 3	40570.638000	1503.191000	0.075000	0.000000	42073.904000	21862	2048
planetlab2.eecs.umich.edu_planetlab2.netlab.uky.edu_8087 3	40603.916000	1487.830000	0.194000	0.000000	42091.940000	21880	2048
planetlab2.eecs.umich.edu_planetlab2.netlab.uky.edu_8093 3	40635.130000	1497.901000	0.075000	0.000000	42133.106000	21877	2048
planetlab2.eecs.umich.edu_planetlab2.netlab.uky.edu_8230 3	41201.553000	1557.477000	0.032000	0.000000	42759.062000	21906	2048
planetlab2.eecs.umich.edu_planetlab2.netlab.uky.edu_8271 3	41463.924000	1469.722000	0.101000	0.000000	42933.747000	21846	2048
planetlab4.wail.wisc.edu_planetlab2.netlab.uky.edu_9150 3	25847.647000	25405.184000	0.031000	0.000000	51252.862000	21772	16
planetlab4.wail.wisc.edu_planetlab2.netlab.uky.edu_9411 3	27043.094000	27356.685000	0.032000	0.000000	54399.811000	21796	16
planetlab4.wail.wisc.edu_planetlab2.netlab.uky.edu_9433 3	27198.856000	27328.027000	0.037000	0.000000	54526.920000	21800	16
planetlab4.wail.wisc.edu_planetlab2.netlab.uky.edu_9461 3	27349.770000	27317.152000	0.031000	0.000000	54666.953000	21804	16
planetlab4.wail.wisc.edu_planetlab2.netlab.uky.edu_9485 3	27495.760000	27262.103000	0.042000	0.000000	54757.905000	21805	16
planetlab4.wail.wisc.edu_planetlab2.netlab.uky.edu_9487 3	27501.735000	27270.798000	0.024000	0.000000	54772.557000	21806	16
planetlab4.wail.wisc.edu_planetlab2.netlab.uky.edu_9571 3	27894.902000	27281.556000	0.037000	0.000000	55176.495000	21820	16
planetlab1.williams.edu_planetlab2.netlab.uky.edu_2834 4	57123.829000	0.027000	0.015000	0.000000	57123.871000	21931	2176
