planetlab1.eecs.umich.edu_planetlab1.tamu.edu_109 3	469.801000	1.059000	0.069000	0.000000	470.929000	32674	2304
planetlab5.williams.edu_planetlab1.tamu.edu_349 3	537.916000	149.081000	0.017000	0.000000	687.014000	32692	2112
planetlab5.williams.edu_planetlab1.tamu.edu_363 3	689.615000	148.863000	0.019000	0.000000	838.497000	32705	2112
planetlab2.dtc.umn.edu_planetlab1.tamu.edu_67 3	890.887000	1.934000	0.015000	0.000000	892.836000	32726	3072
planetlab1.cs.cornell.edu_planetlab1.tamu.edu_280 3	1095.091000	1.085000	0.039000	0.000000	1096.215000	32752	1280
planetlab2.dtc.umn.edu_planetlab1.tamu.edu_91 3	1278.466000	0.694000	0.028000	0.000000	1279.188000	32779	3072
planetlab1.cs.purdue.edu_planetlab1.tamu.edu_208 6	1290.967000	1.347000	0.024000	0.000000	1292.338000	32755	2208
planetlab1.eecs.umich.edu_planetlab1.tamu.edu_146 3	1389.908000	0.394000	0.060000	0.000000	1390.362000	32806	2304
planetlab2.eecs.umich.edu_planetlab1.tamu.edu_607 4	1004.212000	471.029000	0.069000	0.000000	1475.310000	32667	2048
planetlab1.eecs.umich.edu_planetlab1.tamu.edu_158 3	1754.063000	2.412000	0.070000	0.000000	1756.545000	32851	2304
planetlab5.williams.edu_planetlab1.tamu.edu_578 3	1663.062000	309.324000	0.019000	0.000000	1972.405000	32837	2112
planetlab2.dtc.umn.edu_planetlab1.tamu.edu_200 3	2284.430000	0.037000	0.019000	0.000000	2284.486000	32916	3072
planetlab1.eecs.umich.edu_planetlab1.tamu.edu_242 3	2636.500000	8.237000	0.070000	0.000000	2644.807000	32972	2304
planetlab2.eecs.umich.edu_planetlab1.tamu.edu_866 4	2018.699000	747.114000	0.071000	0.000000	2765.884000	32750	2048
planetlab2.eecs.umich.edu_planetlab1.tamu.edu_894 4	2130.800000	757.535000	0.070000	0.000000	2888.405000	32760	2048
planetlab2.dtc.umn.edu_planetlab1.tamu.edu_263 3	2952.309000	0.057000	0.020000	0.000000	2952.386000	32993	3072
planetlab-1.cse.ohio-state.edu_planetlab1.tamu.edu_236 3	1679.185000	2689.287000	0.024000	0.000000	4368.496000	32797	2560
planetlab-1.cse.ohio-state.edu_planetlab1.tamu.edu_238 3	1708.216000	2770.213000	0.020000	0.000000	4478.449000	32813	2560
planetlab-1.cse.ohio-state.edu_planetlab1.tamu.edu_240 3	1759.144000	2772.280000	0.029000	0.000000	4531.453000	32821	2560
planetlab-1.cse.ohio-state.edu_planetlab1.tamu.edu_242 3	1808.657000	2735.834000	0.025000	0.000000	4544.516000	32825	2560
planetlab-1.cse.ohio-state.edu_planetlab1.tamu.edu_243 3	1782.990000	2788.132000	0.026000	0.000000	4571.148000	32828	2560
planetlab-1.cse.ohio-state.edu_planetlab1.tamu.edu_244 3	1791.513000	2780.189000	0.025000	0.000000	4571.727000	32829	2560
planetlab-1.cse.ohio-state.edu_planetlab1.tamu.edu_245 3	1824.003000	2778.958000	0.028000	0.000000	4602.989000	32831	2560
pluto.cs.brown.edu_planetlab1.tamu.edu_795 1	385.674000	4583.073000	0.023000	0.000000	4968.770000	32684	768
planetlab-1.cse.ohio-state.edu_planetlab1.tamu.edu_250 3	2399.759000	2676.565000	0.037000	0.000000	5076.361000	32893	2560
planetlab4.williams.edu_planetlab1.tamu.edu_1103 2	4908.402000	569.074000	0.019000	0.000000	5477.495000	32743	336
planetlab4.williams.edu_planetlab1.tamu.edu_1175 2	5590.345000	361.834000	0.026000	0.000000	5952.205000	32826	336
planetlab2.cs.cornell.edu_planetlab1.tamu.edu_1387 2	4520.556000	1766.935000	0.025000	0.000000	6287.516000	32697	448
planetlab4.williams.edu_planetlab1.tamu.edu_1322 2	7169.329000	0.297000	0.016000	0.000000	7169.642000	32933	336
planetlab1.cs.cornell.edu_planetlab1.tamu.edu_1654 3	7141.341000	440.593000	0.033000	0.000000	7581.967000	32884	1280
planetlab-2.cs.uh.edu_planetlab1.tamu.edu_834 2	5880.332000	1904.037000	0.032000	0.000000	7784.401000	32918	784
planetlab4.williams.edu_planetlab1.tamu.edu_1357 2	7851.915000	0.718000	0.017000	0.000000	7852.650000	32976	336
planetlab1.cs.cornell.edu_planetlab1.tamu.edu_1730 3	7905.780000	0.508000	0.038000	0.000000	7906.326000	32967	1280
planetlab1.cs.pitt.edu_planetlab1.tamu.edu_2595 3	5807.888000	2176.716000	0.015000	0.000000	7984.619000	32662	384
righthand.eecs.harvard.edu_planetlab1.tamu.edu_1584 4	8147.952000	0.046000	0.017000	0.000000	8148.015000	32936	2240
planetlab-1.cse.ohio-state.edu_planetlab1.tamu.edu_282 3	2609.325000	5554.733000	0.167000	0.000000	8164.225000	32957	2560
planetlab1.cs.cornell.edu_planetlab1.tamu.edu_1745 3	8208.829000	0.464000	0.040000	0.000000	8209.333000	33076	1280
planetlab1.cs.cornell.edu_planetlab1.tamu.edu_1747 3	8249.315000	1.195000	0.055000	0.000000	8250.565000	33108	1280
planetlab1.cs.cornell.edu_planetlab1.tamu.edu_1753 3	8259.490000	0.150000	0.039000	0.000000	8259.679000	33124	1280
planetlab1.cs.cornell.edu_planetlab1.tamu.edu_1757 3	8298.795000	0.675000	0.095000	0.000000	8299.565000	33136	1280
planetlab1.cs.cornell.edu_planetlab1.tamu.edu_1759 3	8299.520000	0.094000	0.062000	0.000000	8299.676000	33140	1280
planetlab1.cs.cornell.edu_planetlab1.tamu.edu_1761 3	8301.295000	0.115000	0.074000	0.000000	8301.484000	33141	1280
planetlab1.cs.cornell.edu_planetlab1.tamu.edu_1763 3	8303.487000	1.258000	0.030000	0.000000	8304.775000	33142	1280
planetlab1.cs.cornell.edu_planetlab1.tamu.edu_1765 3	8306.526000	2.776000	0.033000	0.000000	8309.335000	33148	1280
planetlab1.cs.cornell.edu_planetlab1.tamu.edu_1788 3	8470.244000	0.118000	0.031000	0.000000	8470.393000	33268	1280
planetlab2.eecs.umich.edu_planetlab1.tamu.edu_2130 4	4723.290000	4672.609000	0.067000	0.000000	9395.966000	32874	2048
planetlab2.dtc.umn.edu_planetlab1.tamu.edu_1054 3	8149.004000	1722.052000	0.015000	0.000000	9871.071000	33247	3072
planetlab-2.cs.uh.edu_planetlab1.tamu.edu_1058 2	9962.601000	84.080000	0.031000	0.000000	10046.712000	33090	784
planetlab-2.cs.uh.edu_planetlab1.tamu.edu_1070 2	10119.760000	91.663000	0.024000	0.000000	10211.447000	33192	784
planetlab-2.cs.uh.edu_planetlab1.tamu.edu_1076 2	10440.376000	0.350000	0.033000	0.000000	10440.759000	33245	784
planetlab1.williams.edu_planetlab1.tamu.edu_1536 5	4859.418000	7836.956000	0.017000	0.000000	12696.391000	32903	2176
planetlab2.umassd.edu_planetlab1.tamu.edu_2831 2	4253.085000	8785.802000	0.017000	0.000000	13038.904000	32670	64
planetlab2.umassd.edu_planetlab1.tamu.edu_2869 2	4396.033000	8825.029000	0.017000	0.000000	13221.079000	32686	64
planetlab2.umassd.edu_planetlab1.tamu.edu_2973 2	4680.402000	9027.578000	0.059000	0.000000	13708.039000	32718	64
planetlab2.umassd.edu_planetlab1.tamu.edu_3056 2	4952.749000	9143.866000	0.016000	0.000000	14096.631000	32754	64
planetlab2.umassd.edu_planetlab1.tamu.edu_3238 2	5374.942000	9439.654000	0.022000	0.000000	14814.618000	32815	64
planetlab1.eecs.umich.edu_planetlab1.tamu.edu_1166 3	8388.808000	6474.676000	0.071000	0.000000	14863.555000	33048	2304
planetlab-03.cs.princeton.edu_planetlab1.tamu.edu_3931 3	14994.275000	478.617000	0.019000	0.000000	15472.911000	32820	80
aguila2.lsi.upc.edu_planetlab1.tamu.edu_1016 1	4492.716000	12019.032000	0.014000	0.000000	16511.762000	33144	576
aguila1.lsi.upc.edu_planetlab1.tamu.edu_1110 2	14433.657000	2277.821000	0.017000	0.000000	16711.495000	32843	592
aguila1.lsi.upc.edu_planetlab1.tamu.edu_1119 2	14937.047000	1834.644000	0.242000	0.000000	16771.933000	32907	592
aguila1.lsi.upc.edu_planetlab1.tamu.edu_1129 2	15156.950000	1615.189000	0.012000	0.000000	16772.151000	32963	592
aguila1.lsi.upc.edu_planetlab1.tamu.edu_1134 2	15275.164000	1531.930000	0.019000	0.000000	16807.113000	32970	592
aguila1.lsi.upc.edu_planetlab1.tamu.edu_1136 2	15274.161000	1533.807000	0.011000	0.000000	16807.979000	32969	592
aguila1.lsi.upc.edu_planetlab1.tamu.edu_1138 2	15289.819000	1523.168000	0.012000	0.000000	16812.999000	32971	592
aguila1.lsi.upc.edu_planetlab1.tamu.edu_1140 2	15297.080000	1550.520000	0.012000	0.000000	16847.612000	32975	592
aguila1.lsi.upc.edu_planetlab1.tamu.edu_1142 2	15294.851000	1583.365000	0.010000	0.000000	16878.226000	32987	592
aguila1.lsi.upc.edu_planetlab1.tamu.edu_1144 2	15420.099000	1519.845000	0.014000	0.000000	16939.958000	33003	592
planetlab-03.cs.princeton.edu_planetlab1.tamu.edu_4189 3	17447.309000	0.425000	0.028000	0.000000	17447.762000	32924	80
planetlab4.williams.edu_planetlab1.tamu.edu_1654 2	17634.706000	0.069000	0.027000	0.000000	17634.802000	33262	336
planetlab2.cs.umass.edu_planetlab1.tamu.edu_1402 4	17843.728000	0.962000	0.027000	0.000000	17844.717000	32921	1408
planetlab1.cs.uoregon.edu_planetlab1.tamu.edu_2726 2	4631.896000	13328.274000	0.033000	0.000000	17960.203000	32723	256
planetlab2.clemson.edu_planetlab1.tamu.edu_1098 4	18884.382000	0.354000	0.029000	0.000000	18884.765000	33232	2688
vn4.cse.wustl.edu_planetlab1.tamu.edu_2841 3	17779.514000	1608.162000	0.025000	0.000000	19387.701000	32712	272
vn4.cse.wustl.edu_planetlab1.tamu.edu_2926 3	19670.863000	29.990000	0.032000	0.000000	19700.885000	32789	272
aguila1.lsi.upc.edu_planetlab1.tamu.edu_1221 2	20224.358000	0.049000	0.022000	0.000000	20224.429000	33227	592
planetlab6.cs.duke.edu_planetlab1.tamu.edu_5166 3	19092.008000	1412.335000	0.020000	0.000000	20504.363000	32766	288
earth.cs.brown.edu_planetlab1.tamu.edu_8352 3	14026.493000	6999.534000	0.018000	0.000000	21026.045000	32744	96
planetlab2.cs.pitt.edu_planetlab1.tamu.edu_2143 4	20793.779000	2050.038000	0.017000	0.000000	22843.834000	32783	304
planetlab2.cs.columbia.edu_planetlab1.tamu.edu_2729 4	22926.301000	0.951000	0.109000	0.000000	22927.361000	32793	112
planetlab05.cs.washington.edu_planetlab1.tamu.edu_1307 5	22963.772000	0.159000	0.027000	0.000000	22963.958000	32994	432
vn4.cse.wustl.edu_planetlab1.tamu.edu_2992 3	23142.389000	0.024000	0.016000	0.000000	23142.429000	32809	272
planetlab2.eecs.umich.edu_planetlab1.tamu.edu_4045 4	16766.567000	6849.114000	0.085000	0.000000	23615.766000	32962	2048
planetlab2.cs.columbia.edu_planetlab1.tamu.edu_2810 4	23741.724000	0.261000	0.084000	0.000000	23742.069000	32876	112
planetlab2.cs.columbia.edu_planetlab1.tamu.edu_2855 4	24239.496000	4.441000	0.153000	0.000000	24244.090000	32902	112
vn4.cse.wustl.edu_planetlab1.tamu.edu_3066 3	24431.786000	1.242000	0.031000	0.000000	24433.059000	32841	272
planetlab1.rutgers.edu_planetlab1.tamu.edu_5838 2	13955.551000	10913.722000	0.037000	0.000000	24869.310000	32758	512
planetlab-03.cs.princeton.edu_planetlab1.tamu.edu_4884 3	24869.518000	19.733000	0.122000	0.000000	24889.373000	33034	80
planetlab1.cs.unc.edu_planetlab1.tamu.edu_3349 3	24963.470000	0.315000	0.027000	0.000000	24963.812000	32775	528
planetlab-03.cs.princeton.edu_planetlab1.tamu.edu_4956 3	25570.111000	1.372000	0.141000	0.000000	25571.624000	33052	80
vn4.cse.wustl.edu_planetlab1.tamu.edu_3145 3	25561.103000	59.434000	0.032000	0.000000	25620.569000	32865	272
planetlab1.cs.unc.edu_planetlab1.tamu.edu_3492 3	25633.649000	0.040000	0.025000	0.000000	25633.714000	32868	528
planetlab1.cs.unc.edu_planetlab1.tamu.edu_3505 3	25745.647000	0.228000	0.019000	0.000000	25745.894000	32882	528
vn4.cse.wustl.edu_planetlab1.tamu.edu_3166 3	25801.910000	0.070000	0.026000	0.000000	25802.006000	32872	272
planetlab1.cs.unc.edu_planetlab1.tamu.edu_3530 3	25852.137000	0.040000	0.021000	0.000000	25852.198000	32920	528
planetlab1.cs.unc.edu_planetlab1.tamu.edu_3533 3	25852.618000	0.227000	0.021000	0.000000	25852.866000	32932	528
vn4.cse.wustl.edu_planetlab1.tamu.edu_3169 3	25858.495000	0.093000	0.025000	0.000000	25858.613000	32873	272
planetlab1.cs.unc.edu_planetlab1.tamu.edu_3568 3	25988.208000	6.669000	0.054000	0.000000	25994.931000	32964	528
vn4.cse.wustl.edu_planetlab1.tamu.edu_3189 3	26000.744000	0.345000	0.027000	0.000000	26001.116000	32875	272
planetlab1.cs.unc.edu_planetlab1.tamu.edu_3588 3	26081.243000	0.673000	0.033000	0.000000	26081.949000	32992	528
planetlab1.cs.unc.edu_planetlab1.tamu.edu_3591 3	26086.819000	0.243000	0.022000	0.000000	26087.084000	32996	528
planetlab1.cs.unc.edu_planetlab1.tamu.edu_3594 3	26087.486000	2.005000	0.019000	0.000000	26089.510000	32998	528
planetlab1.cs.unc.edu_planetlab1.tamu.edu_3596 3	26087.857000	1.739000	0.022000	0.000000	26089.618000	32997	528
planetlab1.cs.unc.edu_planetlab1.tamu.edu_3601 3	26100.574000	1.072000	0.017000	0.000000	26101.663000	33004	528
vn4.cse.wustl.edu_planetlab1.tamu.edu_3211 3	26174.906000	41.079000	0.027000	0.000000	26216.012000	32877	272
planetlab1.cs.unc.edu_planetlab1.tamu.edu_3647 3	26248.945000	0.144000	0.031000	0.000000	26249.120000	33012	528
planetlab1.cs.unc.edu_planetlab1.tamu.edu_3809 3	26857.598000	0.253000	0.020000	0.000000	26857.871000	33100	528
vn4.cse.wustl.edu_planetlab1.tamu.edu_3298 3	26719.706000	199.093000	0.023000	0.000000	26918.822000	32889	272
planetlab1.rutgers.edu_planetlab1.tamu.edu_6543 2	16107.013000	10881.162000	0.059000	0.000000	26988.234000	33111	512
planetlab2.netlab.uky.edu_planetlab1.tamu.edu_6676 3	24134.729000	3068.899000	0.029000	0.000000	27203.657000	32657	544
planetlab2.netlab.uky.edu_planetlab1.tamu.edu_6686 3	24319.708000	2893.812000	0.035000	0.000000	27213.555000	32656	544
planetlab2.netlab.uky.edu_planetlab1.tamu.edu_6688 3	24320.237000	2905.860000	0.014000	0.000000	27226.111000	32664	544
planetlab2.netlab.uky.edu_planetlab1.tamu.edu_6690 3	24323.000000	2913.606000	0.013000	0.000000	27236.619000	32660	544
planetlab2.netlab.uky.edu_planetlab1.tamu.edu_6692 3	24337.857000	2901.093000	0.065000	0.000000	27239.015000	32658	544
planetlab2.netlab.uky.edu_planetlab1.tamu.edu_6705 3	24645.748000	2596.966000	0.026000	0.000000	27242.740000	32688	544
planetlab2.netlab.uky.edu_planetlab1.tamu.edu_6715 3	24758.204000	2505.627000	0.036000	0.000000	27263.867000	32720	544
planetlab-2.cmcl.cs.cmu.edu_planetlab1.tamu.edu_2081 4	27390.185000	0.071000	0.053000	0.000000	27390.309000	32810	560
vn4.cse.wustl.edu_planetlab1.tamu.edu_3348 3	27602.816000	0.504000	0.031000	0.000000	27603.351000	32906	272
planetlab-2.cmcl.cs.cmu.edu_planetlab1.tamu.edu_2100 4	27676.509000	0.927000	0.031000	0.000000	27677.467000	33044	560
planetlab-2.cmcl.cs.cmu.edu_planetlab1.tamu.edu_2106 4	27818.567000	0.067000	0.053000	0.000000	27818.687000	33121	560
planetlab2.cs.columbia.edu_planetlab1.tamu.edu_3345 4	28050.517000	60.828000	0.055000	0.000000	28111.400000	33106	112
planetlab-1.cse.ohio-state.edu_planetlab1.tamu.edu_1322 3	16644.198000	11494.022000	0.036000	0.000000	28138.256000	33085	2560
planetlab6.cs.duke.edu_planetlab1.tamu.edu_5995 3	30047.262000	0.032000	0.043000	0.000000	30047.337000	32956	288
planetlab-03.cs.princeton.edu_planetlab1.tamu.edu_5245 3	30176.372000	0.539000	0.993000	0.000000	30177.904000	33151	80
plab4.eece.ksu.edu_planetlab1.tamu.edu_2554 5	1953.786000	28263.555000	0.011000	0.000000	30217.352000	32685	2080
planetlab1.cs.unc.edu_planetlab1.tamu.edu_4491 3	30291.821000	0.085000	0.029000	0.000000	30291.935000	33252	528
planetlab1.cs.unc.edu_planetlab1.tamu.edu_4505 3	30603.742000	0.122000	0.098000	0.000000	30603.962000	33283	528
planetlab-2.cmcl.cs.cmu.edu_planetlab1.tamu.edu_2145 4	30652.574000	1.810000	0.055000	0.000000	30654.439000	33278	560
planetlab-03.cs.princeton.edu_planetlab1.tamu.edu_5274 3	30733.145000	0.076000	0.033000	0.000000	30733.254000	33164	80
planetlab-1.cse.ohio-state.edu_planetlab1.tamu.edu_1453 3	19063.208000	12432.453000	0.030000	0.000000	31495.691000	33166	2560
planetlab3.williams.edu_planetlab1.tamu.edu_1473 4	15755.518000	16469.266000	0.031000	0.000000	32224.815000	33156	400
planetlab5.williams.edu_planetlab1.tamu.edu_2422 3	8302.855000	25041.824000	0.019000	0.000000	33344.698000	33014	2112
planetlab5.williams.edu_planetlab1.tamu.edu_2441 3	8336.168000	25079.538000	0.013000	0.000000	33415.719000	33029	2112
planetlab5.williams.edu_planetlab1.tamu.edu_2470 3	8390.098000	25112.364000	0.016000	0.000000	33502.478000	33089	2112
planetlab5.williams.edu_planetlab1.tamu.edu_2475 3	8406.162000	25112.825000	0.016000	0.000000	33519.003000	33092	2112
planetlab5.williams.edu_planetlab1.tamu.edu_2477 3	8404.352000	25119.046000	0.013000	0.000000	33523.411000	33093	2112
planetlab5.williams.edu_planetlab1.tamu.edu_2479 3	8405.565000	25118.248000	0.014000	0.000000	33523.827000	33095	2112
planetlab5.williams.edu_planetlab1.tamu.edu_2482 3	8417.126000	25115.279000	0.020000	0.000000	33532.425000	33101	2112
planetlab-03.cs.princeton.edu_planetlab1.tamu.edu_5347 3	34118.727000	4.167000	0.174000	0.000000	34123.068000	33172	80
planetlab-03.cs.princeton.edu_planetlab1.tamu.edu_5352 3	34220.028000	0.527000	0.029000	0.000000	34220.584000	33176	80
planetlab-03.cs.princeton.edu_planetlab1.tamu.edu_5358 3	34293.190000	0.822000	0.018000	0.000000	34294.030000	33180	80
planetlab-03.cs.princeton.edu_planetlab1.tamu.edu_5360 3	34328.178000	1.086000	0.851000	0.000000	34330.115000	33182	80
vn4.cse.wustl.edu_planetlab1.tamu.edu_3694 3	34766.541000	1.130000	0.032000	0.000000	34767.703000	33001	272
planetlab5.williams.edu_planetlab1.tamu.edu_2742 3	11480.192000	23484.101000	0.028000	0.000000	34964.321000	33109	2112
planetlab5.williams.edu_planetlab1.tamu.edu_2751 3	11586.138000	23442.719000	0.018000	0.000000	35028.875000	33125	2112
planetlab5.williams.edu_planetlab1.tamu.edu_2781 3	11871.934000	23322.371000	0.017000	0.000000	35194.322000	33221	2112
ricepl-4.cs.rice.edu_planetlab1.tamu.edu_1067 3	35235.157000	0.669000	0.025000	0.000000	35235.851000	33062	720
planetlab-1.cs.colostate.edu_planetlab1.tamu.edu_1443 4	35261.914000	0.838000	0.035000	0.000000	35262.787000	33033	656
planetlab2.eecs.umich.edu_planetlab1.tamu.edu_6866 4	31840.831000	4031.732000	0.082000	0.000000	35872.645000	32985	2048
planetlab2.eecs.umich.edu_planetlab1.tamu.edu_7007 4	33659.759000	2776.325000	0.086000	0.000000	36436.170000	33046	2048
planetlab2.eecs.umich.edu_planetlab1.tamu.edu_7021 4	33727.416000	2748.320000	0.067000	0.000000	36475.803000	33066	2048
planetlab2.eecs.umich.edu_planetlab1.tamu.edu_7068 4	33918.489000	2729.103000	0.240000	0.000000	36647.832000	33098	2048
planetlab-03.cs.princeton.edu_planetlab1.tamu.edu_5629 3	37065.687000	0.758000	0.019000	0.000000	37066.464000	33181	80
planetlab-03.cs.princeton.edu_planetlab1.tamu.edu_5651 3	37389.051000	0.747000	0.019000	0.000000	37389.817000	33212	80
planetlab-03.cs.princeton.edu_planetlab1.tamu.edu_5705 3	37896.166000	1.704000	0.023000	0.000000	37897.893000	33244	80
planetlab-03.cs.princeton.edu_planetlab1.tamu.edu_5711 3	37978.362000	0.779000	0.022000	0.000000	37979.163000	33248	80
planetlab2.eecs.umich.edu_planetlab1.tamu.edu_7507 4	35828.980000	2671.815000	0.091000	0.000000	38500.886000	33122	2048
planetlab2.eecs.umich.edu_planetlab1.tamu.edu_7514 4	35875.532000	2647.151000	0.153000	0.000000	38522.836000	33128	2048
vn4.cse.wustl.edu_planetlab1.tamu.edu_3878 3	38554.319000	0.298000	0.034000	0.000000	38554.651000	33023	272
planetlab2.eecs.umich.edu_planetlab1.tamu.edu_7524 4	35906.067000	2670.395000	0.079000	0.000000	38576.541000	33131	2048
planetlab2.eecs.umich.edu_planetlab1.tamu.edu_7522 4	35902.996000	2674.897000	0.074000	0.000000	38577.967000	33130	2048
planetlab2.eecs.umich.edu_planetlab1.tamu.edu_7526 4	35909.755000	2673.137000	0.078000	0.000000	38582.970000	33134	2048
planetlab2.eecs.umich.edu_planetlab1.tamu.edu_7543 4	35956.825000	2692.045000	0.076000	0.000000	38648.946000	33161	2048
planetlab2.eecs.umich.edu_planetlab1.tamu.edu_7552 4	36003.554000	2677.021000	0.077000	0.000000	38680.652000	33146	2048
planetlab2.eecs.umich.edu_planetlab1.tamu.edu_7580 4	36084.765000	2711.065000	0.070000	0.000000	38795.900000	33258	2048
planetlab2.eecs.umich.edu_planetlab1.tamu.edu_7582 4	36088.666000	2711.841000	0.078000	0.000000	38800.585000	33276	2048
planetlab2.cs.pitt.edu_planetlab1.tamu.edu_2504 4	39133.901000	0.782000	0.030000	0.000000	39134.713000	33031	304
planetlab2.cs.pitt.edu_planetlab1.tamu.edu_2508 4	39314.188000	0.037000	0.022000	0.000000	39314.247000	33035	304
planetlab2.cs.pitt.edu_planetlab1.tamu.edu_2510 4	39402.722000	0.795000	0.018000	0.000000	39403.535000	33037	304
planetlab2.cs.pitt.edu_planetlab1.tamu.edu_2512 4	39503.670000	0.042000	0.019000	0.000000	39503.731000	33038	304
planetlab2.cs.pitt.edu_planetlab1.tamu.edu_2514 4	39534.141000	0.878000	0.014000	0.000000	39535.033000	33039	304
planetlab2.cs.pitt.edu_planetlab1.tamu.edu_2521 4	40714.158000	1.020000	0.027000	0.000000	40715.205000	33055	304
planetlab2.cs.pitt.edu_planetlab1.tamu.edu_2528 4	41925.309000	0.044000	0.023000	0.000000	41925.376000	33071	304
planetlab2.cs.pitt.edu_planetlab1.tamu.edu_2542 4	43936.382000	0.038000	0.024000	0.000000	43936.444000	33103	304
vn4.cse.wustl.edu_planetlab1.tamu.edu_4273 3	45808.492000	0.843000	0.026000	0.000000	45809.361000	33129	272
plab4.eece.ksu.edu_planetlab1.tamu.edu_3448 5	9500.771000	37608.074000	0.014000	0.000000	47108.859000	32880	2080
planetlab2.cs.pitt.edu_planetlab1.tamu.edu_2552 4	47870.164000	2.373000	0.040000	0.000000	47872.577000	33167	304
plab4.eece.ksu.edu_planetlab1.tamu.edu_3570 5	12676.339000	36300.143000	0.017000	0.000000	48976.499000	32922	2080
vn4.cse.wustl.edu_planetlab1.tamu.edu_4711 3	55868.374000	0.030000	0.029000	0.000000	55868.433000	33217	272
plgmu1.ite.gmu.edu_planetlab1.tamu.edu_2472 4	55963.913000	3.290000	0.080000	0.000000	55967.283000	32881	208
planetlab1.cs.uoregon.edu_planetlab1.tamu.edu_7297 2	17135.881000	39584.908000	0.037000	0.000000	56720.826000	33242	256
plab4.eece.ksu.edu_planetlab1.tamu.edu_6440 5	36239.152000	26347.049000	0.027000	0.000000	62586.228000	33007	2080
plab4.eece.ksu.edu_planetlab1.tamu.edu_6606 5	38696.210000	24372.637000	0.035000	0.000000	63068.882000	33188	2080
pl1.rcc.uottawa.ca_planetlab1.tamu.edu_14551 3	12962.888000	66503.917000	0.026000	0.000000	79466.831000	32661	0
pl1.rcc.uottawa.ca_planetlab1.tamu.edu_14558 3	12983.543000	66498.382000	0.040000	0.000000	79481.965000	32663	0
pl1.rcc.uottawa.ca_planetlab1.tamu.edu_14565 3	13002.091000	66503.689000	0.017000	0.000000	79505.797000	32665	0
pl1.rcc.uottawa.ca_planetlab1.tamu.edu_14582 3	13048.862000	66502.766000	0.030000	0.000000	79551.658000	32668	0
pl1.rcc.uottawa.ca_planetlab1.tamu.edu_14594 3	13073.946000	66519.161000	0.020000	0.000000	79593.127000	32669	0
pl1.rcc.uottawa.ca_planetlab1.tamu.edu_14615 3	13119.488000	66524.998000	0.019000	0.000000	79644.505000	32672	0
pl1.rcc.uottawa.ca_planetlab1.tamu.edu_14622 3	13134.448000	66525.651000	0.019000	0.000000	79660.118000	32673	0
pl1.rcc.uottawa.ca_planetlab1.tamu.edu_14637 3	13162.643000	66542.185000	0.019000	0.000000	79704.847000	32675	0
pl1.rcc.uottawa.ca_planetlab1.tamu.edu_14653 3	13189.743000	66560.159000	0.038000	0.000000	79749.940000	32677	0
pl1.rcc.uottawa.ca_planetlab1.tamu.edu_14663 3	13194.879000	66581.491000	0.017000	0.000000	79776.387000	32679	0
pl1.rcc.uottawa.ca_planetlab1.tamu.edu_14673 3	13210.506000	66594.946000	0.020000	0.000000	79805.472000	32680	0
pl1.rcc.uottawa.ca_planetlab1.tamu.edu_14687 3	13227.913000	66611.448000	0.018000	0.000000	79839.379000	32681	0
pl1.rcc.uottawa.ca_planetlab1.tamu.edu_14719 3	13322.463000	66611.668000	0.039000	0.000000	79934.170000	32689	0
pl1.rcc.uottawa.ca_planetlab1.tamu.edu_14724 3	13324.860000	66626.650000	0.022000	0.000000	79951.532000	32691	0
pl1.rcc.uottawa.ca_planetlab1.tamu.edu_14761 3	13390.969000	66659.089000	0.022000	0.000000	80050.080000	32693	0
pl1.rcc.uottawa.ca_planetlab1.tamu.edu_14778 3	13420.665000	66688.419000	0.026000	0.000000	80109.110000	32694	0
pl1.rcc.uottawa.ca_planetlab1.tamu.edu_14782 3	13424.384000	66692.475000	0.030000	0.000000	80116.889000	32695	0
pl1.rcc.uottawa.ca_planetlab1.tamu.edu_14806 3	13463.723000	66729.600000	0.035000	0.000000	80193.358000	32701	0
pl1.rcc.uottawa.ca_planetlab1.tamu.edu_14836 3	13505.810000	66761.236000	0.017000	0.000000	80267.063000	32671	0
pl1.rcc.uottawa.ca_planetlab1.tamu.edu_14875 3	13547.864000	66844.131000	0.022000	0.000000	80392.017000	32704	0
pl1.rcc.uottawa.ca_planetlab1.tamu.edu_14888 3	13561.288000	66871.152000	0.025000	0.000000	80432.465000	32703	0
pl1.rcc.uottawa.ca_planetlab1.tamu.edu_14905 3	13586.822000	66884.367000	0.020000	0.000000	80471.209000	32706	0
pl1.rcc.uottawa.ca_planetlab1.tamu.edu_14910 3	13589.885000	66885.307000	0.021000	0.000000	80475.213000	32707	0
pl1.rcc.uottawa.ca_planetlab1.tamu.edu_14939 3	13633.336000	66925.279000	0.025000	0.000000	80558.640000	32709	0
pl1.rcc.uottawa.ca_planetlab1.tamu.edu_14978 3	13702.187000	66977.825000	0.116000	0.000000	80680.128000	32710	0
pl1.rcc.uottawa.ca_planetlab1.tamu.edu_14986 3	13715.818000	66991.490000	0.035000	0.000000	80707.343000	32713	0
pl1.rcc.uottawa.ca_planetlab1.tamu.edu_14991 3	13716.339000	66997.495000	0.016000	0.000000	80713.850000	32714	0
node1.planetlab.albany.edu_planetlab1.tamu.edu_18820 4	80714.018000	0.191000	0.030000	0.000000	80714.239000	32711	32
pl1.rcc.uottawa.ca_planetlab1.tamu.edu_15009 3	13744.209000	67034.503000	0.023000	0.000000	80778.735000	32717	0
pl1.rcc.uottawa.ca_planetlab1.tamu.edu_15020 3	13754.674000	67048.650000	0.020000	0.000000	80803.344000	32716	0
pl1.rcc.uottawa.ca_planetlab1.tamu.edu_15024 3	13758.157000	67050.564000	0.019000	0.000000	80808.740000	32719	0
pl1.rcc.uottawa.ca_planetlab1.tamu.edu_15047 3	13805.103000	67094.492000	0.022000	0.000000	80899.617000	32721	0
pl1.rcc.uottawa.ca_planetlab1.tamu.edu_15049 3	13800.796000	67100.660000	0.020000	0.000000	80901.476000	32722	0
pl1.rcc.uottawa.ca_planetlab1.tamu.edu_15073 3	13842.930000	67124.695000	0.020000	0.000000	80967.645000	32724	0
pl1.rcc.uottawa.ca_planetlab1.tamu.edu_15075 3	13844.848000	67124.250000	0.017000	0.000000	80969.115000	32725	0
pl1.rcc.uottawa.ca_planetlab1.tamu.edu_15082 3	13854.009000	67129.576000	0.016000	0.000000	80983.601000	32727	0
pl1.rcc.uottawa.ca_planetlab1.tamu.edu_15090 3	13870.698000	67151.586000	0.019000	0.000000	81022.303000	32728	0
pl1.rcc.uottawa.ca_planetlab1.tamu.edu_15103 3	13885.393000	67179.434000	0.035000	0.000000	81064.862000	32729	0
pl1.rcc.uottawa.ca_planetlab1.tamu.edu_15126 3	13927.692000	67234.696000	0.021000	0.000000	81162.409000	32731	0
pl1.rcc.uottawa.ca_planetlab1.tamu.edu_15128 3	13927.282000	67239.600000	0.014000	0.000000	81166.896000	32732	0
pl1.rcc.uottawa.ca_planetlab1.tamu.edu_15146 3	13955.642000	67273.863000	0.020000	0.000000	81229.525000	32733	0
pl1.rcc.uottawa.ca_planetlab1.tamu.edu_15148 3	13955.833000	67281.007000	0.020000	0.000000	81236.860000	32734	0
pl1.rcc.uottawa.ca_planetlab1.tamu.edu_15158 3	13976.165000	67296.483000	0.025000	0.000000	81272.673000	32735	0
pl1.rcc.uottawa.ca_planetlab1.tamu.edu_15187 3	14015.131000	67372.989000	0.020000	0.000000	81388.140000	32737	0
pl1.rcc.uottawa.ca_planetlab1.tamu.edu_15199 3	14037.209000	67373.569000	0.024000	0.000000	81410.802000	32738	0
pl1.rcc.uottawa.ca_planetlab1.tamu.edu_15248 3	14118.335000	67416.797000	0.024000	0.000000	81535.156000	32749	0
pl1.rcc.uottawa.ca_planetlab1.tamu.edu_15275 3	14169.511000	67453.806000	0.022000	0.000000	81623.339000	32759	0
pl1.rcc.uottawa.ca_planetlab1.tamu.edu_15292 3	14180.589000	67535.475000	0.025000	0.000000	81716.089000	32757	0
pl1.rcc.uottawa.ca_planetlab1.tamu.edu_15300 3	14189.980000	67558.876000	0.019000	0.000000	81748.875000	32761	0
pl1.rcc.uottawa.ca_planetlab1.tamu.edu_15370 3	14279.540000	67712.807000	0.023000	0.000000	81992.370000	32764	0
pl1.rcc.uottawa.ca_planetlab1.tamu.edu_15372 3	14278.889000	67722.082000	0.013000	0.000000	82000.984000	32765	0
pl1.rcc.uottawa.ca_planetlab1.tamu.edu_15378 3	14288.316000	67740.233000	0.035000	0.000000	82028.584000	32767	0
pl1.rcc.uottawa.ca_planetlab1.tamu.edu_15404 3	14318.226000	67789.812000	0.027000	0.000000	82108.065000	32768	0
pl1.rcc.uottawa.ca_planetlab1.tamu.edu_15412 3	14321.457000	67804.636000	0.025000	0.000000	82126.118000	32770	0
pl1.rcc.uottawa.ca_planetlab1.tamu.edu_15407 3	14321.059000	67806.223000	0.016000	0.000000	82127.298000	32769	0
pl1.rcc.uottawa.ca_planetlab1.tamu.edu_15439 3	14361.201000	67863.516000	0.027000	0.000000	82224.744000	32772	0
pl1.rcc.uottawa.ca_planetlab1.tamu.edu_15441 3	14361.956000	67873.274000	0.014000	0.000000	82235.244000	32771	0
pl1.rcc.uottawa.ca_planetlab1.tamu.edu_15486 3	14427.542000	67959.780000	0.027000	0.000000	82387.349000	32773	0
pl1.rcc.uottawa.ca_planetlab1.tamu.edu_15501 3	14449.660000	67985.214000	0.028000	0.000000	82434.902000	32774	0
pl1.rcc.uottawa.ca_planetlab1.tamu.edu_15521 3	14469.872000	68028.002000	0.019000	0.000000	82497.893000	32776	0
pl1.rcc.uottawa.ca_planetlab1.tamu.edu_15532 3	14483.989000	68025.170000	0.019000	0.000000	82509.178000	32777	0
pl1.rcc.uottawa.ca_planetlab1.tamu.edu_15545 3	14491.391000	68061.071000	0.019000	0.000000	82552.481000	32778	0
pl1.rcc.uottawa.ca_planetlab1.tamu.edu_15548 3	14492.144000	68070.946000	0.016000	0.000000	82563.106000	32780	0
pl1.rcc.uottawa.ca_planetlab1.tamu.edu_15619 3	14577.039000	68181.735000	0.031000	0.000000	82758.805000	32784	0
pl1.rcc.uottawa.ca_planetlab1.tamu.edu_15623 3	14580.683000	68180.005000	0.023000	0.000000	82760.711000	32785	0
pl1.rcc.uottawa.ca_planetlab1.tamu.edu_15630 3	14586.709000	68196.518000	0.017000	0.000000	82783.244000	32786	0
pl1.rcc.uottawa.ca_planetlab1.tamu.edu_15652 3	14608.315000	68240.539000	0.024000	0.000000	82848.878000	32788	0
pl1.rcc.uottawa.ca_planetlab1.tamu.edu_15681 3	14648.455000	68272.074000	0.024000	0.000000	82920.553000	32792	0
pl1.rcc.uottawa.ca_planetlab1.tamu.edu_15748 3	14758.903000	68402.497000	0.026000	0.000000	83161.426000	32800	0
pl1.rcc.uottawa.ca_planetlab1.tamu.edu_15756 3	14768.036000	68408.650000	0.024000	0.000000	83176.710000	32801	0
pl1.rcc.uottawa.ca_planetlab1.tamu.edu_15758 3	14774.819000	68419.164000	0.017000	0.000000	83194.000000	32802	0
pl1.rcc.uottawa.ca_planetlab1.tamu.edu_15784 3	14799.047000	68478.635000	0.021000	0.000000	83277.703000	32804	0
pl1.rcc.uottawa.ca_planetlab1.tamu.edu_15816 3	14841.094000	68534.078000	0.021000	0.000000	83375.193000	32808	0
pl1.rcc.uottawa.ca_planetlab1.tamu.edu_15901 3	14959.568000	68690.150000	0.025000	0.000000	83649.743000	32816	0
roam2.cs.ou.edu_planetlab1.tamu.edu_9226 5	84000.458000	0.047000	0.044000	0.000000	84000.549000	32822	48
pl1.rcc.uottawa.ca_planetlab1.tamu.edu_16141 3	15253.285000	69194.520000	0.040000	0.000000	84447.845000	32832	0
pl1.rcc.uottawa.ca_planetlab1.tamu.edu_16183 3	15306.180000	69258.073000	0.035000	0.000000	84564.288000	32833	0
pl1.rcc.uottawa.ca_planetlab1.tamu.edu_16215 3	15344.019000	69285.902000	0.024000	0.000000	84629.945000	32836	0
pl1.rcc.uottawa.ca_planetlab1.tamu.edu_16240 3	15375.915000	69304.229000	0.023000	0.000000	84680.167000	32834	0
roam2.cs.ou.edu_planetlab1.tamu.edu_9240 5	84771.210000	0.043000	0.033000	0.000000	84771.286000	32835	48
pl1.rcc.uottawa.ca_planetlab1.tamu.edu_16342 3	15506.943000	69431.475000	0.028000	0.000000	84938.446000	32840	0
pl1.rcc.uottawa.ca_planetlab1.tamu.edu_16431 3	15625.593000	69522.830000	0.022000	0.000000	85148.445000	32848	0
roam2.cs.ou.edu_planetlab1.tamu.edu_9250 5	85350.628000	0.548000	0.066000	0.000000	85351.242000	32853	48
pl1.rcc.uottawa.ca_planetlab1.tamu.edu_16641 3	15924.985000	69745.368000	0.041000	0.000000	85670.394000	32864	0
pl1.rcc.uottawa.ca_planetlab1.tamu.edu_16985 3	16432.239000	70351.930000	0.031000	0.000000	86784.200000	32885	0
planetlab4.wail.wisc.edu_planetlab1.tamu.edu_14188 4	79530.007000	7918.934000	0.040000	0.000000	87448.981000	32666	16
pl1.rcc.uottawa.ca_planetlab1.tamu.edu_17148 3	16747.252000	70709.488000	0.032000	0.000000	87456.772000	32896	0
pl1.rcc.uottawa.ca_planetlab1.tamu.edu_17151 3	16757.203000	70702.199000	0.030000	0.000000	87459.432000	32897	0
planetlab4.wail.wisc.edu_planetlab1.tamu.edu_14247 4	79868.057000	7709.446000	0.025000	0.000000	87577.528000	32682	16
pl1.rcc.uottawa.ca_planetlab1.tamu.edu_17185 3	16840.736000	70741.458000	0.028000	0.000000	87582.222000	32898	0
planetlab4.wail.wisc.edu_planetlab1.tamu.edu_14255 4	79963.823000	7622.855000	0.042000	0.000000	87586.720000	32690	16
planetlab4.wail.wisc.edu_planetlab1.tamu.edu_14282 4	80156.993000	7498.412000	0.029000	0.000000	87655.434000	32696	16
planetlab4.wail.wisc.edu_planetlab1.tamu.edu_14284 4	80201.083000	7462.209000	0.032000	0.000000	87663.324000	32698	16
planetlab4.wail.wisc.edu_planetlab1.tamu.edu_14290 4	80206.390000	7475.885000	0.025000	0.000000	87682.300000	32699	16
pl1.rcc.uottawa.ca_planetlab1.tamu.edu_17219 3	16885.393000	70836.251000	0.033000	0.000000	87721.677000	32900	0
planetlab4.wail.wisc.edu_planetlab1.tamu.edu_14309 4	80366.311000	7373.247000	0.031000	0.000000	87739.589000	32702	16
pl1.rcc.uottawa.ca_planetlab1.tamu.edu_17278 3	16995.334000	70962.716000	0.024000	0.000000	87958.074000	32904	0
planetlab4.wail.wisc.edu_planetlab1.tamu.edu_14433 4	81588.098000	6570.341000	0.033000	0.000000	88158.472000	32753	16
planetlab4.wail.wisc.edu_planetlab1.tamu.edu_14445 4	81809.144000	6381.358000	0.029000	0.000000	88190.531000	32762	16
pl1.rcc.uottawa.ca_planetlab1.tamu.edu_17367 3	17225.841000	71043.557000	0.031000	0.000000	88269.429000	32912	0
roam2.cs.ou.edu_planetlab1.tamu.edu_9335 5	88427.681000	0.110000	0.024000	0.000000	88427.815000	32917	48
planetlab4.wail.wisc.edu_planetlab1.tamu.edu_14522 4	82690.299000	5868.727000	0.061000	0.000000	88559.087000	32781	16
planetlab4.wail.wisc.edu_planetlab1.tamu.edu_14547 4	82868.733000	5757.948000	0.034000	0.000000	88626.715000	32787	16
planetlab4.wail.wisc.edu_planetlab1.tamu.edu_14571 4	83049.619000	5650.382000	0.024000	0.000000	88700.025000	32795	16
pl1.rcc.uottawa.ca_planetlab1.tamu.edu_17506 3	17525.936000	71217.712000	0.030000	0.000000	88743.678000	32927	0
planetlab4.wail.wisc.edu_planetlab1.tamu.edu_14591 4	83312.490000	5444.929000	0.036000	0.000000	88757.455000	32803	16
planetlab4.wail.wisc.edu_planetlab1.tamu.edu_14596 4	83340.579000	5429.075000	0.022000	0.000000	88769.676000	32807	16
planetlab4.wail.wisc.edu_planetlab1.tamu.edu_14598 4	83407.778000	5366.306000	0.030000	0.000000	88774.114000	32812	16
planetlab4.wail.wisc.edu_planetlab1.tamu.edu_14621 4	83711.434000	5129.504000	0.024000	0.000000	88840.962000	32817	16
planetlab4.wail.wisc.edu_planetlab1.tamu.edu_14623 4	83713.491000	5138.996000	0.017000	0.000000	88852.504000	32818	16
pl1.rcc.uottawa.ca_planetlab1.tamu.edu_17531 3	17584.960000	71280.481000	0.040000	0.000000	88865.481000	32928	0
planetlab4.wail.wisc.edu_planetlab1.tamu.edu_14631 4	83796.823000	5070.357000	0.032000	0.000000	88867.212000	32819	16
planetlab4.wail.wisc.edu_planetlab1.tamu.edu_14646 4	84128.355000	4798.213000	0.032000	0.000000	88926.600000	32823	16
planetlab4.wail.wisc.edu_planetlab1.tamu.edu_14705 4	84921.216000	4277.695000	0.032000	0.000000	89198.943000	32839	16
roam2.cs.ou.edu_planetlab1.tamu.edu_9363 5	89266.919000	0.103000	0.037000	0.000000	89267.059000	32937	48
planetlab4.wail.wisc.edu_planetlab1.tamu.edu_14733 4	85381.714000	3935.688000	0.029000	0.000000	89317.431000	32857	16
planetlab4.wail.wisc.edu_planetlab1.tamu.edu_14758 4	85847.904000	3564.868000	0.034000	0.000000	89412.806000	32869	16
planetlab4.wail.wisc.edu_planetlab1.tamu.edu_14760 4	85850.571000	3567.551000	0.026000	0.000000	89418.148000	32870	16
planetlab4.wail.wisc.edu_planetlab1.tamu.edu_14766 4	85908.865000	3535.439000	0.024000	0.000000	89444.328000	32871	16
planetlab4.wail.wisc.edu_planetlab1.tamu.edu_14783 4	86263.184000	3247.389000	0.034000	0.000000	89510.607000	32879	16
planetlab4.wail.wisc.edu_planetlab1.tamu.edu_14810 4	86688.062000	2905.360000	0.029000	0.000000	89593.451000	32883	16
planetlab4.wail.wisc.edu_planetlab1.tamu.edu_14828 4	86970.053000	2680.027000	0.022000	0.000000	89650.102000	32887	16
planetlab4.wail.wisc.edu_planetlab1.tamu.edu_14874 4	87718.085000	2120.213000	0.034000	0.000000	89838.332000	32899	16
planetlab4.wail.wisc.edu_planetlab1.tamu.edu_14878 4	87777.397000	2088.823000	0.035000	0.000000	89866.255000	32901	16
planetlab4.wail.wisc.edu_planetlab1.tamu.edu_14900 4	88022.064000	1914.308000	0.050000	0.000000	89936.422000	32905	16
planetlab4.wail.wisc.edu_planetlab1.tamu.edu_14910 4	88158.841000	1797.614000	0.032000	0.000000	89956.487000	32909	16
planetlab4.wail.wisc.edu_planetlab1.tamu.edu_14908 4	88134.438000	1822.129000	0.030000	0.000000	89956.597000	32908	16
planetlab4.wail.wisc.edu_planetlab1.tamu.edu_14929 4	88239.343000	1802.102000	0.037000	0.000000	90041.482000	32911	16
planetlab4.wail.wisc.edu_planetlab1.tamu.edu_14937 4	88332.192000	1742.631000	0.039000	0.000000	90074.862000	32913	16
pl1.rcc.uottawa.ca_planetlab1.tamu.edu_17881 3	18487.679000	71586.843000	0.022000	0.000000	90074.544000	32960	0
planetlab4.wail.wisc.edu_planetlab1.tamu.edu_14939 4	88333.257000	1757.642000	0.021000	0.000000	90090.920000	32914	16
planetlab4.wail.wisc.edu_planetlab1.tamu.edu_14945 4	88372.163000	1739.563000	0.040000	0.000000	90111.766000	32915	16
planetlab4.wail.wisc.edu_planetlab1.tamu.edu_14962 4	88498.558000	1664.491000	0.032000	0.000000	90163.081000	32919	16
planetlab4.wail.wisc.edu_planetlab1.tamu.edu_14970 4	88518.421000	1678.503000	0.029000	0.000000	90196.953000	32923	16
roam2.cs.ou.edu_planetlab1.tamu.edu_9409 5	90217.110000	0.038000	0.025000	0.000000	90217.173000	32965	48
planetlab4.wail.wisc.edu_planetlab1.tamu.edu_14981 4	88740.021000	1517.994000	1.274000	0.000000	90259.289000	32925	16
planetlab4.wail.wisc.edu_planetlab1.tamu.edu_14992 4	88982.541000	1312.284000	0.039000	0.000000	90294.864000	32929	16
planetlab4.wail.wisc.edu_planetlab1.tamu.edu_14998 4	89037.875000	1271.947000	0.031000	0.000000	90309.853000	32930	16
planetlab4.wail.wisc.edu_planetlab1.tamu.edu_15004 4	89139.598000	1187.674000	0.034000	0.000000	90327.306000	32931	16
planetlab4.wail.wisc.edu_planetlab1.tamu.edu_15010 4	89193.934000	1149.140000	0.034000	0.000000	90343.108000	32935	16
planetlab4.wail.wisc.edu_planetlab1.tamu.edu_15022 4	89376.377000	1007.498000	0.036000	0.000000	90383.911000	32939	16
planetlab4.wail.wisc.edu_planetlab1.tamu.edu_15024 4	89444.385000	939.576000	0.031000	0.000000	90383.992000	32941	16
planetlab4.wail.wisc.edu_planetlab1.tamu.edu_15028 4	89488.627000	927.088000	0.035000	0.000000	90415.750000	32944	16
planetlab4.wail.wisc.edu_planetlab1.tamu.edu_15030 4	89554.826000	863.456000	0.031000	0.000000	90418.313000	32945	16
planetlab4.wail.wisc.edu_planetlab1.tamu.edu_15034 4	89578.071000	858.857000	0.032000	0.000000	90436.960000	32946	16
planetlab4.wail.wisc.edu_planetlab1.tamu.edu_15036 4	89592.910000	854.704000	0.031000	0.000000	90447.645000	32947	16
roam2.cs.ou.edu_planetlab1.tamu.edu_9420 5	90486.520000	0.325000	0.024000	0.000000	90486.869000	32977	48
planetlab4.wail.wisc.edu_planetlab1.tamu.edu_15051 4	89733.370000	764.017000	0.034000	0.000000	90497.421000	32949	16
planetlab4.wail.wisc.edu_planetlab1.tamu.edu_15053 4	89818.025000	685.114000	0.031000	0.000000	90503.170000	32950	16
planetlab4.wail.wisc.edu_planetlab1.tamu.edu_15057 4	89870.775000	647.373000	0.031000	0.000000	90518.179000	32951	16
planetlab4.wail.wisc.edu_planetlab1.tamu.edu_15061 4	89940.794000	590.235000	0.032000	0.000000	90531.061000	32952	16
planetlab4.wail.wisc.edu_planetlab1.tamu.edu_15066 4	89986.483000	553.602000	0.033000	0.000000	90540.118000	32954	16
planetlab4.wail.wisc.edu_planetlab1.tamu.edu_15067 4	89988.288000	557.424000	0.013000	0.000000	90545.725000	32955	16
roam2.cs.ou.edu_planetlab1.tamu.edu_9422 5	90551.611000	1.732000	0.032000	0.000000	90553.375000	32981	48
planetlab4.wail.wisc.edu_planetlab1.tamu.edu_15078 4	90085.981000	502.247000	0.037000	0.000000	90588.265000	32959	16
planetlab4.wail.wisc.edu_planetlab1.tamu.edu_15080 4	90172.273000	423.989000	0.037000	0.000000	90596.299000	32966	16
planetlab4.wail.wisc.edu_planetlab1.tamu.edu_15086 4	90291.021000	333.839000	0.034000	0.000000	90624.894000	32973	16
roam2.cs.ou.edu_planetlab1.tamu.edu_9428 5	90629.973000	0.038000	0.028000	0.000000	90630.039000	32983	48
planetlab4.wail.wisc.edu_planetlab1.tamu.edu_15096 4	90629.756000	32.524000	0.031000	0.000000	90662.311000	32984	16
roam2.cs.ou.edu_planetlab1.tamu.edu_9433 5	90748.067000	0.228000	0.034000	0.000000	90748.329000	32989	48
planetlab4.wail.wisc.edu_planetlab1.tamu.edu_15116 4	90885.318000	0.286000	0.033000	0.000000	90885.637000	32995	16
planetlab7.flux.utah.edu_planetlab1.tamu.edu_2293 3	91201.951000	0.396000	0.028000	0.000000	91202.375000	32683	1536
planetlab7.flux.utah.edu_planetlab1.tamu.edu_2298 3	91220.861000	0.327000	0.017000	0.000000	91221.205000	32715	1536
planetlab7.flux.utah.edu_planetlab1.tamu.edu_2301 3	91249.378000	0.264000	0.030000	0.000000	91249.672000	32739	1536
planetlab7.flux.utah.edu_planetlab1.tamu.edu_2303 3	91249.602000	1.204000	0.013000	0.000000	91250.819000	32745	1536
planetlab7.flux.utah.edu_planetlab1.tamu.edu_2306 3	91258.126000	0.239000	0.022000	0.000000	91258.387000	32746	1536
planetlab7.flux.utah.edu_planetlab1.tamu.edu_2307 3	91257.935000	1.605000	0.012000	0.000000	91259.552000	32747	1536
planetlab7.flux.utah.edu_planetlab1.tamu.edu_2309 3	91279.625000	0.793000	0.023000	0.000000	91280.441000	32751	1536
planetlab7.flux.utah.edu_planetlab1.tamu.edu_2311 3	91280.290000	0.164000	0.017000	0.000000	91280.471000	32763	1536
planetlab7.flux.utah.edu_planetlab1.tamu.edu_2326 3	91362.868000	0.075000	0.024000	0.000000	91362.967000	32849	1536
planetlab4.wail.wisc.edu_planetlab1.tamu.edu_15197 4	91623.463000	0.295000	0.029000	0.000000	91623.787000	32999	16
planetlab4.wail.wisc.edu_planetlab1.tamu.edu_15270 4	91956.069000	0.046000	0.035000	0.000000	91956.150000	33000	16
planetlab4.wail.wisc.edu_planetlab1.tamu.edu_14660 4	87285.055000	4675.824000	0.019000	0.000000	91960.898000	32827	16
planetlab7.flux.utah.edu_planetlab1.tamu.edu_2362 3	92035.499000	0.268000	0.022000	0.000000	92035.789000	33050	1536
planetlab7.flux.utah.edu_planetlab1.tamu.edu_2371 3	92093.243000	0.223000	0.019000	0.000000	92093.485000	33135	1536
planetlab7.flux.utah.edu_planetlab1.tamu.edu_2379 3	92149.559000	0.411000	0.027000	0.000000	92149.997000	33157	1536
pl1.rcc.uottawa.ca_planetlab1.tamu.edu_18503 3	22766.813000	69565.378000	0.026000	0.000000	92332.217000	33002	0
planetlab4.wail.wisc.edu_planetlab1.tamu.edu_15714 4	94522.773000	1.352000	0.047000	0.000000	94524.172000	33008	16
planetlab4.wail.wisc.edu_planetlab1.tamu.edu_15786 4	95446.560000	0.532000	0.023000	0.000000	95447.115000	32867	16
planetlab4.wail.wisc.edu_planetlab1.tamu.edu_15865 4	96165.657000	0.304000	0.037000	0.000000	96165.998000	33009	16
planetlab4.wail.wisc.edu_planetlab1.tamu.edu_15869 4	96180.294000	0.247000	0.027000	0.000000	96180.568000	33010	16
planetlab4.wail.wisc.edu_planetlab1.tamu.edu_15874 4	96225.333000	0.319000	0.030000	0.000000	96225.682000	33011	16
planetlab4.wail.wisc.edu_planetlab1.tamu.edu_15906 4	96645.704000	0.396000	0.029000	0.000000	96646.129000	32888	16
planetlab4.wail.wisc.edu_planetlab1.tamu.edu_15919 4	96743.625000	0.040000	0.027000	0.000000	96743.692000	33015	16
planetlab4.wail.wisc.edu_planetlab1.tamu.edu_15953 4	96923.593000	0.254000	0.031000	0.000000	96923.878000	33016	16
planetlab4.wail.wisc.edu_planetlab1.tamu.edu_15959 4	96972.959000	0.526000	0.033000	0.000000	96973.518000	33017	16
planetlab4.wail.wisc.edu_planetlab1.tamu.edu_15969 4	97100.572000	0.827000	0.026000	0.000000	97101.425000	33018	16
planetlab4.wail.wisc.edu_planetlab1.tamu.edu_15976 4	97146.755000	0.466000	0.029000	0.000000	97147.250000	33019	16
planetlab4.wail.wisc.edu_planetlab1.tamu.edu_15978 4	97165.984000	0.243000	0.034000	0.000000	97166.261000	33020	16
pl1.rcc.uottawa.ca_planetlab1.tamu.edu_19902 3	24668.798000	72766.607000	0.034000	0.000000	97435.439000	33024	0
pl1.rcc.uottawa.ca_planetlab1.tamu.edu_19975 3	24766.572000	72929.145000	0.033000	0.000000	97695.750000	33025	0
pl1.rcc.uottawa.ca_planetlab1.tamu.edu_20000 3	24800.422000	72971.690000	0.034000	0.000000	97772.146000	33026	0
planetlab4.wail.wisc.edu_planetlab1.tamu.edu_16055 4	97800.585000	0.581000	0.039000	0.000000	97801.205000	33027	16
pl1.rcc.uottawa.ca_planetlab1.tamu.edu_20009 3	24815.375000	72990.961000	0.040000	0.000000	97806.376000	33028	0
roam2.cs.ou.edu_planetlab1.tamu.edu_9716 5	97901.860000	1.068000	0.019000	0.000000	97902.947000	33013	48
pl1.rcc.uottawa.ca_planetlab1.tamu.edu_20045 3	24868.868000	73100.818000	0.020000	0.000000	97969.706000	33032	0
planetlab4.wail.wisc.edu_planetlab1.tamu.edu_16094 4	98162.974000	0.689000	0.037000	0.000000	98163.700000	33036	16
pl1.rcc.uottawa.ca_planetlab1.tamu.edu_20161 3	25051.181000	73305.917000	0.021000	0.000000	98357.119000	33040	0
planetlab4.wail.wisc.edu_planetlab1.tamu.edu_16135 4	98573.970000	0.397000	0.039000	0.000000	98574.406000	33041	16
planetlab4.wail.wisc.edu_planetlab1.tamu.edu_16142 4	98596.564000	0.793000	0.040000	0.000000	98597.397000	33042	16
planetlab4.wail.wisc.edu_planetlab1.tamu.edu_16160 4	98721.052000	0.264000	0.033000	0.000000	98721.349000	33043	16
planetlab4.wail.wisc.edu_planetlab1.tamu.edu_16205 4	98980.236000	0.607000	0.030000	0.000000	98980.873000	33047	16
planetlab4.wail.wisc.edu_planetlab1.tamu.edu_16223 4	99097.358000	0.489000	0.019000	0.000000	99097.866000	33049	16
planetlab4.wail.wisc.edu_planetlab1.tamu.edu_16248 4	99372.065000	0.408000	0.037000	0.000000	99372.510000	33051	16
planetlab4.wail.wisc.edu_planetlab1.tamu.edu_16276 4	99605.163000	0.390000	0.032000	0.000000	99605.585000	32953	16
pl1.rcc.uottawa.ca_planetlab1.tamu.edu_20530 3	25646.200000	74092.203000	0.029000	0.000000	99738.432000	33056	0
planetlab4.wail.wisc.edu_planetlab1.tamu.edu_16299 4	99790.268000	0.928000	0.035000	0.000000	99791.231000	33057	16
planetlab4.wail.wisc.edu_planetlab1.tamu.edu_16323 4	99969.968000	0.858000	0.024000	0.000000	99970.850000	33058	16
planetlab4.wail.wisc.edu_planetlab1.tamu.edu_16351 4	100232.432000	0.602000	0.033000	0.000000	100233.067000	33059	16
planetlab4.wail.wisc.edu_planetlab1.tamu.edu_16385 4	100445.150000	2.103000	0.023000	0.000000	100447.276000	33060	16
planetlab4.wail.wisc.edu_planetlab1.tamu.edu_16405 4	100568.387000	2.066000	0.039000	0.000000	100570.492000	33061	16
planetlab4.wail.wisc.edu_planetlab1.tamu.edu_16407 4	100575.996000	0.050000	0.030000	0.000000	100576.076000	33063	16
planetlab4.wail.wisc.edu_planetlab1.tamu.edu_16491 4	101391.727000	0.442000	0.037000	0.000000	101392.206000	33067	16
planetlab4.wail.wisc.edu_planetlab1.tamu.edu_16495 4	101421.729000	0.314000	0.032000	0.000000	101422.075000	33068	16
planetlab4.wail.wisc.edu_planetlab1.tamu.edu_16525 4	101636.618000	0.332000	0.042000	0.000000	101636.992000	33069	16
roam2.cs.ou.edu_planetlab1.tamu.edu_9835 5	101711.264000	0.373000	0.033000	0.000000	101711.670000	32980	48
planetlab4.wail.wisc.edu_planetlab1.tamu.edu_16535 4	101721.173000	0.420000	0.025000	0.000000	101721.618000	32979	16
planetlab4.wail.wisc.edu_planetlab1.tamu.edu_16543 4	101763.079000	1.176000	0.029000	0.000000	101764.284000	33070	16
planetlab4.wail.wisc.edu_planetlab1.tamu.edu_16578 4	102045.689000	1.038000	0.031000	0.000000	102046.758000	33072	16
planetlab4.wail.wisc.edu_planetlab1.tamu.edu_16595 4	102320.687000	0.320000	0.034000	0.000000	102321.041000	33073	16
planetlab4.wail.wisc.edu_planetlab1.tamu.edu_16608 4	102472.072000	0.247000	0.024000	0.000000	102472.343000	33074	16
planetlab4.wail.wisc.edu_planetlab1.tamu.edu_16610 4	102473.454000	2.053000	0.106000	0.000000	102475.613000	33075	16
planetlab4.wail.wisc.edu_planetlab1.tamu.edu_16642 4	102726.764000	1.950000	0.034000	0.000000	102728.748000	33077	16
planetlab4.wail.wisc.edu_planetlab1.tamu.edu_16644 4	102740.514000	0.139000	0.033000	0.000000	102740.686000	33078	16
planetlab4.wail.wisc.edu_planetlab1.tamu.edu_16654 4	102824.948000	0.766000	0.034000	0.000000	102825.748000	33079	16
planetlab4.wail.wisc.edu_planetlab1.tamu.edu_16690 4	103059.398000	0.904000	0.034000	0.000000	103060.336000	33081	16
planetlab4.wail.wisc.edu_planetlab1.tamu.edu_16704 4	103189.021000	2.588000	0.024000	0.000000	103191.633000	33082	16
planetlab4.wail.wisc.edu_planetlab1.tamu.edu_16732 4	103569.828000	1.008000	0.036000	0.000000	103570.872000	33083	16
planetlab4.wail.wisc.edu_planetlab1.tamu.edu_16754 4	103717.580000	0.776000	0.019000	0.000000	103718.375000	33084	16
pl1.rcc.uottawa.ca_planetlab1.tamu.edu_21755 3	27528.539000	76365.656000	0.018000	0.000000	103894.213000	33086	0
planetlab4.wail.wisc.edu_planetlab1.tamu.edu_16798 4	104030.093000	1.245000	0.037000	0.000000	104031.375000	33087	16
pl1.rcc.uottawa.ca_planetlab1.tamu.edu_21827 3	27627.484000	76482.820000	0.021000	0.000000	104110.325000	33088	0
planetlab4.wail.wisc.edu_planetlab1.tamu.edu_16835 4	104388.382000	0.107000	0.032000	0.000000	104388.521000	33094	16
planetlab4.wail.wisc.edu_planetlab1.tamu.edu_16850 4	104559.341000	0.607000	0.022000	0.000000	104559.970000	33097	16
pl1.rcc.uottawa.ca_planetlab1.tamu.edu_21934 3	27813.182000	76823.096000	0.037000	0.000000	104636.315000	33099	0
planetlab4.wail.wisc.edu_planetlab1.tamu.edu_16862 4	104826.222000	0.740000	0.033000	0.000000	104826.995000	33104	16
planetlab4.wail.wisc.edu_planetlab1.tamu.edu_16866 4	104865.906000	0.042000	0.025000	0.000000	104865.973000	33105	16
planetlab4.wail.wisc.edu_planetlab1.tamu.edu_16895 4	105124.643000	1.755000	0.033000	0.000000	105126.431000	33107	16
planetlab4.wail.wisc.edu_planetlab1.tamu.edu_16929 4	105392.540000	0.932000	0.035000	0.000000	105393.507000	33112	16
planetlab4.wail.wisc.edu_planetlab1.tamu.edu_16931 4	105399.260000	0.111000	0.035000	0.000000	105399.406000	33113	16
planetlab4.wail.wisc.edu_planetlab1.tamu.edu_16964 4	105607.868000	0.532000	0.297000	0.000000	105608.697000	33115	16
planetlab4.wail.wisc.edu_planetlab1.tamu.edu_16984 4	105780.908000	0.750000	0.037000	0.000000	105781.695000	33117	16
planetlab4.wail.wisc.edu_planetlab1.tamu.edu_17047 4	106081.902000	34.041000	0.034000	0.000000	106115.977000	33123	16
planetlab4.wail.wisc.edu_planetlab1.tamu.edu_17090 4	106401.598000	10.923000	0.034000	0.000000	106412.555000	33064	16
node1.planetlab.albany.edu_planetlab1.tamu.edu_20011 4	106942.627000	0.525000	0.038000	0.000000	106943.190000	33126	32
planetlab4.wail.wisc.edu_planetlab1.tamu.edu_17153 4	106969.238000	34.905000	0.028000	0.000000	107004.171000	33127	16
planetlab4.wail.wisc.edu_planetlab1.tamu.edu_17195 4	107116.579000	299.386000	0.031000	0.000000	107415.996000	33132	16
planetlab4.wail.wisc.edu_planetlab1.tamu.edu_17261 4	107565.961000	248.159000	0.031000	0.000000	107814.151000	33137	16
planetlab4.wail.wisc.edu_planetlab1.tamu.edu_17292 4	107759.803000	243.313000	0.025000	0.000000	108003.141000	33138	16
planetlab4.wail.wisc.edu_planetlab1.tamu.edu_17298 4	107800.877000	226.734000	0.037000	0.000000	108027.648000	33139	16
planetlab4.wail.wisc.edu_planetlab1.tamu.edu_17334 4	108004.923000	263.311000	0.039000	0.000000	108268.273000	33143	16
planetlab4.wail.wisc.edu_planetlab1.tamu.edu_17348 4	108122.387000	211.197000	0.042000	0.000000	108333.626000	33145	16
planetlab4.wail.wisc.edu_planetlab1.tamu.edu_17350 4	108125.783000	226.610000	0.028000	0.000000	108352.421000	33147	16
roam2.cs.ou.edu_planetlab1.tamu.edu_9935 5	108459.319000	0.375000	0.038000	0.000000	108459.732000	33149	48
pl1.rcc.uottawa.ca_planetlab1.tamu.edu_23091 3	30223.315000	78471.730000	0.033000	0.000000	108695.078000	33152	0
planetlab4.wail.wisc.edu_planetlab1.tamu.edu_17433 4	108771.838000	74.807000	0.035000	0.000000	108846.680000	33153	16
planetlab4.wail.wisc.edu_planetlab1.tamu.edu_17453 4	108920.251000	0.412000	0.037000	0.000000	108920.700000	33154	16
planetlab4.wail.wisc.edu_planetlab1.tamu.edu_17467 4	108994.246000	19.864000	0.025000	0.000000	109014.135000	33155	16
planetlab4.wail.wisc.edu_planetlab1.tamu.edu_17508 4	109184.806000	122.201000	0.033000	0.000000	109307.040000	33158	16
planetlab4.wail.wisc.edu_planetlab1.tamu.edu_17512 4	109188.630000	150.930000	0.027000	0.000000	109339.587000	33159	16
planetlab4.wail.wisc.edu_planetlab1.tamu.edu_17524 4	109239.584000	145.814000	0.034000	0.000000	109385.432000	33163	16
planetlab4.wail.wisc.edu_planetlab1.tamu.edu_17534 4	109325.358000	113.975000	0.023000	0.000000	109439.356000	33165	16
planetlab4.wail.wisc.edu_planetlab1.tamu.edu_17558 4	109486.602000	40.879000	0.039000	0.000000	109527.520000	33168	16
planetlab4.wail.wisc.edu_planetlab1.tamu.edu_17626 4	109896.860000	0.049000	0.034000	0.000000	109896.943000	33170	16
planetlab4.wail.wisc.edu_planetlab1.tamu.edu_17654 4	110014.764000	0.098000	0.027000	0.000000	110014.889000	33169	16
planetlab4.wail.wisc.edu_planetlab1.tamu.edu_17663 4	110058.609000	0.047000	0.040000	0.000000	110058.696000	33171	16
planetlab4.wail.wisc.edu_planetlab1.tamu.edu_17667 4	110151.259000	0.103000	0.038000	0.000000	110151.400000	33173	16
planetlab4.wail.wisc.edu_planetlab1.tamu.edu_17675 4	110221.715000	0.583000	0.025000	0.000000	110222.323000	33174	16
planetlab4.wail.wisc.edu_planetlab1.tamu.edu_17673 4	110222.257000	1.155000	0.029000	0.000000	110223.441000	33175	16
planetlab4.wail.wisc.edu_planetlab1.tamu.edu_17704 4	110442.573000	0.097000	0.037000	0.000000	110442.707000	33177	16
planetlab4.wail.wisc.edu_planetlab1.tamu.edu_17708 4	110449.394000	0.416000	0.027000	0.000000	110449.837000	33178	16
planetlab4.wail.wisc.edu_planetlab1.tamu.edu_17720 4	110515.746000	0.041000	0.027000	0.000000	110515.814000	33179	16
planetlab4.wail.wisc.edu_planetlab1.tamu.edu_17728 4	110591.879000	1.121000	0.030000	0.000000	110593.030000	33183	16
planetlab4.wail.wisc.edu_planetlab1.tamu.edu_17748 4	110695.542000	0.043000	0.034000	0.000000	110695.619000	33185	16
planetlab4.wail.wisc.edu_planetlab1.tamu.edu_17766 4	110829.532000	0.384000	0.036000	0.000000	110829.952000	33189	16
planetlab4.wail.wisc.edu_planetlab1.tamu.edu_17770 4	110853.587000	0.628000	0.029000	0.000000	110854.244000	33190	16
planetlab4.wail.wisc.edu_planetlab1.tamu.edu_17785 4	110919.763000	0.201000	0.036000	0.000000	110920.000000	33191	16
planetlab4.wail.wisc.edu_planetlab1.tamu.edu_17848 4	111395.596000	0.802000	0.032000	0.000000	111396.430000	33193	16
planetlab4.wail.wisc.edu_planetlab1.tamu.edu_17925 4	111760.841000	0.190000	0.107000	0.000000	111761.138000	33194	16
planetlab4.wail.wisc.edu_planetlab1.tamu.edu_17970 4	112003.985000	0.542000	0.034000	0.000000	112004.561000	33195	16
planetlab4.wail.wisc.edu_planetlab1.tamu.edu_18086 4	112427.281000	15.311000	0.035000	0.000000	112442.627000	33196	16
planetlab4.wail.wisc.edu_planetlab1.tamu.edu_18131 4	112654.169000	0.043000	0.033000	0.000000	112654.245000	33199	16
planetlab4.wail.wisc.edu_planetlab1.tamu.edu_18269 4	113190.739000	0.036000	0.044000	0.000000	113190.819000	33200	16
planetlab4.wail.wisc.edu_planetlab1.tamu.edu_18360 4	113759.789000	0.113000	0.036000	0.000000	113759.938000	33201	16
planetlab4.wail.wisc.edu_planetlab1.tamu.edu_18461 4	114258.197000	0.094000	0.028000	0.000000	114258.319000	33202	16
planetlab4.wail.wisc.edu_planetlab1.tamu.edu_18546 4	114530.857000	54.307000	0.026000	0.000000	114585.190000	33203	16
planetlab4.wail.wisc.edu_planetlab1.tamu.edu_18631 4	114758.025000	51.032000	0.027000	0.000000	114809.084000	33204	16
planetlab4.wail.wisc.edu_planetlab1.tamu.edu_18639 4	114767.021000	63.489000	0.025000	0.000000	114830.535000	33205	16
planetlab4.wail.wisc.edu_planetlab1.tamu.edu_18647 4	114782.852000	65.397000	0.019000	0.000000	114848.268000	33184	16
planetlab4.wail.wisc.edu_planetlab1.tamu.edu_18657 4	114808.932000	65.649000	0.020000	0.000000	114874.601000	33206	16
planetlab4.wail.wisc.edu_planetlab1.tamu.edu_18670 4	114846.598000	58.396000	0.030000	0.000000	114905.024000	33207	16
planetlab4.wail.wisc.edu_planetlab1.tamu.edu_18674 4	114854.553000	59.304000	0.026000	0.000000	114913.883000	33208	16
planetlab4.wail.wisc.edu_planetlab1.tamu.edu_18682 4	114877.579000	53.271000	0.026000	0.000000	114930.876000	33186	16
planetlab4.wail.wisc.edu_planetlab1.tamu.edu_18690 4	114894.625000	51.793000	0.024000	0.000000	114946.442000	33209	16
planetlab4.wail.wisc.edu_planetlab1.tamu.edu_18696 4	114911.957000	57.672000	0.029000	0.000000	114969.658000	33187	16
planetlab4.wail.wisc.edu_planetlab1.tamu.edu_18714 4	114961.498000	58.155000	0.030000	0.000000	115019.683000	33210	16
planetlab4.wail.wisc.edu_planetlab1.tamu.edu_18722 4	115025.972000	14.577000	0.032000	0.000000	115040.581000	33211	16
planetlab4.wail.wisc.edu_planetlab1.tamu.edu_18732 4	115076.975000	0.039000	0.030000	0.000000	115077.044000	33213	16
planetlab4.wail.wisc.edu_planetlab1.tamu.edu_18742 4	115099.220000	1.360000	0.026000	0.000000	115100.606000	33214	16
planetlab4.wail.wisc.edu_planetlab1.tamu.edu_18750 4	115128.421000	4.380000	0.025000	0.000000	115132.826000	33215	16
planetlab4.wail.wisc.edu_planetlab1.tamu.edu_18760 4	115174.577000	2.012000	0.040000	0.000000	115176.629000	33218	16
planetlab4.wail.wisc.edu_planetlab1.tamu.edu_18766 4	115197.359000	0.316000	0.024000	0.000000	115197.699000	33219	16
planetlab4.wail.wisc.edu_planetlab1.tamu.edu_18768 4	115202.859000	0.383000	0.028000	0.000000	115203.270000	33220	16
planetlab4.wail.wisc.edu_planetlab1.tamu.edu_18784 4	115267.413000	0.097000	0.029000	0.000000	115267.539000	33222	16
planetlab4.wail.wisc.edu_planetlab1.tamu.edu_18788 4	115273.902000	0.211000	0.024000	0.000000	115274.137000	33223	16
planetlab4.wail.wisc.edu_planetlab1.tamu.edu_18803 4	115327.845000	0.362000	0.027000	0.000000	115328.234000	33230	16
planetlab4.wail.wisc.edu_planetlab1.tamu.edu_18817 4	115374.048000	0.123000	0.034000	0.000000	115374.205000	33231	16
planetlab4.wail.wisc.edu_planetlab1.tamu.edu_18821 4	115397.418000	0.272000	0.029000	0.000000	115397.719000	33233	16
planetlab4.wail.wisc.edu_planetlab1.tamu.edu_18836 4	115447.830000	1.200000	0.032000	0.000000	115449.062000	33234	16
planetlab4.wail.wisc.edu_planetlab1.tamu.edu_18842 4	115460.113000	0.442000	0.030000	0.000000	115460.585000	33235	16
pl1.rcc.uottawa.ca_planetlab1.tamu.edu_25008 3	37775.515000	77689.012000	0.022000	0.000000	115464.549000	33236	0
planetlab4.wail.wisc.edu_planetlab1.tamu.edu_18862 4	115527.889000	0.333000	0.036000	0.000000	115528.258000	33238	16
roam2.cs.ou.edu_planetlab1.tamu.edu_10115 5	115545.678000	0.268000	0.036000	0.000000	115545.982000	33237	48
planetlab4.wail.wisc.edu_planetlab1.tamu.edu_18876 4	115549.109000	12.984000	0.035000	0.000000	115562.128000	33239	16
planetlab4.wail.wisc.edu_planetlab1.tamu.edu_18889 4	115570.677000	39.058000	0.036000	0.000000	115609.771000	33241	16
planetlab4.wail.wisc.edu_planetlab1.tamu.edu_18901 4	115619.909000	7.837000	0.032000	0.000000	115627.778000	33243	16
planetlab4.wail.wisc.edu_planetlab1.tamu.edu_18942 4	115764.766000	0.441000	0.022000	0.000000	115765.229000	33250	16
planetlab4.wail.wisc.edu_planetlab1.tamu.edu_18940 4	115768.414000	2.540000	0.038000	0.000000	115770.992000	33249	16
planetlab4.wail.wisc.edu_planetlab1.tamu.edu_18944 4	115771.985000	1.291000	0.032000	0.000000	115773.308000	33251	16
planetlab4.wail.wisc.edu_planetlab1.tamu.edu_18965 4	115819.588000	2.565000	0.041000	0.000000	115822.194000	33254	16
planetlab4.wail.wisc.edu_planetlab1.tamu.edu_18966 4	115819.575000	7.984000	0.014000	0.000000	115827.573000	33255	16
planetlab4.wail.wisc.edu_planetlab1.tamu.edu_18996 4	115916.730000	0.364000	0.033000	0.000000	115917.127000	33259	16
planetlab4.wail.wisc.edu_planetlab1.tamu.edu_19016 4	115969.581000	3.798000	0.027000	0.000000	115973.406000	33264	16
planetlab4.wail.wisc.edu_planetlab1.tamu.edu_19037 4	116022.156000	10.133000	0.026000	0.000000	116032.315000	33265	16
planetlab4.wail.wisc.edu_planetlab1.tamu.edu_19039 4	116029.796000	14.239000	0.030000	0.000000	116044.065000	33266	16
planetlab4.wail.wisc.edu_planetlab1.tamu.edu_19047 4	116048.654000	16.802000	0.029000	0.000000	116065.485000	33267	16
planetlab4.wail.wisc.edu_planetlab1.tamu.edu_19053 4	116060.678000	17.462000	0.022000	0.000000	116078.162000	33269	16
planetlab4.wail.wisc.edu_planetlab1.tamu.edu_19071 4	116107.767000	10.706000	0.088000	0.000000	116118.561000	33270	16
planetlab4.wail.wisc.edu_planetlab1.tamu.edu_19075 4	116112.733000	34.581000	0.024000	0.000000	116147.338000	33271	16
planetlab4.wail.wisc.edu_planetlab1.tamu.edu_19077 4	116113.332000	37.696000	0.017000	0.000000	116151.045000	33272	16
planetlab4.wail.wisc.edu_planetlab1.tamu.edu_19084 4	116132.161000	29.489000	0.024000	0.000000	116161.674000	33273	16
planetlab4.wail.wisc.edu_planetlab1.tamu.edu_19090 4	116135.240000	45.680000	0.021000	0.000000	116180.941000	33274	16
planetlab4.wail.wisc.edu_planetlab1.tamu.edu_19099 4	116155.345000	46.311000	0.018000	0.000000	116201.674000	33275	16
pl1.rcc.uottawa.ca_planetlab1.tamu.edu_25252 3	38508.255000	77697.963000	0.025000	0.000000	116206.243000	33280	0
pl1.rcc.uottawa.ca_planetlab1.tamu.edu_25257 3	38518.927000	77708.140000	0.022000	0.000000	116227.089000	33281	0
pl1.rcc.uottawa.ca_planetlab1.tamu.edu_25259 3	38519.885000	77709.191000	0.012000	0.000000	116229.088000	33282	0
planetlab4.wail.wisc.edu_planetlab1.tamu.edu_19123 4	116204.070000	59.595000	0.023000	0.000000	116263.688000	33279	16
planetlab1.cs.uiuc.edu_planetlab1.tamu.edu_8633 4	47019.196000	83799.886000	0.026000	0.000000	130819.108000	32676	128
planetlab1.cs.uiuc.edu_planetlab1.tamu.edu_8638 4	47180.015000	83701.665000	0.033000	0.000000	130881.713000	32687	128
planetlab1.cs.uiuc.edu_planetlab1.tamu.edu_8696 4	50439.856000	80848.611000	0.023000	0.000000	131288.490000	32708	128
planetlab1.cs.uiuc.edu_planetlab1.tamu.edu_8699 4	50630.969000	80716.184000	0.022000	0.000000	131347.175000	32730	128
planetlab1.cs.uiuc.edu_planetlab1.tamu.edu_8702 4	50698.128000	80689.388000	0.049000	0.000000	131387.565000	32736	128
planetlab1.cs.uiuc.edu_planetlab1.tamu.edu_8703 4	50743.646000	80645.918000	0.018000	0.000000	131389.582000	32740	128
planetlab1.cs.uiuc.edu_planetlab1.tamu.edu_8704 4	50754.478000	80657.647000	0.023000	0.000000	131412.148000	32741	128
planetlab1.cs.uiuc.edu_planetlab1.tamu.edu_8705 4	50757.215000	80656.777000	0.017000	0.000000	131414.009000	32742	128
planetlab1.cs.uiuc.edu_planetlab1.tamu.edu_8706 4	50787.357000	80640.544000	0.019000	0.000000	131427.920000	32748	128
planetlab1.cs.uiuc.edu_planetlab1.tamu.edu_8710 4	50892.880000	80582.221000	0.021000	0.000000	131475.122000	32756	128
planetlab1.cs.uiuc.edu_planetlab1.tamu.edu_8908 4	68804.483000	69026.585000	0.028000	0.000000	137831.096000	33005	128
planetlab1.cs.uiuc.edu_planetlab1.tamu.edu_8989 4	73641.625000	66275.375000	0.025000	0.000000	139917.025000	33133	128
planetlab1.cs.uiuc.edu_planetlab1.tamu.edu_9027 4	77392.989000	64514.465000	0.025000	0.000000	141907.479000	33197	128
planetlab1.cs.uiuc.edu_planetlab1.tamu.edu_9030 4	77437.807000	64521.394000	0.020000	0.000000	141959.221000	33229	128
planetlab1.cs.uiuc.edu_planetlab1.tamu.edu_9031 4	77483.895000	64509.064000	0.019000	0.000000	141992.978000	33253	128
planetlab1.cs.uiuc.edu_planetlab1.tamu.edu_9035 4	77569.392000	64500.982000	0.020000	0.000000	142070.394000	33257	128
planetlab1.cs.uiuc.edu_planetlab1.tamu.edu_9036 4	77575.652000	64495.391000	0.017000	0.000000	142071.060000	33260	128
planetlab1.cs.uiuc.edu_planetlab1.tamu.edu_9039 4	77612.811000	64461.803000	20.977000	0.000000	142095.591000	33261	128
planetlab1.cs.uiuc.edu_planetlab1.tamu.edu_9040 4	77616.994000	64481.422000	0.053000	0.000000	142098.469000	33263	128
planetlab1.cs.uiuc.edu_planetlab1.tamu.edu_9042 4	77677.953000	64452.855000	0.019000	0.000000	142130.827000	33277	128
planetlab01.sys.virginia.edu_planetlab1.tamu.edu_4741 5	132444.111000	61713.075000	0.068000	0.000000	194157.254000	32782	144
planetlab01.sys.virginia.edu_planetlab1.tamu.edu_4744 5	132502.489000	61656.140000	0.085000	0.000000	194158.714000	32790	144
planetlab01.sys.virginia.edu_planetlab1.tamu.edu_4749 5	132518.699000	61763.828000	0.029000	0.000000	194282.556000	32796	144
planetlab01.sys.virginia.edu_planetlab1.tamu.edu_4748 5	132541.035000	61742.714000	0.042000	0.000000	194283.791000	32794	144
planetlab01.sys.virginia.edu_planetlab1.tamu.edu_4751 5	132544.307000	61740.534000	0.172000	0.000000	194285.013000	32798	144
planetlab01.sys.virginia.edu_planetlab1.tamu.edu_4753 5	132618.644000	61739.828000	0.044000	0.000000	194358.516000	32799	144
planetlab01.sys.virginia.edu_planetlab1.tamu.edu_4755 5	132684.807000	61674.104000	0.053000	0.000000	194358.964000	32811	144
planetlab01.sys.virginia.edu_planetlab1.tamu.edu_4765 5	132857.447000	61607.793000	0.055000	0.000000	194465.295000	32830	144
planetlab01.sys.virginia.edu_planetlab1.tamu.edu_4772 5	132847.905000	61755.887000	0.030000	0.000000	194603.822000	32842	144
planetlab01.sys.virginia.edu_planetlab1.tamu.edu_4771 5	133059.163000	61583.453000	0.039000	0.000000	194642.655000	32838	144
planetlab01.sys.virginia.edu_planetlab1.tamu.edu_4775 5	133075.695000	61712.170000	0.063000	0.000000	194787.928000	32846	144
planetlab01.sys.virginia.edu_planetlab1.tamu.edu_4773 5	132989.051000	61800.209000	0.032000	0.000000	194789.292000	32844	144
planetlab01.sys.virginia.edu_planetlab1.tamu.edu_4778 5	133226.065000	61602.642000	0.060000	0.000000	194828.767000	32847	144
planetlab01.sys.virginia.edu_planetlab1.tamu.edu_4779 5	133223.541000	61643.109000	0.030000	0.000000	194866.680000	32850	144
planetlab01.sys.virginia.edu_planetlab1.tamu.edu_4781 5	133316.537000	61551.230000	0.064000	0.000000	194867.831000	32852	144
planetlab01.sys.virginia.edu_planetlab1.tamu.edu_4783 5	133279.935000	61625.567000	0.038000	0.000000	194905.540000	32854	144
planetlab01.sys.virginia.edu_planetlab1.tamu.edu_4785 5	133357.447000	61592.585000	0.056000	0.000000	194950.088000	32855	144
planetlab01.sys.virginia.edu_planetlab1.tamu.edu_4789 5	133464.532000	61521.681000	0.054000	0.000000	194986.267000	32858	144
planetlab01.sys.virginia.edu_planetlab1.tamu.edu_4787 5	133490.835000	61495.529000	0.055000	0.000000	194986.419000	32856	144
planetlab01.sys.virginia.edu_planetlab1.tamu.edu_4791 5	133465.020000	61521.428000	0.035000	0.000000	194986.483000	32859	144
planetlab01.sys.virginia.edu_planetlab1.tamu.edu_4795 5	133846.851000	61234.546000	0.069000	0.000000	195081.466000	32860	144
planetlab01.sys.virginia.edu_planetlab1.tamu.edu_4793 5	133785.441000	61296.076000	0.060000	0.000000	195081.577000	32861	144
planetlab01.sys.virginia.edu_planetlab1.tamu.edu_4797 5	133735.206000	61346.394000	0.068000	0.000000	195081.668000	32862	144
planetlab01.sys.virginia.edu_planetlab1.tamu.edu_4805 5	133849.073000	61361.079000	0.041000	0.000000	195210.193000	32863	144
planetlab01.sys.virginia.edu_planetlab1.tamu.edu_4801 5	133950.985000	61259.299000	0.057000	0.000000	195210.341000	32878	144
planetlab01.sys.virginia.edu_planetlab1.tamu.edu_4808 5	134389.174000	60932.742000	0.068000	0.000000	195321.984000	32886	144
planetlab01.sys.virginia.edu_planetlab1.tamu.edu_4810 5	134350.998000	60971.779000	0.054000	0.000000	195322.831000	32890	144
planetlab01.sys.virginia.edu_planetlab1.tamu.edu_4812 5	134351.831000	60971.042000	0.032000	0.000000	195322.905000	32892	144
planetlab01.sys.virginia.edu_planetlab1.tamu.edu_4816 5	134679.991000	60837.037000	0.047000	0.000000	195517.075000	32895	144
planetlab01.sys.virginia.edu_planetlab1.tamu.edu_4814 5	134761.250000	60824.964000	0.062000	0.000000	195586.276000	32894	144
planetlab01.sys.virginia.edu_planetlab1.tamu.edu_4836 5	135312.504000	60566.250000	0.067000	0.000000	195878.821000	32926	144
planetlab01.sys.virginia.edu_planetlab1.tamu.edu_4878 5	136230.888000	60376.471000	0.042000	0.000000	196607.401000	32948	144
planetlab01.sys.virginia.edu_planetlab1.tamu.edu_4888 5	136661.378000	60200.267000	0.068000	0.000000	196861.713000	32961	144
planetlab01.sys.virginia.edu_planetlab1.tamu.edu_4894 5	136817.081000	60187.736000	0.075000	0.000000	197004.892000	32974	144
planetlab01.sys.virginia.edu_planetlab1.tamu.edu_4898 5	136888.319000	60231.003000	0.035000	0.000000	197119.357000	32982	144
planetlab01.sys.virginia.edu_planetlab1.tamu.edu_4904 5	136843.459000	60276.237000	0.091000	0.000000	197119.787000	32990	144
planetlab01.sys.virginia.edu_planetlab1.tamu.edu_4900 5	136881.819000	60239.040000	0.056000	0.000000	197120.915000	32986	144
planetlab01.sys.virginia.edu_planetlab1.tamu.edu_4902 5	136977.766000	60245.342000	0.063000	0.000000	197223.171000	32988	144
planetlab01.sys.virginia.edu_planetlab1.tamu.edu_4906 5	136998.133000	60256.958000	0.057000	0.000000	197255.148000	32991	144
planetlab01.sys.virginia.edu_planetlab1.tamu.edu_5003 5	139585.295000	59183.270000	0.072000	0.000000	198768.637000	33022	144
planetlab01.sys.virginia.edu_planetlab1.tamu.edu_5007 5	139648.939000	59205.049000	0.035000	0.000000	198854.023000	33045	144
planetlab01.sys.virginia.edu_planetlab1.tamu.edu_5012 5	139930.788000	58980.560000	0.069000	0.000000	198911.417000	33054	144
planetlab01.sys.virginia.edu_planetlab1.tamu.edu_5016 5	140004.413000	58906.959000	0.059000	0.000000	198911.431000	33102	144
planetlab01.sys.virginia.edu_planetlab1.tamu.edu_5019 5	140086.451000	58852.128000	0.065000	0.000000	198938.644000	33110	144
planetlab01.sys.virginia.edu_planetlab1.tamu.edu_5022 5	140252.641000	58782.727000	0.059000	0.000000	199035.427000	33116	144
planetlab01.sys.virginia.edu_planetlab1.tamu.edu_5027 5	140363.006000	58672.683000	0.028000	0.000000	199035.717000	33119	144
planetlab01.sys.virginia.edu_planetlab1.tamu.edu_5020 5	140102.478000	58934.367000	0.031000	0.000000	199036.876000	33114	144
planetlab01.sys.virginia.edu_planetlab1.tamu.edu_5026 5	140656.691000	58671.368000	0.063000	0.000000	199328.122000	33118	144
planetlab01.sys.virginia.edu_planetlab1.tamu.edu_5028 5	140720.081000	58672.791000	0.027000	0.000000	199392.899000	33120	144
planetlab01.sys.virginia.edu_planetlab1.tamu.edu_5094 5	142288.831000	58833.324000	0.037000	0.000000	201122.192000	33150	144
planetlab01.sys.virginia.edu_planetlab1.tamu.edu_5102 5	142365.443000	58940.846000	0.057000	0.000000	201306.346000	33162	144
planetlab01.sys.virginia.edu_planetlab1.tamu.edu_5115 5	142636.001000	58778.273000	0.060000	0.000000	201414.334000	33246	144
planetlab1.mnlab.cti.depaul.edu_planetlab1.tamu.edu_1193 3	261.472000	219855.831000	0.015000	0.000000	220117.318000	32659	1088
planetlab2.acis.ufl.edu_planetlab1.tamu.edu_7174 5	220307.699000	0.034000	0.050000	0.000000	220307.783000	32678	1056
planetlab4.rutgers.edu_planetlab1.tamu.edu_9039 4	220385.497000	0.188000	0.037000	0.000000	220385.722000	32700	1024
planetlab1.mnlab.cti.depaul.edu_planetlab1.tamu.edu_1274 3	6955.711000	216766.030000	0.017000	0.000000	223721.758000	32791	1088
planetlab4.rutgers.edu_planetlab1.tamu.edu_9481 4	223845.174000	19.037000	0.022000	0.000000	223864.233000	32814	1024
planetlab1.mnlab.cti.depaul.edu_planetlab1.tamu.edu_1277 3	7025.175000	216872.174000	0.013000	0.000000	223897.362000	32866	1088
planetlab4.rutgers.edu_planetlab1.tamu.edu_9487 4	223858.853000	47.368000	0.028000	0.000000	223906.249000	32824	1024
planetlab4.rutgers.edu_planetlab1.tamu.edu_9507 4	224092.349000	26.753000	0.039000	0.000000	224119.141000	32845	1024
