nodeb.howard.edu_nodeb.howard.edu_508 0	638.467041	638.233000	0.012000	0.000000	638.467041	58875	2304	s	1357340733000.631104
nodeb.howard.edu_nodeb.howard.edu_588 0	1315.058838	1314.905000	0.013000	0.000000	1315.058838	58952	2304	s	1357340733678.607910
nodea.howard.edu_nodeb.howard.edu_527 2	1319.072021	0.053000	0.017000	0.000000	1319.072021	58940	3072	s	1357340733682.008057
nodeb.howard.edu_nodeb.howard.edu_768 0	2845.486084	2845.269000	0.010000	0.000000	2845.486084	59131	2304	s	1357340735211.228027
nodeb.howard.edu_nodeb.howard.edu_901 0	3972.366943	3972.210000	0.010000	0.000000	3972.366943	59259	2304	s	1357340736339.939941
nodeb.howard.edu_nodeb.howard.edu_966 0	4523.853027	4523.621000	0.011000	0.000000	4523.853027	59323	2304	s	1357340736892.187012
nodeb.howard.edu_nodeb.howard.edu_999 0	4751.122070	4750.676000	0.012000	0.000000	4751.122070	59355	2304	s	1357340737119.860107
nodeb.howard.edu_nodeb.howard.edu_1016 0	4845.233887	4845.020000	0.011000	0.000000	4845.233887	59371	2304	s	1357340737214.179932
nodeb.howard.edu_nodeb.howard.edu_1025 0	4901.001953	4900.840000	0.010000	0.000000	4901.001953	59379	2304	s	1357340737270.054932
nodeb.howard.edu_nodeb.howard.edu_1032 0	4937.750000	4937.322000	0.010000	0.000000	4937.750000	59385	2304	s	1357340737306.878906
nodeb.howard.edu_nodeb.howard.edu_1034 0	4937.775879	4937.418000	0.011000	0.000000	4937.775879	59386	2304	s	1357340737306.919922
nodeb.howard.edu_nodeb.howard.edu_1036 0	4937.789062	4937.467000	0.009000	0.000000	4937.789062	59387	2304	s	1357340737306.948975
nodeb.howard.edu_nodeb.howard.edu_1041 0	4966.729980	4966.512000	0.011000	0.000000	4966.729980	59391	2304	s	1357340737335.946045
nodea.howard.edu_nodeb.howard.edu_1392 2	8879.366943	3646.464000	0.019000	0.000000	8879.366943	59023	3072	s	1357340741243.823975
nodea.howard.edu_nodeb.howard.edu_1412 2	8938.964844	3674.210000	0.028000	0.000000	8938.964844	59164	3072	s	1357340741305.242920
nodea.howard.edu_nodeb.howard.edu_1414 2	8939.369873	3673.225000	0.013000	0.000000	8939.369873	59180	3072	s	1357340741305.896973
nodea.howard.edu_nodeb.howard.edu_1418 2	8940.968994	3672.660000	0.015000	0.000000	8940.968994	59188	3072	s	1357340741307.593018
nodea.howard.edu_nodeb.howard.edu_1420 2	8940.972168	3663.470000	0.019000	0.000000	8940.972168	59192	3072	s	1357340741307.641113
nodea.howard.edu_nodeb.howard.edu_1425 2	8969.658936	3679.276000	0.016000	0.000000	8969.658936	59196	3072	s	1357340741336.373047
nodea.howard.edu_nodeb.howard.edu_1427 2	8969.683838	3677.626000	0.013000	0.000000	8969.683838	59197	3072	s	1357340741336.419922
nodea.howard.edu_nodeb.howard.edu_1429 2	8969.866943	3675.004000	0.012000	0.000000	8969.866943	59198	3072	s	1357340741336.614990
nodea.howard.edu_nodeb.howard.edu_1432 2	8969.839844	3673.099000	0.012000	0.000000	8969.839844	59260	3072	s	1357340741337.428955
nodea.howard.edu_nodeb.howard.edu_1436 2	8974.824951	3660.598000	0.014000	0.000000	8974.824951	59324	3072	s	1357340741343.174072
kupl1.ittc.ku.edu_nodeb.howard.edu_907 3	9046.274902	1.143000	0.088000	0.000000	9046.274902	59089	3200	s	1357340741411.511963
planetlab03.cs.washington.edu_nodeb.howard.edu_1803 1	9736.378906	9512.522000	0.062000	0.000000	9736.378906	58800	256	s	1357340742097.614990
planetlab03.cs.washington.edu_nodeb.howard.edu_1810 1	9800.251953	9560.492000	0.031000	0.000000	9800.251953	58804	256	s	1357340742161.595947
planetlab03.cs.washington.edu_nodeb.howard.edu_1812 1	9809.343018	9562.981000	0.039000	0.000000	9809.343018	58805	256	s	1357340742170.699951
planetlab03.cs.washington.edu_nodeb.howard.edu_1815 1	9828.878174	9549.774000	0.032000	0.000000	9828.878174	58806	256	s	1357340742190.246094
planetlab03.cs.washington.edu_nodeb.howard.edu_1835 1	10032.644043	9717.943000	0.031000	0.000000	10032.644043	58812	256	s	1357340742394.080078
planetlab7.flux.utah.edu_nodeb.howard.edu_1093 9	10113.251953	1.880000	0.008000	0.000000	10113.251953	59231	1664	s	1357340742480.471924
planetlab03.cs.washington.edu_nodeb.howard.edu_1858 1	10192.094971	9819.439000	0.057000	0.000000	10192.094971	58816	256	s	1357340742553.583008
planetlab03.cs.washington.edu_nodeb.howard.edu_1860 1	10193.722900	9821.766000	0.019000	0.000000	10193.722900	58817	256	s	1357340742555.222900
planetlab03.cs.washington.edu_nodeb.howard.edu_1863 1	10234.155029	9853.166000	0.028000	0.000000	10234.155029	58819	256	s	1357340742595.677002
planetlab03.cs.washington.edu_nodeb.howard.edu_1870 1	10282.083008	9891.541000	0.027000	0.000000	10282.083008	58821	256	s	1357340742643.628906
planetlab03.cs.washington.edu_nodeb.howard.edu_1881 1	10355.671875	9908.412000	0.069000	0.000000	10355.671875	58825	256	s	1357340742717.263916
planetlab03.cs.washington.edu_nodeb.howard.edu_1904 1	10667.234131	10146.744000	0.040000	0.000000	10667.234131	58833	256	s	1357340743028.916016
planetlab2.cs.umass.edu_nodeb.howard.edu_1529 3	10759.764893	0.031000	0.027000	0.000000	10759.764893	58836	1568	s	1357340743121.480957
planetlab1.poly.edu_nodeb.howard.edu_1202 3	10807.318115	1689.139000	0.028000	0.000000	10807.318115	59439	3104	s	1357340743177.395996
plgmu2.ite.gmu.edu_nodeb.howard.edu_1917 4	11034.903076	4.127000	0.023000	0.000000	11034.903076	58930	1536	s	1357340743397.726074
plgmu2.ite.gmu.edu_nodeb.howard.edu_1921 4	11033.282959	0.128000	0.051000	0.000000	11033.282959	59026	1536	s	1357340743397.781982
plgmu2.ite.gmu.edu_nodeb.howard.edu_1931 4	11133.710938	1.827000	0.023000	0.000000	11133.710938	59058	1536	s	1357340743498.585938
plgmu2.ite.gmu.edu_nodeb.howard.edu_1933 4	11133.790039	2.591000	0.058000	0.000000	11133.790039	59056	1536	s	1357340743498.643066
plgmu2.ite.gmu.edu_nodeb.howard.edu_1930 4	11140.661865	0.203000	0.048000	0.000000	11140.661865	59042	1536	s	1357340743505.346924
plgmu2.ite.gmu.edu_nodeb.howard.edu_1936 4	11140.499023	2.001000	0.058000	0.000000	11140.499023	59059	1536	s	1357340743505.385986
planetlab03.cs.washington.edu_nodeb.howard.edu_1954 1	11153.302979	10511.755000	0.079000	0.000000	11153.302979	58846	256	s	1357340743515.135986
plgmu2.ite.gmu.edu_nodeb.howard.edu_1942 4	11176.284912	1.032000	0.064000	0.000000	11176.284912	59062	1536	s	1357340743541.207031
plgmu2.ite.gmu.edu_nodeb.howard.edu_1943 4	11176.290039	2.062000	0.023000	0.000000	11176.290039	59066	1536	s	1357340743541.257080
plgmu2.ite.gmu.edu_nodeb.howard.edu_1950 4	11189.508057	0.377000	0.052000	0.000000	11189.508057	59122	1536	s	1357340743555.145996
plgmu2.ite.gmu.edu_nodeb.howard.edu_1951 4	11189.366943	0.406000	0.024000	0.000000	11189.366943	59137	1536	s	1357340743555.188965
planetlab03.cs.washington.edu_nodeb.howard.edu_1958 1	11212.714111	10568.724000	0.038000	0.000000	11212.714111	58849	256	s	1357340743574.581055
plgmu2.ite.gmu.edu_nodeb.howard.edu_2007 4	11419.444092	0.632000	0.061000	0.000000	11419.444092	59314	1536	s	1357340743787.675049
planetlab03.cs.washington.edu_nodeb.howard.edu_2028 1	11840.829102	11013.896000	0.040000	0.000000	11840.829102	58868	256	s	1357340744202.915039
planetlab03.cs.washington.edu_nodeb.howard.edu_2200 1	12994.028809	11766.978000	0.025000	0.000000	12994.028809	58914	256	s	1357340745356.660889
planetlab2.millennium.berkeley.edu_nodeb.howard.edu_2588 1	15986.554932	15692.540000	0.043000	0.000000	15986.554932	58802	2048	s	1357340748347.867920
plab4.eece.ksu.edu_nodeb.howard.edu_1947 2	16402.991943	0.025000	0.022000	0.000000	16402.991943	58820	2176	s	1357340748764.525879
plab4.eece.ksu.edu_nodeb.howard.edu_1949 2	16522.549805	0.034000	0.032000	0.000000	16522.549805	58824	2176	s	1357340748884.129883
plab4.eece.ksu.edu_nodeb.howard.edu_1953 2	16579.697998	0.026000	0.028000	0.000000	16579.697998	58828	2176	s	1357340748941.323975
plab4.eece.ksu.edu_nodeb.howard.edu_1955 2	16584.829102	0.046000	0.022000	0.000000	16584.829102	58829	2176	s	1357340748946.466064
plab4.eece.ksu.edu_nodeb.howard.edu_1961 2	16637.902100	0.121000	0.031000	0.000000	16637.902100	58830	2176	s	1357340748999.550049
planetlab2.millennium.berkeley.edu_nodeb.howard.edu_2717 1	16775.656982	16190.702000	0.054000	0.000000	16775.656982	58834	2048	s	1357340749137.351074
plab4.eece.ksu.edu_nodeb.howard.edu_1976 2	17014.550049	0.091000	0.018000	0.000000	17014.550049	58844	2176	s	1357340749376.361084
planetlab16.millennium.berkeley.edu_nodeb.howard.edu_796 1	17147.793945	16047.609000	0.018000	0.000000	17147.793945	58902	2432	s	1357340749510.281982
plab4.eece.ksu.edu_nodeb.howard.edu_2012 2	17311.911133	9.075000	0.025000	0.000000	17311.911133	58860	2176	s	1357340749673.903076
planetlab2.millennium.berkeley.edu_nodeb.howard.edu_2846 1	17539.998047	16699.780000	0.095000	0.000000	17539.998047	58869	2048	s	1357340749902.094971
planetlab03.cs.washington.edu_nodeb.howard.edu_2574 1	17793.859131	15656.679000	0.124000	0.000000	17793.859131	59018	256	s	1357340750158.258057
planetlab2.millennium.berkeley.edu_nodeb.howard.edu_2892 1	17796.134033	16833.610000	0.057000	0.000000	17796.134033	58881	2048	s	1357340750158.375977
planetlab03.cs.washington.edu_nodeb.howard.edu_2604 1	17924.221924	15739.783000	0.031000	0.000000	17924.221924	59025	256	s	1357340750288.700928
planetlab2.millennium.berkeley.edu_nodeb.howard.edu_3061 1	18514.514160	17294.948000	0.046000	0.000000	18514.514160	58912	2048	s	1357340750877.123047
planetlab2.millennium.berkeley.edu_nodeb.howard.edu_3071 1	18531.616943	17307.822000	0.071000	0.000000	18531.616943	58913	2048	s	1357340750894.238037
planetlab2.millennium.berkeley.edu_nodeb.howard.edu_3075 1	18575.190918	17338.040000	0.054000	0.000000	18575.190918	58915	2048	s	1357340750937.837891
planetlab2.millennium.berkeley.edu_nodeb.howard.edu_3077 1	18611.199951	17345.302000	0.066000	0.000000	18611.199951	58917	2048	s	1357340750973.868896
planetlab2.millennium.berkeley.edu_nodeb.howard.edu_3093 1	18652.651855	17366.677000	0.193000	0.000000	18652.651855	58921	2048	s	1357340751015.367920
planetlab2.millennium.berkeley.edu_nodeb.howard.edu_3122 1	18811.407959	17445.368000	0.116000	0.000000	18811.407959	58929	2048	s	1357340751174.218018
planetlab2.millennium.berkeley.edu_nodeb.howard.edu_3211 1	19215.032959	17500.333000	0.024000	0.000000	19215.032959	58973	2048	s	1357340751578.841064
planetlab2.millennium.berkeley.edu_nodeb.howard.edu_3224 1	19277.738037	17506.768000	0.052000	0.000000	19277.738037	58977	2048	s	1357340751641.593994
planetlab2.millennium.berkeley.edu_nodeb.howard.edu_3361 1	20067.626953	17734.261000	0.058000	0.000000	20067.626953	59041	2048	s	1357340752432.301025
planetlab2.millennium.berkeley.edu_nodeb.howard.edu_3440 1	20438.793945	17914.697000	0.037000	0.000000	20438.793945	59063	2048	s	1357340752803.727051
planetlab2.millennium.berkeley.edu_nodeb.howard.edu_3474 1	20693.346924	18098.440000	0.045000	0.000000	20693.346924	59074	2048	s	1357340753058.408936
planetlab1.cs.purdue.edu_nodeb.howard.edu_3544 2	21302.805908	1858.598000	0.025000	0.000000	21302.805908	58994	2112	s	1357340753666.874023
planetlab1.cs.purdue.edu_nodeb.howard.edu_3565 2	21327.381836	1477.042000	0.036000	0.000000	21327.381836	59032	2112	s	1357340753691.951904
planetlab1.cs.purdue.edu_nodeb.howard.edu_3620 2	22158.273926	0.030000	0.042000	0.000000	22158.273926	59117	2112	s	1357340754523.846924
planetlab03.cs.washington.edu_nodeb.howard.edu_3050 1	22902.682129	19775.730000	0.035000	0.000000	22902.682129	59138	256	s	1357340755268.516113
mtuplanetlab2.cs.mtu.edu_nodeb.howard.edu_3505 9	23108.549072	1291.837000	0.009000	0.000000	23108.549072	58933	800	s	1357340755471.406006
mtuplanetlab2.cs.mtu.edu_nodeb.howard.edu_3520 9	23260.791992	1199.685000	0.019000	0.000000	23260.791992	58965	800	s	1357340755624.506104
mtuplanetlab2.cs.mtu.edu_nodeb.howard.edu_3529 9	23356.864014	1172.203000	0.010000	0.000000	23356.864014	58981	800	s	1357340755720.773926
mtuplanetlab2.cs.mtu.edu_nodeb.howard.edu_3566 9	23746.989014	1167.145000	0.015000	0.000000	23746.989014	58993	800	s	1357340756111.043945
mtuplanetlab2.cs.mtu.edu_nodeb.howard.edu_3568 9	23761.460938	1122.540000	0.016000	0.000000	23761.460938	58996	800	s	1357340756125.554932
mtuplanetlab2.cs.mtu.edu_nodeb.howard.edu_3570 9	23777.752930	1139.262000	0.007000	0.000000	23777.752930	58997	800	s	1357340756141.858887
mtuplanetlab2.cs.mtu.edu_nodeb.howard.edu_3580 9	23869.870850	1097.354000	0.019000	0.000000	23869.870850	58999	800	s	1357340756234.002930
planetlab2.millennium.berkeley.edu_nodeb.howard.edu_3810 1	23891.002930	20463.070000	0.055000	0.000000	23891.002930	59169	2048	s	1357340756257.389893
mtuplanetlab2.cs.mtu.edu_nodeb.howard.edu_3605 9	24014.840820	989.706000	0.014000	0.000000	24014.840820	59005	800	s	1357340756379.045898
planetlab03.cs.washington.edu_nodeb.howard.edu_3163 1	24625.443115	21237.262000	0.036000	0.000000	24625.443115	59168	256	s	1357340756991.819092
mtuplanetlab2.cs.mtu.edu_nodeb.howard.edu_3695 9	24675.970947	0.090000	0.013000	0.000000	24675.970947	59125	800	s	1357340757041.644043
planetlab03.cs.washington.edu_nodeb.howard.edu_3175 1	24686.233154	21262.765000	0.045000	0.000000	24686.233154	59170	256	s	1357340757052.632080
planetlab03.cs.washington.edu_nodeb.howard.edu_3182 1	24758.700928	21327.681000	0.038000	0.000000	24758.700928	59171	256	s	1357340757125.114990
planetlab03.cs.washington.edu_nodeb.howard.edu_3195 1	24868.612061	21412.950000	0.041000	0.000000	24868.612061	59174	256	s	1357340757235.061035
planetlab-2.cmcl.cs.cmu.edu_nodeb.howard.edu_5017 2	25009.592041	11507.123000	0.057000	0.000000	25009.592041	58936	288	s	1357340757372.481934
planetlab03.cs.washington.edu_nodeb.howard.edu_3215 1	25013.873047	21518.181000	0.029000	0.000000	25013.873047	59178	256	s	1357340757380.375977
planetlab2.millennium.berkeley.edu_nodeb.howard.edu_3995 1	25056.712158	20748.026000	0.058000	0.000000	25056.712158	59273	2048	s	1357340757424.456055
planetlab03.cs.washington.edu_nodeb.howard.edu_3236 1	25175.014893	21633.569000	0.044000	0.000000	25175.014893	59186	256	s	1357340757541.614990
planetlab2.millennium.berkeley.edu_nodeb.howard.edu_4011 1	25187.184814	20801.077000	0.077000	0.000000	25187.184814	59282	2048	s	1357340757555.035889
planetlab1.cs.purdue.edu_nodeb.howard.edu_3673 2	25298.928955	0.097000	0.075000	0.000000	25298.928955	59302	2112	s	1357340757667.020020
plab4.eece.ksu.edu_nodeb.howard.edu_2406 2	25443.702148	0.203000	0.034000	0.000000	25443.702148	59340	2176	s	1357340757812.257080
planetlab2.millennium.berkeley.edu_nodeb.howard.edu_4099 1	25925.487061	20693.983000	0.064000	0.000000	25925.487061	59396	2048	s	1357340758294.768066
plab4.eece.ksu.edu_nodeb.howard.edu_2411 2	26050.072021	0.215000	0.031000	0.000000	26050.072021	59402	2176	s	1357340758419.429932
planetlab2.millennium.berkeley.edu_nodeb.howard.edu_4127 1	26144.107910	20817.498000	0.041000	0.000000	26144.107910	59408	2048	s	1357340758513.806885
planetlab2.millennium.berkeley.edu_nodeb.howard.edu_4134 1	26220.789062	20842.206000	0.061000	0.000000	26220.789062	59412	2048	s	1357340758590.539062
planetlab03.cs.washington.edu_nodeb.howard.edu_3352 1	26225.820068	22301.236000	0.054000	0.000000	26225.820068	59230	256	s	1357340758593.029053
planetlab2.millennium.berkeley.edu_nodeb.howard.edu_4138 1	26227.531982	20842.848000	0.048000	0.000000	26227.531982	59414	2048	s	1357340758597.312988
planetlab2.millennium.berkeley.edu_nodeb.howard.edu_4136 1	26228.250977	20841.122000	0.055000	0.000000	26228.250977	59413	2048	s	1357340758598.013916
planetlab03.cs.washington.edu_nodeb.howard.edu_3366 1	26355.600098	22379.422000	0.039000	0.000000	26355.600098	59234	256	s	1357340758722.854980
planetlab2.millennium.berkeley.edu_nodeb.howard.edu_4156 1	26435.494873	20987.582000	0.060000	0.000000	26435.494873	59420	2048	s	1357340758805.347900
planetlab2.millennium.berkeley.edu_nodeb.howard.edu_4162 1	26514.770020	21024.885000	0.056000	0.000000	26514.770020	59425	2048	s	1357340758884.684082
planetlab2.millennium.berkeley.edu_nodeb.howard.edu_4187 1	26761.025146	21122.768000	0.661000	0.000000	26761.025146	59444	2048	s	1357340759131.162109
planetlab2.millennium.berkeley.edu_nodeb.howard.edu_4200 1	26892.810059	21169.095000	0.058000	0.000000	26892.810059	59456	2048	s	1357340759263.135986
planetlab2.millennium.berkeley.edu_nodeb.howard.edu_4211 1	26990.349854	21209.309000	0.052000	0.000000	26990.349854	59460	2048	s	1357340759360.722900
planetlab2.millennium.berkeley.edu_nodeb.howard.edu_4213 1	26994.751953	21202.159000	0.064000	0.000000	26994.751953	59461	2048	s	1357340759365.137939
planetlab2.millennium.berkeley.edu_nodeb.howard.edu_4215 1	26994.803955	21200.246000	0.039000	0.000000	26994.803955	59462	2048	s	1357340759365.201904
planetlab2.millennium.berkeley.edu_nodeb.howard.edu_4227 1	27071.964844	21246.930000	0.041000	0.000000	27071.964844	59468	2048	s	1357340759442.438965
planetlab2.millennium.berkeley.edu_nodeb.howard.edu_4242 1	27196.436035	21326.190000	0.064000	0.000000	27196.436035	59472	2048	s	1357340759567.012939
planetlab2.millennium.berkeley.edu_nodeb.howard.edu_4245 1	27226.158936	21350.074000	0.063000	0.000000	27226.158936	59473	2048	s	1357340759596.748047
planetlab2.millennium.berkeley.edu_nodeb.howard.edu_4253 1	27277.307861	21378.336000	0.054000	0.000000	27277.307861	59474	2048	s	1357340759647.908936
planetlab2.millennium.berkeley.edu_nodeb.howard.edu_4255 1	27303.125977	21402.349000	0.080000	0.000000	27303.125977	59476	2048	s	1357340759673.750000
planetlab2.millennium.berkeley.edu_nodeb.howard.edu_4259 1	27332.730957	21401.025000	0.056000	0.000000	27332.730957	59477	2048	s	1357340759703.374023
planetlab2.millennium.berkeley.edu_nodeb.howard.edu_4265 1	27357.736084	21414.678000	0.056000	0.000000	27357.736084	59479	2048	s	1357340759728.404053
planetlab2.millennium.berkeley.edu_nodeb.howard.edu_4267 1	27390.614990	21438.226000	0.039000	0.000000	27390.614990	59478	2048	s	1357340759761.270020
planetlab2.millennium.berkeley.edu_nodeb.howard.edu_4269 1	27390.631104	21436.707000	0.076000	0.000000	27390.631104	59480	2048	s	1357340759761.312012
planetlab2.millennium.berkeley.edu_nodeb.howard.edu_4275 1	27434.504150	21455.738000	0.065000	0.000000	27434.504150	59484	2048	s	1357340759805.235107
planetlab2.millennium.berkeley.edu_nodeb.howard.edu_4278 1	27467.780029	21459.116000	0.059000	0.000000	27467.780029	59485	2048	s	1357340759838.522949
planetlab2.millennium.berkeley.edu_nodeb.howard.edu_4280 1	27467.989990	21449.829000	0.053000	0.000000	27467.989990	59486	2048	s	1357340759838.746094
planetlab2.millennium.berkeley.edu_nodeb.howard.edu_4285 1	27497.450195	21441.441000	0.047000	0.000000	27497.450195	59492	2048	s	1357340759868.287109
mtuplanetlab2.cs.mtu.edu_nodeb.howard.edu_3814 9	27525.143066	0.036000	0.014000	0.000000	27525.143066	59253	800	s	1357340759892.647949
planetlab2.millennium.berkeley.edu_nodeb.howard.edu_4296 1	27593.322021	21417.675000	0.067000	0.000000	27593.322021	59504	2048	s	1357340759964.309082
planetlab2.millennium.berkeley.edu_nodeb.howard.edu_4303 1	27651.416016	21459.014000	0.064000	0.000000	27651.416016	59508	2048	s	1357340760022.451904
planetlab2.millennium.berkeley.edu_nodeb.howard.edu_4307 1	27702.370850	21499.845000	0.059000	0.000000	27702.370850	59509	2048	s	1357340760073.418945
planetlab2.millennium.berkeley.edu_nodeb.howard.edu_4310 1	27715.054932	21508.080000	0.057000	0.000000	27715.054932	59510	2048	s	1357340760086.114990
planetlab2.millennium.berkeley.edu_nodeb.howard.edu_4322 1	27785.652832	21527.716000	0.067000	0.000000	27785.652832	59516	2048	s	1357340760156.784912
planetlab1.cs.purdue.edu_nodeb.howard.edu_3690 2	27814.689941	0.029000	0.039000	0.000000	27814.689941	59515	2112	s	1357340760185.806885
planetlab03.cs.washington.edu_nodeb.howard.edu_3523 1	27901.385986	23377.217000	0.041000	0.000000	27901.385986	59298	256	s	1357340760269.424072
planetlab2.umassd.edu_nodeb.howard.edu_10190 2	27918.810059	17469.760000	0.055000	0.000000	27918.810059	58827	0	s	1357340760280.424072
planetlab03.cs.washington.edu_nodeb.howard.edu_3578 1	28352.841064	23679.058000	0.093000	0.000000	28352.841064	59316	256	s	1357340760721.093994
planetlab03.cs.washington.edu_nodeb.howard.edu_3603 1	28609.893799	23845.630000	0.033000	0.000000	28609.893799	59329	256	s	1357340760978.305908
mtuplanetlab2.cs.mtu.edu_nodeb.howard.edu_3927 9	29498.451904	0.035000	0.021000	0.000000	29498.451904	59334	800	s	1357340761866.920898
planetlab2.umassd.edu_nodeb.howard.edu_10710 2	29514.305908	18418.528000	0.022000	0.000000	29514.305908	58845	0	s	1357340761876.127930
planetlab03.cs.washington.edu_nodeb.howard.edu_3748 1	30139.125000	24903.808000	0.027000	0.000000	30139.125000	59399	256	s	1357340762508.441895
mtuplanetlab2.cs.mtu.edu_nodeb.howard.edu_3999 9	30711.296143	0.026000	0.029000	0.000000	30711.296143	59392	800	s	1357340763080.528076
planetlab1.cs.unc.edu_nodeb.howard.edu_6835 3	31579.377197	20325.747000	0.021000	0.000000	31579.377197	58807	512	s	1357340763940.757080
planetlab1.cs.unc.edu_nodeb.howard.edu_6843 3	31607.636963	20346.501000	0.015000	0.000000	31607.636963	58811	512	s	1357340763969.062012
planetlab1.cs.unc.edu_nodeb.howard.edu_6851 3	31620.572021	20337.965000	0.025000	0.000000	31620.572021	58813	512	s	1357340763982.019043
planetlab1.cs.unc.edu_nodeb.howard.edu_6862 3	31654.708984	20345.392000	0.019000	0.000000	31654.708984	58814	512	s	1357340764016.167969
planetlab1.cs.unc.edu_nodeb.howard.edu_6886 3	31751.494141	20399.130000	0.017000	0.000000	31751.494141	58815	512	s	1357340764112.964111
planetlab1.cs.unc.edu_nodeb.howard.edu_6914 3	31844.344971	20446.129000	0.018000	0.000000	31844.344971	58831	512	s	1357340764206.004883
planetlab2.cs.unc.edu_nodeb.howard.edu_5144 2	31890.292969	12798.309000	0.037000	0.000000	31890.292969	58951	2080	s	1357340764253.830078
planetlab03.cs.washington.edu_nodeb.howard.edu_3891 1	32037.078857	26477.533000	0.040000	0.000000	32037.078857	59435	256	s	1357340764407.107910
planetlab1.cs.unc.edu_nodeb.howard.edu_6982 3	32083.627930	20488.274000	0.045000	0.000000	32083.627930	58842	512	s	1357340764445.416016
planetlab2.cs.unc.edu_nodeb.howard.edu_5249 2	32131.373047	9745.899000	0.034000	0.000000	32131.373047	59124	2080	s	1357340764497.032959
planetlab2.cs.unc.edu_nodeb.howard.edu_5254 2	32151.063965	9056.002000	0.039000	0.000000	32151.063965	59143	2080	s	1357340764516.955078
planetlab2.cs.unc.edu_nodeb.howard.edu_5299 2	32248.055176	7763.793000	0.041000	0.000000	32248.055176	59203	2080	s	1357340764614.862061
planetlab2.cs.unc.edu_nodeb.howard.edu_5301 2	32253.658936	7767.565000	0.088000	0.000000	32253.658936	59205	2080	s	1357340764620.488037
planetlab2.cs.unc.edu_nodeb.howard.edu_5303 2	32265.974854	7776.470000	0.016000	0.000000	32265.974854	59206	2080	s	1357340764632.815918
planetlab2.cs.unc.edu_nodeb.howard.edu_5305 2	32271.820068	7680.603000	0.045000	0.000000	32271.820068	59207	2080	s	1357340764638.673096
planetlab2.cs.unc.edu_nodeb.howard.edu_5307 2	32271.896973	7662.168000	0.040000	0.000000	32271.896973	59215	2080	s	1357340764638.852051
planetlab2.cs.unc.edu_nodeb.howard.edu_5309 2	32283.954834	7525.706000	0.079000	0.000000	32283.954834	59223	2080	s	1357340764651.055908
planetlab2.cs.unc.edu_nodeb.howard.edu_5312 2	32287.537109	7447.285000	0.054000	0.000000	32287.537109	59239	2080	s	1357340764654.853027
planetlab2.cs.unc.edu_nodeb.howard.edu_5325 2	32296.134033	6916.342000	0.045000	0.000000	32296.134033	59335	2080	s	1357340764664.625000
planetlab1.cs.unc.edu_nodeb.howard.edu_7061 3	32339.822998	20529.043000	0.093000	0.000000	32339.822998	58855	512	s	1357340764701.760010
planetlab1.cs.unc.edu_nodeb.howard.edu_7082 3	32389.882080	20525.389000	0.031000	0.000000	32389.882080	58859	512	s	1357340764751.864014
planetlab1.cs.unc.edu_nodeb.howard.edu_7089 3	32408.114014	20528.159000	0.049000	0.000000	32408.114014	58861	512	s	1357340764770.118896
planetlab1.cs.unc.edu_nodeb.howard.edu_7096 3	32438.592773	20548.933000	0.031000	0.000000	32438.592773	58862	512	s	1357340764800.608887
planetlab1.cs.unc.edu_nodeb.howard.edu_7104 3	32445.516846	20526.400000	0.024000	0.000000	32445.516846	58863	512	s	1357340764807.543945
planetlab-01.bu.edu_nodeb.howard.edu_3997 4	32492.505127	0.257000	0.029000	0.000000	32492.505127	58865	640	s	1357340764854.558105
planetlab1.cs.unc.edu_nodeb.howard.edu_7205 3	32824.714111	20591.875000	0.023000	0.000000	32824.714111	58879	512	s	1357340765186.934082
planetlab-2.cmcl.cs.cmu.edu_nodeb.howard.edu_5732 2	33005.587891	14341.260000	0.063000	0.000000	33005.587891	59047	288	s	1357340765370.334961
planetlab1.cs.unc.edu_nodeb.howard.edu_7268 3	33060.489990	20613.409000	0.272000	0.000000	33060.489990	58887	512	s	1357340765422.800049
planetlab1.cs.unc.edu_nodeb.howard.edu_7392 3	33532.013916	20652.678000	0.037000	0.000000	33532.013916	58908	512	s	1357340765894.573975
planetlab1.georgetown.edu_nodeb.howard.edu_5462 4	33793.559082	0.080000	0.037000	0.000000	33793.559082	58920	576	s	1357340766156.261963
planetlab-2.cmcl.cs.cmu.edu_nodeb.howard.edu_5882 2	34323.028076	14372.533000	0.068000	0.000000	34323.028076	59090	288	s	1357340766688.277100
planetlab-01.bu.edu_nodeb.howard.edu_4065 4	34602.691895	0.217000	0.050000	0.000000	34602.691895	58946	640	s	1357340766966.150879
planetlab03.cs.washington.edu_nodeb.howard.edu_4131 1	35066.134033	28899.280000	0.028000	0.000000	35066.134033	59506	256	s	1357340767437.145996
planetlab2.umassd.edu_nodeb.howard.edu_12349 2	35242.041992	21759.842000	0.056000	0.000000	35242.041992	58935	0	s	1357340767604.920898
planetlab03.cs.washington.edu_nodeb.howard.edu_4190 1	35561.553955	29287.810000	0.049000	0.000000	35561.553955	59519	256	s	1357340767932.720947
planetlab2.umassd.edu_nodeb.howard.edu_12805 2	37301.265869	22791.817000	0.023000	0.000000	37301.265869	58979	0	s	1357340769665.150879
planetlab1.cs.unc.edu_nodeb.howard.edu_8797 3	38700.961182	19725.218000	0.019000	0.000000	38700.961182	59055	512	s	1357340771065.798096
planetlab1.cis.upenn.edu_nodeb.howard.edu_3082 2	39243.173096	0.089000	0.015000	0.000000	39243.173096	59102	2560	s	1357340771608.562012
planetlab1.cis.upenn.edu_nodeb.howard.edu_3091 2	39341.034912	0.088000	0.021000	0.000000	39341.034912	59146	2560	s	1357340771706.960938
planetlab1.cis.upenn.edu_nodeb.howard.edu_3101 2	39635.903076	0.058000	0.022000	0.000000	39635.903076	59285	2560	s	1357340772003.788086
planetlab1.cis.upenn.edu_nodeb.howard.edu_3103 2	39705.843994	0.184000	0.032000	0.000000	39705.843994	59360	2560	s	1357340772074.648926
planetlab2.umassd.edu_nodeb.howard.edu_14907 2	43493.589111	24925.986000	0.034000	0.000000	43493.589111	59043	0	s	1357340775858.289062
planetlab2.umassd.edu_nodeb.howard.edu_14978 2	43674.067871	24962.025000	0.020000	0.000000	43674.067871	59048	0	s	1357340776038.825928
planetlab2.umassd.edu_nodeb.howard.edu_15324 2	44745.098145	25217.463000	0.024000	0.000000	44745.098145	59075	0	s	1357340777110.172119
planetlab2.umassd.edu_nodeb.howard.edu_15556 2	45559.416016	25294.164000	0.061000	0.000000	45559.416016	59101	0	s	1357340777924.793945
planetlab2.umassd.edu_nodeb.howard.edu_15569 2	45613.578857	25284.702000	0.030000	0.000000	45613.578857	59105	0	s	1357340777979.003906
planetlab2.umassd.edu_nodeb.howard.edu_15573 2	45618.924072	25283.840000	0.020000	0.000000	45618.924072	59106	0	s	1357340777984.360107
planetlab2.umassd.edu_nodeb.howard.edu_15591 2	45685.263916	25305.821000	0.019000	0.000000	45685.263916	59107	0	s	1357340778050.711914
planetlab2.umassd.edu_nodeb.howard.edu_15640 2	45826.438232	25343.601000	0.057000	0.000000	45826.438232	59111	0	s	1357340778191.943115
planetlab-2.cmcl.cs.cmu.edu_nodeb.howard.edu_6675 2	45892.205078	16444.870000	0.076000	0.000000	45892.205078	59372	288	s	1357340778261.166992
planetlab2.umassd.edu_nodeb.howard.edu_15679 2	45998.289062	25447.670000	0.018000	0.000000	45998.289062	59115	0	s	1357340778363.839111
planetlab2.umassd.edu_nodeb.howard.edu_15819 2	46426.638184	25654.683000	0.016000	0.000000	46426.638184	59123	0	s	1357340778792.287109
planetlab-2.cmcl.cs.cmu.edu_nodeb.howard.edu_6876 2	46947.626953	14566.326000	0.075000	0.000000	46947.626953	59441	288	s	1357340779317.729004
planetlab1.georgetown.edu_nodeb.howard.edu_6313 4	47853.771973	0.065000	0.035000	0.000000	47853.771973	59158	576	s	1357340780219.976074
planetlab-1.cs.colostate.edu_nodeb.howard.edu_4076 5	48747.222900	0.266000	0.049000	0.000000	48747.222900	59172	672	s	1357340781113.648926
planetlab1.cs.unc.edu_nodeb.howard.edu_10652 3	49037.241943	23870.358000	0.029000	0.000000	49037.241943	59183	512	s	1357340781403.803955
planetlab1.cs.unc.edu_nodeb.howard.edu_10754 3	49395.404053	23941.684000	0.030000	0.000000	49395.404053	59193	512	s	1357340781762.083984
planetlab1.cs.unc.edu_nodeb.howard.edu_10882 3	49809.303955	23936.602000	0.038000	0.000000	49809.303955	59212	512	s	1357340782176.221924
planetlab-1.usask.ca_nodeb.howard.edu_2686 3	50363.148926	22628.016000	0.112000	0.000000	50363.148926	59288	896	s	1357340782731.071045
planetlab1.georgetown.edu_nodeb.howard.edu_6359 4	50453.907959	0.050000	0.029000	0.000000	50453.907959	59235	576	s	1357340782821.174072
planetlab2.umassd.edu_nodeb.howard.edu_17329 2	51353.387939	26988.867000	0.059000	0.000000	51353.387939	59159	0	s	1357340783719.603027
planetlab2.umassd.edu_nodeb.howard.edu_17485 2	51906.853027	26963.820000	0.057000	0.000000	51906.853027	59175	0	s	1357340784273.312988
planetlab2.umassd.edu_nodeb.howard.edu_17487 2	51911.633057	26967.635000	0.019000	0.000000	51911.633057	59176	0	s	1357340784278.104980
planetlab2.umassd.edu_nodeb.howard.edu_17529 2	52106.697998	26890.464000	0.066000	0.000000	52106.697998	59187	0	s	1357340784473.310059
planetlab1.cs.unc.edu_nodeb.howard.edu_11458 3	52235.971191	24725.659000	0.028000	0.000000	52235.971191	59279	512	s	1357340784603.788086
planetlab2.umassd.edu_nodeb.howard.edu_17578 2	52328.503906	26932.448000	0.019000	0.000000	52328.503906	59189	0	s	1357340784695.138916
planetlab2.umassd.edu_nodeb.howard.edu_17581 2	52333.954102	26931.206000	0.018000	0.000000	52333.954102	59190	0	s	1357340784700.600098
planetlab2.umassd.edu_nodeb.howard.edu_17590 2	52354.973145	26921.173000	0.017000	0.000000	52354.973145	59191	0	s	1357340784721.631104
planetlab2.umassd.edu_nodeb.howard.edu_17665 2	52663.563965	27051.524000	0.020000	0.000000	52663.563965	59199	0	s	1357340785030.322998
planetlab2.umassd.edu_nodeb.howard.edu_17759 2	53093.989014	27249.215000	0.019000	0.000000	53093.989014	59211	0	s	1357340785460.894043
planetlab1.cs.unc.edu_nodeb.howard.edu_11670 3	53466.118896	25471.779000	0.017000	0.000000	53466.118896	59303	512	s	1357340785834.220947
planetlab1.cs.unc.edu_nodeb.howard.edu_11746 3	54094.700928	25911.816000	0.027000	0.000000	54094.700928	59307	512	s	1357340786462.847900
planetlab1.cs.unc.edu_nodeb.howard.edu_11753 3	54125.358154	25931.989000	0.018000	0.000000	54125.358154	59309	512	s	1357340786493.529053
planetlab1.cs.unc.edu_nodeb.howard.edu_11759 3	54149.324219	25945.911000	0.021000	0.000000	54149.324219	59310	512	s	1357340786517.506104
planetlab1.cs.unc.edu_nodeb.howard.edu_11770 3	54190.969971	25969.830000	0.024000	0.000000	54190.969971	59311	512	s	1357340786559.164062
planetlab2.umassd.edu_nodeb.howard.edu_18023 2	54233.731934	27988.683000	0.056000	0.000000	54233.731934	59229	0	s	1357340786600.928955
planetlab1.cs.unc.edu_nodeb.howard.edu_11899 3	54921.976074	26299.063000	0.029000	0.000000	54921.976074	59327	512	s	1357340787290.364990
planetlab1.cs.unc.edu_nodeb.howard.edu_12019 3	55507.770020	26508.584000	0.018000	0.000000	55507.770020	59347	512	s	1357340787876.407959
planetlab2.umassd.edu_nodeb.howard.edu_18396 2	55879.427002	29048.247000	0.022000	0.000000	55879.427002	59255	0	s	1357340788246.955078
planetlab1.cs.unc.edu_nodeb.howard.edu_12213 3	56310.925049	26716.657000	0.029000	0.000000	56310.925049	59375	512	s	1357340788679.924072
planetlab1.georgetown.edu_nodeb.howard.edu_6463 4	56765.630127	0.077000	0.040000	0.000000	56765.630127	59388	576	s	1357340789134.809082
planetlab2.umassd.edu_nodeb.howard.edu_18640 2	56806.893066	29528.485000	0.019000	0.000000	56806.893066	59272	0	s	1357340789174.625977
planetlab2.umassd.edu_nodeb.howard.edu_18837 2	57499.351074	29757.354000	0.073000	0.000000	57499.351074	59293	0	s	1357340789867.332031
planetlab1.cs.unc.edu_nodeb.howard.edu_12503 3	57533.910156	26995.945000	0.029000	0.000000	57533.910156	59406	512	s	1357340789903.506104
planetlab2.umassd.edu_nodeb.howard.edu_18898 2	57689.791992	29816.772000	0.020000	0.000000	57689.791992	59296	0	s	1357340790057.808105
planetlab2.umassd.edu_nodeb.howard.edu_18970 2	57902.306885	29889.556000	0.026000	0.000000	57902.306885	59304	0	s	1357340790270.419922
planetlab2.umassd.edu_nodeb.howard.edu_19010 2	57981.878906	29894.778000	0.021000	0.000000	57981.878906	59305	0	s	1357340790350.003906
planetlab2.umassd.edu_nodeb.howard.edu_19023 2	58010.615967	29902.512000	0.043000	0.000000	58010.615967	59306	0	s	1357340790378.751953
planetlab-01.bu.edu_nodeb.howard.edu_4662 4	58071.434082	0.103000	0.128000	0.000000	58071.434082	59415	640	s	1357340790441.227051
planetlab2.umassd.edu_nodeb.howard.edu_19052 2	58092.670166	29926.279000	0.020000	0.000000	58092.670166	59308	0	s	1357340790460.830078
planetlab2.umassd.edu_nodeb.howard.edu_19188 2	58394.362793	29964.021000	0.062000	0.000000	58394.362793	59319	0	s	1357340790762.650879
planetlab2.umassd.edu_nodeb.howard.edu_19198 2	58416.289062	29961.130000	0.017000	0.000000	58416.289062	59320	0	s	1357340790784.589111
planetlab2.umassd.edu_nodeb.howard.edu_19370 2	58893.977783	30072.196000	0.019000	0.000000	58893.977783	59341	0	s	1357340791262.545898
planetlab-01.bu.edu_nodeb.howard.edu_4671 4	58981.784180	0.145000	0.037000	0.000000	58981.784180	59431	640	s	1357340791351.768066
planetlab1.cs.unc.edu_nodeb.howard.edu_12887 3	59011.294922	27025.441000	0.341000	0.000000	59011.294922	59433	512	s	1357340791381.301025
planetlab2.umassd.edu_nodeb.howard.edu_19455 2	59160.450195	30154.945000	0.059000	0.000000	59160.450195	59349	0	s	1357340791529.111084
planetlab2.umassd.edu_nodeb.howard.edu_19478 2	59258.147949	30156.758000	0.052000	0.000000	59258.147949	59353	0	s	1357340791626.862061
planetlab2.umassd.edu_nodeb.howard.edu_19489 2	59296.171143	30142.027000	0.019000	0.000000	59296.171143	59356	0	s	1357340791664.926025
planetlab2.umassd.edu_nodeb.howard.edu_19493 2	59313.667969	30150.903000	0.017000	0.000000	59313.667969	59357	0	s	1357340791682.436035
planetlab2.umassd.edu_nodeb.howard.edu_19505 2	59366.540039	30152.707000	0.019000	0.000000	59366.540039	59359	0	s	1357340791735.332031
planetlab-01.bu.edu_nodeb.howard.edu_4675 4	59486.495117	0.041000	0.037000	0.000000	59486.495117	59443	640	s	1357340791856.620117
planetlab2.umassd.edu_nodeb.howard.edu_19531 2	59499.005859	30145.122000	0.022000	0.000000	59499.005859	59363	0	s	1357340791867.847900
planetlab-01.bu.edu_nodeb.howard.edu_4677 4	59504.328125	0.059000	0.022000	0.000000	59504.328125	59445	640	s	1357340791874.476074
planetlab2.umassd.edu_nodeb.howard.edu_19541 2	59531.697998	30105.587000	0.019000	0.000000	59531.697998	59368	0	s	1357340791900.607910
planetlab-01.bu.edu_nodeb.howard.edu_4679 4	59569.834229	0.084000	0.029000	0.000000	59569.834229	59446	640	s	1357340791939.995117
planetlab-01.bu.edu_nodeb.howard.edu_4681 4	59660.881836	0.086000	0.032000	0.000000	59660.881836	59447	640	s	1357340792031.053955
planetlab2.umassd.edu_nodeb.howard.edu_19613 2	59897.036865	29999.829000	0.046000	0.000000	59897.036865	59389	0	s	1357340792266.229980
planetlab-01.bu.edu_nodeb.howard.edu_4683 4	60012.921143	0.110000	0.034000	0.000000	60012.921143	59455	640	s	1357340792383.235107
planetlab1.cs.unc.edu_nodeb.howard.edu_13128 3	60396.177002	27027.051000	0.069000	0.000000	60396.177002	59465	512	s	1357340792766.614990
planetlab1.cs.unc.edu_nodeb.howard.edu_13198 3	60787.999023	26771.749000	0.090000	0.000000	60787.999023	59482	512	s	1357340793158.705078
planetlab1.cs.unc.edu_nodeb.howard.edu_13236 3	60970.403076	26713.212000	0.120000	0.000000	60970.403076	59489	512	s	1357340793341.197021
planetlab1.cs.unc.edu_nodeb.howard.edu_13286 3	61195.406982	26540.225000	0.021000	0.000000	61195.406982	59496	512	s	1357340793566.293945
planetlab1.cs.unc.edu_nodeb.howard.edu_13293 3	61237.625000	26529.188000	0.024000	0.000000	61237.625000	59497	512	s	1357340793608.523926
planetlab1.cs.unc.edu_nodeb.howard.edu_13309 3	61328.134766	26531.475000	0.116000	0.000000	61328.134766	59499	512	s	1357340793699.056885
planetlab1.cs.unc.edu_nodeb.howard.edu_13322 3	61368.696045	26482.839000	0.027000	0.000000	61368.696045	59501	512	s	1357340793739.642090
planetlab-01.bu.edu_nodeb.howard.edu_4711 4	61838.631836	0.106000	0.029000	0.000000	61838.631836	59511	640	s	1357340794209.702881
planetlab1.cs.unc.edu_nodeb.howard.edu_13452 3	61979.899902	26532.220000	0.025000	0.000000	61979.899902	59513	512	s	1357340794350.993896
planetlab1.cs.umass.edu_nodeb.howard.edu_4110 9	63546.760010	0.058000	0.028000	0.000000	63546.760010	58888	1184	s	1357340795909.082031
ebb.colgate.edu_nodeb.howard.edu_4434 9	64822.459961	0.072000	0.017000	0.000000	64822.459961	58947	1312	s	1357340797185.937012
planetlab01.sys.virginia.edu_nodeb.howard.edu_2155 3	64953.812012	43931.309000	0.049000	0.000000	64953.812012	59050	2208	s	1357340797318.593018
planetlab2.umassd.edu_nodeb.howard.edu_20976 2	65012.846924	32185.043000	0.065000	0.000000	65012.846924	59454	0	s	1357340797383.148926
ebb.colgate.edu_nodeb.howard.edu_4443 9	67367.983887	0.022000	0.015000	0.000000	67367.983887	59049	1312	s	1357340799732.752930
ebb.colgate.edu_nodeb.howard.edu_4447 9	67659.515137	0.049000	0.013000	0.000000	67659.515137	59100	1312	s	1357340800024.881104
planetlab1.temple.edu_nodeb.howard.edu_19971 5	70703.187012	0.200000	0.027000	0.000000	70703.187012	58841	1024	s	1357340803064.964111
planetlab1.temple.edu_nodeb.howard.edu_19973 5	70899.064941	0.078000	0.025000	0.000000	70899.064941	58853	1024	s	1357340803260.979980
planetlab1.temple.edu_nodeb.howard.edu_19978 5	71094.722900	0.101000	0.031000	0.000000	71094.722900	58878	1024	s	1357340803456.930908
planetlab1.temple.edu_nodeb.howard.edu_19998 9	71537.572021	0.058000	0.017000	0.000000	71537.572021	58901	1024	s	1357340803900.042969
planetlab1.temple.edu_nodeb.howard.edu_20001 5	72171.367920	0.047000	0.020000	0.000000	72171.367920	58957	1024	s	1357340804534.990967
planetlab1.temple.edu_nodeb.howard.edu_20006 5	72501.853027	0.058000	0.028000	0.000000	72501.853027	58966	1024	s	1357340804865.582031
planetlab1.temple.edu_nodeb.howard.edu_20011 5	72573.224854	0.331000	0.030000	0.000000	72573.224854	58809	1024	s	1357340804934.626953
planetlab1.temple.edu_nodeb.howard.edu_20013 5	72901.700928	0.096000	0.038000	0.000000	72901.700928	58867	1024	s	1357340805263.775879
planetlab1.temple.edu_nodeb.howard.edu_20033 5	73617.533936	0.148000	0.032000	0.000000	73617.533936	59109	1024	s	1357340805983.009033
planetlab1.temple.edu_nodeb.howard.edu_20035 9	73652.806885	0.145000	0.014000	0.000000	73652.806885	59135	1024	s	1357340806018.605957
planetlab1.temple.edu_nodeb.howard.edu_20045 9	73811.361084	0.194000	0.017000	0.000000	73811.361084	58976	1024	s	1357340806175.206055
planetlab1.temple.edu_nodeb.howard.edu_20067 5	74870.190186	0.158000	0.028000	0.000000	74870.190186	59142	1024	s	1357340807236.069092
planetlab1.temple.edu_nodeb.howard.edu_20083 9	75204.845947	0.113000	0.011000	0.000000	75204.845947	59179	1024	s	1357340807571.362061
planetlabpc1.upf.edu_nodeb.howard.edu_4936 9	76301.042969	0.088000	0.088000	0.000000	76301.042969	58826	1120	s	1357340808662.645996
planetlabpc1.upf.edu_nodeb.howard.edu_4948 9	76566.342041	0.052000	0.031000	0.000000	76566.342041	59082	1120	s	1357340808931.498047
planetlabpc1.upf.edu_nodeb.howard.edu_4955 9	76914.027832	0.091000	0.027000	0.000000	76914.027832	59210	1120	s	1357340809280.919922
planetlabpc1.upf.edu_nodeb.howard.edu_4957 9	77004.738037	0.095000	0.018000	0.000000	77004.738037	59001	1120	s	1357340809368.895020
planetlab1.temple.edu_nodeb.howard.edu_20118 5	78284.822998	0.116000	0.026000	0.000000	78284.822998	59237	1024	s	1357340810652.115967
planetlabpc1.upf.edu_nodeb.howard.edu_4992 9	79954.286133	0.153000	0.044000	0.000000	79954.286133	59274	1120	s	1357340812322.041016
planetlab1.temple.edu_nodeb.howard.edu_20177 5	80908.253906	0.058000	0.022000	0.000000	80908.253906	59289	1024	s	1357340813276.187988
plgmu1.ite.gmu.edu_nodeb.howard.edu_1833 5	81074.699951	1.025000	0.081000	0.000000	81074.699951	58810	208	s	1357340813436.114014
ebb.colgate.edu_nodeb.howard.edu_4558 9	81105.223145	0.104000	0.016000	0.000000	81105.223145	59287	1312	s	1357340813473.131104
planetlab1.temple.edu_nodeb.howard.edu_20184 5	81526.836914	0.047000	0.024000	0.000000	81526.836914	59251	1024	s	1357340813894.312988
planetlab2.cs.pitt.edu_nodeb.howard.edu_7156 5	83860.738037	0.029000	0.052000	0.000000	83860.738037	58843	176	s	1357340816222.538086
planetlab1.temple.edu_nodeb.howard.edu_20230 5	84678.833984	0.107000	0.034000	0.000000	84678.833984	59301	1024	s	1357340817046.913086
ricepl-2.cs.rice.edu_nodeb.howard.edu_9751 3	86964.999023	51708.944000	0.069000	0.000000	86964.999023	58928	128	s	1357340819327.798096
ricepl-2.cs.rice.edu_nodeb.howard.edu_9817 3	87912.203125	52031.842000	0.035000	0.000000	87912.203125	58949	128	s	1357340820275.716064
planetlabpc1.upf.edu_nodeb.howard.edu_5107 9	89730.324951	0.098000	0.174000	0.000000	89730.324951	59338	1120	s	1357340822098.854980
planetlabpc1.upf.edu_nodeb.howard.edu_5110 9	89794.635010	0.154000	0.018000	0.000000	89794.635010	59336	1120	s	1357340822163.138916
planetlabpc1.upf.edu_nodeb.howard.edu_5113 9	90048.208984	0.137000	0.019000	0.000000	90048.208984	59342	1120	s	1357340822416.788086
planetlab4.williams.edu_nodeb.howard.edu_1554 6	90467.942871	0.060000	0.042000	0.000000	90467.942871	58972	240	s	1357340822831.739990
planetlabpc1.upf.edu_nodeb.howard.edu_5118 9	90520.147949	0.035000	0.027000	0.000000	90520.147949	59339	1120	s	1357340822888.690918
planetlab2.cs.pitt.edu_nodeb.howard.edu_7435 5	91195.641846	0.044000	0.032000	0.000000	91195.641846	58995	176	s	1357340823559.722900
planetlab1.temple.edu_nodeb.howard.edu_20311 5	91272.707031	0.057000	0.028000	0.000000	91272.707031	59333	1024	s	1357340823641.165039
planetlabpc1.upf.edu_nodeb.howard.edu_5142 9	91681.573975	0.049000	0.019000	0.000000	91681.573975	59330	1120	s	1357340824049.997070
planetlabpc1.upf.edu_nodeb.howard.edu_5153 9	92565.187988	0.160000	0.065000	0.000000	92565.187988	59354	1120	s	1357340824933.915039
planetlab1.cs.unc.edu_nodeb.howard.edu_20269 9	93539.180908	14556.694000	0.025000	0.000000	93539.180908	58953	512	s	1357340825902.754883
planetlab1.temple.edu_nodeb.howard.edu_20352 5	94392.069092	0.171000	0.031000	0.000000	94392.069092	59364	1024	s	1357340826760.927002
planetlab1.cs.unc.edu_nodeb.howard.edu_20555 9	94762.747070	14165.298000	0.019000	0.000000	94762.747070	59017	512	s	1357340827127.131104
planetlab1.temple.edu_nodeb.howard.edu_20377 5	95228.917969	0.053000	0.032000	0.000000	95228.917969	59367	1024	s	1357340827597.813965
planetlab1.cs.unc.edu_nodeb.howard.edu_20755 9	95444.400879	13878.563000	0.017000	0.000000	95444.400879	59073	512	s	1357340827809.451904
planetlab1.temple.edu_nodeb.howard.edu_20386 5	95544.770020	0.258000	0.033000	0.000000	95544.770020	59365	1024	s	1357340827913.642090
planetlab1.cs.unc.edu_nodeb.howard.edu_20782 9	95567.007812	13686.695000	0.017000	0.000000	95567.007812	59080	512	s	1357340827932.138916
planetlab1.cs.unc.edu_nodeb.howard.edu_20784 9	95567.364990	13664.094000	0.017000	0.000000	95567.364990	59081	512	s	1357340827932.507080
planetlab1.cs.unc.edu_nodeb.howard.edu_20791 9	95585.158936	13606.185000	0.017000	0.000000	95585.158936	59083	512	s	1357340827950.327881
planetlab1.cs.unc.edu_nodeb.howard.edu_20795 9	95598.207031	13576.428000	0.018000	0.000000	95598.207031	59085	512	s	1357340827963.397949
planetlab1.cs.unc.edu_nodeb.howard.edu_20844 9	95769.298828	13348.879000	0.022000	0.000000	95769.298828	59097	512	s	1357340828134.629883
planetlab1.cs.unc.edu_nodeb.howard.edu_20908 9	95926.459961	13097.330000	0.022000	0.000000	95926.459961	59113	512	s	1357340828291.987061
planetlab1.temple.edu_nodeb.howard.edu_20421 5	96603.476074	0.158000	0.033000	0.000000	96603.476074	59361	1024	s	1357340828972.292969
planetlab1.temple.edu_nodeb.howard.edu_20439 5	96805.560791	0.348000	0.030000	0.000000	96805.560791	59373	1024	s	1357340829174.534912
ricepl-2.cs.rice.edu_nodeb.howard.edu_10512 3	97861.653076	52243.050000	0.048000	0.000000	97861.653076	59098	128	s	1357340830226.996094
planetlabpc1.upf.edu_nodeb.howard.edu_5214 9	98354.261963	0.029000	0.106000	0.000000	98354.261963	59370	1120	s	1357340830723.195068
planetlab1.cs.umass.edu_nodeb.howard.edu_4322 9	98650.890137	0.072000	0.016000	0.000000	98650.890137	59393	1184	s	1357340831020.134033
planetlab1.cs.unc.edu_nodeb.howard.edu_21848 9	99191.094971	10923.217000	0.022000	0.000000	99191.094971	59258	512	s	1357340831558.656982
planetlab1.cs.unc.edu_nodeb.howard.edu_21936 9	99573.459229	10067.761000	0.021000	0.000000	99573.459229	59337	512	s	1357340831941.974121
planetlab1.temple.edu_nodeb.howard.edu_20811 5	100671.248047	0.048000	0.026000	0.000000	100671.248047	59381	1024	s	1357340833040.329102
planetlab1.temple.edu_nodeb.howard.edu_20879 5	102103.950195	0.060000	0.033000	0.000000	102103.950195	59398	1024	s	1357340834473.256104
planetlab1.temple.edu_nodeb.howard.edu_20881 5	102118.073975	0.058000	0.021000	0.000000	102118.073975	59416	1024	s	1357340834487.879883
ricepl-2.cs.rice.edu_nodeb.howard.edu_11053 3	105064.166016	53966.972000	0.044000	0.000000	105064.166016	59150	128	s	1357340837430.141113
plgmu1.ite.gmu.edu_nodeb.howard.edu_2833 5	110551.092773	0.139000	0.078000	0.000000	110551.092773	59194	208	s	1357340842917.785889
plgmu1.ite.gmu.edu_nodeb.howard.edu_2992 5	121788.813965	0.079000	0.075000	0.000000	121788.813965	59471	208	s	1357340854159.379883
planetlab2.cs.pitt.edu_nodeb.howard.edu_9427 5	131720.128906	0.026000	0.032000	0.000000	131720.128906	59514	176	s	1357340864091.233887
planetlab1.temple.edu_nodeb.howard.edu_28125 5	135927.535889	9996.147000	0.029000	0.000000	135927.535889	59448	1024	s	1357340868297.718994
planetlab1.temple.edu_nodeb.howard.edu_28130 5	135929.867920	9995.671000	0.023000	0.000000	135929.867920	59432	1024	s	1357340868299.863037
planetlab1.temple.edu_nodeb.howard.edu_28561 5	136945.624023	10176.612000	0.022000	0.000000	136945.624023	59450	1024	s	1357340869315.830078
planetlab1.temple.edu_nodeb.howard.edu_28677 5	137264.900879	10183.386000	0.030000	0.000000	137264.900879	59440	1024	s	1357340869634.991943
planetlab1.temple.edu_nodeb.howard.edu_29183 5	138613.919922	10436.975000	0.026000	0.000000	138613.919922	59449	1024	s	1357340870984.114990
planetlab1.temple.edu_nodeb.howard.edu_29266 5	138800.751221	10489.335000	0.021000	0.000000	138800.751221	59452	1024	s	1357340871171.027100
ebb.colgate.edu_nodeb.howard.edu_7451 9	140146.083008	0.028000	0.016000	0.000000	140146.083008	59466	1312	s	1357340872516.531982
planetlab1.temple.edu_nodeb.howard.edu_33608 5	150599.541992	6383.470000	0.035000	0.000000	150599.541992	59512	1024	s	1357340882970.625000
planetlab1.temple.edu_nodeb.howard.edu_34901 5	153260.697021	5309.379000	0.021000	0.000000	153260.697021	59507	1024	s	1357340885631.720947
planetlab1.temple.edu_nodeb.howard.edu_35895 5	155602.232910	4943.781000	0.029000	0.000000	155602.232910	59487	1024	s	1357340887973.000977
planetlab1.cs.uiuc.edu_nodeb.howard.edu_23505 3	157396.658936	122354.859000	0.139000	0.000000	157396.658936	58925	32	s	1357340889759.419922
planetlab-03.cs.princeton.edu_nodeb.howard.edu_4605 5	157490.521973	0.347000	0.792000	0.000000	157490.521973	58801	112	s	1357340889851.780029
flow.colgate.edu_nodeb.howard.edu_16230 3	163559.629883	133252.087000	0.017000	0.000000	163559.629883	58852	64	s	1357340895921.533936
planetlab4.wail.wisc.edu_nodeb.howard.edu_27872 4	166894.559082	65.317000	0.022000	0.000000	166894.559082	58882	96	s	1357340899256.813965
planetlab4.csail.mit.edu_nodeb.howard.edu_3061 5	173056.184814	48065.157000	0.046000	0.000000	173056.184814	59493	1344	s	1357340905427.033936
planetlab-03.cs.princeton.edu_nodeb.howard.edu_4853 5	175871.522949	0.404000	0.046000	0.000000	175871.522949	59057	112	s	1357340908236.386963
planetlab-03.cs.princeton.edu_nodeb.howard.edu_4898 5	185096.067871	0.141000	0.058000	0.000000	185096.067871	59185	112	s	1357340917462.656982
flow.colgate.edu_nodeb.howard.edu_18892 3	185442.239014	130723.160000	0.037000	0.000000	185442.239014	59236	64	s	1357340917809.520020
pl2.eecs.utk.edu_nodeb.howard.edu_6412 9	185704.151123	0.050000	0.016000	0.000000	185704.151123	59263	80	s	1357340918071.781006
planetlab-03.cs.princeton.edu_nodeb.howard.edu_4904 5	185877.806885	0.141000	0.046000	0.000000	185877.806885	59281	112	s	1357340918245.645996
planetlab-03.cs.princeton.edu_nodeb.howard.edu_4906 5	185936.661865	0.090000	0.043000	0.000000	185936.661865	59297	112	s	1357340918304.688965
planetlab-03.cs.princeton.edu_nodeb.howard.edu_4908 5	185954.335938	0.099000	0.035000	0.000000	185954.335938	59312	112	s	1357340918322.541016
planetlab-03.cs.princeton.edu_nodeb.howard.edu_4912 5	185977.578125	0.199000	0.038000	0.000000	185977.578125	59313	112	s	1357340918345.797119
planetlab-03.cs.princeton.edu_nodeb.howard.edu_4914 5	185991.400146	0.238000	0.037000	0.000000	185991.400146	59315	112	s	1357340918359.643066
planetlab-03.cs.princeton.edu_nodeb.howard.edu_4916 5	185993.144775	0.111000	0.029000	0.000000	185993.144775	59317	112	s	1357340918361.410889
planetlab-03.cs.princeton.edu_nodeb.howard.edu_4918 5	186011.750000	0.207000	0.034000	0.000000	186011.750000	59321	112	s	1357340918380.061035
planetlab-03.cs.princeton.edu_nodeb.howard.edu_4924 5	186141.172852	0.108000	0.032000	0.000000	186141.172852	59377	112	s	1357340918510.199951
flow.colgate.edu_nodeb.howard.edu_19076 3	186242.131836	124923.138000	0.020000	0.000000	186242.131836	59409	64	s	1357340918611.845947
planetlab1.cs.uiuc.edu_nodeb.howard.edu_30998 3	196829.300049	133139.294000	0.061000	0.000000	196829.300049	59428	32	s	1357340929199.249023
ricepl-2.cs.rice.edu_nodeb.howard.edu_28357 9	249490.688232	41991.436000	0.023000	0.000000	249490.688232	58870	128	s	1357340981852.797119
ricepl-2.cs.rice.edu_nodeb.howard.edu_28395 9	249904.862793	41884.862000	0.023000	0.000000	249904.862793	58941	128	s	1357340982267.816895
ricepl-2.cs.rice.edu_nodeb.howard.edu_28459 9	250489.637939	41946.135000	0.017000	0.000000	250489.637939	58985	128	s	1357340982853.594971
ricepl-2.cs.rice.edu_nodeb.howard.edu_28618 9	251468.408936	41911.836000	0.018000	0.000000	251468.408936	59011	128	s	1357340983832.681885
ricepl-2.cs.rice.edu_nodeb.howard.edu_28672 9	251864.962158	41890.728000	0.016000	0.000000	251864.962158	59037	128	s	1357340984229.590088
ricepl-2.cs.rice.edu_nodeb.howard.edu_28711 9	252126.572021	41921.900000	0.046000	0.000000	252126.572021	59053	128	s	1357340984491.386963
ricepl-2.cs.rice.edu_nodeb.howard.edu_28717 9	252184.789062	41966.519000	0.014000	0.000000	252184.789062	59061	128	s	1357340984549.697998
ricepl-2.cs.rice.edu_nodeb.howard.edu_28722 9	252238.475830	41989.252000	0.015000	0.000000	252238.475830	59065	128	s	1357340984603.431885
ricepl-2.cs.rice.edu_nodeb.howard.edu_28728 9	252275.677979	41998.905000	0.019000	0.000000	252275.677979	59068	128	s	1357340984640.667969
ricepl-2.cs.rice.edu_nodeb.howard.edu_28733 9	252314.500000	42000.969000	0.015000	0.000000	252314.500000	59069	128	s	1357340984679.503906
ricepl-2.cs.rice.edu_nodeb.howard.edu_28754 9	252562.204834	42152.754000	0.017000	0.000000	252562.204834	59071	128	s	1357340984927.232910
ricepl-2.cs.rice.edu_nodeb.howard.edu_28927 9	254800.193848	41512.580000	0.018000	0.000000	254800.193848	59126	128	s	1357340987165.877930
ricepl-2.cs.rice.edu_nodeb.howard.edu_29074 9	255707.422119	39882.452000	0.020000	0.000000	255707.422119	59133	128	s	1357340988073.193115
ricepl-2.cs.rice.edu_nodeb.howard.edu_29093 9	255793.992920	39800.198000	0.017000	0.000000	255793.992920	59139	128	s	1357340988159.837891
ricepl-2.cs.rice.edu_nodeb.howard.edu_29916 9	260909.700195	34861.527000	0.037000	0.000000	260909.700195	59157	128	s	1357340993275.891113
ricepl-2.cs.rice.edu_nodeb.howard.edu_29973 9	261946.325928	35509.869000	0.033000	0.000000	261946.325928	59177	128	s	1357340994312.816895
ricepl-2.cs.rice.edu_nodeb.howard.edu_30062 9	262854.979004	35612.609000	0.027000	0.000000	262854.979004	59209	128	s	1357340995221.855957
ricepl-2.cs.rice.edu_nodeb.howard.edu_30216 9	263502.096191	35354.426000	0.042000	0.000000	263502.096191	59233	128	s	1357340995869.339111
ricepl-2.cs.rice.edu_nodeb.howard.edu_30313 9	263935.875000	35136.938000	0.018000	0.000000	263935.875000	59240	128	s	1357340996303.202881
ricepl-2.cs.rice.edu_nodeb.howard.edu_30381 9	264231.420898	34666.755000	0.030000	0.000000	264231.420898	59241	128	s	1357340996598.760010
ricepl-2.cs.rice.edu_nodeb.howard.edu_30401 9	264301.372070	34651.103000	0.016000	0.000000	264301.372070	59243	128	s	1357340996668.735107
ricepl-2.cs.rice.edu_nodeb.howard.edu_30423 9	264355.656982	34598.158000	0.022000	0.000000	264355.656982	59245	128	s	1357340996723.060059
ricepl-2.cs.rice.edu_nodeb.howard.edu_30516 9	264729.927979	34322.081000	0.020000	0.000000	264729.927979	59254	128	s	1357340997097.445068
ricepl-2.cs.rice.edu_nodeb.howard.edu_30526 9	264804.956055	34350.442000	0.019000	0.000000	264804.956055	59257	128	s	1357340997172.507080
ricepl-2.cs.rice.edu_nodeb.howard.edu_30591 9	265190.710938	34104.464000	0.031000	0.000000	265190.710938	59266	128	s	1357340997558.375977
ricepl-2.cs.rice.edu_nodeb.howard.edu_30596 9	265200.023926	34091.178000	0.029000	0.000000	265200.023926	59265	128	s	1357340997567.676025
ricepl-2.cs.rice.edu_nodeb.howard.edu_30604 9	265265.095947	34113.388000	0.019000	0.000000	265265.095947	59267	128	s	1357340997632.771973
ricepl-2.cs.rice.edu_nodeb.howard.edu_30625 9	265380.093994	34025.842000	0.019000	0.000000	265380.093994	59271	128	s	1357340997747.814941
ricepl-2.cs.rice.edu_nodeb.howard.edu_30683 9	265713.620117	33989.496000	0.022000	0.000000	265713.620117	59275	128	s	1357340998081.391113
ricepl-2.cs.rice.edu_nodeb.howard.edu_30755 9	266126.335938	33938.387000	0.034000	0.000000	266126.335938	59283	128	s	1357340998494.197998
ricepl-2.cs.rice.edu_nodeb.howard.edu_30875 9	266955.118896	33825.016000	0.018000	0.000000	266955.118896	59299	128	s	1357340999323.168945
ricepl-2.cs.rice.edu_nodeb.howard.edu_30895 9	267091.422852	33703.259000	0.019000	0.000000	267091.422852	59318	128	s	1357340999459.699951
ricepl-2.cs.rice.edu_nodeb.howard.edu_30898 9	267110.331055	33634.155000	0.043000	0.000000	267110.331055	59325	128	s	1357340999478.696045
ricepl-2.cs.rice.edu_nodeb.howard.edu_30901 9	267130.458984	33583.930000	0.034000	0.000000	267130.458984	59331	128	s	1357340999498.893066
ricepl-2.cs.rice.edu_nodeb.howard.edu_30907 9	267151.409912	33500.207000	0.016000	0.000000	267151.409912	59350	128	s	1357340999520.083008
ricepl-2.cs.rice.edu_nodeb.howard.edu_30931 9	267275.602051	33463.002000	0.013000	0.000000	267275.602051	59366	128	s	1357340999644.486084
ricepl-2.cs.rice.edu_nodeb.howard.edu_30929 9	267278.947998	33462.639000	0.017000	0.000000	267278.947998	59369	128	s	1357340999647.868896
ricepl-2.cs.rice.edu_nodeb.howard.edu_30936 9	267303.779053	33455.617000	0.016000	0.000000	267303.779053	59378	128	s	1357340999672.820068
ricepl-2.cs.rice.edu_nodeb.howard.edu_30941 9	267313.940918	33437.635000	0.021000	0.000000	267313.940918	59380	128	s	1357340999683.010010
ricepl-2.cs.rice.edu_nodeb.howard.edu_30944 9	267340.769043	33427.645000	0.015000	0.000000	267340.769043	59382	128	s	1357340999709.862061
ricepl-2.cs.rice.edu_nodeb.howard.edu_30946 9	267344.630127	33422.047000	0.011000	0.000000	267344.630127	59383	128	s	1357340999713.736084
ricepl-2.cs.rice.edu_nodeb.howard.edu_30948 9	267354.909912	33431.089000	0.011000	0.000000	267354.909912	59390	128	s	1357340999724.114990
ricepl-2.cs.rice.edu_nodeb.howard.edu_31271 9	269196.301025	32036.291000	0.054000	0.000000	269196.301025	59488	128	s	1357341001567.082031
roam2.cs.ou.edu_nodeb.howard.edu_24266 9	334753.285156	88548.416000	0.013000	0.000000	334753.285156	58803	16	s	1357341067114.611084
planetlab4.rutgers.edu_nodeb.howard.edu_5138 9	373994.602051	0.054000	0.009000	0.000000	373994.602051	58919	1216	s	1357341106357.293945
aguila1.lsi.upc.edu_nodeb.howard.edu_15864 9	413247.279785	71639.781000	0.010000	0.000000	413247.279785	58893	352	s	1357341145609.660889
flow.colgate.edu_nodeb.howard.edu_46970 9	414882.649902	24273.426000	0.014000	0.000000	414882.649902	58823	64	s	1357341147244.218994
flow.colgate.edu_nodeb.howard.edu_47021 9	415084.343018	24291.766000	0.012000	0.000000	415084.343018	58835	64	s	1357341147446.048096
flow.colgate.edu_nodeb.howard.edu_47036 9	415144.812988	24284.350000	0.009000	0.000000	415144.812988	58837	64	s	1357341147506.541016
flow.colgate.edu_nodeb.howard.edu_47048 9	415170.057129	24274.104000	0.009000	0.000000	415170.057129	58838	64	s	1357341147531.799072
flow.colgate.edu_nodeb.howard.edu_47050 9	415172.021973	24271.593000	0.010000	0.000000	415172.021973	58839	64	s	1357341147533.775879
flow.colgate.edu_nodeb.howard.edu_47134 9	415506.614014	24188.727000	0.011000	0.000000	415506.614014	58847	64	s	1357341147868.458008
flow.colgate.edu_nodeb.howard.edu_47197 9	415783.929932	24217.322000	0.012000	0.000000	415783.929932	58857	64	s	1357341148145.888916
flow.colgate.edu_nodeb.howard.edu_47258 9	416013.647949	24161.543000	0.012000	0.000000	416013.647949	58871	64	s	1357341148375.768066
flow.colgate.edu_nodeb.howard.edu_47403 9	416525.829102	23704.199000	0.012000	0.000000	416525.829102	58932	64	s	1357341148888.674072
flow.colgate.edu_nodeb.howard.edu_47415 9	416562.417969	23694.928000	0.009000	0.000000	416562.417969	58945	64	s	1357341148925.418945
flow.colgate.edu_nodeb.howard.edu_47438 9	416670.322998	23495.678000	0.013000	0.000000	416670.322998	58967	64	s	1357341149034.063965
flow.colgate.edu_nodeb.howard.edu_47674 9	417886.224854	23346.192000	0.013000	0.000000	417886.224854	59031	64	s	1357341150250.782959
flow.colgate.edu_nodeb.howard.edu_47697 9	418037.647949	23401.298000	0.013000	0.000000	418037.647949	59051	64	s	1357341150402.439941
flow.colgate.edu_nodeb.howard.edu_47730 9	418340.089111	23605.428000	0.013000	0.000000	418340.089111	59079	64	s	1357341150705.208008
flow.colgate.edu_nodeb.howard.edu_47757 9	418535.271973	23695.012000	0.012000	0.000000	418535.271973	59091	64	s	1357341150900.531982
flow.colgate.edu_nodeb.howard.edu_47759 9	418559.323975	23716.947000	0.007000	0.000000	418559.323975	59093	64	s	1357341150924.606934
flow.colgate.edu_nodeb.howard.edu_47761 9	418560.515137	23717.711000	0.006000	0.000000	418560.515137	59094	64	s	1357341150925.809082
flow.colgate.edu_nodeb.howard.edu_47766 9	418584.534912	23718.991000	0.009000	0.000000	418584.534912	59095	64	s	1357341150949.843994
flow.colgate.edu_nodeb.howard.edu_47773 9	418626.141113	23740.666000	0.007000	0.000000	418626.141113	59103	64	s	1357341150991.541992
flow.colgate.edu_nodeb.howard.edu_47957 9	419614.847900	23807.084000	0.010000	0.000000	419614.847900	59127	64	s	1357341151980.542969
flow.colgate.edu_nodeb.howard.edu_48188 9	420925.300049	23895.306000	0.009000	0.000000	420925.300049	59351	64	s	1357341153293.988037
flow.colgate.edu_nodeb.howard.edu_48203 9	420986.450928	23897.432000	0.009000	0.000000	420986.450928	59394	64	s	1357341153355.707031
flow.colgate.edu_nodeb.howard.edu_48223 9	421074.082031	23757.235000	0.014000	0.000000	421074.082031	59424	64	s	1357341153443.980957
flow.colgate.edu_nodeb.howard.edu_48226 9	421076.230957	23744.138000	0.008000	0.000000	421076.230957	59426	64	s	1357341153446.156982
flow.colgate.edu_nodeb.howard.edu_48229 9	421099.183105	23755.964000	0.007000	0.000000	421099.183105	59427	64	s	1357341153469.120117
flow.colgate.edu_nodeb.howard.edu_48231 9	421101.664062	23745.748000	0.007000	0.000000	421101.664062	59430	64	s	1357341153471.635986
flow.colgate.edu_nodeb.howard.edu_48233 9	421114.376953	23757.688000	0.009000	0.000000	421114.376953	59434	64	s	1357341153484.395020
flow.colgate.edu_nodeb.howard.edu_48235 9	421118.481934	23746.263000	0.008000	0.000000	421118.481934	59442	64	s	1357341153488.594971
flow.colgate.edu_nodeb.howard.edu_48240 9	421135.397949	23737.958000	0.008000	0.000000	421135.397949	59453	64	s	1357341153505.687988
flow.colgate.edu_nodeb.howard.edu_48243 9	421143.402832	23673.869000	0.012000	0.000000	421143.402832	59464	64	s	1357341153513.827881
flow.colgate.edu_nodeb.howard.edu_48245 9	421160.838867	23669.902000	0.010000	0.000000	421160.838867	59490	64	s	1357341153531.649902
flow.colgate.edu_nodeb.howard.edu_48248 9	421168.614990	23603.903000	0.014000	0.000000	421168.614990	59520	64	s	1357341153539.792969
flow.colgate.edu_nodeb.howard.edu_48250 9	421175.970215	23592.918000	0.010000	0.000000	421175.970215	59523	64	s	1357341153547.183105
flow.colgate.edu_nodeb.howard.edu_48252 9	421179.470215	23596.733000	0.009000	0.000000	421179.470215	59522	64	s	1357341153550.672119
flow.colgate.edu_nodeb.howard.edu_48254 9	421185.479004	23593.489000	0.010000	0.000000	421185.479004	59526	64	s	1357341153556.727051
flow.colgate.edu_nodeb.howard.edu_48256 9	421194.045898	23588.810000	0.011000	0.000000	421194.045898	59530	64	s	1357341153565.344971
aguila1.lsi.upc.edu_nodeb.howard.edu_16444 9	445026.077881	84136.938000	0.015000	0.000000	445026.077881	59145	352	s	1357341177391.991943
aguila1.lsi.upc.edu_nodeb.howard.edu_16463 9	445688.838135	83898.400000	0.012000	0.000000	445688.838135	59165	352	s	1357341178055.132080
aguila1.lsi.upc.edu_nodeb.howard.edu_16480 9	446337.193115	83804.273000	0.014000	0.000000	446337.193115	59141	352	s	1357341178703.061035
aguila1.lsi.upc.edu_nodeb.howard.edu_16496 9	446661.608154	83271.047000	0.007000	0.000000	446661.608154	59213	352	s	1357341179028.540039
aguila1.lsi.upc.edu_nodeb.howard.edu_16502 9	446752.640869	82775.739000	0.004000	0.000000	446752.640869	59181	352	s	1357341179119.179932
aguila1.lsi.upc.edu_nodeb.howard.edu_16504 9	446777.563965	82784.204000	0.004000	0.000000	446777.563965	59149	352	s	1357341179143.528076
aguila1.lsi.upc.edu_nodeb.howard.edu_16506 9	446846.649902	82793.932000	0.003000	0.000000	446846.649902	59151	352	s	1357341179212.635986
aguila1.lsi.upc.edu_nodeb.howard.edu_16610 9	447927.750977	77385.462000	0.011000	0.000000	447927.750977	59070	352	s	1357341180292.767090
aguila1.lsi.upc.edu_nodeb.howard.edu_16668 9	448697.633057	75240.242000	0.037000	0.000000	448697.633057	59148	352	s	1357341181063.584961
aguila1.lsi.upc.edu_nodeb.howard.edu_16681 9	448821.983154	74293.164000	0.042000	0.000000	448821.983154	59422	352	s	1357341181191.860107
aguila1.lsi.upc.edu_nodeb.howard.edu_16765 9	450527.979980	67525.132000	0.010000	0.000000	450527.979980	59277	352	s	1357341182895.773926
planetlab1.cs.uiuc.edu_nodeb.howard.edu_91682 9	476839.625977	41764.911000	0.025000	0.000000	476839.625977	58818	32	s	1357341209201.135986
aguila2.lsi.upc.edu_nodeb.howard.edu_3893 2	476966.610840	456820.661000	0.018000	0.000000	476966.610840	59087	384	s	1357341209331.825928
planetlab1.cs.uiuc.edu_nodeb.howard.edu_92867 9	480832.517090	40797.010000	0.025000	0.000000	480832.517090	58848	32	s	1357341213194.372070
planetlab1.cs.uiuc.edu_nodeb.howard.edu_92903 9	480948.414062	40785.933000	0.037000	0.000000	480948.414062	58850	32	s	1357341213310.291992
planetlab1.rutgers.edu_nodeb.howard.edu_11835 3	480980.577881	0.133000	0.058000	0.000000	480980.577881	59104	448	s	1357341213345.990967
planetlab1.cs.uiuc.edu_nodeb.howard.edu_92955 9	481143.212891	40660.905000	0.029000	0.000000	481143.212891	58851	32	s	1357341213505.104004
planetlab1.cs.uiuc.edu_nodeb.howard.edu_93126 9	481751.483887	40586.816000	0.029000	0.000000	481751.483887	58854	32	s	1357341214113.409912
planetlab1.cs.uiuc.edu_nodeb.howard.edu_93137 9	481774.851074	40565.364000	0.029000	0.000000	481774.851074	58858	32	s	1357341214136.822021
planetlab1.cs.uiuc.edu_nodeb.howard.edu_93444 9	482744.726074	40697.015000	0.024000	0.000000	482744.726074	58866	32	s	1357341215106.790039
planetlab1.cs.uiuc.edu_nodeb.howard.edu_93855 9	484137.806885	41077.827000	0.030000	0.000000	484137.806885	58877	32	s	1357341216500.003906
planetlab1.cs.uiuc.edu_nodeb.howard.edu_94585 9	486491.670166	40161.072000	0.029000	0.000000	486491.670166	58934	32	s	1357341218854.538086
roam2.cs.ou.edu_nodeb.howard.edu_35092 9	487737.725830	138928.036000	0.023000	0.000000	487737.725830	58808	16	s	1357341220099.116943
planetlab1.cs.uiuc.edu_nodeb.howard.edu_95390 9	488768.791016	37375.897000	0.029000	0.000000	488768.791016	59038	32	s	1357341221133.430908
planetlab1.cs.uiuc.edu_nodeb.howard.edu_95920 9	491053.100830	35790.164000	0.027000	0.000000	491053.100830	59144	32	s	1357341223419.002930
planetlab1.cs.uiuc.edu_nodeb.howard.edu_95963 9	491149.785889	35682.502000	0.026000	0.000000	491149.785889	59166	32	s	1357341223516.135986
planetlab1.cs.uiuc.edu_nodeb.howard.edu_96246 9	491790.203857	34676.825000	0.028000	0.000000	491790.203857	59261	32	s	1357341224157.804932
planetlab1.cs.uiuc.edu_nodeb.howard.edu_96303 9	491921.375977	34518.618000	0.026000	0.000000	491921.375977	59278	32	s	1357341224289.180908
planetlab1.cs.uiuc.edu_nodeb.howard.edu_96328 9	491964.500977	34494.766000	0.029000	0.000000	491964.500977	59286	32	s	1357341224332.396973
planetlab1.cs.uiuc.edu_nodeb.howard.edu_96332 9	491972.928955	34488.734000	0.023000	0.000000	491972.928955	59290	32	s	1357341224340.875000
planetlab1.cs.uiuc.edu_nodeb.howard.edu_96337 9	491980.499023	34482.513000	0.026000	0.000000	491980.499023	59294	32	s	1357341224348.491943
planetlab1.cs.uiuc.edu_nodeb.howard.edu_96335 9	491982.552979	34488.004000	0.053000	0.000000	491982.552979	59292	32	s	1357341224350.521973
planetlab1.cs.uiuc.edu_nodeb.howard.edu_96340 9	491987.614990	34478.868000	0.024000	0.000000	491987.614990	59295	32	s	1357341224355.618896
planetlab1.cs.uiuc.edu_nodeb.howard.edu_96382 9	492058.066162	34421.368000	0.047000	0.000000	492058.066162	59326	32	s	1357341224426.444092
planetlab1.cs.uiuc.edu_nodeb.howard.edu_96415 9	492103.428955	34387.622000	0.022000	0.000000	492103.428955	59358	32	s	1357341224472.208984
planetlab1.cs.uiuc.edu_nodeb.howard.edu_96419 9	492107.827881	34382.154000	0.026000	0.000000	492107.827881	59362	32	s	1357341224476.657959
planetlab1.cs.uiuc.edu_nodeb.howard.edu_96431 9	492127.427002	34355.512000	0.027000	0.000000	492127.427002	59395	32	s	1357341224496.696045
planetlab1.cs.uiuc.edu_nodeb.howard.edu_96436 9	492132.282959	34320.784000	0.026000	0.000000	492132.282959	59400	32	s	1357341224501.615967
planetlab1.cs.uiuc.edu_nodeb.howard.edu_96506 9	492334.797119	34097.689000	0.032000	0.000000	492334.797119	59457	32	s	1357341224705.134033
planetlab1.cs.uiuc.edu_nodeb.howard.edu_96508 9	492336.964844	34099.032000	0.035000	0.000000	492336.964844	59458	32	s	1357341224707.314941
planetlab1.cs.uiuc.edu_nodeb.howard.edu_96511 9	492340.314941	34085.165000	0.039000	0.000000	492340.314941	59459	32	s	1357341224710.677002
planetlab1.cs.uiuc.edu_nodeb.howard.edu_96520 9	492360.680176	34090.267000	0.025000	0.000000	492360.680176	59463	32	s	1357341224731.090088
planetlab1.cs.uiuc.edu_nodeb.howard.edu_96533 9	492387.340088	34073.939000	0.024000	0.000000	492387.340088	59467	32	s	1357341224757.802002
planetlab1.cs.uiuc.edu_nodeb.howard.edu_96539 9	492399.737061	34052.809000	0.026000	0.000000	492399.737061	59475	32	s	1357341224770.349121
planetlab1.cs.uiuc.edu_nodeb.howard.edu_96547 9	492429.647949	34024.445000	0.026000	0.000000	492429.647949	59491	32	s	1357341224800.471924
planetlab1.cs.uiuc.edu_nodeb.howard.edu_96581 9	492538.705078	34010.941000	0.028000	0.000000	492538.705078	59517	32	s	1357341224909.849121
roam2.cs.ou.edu_nodeb.howard.edu_35823 9	500385.549805	145057.551000	0.020000	0.000000	500385.549805	58822	16	s	1357341232747.107910
roam2.cs.ou.edu_nodeb.howard.edu_35918 9	500783.933105	144608.625000	0.013000	0.000000	500783.933105	58832	16	s	1357341233145.604004
roam2.cs.ou.edu_nodeb.howard.edu_36911 9	514417.563965	150808.829000	0.030000	0.000000	514417.563965	58840	16	s	1357341246779.330078
roam2.cs.ou.edu_nodeb.howard.edu_37262 9	518758.065918	151654.406000	0.021000	0.000000	518758.065918	58856	16	s	1357341251120.013916
roam2.cs.ou.edu_nodeb.howard.edu_37341 9	519079.704102	151656.901000	0.014000	0.000000	519079.704102	58864	16	s	1357341251441.745117
roam2.cs.ou.edu_nodeb.howard.edu_37448 9	519515.130859	151485.895000	0.015000	0.000000	519515.130859	58873	16	s	1357341251877.273926
roam2.cs.ou.edu_nodeb.howard.edu_37456 9	519553.757812	151507.873000	0.015000	0.000000	519553.757812	58872	16	s	1357341251915.888916
roam2.cs.ou.edu_nodeb.howard.edu_37461 9	519581.771973	151505.122000	0.058000	0.000000	519581.771973	58874	16	s	1357341251943.926025
roam2.cs.ou.edu_nodeb.howard.edu_37464 9	519594.540039	151516.066000	0.011000	0.000000	519594.540039	58876	16	s	1357341251956.721924
roam2.cs.ou.edu_nodeb.howard.edu_37903 9	524471.970947	152429.910000	0.015000	0.000000	524471.970947	58880	16	s	1357341256834.201904
roam2.cs.ou.edu_nodeb.howard.edu_37907 9	524496.947021	152429.076000	0.015000	0.000000	524496.947021	58884	16	s	1357341256859.222900
roam2.cs.ou.edu_nodeb.howard.edu_37916 9	527523.987061	155405.314000	0.015000	0.000000	527523.987061	58883	16	s	1357341259886.251953
roam2.cs.ou.edu_nodeb.howard.edu_37922 9	527548.428955	155388.942000	0.013000	0.000000	527548.428955	58885	16	s	1357341259910.717041
roam2.cs.ou.edu_nodeb.howard.edu_37963 9	527681.636963	155297.123000	0.015000	0.000000	527681.636963	58886	16	s	1357341260043.936035
roam2.cs.ou.edu_nodeb.howard.edu_37981 9	527759.094971	155272.352000	0.014000	0.000000	527759.094971	58889	16	s	1357341260121.427979
roam2.cs.ou.edu_nodeb.howard.edu_37984 9	527767.552002	155264.050000	0.011000	0.000000	527767.552002	58892	16	s	1357341260129.922119
roam2.cs.ou.edu_nodeb.howard.edu_37986 9	527768.522217	155264.076000	0.010000	0.000000	527768.522217	58891	16	s	1357341260130.881104
roam2.cs.ou.edu_nodeb.howard.edu_37988 9	527770.892090	155252.886000	0.015000	0.000000	527770.892090	58890	16	s	1357341260133.239014
roam2.cs.ou.edu_nodeb.howard.edu_38007 9	527854.214844	155230.231000	0.014000	0.000000	527854.214844	58894	16	s	1357341260216.607910
roam2.cs.ou.edu_nodeb.howard.edu_38193 9	528660.289062	153767.181000	0.013000	0.000000	528660.289062	58895	16	s	1357341261022.693115
roam2.cs.ou.edu_nodeb.howard.edu_38219 9	528762.483887	153734.664000	0.053000	0.000000	528762.483887	58896	16	s	1357341261124.898926
roam2.cs.ou.edu_nodeb.howard.edu_38221 9	528766.110107	153737.742000	0.009000	0.000000	528766.110107	58897	16	s	1357341261128.537109
roam2.cs.ou.edu_nodeb.howard.edu_38229 9	528777.580078	153717.380000	0.012000	0.000000	528777.580078	58898	16	s	1357341261140.018066
roam2.cs.ou.edu_nodeb.howard.edu_38231 9	528791.019043	153727.018000	0.013000	0.000000	528791.019043	58900	16	s	1357341261153.479980
roam2.cs.ou.edu_nodeb.howard.edu_38233 9	528795.318115	153730.660000	0.010000	0.000000	528795.318115	58899	16	s	1357341261157.767090
roam2.cs.ou.edu_nodeb.howard.edu_38257 9	528896.872070	153743.061000	0.013000	0.000000	528896.872070	58903	16	s	1357341261259.375977
roam2.cs.ou.edu_nodeb.howard.edu_38272 9	528943.984863	153741.860000	0.012000	0.000000	528943.984863	58904	16	s	1357341261306.500977
roam2.cs.ou.edu_nodeb.howard.edu_38274 9	528948.919189	153741.669000	0.009000	0.000000	528948.919189	58905	16	s	1357341261311.445068
roam2.cs.ou.edu_nodeb.howard.edu_38278 9	528966.737793	153734.545000	0.015000	0.000000	528966.737793	58906	16	s	1357341261329.275879
roam2.cs.ou.edu_nodeb.howard.edu_38280 9	528982.038818	153742.974000	0.010000	0.000000	528982.038818	58907	16	s	1357341261344.587891
roam2.cs.ou.edu_nodeb.howard.edu_38282 9	528982.800049	153739.820000	0.010000	0.000000	528982.800049	58909	16	s	1357341261345.372070
roam2.cs.ou.edu_nodeb.howard.edu_38287 9	529001.442871	153749.596000	0.011000	0.000000	529001.442871	58910	16	s	1357341261364.025879
roam2.cs.ou.edu_nodeb.howard.edu_38296 9	529042.194092	153750.423000	0.012000	0.000000	529042.194092	58911	16	s	1357341261404.789062
roam2.cs.ou.edu_nodeb.howard.edu_38324 9	529120.011963	153746.308000	0.016000	0.000000	529120.011963	58916	16	s	1357341261482.669922
roam2.cs.ou.edu_nodeb.howard.edu_38326 9	529123.099121	153745.700000	0.013000	0.000000	529123.099121	58918	16	s	1357341261485.781006
roam2.cs.ou.edu_nodeb.howard.edu_38904 9	537889.741943	158029.383000	0.014000	0.000000	537889.741943	58922	16	s	1357341270252.469971
roam2.cs.ou.edu_nodeb.howard.edu_38906 9	537902.565918	158038.910000	0.008000	0.000000	537902.565918	58923	16	s	1357341270265.304932
roam2.cs.ou.edu_nodeb.howard.edu_38908 9	537907.751953	158027.096000	0.014000	0.000000	537907.751953	58924	16	s	1357341270270.501953
roam2.cs.ou.edu_nodeb.howard.edu_38910 9	537911.996094	158029.448000	0.010000	0.000000	537911.996094	58926	16	s	1357341270274.768066
roam2.cs.ou.edu_nodeb.howard.edu_38917 9	537939.496094	158041.766000	0.014000	0.000000	537939.496094	58927	16	s	1357341270302.281006
roam2.cs.ou.edu_nodeb.howard.edu_38939 9	537988.970947	158006.507000	0.016000	0.000000	537988.970947	58931	16	s	1357341270351.804932
roam2.cs.ou.edu_nodeb.howard.edu_38960 9	538037.107910	157992.174000	0.010000	0.000000	538037.107910	58937	16	s	1357341270400.010010
roam2.cs.ou.edu_nodeb.howard.edu_38964 9	538045.522949	157983.065000	0.012000	0.000000	538045.522949	58938	16	s	1357341270408.436035
roam2.cs.ou.edu_nodeb.howard.edu_38972 9	538070.625977	157992.993000	0.011000	0.000000	538070.625977	58939	16	s	1357341270433.551025
roam2.cs.ou.edu_nodeb.howard.edu_38976 9	538084.666016	157995.491000	0.010000	0.000000	538084.666016	58942	16	s	1357341270447.633057
roam2.cs.ou.edu_nodeb.howard.edu_38978 9	538086.088867	157980.800000	0.011000	0.000000	538086.088867	58943	16	s	1357341270449.066895
roam2.cs.ou.edu_nodeb.howard.edu_38980 9	538088.771973	157981.747000	0.009000	0.000000	538088.771973	58944	16	s	1357341270451.760986
roam2.cs.ou.edu_nodeb.howard.edu_39005 9	538152.217041	157956.711000	0.015000	0.000000	538152.217041	58948	16	s	1357341270515.718018
roam2.cs.ou.edu_nodeb.howard.edu_39007 9	538161.350098	157955.001000	0.011000	0.000000	538161.350098	58950	16	s	1357341270524.874023
roam2.cs.ou.edu_nodeb.howard.edu_39012 9	538183.056152	157959.401000	0.010000	0.000000	538183.056152	58954	16	s	1357341270546.644043
roam2.cs.ou.edu_nodeb.howard.edu_39021 9	538212.812988	157944.321000	0.015000	0.000000	538212.812988	58955	16	s	1357341270576.413086
roam2.cs.ou.edu_nodeb.howard.edu_39033 9	538260.720947	157937.632000	0.014000	0.000000	538260.720947	58956	16	s	1357341270624.332031
roam2.cs.ou.edu_nodeb.howard.edu_39155 9	541848.788086	159587.147000	0.015000	0.000000	541848.788086	58958	16	s	1357341274212.423096
roam2.cs.ou.edu_nodeb.howard.edu_39158 9	541858.023926	159571.966000	0.012000	0.000000	541858.023926	58959	16	s	1357341274221.669922
roam2.cs.ou.edu_nodeb.howard.edu_39163 9	541868.207031	159561.559000	0.017000	0.000000	541868.207031	58961	16	s	1357341274231.875977
roam2.cs.ou.edu_nodeb.howard.edu_39165 9	541880.188965	159572.474000	0.014000	0.000000	541880.188965	58960	16	s	1357341274243.846924
roam2.cs.ou.edu_nodeb.howard.edu_39172 9	541907.752197	159554.878000	0.017000	0.000000	541907.752197	58963	16	s	1357341274271.444092
roam2.cs.ou.edu_nodeb.howard.edu_39178 9	541920.909180	159532.673000	0.014000	0.000000	541920.909180	58962	16	s	1357341274284.589111
roam2.cs.ou.edu_nodeb.howard.edu_39182 9	541934.262207	159512.066000	0.015000	0.000000	541934.262207	58964	16	s	1357341274297.965088
roam2.cs.ou.edu_nodeb.howard.edu_39200 9	542001.100098	159474.562000	0.017000	0.000000	542001.100098	58968	16	s	1357341274364.851074
roam2.cs.ou.edu_nodeb.howard.edu_39202 9	542003.945068	159447.240000	0.014000	0.000000	542003.945068	58969	16	s	1357341274367.708008
roam2.cs.ou.edu_nodeb.howard.edu_39204 9	542006.946045	159444.073000	0.015000	0.000000	542006.946045	58971	16	s	1357341274370.730957
roam2.cs.ou.edu_nodeb.howard.edu_39208 9	542019.860107	159449.796000	0.012000	0.000000	542019.860107	58970	16	s	1357341274383.634033
roam2.cs.ou.edu_nodeb.howard.edu_39232 9	542086.885986	159379.979000	0.013000	0.000000	542086.885986	58974	16	s	1357341274450.706055
roam2.cs.ou.edu_nodeb.howard.edu_39236 9	542092.637939	159356.274000	0.013000	0.000000	542092.637939	58975	16	s	1357341274456.469971
roam2.cs.ou.edu_nodeb.howard.edu_39248 9	542134.270996	159317.555000	0.016000	0.000000	542134.270996	58978	16	s	1357341274498.141113
roam2.cs.ou.edu_nodeb.howard.edu_39253 9	542150.645996	159304.263000	0.013000	0.000000	542150.645996	58980	16	s	1357341274514.542969
roam2.cs.ou.edu_nodeb.howard.edu_39264 9	542178.996826	159261.004000	0.014000	0.000000	542178.996826	58982	16	s	1357341274542.918945
roam2.cs.ou.edu_nodeb.howard.edu_39279 9	542225.838867	159239.775000	0.020000	0.000000	542225.838867	58983	16	s	1357341274589.771973
roam2.cs.ou.edu_nodeb.howard.edu_39286 9	542230.490967	159209.096000	0.023000	0.000000	542230.490967	58984	16	s	1357341274594.437012
roam2.cs.ou.edu_nodeb.howard.edu_39289 9	542233.490967	159200.176000	0.011000	0.000000	542233.490967	58987	16	s	1357341274597.470947
roam2.cs.ou.edu_nodeb.howard.edu_39291 9	542236.464111	159200.808000	0.009000	0.000000	542236.464111	58988	16	s	1357341274600.456055
roam2.cs.ou.edu_nodeb.howard.edu_39336 9	542375.081787	159099.226000	0.014000	0.000000	542375.081787	58991	16	s	1357341274739.108887
roam2.cs.ou.edu_nodeb.howard.edu_39664 9	546987.942871	160691.903000	0.014000	0.000000	546987.942871	58992	16	s	1357341279351.983887
roam2.cs.ou.edu_nodeb.howard.edu_39705 9	547115.822021	160595.387000	0.017000	0.000000	547115.822021	58998	16	s	1357341279479.940918
roam2.cs.ou.edu_nodeb.howard.edu_39755 9	547248.247070	160487.021000	0.015000	0.000000	547248.247070	59000	16	s	1357341279612.392090
roam2.cs.ou.edu_nodeb.howard.edu_40176 9	552190.657959	162152.081000	0.015000	0.000000	552190.657959	59002	16	s	1357341284554.825928
roam2.cs.ou.edu_nodeb.howard.edu_40190 9	552229.648926	162145.022000	0.014000	0.000000	552229.648926	59003	16	s	1357341284593.827881
roam2.cs.ou.edu_nodeb.howard.edu_40622 9	560254.895020	166400.372000	0.014000	0.000000	560254.895020	59004	16	s	1357341292619.084961
roam2.cs.ou.edu_nodeb.howard.edu_40637 9	560282.266846	166347.366000	0.015000	0.000000	560282.266846	59006	16	s	1357341292646.482910
roam2.cs.ou.edu_nodeb.howard.edu_40678 9	560375.666016	166282.579000	0.014000	0.000000	560375.666016	59007	16	s	1357341292739.893066
roam2.cs.ou.edu_nodeb.howard.edu_40723 9	560481.706055	166233.663000	0.018000	0.000000	560481.706055	59008	16	s	1357341292845.945068
roam2.cs.ou.edu_nodeb.howard.edu_40761 9	560583.006104	166210.302000	0.015000	0.000000	560583.006104	59009	16	s	1357341292947.256104
roam2.cs.ou.edu_nodeb.howard.edu_40769 9	560605.935059	166195.051000	0.013000	0.000000	560605.935059	59010	16	s	1357341292970.196045
roam2.cs.ou.edu_nodeb.howard.edu_40773 9	560610.385010	166194.461000	0.011000	0.000000	560610.385010	59012	16	s	1357341292974.668945
roam2.cs.ou.edu_nodeb.howard.edu_40782 9	560646.235107	166200.658000	0.014000	0.000000	560646.235107	59013	16	s	1357341293010.530029
roam2.cs.ou.edu_nodeb.howard.edu_40788 9	560650.882080	166178.756000	0.013000	0.000000	560650.882080	59014	16	s	1357341293015.229980
roam2.cs.ou.edu_nodeb.howard.edu_40793 9	560667.843994	166183.495000	0.010000	0.000000	560667.843994	59015	16	s	1357341293032.205078
roam2.cs.ou.edu_nodeb.howard.edu_40807 9	560702.509033	166167.909000	0.014000	0.000000	560702.509033	59016	16	s	1357341293066.881104
roam2.cs.ou.edu_nodeb.howard.edu_40809 9	560704.131104	166164.675000	0.010000	0.000000	560704.131104	58986	16	s	1357341293068.099121
roam2.cs.ou.edu_nodeb.howard.edu_40820 9	560730.436035	166150.325000	0.012000	0.000000	560730.436035	58989	16	s	1357341293094.438965
roam2.cs.ou.edu_nodeb.howard.edu_40829 9	560769.249023	166147.677000	0.015000	0.000000	560769.249023	58990	16	s	1357341293133.263916
roam2.cs.ou.edu_nodeb.howard.edu_40839 9	560796.726074	166152.554000	0.014000	0.000000	560796.726074	59019	16	s	1357341293161.136963
roam2.cs.ou.edu_nodeb.howard.edu_40843 9	560809.527832	166143.546000	0.012000	0.000000	560809.527832	59020	16	s	1357341293173.950928
roam2.cs.ou.edu_nodeb.howard.edu_40848 9	560837.420898	166153.644000	0.014000	0.000000	560837.420898	59021	16	s	1357341293201.854980
roam2.cs.ou.edu_nodeb.howard.edu_40850 9	560838.468018	166149.956000	0.010000	0.000000	560838.468018	59022	16	s	1357341293202.913086
roam2.cs.ou.edu_nodeb.howard.edu_40857 9	560860.791016	166143.064000	0.011000	0.000000	560860.791016	59024	16	s	1357341293225.259033
roam2.cs.ou.edu_nodeb.howard.edu_40869 9	560897.091064	166131.994000	0.015000	0.000000	560897.091064	59028	16	s	1357341293261.612061
roam2.cs.ou.edu_nodeb.howard.edu_40871 9	560901.600098	166136.318000	0.011000	0.000000	560901.600098	59027	16	s	1357341293266.110107
roam2.cs.ou.edu_nodeb.howard.edu_40873 9	560912.122070	166138.629000	0.010000	0.000000	560912.122070	59030	16	s	1357341293276.666016
roam2.cs.ou.edu_nodeb.howard.edu_40875 9	560920.233154	166122.837000	0.013000	0.000000	560920.233154	59029	16	s	1357341293284.766113
roam2.cs.ou.edu_nodeb.howard.edu_40882 9	560937.794922	166128.087000	0.013000	0.000000	560937.794922	59033	16	s	1357341293302.375977
roam2.cs.ou.edu_nodeb.howard.edu_40885 9	560942.661865	166123.439000	0.016000	0.000000	560942.661865	59034	16	s	1357341293307.254883
roam2.cs.ou.edu_nodeb.howard.edu_40892 9	560958.645996	166105.452000	0.013000	0.000000	560958.645996	59035	16	s	1357341293323.250977
roam2.cs.ou.edu_nodeb.howard.edu_40897 9	560978.854980	166114.499000	0.012000	0.000000	560978.854980	59036	16	s	1357341293343.471924
roam2.cs.ou.edu_nodeb.howard.edu_40901 9	560983.567139	166092.911000	0.014000	0.000000	560983.567139	59039	16	s	1357341293348.218018
roam2.cs.ou.edu_nodeb.howard.edu_40907 9	560999.392822	166098.090000	0.010000	0.000000	560999.392822	59040	16	s	1357341293364.054932
roam2.cs.ou.edu_nodeb.howard.edu_40921 9	561035.463135	166057.908000	0.014000	0.000000	561035.463135	59044	16	s	1357341293400.176025
roam2.cs.ou.edu_nodeb.howard.edu_40925 9	561061.735840	166076.177000	0.012000	0.000000	561061.735840	59045	16	s	1357341293426.459961
roam2.cs.ou.edu_nodeb.howard.edu_40936 9	561086.248779	166050.862000	0.015000	0.000000	561086.248779	59046	16	s	1357341293450.983887
roam2.cs.ou.edu_nodeb.howard.edu_40983 9	561270.893066	165990.416000	0.015000	0.000000	561270.893066	59052	16	s	1357341293635.697021
roam2.cs.ou.edu_nodeb.howard.edu_41092 9	561761.963135	164253.811000	0.018000	0.000000	561761.963135	59054	16	s	1357341294126.790039
roam2.cs.ou.edu_nodeb.howard.edu_41122 9	561869.414062	164204.434000	0.017000	0.000000	561869.414062	59060	16	s	1357341294234.312012
roam2.cs.ou.edu_nodeb.howard.edu_41135 9	561910.628906	164179.089000	0.011000	0.000000	561910.628906	59064	16	s	1357341294275.572998
roam2.cs.ou.edu_nodeb.howard.edu_41141 9	561922.880859	164162.050000	0.016000	0.000000	561922.880859	59067	16	s	1357341294287.858887
roam2.cs.ou.edu_nodeb.howard.edu_41172 9	562013.526855	164079.930000	0.017000	0.000000	562013.526855	59072	16	s	1357341294378.566895
roam2.cs.ou.edu_nodeb.howard.edu_41183 9	562056.760986	164040.272000	0.016000	0.000000	562056.760986	59076	16	s	1357341294421.845947
roam2.cs.ou.edu_nodeb.howard.edu_41186 9	562091.511963	164059.285000	0.014000	0.000000	562091.511963	59077	16	s	1357341294456.608887
roam2.cs.ou.edu_nodeb.howard.edu_41787 9	574208.481201	171657.399000	0.017000	0.000000	574208.481201	59078	16	s	1357341306573.589111
roam2.cs.ou.edu_nodeb.howard.edu_41817 9	574327.913086	171590.651000	0.015000	0.000000	574327.913086	59084	16	s	1357341306693.093018
roam2.cs.ou.edu_nodeb.howard.edu_41825 9	574349.683105	171557.348000	0.018000	0.000000	574349.683105	59086	16	s	1357341306714.885986
roam2.cs.ou.edu_nodeb.howard.edu_41836 9	574390.390869	171544.882000	0.019000	0.000000	574390.390869	59088	16	s	1357341306755.615967
roam2.cs.ou.edu_nodeb.howard.edu_41949 9	574963.814941	170608.597000	0.090000	0.000000	574963.814941	59092	16	s	1357341307329.086914
roam2.cs.ou.edu_nodeb.howard.edu_41954 9	574970.741943	170580.118000	0.015000	0.000000	574970.741943	59096	16	s	1357341307336.062012
roam2.cs.ou.edu_nodeb.howard.edu_41971 9	575017.021973	170536.006000	0.015000	0.000000	575017.021973	59099	16	s	1357341307382.375977
roam2.cs.ou.edu_nodeb.howard.edu_41997 9	575082.088135	170452.787000	0.018000	0.000000	575082.088135	59108	16	s	1357341307447.551025
roam2.cs.ou.edu_nodeb.howard.edu_42020 9	575149.218994	170381.033000	0.016000	0.000000	575149.218994	59110	16	s	1357341307514.711914
roam2.cs.ou.edu_nodeb.howard.edu_42023 9	575158.730225	170380.409000	0.012000	0.000000	575158.730225	59112	16	s	1357341307524.245117
roam2.cs.ou.edu_nodeb.howard.edu_42037 9	575210.583984	170337.625000	0.021000	0.000000	575210.583984	59114	16	s	1357341307576.123047
roam2.cs.ou.edu_nodeb.howard.edu_42054 9	575258.838867	170264.914000	0.015000	0.000000	575258.838867	59116	16	s	1357341307624.400879
roam2.cs.ou.edu_nodeb.howard.edu_42073 9	575299.509033	170227.594000	0.017000	0.000000	575299.509033	59118	16	s	1357341307665.093018
roam2.cs.ou.edu_nodeb.howard.edu_42081 9	575329.774170	170221.010000	0.016000	0.000000	575329.774170	59119	16	s	1357341307695.370117
roam2.cs.ou.edu_nodeb.howard.edu_42084 9	575335.047119	170218.160000	0.015000	0.000000	575335.047119	59120	16	s	1357341307700.655029
roam2.cs.ou.edu_nodeb.howard.edu_42103 9	575381.582031	170197.983000	0.016000	0.000000	575381.582031	59121	16	s	1357341307747.200928
roam2.cs.ou.edu_nodeb.howard.edu_42136 9	575463.928955	170168.501000	0.017000	0.000000	575463.928955	59128	16	s	1357341307829.635986
roam2.cs.ou.edu_nodeb.howard.edu_42154 9	575508.195068	170165.120000	0.016000	0.000000	575508.195068	59129	16	s	1357341307873.913086
roam2.cs.ou.edu_nodeb.howard.edu_42711 9	584401.181885	174961.157000	0.018000	0.000000	584401.181885	59130	16	s	1357341316766.910889
roam2.cs.ou.edu_nodeb.howard.edu_42734 9	584489.710938	174849.787000	0.034000	0.000000	584489.710938	59132	16	s	1357341316855.469971
roam2.cs.ou.edu_nodeb.howard.edu_42988 9	588759.162842	176616.104000	0.019000	0.000000	588759.162842	59134	16	s	1357341321124.949951
aguila2.lsi.upc.edu_nodeb.howard.edu_4792 2	611067.280029	578630.056000	0.021000	0.000000	611067.280029	59436	384	s	1357341343437.320068
aguila2.lsi.upc.edu_nodeb.howard.edu_4900 2	630343.164795	596066.319000	0.067000	0.000000	630343.164795	59481	384	s	1357341362713.857910
roam2.cs.ou.edu_nodeb.howard.edu_45539 9	632409.233887	200830.359000	0.017000	0.000000	632409.233887	59136	16	s	1357341364775.043945
roam2.cs.ou.edu_nodeb.howard.edu_45549 9	632448.562988	200799.714000	0.015000	0.000000	632448.562988	59140	16	s	1357341364814.419922
roam2.cs.ou.edu_nodeb.howard.edu_45699 9	636259.072998	203476.930000	0.020000	0.000000	636259.072998	59147	16	s	1357341368625.012939
roam2.cs.ou.edu_nodeb.howard.edu_45701 9	636269.968994	203471.867000	0.017000	0.000000	636269.968994	59152	16	s	1357341368635.967041
roam2.cs.ou.edu_nodeb.howard.edu_45703 9	636282.727051	203482.526000	0.011000	0.000000	636282.727051	59153	16	s	1357341368648.736084
roam2.cs.ou.edu_nodeb.howard.edu_45705 9	636284.580078	203476.920000	0.011000	0.000000	636284.580078	59154	16	s	1357341368650.729980
roam2.cs.ou.edu_nodeb.howard.edu_45714 9	636310.726074	203439.133000	0.018000	0.000000	636310.726074	59155	16	s	1357341368676.892090
roam2.cs.ou.edu_nodeb.howard.edu_45716 9	636323.436035	203446.997000	0.013000	0.000000	636323.436035	59156	16	s	1357341368689.615967
roam2.cs.ou.edu_nodeb.howard.edu_45949 9	637579.742920	201881.251000	0.017000	0.000000	637579.742920	59160	16	s	1357341369945.971924
roam2.cs.ou.edu_nodeb.howard.edu_45952 9	637600.864014	201871.505000	0.019000	0.000000	637600.864014	59161	16	s	1357341369967.105957
roam2.cs.ou.edu_nodeb.howard.edu_45957 9	637602.171143	201857.302000	0.012000	0.000000	637602.171143	59162	16	s	1357341369968.425049
roam2.cs.ou.edu_nodeb.howard.edu_45977 9	637710.720215	201794.734000	0.020000	0.000000	637710.720215	59163	16	s	1357341370076.985107
roam2.cs.ou.edu_nodeb.howard.edu_45990 9	640749.301025	204743.631000	0.017000	0.000000	640749.301025	59167	16	s	1357341373115.665039
roam2.cs.ou.edu_nodeb.howard.edu_46011 9	640849.178955	204706.618000	0.018000	0.000000	640849.178955	59173	16	s	1357341373215.616943
roam2.cs.ou.edu_nodeb.howard.edu_46019 9	640878.786865	204654.099000	0.018000	0.000000	640878.786865	59182	16	s	1357341373245.337891
roam2.cs.ou.edu_nodeb.howard.edu_46021 9	640880.185059	204653.367000	0.011000	0.000000	640880.185059	59184	16	s	1357341373246.760986
roam2.cs.ou.edu_nodeb.howard.edu_46080 9	641110.505859	204699.205000	0.017000	0.000000	641110.505859	59195	16	s	1357341373477.209961
roam2.cs.ou.edu_nodeb.howard.edu_46105 9	641196.143066	204688.031000	0.020000	0.000000	641196.143066	59200	16	s	1357341373562.914062
roam2.cs.ou.edu_nodeb.howard.edu_46113 9	641223.918945	204684.115000	0.015000	0.000000	641223.918945	59201	16	s	1357341373590.701904
roam2.cs.ou.edu_nodeb.howard.edu_46116 9	641236.725098	204684.014000	0.014000	0.000000	641236.725098	59202	16	s	1357341373603.519043
roam2.cs.ou.edu_nodeb.howard.edu_46120 9	641253.547852	204694.000000	0.012000	0.000000	641253.547852	59204	16	s	1357341373620.365967
roam2.cs.ou.edu_nodeb.howard.edu_46126 9	641254.454102	204671.193000	0.014000	0.000000	641254.454102	59208	16	s	1357341373621.319092
roam2.cs.ou.edu_nodeb.howard.edu_46157 9	641347.865967	204719.488000	0.017000	0.000000	641347.865967	59214	16	s	1357341373714.809082
roam2.cs.ou.edu_nodeb.howard.edu_46169 9	641433.916992	204746.899000	0.016000	0.000000	641433.916992	59216	16	s	1357341373800.884033
roam2.cs.ou.edu_nodeb.howard.edu_46171 9	641434.104980	204746.516000	0.009000	0.000000	641434.104980	59218	16	s	1357341373801.094971
roam2.cs.ou.edu_nodeb.howard.edu_46177 9	641457.038086	204733.005000	0.015000	0.000000	641457.038086	59217	16	s	1357341373824.016113
roam2.cs.ou.edu_nodeb.howard.edu_46182 9	641478.689941	204720.726000	0.017000	0.000000	641478.689941	59219	16	s	1357341373845.690918
roam2.cs.ou.edu_nodeb.howard.edu_46188 9	641505.303955	204730.351000	0.017000	0.000000	641505.303955	59220	16	s	1357341373872.315918
roam2.cs.ou.edu_nodeb.howard.edu_46192 9	641520.948975	204718.111000	0.017000	0.000000	641520.948975	59221	16	s	1357341373887.972900
roam2.cs.ou.edu_nodeb.howard.edu_46195 9	641535.062012	204721.767000	0.012000	0.000000	641535.062012	59222	16	s	1357341373902.096924
roam2.cs.ou.edu_nodeb.howard.edu_46204 9	641571.734131	204676.522000	0.020000	0.000000	641571.734131	59224	16	s	1357341373938.849121
roam2.cs.ou.edu_nodeb.howard.edu_46212 9	641609.290039	204664.989000	0.018000	0.000000	641609.290039	59225	16	s	1357341373976.439941
roam2.cs.ou.edu_nodeb.howard.edu_46217 9	641631.643799	204655.825000	0.033000	0.000000	641631.643799	59226	16	s	1357341373998.805908
roam2.cs.ou.edu_nodeb.howard.edu_46220 9	641635.504883	204650.552000	0.012000	0.000000	641635.504883	59227	16	s	1357341374002.679932
roam2.cs.ou.edu_nodeb.howard.edu_46239 9	641721.618896	204603.080000	0.019000	0.000000	641721.618896	59228	16	s	1357341374088.804932
roam2.cs.ou.edu_nodeb.howard.edu_46268 9	641840.438965	204515.903000	0.018000	0.000000	641840.438965	59232	16	s	1357341374207.669922
roam2.cs.ou.edu_nodeb.howard.edu_46481 9	645953.350098	205910.273000	0.019000	0.000000	645953.350098	59238	16	s	1357341378320.654053
roam2.cs.ou.edu_nodeb.howard.edu_46504 9	646052.719971	205870.558000	0.018000	0.000000	646052.719971	59242	16	s	1357341378420.071045
roam2.cs.ou.edu_nodeb.howard.edu_46512 9	646093.240967	205843.399000	0.020000	0.000000	646093.240967	59244	16	s	1357341378460.614014
roam2.cs.ou.edu_nodeb.howard.edu_46521 9	646115.717041	205825.199000	0.017000	0.000000	646115.717041	59246	16	s	1357341378483.132080
roam2.cs.ou.edu_nodeb.howard.edu_46528 9	646149.660889	205838.628000	0.015000	0.000000	646149.660889	59247	16	s	1357341378517.086914
roam2.cs.ou.edu_nodeb.howard.edu_46730 9	650255.759033	208769.727000	0.018000	0.000000	650255.759033	59248	16	s	1357341382623.197021
roam2.cs.ou.edu_nodeb.howard.edu_46887 9	650863.799805	207668.782000	0.018000	0.000000	650863.799805	59250	16	s	1357341383231.263916
roam2.cs.ou.edu_nodeb.howard.edu_46889 9	650877.229980	207676.534000	0.010000	0.000000	650877.229980	59249	16	s	1357341383244.681885
roam2.cs.ou.edu_nodeb.howard.edu_46902 9	650932.730225	207604.389000	0.016000	0.000000	650932.730225	59252	16	s	1357341383300.224121
roam2.cs.ou.edu_nodeb.howard.edu_46916 9	650986.953857	207538.841000	0.018000	0.000000	650986.953857	59256	16	s	1357341383354.492920
roam2.cs.ou.edu_nodeb.howard.edu_48817 9	678130.087158	221670.098000	0.017000	0.000000	678130.087158	59262	16	s	1357341410497.704102
roam2.cs.ou.edu_nodeb.howard.edu_48836 9	678216.094971	221658.434000	0.017000	0.000000	678216.094971	59264	16	s	1357341410583.736084
roam2.cs.ou.edu_nodeb.howard.edu_48919 9	678547.604004	221596.688000	0.019000	0.000000	678547.604004	59268	16	s	1357341410915.291016
roam2.cs.ou.edu_nodeb.howard.edu_48923 9	678580.832031	221624.258000	0.012000	0.000000	678580.832031	59269	16	s	1357341410948.531006
roam2.cs.ou.edu_nodeb.howard.edu_48940 9	678636.005127	221597.781000	0.014000	0.000000	678636.005127	59270	16	s	1357341411003.715088
roam2.cs.ou.edu_nodeb.howard.edu_48960 9	678725.478027	221581.767000	0.017000	0.000000	678725.478027	59276	16	s	1357341411093.260986
roam2.cs.ou.edu_nodeb.howard.edu_48971 9	678773.213135	221573.785000	0.016000	0.000000	678773.213135	59280	16	s	1357341411141.040039
roam2.cs.ou.edu_nodeb.howard.edu_49021 9	679040.532959	221467.907000	0.018000	0.000000	679040.532959	59284	16	s	1357341411408.406982
roam2.cs.ou.edu_nodeb.howard.edu_49040 9	679130.761963	221468.241000	0.014000	0.000000	679130.761963	59291	16	s	1357341411498.719971
roam2.cs.ou.edu_nodeb.howard.edu_49254 9	683169.992920	224243.721000	0.018000	0.000000	683169.992920	59300	16	s	1357341415538.061035
roam2.cs.ou.edu_nodeb.howard.edu_49456 9	687153.812012	225912.032000	0.015000	0.000000	687153.812012	59322	16	s	1357341419522.134033
roam2.cs.ou.edu_nodeb.howard.edu_49504 9	687325.572021	225749.078000	0.020000	0.000000	687325.572021	59328	16	s	1357341419693.971924
roam2.cs.ou.edu_nodeb.howard.edu_49509 9	687344.988037	225620.040000	0.019000	0.000000	687344.988037	59332	16	s	1357341419713.435059
roam2.cs.ou.edu_nodeb.howard.edu_49535 9	687449.339844	225367.228000	0.021000	0.000000	687449.339844	59343	16	s	1357341419817.929932
roam2.cs.ou.edu_nodeb.howard.edu_49548 9	687521.195068	225297.588000	0.018000	0.000000	687521.195068	59344	16	s	1357341419889.798096
roam2.cs.ou.edu_nodeb.howard.edu_49558 9	687540.415039	225230.866000	0.017000	0.000000	687540.415039	59345	16	s	1357341419909.030029
roam2.cs.ou.edu_nodeb.howard.edu_49567 9	687580.974121	225205.484000	0.018000	0.000000	687580.974121	59346	16	s	1357341419949.600098
roam2.cs.ou.edu_nodeb.howard.edu_49571 9	687599.824219	225201.192000	0.012000	0.000000	687599.824219	59348	16	s	1357341419968.474121
roam2.cs.ou.edu_nodeb.howard.edu_49589 9	687651.230957	225175.587000	0.015000	0.000000	687651.230957	59352	16	s	1357341420019.931885
roam2.cs.ou.edu_nodeb.howard.edu_49957 9	691941.796875	227729.205000	0.014000	0.000000	691941.796875	59374	16	s	1357341424310.783936
roam2.cs.ou.edu_nodeb.howard.edu_49975 9	691991.491943	227719.397000	0.017000	0.000000	691991.491943	59376	16	s	1357341424360.502930
roam2.cs.ou.edu_nodeb.howard.edu_49999 9	692047.031006	227649.883000	0.016000	0.000000	692047.031006	59384	16	s	1357341424416.147949
roam2.cs.ou.edu_nodeb.howard.edu_50838 9	702145.168945	230522.967000	0.015000	0.000000	702145.168945	59397	16	s	1357341434514.461914
roam2.cs.ou.edu_nodeb.howard.edu_50866 9	702261.628174	230513.611000	0.018000	0.000000	702261.628174	59401	16	s	1357341434630.975098
roam2.cs.ou.edu_nodeb.howard.edu_50893 9	702389.151855	230454.641000	0.019000	0.000000	702389.151855	59403	16	s	1357341434758.521973
roam2.cs.ou.edu_nodeb.howard.edu_50902 9	702413.505859	230422.775000	0.016000	0.000000	702413.505859	59404	16	s	1357341434782.888916
roam2.cs.ou.edu_nodeb.howard.edu_50916 9	702484.854980	230407.995000	0.017000	0.000000	702484.854980	59405	16	s	1357341434854.436035
roam2.cs.ou.edu_nodeb.howard.edu_50926 9	702525.559082	230368.480000	0.016000	0.000000	702525.559082	59407	16	s	1357341434895.167969
roam2.cs.ou.edu_nodeb.howard.edu_51035 9	705674.813965	232727.752000	0.016000	0.000000	705674.813965	59410	16	s	1357341438044.540039
roam2.cs.ou.edu_nodeb.howard.edu_51065 9	705826.718994	232696.814000	0.016000	0.000000	705826.718994	59411	16	s	1357341438196.457031
roam2.cs.ou.edu_nodeb.howard.edu_51085 9	705938.452881	232624.271000	0.018000	0.000000	705938.452881	59417	16	s	1357341438308.270996
roam2.cs.ou.edu_nodeb.howard.edu_51093 9	705979.127930	232620.155000	0.014000	0.000000	705979.127930	59418	16	s	1357341438348.957031
roam2.cs.ou.edu_nodeb.howard.edu_51115 9	706072.930908	232571.887000	0.018000	0.000000	706072.930908	59419	16	s	1357341438442.772949
roam2.cs.ou.edu_nodeb.howard.edu_51241 9	706720.967041	232262.392000	0.015000	0.000000	706720.967041	59421	16	s	1357341439090.831055
roam2.cs.ou.edu_nodeb.howard.edu_51682 9	711697.007080	234154.444000	0.019000	0.000000	711697.007080	59423	16	s	1357341444066.895020
roam2.cs.ou.edu_nodeb.howard.edu_51969 9	716041.709961	236135.308000	0.018000	0.000000	716041.709961	59429	16	s	1357341448411.670898
roam2.cs.ou.edu_nodeb.howard.edu_52014 9	716196.177979	236026.913000	0.016000	0.000000	716196.177979	59437	16	s	1357341448566.229980
roam2.cs.ou.edu_nodeb.howard.edu_52017 9	716210.083008	236033.450000	0.011000	0.000000	716210.083008	59438	16	s	1357341448580.149902
roam2.cs.ou.edu_nodeb.howard.edu_52059 9	716361.901123	235856.218000	0.016000	0.000000	716361.901123	59451	16	s	1357341448732.121094
roam2.cs.ou.edu_nodeb.howard.edu_52194 9	719875.403076	238080.436000	0.015000	0.000000	719875.403076	59469	16	s	1357341452245.895996
roam2.cs.ou.edu_nodeb.howard.edu_52203 9	719913.176025	238031.828000	0.016000	0.000000	719913.176025	59483	16	s	1357341452283.895020
roam2.cs.ou.edu_nodeb.howard.edu_52198 9	719913.447998	238087.737000	0.013000	0.000000	719913.447998	59470	16	s	1357341452284.000977
roam2.cs.ou.edu_nodeb.howard.edu_52210 9	719915.946045	237970.386000	0.017000	0.000000	719915.946045	59494	16	s	1357341452286.808105
roam2.cs.ou.edu_nodeb.howard.edu_52712 9	725417.312012	240192.266000	0.019000	0.000000	725417.312012	59495	16	s	1357341457788.187012
roam2.cs.ou.edu_nodeb.howard.edu_52714 9	725423.365967	240192.914000	0.011000	0.000000	725423.365967	59498	16	s	1357341457794.275879
roam2.cs.ou.edu_nodeb.howard.edu_52723 9	725451.194824	240157.592000	0.019000	0.000000	725451.194824	59500	16	s	1357341457822.128906
roam2.cs.ou.edu_nodeb.howard.edu_52725 9	725452.210938	240115.135000	0.013000	0.000000	725452.210938	59502	16	s	1357341457823.168945
roam2.cs.ou.edu_nodeb.howard.edu_52727 9	725458.083008	240115.537000	0.010000	0.000000	725458.083008	59503	16	s	1357341457829.058105
roam2.cs.ou.edu_nodeb.howard.edu_52731 9	725482.108887	240102.308000	0.013000	0.000000	725482.108887	59505	16	s	1357341457853.107910
roam2.cs.ou.edu_nodeb.howard.edu_52744 9	725512.298096	239949.816000	0.014000	0.000000	725512.298096	59518	16	s	1357341457883.454102
roam2.cs.ou.edu_nodeb.howard.edu_52757 9	725546.371094	239887.259000	0.015000	0.000000	725546.371094	59521	16	s	1357341457917.562012
roam2.cs.ou.edu_nodeb.howard.edu_52769 9	725584.041992	239842.794000	0.017000	0.000000	725584.041992	59524	16	s	1357341457955.267090
roam2.cs.ou.edu_nodeb.howard.edu_52775 9	725596.794922	239837.208000	0.013000	0.000000	725596.794922	59525	16	s	1357341457968.031982
roam2.cs.ou.edu_nodeb.howard.edu_52846 9	728939.677002	242779.537000	0.015000	0.000000	728939.677002	59527	16	s	1357341461310.937012
roam2.cs.ou.edu_nodeb.howard.edu_52854 9	728957.788086	242779.533000	0.012000	0.000000	728957.788086	59528	16	s	1357341461329.059082
