plab4.eece.ksu.edu_plab4.eece.ksu.edu_348 0	200.883789	200.652000	0.014000	0.000000	200.883789	55917	2176	s	1357340732375.201904
nodea.howard.edu_plab4.eece.ksu.edu_401 2	413.344971	0.045000	0.034000	0.000000	413.344971	55949	3072	s	1357340732588.148926
nodea.howard.edu_plab4.eece.ksu.edu_405 2	433.844971	0.924000	0.024000	0.000000	433.844971	55957	3072	s	1357340732608.752930
nodea.howard.edu_plab4.eece.ksu.edu_407 2	434.032959	0.336000	0.013000	0.000000	434.032959	55961	3072	s	1357340732608.990967
nodea.howard.edu_plab4.eece.ksu.edu_409 2	436.879883	0.042000	0.016000	0.000000	436.879883	55964	3072	s	1357340732611.875000
nodea.howard.edu_plab4.eece.ksu.edu_411 2	440.234863	0.075000	0.012000	0.000000	440.234863	55965	3072	s	1357340732615.241943
nodea.howard.edu_plab4.eece.ksu.edu_413 2	443.739990	0.135000	0.015000	0.000000	443.739990	55967	3072	s	1357340732618.775879
nodea.howard.edu_plab4.eece.ksu.edu_421 2	526.132080	0.210000	0.030000	0.000000	526.132080	55997	3072	s	1357340732701.552979
nodea.howard.edu_plab4.eece.ksu.edu_425 2	607.086914	0.160000	0.030000	0.000000	607.086914	56029	3072	s	1357340732782.978027
nodea.howard.edu_plab4.eece.ksu.edu_461 2	879.121094	0.224000	0.016000	0.000000	879.121094	56110	3072	s	1357340733056.312012
kupl1.ittc.ku.edu_plab4.eece.ksu.edu_72 1	989.635010	0.291000	0.058000	0.000000	989.635010	56176	3200	s	1357340733167.731934
nodea.howard.edu_plab4.eece.ksu.edu_485 2	1265.102783	0.034000	0.019000	0.000000	1265.102783	56221	3072	s	1357340733443.983887
planetlab1.cis.upenn.edu_plab4.eece.ksu.edu_392 2	1496.947021	1028.271000	0.023000	0.000000	1496.947021	55860	2560	s	1357340733670.305908
planetlab1.cis.upenn.edu_plab4.eece.ksu.edu_394 2	1509.468994	1020.246000	0.021000	0.000000	1509.468994	55873	2560	s	1357340733683.219971
plab4.eece.ksu.edu_plab4.eece.ksu.edu_776 0	1551.690918	1551.494000	0.012000	0.000000	1551.690918	56344	2176	s	1357340733732.389893
plab4.eece.ksu.edu_plab4.eece.ksu.edu_862 0	1809.367920	1809.195000	0.013000	0.000000	1809.367920	56429	2176	s	1357340733992.741943
planetlab1.cis.upenn.edu_plab4.eece.ksu.edu_436 2	1993.549072	1212.603000	0.025000	0.000000	1993.549072	55979	2560	s	1357340734168.739990
plab4.eece.ksu.edu_plab4.eece.ksu.edu_996 0	2243.892090	2243.643000	0.011000	0.000000	2243.892090	56562	2176	s	1357340734429.266113
nodeb.howard.edu_plab4.eece.ksu.edu_1201 2	6501.550049	6173.314000	0.019000	0.000000	6501.550049	55882	2304	s	1357340738675.413086
nodeb.howard.edu_plab4.eece.ksu.edu_1206 2	6516.034912	6165.490000	0.015000	0.000000	6516.034912	55890	2304	s	1357340738690.002930
nodeb.howard.edu_plab4.eece.ksu.edu_1208 2	6516.003906	6147.438000	0.015000	0.000000	6516.003906	55896	2304	s	1357340738690.045898
nodeb.howard.edu_plab4.eece.ksu.edu_1212 2	6518.856934	6133.123000	0.012000	0.000000	6518.856934	55899	2304	s	1357340738692.936035
nodeb.howard.edu_plab4.eece.ksu.edu_1210 2	6518.906006	6134.779000	0.025000	0.000000	6518.906006	55898	2304	s	1357340738692.972900
nodeb.howard.edu_plab4.eece.ksu.edu_1216 2	6537.851807	6141.215000	0.020000	0.000000	6537.851807	55902	2304	s	1357340738711.971924
nodeb.howard.edu_plab4.eece.ksu.edu_1220 2	6551.649170	6053.384000	0.022000	0.000000	6551.649170	55930	2304	s	1357340738726.214111
nodea.howard.edu_plab4.eece.ksu.edu_1308 2	8686.708984	6723.081000	0.017000	0.000000	8686.708984	56446	3072	s	1357340740870.310059
plgmu2.ite.gmu.edu_plab4.eece.ksu.edu_2011 4	11773.186035	0.543000	0.061000	0.000000	11773.186035	55968	1536	s	1357340743948.235107
plgmu2.ite.gmu.edu_plab4.eece.ksu.edu_2018 4	11860.275879	3.381000	0.059000	0.000000	11860.275879	56081	1536	s	1357340744036.868896
plgmu2.ite.gmu.edu_plab4.eece.ksu.edu_2020 4	11862.183105	3.670000	0.019000	0.000000	11862.183105	56082	1536	s	1357340744038.788086
plgmu2.ite.gmu.edu_plab4.eece.ksu.edu_2021 4	11863.489014	5.215000	0.017000	0.000000	11863.489014	56083	1536	s	1357340744040.166016
plgmu2.ite.gmu.edu_plab4.eece.ksu.edu_2019 4	11864.301025	3.550000	0.023000	0.000000	11864.301025	56067	1536	s	1357340744040.716064
plgmu2.ite.gmu.edu_plab4.eece.ksu.edu_2024 4	11874.604980	0.591000	0.053000	0.000000	11874.604980	56087	1536	s	1357340744051.351074
plgmu2.ite.gmu.edu_plab4.eece.ksu.edu_2027 4	11898.752197	7.025000	0.030000	0.000000	11898.752197	56091	1536	s	1357340744075.547119
plgmu2.ite.gmu.edu_plab4.eece.ksu.edu_2030 4	11906.000977	0.594000	0.070000	0.000000	11906.000977	56115	1536	s	1357340744083.258057
plgmu2.ite.gmu.edu_plab4.eece.ksu.edu_2031 4	11905.639893	0.678000	0.023000	0.000000	11905.639893	56147	1536	s	1357340744083.302002
plgmu2.ite.gmu.edu_plab4.eece.ksu.edu_2033 4	11921.233887	1.770000	0.064000	0.000000	11921.233887	56211	1536	s	1357340744099.981934
planetlab7.flux.utah.edu_plab4.eece.ksu.edu_1152 9	12056.061035	0.117000	0.017000	0.000000	12056.061035	56062	1664	s	1357340744232.412109
planetlab-1.cs.colostate.edu_plab4.eece.ksu.edu_3113 3	13103.900879	341.602000	0.023000	0.000000	13103.900879	55941	672	s	1357340745278.606934
ricepl-2.cs.rice.edu_plab4.eece.ksu.edu_2113 1	13356.254150	12920.223000	0.031000	0.000000	13356.254150	55983	128	s	1357340745531.498047
planetlab1.cis.upenn.edu_plab4.eece.ksu.edu_1358 2	14830.417969	11769.267000	0.028000	0.000000	14830.417969	56191	2560	s	1357340747008.718018
planetlab1.cis.upenn.edu_plab4.eece.ksu.edu_1370 2	14929.652832	11768.943000	0.026000	0.000000	14929.652832	56372	2560	s	1357340747110.785889
planetlab2.millennium.berkeley.edu_plab4.eece.ksu.edu_2604 1	16230.741211	15759.558000	0.066000	0.000000	16230.741211	55936	2048	s	1357340748405.381104
ricepl-2.cs.rice.edu_plab4.eece.ksu.edu_2582 1	17128.684814	16057.891000	0.042000	0.000000	17128.684814	56187	128	s	1357340749306.930908
planetlab2.millennium.berkeley.edu_plab4.eece.ksu.edu_2762 1	17155.985107	16361.364000	0.068000	0.000000	17155.985107	56064	2048	s	1357340749332.362061
nodeb.howard.edu_plab4.eece.ksu.edu_2556 2	17280.894043	0.267000	0.028000	0.000000	17280.894043	56026	2304	s	1357340749456.748047
planetlab16.millennium.berkeley.edu_plab4.eece.ksu.edu_799 1	17315.185059	15915.995000	0.025000	0.000000	17315.185059	56247	2432	s	1357340749494.423096
planetlab2.millennium.berkeley.edu_plab4.eece.ksu.edu_2785 1	17318.250977	16428.551000	0.063000	0.000000	17318.250977	56086	2048	s	1357340749494.982910
nodeb.howard.edu_plab4.eece.ksu.edu_2558 2	17337.332031	0.212000	0.021000	0.000000	17337.332031	56154	2304	s	1357340749515.084961
nodeb.howard.edu_plab4.eece.ksu.edu_2566 2	17412.158203	0.149000	0.019000	0.000000	17412.158203	56297	2304	s	1357340749592.246094
nodeb.howard.edu_plab4.eece.ksu.edu_2570 2	17520.107910	0.075000	0.027000	0.000000	17520.107910	56505	2304	s	1357340749704.533936
dplanet1.uoc.edu_plab4.eece.ksu.edu_940 3	17590.997803	8549.413000	0.016000	0.000000	17590.997803	56401	3136	s	1357340749773.888916
ricepl-2.cs.rice.edu_plab4.eece.ksu.edu_2684 1	17911.284180	16747.118000	0.022000	0.000000	17911.284180	56209	128	s	1357340750090.007080
planetlab1.eecs.umich.edu_plab4.eece.ksu.edu_1483 9	17967.297852	0.203000	0.029000	0.000000	17967.297852	56470	2368	s	1357340750151.271973
planetlab2.millennium.berkeley.edu_plab4.eece.ksu.edu_2908 1	18050.145996	16927.644000	0.169000	0.000000	18050.145996	56163	2048	s	1357340750228.076904
planetlab2.millennium.berkeley.edu_plab4.eece.ksu.edu_2959 1	18221.953125	17023.294000	0.055000	0.000000	18221.953125	56192	2048	s	1357340750400.266113
planetlab2.millennium.berkeley.edu_plab4.eece.ksu.edu_2962 1	18227.984131	17024.628000	0.054000	0.000000	18227.984131	56193	2048	s	1357340750406.310059
planetlab2.millennium.berkeley.edu_plab4.eece.ksu.edu_2966 1	18243.593994	17038.664000	0.060000	0.000000	18243.593994	56194	2048	s	1357340750421.933105
planetlab2.millennium.berkeley.edu_plab4.eece.ksu.edu_2974 1	18274.850098	17059.539000	0.053000	0.000000	18274.850098	56196	2048	s	1357340750453.214111
planetlab2.millennium.berkeley.edu_plab4.eece.ksu.edu_3000 1	18373.914062	17123.448000	0.065000	0.000000	18373.914062	56200	2048	s	1357340750552.516113
planetlab2.millennium.berkeley.edu_plab4.eece.ksu.edu_3011 1	18406.603027	17130.455000	0.053000	0.000000	18406.603027	56208	2048	s	1357340750585.312988
planetlab2.millennium.berkeley.edu_plab4.eece.ksu.edu_3027 1	18469.654053	17144.520000	0.056000	0.000000	18469.654053	56224	2048	s	1357340750648.589111
planetlab2.millennium.berkeley.edu_plab4.eece.ksu.edu_3087 1	18773.929932	17339.138000	0.066000	0.000000	18773.929932	56256	2048	s	1357340750953.281006
plgmu1.ite.gmu.edu_plab4.eece.ksu.edu_1143 3	18900.832031	0.144000	0.072000	0.000000	18900.832031	55963	208	s	1357340751075.814941
planetlab2.millennium.berkeley.edu_plab4.eece.ksu.edu_3168 1	19192.037842	17559.845000	0.050000	0.000000	19192.037842	56316	2048	s	1357340751372.376953
planetlab2.millennium.berkeley.edu_plab4.eece.ksu.edu_3187 1	19257.010986	17500.693000	0.086000	0.000000	19257.010986	56351	2048	s	1357340751437.808105
planetlab2.millennium.berkeley.edu_plab4.eece.ksu.edu_3202 1	19326.959961	17505.277000	0.066000	0.000000	19326.959961	56371	2048	s	1357340751508.080078
planetlab2.millennium.berkeley.edu_plab4.eece.ksu.edu_3216 1	19383.830078	17504.308000	0.074000	0.000000	19383.830078	56390	2048	s	1357340751566.580078
planetlab2.millennium.berkeley.edu_plab4.eece.ksu.edu_3221 1	19417.976074	17529.871000	0.060000	0.000000	19417.976074	56395	2048	s	1357340751600.791016
planetlab2.millennium.berkeley.edu_plab4.eece.ksu.edu_3242 1	19545.217041	17513.000000	0.085000	0.000000	19545.217041	56448	2048	s	1357340751728.843018
planetlab2.millennium.berkeley.edu_plab4.eece.ksu.edu_3250 1	19564.737061	17491.388000	0.041000	0.000000	19564.737061	56459	2048	s	1357340751748.568115
planetlab2.millennium.berkeley.edu_plab4.eece.ksu.edu_3270 1	19663.072998	17477.161000	0.076000	0.000000	19663.072998	56492	2048	s	1357340751847.332031
planetlab2.millennium.berkeley.edu_plab4.eece.ksu.edu_3292 1	19801.247070	17538.765000	0.060000	0.000000	19801.247070	56515	2048	s	1357340751985.808105
planetlab2.millennium.berkeley.edu_plab4.eece.ksu.edu_3297 1	19835.212158	17547.669000	0.040000	0.000000	19835.212158	56521	2048	s	1357340752019.851074
planetlab2.millennium.berkeley.edu_plab4.eece.ksu.edu_3299 1	19851.422852	17563.705000	0.034000	0.000000	19851.422852	56522	2048	s	1357340752036.075928
planetlab2.millennium.berkeley.edu_plab4.eece.ksu.edu_3301 1	19866.456055	17570.942000	0.047000	0.000000	19866.456055	56523	2048	s	1357340752051.121094
planetlab2.millennium.berkeley.edu_plab4.eece.ksu.edu_3305 1	19876.213867	17560.142000	0.063000	0.000000	19876.213867	56527	2048	s	1357340752060.929932
planetlab2.millennium.berkeley.edu_plab4.eece.ksu.edu_3319 1	19988.926025	17576.546000	0.076000	0.000000	19988.926025	56539	2048	s	1357340752173.908936
planetlab2.millennium.berkeley.edu_plab4.eece.ksu.edu_3331 1	20076.510010	17651.436000	0.060000	0.000000	20076.510010	56555	2048	s	1357340752261.790039
planetlab2.millennium.berkeley.edu_plab4.eece.ksu.edu_3337 1	20084.572998	17651.505000	0.059000	0.000000	20084.572998	56565	2048	s	1357340752269.989990
planetlab2.millennium.berkeley.edu_plab4.eece.ksu.edu_3349 1	20142.826904	17675.243000	0.057000	0.000000	20142.826904	56576	2048	s	1357340752328.385986
planetlab2.millennium.berkeley.edu_plab4.eece.ksu.edu_3370 1	20261.175049	17750.605000	0.076000	0.000000	20261.175049	56591	2048	s	1357340752447.783936
ricepl-2.cs.rice.edu_plab4.eece.ksu.edu_2965 1	20477.854004	19045.917000	0.027000	0.000000	20477.854004	56292	128	s	1357340752657.875000
planetlab-01.bu.edu_plab4.eece.ksu.edu_3554 2	20551.092041	0.081000	0.022000	0.000000	20551.092041	56291	640	s	1357340752731.101074
planetlab1.cs.purdue.edu_plab4.eece.ksu.edu_3487 2	21392.516113	3674.113000	0.027000	0.000000	21392.516113	56121	2112	s	1357340753569.849121
planetlab1.cs.purdue.edu_plab4.eece.ksu.edu_3489 2	21404.083984	3516.405000	0.030000	0.000000	21404.083984	56140	2112	s	1357340753581.659912
planetlab1.cs.purdue.edu_plab4.eece.ksu.edu_3517 2	21439.332031	2391.643000	0.026000	0.000000	21439.332031	56275	2112	s	1357340753619.089111
planetlab5.williams.edu_plab4.eece.ksu.edu_3400 3	21652.422852	0.050000	0.020000	0.000000	21652.422852	56362	2144	s	1357340753833.358887
plgmu1.ite.gmu.edu_plab4.eece.ksu.edu_1224 3	22438.666992	1.000000	0.067000	0.000000	22438.666992	56324	208	s	1357340754619.114014
plgmu1.ite.gmu.edu_plab4.eece.ksu.edu_1249 3	26986.737061	0.101000	0.069000	0.000000	26986.737061	56475	208	s	1357340759170.772949
planetlab-01.bu.edu_plab4.eece.ksu.edu_3787 2	27324.040039	0.122000	0.041000	0.000000	27324.040039	56488	640	s	1357340759508.249023
ebb.colgate.edu_plab4.eece.ksu.edu_3335 9	28389.531982	0.072000	0.008000	0.000000	28389.531982	55862	1312	s	1357340760562.989014
plgmu1.ite.gmu.edu_plab4.eece.ksu.edu_1265 3	29042.075928	0.259000	0.069000	0.000000	29042.075928	56558	208	s	1357340761227.394043
ebb.colgate.edu_plab4.eece.ksu.edu_3395 9	29249.359131	0.019000	0.010000	0.000000	29249.359131	56072	1312	s	1357340761425.839111
ebb.colgate.edu_plab4.eece.ksu.edu_3411 9	29634.063965	0.020000	0.009000	0.000000	29634.063965	56189	1312	s	1357340761812.335938
ebb.colgate.edu_plab4.eece.ksu.edu_3420 9	29746.911865	0.017000	0.010000	0.000000	29746.911865	56290	1312	s	1357340761926.908936
ebb.colgate.edu_plab4.eece.ksu.edu_3430 9	29901.427979	0.351000	0.009000	0.000000	29901.427979	56347	1312	s	1357340762082.170898
planetlab2.cs.unc.edu_plab4.eece.ksu.edu_4780 2	30567.170898	14484.656000	0.024000	0.000000	30567.170898	55910	2080	s	1357340762741.396973
planetlab2.cs.unc.edu_plab4.eece.ksu.edu_4838 2	30822.899902	14274.899000	0.017000	0.000000	30822.899902	55974	2080	s	1357340762998.021973
planetlab2.umassd.edu_plab4.eece.ksu.edu_11050 2	30854.072021	19010.279000	0.058000	0.000000	30854.072021	55868	0	s	1357340763027.761963
planetlab2.cs.unc.edu_plab4.eece.ksu.edu_4896 2	31127.718994	14377.002000	0.033000	0.000000	31127.718994	56006	2080	s	1357340763303.250977
planetlab2.umassd.edu_plab4.eece.ksu.edu_11119 2	31143.496094	19227.140000	0.019000	0.000000	31143.496094	55874	0	s	1357340763317.260010
planetlab2.cs.unc.edu_plab4.eece.ksu.edu_4966 2	31438.209961	14489.768000	0.026000	0.000000	31438.209961	56034	2080	s	1357340763614.166016
planetlab2.cs.unc.edu_plab4.eece.ksu.edu_4975 2	31479.625977	14515.182000	0.019000	0.000000	31479.625977	56036	2080	s	1357340763655.607910
planetlab2.cs.unc.edu_plab4.eece.ksu.edu_4980 2	31494.122070	14522.932000	0.019000	0.000000	31494.122070	56039	2080	s	1357340763670.142090
planetlab2.cs.unc.edu_plab4.eece.ksu.edu_4982 2	31500.004883	14528.355000	0.014000	0.000000	31500.004883	56038	2080	s	1357340763676.011963
planetlab2.umassd.edu_plab4.eece.ksu.edu_11211 2	31525.209961	19515.913000	0.018000	0.000000	31525.209961	55881	0	s	1357340763699.060059
planetlab2.cs.unc.edu_plab4.eece.ksu.edu_5012 2	31664.235840	14613.709000	0.020000	0.000000	31664.235840	56046	2080	s	1357340763840.345947
planetlab2.cs.unc.edu_plab4.eece.ksu.edu_5037 2	31752.760010	14568.518000	0.025000	0.000000	31752.760010	56054	2080	s	1357340763928.978027
planetlab2.cs.unc.edu_plab4.eece.ksu.edu_5088 2	31943.344971	13983.232000	0.033000	0.000000	31943.344971	56149	2080	s	1357340764121.031982
planetlab2.cs.unc.edu_plab4.eece.ksu.edu_5138 2	32082.438965	12947.989000	0.042000	0.000000	32082.438965	56294	2080	s	1357340764262.486084
planetlab2.cs.unc.edu_plab4.eece.ksu.edu_5142 2	32111.397949	12809.240000	0.028000	0.000000	32111.397949	56325	2080	s	1357340764291.856934
planetlab2.umassd.edu_plab4.eece.ksu.edu_11454 2	32617.417969	20347.884000	0.016000	0.000000	32617.417969	55900	0	s	1357340764791.510010
planetlab1.cs.unc.edu_plab4.eece.ksu.edu_7084 3	32620.611816	20526.013000	0.020000	0.000000	32620.611816	55886	512	s	1357340764794.525879
planetlab1.georgetown.edu_plab4.eece.ksu.edu_5389 4	32918.799072	0.023000	0.031000	0.000000	32918.799072	55901	576	s	1357340765092.907959
planetlab1.cs.unc.edu_plab4.eece.ksu.edu_7233 3	33160.881104	20599.993000	0.020000	0.000000	33160.881104	55922	512	s	1357340765335.322998
planetlab2.umassd.edu_plab4.eece.ksu.edu_11653 2	33390.473145	20902.903000	0.018000	0.000000	33390.473145	55916	0	s	1357340765564.779053
planetlab1.cs.unc.edu_plab4.eece.ksu.edu_7353 3	33602.606201	20622.130000	0.022000	0.000000	33602.606201	55950	512	s	1357340765777.422119
planetlab2.umassd.edu_plab4.eece.ksu.edu_11744 2	33686.522949	21105.211000	0.050000	0.000000	33686.522949	55924	0	s	1357340765860.989014
planetlab1.cs.unc.edu_plab4.eece.ksu.edu_7399 3	33778.226074	20657.434000	0.025000	0.000000	33778.226074	55960	512	s	1357340765953.172119
planetlab2.umassd.edu_plab4.eece.ksu.edu_11789 2	33813.903076	21178.756000	0.020000	0.000000	33813.903076	55928	0	s	1357340765988.427979
planetlab2.umassd.edu_plab4.eece.ksu.edu_11817 2	33901.107910	21239.639000	0.020000	0.000000	33901.107910	55933	0	s	1357340766075.710938
planetlab2.umassd.edu_plab4.eece.ksu.edu_11828 2	33946.630859	21268.487000	0.020000	0.000000	33946.630859	55932	0	s	1357340766121.220947
planetlab2.umassd.edu_plab4.eece.ksu.edu_11839 2	33982.748047	21296.660000	0.029000	0.000000	33982.748047	55934	0	s	1357340766157.363037
planetlab1.georgetown.edu_plab4.eece.ksu.edu_5487 4	34281.414062	0.142000	0.033000	0.000000	34281.414062	55991	576	s	1357340766456.757080
planetlab2.umassd.edu_plab4.eece.ksu.edu_11955 2	34295.324951	21459.459000	0.075000	0.000000	34295.324951	55942	0	s	1357340766470.043945
planetlab2.umassd.edu_plab4.eece.ksu.edu_11988 2	34387.803955	21495.152000	0.019000	0.000000	34387.803955	55945	0	s	1357340766562.560059
planetlab1.georgetown.edu_plab4.eece.ksu.edu_5508 4	34477.765137	0.074000	0.028000	0.000000	34477.765137	56002	576	s	1357340766653.248047
planetlab2.umassd.edu_plab4.eece.ksu.edu_12061 2	34566.137939	21562.888000	0.020000	0.000000	34566.137939	55954	0	s	1357340766741.009033
planetlab2.umassd.edu_plab4.eece.ksu.edu_12102 2	34649.909912	21595.439000	0.047000	0.000000	34649.909912	55956	0	s	1357340766824.804932
planetlab2.umassd.edu_plab4.eece.ksu.edu_12126 2	34708.489990	21602.726000	0.018000	0.000000	34708.489990	55959	0	s	1357340766883.423096
planetlab2.umassd.edu_plab4.eece.ksu.edu_12133 2	34739.221191	21630.535000	0.020000	0.000000	34739.221191	55958	0	s	1357340766914.141113
planetlab2.umassd.edu_plab4.eece.ksu.edu_12154 2	34809.246094	21650.284000	0.028000	0.000000	34809.246094	55966	0	s	1357340766984.267090
planetlab1.cs.unc.edu_plab4.eece.ksu.edu_7718 3	35046.954102	20512.907000	0.102000	0.000000	35046.954102	56045	512	s	1357340767223.048096
planetlab2.umassd.edu_plab4.eece.ksu.edu_12329 2	35360.303955	21744.812000	0.057000	0.000000	35360.303955	55990	0	s	1357340767535.635010
planetlab1.cs.unc.edu_plab4.eece.ksu.edu_7831 3	35447.350098	20251.641000	0.027000	0.000000	35447.350098	56078	512	s	1357340767623.905029
planetlab4.williams.edu_plab4.eece.ksu.edu_1080 4	35811.490967	0.033000	0.042000	0.000000	35811.490967	56317	240	s	1357340767991.843018
planetlab2.umassd.edu_plab4.eece.ksu.edu_12468 2	35960.894043	21824.378000	0.054000	0.000000	35960.894043	56022	0	s	1357340768136.697998
planetlab2.umassd.edu_plab4.eece.ksu.edu_12645 2	36795.575195	22331.743000	0.060000	0.000000	36795.575195	56042	0	s	1357340768971.632080
planetlab1.georgetown.edu_plab4.eece.ksu.edu_5726 4	37393.131104	0.069000	0.030000	0.000000	37393.131104	56201	576	s	1357340769571.746094
planetlab2.umassd.edu_plab4.eece.ksu.edu_12825 2	37607.999023	22857.267000	0.017000	0.000000	37607.999023	56060	0	s	1357340769784.313965
planetlab2.umassd.edu_plab4.eece.ksu.edu_12887 2	37858.609863	23008.298000	0.019000	0.000000	37858.609863	56066	0	s	1357340770035.012939
planetlab2.umassd.edu_plab4.eece.ksu.edu_13002 2	38257.572021	23157.610000	0.021000	0.000000	38257.572021	56073	0	s	1357340770434.064941
planetlab1.cs.unc.edu_plab4.eece.ksu.edu_8668 3	38442.215088	19624.970000	0.017000	0.000000	38442.215088	56230	512	s	1357340770621.224121
planetlab1.cs.unc.edu_plab4.eece.ksu.edu_8923 3	39481.975098	19877.739000	0.024000	0.000000	39481.975098	56253	512	s	1357340771661.289062
planetlab2.umassd.edu_plab4.eece.ksu.edu_13444 2	39823.170898	23545.305000	0.026000	0.000000	39823.170898	56128	0	s	1357340772000.595947
planetlab2.umassd.edu_plab4.eece.ksu.edu_13473 2	39902.568115	23570.562000	0.023000	0.000000	39902.568115	56130	0	s	1357340772080.016113
planetlab2.umassd.edu_plab4.eece.ksu.edu_13483 2	39926.319092	23582.368000	0.021000	0.000000	39926.319092	56131	0	s	1357340772103.780029
planetlab2.umassd.edu_plab4.eece.ksu.edu_13523 2	40022.131836	23626.398000	0.021000	0.000000	40022.131836	56134	0	s	1357340772199.629883
planetlab2.umassd.edu_plab4.eece.ksu.edu_13578 2	40159.130859	23637.915000	0.020000	0.000000	40159.130859	56138	0	s	1357340772336.677979
planetlab2.umassd.edu_plab4.eece.ksu.edu_13697 2	40452.254150	23804.524000	0.091000	0.000000	40452.254150	56146	0	s	1357340772629.904053
planetlab2.umassd.edu_plab4.eece.ksu.edu_13884 2	40934.411133	24048.666000	0.021000	0.000000	40934.411133	56162	0	s	1357340773112.330078
planetlab01.sys.virginia.edu_plab4.eece.ksu.edu_1011 1	41713.680908	39536.512000	0.048000	0.000000	41713.680908	56075	2208	s	1357340773890.198975
planetlab2.umassd.edu_plab4.eece.ksu.edu_14215 2	41841.791016	24576.130000	0.016000	0.000000	41841.791016	56188	0	s	1357340774020.050049
planetlab1.cs.unc.edu_plab4.eece.ksu.edu_9428 3	41861.541992	20750.760000	0.040000	0.000000	41861.541992	56326	512	s	1357340774042.014893
planetlab1.cs.unc.edu_plab4.eece.ksu.edu_9434 3	41895.672119	20718.507000	0.032000	0.000000	41895.672119	56330	512	s	1357340774076.195068
planetlab1.cs.unc.edu_plab4.eece.ksu.edu_9437 3	41901.015869	20695.608000	0.039000	0.000000	41901.015869	56332	512	s	1357340774081.562988
planetlab1.cs.unc.edu_plab4.eece.ksu.edu_9439 3	41903.815918	20682.027000	0.027000	0.000000	41903.815918	56334	512	s	1357340774084.386963
planetlab1.cs.unc.edu_plab4.eece.ksu.edu_9446 3	41935.547119	20640.356000	0.049000	0.000000	41935.547119	56335	512	s	1357340774116.131104
planetlab1.cs.unc.edu_plab4.eece.ksu.edu_9453 3	41953.631836	20611.453000	0.024000	0.000000	41953.631836	56337	512	s	1357340774134.242920
planetlab1.cs.unc.edu_plab4.eece.ksu.edu_9508 3	42124.889160	20435.776000	0.022000	0.000000	42124.889160	56350	512	s	1357340774305.673096
planetlab1.cs.unc.edu_plab4.eece.ksu.edu_9687 3	42818.533936	20574.245000	0.042000	0.000000	42818.533936	56366	512	s	1357340774999.525879
planetlab2.umassd.edu_plab4.eece.ksu.edu_14701 2	43080.645020	24882.318000	0.091000	0.000000	43080.645020	56214	0	s	1357340775259.429932
planetlab1.cs.unc.edu_plab4.eece.ksu.edu_9823 3	43414.139893	20658.028000	0.034000	0.000000	43414.139893	56379	512	s	1357340775595.396973
planetlab2.cs.pitt.edu_plab4.eece.ksu.edu_2057 3	43539.847168	0.024000	0.022000	0.000000	43539.847168	56274	176	s	1357340775719.591064
planetlab-1.usask.ca_plab4.eece.ksu.edu_2196 3	43621.515869	31793.416000	0.135000	0.000000	43621.515869	55865	896	s	1357340775795.127930
mtuplanetlab2.cs.mtu.edu_plab4.eece.ksu.edu_4424 9	44391.897949	0.031000	0.017000	0.000000	44391.897949	55911	800	s	1357340776566.135986
planetlab2.umassd.edu_plab4.eece.ksu.edu_15326 2	44985.848877	25236.714000	0.063000	0.000000	44985.848877	56258	0	s	1357340777165.229980
planetlab2.cs.pitt.edu_plab4.eece.ksu.edu_2163 3	45178.396973	0.023000	0.027000	0.000000	45178.396973	56369	176	s	1357340777359.491943
mtuplanetlab2.cs.mtu.edu_plab4.eece.ksu.edu_4436 9	45542.823975	0.031000	0.014000	0.000000	45542.823975	56020	800	s	1357340777718.595947
planetlab2.umassd.edu_plab4.eece.ksu.edu_15831 2	46679.029053	25672.895000	0.058000	0.000000	46679.029053	56321	0	s	1357340778859.435059
mtuplanetlab2.cs.mtu.edu_plab4.eece.ksu.edu_4486 9	46893.032959	0.054000	0.024000	0.000000	46893.032959	56148	800	s	1357340779070.707031
planetlab2.umassd.edu_plab4.eece.ksu.edu_15909 2	46942.443848	25832.460000	0.019000	0.000000	46942.443848	56328	0	s	1357340779122.940918
planetlab2.umassd.edu_plab4.eece.ksu.edu_15915 2	46967.167969	25849.085000	0.017000	0.000000	46967.167969	56329	0	s	1357340779147.677979
planetlab2.umassd.edu_plab4.eece.ksu.edu_15929 2	47035.664062	25863.477000	0.021000	0.000000	47035.664062	56331	0	s	1357340779216.197998
planetlab2.umassd.edu_plab4.eece.ksu.edu_15939 2	47075.658936	25872.951000	0.016000	0.000000	47075.658936	56333	0	s	1357340779256.218018
planetlab2.umassd.edu_plab4.eece.ksu.edu_16094 2	47659.068848	26144.121000	0.059000	0.000000	47659.068848	56345	0	s	1357340779839.785889
planetlab1.cs.unc.edu_plab4.eece.ksu.edu_10251 3	47666.245117	23467.063000	0.019000	0.000000	47666.245117	56389	512	s	1357340779848.978027
mtuplanetlab2.cs.mtu.edu_plab4.eece.ksu.edu_4512 9	47771.145996	0.024000	0.014000	0.000000	47771.145996	56212	800	s	1357340779949.906982
planetlab1.cs.unc.edu_plab4.eece.ksu.edu_10386 3	48220.986084	23593.146000	0.027000	0.000000	48220.986084	56398	512	s	1357340780403.839111
mtuplanetlab2.cs.mtu.edu_plab4.eece.ksu.edu_4542 9	48298.068115	0.035000	0.015000	0.000000	48298.068115	56260	800	s	1357340780477.475098
mtuplanetlab2.cs.mtu.edu_plab4.eece.ksu.edu_4546 9	48360.914062	0.128000	0.011000	0.000000	48360.914062	56272	800	s	1357340780540.632080
mtuplanetlab2.cs.mtu.edu_plab4.eece.ksu.edu_4548 9	48371.277100	0.073000	0.009000	0.000000	48371.277100	56276	800	s	1357340780551.047119
mtuplanetlab2.cs.mtu.edu_plab4.eece.ksu.edu_4550 9	48379.505859	0.034000	0.011000	0.000000	48379.505859	56277	800	s	1357340780559.305908
mtuplanetlab2.cs.mtu.edu_plab4.eece.ksu.edu_4556 9	48481.242188	0.034000	0.029000	0.000000	48481.242188	56278	800	s	1357340780661.058105
mtuplanetlab2.cs.mtu.edu_plab4.eece.ksu.edu_4559 9	48502.104004	0.038000	0.015000	0.000000	48502.104004	56284	800	s	1357340780682.008057
mtuplanetlab2.cs.mtu.edu_plab4.eece.ksu.edu_4563 9	48710.852783	0.031000	0.017000	0.000000	48710.852783	56308	800	s	1357340780891.087891
planetlab2.umassd.edu_plab4.eece.ksu.edu_16389 2	48710.743896	26653.954000	0.020000	0.000000	48710.743896	56361	0	s	1357340780891.666992
planetlab1.cs.unc.edu_plab4.eece.ksu.edu_10569 3	48954.152100	23789.485000	0.390000	0.000000	48954.152100	56411	512	s	1357340781137.185059
planetlab2.cs.pitt.edu_plab4.eece.ksu.edu_2342 3	49381.197021	0.021000	0.027000	0.000000	49381.197021	56593	176	s	1357340781567.836914
planetlab1.temple.edu_plab4.eece.ksu.edu_17078 5	49574.135986	8118.224000	0.026000	0.000000	49574.135986	55864	1024	s	1357340781747.730957
planetlab1.temple.edu_plab4.eece.ksu.edu_17088 5	49607.310059	8133.181000	0.016000	0.000000	49607.310059	55872	1024	s	1357340781781.049072
planetlab1.temple.edu_plab4.eece.ksu.edu_17092 5	49613.566895	8122.915000	0.021000	0.000000	49613.566895	55876	1024	s	1357340781787.355957
planetlab1.temple.edu_plab4.eece.ksu.edu_17098 5	49628.994873	8115.471000	0.022000	0.000000	49628.994873	55877	1024	s	1357340781802.795898
planetlab1.temple.edu_plab4.eece.ksu.edu_17106 5	49639.797119	8114.519000	0.021000	0.000000	49639.797119	55878	1024	s	1357340781813.610107
planetlab1.cs.unc.edu_plab4.eece.ksu.edu_10776 3	49674.190918	23931.144000	0.031000	0.000000	49674.190918	56427	512	s	1357340781857.534912
planetlab1.temple.edu_plab4.eece.ksu.edu_17125 5	49699.821045	8104.568000	0.020000	0.000000	49699.821045	55884	1024	s	1357340781873.708984
planetlab1.temple.edu_plab4.eece.ksu.edu_17132 5	49717.058105	8120.621000	0.019000	0.000000	49717.058105	55892	1024	s	1357340781891.052002
planetlab1.temple.edu_plab4.eece.ksu.edu_17155 5	49768.888184	8124.515000	0.024000	0.000000	49768.888184	55908	1024	s	1357340781943.089111
planetlab1.temple.edu_plab4.eece.ksu.edu_17186 5	49851.870117	8080.565000	0.021000	0.000000	49851.870117	55975	1024	s	1357340782027.006104
planetlab1.temple.edu_plab4.eece.ksu.edu_17202 5	49932.632812	8140.549000	0.021000	0.000000	49932.632812	56004	1024	s	1357340782108.139893
planetlab1.cs.unc.edu_plab4.eece.ksu.edu_10868 3	49980.944824	23968.558000	0.020000	0.000000	49980.944824	56435	512	s	1357340782164.400879
planetlab1.temple.edu_plab4.eece.ksu.edu_17221 5	50006.104980	8168.270000	0.023000	0.000000	50006.104980	56018	1024	s	1357340782181.852051
planetlab1.temple.edu_plab4.eece.ksu.edu_17273 5	50132.233154	8150.134000	0.028000	0.000000	50132.233154	56132	1024	s	1357340782309.706055
planetlab1.cs.unc.edu_plab4.eece.ksu.edu_10935 3	50179.913818	23935.870000	0.038000	0.000000	50179.913818	56441	512	s	1357340782363.451904
planetlab1.cs.unc.edu_plab4.eece.ksu.edu_10947 3	50209.788086	23947.096000	0.023000	0.000000	50209.788086	56442	512	s	1357340782393.339111
planetlab1.cs.unc.edu_plab4.eece.ksu.edu_10956 3	50231.660156	23940.722000	0.025000	0.000000	50231.660156	56443	512	s	1357340782415.224121
planetlab1.cs.unc.edu_plab4.eece.ksu.edu_10995 3	50402.959961	23999.983000	0.031000	0.000000	50402.959961	56447	512	s	1357340782586.573975
planetlab1.cs.unc.edu_plab4.eece.ksu.edu_10999 3	50414.180176	23995.102000	0.020000	0.000000	50414.180176	56449	512	s	1357340782597.819092
planetlab1.temple.edu_plab4.eece.ksu.edu_17391 5	50446.603027	8213.199000	0.028000	0.000000	50446.603027	56311	1024	s	1357340782626.878906
planetlab1.temple.edu_plab4.eece.ksu.edu_17419 5	50563.928955	8282.935000	0.021000	0.000000	50563.928955	56300	1024	s	1357340782744.056885
planetlab1.temple.edu_plab4.eece.ksu.edu_17421 5	50588.102051	8310.030000	0.016000	0.000000	50588.102051	56340	1024	s	1357340782768.750977
planetlab1.temple.edu_plab4.eece.ksu.edu_17423 5	50597.412842	8318.648000	0.024000	0.000000	50597.412842	56327	1024	s	1357340782777.897949
planetlab1.temple.edu_plab4.eece.ksu.edu_17431 5	50635.392090	8342.042000	0.027000	0.000000	50635.392090	56355	1024	s	1357340782816.239014
planetlab1.temple.edu_plab4.eece.ksu.edu_17433 5	50636.572998	8340.588000	0.021000	0.000000	50636.572998	56357	1024	s	1357340782817.446045
planetlab1.temple.edu_plab4.eece.ksu.edu_17441 5	50643.909180	8323.328000	0.020000	0.000000	50643.909180	56367	1024	s	1357340782824.976074
planetlab1.temple.edu_plab4.eece.ksu.edu_17442 5	50657.991943	8339.194000	0.015000	0.000000	50657.991943	56359	1024	s	1357340782838.889893
planetlab1.temple.edu_plab4.eece.ksu.edu_17465 5	50707.784912	8306.231000	0.022000	0.000000	50707.784912	56376	1024	s	1357340782889.000000
planetlab1.temple.edu_plab4.eece.ksu.edu_17454 5	50711.732178	8315.261000	0.021000	0.000000	50711.732178	56375	1024	s	1357340782892.935059
planetlab1.temple.edu_plab4.eece.ksu.edu_17475 5	50758.197998	8326.891000	0.020000	0.000000	50758.197998	56358	1024	s	1357340782939.083008
planetlab1.cs.unc.edu_plab4.eece.ksu.edu_11100 3	50762.076172	24024.555000	0.022000	0.000000	50762.076172	56462	512	s	1357340782945.945068
planetlab1.cs.unc.edu_plab4.eece.ksu.edu_11114 3	50791.514893	24013.685000	0.123000	0.000000	50791.514893	56464	512	s	1357340782975.408936
planetlab1.cs.unc.edu_plab4.eece.ksu.edu_11116 3	50799.377930	24009.416000	0.032000	0.000000	50799.377930	56465	512	s	1357340782983.283936
planetlab1.cs.unc.edu_plab4.eece.ksu.edu_11127 3	50838.845215	24010.510000	0.069000	0.000000	50838.845215	56467	512	s	1357340783022.777100
planetlab1.temple.edu_plab4.eece.ksu.edu_17514 5	50879.111816	8292.921000	0.019000	0.000000	50879.111816	56397	1024	s	1357340783061.951904
planetlab1.cs.unc.edu_plab4.eece.ksu.edu_11143 3	50878.251953	23996.778000	0.029000	0.000000	50878.251953	56469	512	s	1357340783062.211914
planetlab1.temple.edu_plab4.eece.ksu.edu_17519 5	50917.354004	8312.360000	0.022000	0.000000	50917.354004	56451	1024	s	1357340783101.080078
planetlab1.temple.edu_plab4.eece.ksu.edu_17517 5	50918.097168	8324.638000	0.021000	0.000000	50918.097168	56423	1024	s	1357340783101.392090
planetlab1.cs.unc.edu_plab4.eece.ksu.edu_11175 3	50995.854004	24024.296000	0.033000	0.000000	50995.854004	56473	512	s	1357340783179.865967
planetlab1.temple.edu_plab4.eece.ksu.edu_17540 5	51011.252930	8093.508000	0.023000	0.000000	51011.252930	56453	1024	s	1357340783195.004883
planetlab1.temple.edu_plab4.eece.ksu.edu_17551 5	51018.543945	8085.559000	0.022000	0.000000	51018.543945	56455	1024	s	1357340783202.324951
planetlab1.temple.edu_plab4.eece.ksu.edu_17553 5	51024.336914	8088.084000	0.022000	0.000000	51024.336914	56463	1024	s	1357340783208.218018
planetlab1.temple.edu_plab4.eece.ksu.edu_17562 5	51041.383057	8025.711000	0.021000	0.000000	51041.383057	56484	1024	s	1357340783225.540039
planetlab1.temple.edu_plab4.eece.ksu.edu_17560 5	51050.191162	8044.447000	0.022000	0.000000	51050.191162	56482	1024	s	1357340783234.319092
planetlab1.temple.edu_plab4.eece.ksu.edu_17566 5	51052.347900	8034.310000	0.161000	0.000000	51052.347900	56471	1024	s	1357340783236.333984
planetlab1.temple.edu_plab4.eece.ksu.edu_17567 5	51056.114014	8035.393000	0.013000	0.000000	51056.114014	56454	1024	s	1357340783239.877930
planetlab1.temple.edu_plab4.eece.ksu.edu_17570 5	51064.392822	8044.871000	0.021000	0.000000	51064.392822	56481	1024	s	1357340783248.503906
planetlab1.temple.edu_plab4.eece.ksu.edu_17576 5	51076.298096	8035.171000	0.038000	0.000000	51076.298096	56483	1024	s	1357340783260.437988
planetlab1.temple.edu_plab4.eece.ksu.edu_17583 5	51112.381836	8060.078000	0.024000	0.000000	51112.381836	56491	1024	s	1357340783296.628906
planetlab1.temple.edu_plab4.eece.ksu.edu_17580 5	51112.535889	8061.534000	0.021000	0.000000	51112.535889	56485	1024	s	1357340783296.708008
planetlab1.temple.edu_plab4.eece.ksu.edu_17584 5	51115.672852	8064.669000	0.145000	0.000000	51115.672852	56487	1024	s	1357340783299.868896
planetlab1.temple.edu_plab4.eece.ksu.edu_17586 5	51117.511963	8056.848000	0.021000	0.000000	51117.511963	56486	1024	s	1357340783301.696045
planetlab1.temple.edu_plab4.eece.ksu.edu_17589 5	51120.770020	8058.369000	0.020000	0.000000	51120.770020	56493	1024	s	1357340783305.041992
planetlab1.temple.edu_plab4.eece.ksu.edu_17593 5	51133.258057	8055.476000	0.022000	0.000000	51133.258057	56494	1024	s	1357340783317.543945
planetlab1.temple.edu_plab4.eece.ksu.edu_17600 5	51160.440918	8045.153000	0.023000	0.000000	51160.440918	56499	1024	s	1357340783344.792969
planetlab1.temple.edu_plab4.eece.ksu.edu_17614 5	51188.156006	7823.336000	0.016000	0.000000	51188.156006	56501	1024	s	1357340783372.532959
planetlab1.temple.edu_plab4.eece.ksu.edu_17616 5	51196.857910	7831.261000	0.026000	0.000000	51196.857910	56495	1024	s	1357340783381.159912
planetlab1.temple.edu_plab4.eece.ksu.edu_17619 5	51197.958008	7819.961000	0.020000	0.000000	51197.958008	56502	1024	s	1357340783382.346924
planetlab1.temple.edu_plab4.eece.ksu.edu_17622 5	51206.391846	7826.467000	0.022000	0.000000	51206.391846	56503	1024	s	1357340783390.793945
planetlab2.umassd.edu_plab4.eece.ksu.edu_17185 2	51216.419922	26941.972000	0.060000	0.000000	51216.419922	56393	0	s	1357340783399.209961
planetlab1.temple.edu_plab4.eece.ksu.edu_17651 5	51266.863037	7660.290000	0.024000	0.000000	51266.863037	56511	1024	s	1357340783451.373047
planetlab1.temple.edu_plab4.eece.ksu.edu_17655 5	51267.046875	7638.693000	0.021000	0.000000	51267.046875	56519	1024	s	1357340783451.657959
planetlab1.temple.edu_plab4.eece.ksu.edu_17686 5	51329.608887	7534.059000	0.022000	0.000000	51329.608887	56530	1024	s	1357340783514.427002
planetlab1.temple.edu_plab4.eece.ksu.edu_17694 5	51340.488037	7498.992000	0.023000	0.000000	51340.488037	56547	1024	s	1357340783525.635986
planetlab1.temple.edu_plab4.eece.ksu.edu_17698 5	51346.447998	7496.362000	0.022000	0.000000	51346.447998	56551	1024	s	1357340783531.653076
planetlab1.temple.edu_plab4.eece.ksu.edu_17706 5	51372.446045	7465.189000	0.023000	0.000000	51372.446045	56549	1024	s	1357340783557.625977
planetlab1.temple.edu_plab4.eece.ksu.edu_17724 5	51406.547119	7411.948000	0.026000	0.000000	51406.547119	56550	1024	s	1357340783591.739014
planetlab1.temple.edu_plab4.eece.ksu.edu_17748 5	51479.024902	7387.522000	0.022000	0.000000	51479.024902	56559	1024	s	1357340783664.355957
planetlab1.temple.edu_plab4.eece.ksu.edu_17773 5	51561.653076	7284.634000	0.016000	0.000000	51561.653076	56567	1024	s	1357340783747.094971
planetlab1.temple.edu_plab4.eece.ksu.edu_17787 5	51607.009033	7272.417000	0.023000	0.000000	51607.009033	56580	1024	s	1357340783792.617920
planetlab1.temple.edu_plab4.eece.ksu.edu_17826 5	51685.989014	7210.513000	0.071000	0.000000	51685.989014	56592	1024	s	1357340783872.614990
planetlab1.cs.unc.edu_plab4.eece.ksu.edu_11412 3	52254.102051	24659.108000	0.045000	0.000000	52254.102051	56497	512	s	1357340784438.428955
planetlab1.georgetown.edu_plab4.eece.ksu.edu_6393 4	53049.188965	0.026000	0.032000	0.000000	53049.188965	56514	576	s	1357340785233.737061
planetlab2.umassd.edu_plab4.eece.ksu.edu_17768 2	53337.363037	27257.008000	0.051000	0.000000	53337.363037	56437	0	s	1357340785520.843994
planetlab1.cs.unc.edu_plab4.eece.ksu.edu_11733 3	54213.249023	25835.493000	0.031000	0.000000	54213.249023	56529	512	s	1357340786397.989990
planetlab2.umassd.edu_plab4.eece.ksu.edu_18070 2	54657.112061	28106.413000	0.058000	0.000000	54657.112061	56457	0	s	1357340786840.916992
planetlab1.cs.unc.edu_plab4.eece.ksu.edu_11949 3	55403.777100	26353.711000	0.029000	0.000000	55403.777100	56557	512	s	1357340787589.083008
planetlab1.cs.unc.edu_plab4.eece.ksu.edu_12009 3	55704.499023	26503.567000	0.052000	0.000000	55704.499023	56566	512	s	1357340787889.928955
planetlab1.cs.unc.edu_plab4.eece.ksu.edu_12049 3	55844.135986	26555.197000	0.025000	0.000000	55844.135986	56571	512	s	1357340788029.627930
planetlab1.cs.unc.edu_plab4.eece.ksu.edu_12127 3	56206.135010	26650.223000	0.046000	0.000000	56206.135010	56581	512	s	1357340788391.757080
planetlab2.umassd.edu_plab4.eece.ksu.edu_18438 2	56252.958984	29142.770000	0.021000	0.000000	56252.958984	56479	0	s	1357340788437.044922
planetlab1.cs.unc.edu_plab4.eece.ksu.edu_12202 3	56498.497070	26701.441000	0.024000	0.000000	56498.497070	56590	512	s	1357340788684.299072
planetlab1.temple.edu_plab4.eece.ksu.edu_19437 9	56624.484863	2246.859000	0.012000	0.000000	56624.484863	55946	1024	s	1357340788799.252930
planetlab1.temple.edu_plab4.eece.ksu.edu_19440 9	56627.350830	2241.096000	0.010000	0.000000	56627.350830	56158	1024	s	1357340788805.220947
planetlab1.temple.edu_plab4.eece.ksu.edu_19452 9	56665.070068	2097.676000	0.009000	0.000000	56665.070068	56244	1024	s	1357340788844.267090
planetlab1.temple.edu_plab4.eece.ksu.edu_19453 9	56670.034912	2103.756000	0.006000	0.000000	56670.034912	56257	1024	s	1357340788849.399902
planetlab2.umassd.edu_plab4.eece.ksu.edu_19327 2	58966.619873	30023.762000	0.022000	0.000000	58966.619873	56554	0	s	1357340791151.885986
planetlab2.umassd.edu_plab4.eece.ksu.edu_19539 2	59734.997803	30095.495000	0.022000	0.000000	59734.997803	56585	0	s	1357340791920.669922
planetlabpc1.upf.edu_plab4.eece.ksu.edu_4584 9	71815.488037	7044.057000	0.072000	0.000000	71815.488037	55883	1120	s	1357340803989.364014
planetlabpc1.upf.edu_plab4.eece.ksu.edu_4588 9	71845.005127	6994.134000	0.033000	0.000000	71845.005127	55913	1120	s	1357340804019.268066
planetlabpc1.upf.edu_plab4.eece.ksu.edu_4590 9	71859.934082	7009.699000	0.079000	0.000000	71859.934082	55907	1120	s	1357340804034.123047
planetlabpc1.upf.edu_plab4.eece.ksu.edu_4596 9	71920.026855	6981.983000	0.040000	0.000000	71920.026855	55914	1120	s	1357340804094.306885
planetlabpc1.upf.edu_plab4.eece.ksu.edu_4598 9	71937.027832	6971.853000	0.010000	0.000000	71937.027832	55919	1120	s	1357340804111.430908
planetlabpc1.upf.edu_plab4.eece.ksu.edu_4601 9	71977.892090	7002.587000	0.010000	0.000000	71977.892090	55915	1120	s	1357340804152.186035
planetlabpc1.upf.edu_plab4.eece.ksu.edu_4603 9	72008.474121	7019.291000	0.009000	0.000000	72008.474121	55931	1120	s	1357340804183.052002
planetlabpc1.upf.edu_plab4.eece.ksu.edu_4606 9	72026.324951	6981.985000	0.012000	0.000000	72026.324951	56043	1120	s	1357340804202.394043
planetlabpc1.upf.edu_plab4.eece.ksu.edu_4616 9	72167.802979	6938.524000	0.015000	0.000000	72167.802979	56171	1120	s	1357340804345.837891
planetlabpc1.upf.edu_plab4.eece.ksu.edu_4629 9	72261.182861	6911.059000	0.009000	0.000000	72261.182861	56280	1120	s	1357340804441.023926
planetlabpc1.upf.edu_plab4.eece.ksu.edu_4643 9	72462.616943	6925.774000	0.016000	0.000000	72462.616943	56456	1120	s	1357340804646.409912
planetlab2.cs.pitt.edu_plab4.eece.ksu.edu_5771 9	73749.096924	0.025000	0.037000	0.000000	73749.096924	56450	176	s	1357340805932.811035
planetlab1.cs.unc.edu_plab4.eece.ksu.edu_20119 9	93195.292969	14715.828000	0.018000	0.000000	93195.292969	55912	512	s	1357340825369.543945
planetlab1.cs.unc.edu_plab4.eece.ksu.edu_20277 9	93797.479980	14522.166000	0.014000	0.000000	93797.479980	56027	512	s	1357340825973.346924
planetlab1.cs.unc.edu_plab4.eece.ksu.edu_20349 9	94149.175781	14318.009000	0.021000	0.000000	94149.175781	56104	512	s	1357340826326.285889
planetlab1.cs.unc.edu_plab4.eece.ksu.edu_20403 9	94460.718018	14295.735000	0.016000	0.000000	94460.718018	56136	512	s	1357340826638.239990
planetlab1.cs.unc.edu_plab4.eece.ksu.edu_20417 9	94511.253906	14288.088000	0.015000	0.000000	94511.253906	56160	512	s	1357340826689.147949
planetlab1.cs.unc.edu_plab4.eece.ksu.edu_20426 9	94537.691895	14262.516000	0.023000	0.000000	94537.691895	56168	512	s	1357340826715.689941
planetlab1.cs.unc.edu_plab4.eece.ksu.edu_20428 9	94548.964111	14271.495000	0.011000	0.000000	94548.964111	56169	512	s	1357340826726.974121
planetlab1.cs.unc.edu_plab4.eece.ksu.edu_20434 9	94574.533936	14261.399000	0.021000	0.000000	94574.533936	56170	512	s	1357340826752.556885
planetlab1.cs.unc.edu_plab4.eece.ksu.edu_20436 9	94575.324951	14259.639000	0.032000	0.000000	94575.324951	56172	512	s	1357340826753.372070
planetlab1.cs.unc.edu_plab4.eece.ksu.edu_20450 9	94614.854980	14226.258000	0.017000	0.000000	94614.854980	56184	512	s	1357340826793.063965
planetlab1.cs.unc.edu_plab4.eece.ksu.edu_20865 9	96044.762939	13261.445000	0.017000	0.000000	96044.762939	56296	512	s	1357340828224.834961
planetlab-03.cs.princeton.edu_plab4.eece.ksu.edu_4744 5	167111.114014	0.167000	0.057000	0.000000	167111.114014	55888	112	s	1357340899285.052979
planetlab-03.cs.princeton.edu_plab4.eece.ksu.edu_4758 5	168848.031982	2.110000	0.055000	0.000000	168848.031982	55952	112	s	1357340901022.874023
flow.colgate.edu_plab4.eece.ksu.edu_17045 3	169437.554932	133820.371000	0.020000	0.000000	169437.554932	56005	64	s	1357340901613.074951
planetlab-03.cs.princeton.edu_plab4.eece.ksu.edu_4784 5	170680.116943	1.003000	0.039000	0.000000	170680.116943	56080	112	s	1357340902856.697021
planetlab1.cs.uiuc.edu_plab4.eece.ksu.edu_26259 3	170722.266113	128064.625000	0.056000	0.000000	170722.266113	56204	32	s	1357340902900.925049
planetlab4.wail.wisc.edu_plab4.eece.ksu.edu_28442 4	175637.138184	0.028000	0.032000	0.000000	175637.138184	56227	96	s	1357340907816.110107
flow.colgate.edu_plab4.eece.ksu.edu_18758 3	185128.695068	132987.144000	0.030000	0.000000	185128.695068	56410	64	s	1357340917311.716064
flow.colgate.edu_plab4.eece.ksu.edu_18967 3	185988.177002	128803.473000	0.025000	0.000000	185988.177002	56496	64	s	1357340918172.490967
flow.colgate.edu_plab4.eece.ksu.edu_18981 3	186044.009033	128150.586000	0.019000	0.000000	186044.009033	56517	64	s	1357340918228.594971
planetlab-03.cs.princeton.edu_plab4.eece.ksu.edu_4920 5	186309.728027	0.087000	0.036000	0.000000	186309.728027	56563	112	s	1357340918495.120117
planetlab1.cs.uiuc.edu_plab4.eece.ksu.edu_29469 3	190737.413086	137773.434000	0.063000	0.000000	190737.413086	56431	32	s	1357340922920.819092
ricepl-2.cs.rice.edu_plab4.eece.ksu.edu_26463 9	235145.286133	58023.346000	0.022000	0.000000	235145.286133	55879	128	s	1357340967319.112061
ricepl-2.cs.rice.edu_plab4.eece.ksu.edu_26465 9	235148.656006	57995.547000	0.022000	0.000000	235148.656006	55880	128	s	1357340967322.493896
ricepl-2.cs.rice.edu_plab4.eece.ksu.edu_26473 9	235181.638184	57934.243000	0.019000	0.000000	235181.638184	55891	128	s	1357340967355.620117
ricepl-2.cs.rice.edu_plab4.eece.ksu.edu_26478 9	235198.958984	57916.540000	0.018000	0.000000	235198.958984	55893	128	s	1357340967372.965088
ricepl-2.cs.rice.edu_plab4.eece.ksu.edu_26485 9	235233.813965	57752.583000	0.019000	0.000000	235233.813965	55895	128	s	1357340967407.844971
ricepl-2.cs.rice.edu_plab4.eece.ksu.edu_26488 9	235239.818848	57755.549000	0.011000	0.000000	235239.818848	55894	128	s	1357340967413.837891
ricepl-2.cs.rice.edu_plab4.eece.ksu.edu_26500 9	235292.491943	57626.348000	0.018000	0.000000	235292.491943	55903	128	s	1357340967466.625000
ricepl-2.cs.rice.edu_plab4.eece.ksu.edu_26517 9	235384.347900	57507.824000	0.018000	0.000000	235384.347900	55906	128	s	1357340967558.524902
ricepl-2.cs.rice.edu_plab4.eece.ksu.edu_26554 9	235572.978027	57072.766000	0.019000	0.000000	235572.978027	55927	128	s	1357340967747.489990
ricepl-2.cs.rice.edu_plab4.eece.ksu.edu_26605 9	235831.025146	56791.979000	0.020000	0.000000	235831.025146	55944	128	s	1357340968005.768066
ricepl-2.cs.rice.edu_plab4.eece.ksu.edu_26669 9	236236.201904	56122.840000	0.018000	0.000000	236236.201904	55970	128	s	1357340968411.275879
ricepl-2.cs.rice.edu_plab4.eece.ksu.edu_26720 9	236572.952148	55550.809000	0.021000	0.000000	236572.952148	55988	128	s	1357340968748.258057
ricepl-2.cs.rice.edu_plab4.eece.ksu.edu_26740 9	236673.900879	55343.695000	0.023000	0.000000	236673.900879	56000	128	s	1357340968849.358887
ricepl-2.cs.rice.edu_plab4.eece.ksu.edu_26777 9	236905.833008	54950.858000	0.018000	0.000000	236905.833008	56009	128	s	1357340969081.406982
ricepl-2.cs.rice.edu_plab4.eece.ksu.edu_26783 9	236924.995850	54858.905000	0.018000	0.000000	236924.995850	56008	128	s	1357340969100.556885
ricepl-2.cs.rice.edu_plab4.eece.ksu.edu_26785 9	236936.240967	54849.604000	0.022000	0.000000	236936.240967	56012	128	s	1357340969111.913086
ricepl-2.cs.rice.edu_plab4.eece.ksu.edu_26787 9	236943.425049	54849.068000	0.016000	0.000000	236943.425049	56010	128	s	1357340969119.010010
ricepl-2.cs.rice.edu_plab4.eece.ksu.edu_26807 9	237052.529053	54713.695000	0.019000	0.000000	237052.529053	56023	128	s	1357340969228.345947
ricepl-2.cs.rice.edu_plab4.eece.ksu.edu_26814 9	237066.044922	54595.939000	0.021000	0.000000	237066.044922	56024	128	s	1357340969241.874023
ricepl-2.cs.rice.edu_plab4.eece.ksu.edu_26826 9	237138.600098	54191.503000	0.019000	0.000000	237138.600098	56040	128	s	1357340969314.632080
ricepl-2.cs.rice.edu_plab4.eece.ksu.edu_26893 9	237538.060059	53016.300000	0.022000	0.000000	237538.060059	56076	128	s	1357340969714.590088
ricepl-2.cs.rice.edu_plab4.eece.ksu.edu_26898 9	237559.749023	52964.213000	0.024000	0.000000	237559.749023	56084	128	s	1357340969736.437988
ricepl-2.cs.rice.edu_plab4.eece.ksu.edu_26906 9	237611.752930	52894.717000	0.019000	0.000000	237611.752930	56088	128	s	1357340969788.510986
ricepl-2.cs.rice.edu_plab4.eece.ksu.edu_26909 9	237627.643066	52876.817000	0.029000	0.000000	237627.643066	56093	128	s	1357340969804.611084
ricepl-2.cs.rice.edu_plab4.eece.ksu.edu_26913 9	237646.235840	52817.719000	0.020000	0.000000	237646.235840	56092	128	s	1357340969823.043945
ricepl-2.cs.rice.edu_plab4.eece.ksu.edu_26915 9	237657.291016	52796.088000	0.016000	0.000000	237657.291016	56094	128	s	1357340969834.271973
ricepl-2.cs.rice.edu_plab4.eece.ksu.edu_26918 9	237667.114990	52749.610000	0.020000	0.000000	237667.114990	56098	128	s	1357340969844.145996
ricepl-2.cs.rice.edu_plab4.eece.ksu.edu_26990 9	238504.159912	52630.234000	0.031000	0.000000	238504.159912	56124	128	s	1357340970681.530029
ricepl-2.cs.rice.edu_plab4.eece.ksu.edu_27131 9	241441.477051	51964.303000	0.019000	0.000000	241441.477051	56151	128	s	1357340973619.188965
ricepl-2.cs.rice.edu_plab4.eece.ksu.edu_27154 9	241641.648926	51946.713000	0.014000	0.000000	241641.648926	56156	128	s	1357340973819.492920
planetlab1.cs.umass.edu_plab4.eece.ksu.edu_9253 9	241718.955078	0.033000	0.015000	0.000000	241718.955078	56233	1184	s	1357340973898.009033
planetlab1.cs.umass.edu_plab4.eece.ksu.edu_9261 9	241750.024902	0.074000	0.013000	0.000000	241750.024902	56394	1184	s	1357340973932.826904
planetlab1.cs.umass.edu_plab4.eece.ksu.edu_9272 9	241862.645020	0.086000	0.015000	0.000000	241862.645020	56569	1184	s	1357340974048.112061
planetlab1.cs.umass.edu_plab4.eece.ksu.edu_9277 9	241931.868896	0.085000	0.013000	0.000000	241931.868896	56586	1184	s	1357340974117.556885
ricepl-2.cs.rice.edu_plab4.eece.ksu.edu_27253 9	242564.402100	50920.836000	0.020000	0.000000	242564.402100	56220	128	s	1357340974743.270020
ricepl-2.cs.rice.edu_plab4.eece.ksu.edu_27378 9	243339.192871	49931.246000	0.020000	0.000000	243339.192871	56264	128	s	1357340975518.649902
ricepl-2.cs.rice.edu_plab4.eece.ksu.edu_27508 9	243960.854980	48815.744000	0.021000	0.000000	243960.854980	56343	128	s	1357340976141.541992
ricepl-2.cs.rice.edu_plab4.eece.ksu.edu_27546 9	244107.934082	48465.655000	0.018000	0.000000	244107.934082	56363	128	s	1357340976288.886963
ricepl-2.cs.rice.edu_plab4.eece.ksu.edu_27676 9	244629.727051	46361.037000	0.025000	0.000000	244629.727051	56391	128	s	1357340976812.490967
ricepl-2.cs.rice.edu_plab4.eece.ksu.edu_27730 9	244839.215088	46027.135000	0.021000	0.000000	244839.215088	56403	128	s	1357340977022.134033
ricepl-2.cs.rice.edu_plab4.eece.ksu.edu_27734 9	244846.374023	45979.520000	0.019000	0.000000	244846.374023	56406	128	s	1357340977029.343994
ricepl-2.cs.rice.edu_plab4.eece.ksu.edu_27741 9	244859.207031	45897.535000	0.017000	0.000000	244859.207031	56405	128	s	1357340977042.165039
ricepl-2.cs.rice.edu_plab4.eece.ksu.edu_27749 9	244899.554199	45845.105000	0.019000	0.000000	244899.554199	56407	128	s	1357340977082.537109
ricepl-2.cs.rice.edu_plab4.eece.ksu.edu_27775 9	245011.889160	45767.242000	0.016000	0.000000	245011.889160	56415	128	s	1357340977194.975098
ricepl-2.cs.rice.edu_plab4.eece.ksu.edu_27885 9	245628.608154	45327.412000	0.021000	0.000000	245628.608154	56439	128	s	1357340977812.113037
ricepl-2.cs.rice.edu_plab4.eece.ksu.edu_27987 9	246358.021973	43322.362000	0.032000	0.000000	246358.021973	56500	128	s	1357340978542.386963
ricepl-2.cs.rice.edu_plab4.eece.ksu.edu_28042 9	246842.838135	43264.757000	0.025000	0.000000	246842.838135	56513	128	s	1357340979027.374023
ricepl-2.cs.rice.edu_plab4.eece.ksu.edu_28129 9	247501.743164	43317.630000	0.016000	0.000000	247501.743164	56535	128	s	1357340979686.674072
planetlab4.rutgers.edu_plab4.eece.ksu.edu_5132 9	374123.302979	0.348000	0.016000	0.000000	374123.302979	56198	1216	s	1357341106301.876953
flow.colgate.edu_plab4.eece.ksu.edu_47301 9	416388.224121	23965.276000	0.010000	0.000000	416388.224121	55926	64	s	1357341148562.714111
flow.colgate.edu_plab4.eece.ksu.edu_47426 9	416841.826904	23667.574000	0.010000	0.000000	416841.826904	56030	64	s	1357341149017.730957
flow.colgate.edu_plab4.eece.ksu.edu_47466 9	417039.809814	23165.011000	0.012000	0.000000	417039.809814	56074	64	s	1357341149216.315918
flow.colgate.edu_plab4.eece.ksu.edu_47487 9	417110.745117	23115.007000	0.009000	0.000000	417110.745117	56118	64	s	1357341149288.040039
flow.colgate.edu_plab4.eece.ksu.edu_47527 9	417319.604980	23132.554000	0.012000	0.000000	417319.604980	56150	64	s	1357341149497.304932
flow.colgate.edu_plab4.eece.ksu.edu_47543 9	417385.075195	23147.601000	0.010000	0.000000	417385.075195	56166	64	s	1357341149563.048096
flow.colgate.edu_plab4.eece.ksu.edu_47579 9	417538.367920	23188.723000	0.010000	0.000000	417538.367920	56178	64	s	1357341149716.492920
flow.colgate.edu_plab4.eece.ksu.edu_47585 9	417565.973145	23184.587000	0.009000	0.000000	417565.973145	56180	64	s	1357341149744.124023
flow.colgate.edu_plab4.eece.ksu.edu_47589 9	417585.136963	23193.453000	0.008000	0.000000	417585.136963	56182	64	s	1357341149763.322021
flow.colgate.edu_plab4.eece.ksu.edu_47604 9	417654.476074	23181.847000	0.011000	0.000000	417654.476074	56183	64	s	1357341149832.673096
flow.colgate.edu_plab4.eece.ksu.edu_47614 9	417686.260986	23176.297000	0.010000	0.000000	417686.260986	56190	64	s	1357341149864.544922
flow.colgate.edu_plab4.eece.ksu.edu_47672 9	418108.465088	23345.478000	0.017000	0.000000	418108.465088	56213	64	s	1357341150287.238037
flow.colgate.edu_plab4.eece.ksu.edu_47771 9	418840.251953	23732.005000	0.011000	0.000000	418840.251953	56288	64	s	1357341151020.222900
flow.colgate.edu_plab4.eece.ksu.edu_47797 9	418995.583008	23742.248000	0.011000	0.000000	418995.583008	56310	64	s	1357341151175.844971
flow.colgate.edu_plab4.eece.ksu.edu_47828 9	419176.358154	23765.328000	0.013000	0.000000	419176.358154	56323	64	s	1357341151356.789062
flow.colgate.edu_plab4.eece.ksu.edu_47867 9	419368.708984	23679.178000	0.015000	0.000000	419368.708984	56349	64	s	1357341151549.476074
flow.colgate.edu_plab4.eece.ksu.edu_47875 9	419403.573975	23674.798000	0.008000	0.000000	419403.573975	56365	64	s	1357341151584.553955
flow.colgate.edu_plab4.eece.ksu.edu_47883 9	419450.221191	23683.678000	0.008000	0.000000	419450.221191	56373	64	s	1357341151631.371094
flow.colgate.edu_plab4.eece.ksu.edu_47893 9	419542.085205	23733.313000	0.009000	0.000000	419542.085205	56377	64	s	1357341151723.318115
flow.colgate.edu_plab4.eece.ksu.edu_47905 9	419603.112061	23747.494000	0.009000	0.000000	419603.112061	56380	64	s	1357341151785.730957
flow.colgate.edu_plab4.eece.ksu.edu_47913 9	419676.232910	23784.360000	0.011000	0.000000	419676.232910	56381	64	s	1357341151858.864990
flow.colgate.edu_plab4.eece.ksu.edu_47918 9	419686.970947	23780.427000	0.008000	0.000000	419686.970947	56383	64	s	1357341151869.628906
flow.colgate.edu_plab4.eece.ksu.edu_48115 9	420876.124023	24120.253000	0.010000	0.000000	420876.124023	56438	64	s	1357341153059.616943
flow.colgate.edu_plab4.eece.ksu.edu_48122 9	420907.156006	24122.373000	0.008000	0.000000	420907.156006	56445	64	s	1357341153090.743896
flow.colgate.edu_plab4.eece.ksu.edu_48145 9	421013.347900	23919.457000	0.011000	0.000000	421013.347900	56509	64	s	1357341153197.833984
flow.colgate.edu_plab4.eece.ksu.edu_48168 9	421071.869141	23897.124000	0.010000	0.000000	421071.869141	56553	64	s	1357341153257.121094
flow.colgate.edu_plab4.eece.ksu.edu_48191 9	421159.114014	23903.309000	0.009000	0.000000	421159.114014	56577	64	s	1357341153344.686035
flow.colgate.edu_plab4.eece.ksu.edu_48193 9	421161.765137	23891.707000	0.007000	0.000000	421161.765137	56578	64	s	1357341153347.350098
flow.colgate.edu_plab4.eece.ksu.edu_48195 9	421165.915039	23894.299000	0.007000	0.000000	421165.915039	56579	64	s	1357341153351.511963
flow.colgate.edu_plab4.eece.ksu.edu_48197 9	421172.958984	23885.379000	0.007000	0.000000	421172.958984	56583	64	s	1357341153358.605957
flow.colgate.edu_plab4.eece.ksu.edu_48201 9	421205.962158	23913.767000	0.008000	0.000000	421205.962158	56587	64	s	1357341153391.664062
planetlab1.rutgers.edu_plab4.eece.ksu.edu_11818 3	448108.399902	0.221000	0.072000	0.000000	448108.399902	56129	448	s	1357341180285.836914
aguila2.lsi.upc.edu_plab4.eece.ksu.edu_3650 2	453002.446045	435629.811000	0.020000	0.000000	453002.446045	56174	384	s	1357341185180.518066
planetlab1.cs.uiuc.edu_plab4.eece.ksu.edu_92970 9	481364.522949	40653.848000	0.026000	0.000000	481364.522949	55863	32	s	1357341213537.993896
planetlab1.cs.uiuc.edu_plab4.eece.ksu.edu_93262 9	482323.698975	40502.794000	0.021000	0.000000	482323.698975	55867	32	s	1357341214497.375000
planetlab1.cs.uiuc.edu_plab4.eece.ksu.edu_93330 9	482633.569824	40686.041000	0.030000	0.000000	482633.569824	55870	32	s	1357341214807.284912
planetlab1.cs.uiuc.edu_plab4.eece.ksu.edu_93335 9	482635.489990	40677.725000	0.025000	0.000000	482635.489990	55869	32	s	1357341214809.191895
planetlab1.cs.uiuc.edu_plab4.eece.ksu.edu_93341 9	482649.443848	40677.314000	0.025000	0.000000	482649.443848	55871	32	s	1357341214823.170898
planetlab1.cs.uiuc.edu_plab4.eece.ksu.edu_93378 9	482745.308105	40671.789000	0.028000	0.000000	482745.308105	55875	32	s	1357341214919.083984
planetlab1.cs.uiuc.edu_plab4.eece.ksu.edu_94113 9	485183.297119	40828.387000	0.024000	0.000000	485183.297119	55935	32	s	1357341217357.924072
planetlab1.cs.uiuc.edu_plab4.eece.ksu.edu_94395 9	486176.128906	40154.915000	0.024000	0.000000	486176.128906	55977	32	s	1357341218351.294922
planetlab1.cs.uiuc.edu_plab4.eece.ksu.edu_94595 9	486692.377930	40157.604000	0.025000	0.000000	486692.377930	55999	32	s	1357341218867.823975
planetlab1.cs.uiuc.edu_plab4.eece.ksu.edu_94697 9	486966.478027	40032.957000	0.026000	0.000000	486966.478027	56028	32	s	1357341219142.356934
planetlab1.cs.uiuc.edu_plab4.eece.ksu.edu_95105 9	488136.279053	38888.097000	0.027000	0.000000	488136.279053	56127	32	s	1357341220313.689941
planetlab1.cs.uiuc.edu_plab4.eece.ksu.edu_95388 9	488946.614014	37431.402000	0.024000	0.000000	488946.614014	56215	32	s	1357341221125.416992
planetlab1.cs.uiuc.edu_plab4.eece.ksu.edu_95744 9	490672.004150	36847.901000	0.027000	0.000000	490672.004150	56348	32	s	1357341222852.759033
planetlab1.cs.uiuc.edu_plab4.eece.ksu.edu_95830 9	490998.915039	35961.514000	0.049000	0.000000	490998.915039	56374	32	s	1357341223180.105957
planetlab1.cs.uiuc.edu_plab4.eece.ksu.edu_95881 9	491125.812988	35818.273000	0.029000	0.000000	491125.812988	56387	32	s	1357341223308.520996
planetlab1.cs.uiuc.edu_plab4.eece.ksu.edu_95947 9	491285.380127	35750.473000	0.027000	0.000000	491285.380127	56396	32	s	1357341223468.208008
planetlab1.cs.uiuc.edu_plab4.eece.ksu.edu_95965 9	491330.365967	35676.578000	0.026000	0.000000	491330.365967	56404	32	s	1357341223513.311035
planetlab1.cs.uiuc.edu_plab4.eece.ksu.edu_95970 9	491334.285889	35656.323000	0.025000	0.000000	491334.285889	56408	32	s	1357341223517.281982
planetlab1.cs.uiuc.edu_plab4.eece.ksu.edu_95980 9	491351.888916	35619.611000	0.028000	0.000000	491351.888916	56413	32	s	1357341223534.947998
planetlab1.cs.uiuc.edu_plab4.eece.ksu.edu_95982 9	491362.799072	35628.143000	0.022000	0.000000	491362.799072	56414	32	s	1357341223545.870117
planetlab1.cs.uiuc.edu_plab4.eece.ksu.edu_95985 9	491371.778076	35622.245000	0.026000	0.000000	491371.778076	56412	32	s	1357341223554.823975
planetlab1.cs.uiuc.edu_plab4.eece.ksu.edu_96113 9	491684.977051	35080.530000	0.027000	0.000000	491684.977051	56444	32	s	1357341223868.552979
planetlab1.cs.uiuc.edu_plab4.eece.ksu.edu_96137 9	491741.914062	34985.596000	0.027000	0.000000	491741.914062	56460	32	s	1357341223925.757080
planetlab1.cs.uiuc.edu_plab4.eece.ksu.edu_96167 9	491823.675049	34878.033000	0.030000	0.000000	491823.675049	56468	32	s	1357341224007.622070
planetlab1.cs.uiuc.edu_plab4.eece.ksu.edu_96192 9	491871.264893	34758.326000	0.026000	0.000000	491871.264893	56472	32	s	1357341224055.262939
planetlab1.cs.uiuc.edu_plab4.eece.ksu.edu_96218 9	491915.876953	34730.002000	0.027000	0.000000	491915.876953	56476	32	s	1357341224099.926025
planetlab1.cs.uiuc.edu_plab4.eece.ksu.edu_96222 9	491920.704102	34713.684000	0.024000	0.000000	491920.704102	56477	32	s	1357341224104.766113
planetlab1.cs.uiuc.edu_plab4.eece.ksu.edu_96226 9	491931.648926	34717.051000	0.030000	0.000000	491931.648926	56478	32	s	1357341224115.722900
planetlab1.cs.uiuc.edu_plab4.eece.ksu.edu_96269 9	492022.261963	34588.374000	0.030000	0.000000	492022.261963	56489	32	s	1357341224206.483887
planetlab1.cs.uiuc.edu_plab4.eece.ksu.edu_96326 9	492141.964844	34500.172000	0.026000	0.000000	492141.964844	56508	32	s	1357341224326.431885
planetlab1.cs.uiuc.edu_plab4.eece.ksu.edu_96342 9	492172.875000	34480.515000	0.022000	0.000000	492172.875000	56516	32	s	1357341224357.448975
planetlab1.cs.uiuc.edu_plab4.eece.ksu.edu_96346 9	492180.683838	34480.780000	0.022000	0.000000	492180.683838	56520	32	s	1357341224365.306885
planetlab1.cs.uiuc.edu_plab4.eece.ksu.edu_96349 9	492184.278076	34457.672000	0.032000	0.000000	492184.278076	56525	32	s	1357341224368.968994
planetlab1.cs.uiuc.edu_plab4.eece.ksu.edu_96352 9	492190.546143	34462.669000	0.027000	0.000000	492190.546143	56524	32	s	1357341224375.225098
planetlab1.cs.uiuc.edu_plab4.eece.ksu.edu_96354 9	492190.628174	34462.796000	0.012000	0.000000	492190.628174	56526	32	s	1357341224375.331055
planetlab1.cs.uiuc.edu_plab4.eece.ksu.edu_96357 9	492198.210938	34463.168000	0.026000	0.000000	492198.210938	56528	32	s	1357341224382.939941
planetlab1.cs.uiuc.edu_plab4.eece.ksu.edu_96361 9	492201.638916	34445.515000	0.030000	0.000000	492201.638916	56533	32	s	1357341224386.541992
planetlab1.cs.uiuc.edu_plab4.eece.ksu.edu_96359 9	492201.886963	34445.609000	0.026000	0.000000	492201.886963	56532	32	s	1357341224386.775879
planetlab1.cs.uiuc.edu_plab4.eece.ksu.edu_96364 9	492209.129883	34451.341000	0.016000	0.000000	492209.129883	56534	32	s	1357341224394.044922
planetlab1.cs.uiuc.edu_plab4.eece.ksu.edu_96368 9	492215.552002	34451.856000	0.026000	0.000000	492215.552002	56537	32	s	1357341224400.509033
planetlab1.cs.uiuc.edu_plab4.eece.ksu.edu_96370 9	492217.686035	34432.167000	0.026000	0.000000	492217.686035	56536	32	s	1357341224402.631104
planetlab1.cs.uiuc.edu_plab4.eece.ksu.edu_96372 9	492219.705811	34434.165000	0.018000	0.000000	492219.705811	56540	32	s	1357341224404.701904
planetlab1.cs.uiuc.edu_plab4.eece.ksu.edu_96374 9	492219.854980	34434.592000	0.016000	0.000000	492219.854980	56538	32	s	1357341224404.824951
planetlab1.cs.uiuc.edu_plab4.eece.ksu.edu_96376 9	492221.887939	34435.869000	0.014000	0.000000	492221.887939	56541	32	s	1357341224406.896973
planetlab1.cs.uiuc.edu_plab4.eece.ksu.edu_96378 9	492226.467041	34439.334000	0.023000	0.000000	492226.467041	56542	32	s	1357341224411.489014
planetlab1.cs.uiuc.edu_plab4.eece.ksu.edu_96388 9	492238.298096	34421.957000	0.023000	0.000000	492238.298096	56543	32	s	1357341224423.333008
planetlab1.cs.uiuc.edu_plab4.eece.ksu.edu_96394 9	492243.790039	34401.623000	0.027000	0.000000	492243.790039	56556	32	s	1357341224429.083008
planetlab1.cs.uiuc.edu_plab4.eece.ksu.edu_96403 9	492262.511963	34397.391000	0.028000	0.000000	492262.511963	56568	32	s	1357341224447.967041
planetlab1.cs.uiuc.edu_plab4.eece.ksu.edu_96405 9	492262.654053	34390.960000	0.031000	0.000000	492262.654053	56564	32	s	1357341224448.059082
planetlab1.cs.uiuc.edu_plab4.eece.ksu.edu_96407 9	492264.609863	34392.300000	0.018000	0.000000	492264.609863	56572	32	s	1357341224450.118896
planetlab1.cs.uiuc.edu_plab4.eece.ksu.edu_96411 9	492280.090088	34400.178000	0.027000	0.000000	492280.090088	56573	32	s	1357341224465.612061
planetlab1.cs.uiuc.edu_plab4.eece.ksu.edu_96413 9	492280.427002	34386.998000	0.026000	0.000000	492280.427002	56574	32	s	1357341224465.960938
planetlab1.cs.uiuc.edu_plab4.eece.ksu.edu_96424 9	492293.180176	34369.667000	0.028000	0.000000	492293.180176	56584	32	s	1357341224478.840088
roam2.cs.ou.edu_plab4.eece.ksu.edu_37257 9	518898.701904	151661.288000	0.015000	0.000000	518898.701904	55861	16	s	1357341251072.137939
roam2.cs.ou.edu_plab4.eece.ksu.edu_37282 9	518992.169922	151650.120000	0.015000	0.000000	518992.169922	55866	16	s	1357341251165.794922
roam2.cs.ou.edu_plab4.eece.ksu.edu_37400 9	519498.142090	151585.941000	0.022000	0.000000	519498.142090	55887	16	s	1357341251672.068115
roam2.cs.ou.edu_plab4.eece.ksu.edu_37412 9	519538.516846	151553.689000	0.015000	0.000000	519538.516846	55889	16	s	1357341251712.471924
roam2.cs.ou.edu_plab4.eece.ksu.edu_37488 9	519837.938965	151478.987000	0.016000	0.000000	519837.938965	55897	16	s	1357341252011.993896
roam2.cs.ou.edu_plab4.eece.ksu.edu_37713 9	523653.069824	152470.665000	0.016000	0.000000	523653.069824	55905	16	s	1357341255827.232910
roam2.cs.ou.edu_plab4.eece.ksu.edu_37884 9	524555.242920	152460.237000	0.014000	0.000000	524555.242920	55909	16	s	1357341256729.457031
roam2.cs.ou.edu_plab4.eece.ksu.edu_37924 9	527695.995117	155388.331000	0.067000	0.000000	527695.995117	55918	16	s	1357341259870.333008
roam2.cs.ou.edu_plab4.eece.ksu.edu_37926 9	527700.347900	155382.155000	0.015000	0.000000	527700.347900	55920	16	s	1357341259874.764893
roam2.cs.ou.edu_plab4.eece.ksu.edu_37929 9	527706.541992	155355.217000	0.013000	0.000000	527706.541992	55921	16	s	1357341259880.971924
roam2.cs.ou.edu_plab4.eece.ksu.edu_37945 9	527762.039062	155323.963000	0.016000	0.000000	527762.039062	55923	16	s	1357341259936.491943
roam2.cs.ou.edu_plab4.eece.ksu.edu_37956 9	527806.426025	155319.548000	0.016000	0.000000	527806.426025	55925	16	s	1357341259980.904053
roam2.cs.ou.edu_plab4.eece.ksu.edu_37968 9	527862.665771	155287.817000	0.015000	0.000000	527862.665771	55929	16	s	1357341260037.202881
roam2.cs.ou.edu_plab4.eece.ksu.edu_38188 9	528783.250000	153753.627000	0.018000	0.000000	528783.250000	55940	16	s	1357341260957.943115
roam2.cs.ou.edu_plab4.eece.ksu.edu_38263 9	529064.538818	153755.152000	0.014000	0.000000	529064.538818	55951	16	s	1357341261239.367920
roam2.cs.ou.edu_plab4.eece.ksu.edu_38270 9	529084.715088	153738.180000	0.014000	0.000000	529084.715088	55953	16	s	1357341261259.572021
roam2.cs.ou.edu_plab4.eece.ksu.edu_38302 9	529214.674072	153747.645000	0.019000	0.000000	529214.674072	55962	16	s	1357341261389.644043
roam2.cs.ou.edu_plab4.eece.ksu.edu_38321 9	529262.061035	153750.206000	0.015000	0.000000	529262.061035	55973	16	s	1357341261437.172119
roam2.cs.ou.edu_plab4.eece.ksu.edu_38342 9	529355.785889	153754.122000	0.019000	0.000000	529355.785889	55969	16	s	1357341261530.847900
roam2.cs.ou.edu_plab4.eece.ksu.edu_38895 9	538019.811035	158036.168000	0.017000	0.000000	538019.811035	55978	16	s	1357341270194.989990
roam2.cs.ou.edu_plab4.eece.ksu.edu_38912 9	538075.768799	158036.675000	0.015000	0.000000	538075.768799	55984	16	s	1357341270251.025879
roam2.cs.ou.edu_plab4.eece.ksu.edu_38915 9	538080.927979	158036.911000	0.010000	0.000000	538080.927979	55985	16	s	1357341270256.197021
roam2.cs.ou.edu_plab4.eece.ksu.edu_38924 9	538091.625000	158016.913000	0.014000	0.000000	538091.625000	55986	16	s	1357341270266.906006
roam2.cs.ou.edu_plab4.eece.ksu.edu_38927 9	538099.965088	158011.207000	0.015000	0.000000	538099.965088	55987	16	s	1357341270275.259033
roam2.cs.ou.edu_plab4.eece.ksu.edu_38931 9	538122.273926	158024.064000	0.012000	0.000000	538122.273926	55989	16	s	1357341270297.592041
roam2.cs.ou.edu_plab4.eece.ksu.edu_38933 9	538127.720947	158026.406000	0.011000	0.000000	538127.720947	55993	16	s	1357341270303.087891
roam2.cs.ou.edu_plab4.eece.ksu.edu_38937 9	538133.157959	158013.260000	0.012000	0.000000	538133.157959	55992	16	s	1357341270308.512939
roam2.cs.ou.edu_plab4.eece.ksu.edu_38942 9	538140.255859	158006.196000	0.009000	0.000000	538140.255859	55994	16	s	1357341270315.638916
roam2.cs.ou.edu_plab4.eece.ksu.edu_38944 9	538144.883057	158010.307000	0.009000	0.000000	538144.883057	55995	16	s	1357341270320.279053
roam2.cs.ou.edu_plab4.eece.ksu.edu_38948 9	538151.046875	157988.271000	0.013000	0.000000	538151.046875	55998	16	s	1357341270326.479980
roam2.cs.ou.edu_plab4.eece.ksu.edu_38953 9	538161.697021	157983.267000	0.011000	0.000000	538161.697021	56001	16	s	1357341270337.166992
roam2.cs.ou.edu_plab4.eece.ksu.edu_38966 9	538200.177979	157981.372000	0.013000	0.000000	538200.177979	56007	16	s	1357341270375.725098
roam2.cs.ou.edu_plab4.eece.ksu.edu_38974 9	538224.821045	157992.880000	0.013000	0.000000	538224.821045	56011	16	s	1357341270400.418945
roam2.cs.ou.edu_plab4.eece.ksu.edu_38984 9	538258.316895	157989.418000	0.040000	0.000000	538258.316895	56013	16	s	1357341270434.001953
roam2.cs.ou.edu_plab4.eece.ksu.edu_38987 9	538265.371094	157988.577000	0.014000	0.000000	538265.371094	56016	16	s	1357341270441.093018
roam2.cs.ou.edu_plab4.eece.ksu.edu_38989 9	538269.049072	157988.527000	0.011000	0.000000	538269.049072	56014	16	s	1357341270444.748047
roam2.cs.ou.edu_plab4.eece.ksu.edu_38991 9	538272.058105	157974.811000	0.057000	0.000000	538272.058105	56015	16	s	1357341270447.769043
roam2.cs.ou.edu_plab4.eece.ksu.edu_38997 9	538279.750000	157966.482000	0.010000	0.000000	538279.750000	56017	16	s	1357341270455.485107
roam2.cs.ou.edu_plab4.eece.ksu.edu_39002 9	538288.347900	157963.232000	0.009000	0.000000	538288.347900	56019	16	s	1357341270464.106934
roam2.cs.ou.edu_plab4.eece.ksu.edu_39015 9	538335.353027	157947.929000	0.014000	0.000000	538335.353027	56021	16	s	1357341270511.145020
roam2.cs.ou.edu_plab4.eece.ksu.edu_39019 9	538349.309814	157947.250000	0.013000	0.000000	538349.309814	56025	16	s	1357341270525.150879
roam2.cs.ou.edu_plab4.eece.ksu.edu_39143 9	541959.929932	159615.209000	0.014000	0.000000	541959.929932	56031	16	s	1357341274135.845947
roam2.cs.ou.edu_plab4.eece.ksu.edu_39149 9	541985.059814	159595.608000	0.017000	0.000000	541985.059814	56033	16	s	1357341274161.003906
roam2.cs.ou.edu_plab4.eece.ksu.edu_39153 9	541994.012207	159593.453000	0.014000	0.000000	541994.012207	56032	16	s	1357341274169.943115
roam2.cs.ou.edu_plab4.eece.ksu.edu_39174 9	542056.441162	159537.146000	0.018000	0.000000	542056.441162	56037	16	s	1357341274232.435059
roam2.cs.ou.edu_plab4.eece.ksu.edu_39180 9	542077.645020	159532.182000	0.014000	0.000000	542077.645020	56035	16	s	1357341274253.614990
roam2.cs.ou.edu_plab4.eece.ksu.edu_39186 9	542092.073975	159511.787000	0.013000	0.000000	542092.073975	56041	16	s	1357341274268.118896
roam2.cs.ou.edu_plab4.eece.ksu.edu_39206 9	542161.599854	159447.472000	0.018000	0.000000	542161.599854	56047	16	s	1357341274337.722900
roam2.cs.ou.edu_plab4.eece.ksu.edu_39210 9	542172.292969	159433.278000	0.014000	0.000000	542172.292969	56048	16	s	1357341274348.427979
roam2.cs.ou.edu_plab4.eece.ksu.edu_39212 9	542177.841064	159428.966000	0.012000	0.000000	542177.841064	56049	16	s	1357341274353.988037
roam2.cs.ou.edu_plab4.eece.ksu.edu_39216 9	542188.051025	159424.692000	0.011000	0.000000	542188.051025	56051	16	s	1357341274364.231934
roam2.cs.ou.edu_plab4.eece.ksu.edu_39219 9	542188.716064	159404.460000	0.011000	0.000000	542188.716064	56050	16	s	1357341274364.884033
roam2.cs.ou.edu_plab4.eece.ksu.edu_39225 9	542199.418945	159390.088000	0.015000	0.000000	542199.418945	56052	16	s	1357341274375.612061
roam2.cs.ou.edu_plab4.eece.ksu.edu_39229 9	542225.268066	159386.010000	0.014000	0.000000	542225.268066	56053	16	s	1357341274401.474121
roam2.cs.ou.edu_plab4.eece.ksu.edu_39240 9	542255.444092	159336.440000	0.017000	0.000000	542255.444092	56055	16	s	1357341274431.674072
roam2.cs.ou.edu_plab4.eece.ksu.edu_39244 9	542274.815186	159330.881000	0.015000	0.000000	542274.815186	56056	16	s	1357341274451.058105
roam2.cs.ou.edu_plab4.eece.ksu.edu_39255 9	542311.096191	159302.553000	0.015000	0.000000	542311.096191	56057	16	s	1357341274487.350098
roam2.cs.ou.edu_plab4.eece.ksu.edu_39257 9	542317.395996	159297.035000	0.015000	0.000000	542317.395996	56058	16	s	1357341274493.662109
roam2.cs.ou.edu_plab4.eece.ksu.edu_39260 9	542321.795898	159287.461000	0.014000	0.000000	542321.795898	56059	16	s	1357341274498.097900
roam2.cs.ou.edu_plab4.eece.ksu.edu_39274 9	542366.665039	159256.981000	0.016000	0.000000	542366.665039	56061	16	s	1357341274542.991943
roam2.cs.ou.edu_plab4.eece.ksu.edu_39283 9	542375.527100	159232.167000	0.017000	0.000000	542375.527100	56065	16	s	1357341274551.916992
roam2.cs.ou.edu_plab4.eece.ksu.edu_39293 9	542386.332031	159198.282000	0.012000	0.000000	542386.332031	56068	16	s	1357341274562.760010
roam2.cs.ou.edu_plab4.eece.ksu.edu_39302 9	542421.361084	159178.840000	0.017000	0.000000	542421.361084	56069	16	s	1357341274597.800049
roam2.cs.ou.edu_plab4.eece.ksu.edu_39306 9	542429.599854	159179.964000	0.010000	0.000000	542429.599854	56071	16	s	1357341274606.063965
roam2.cs.ou.edu_plab4.eece.ksu.edu_39338 9	542533.968994	159101.340000	0.031000	0.000000	542533.968994	56079	16	s	1357341274710.535889
roam2.cs.ou.edu_plab4.eece.ksu.edu_39342 9	542544.727051	159093.031000	0.013000	0.000000	542544.727051	56077	16	s	1357341274721.270020
roam2.cs.ou.edu_plab4.eece.ksu.edu_39361 9	542600.822998	159054.392000	0.019000	0.000000	542600.822998	56085	16	s	1357341274777.523926
aguila2.lsi.upc.edu_plab4.eece.ksu.edu_4413 2	546125.161865	519636.790000	0.022000	0.000000	546125.161865	56382	384	s	1357341278307.806885
roam2.cs.ou.edu_plab4.eece.ksu.edu_39651 9	547088.733887	160725.354000	0.015000	0.000000	547088.733887	56089	16	s	1357341279265.504883
roam2.cs.ou.edu_plab4.eece.ksu.edu_39661 9	547124.864990	160704.590000	0.016000	0.000000	547124.864990	56090	16	s	1357341279301.647949
roam2.cs.ou.edu_plab4.eece.ksu.edu_39670 9	547144.658936	160658.372000	0.018000	0.000000	547144.658936	56096	16	s	1357341279321.666016
roam2.cs.ou.edu_plab4.eece.ksu.edu_39673 9	547155.406982	160666.126000	0.013000	0.000000	547155.406982	56097	16	s	1357341279332.426025
roam2.cs.ou.edu_plab4.eece.ksu.edu_39678 9	547175.032959	160644.782000	0.018000	0.000000	547175.032959	56101	16	s	1357341279352.105957
roam2.cs.ou.edu_plab4.eece.ksu.edu_39680 9	547179.728760	160647.637000	0.011000	0.000000	547179.728760	56099	16	s	1357341279356.775879
roam2.cs.ou.edu_plab4.eece.ksu.edu_39683 9	547188.798828	160652.445000	0.011000	0.000000	547188.798828	56100	16	s	1357341279365.858887
roam2.cs.ou.edu_plab4.eece.ksu.edu_39696 9	547235.059082	160627.481000	0.017000	0.000000	547235.059082	56102	16	s	1357341279412.144043
roam2.cs.ou.edu_plab4.eece.ksu.edu_39698 9	547245.712158	160624.445000	0.015000	0.000000	547245.712158	56103	16	s	1357341279422.809082
roam2.cs.ou.edu_plab4.eece.ksu.edu_39701 9	547256.304932	160616.956000	0.016000	0.000000	547256.304932	56105	16	s	1357341279433.427979
roam2.cs.ou.edu_plab4.eece.ksu.edu_39711 9	547277.742920	160592.299000	0.014000	0.000000	547277.742920	56106	16	s	1357341279454.877930
roam2.cs.ou.edu_plab4.eece.ksu.edu_39713 9	547288.373047	160598.521000	0.011000	0.000000	547288.373047	56108	16	s	1357341279465.538086
roam2.cs.ou.edu_plab4.eece.ksu.edu_39716 9	547299.150879	160584.476000	0.013000	0.000000	547299.150879	56109	16	s	1357341279476.327881
roam2.cs.ou.edu_plab4.eece.ksu.edu_39724 9	547310.037109	160550.838000	0.025000	0.000000	547310.037109	56111	16	s	1357341279487.239990
roam2.cs.ou.edu_plab4.eece.ksu.edu_39730 9	547320.802002	160545.699000	0.012000	0.000000	547320.802002	56113	16	s	1357341279498.034912
roam2.cs.ou.edu_plab4.eece.ksu.edu_39736 9	547349.165771	160530.451000	0.015000	0.000000	547349.165771	56114	16	s	1357341279526.410889
roam2.cs.ou.edu_plab4.eece.ksu.edu_39741 9	547359.919922	160527.911000	0.011000	0.000000	547359.919922	56116	16	s	1357341279537.189941
roam2.cs.ou.edu_plab4.eece.ksu.edu_39743 9	547360.160156	160522.610000	0.009000	0.000000	547360.160156	56117	16	s	1357341279537.443115
roam2.cs.ou.edu_plab4.eece.ksu.edu_39757 9	547398.693848	160489.985000	0.015000	0.000000	547398.693848	56119	16	s	1357341279576.001953
roam2.cs.ou.edu_plab4.eece.ksu.edu_39759 9	547409.773926	160498.789000	0.013000	0.000000	547409.773926	56120	16	s	1357341279587.094971
roam2.cs.ou.edu_plab4.eece.ksu.edu_39764 9	547418.762939	160483.416000	0.011000	0.000000	547418.762939	56122	16	s	1357341279596.108887
roam2.cs.ou.edu_plab4.eece.ksu.edu_39775 9	547457.864014	160469.309000	0.014000	0.000000	547457.864014	56123	16	s	1357341279635.221924
roam2.cs.ou.edu_plab4.eece.ksu.edu_39783 9	547480.074951	160455.732000	0.021000	0.000000	547480.074951	56125	16	s	1357341279657.458008
roam2.cs.ou.edu_plab4.eece.ksu.edu_39791 9	547505.785156	160439.383000	0.022000	0.000000	547505.785156	56126	16	s	1357341279683.184082
roam2.cs.ou.edu_plab4.eece.ksu.edu_40178 9	552341.210938	162155.747000	0.014000	0.000000	552341.210938	56133	16	s	1357341284518.696045
roam2.cs.ou.edu_plab4.eece.ksu.edu_40180 9	552348.635986	162159.729000	0.013000	0.000000	552348.635986	56135	16	s	1357341284526.145996
aguila2.lsi.upc.edu_plab4.eece.ksu.edu_4448 2	553324.661133	526264.296000	0.043000	0.000000	553324.661133	56461	384	s	1357341285508.517090
roam2.cs.ou.edu_plab4.eece.ksu.edu_40620 9	560400.343018	166402.410000	0.018000	0.000000	560400.343018	56137	16	s	1357341292577.877930
roam2.cs.ou.edu_plab4.eece.ksu.edu_40629 9	560406.789062	166369.000000	0.014000	0.000000	560406.789062	56139	16	s	1357341292584.351074
roam2.cs.ou.edu_plab4.eece.ksu.edu_40635 9	560417.470947	166338.176000	0.019000	0.000000	560417.470947	56141	16	s	1357341292595.060059
roam2.cs.ou.edu_plab4.eece.ksu.edu_40641 9	560444.954834	166359.441000	0.086000	0.000000	560444.954834	56142	16	s	1357341292622.555908
roam2.cs.ou.edu_plab4.eece.ksu.edu_40644 9	560447.981934	166327.750000	0.015000	0.000000	560447.981934	56144	16	s	1357341292625.606934
roam2.cs.ou.edu_plab4.eece.ksu.edu_40646 9	560454.278076	166330.240000	0.012000	0.000000	560454.278076	56143	16	s	1357341292631.891113
roam2.cs.ou.edu_plab4.eece.ksu.edu_40652 9	560458.712158	166327.358000	0.013000	0.000000	560458.712158	56145	16	s	1357341292636.349121
roam2.cs.ou.edu_plab4.eece.ksu.edu_40671 9	560507.177002	166290.388000	0.016000	0.000000	560507.177002	56153	16	s	1357341292684.917969
roam2.cs.ou.edu_plab4.eece.ksu.edu_40674 9	560511.836914	166289.678000	0.013000	0.000000	560511.836914	56152	16	s	1357341292689.562012
roam2.cs.ou.edu_plab4.eece.ksu.edu_40681 9	560535.173828	166273.304000	0.015000	0.000000	560535.173828	56155	16	s	1357341292712.940918
roam2.cs.ou.edu_plab4.eece.ksu.edu_40683 9	560535.708984	166271.055000	0.011000	0.000000	560535.708984	56157	16	s	1357341292713.565918
roam2.cs.ou.edu_plab4.eece.ksu.edu_40691 9	560554.887939	166261.059000	0.014000	0.000000	560554.887939	56159	16	s	1357341292732.770020
roam2.cs.ou.edu_plab4.eece.ksu.edu_40695 9	560565.707031	166259.973000	0.012000	0.000000	560565.707031	56161	16	s	1357341292743.614014
roam2.cs.ou.edu_plab4.eece.ksu.edu_40699 9	560573.428955	166260.710000	0.015000	0.000000	560573.428955	56164	16	s	1357341292751.376953
roam2.cs.ou.edu_plab4.eece.ksu.edu_40701 9	560576.432129	166248.408000	0.011000	0.000000	560576.432129	56165	16	s	1357341292754.393066
roam2.cs.ou.edu_plab4.eece.ksu.edu_40707 9	560587.093018	166247.348000	0.012000	0.000000	560587.093018	56167	16	s	1357341292765.079102
roam2.cs.ou.edu_plab4.eece.ksu.edu_40717 9	560616.222900	166234.322000	0.014000	0.000000	560616.222900	56173	16	s	1357341292794.282959
roam2.cs.ou.edu_plab4.eece.ksu.edu_40721 9	560627.787109	166242.963000	0.011000	0.000000	560627.787109	56175	16	s	1357341292805.871094
roam2.cs.ou.edu_plab4.eece.ksu.edu_40730 9	560642.182129	166224.851000	0.019000	0.000000	560642.182129	56177	16	s	1357341292820.291016
roam2.cs.ou.edu_plab4.eece.ksu.edu_40740 9	560681.590088	166235.256000	0.014000	0.000000	560681.590088	56181	16	s	1357341292859.760986
roam2.cs.ou.edu_plab4.eece.ksu.edu_40750 9	560692.901123	166214.999000	0.012000	0.000000	560692.901123	56185	16	s	1357341292871.123047
roam2.cs.ou.edu_plab4.eece.ksu.edu_40753 9	560703.746094	166214.272000	0.014000	0.000000	560703.746094	56186	16	s	1357341292881.979980
roam2.cs.ou.edu_plab4.eece.ksu.edu_40786 9	560792.738037	166187.287000	0.056000	0.000000	560792.738037	56197	16	s	1357341292971.115967
roam2.cs.ou.edu_plab4.eece.ksu.edu_40790 9	560803.579102	166181.269000	0.014000	0.000000	560803.579102	56199	16	s	1357341292982.166992
roam2.cs.ou.edu_plab4.eece.ksu.edu_40801 9	560832.354980	166170.054000	0.016000	0.000000	560832.354980	56202	16	s	1357341293010.981934
roam2.cs.ou.edu_plab4.eece.ksu.edu_40803 9	560836.752197	166169.756000	0.011000	0.000000	560836.752197	56203	16	s	1357341293015.392090
roam2.cs.ou.edu_plab4.eece.ksu.edu_40811 9	560853.942871	166159.296000	0.014000	0.000000	560853.942871	56205	16	s	1357341293032.615967
roam2.cs.ou.edu_plab4.eece.ksu.edu_40815 9	560864.096924	166164.533000	0.012000	0.000000	560864.096924	56206	16	s	1357341293042.782959
roam2.cs.ou.edu_plab4.eece.ksu.edu_40822 9	560885.471924	166156.928000	0.014000	0.000000	560885.471924	56207	16	s	1357341293064.169922
roam2.cs.ou.edu_plab4.eece.ksu.edu_40841 9	560954.722900	166147.439000	0.015000	0.000000	560954.722900	56210	16	s	1357341293133.458984
roam2.cs.ou.edu_plab4.eece.ksu.edu_40862 9	561023.366943	166144.267000	0.016000	0.000000	561023.366943	56216	16	s	1357341293202.181885
roam2.cs.ou.edu_plab4.eece.ksu.edu_40877 9	561069.052979	166123.221000	0.016000	0.000000	561069.052979	56218	16	s	1357341293247.895996
roam2.cs.ou.edu_plab4.eece.ksu.edu_40879 9	561078.872070	166129.464000	0.012000	0.000000	561078.872070	56219	16	s	1357341293257.728027
roam2.cs.ou.edu_plab4.eece.ksu.edu_40888 9	561092.567139	166102.178000	0.019000	0.000000	561092.567139	56222	16	s	1357341293271.476074
roam2.cs.ou.edu_plab4.eece.ksu.edu_40894 9	561105.869873	166105.652000	0.012000	0.000000	561105.869873	56223	16	s	1357341293284.791992
roam2.cs.ou.edu_plab4.eece.ksu.edu_40899 9	561125.482910	166091.944000	0.018000	0.000000	561125.482910	56225	16	s	1357341293304.429932
roam2.cs.ou.edu_plab4.eece.ksu.edu_40909 9	561152.395996	166075.351000	0.017000	0.000000	561152.395996	56226	16	s	1357341293331.354980
roam2.cs.ou.edu_plab4.eece.ksu.edu_40913 9	561164.411865	166078.512000	0.016000	0.000000	561164.411865	56229	16	s	1357341293343.407959
roam2.cs.ou.edu_plab4.eece.ksu.edu_40915 9	561169.466064	166079.178000	0.012000	0.000000	561169.466064	56228	16	s	1357341293348.449951
roam2.cs.ou.edu_plab4.eece.ksu.edu_40928 9	561220.228027	166084.780000	0.013000	0.000000	561220.228027	56232	16	s	1357341293399.269043
roam2.cs.ou.edu_plab4.eece.ksu.edu_40930 9	561221.218994	166072.813000	0.012000	0.000000	561221.218994	56231	16	s	1357341293400.248047
roam2.cs.ou.edu_plab4.eece.ksu.edu_40938 9	561234.531006	166041.487000	0.018000	0.000000	561234.531006	56235	16	s	1357341293413.610107
roam2.cs.ou.edu_plab4.eece.ksu.edu_40941 9	561247.945068	166050.063000	0.012000	0.000000	561247.945068	56234	16	s	1357341293427.010986
roam2.cs.ou.edu_plab4.eece.ksu.edu_40979 9	561412.128906	166015.021000	0.016000	0.000000	561412.128906	56237	16	s	1357341293591.232910
roam2.cs.ou.edu_plab4.eece.ksu.edu_40986 9	561421.199951	165979.524000	0.014000	0.000000	561421.199951	56238	16	s	1357341293600.315918
roam2.cs.ou.edu_plab4.eece.ksu.edu_41095 9	561914.299072	164242.751000	0.017000	0.000000	561914.299072	56239	16	s	1357341294093.427979
roam2.cs.ou.edu_plab4.eece.ksu.edu_41098 9	561916.611816	164241.574000	0.010000	0.000000	561916.611816	56240	16	s	1357341294095.752930
roam2.cs.ou.edu_plab4.eece.ksu.edu_41105 9	561947.986084	164231.306000	0.017000	0.000000	561947.986084	56241	16	s	1357341294127.144043
roam2.cs.ou.edu_plab4.eece.ksu.edu_41109 9	561958.697021	164238.426000	0.010000	0.000000	561958.697021	56242	16	s	1357341294137.870117
roam2.cs.ou.edu_plab4.eece.ksu.edu_41116 9	561979.754883	164205.823000	0.018000	0.000000	561979.754883	56243	16	s	1357341294158.939941
roam2.cs.ou.edu_plab4.eece.ksu.edu_41129 9	562035.188965	164174.231000	0.047000	0.000000	562035.188965	56245	16	s	1357341294214.403076
roam2.cs.ou.edu_plab4.eece.ksu.edu_41131 9	562045.796875	164177.574000	0.013000	0.000000	562045.796875	56246	16	s	1357341294225.022949
roam2.cs.ou.edu_plab4.eece.ksu.edu_41137 9	562057.072021	164175.942000	0.013000	0.000000	562057.072021	56248	16	s	1357341294236.323975
roam2.cs.ou.edu_plab4.eece.ksu.edu_41144 9	562070.683105	164145.174000	0.017000	0.000000	562070.683105	56249	16	s	1357341294249.947021
roam2.cs.ou.edu_plab4.eece.ksu.edu_41149 9	562096.448242	164151.743000	0.015000	0.000000	562096.448242	56250	16	s	1357341294275.724121
roam2.cs.ou.edu_plab4.eece.ksu.edu_41155 9	562112.484863	164125.326000	0.020000	0.000000	562112.484863	56251	16	s	1357341294291.774902
roam2.cs.ou.edu_plab4.eece.ksu.edu_41158 9	562125.049072	164133.506000	0.012000	0.000000	562125.049072	56252	16	s	1357341294304.351074
roam2.cs.ou.edu_plab4.eece.ksu.edu_41164 9	562144.914062	164116.175000	0.017000	0.000000	562144.914062	56254	16	s	1357341294324.240967
roam2.cs.ou.edu_plab4.eece.ksu.edu_41175 9	562180.531982	164076.862000	0.019000	0.000000	562180.531982	56255	16	s	1357341294359.871094
roam2.cs.ou.edu_plab4.eece.ksu.edu_41551 9	570222.368896	168880.823000	0.017000	0.000000	570222.368896	56259	16	s	1357341302401.762939
roam2.cs.ou.edu_plab4.eece.ksu.edu_41799 9	574415.313965	171639.301000	0.018000	0.000000	574415.313965	56261	16	s	1357341306594.732910
roam2.cs.ou.edu_plab4.eece.ksu.edu_41801 9	574418.546143	171632.301000	0.016000	0.000000	574418.546143	56262	16	s	1357341306597.977051
roam2.cs.ou.edu_plab4.eece.ksu.edu_41803 9	574418.646973	171630.230000	0.008000	0.000000	574418.646973	56263	16	s	1357341306598.091064
roam2.cs.ou.edu_plab4.eece.ksu.edu_41815 9	574472.187988	171591.430000	0.019000	0.000000	574472.187988	56265	16	s	1357341306651.656982
roam2.cs.ou.edu_plab4.eece.ksu.edu_41822 9	574483.933105	171567.666000	0.019000	0.000000	574483.933105	56266	16	s	1357341306663.414062
roam2.cs.ou.edu_plab4.eece.ksu.edu_41827 9	574513.867920	171567.793000	0.018000	0.000000	574513.867920	56270	16	s	1357341306693.398926
roam2.cs.ou.edu_plab4.eece.ksu.edu_41833 9	574526.871094	171556.747000	0.018000	0.000000	574526.871094	56267	16	s	1357341306706.364990
roam2.cs.ou.edu_plab4.eece.ksu.edu_41838 9	574539.255859	171540.077000	0.014000	0.000000	574539.255859	56268	16	s	1357341306718.761963
roam2.cs.ou.edu_plab4.eece.ksu.edu_41841 9	574539.357910	171538.700000	0.010000	0.000000	574539.357910	56269	16	s	1357341306718.876953
roam2.cs.ou.edu_plab4.eece.ksu.edu_41844 9	574548.129150	171537.582000	0.014000	0.000000	574548.129150	56271	16	s	1357341306727.829102
roam2.cs.ou.edu_plab4.eece.ksu.edu_41945 9	575101.907959	170628.555000	0.017000	0.000000	575101.907959	56273	16	s	1357341307281.638916
roam2.cs.ou.edu_plab4.eece.ksu.edu_41951 9	575112.611816	170585.399000	0.016000	0.000000	575112.611816	56279	16	s	1357341307292.440918
roam2.cs.ou.edu_plab4.eece.ksu.edu_41960 9	575149.035156	170591.392000	0.018000	0.000000	575149.035156	56283	16	s	1357341307328.913086
roam2.cs.ou.edu_plab4.eece.ksu.edu_41963 9	575149.300049	170565.170000	0.017000	0.000000	575149.300049	56282	16	s	1357341307329.166016
roam2.cs.ou.edu_plab4.eece.ksu.edu_41967 9	575162.589111	170544.562000	0.016000	0.000000	575162.589111	56281	16	s	1357341307342.443115
roam2.cs.ou.edu_plab4.eece.ksu.edu_41969 9	575162.645020	170540.876000	0.010000	0.000000	575162.645020	56285	16	s	1357341307342.562012
roam2.cs.ou.edu_plab4.eece.ksu.edu_41973 9	575170.511963	170542.806000	0.010000	0.000000	575170.511963	56286	16	s	1357341307350.440918
roam2.cs.ou.edu_plab4.eece.ksu.edu_41975 9	575170.585938	170525.832000	0.016000	0.000000	575170.585938	56287	16	s	1357341307350.541992
roam2.cs.ou.edu_plab4.eece.ksu.edu_41977 9	575171.037109	170511.291000	0.011000	0.000000	575171.037109	56289	16	s	1357341307351.020020
roam2.cs.ou.edu_plab4.eece.ksu.edu_41992 9	575221.931152	170473.633000	0.017000	0.000000	575221.931152	56293	16	s	1357341307401.965088
roam2.cs.ou.edu_plab4.eece.ksu.edu_41994 9	575225.301025	170460.298000	0.015000	0.000000	575225.301025	56295	16	s	1357341307405.360107
roam2.cs.ou.edu_plab4.eece.ksu.edu_42015 9	575283.242920	170400.581000	0.016000	0.000000	575283.242920	56298	16	s	1357341307463.344971
roam2.cs.ou.edu_plab4.eece.ksu.edu_42018 9	575293.343018	170388.197000	0.018000	0.000000	575293.343018	56299	16	s	1357341307473.458008
roam2.cs.ou.edu_plab4.eece.ksu.edu_42033 9	575344.394043	170335.590000	0.020000	0.000000	575344.394043	56301	16	s	1357341307524.533936
roam2.cs.ou.edu_plab4.eece.ksu.edu_42041 9	575364.651855	170316.298000	0.021000	0.000000	575364.651855	56303	16	s	1357341307544.823975
roam2.cs.ou.edu_plab4.eece.ksu.edu_42047 9	575383.753906	170290.751000	0.017000	0.000000	575383.753906	56304	16	s	1357341307563.937988
roam2.cs.ou.edu_plab4.eece.ksu.edu_42052 9	575396.388916	170277.940000	0.014000	0.000000	575396.388916	56305	16	s	1357341307576.586914
roam2.cs.ou.edu_plab4.eece.ksu.edu_42057 9	575412.510986	170269.931000	0.013000	0.000000	575412.510986	56306	16	s	1357341307592.720947
roam2.cs.ou.edu_plab4.eece.ksu.edu_42059 9	575419.974121	170274.889000	0.015000	0.000000	575419.974121	56307	16	s	1357341307600.196045
roam2.cs.ou.edu_plab4.eece.ksu.edu_42063 9	575420.063965	170267.896000	0.012000	0.000000	575420.063965	56309	16	s	1357341307600.311035
roam2.cs.ou.edu_plab4.eece.ksu.edu_42078 9	575468.354004	170218.901000	0.023000	0.000000	575468.354004	56302	16	s	1357341307648.512939
roam2.cs.ou.edu_plab4.eece.ksu.edu_42086 9	575485.233887	170221.603000	0.013000	0.000000	575485.233887	56312	16	s	1357341307665.523926
roam2.cs.ou.edu_plab4.eece.ksu.edu_42090 9	575495.970947	170223.959000	0.011000	0.000000	575495.970947	56313	16	s	1357341307676.272949
roam2.cs.ou.edu_plab4.eece.ksu.edu_42097 9	575515.455078	170208.831000	0.017000	0.000000	575515.455078	56314	16	s	1357341307695.770020
roam2.cs.ou.edu_plab4.eece.ksu.edu_42101 9	575520.325195	170202.885000	0.013000	0.000000	575520.325195	56315	16	s	1357341307700.652100
roam2.cs.ou.edu_plab4.eece.ksu.edu_42105 9	575531.141113	170190.654000	0.016000	0.000000	575531.141113	56318	16	s	1357341307711.506104
roam2.cs.ou.edu_plab4.eece.ksu.edu_42110 9	575551.531006	170200.748000	0.011000	0.000000	575551.531006	56319	16	s	1357341307731.907959
roam2.cs.ou.edu_plab4.eece.ksu.edu_42112 9	575554.101074	170200.586000	0.014000	0.000000	575554.101074	56322	16	s	1357341307734.519043
aguila2.lsi.upc.edu_plab4.eece.ksu.edu_4632 2	583509.707031	553372.716000	0.037000	0.000000	583509.707031	56589	384	s	1357341315695.496094
roam2.cs.ou.edu_plab4.eece.ksu.edu_42701 9	584529.849121	175155.905000	0.020000	0.000000	584529.849121	56336	16	s	1357341316710.445068
roam2.cs.ou.edu_plab4.eece.ksu.edu_42705 9	584534.902832	175071.257000	0.021000	0.000000	584534.902832	56342	16	s	1357341316715.577881
roam2.cs.ou.edu_plab4.eece.ksu.edu_42714 9	584574.510986	174964.911000	0.018000	0.000000	584574.510986	56346	16	s	1357341316755.240967
roam2.cs.ou.edu_plab4.eece.ksu.edu_42718 9	584585.294922	174955.784000	0.015000	0.000000	584585.294922	56339	16	s	1357341316765.931885
roam2.cs.ou.edu_plab4.eece.ksu.edu_42727 9	584623.469971	174870.424000	0.018000	0.000000	584623.469971	56338	16	s	1357341316804.094971
roam2.cs.ou.edu_plab4.eece.ksu.edu_42948 9	588757.893066	176860.285000	0.018000	0.000000	588757.893066	56364	16	s	1357341320938.860107
roam2.cs.ou.edu_plab4.eece.ksu.edu_42964 9	588809.316162	176745.484000	0.017000	0.000000	588809.316162	56370	16	s	1357341320990.423096
roam2.cs.ou.edu_plab4.eece.ksu.edu_43004 9	588961.644775	176490.877000	0.023000	0.000000	588961.644775	56378	16	s	1357341321142.889893
roam2.cs.ou.edu_plab4.eece.ksu.edu_45984 9	640874.341064	204761.362000	0.017000	0.000000	640874.341064	56402	16	s	1357341373057.245117
roam2.cs.ou.edu_plab4.eece.ksu.edu_46000 9	640938.367920	204729.233000	0.017000	0.000000	640938.367920	56409	16	s	1357341373121.375977
roam2.cs.ou.edu_plab4.eece.ksu.edu_46093 9	641296.730957	204684.658000	0.068000	0.000000	641296.730957	56430	16	s	1357341373480.123047
roam2.cs.ou.edu_plab4.eece.ksu.edu_46241 9	641865.267090	204594.765000	0.017000	0.000000	641865.267090	56452	16	s	1357341374049.007080
roam2.cs.ou.edu_plab4.eece.ksu.edu_46514 9	646238.972168	205843.877000	0.015000	0.000000	646238.972168	56466	16	s	1357341378422.891113
roam2.cs.ou.edu_plab4.eece.ksu.edu_46907 9	651092.164062	207591.433000	0.017000	0.000000	651092.164062	56474	16	s	1357341383276.187988
roam2.cs.ou.edu_plab4.eece.ksu.edu_48913 9	678678.455078	221609.249000	0.017000	0.000000	678678.455078	56490	16	s	1357341410862.688965
roam2.cs.ou.edu_plab4.eece.ksu.edu_48953 9	678837.166016	221595.347000	0.016000	0.000000	678837.166016	56498	16	s	1357341411021.506104
roam2.cs.ou.edu_plab4.eece.ksu.edu_49006 9	679128.066895	221489.966000	0.016000	0.000000	679128.066895	56504	16	s	1357341411312.480957
roam2.cs.ou.edu_plab4.eece.ksu.edu_49016 9	679178.196045	221489.353000	0.019000	0.000000	679178.196045	56506	16	s	1357341411362.635986
roam2.cs.ou.edu_plab4.eece.ksu.edu_49026 9	679214.710205	221480.669000	0.015000	0.000000	679214.710205	56507	16	s	1357341411399.162109
roam2.cs.ou.edu_plab4.eece.ksu.edu_49031 9	679228.177979	221455.140000	0.014000	0.000000	679228.177979	56510	16	s	1357341411412.676025
