planetlab1.cs.umass.edu_planetlab2.ucsd.edu_2450 3	4501.375977	145.404000	0.020000	0.000000	4501.375977	97867	1184	s	1357340739969.763916
planetlab1.cs.umass.edu_planetlab2.ucsd.edu_2574 3	4764.144043	22.044000	0.034000	0.000000	4764.144043	97953	1184	s	1357340740235.272949
planetlab1.cs.umass.edu_planetlab2.ucsd.edu_2616 3	4846.216064	30.921000	0.028000	0.000000	4846.216064	98004	1184	s	1357340740320.156982
planetlab1.cs.umass.edu_planetlab2.ucsd.edu_2779 3	5332.083984	0.035000	0.033000	0.000000	5332.083984	98207	1184	s	1357340740815.919922
planetlab1.cs.umass.edu_planetlab2.ucsd.edu_3038 3	6394.893066	0.609000	0.031000	0.000000	6394.893066	98309	1184	s	1357340741881.745117
planetlab2.cs.ubc.ca_planetlab2.ucsd.edu_805 2	6474.519043	3480.708000	0.017000	0.000000	6474.519043	98009	3360	s	1357340741948.558105
planetlab2.cs.umass.edu_planetlab2.ucsd.edu_1485 3	6599.322998	0.113000	0.026000	0.000000	6599.322998	97933	1568	s	1357340742070.087891
planetlab1.cs.umass.edu_planetlab2.ucsd.edu_3092 3	6701.456055	0.965000	0.018000	0.000000	6701.456055	98337	1184	s	1357340742191.507080
planetlab1.cs.umass.edu_planetlab2.ucsd.edu_3102 3	6748.545898	5.197000	0.019000	0.000000	6748.545898	98340	1184	s	1357340742238.660889
planetlab1.cs.umass.edu_planetlab2.ucsd.edu_3107 3	6759.332031	0.542000	0.036000	0.000000	6759.332031	98341	1184	s	1357340742249.468018
planetlab1.cs.umass.edu_planetlab2.ucsd.edu_3116 3	6796.286865	18.097000	0.030000	0.000000	6796.286865	98343	1184	s	1357340742286.458984
plgmu2.ite.gmu.edu_planetlab2.ucsd.edu_1872 4	6808.974854	0.084000	0.051000	0.000000	6808.974854	98283	1536	s	1357340742295.337891
planetlab1.cs.umass.edu_planetlab2.ucsd.edu_3124 3	6841.531982	33.335000	0.026000	0.000000	6841.531982	98349	1184	s	1357340742331.823975
planetlab1.cs.umass.edu_planetlab2.ucsd.edu_3140 3	6911.977051	13.426000	0.035000	0.000000	6911.977051	98357	1184	s	1357340742402.429932
lefthand.eecs.harvard.edu_planetlab2.ucsd.edu_800 2	7033.568115	0.317000	0.038000	0.000000	7033.568115	98374	3616	s	1357340742524.350098
planetlab6.csail.mit.edu_planetlab2.ucsd.edu_3691 9	7060.251953	0.139000	0.018000	0.000000	7060.251953	98363	1056	s	1357340742550.812988
planetlab6.csail.mit.edu_planetlab2.ucsd.edu_3755 9	7385.592041	0.044000	0.021000	0.000000	7385.592041	98395	1056	s	1357340742876.770020
planetlab1.cs.umass.edu_planetlab2.ucsd.edu_3216 3	7483.875000	0.036000	0.036000	0.000000	7483.875000	98405	1184	s	1357340742976.235107
pl2.ucs.indiana.edu_planetlab2.ucsd.edu_1035 2	7563.074951	0.091000	0.033000	0.000000	7563.074951	98433	2848	s	1357340743056.294922
planetlab6.csail.mit.edu_planetlab2.ucsd.edu_3809 9	7626.799072	0.041000	0.032000	0.000000	7626.799072	98411	1056	s	1357340743119.395020
planetlab6.csail.mit.edu_planetlab2.ucsd.edu_3838 9	7681.595947	0.162000	0.025000	0.000000	7681.595947	98419	1056	s	1357340743174.343994
planetlab6.csail.mit.edu_planetlab2.ucsd.edu_3852 9	7710.807129	0.156000	0.033000	0.000000	7710.807129	98426	1056	s	1357340743203.683105
planetlab6.csail.mit.edu_planetlab2.ucsd.edu_3859 9	7718.239990	0.047000	0.022000	0.000000	7718.239990	98427	1056	s	1357340743211.134033
planetlab6.csail.mit.edu_planetlab2.ucsd.edu_3862 9	7718.547119	0.039000	0.020000	0.000000	7718.547119	98425	1056	s	1357340743211.406006
planetlab6.csail.mit.edu_planetlab2.ucsd.edu_3868 9	7727.026855	2.860000	0.019000	0.000000	7727.026855	98431	1056	s	1357340743220.202881
planetlab2.cs.umass.edu_planetlab2.ucsd.edu_1568 3	8033.790039	7.921000	0.028000	0.000000	8033.790039	98463	1568	s	1357340743530.006104
planetlab1.cs.umass.edu_planetlab2.ucsd.edu_3271 3	8143.273926	0.095000	0.037000	0.000000	8143.273926	98469	1184	s	1357340743639.614990
planetlab1.tsuniv.edu_planetlab2.ucsd.edu_1122 4	10409.678223	2113.766000	0.063000	0.000000	10409.678223	98480	1632	s	1357340745906.266113
nodea.howard.edu_planetlab2.ucsd.edu_1804 4	11162.979004	0.038000	0.029000	0.000000	11162.979004	97893	3072	s	1357340746631.843018
planetlab1.poly.edu_planetlab2.ucsd.edu_1440 3	11364.247070	0.150000	0.027000	0.000000	11364.247070	98051	3104	s	1357340746841.301025
planetlab2.mnlab.cti.depaul.edu_planetlab2.ucsd.edu_1321 4	16508.644043	12205.476000	0.023000	0.000000	16508.644043	97839	1376	s	1357340751976.490967
planetlab1.temple.edu_planetlab2.ucsd.edu_8063 5	16814.843994	11543.580000	0.028000	0.000000	16814.843994	97980	1024	s	1357340752287.217041
ebb.colgate.edu_planetlab2.ucsd.edu_2620 9	17634.476074	240.649000	0.012000	0.000000	17634.476074	97792	1312	s	1357340753101.153076
planetlabtwo.ccs.neu.edu_planetlab2.ucsd.edu_1250 4	17928.041992	0.051000	0.078000	0.000000	17928.041992	98150	2656	s	1357340753410.806885
planetlab1.temple.edu_planetlab2.ucsd.edu_9025 5	19123.722900	10860.405000	0.025000	0.000000	19123.722900	98478	1024	s	1357340754620.270996
ebb.colgate.edu_planetlab2.ucsd.edu_2850 9	20324.665039	0.028000	0.017000	0.000000	20324.665039	98322	1312	s	1357340755814.434082
planetlabpc1.upf.edu_planetlab2.ucsd.edu_1527 5	20993.791016	16385.961000	0.031000	0.000000	20993.791016	97765	1120	s	1357340756459.895020
planetlabpc1.upf.edu_planetlab2.ucsd.edu_1533 5	21067.605957	16417.024000	0.025000	0.000000	21067.605957	97777	1120	s	1357340756533.991943
planetlabpc1.upf.edu_planetlab2.ucsd.edu_1538 5	21140.503906	16481.289000	0.018000	0.000000	21140.503906	97780	1120	s	1357340756606.948975
planetlabpc1.upf.edu_planetlab2.ucsd.edu_1548 5	21292.286133	16573.154000	0.022000	0.000000	21292.286133	97781	1120	s	1357340756758.748047
planetlabpc1.upf.edu_planetlab2.ucsd.edu_1550 5	21318.495850	16598.993000	0.015000	0.000000	21318.495850	97783	1120	s	1357340756785.012939
planetlabpc1.upf.edu_planetlab2.ucsd.edu_1553 5	21352.836914	16604.340000	0.016000	0.000000	21352.836914	97789	1120	s	1357340756819.461914
planetlab1.cis.upenn.edu_planetlab2.ucsd.edu_2256 4	21936.612061	3597.393000	0.034000	0.000000	21936.612061	98365	2560	s	1357340757427.209961
planetlabpc1.upf.edu_planetlab2.ucsd.edu_1693 5	23258.900146	16650.590000	0.030000	0.000000	23258.900146	98293	1120	s	1357340758745.454102
planetlab2.eecs.umich.edu_planetlab2.ucsd.edu_2307 9	28074.474121	9.656000	0.051000	0.000000	28074.474121	97759	2592	s	1357340763539.131104
planetlab2.eecs.umich.edu_planetlab2.ucsd.edu_2316 9	28253.437012	1.866000	0.034000	0.000000	28253.437012	98121	2592	s	1357340763735.508057
planetlab1.temple.edu_planetlab2.ucsd.edu_13649 9	31830.022949	7603.036000	0.015000	0.000000	31830.022949	97755	1024	s	1357340767292.811035
planetlab1.temple.edu_planetlab2.ucsd.edu_13651 9	31831.470947	7591.795000	0.008000	0.000000	31831.470947	97758	1024	s	1357340767296.022949
planetlab1.temple.edu_planetlab2.ucsd.edu_13672 9	31907.727051	7574.532000	0.011000	0.000000	31907.727051	97786	1024	s	1357340767374.299072
planetlab1.temple.edu_planetlab2.ucsd.edu_13710 9	32015.979980	7580.638000	0.012000	0.000000	32015.979980	97813	1024	s	1357340767483.041016
planetlab1.temple.edu_planetlab2.ucsd.edu_13742 9	32132.229980	7561.980000	0.013000	0.000000	32132.229980	97842	1024	s	1357340767600.129883
planetlab1.temple.edu_planetlab2.ucsd.edu_13745 9	32140.453125	7567.358000	0.011000	0.000000	32140.453125	97849	1024	s	1357340767608.478027
planetlab1.temple.edu_planetlab2.ucsd.edu_13759 9	32209.843018	7598.484000	0.014000	0.000000	32209.843018	97868	1024	s	1357340767678.248047
planetlab1.temple.edu_planetlab2.ucsd.edu_13765 9	32228.906006	7583.987000	0.012000	0.000000	32228.906006	97874	1024	s	1357340767697.417969
planetlab1.temple.edu_planetlab2.ucsd.edu_13780 9	32293.428955	7581.617000	0.011000	0.000000	32293.428955	97890	1024	s	1357340767762.239014
planetlab1.temple.edu_planetlab2.ucsd.edu_13806 9	32376.650146	7599.665000	0.012000	0.000000	32376.650146	97904	1024	s	1357340767845.717041
planetlab1.temple.edu_planetlab2.ucsd.edu_13818 9	32405.666992	7580.642000	0.010000	0.000000	32405.666992	97906	1024	s	1357340767874.770020
planetlab1.temple.edu_planetlab2.ucsd.edu_13843 9	32534.620850	7635.754000	0.012000	0.000000	32534.620850	97907	1024	s	1357340768003.740967
planetlab1.temple.edu_planetlab2.ucsd.edu_13849 9	32564.969971	7654.347000	0.011000	0.000000	32564.969971	97910	1024	s	1357340768034.144043
planetlab1.temple.edu_planetlab2.ucsd.edu_13868 9	32651.664795	7676.567000	0.012000	0.000000	32651.664795	97914	1024	s	1357340768120.961914
planetlab1.temple.edu_planetlab2.ucsd.edu_13882 9	32721.911133	7710.147000	0.012000	0.000000	32721.911133	97930	1024	s	1357340768192.623047
planetlab1.temple.edu_planetlab2.ucsd.edu_13903 9	32962.729980	7911.787000	0.012000	0.000000	32962.729980	97958	1024	s	1357340768433.957031
planetlab1.temple.edu_planetlab2.ucsd.edu_13944 9	33408.397949	8275.759000	0.011000	0.000000	33408.397949	98034	1024	s	1357340768883.113037
planetlab1.temple.edu_planetlab2.ucsd.edu_13955 9	33524.734131	8369.785000	0.014000	0.000000	33524.734131	98060	1024	s	1357340769002.206055
planetlab1.temple.edu_planetlab2.ucsd.edu_13958 9	33538.177979	8377.553000	0.016000	0.000000	33538.177979	98047	1024	s	1357340769015.149902
planetlab1.temple.edu_planetlab2.ucsd.edu_13976 9	33606.886963	8421.117000	0.011000	0.000000	33606.886963	98073	1024	s	1357340769084.601074
planetlab1.temple.edu_planetlab2.ucsd.edu_13982 9	33611.865967	8419.899000	0.011000	0.000000	33611.865967	98097	1024	s	1357340769093.486084
planetlab1.temple.edu_planetlab2.ucsd.edu_13984 9	33632.710205	8434.873000	0.011000	0.000000	33632.710205	98089	1024	s	1357340769110.725098
planetlab1.temple.edu_planetlab2.ucsd.edu_14006 9	33761.683838	8524.650000	0.016000	0.000000	33761.683838	98104	1024	s	1357340769243.440918
planetlab1.temple.edu_planetlab2.ucsd.edu_14010 9	33778.066162	8537.764000	0.012000	0.000000	33778.066162	98105	1024	s	1357340769259.841064
planetlab1.temple.edu_planetlab2.ucsd.edu_14012 9	33793.946045	8548.145000	0.014000	0.000000	33793.946045	98109	1024	s	1357340769275.792969
planetlab1.temple.edu_planetlab2.ucsd.edu_14018 9	33901.308838	8650.581000	0.015000	0.000000	33901.308838	98125	1024	s	1357340769383.452881
planetlab1.temple.edu_planetlab2.ucsd.edu_14020 9	33901.571045	8647.247000	0.010000	0.000000	33901.571045	98116	1024	s	1357340769383.553955
planetlab1.temple.edu_planetlab2.ucsd.edu_14022 9	33980.761963	8725.237000	0.011000	0.000000	33980.761963	98124	1024	s	1357340769462.886963
planetlab1.temple.edu_planetlab2.ucsd.edu_14026 9	33993.755127	8733.172000	0.011000	0.000000	33993.755127	98162	1024	s	1357340769476.749023
planetlab1.temple.edu_planetlab2.ucsd.edu_14028 9	34029.020996	8765.113000	0.011000	0.000000	34029.020996	98120	1024	s	1357340769511.074951
planetlab1.temple.edu_planetlab2.ucsd.edu_14031 9	34058.814941	8793.810000	0.012000	0.000000	34058.814941	98107	1024	s	1357340769540.626953
planetlab1.temple.edu_planetlab2.ucsd.edu_14034 9	34088.289795	8818.271000	0.010000	0.000000	34088.289795	98126	1024	s	1357340769570.451904
planetlab1.temple.edu_planetlab2.ucsd.edu_14038 9	34098.716064	8819.421000	0.011000	0.000000	34098.716064	98140	1024	s	1357340769581.258057
planetlab1.temple.edu_planetlab2.ucsd.edu_14036 9	34102.340088	8820.755000	0.011000	0.000000	34102.340088	98182	1024	s	1357340769585.718994
planetlab1.temple.edu_planetlab2.ucsd.edu_14042 9	34136.644043	8858.366000	0.008000	0.000000	34136.644043	98156	1024	s	1357340769619.530029
planetlab1.temple.edu_planetlab2.ucsd.edu_14051 9	34190.975098	8899.524000	0.012000	0.000000	34190.975098	98169	1024	s	1357340769674.102051
planetlab1.temple.edu_planetlab2.ucsd.edu_14088 9	34318.820801	8936.930000	0.010000	0.000000	34318.820801	98212	1024	s	1357340769802.754883
planetlab1.temple.edu_planetlab2.ucsd.edu_14094 9	34344.033936	8943.961000	0.012000	0.000000	34344.033936	98210	1024	s	1357340769827.930908
planetlab1.temple.edu_planetlab2.ucsd.edu_14100 9	34368.281006	8958.865000	0.020000	0.000000	34368.281006	98215	1024	s	1357340769852.269043
planetlab1.temple.edu_planetlab2.ucsd.edu_14102 9	34370.681885	8957.981000	0.009000	0.000000	34370.681885	98214	1024	s	1357340769854.650879
planetlab1.temple.edu_planetlab2.ucsd.edu_14119 9	34429.901855	8994.977000	0.010000	0.000000	34429.901855	98222	1024	s	1357340769914.021973
planetlab1.temple.edu_planetlab2.ucsd.edu_14131 9	34461.804932	8980.063000	0.011000	0.000000	34461.804932	98230	1024	s	1357340769946.077881
planetlab1.temple.edu_planetlab2.ucsd.edu_14143 9	34494.919922	8978.026000	0.011000	0.000000	34494.919922	98233	1024	s	1357340769979.249023
planetlab1.temple.edu_planetlab2.ucsd.edu_14147 9	34499.510010	8968.026000	0.010000	0.000000	34499.510010	98241	1024	s	1357340769983.989990
planetlab1.temple.edu_planetlab2.ucsd.edu_14160 9	34539.165039	8992.109000	0.012000	0.000000	34539.165039	98252	1024	s	1357340770023.852051
planetlab1.temple.edu_planetlab2.ucsd.edu_14190 9	34622.166016	8983.565000	0.010000	0.000000	34622.166016	98266	1024	s	1357340770107.112061
planetlab1.temple.edu_planetlab2.ucsd.edu_14256 9	34779.296875	8996.819000	0.014000	0.000000	34779.296875	98278	1024	s	1357340770265.566895
planetlab1.temple.edu_planetlab2.ucsd.edu_14382 9	35121.312012	9046.982000	0.013000	0.000000	35121.312012	98332	1024	s	1357340770611.272949
planetlab4.eecs.umich.edu_planetlab2.ucsd.edu_2645 9	35482.854980	0.160000	0.024000	0.000000	35482.854980	97764	2336	s	1357340770948.938965
planetlab1.temple.edu_planetlab2.ucsd.edu_14509 9	35473.233154	9151.775000	0.012000	0.000000	35473.233154	98376	1024	s	1357340770964.050049
planetlab1.temple.edu_planetlab2.ucsd.edu_14656 9	35881.341064	9059.062000	0.022000	0.000000	35881.341064	98435	1024	s	1357340771374.600098
planetlab1.temple.edu_planetlab2.ucsd.edu_14669 9	35940.448975	9076.839000	0.012000	0.000000	35940.448975	98440	1024	s	1357340771436.208008
planetlab1.temple.edu_planetlab2.ucsd.edu_14832 9	36447.606934	9177.262000	0.011000	0.000000	36447.606934	98086	1024	s	1357340771925.562988
nodeb.howard.edu_planetlab2.ucsd.edu_3382 4	36822.350098	54.106000	0.036000	0.000000	36822.350098	97954	2304	s	1357340772293.498047
planetlab4.eecs.umich.edu_planetlab2.ucsd.edu_2738 9	38064.226074	0.194000	0.023000	0.000000	38064.226074	98244	2336	s	1357340773548.760010
planetlab4.wail.wisc.edu_planetlab2.ucsd.edu_12515 2	47745.437012	0.039000	0.031000	0.000000	47745.437012	97768	96	s	1357340783211.600098
mtuplanetlab2.cs.mtu.edu_planetlab2.ucsd.edu_4679 5	48532.873047	3.058000	0.031000	0.000000	48532.873047	97785	800	s	1357340783999.426025
planetlab4.wail.wisc.edu_planetlab2.ucsd.edu_12665 2	48706.703125	0.029000	0.024000	0.000000	48706.703125	97794	96	s	1357340784173.414062
planetlab1.cs.uoregon.edu_planetlab2.ucsd.edu_8455 3	50095.003906	1108.727000	0.049000	0.000000	50095.003906	97797	224	s	1357340785561.773926
planetlab4.wail.wisc.edu_planetlab2.ucsd.edu_13292 2	53313.220215	0.126000	0.073000	0.000000	53313.220215	97832	96	s	1357340788780.933105
planetlab-1.cs.colostate.edu_planetlab2.ucsd.edu_4193 5	54140.271973	0.605000	0.050000	0.000000	54140.271973	97853	672	s	1357340789608.375977
planetlab4.wail.wisc.edu_planetlab2.ucsd.edu_13376 2	54408.095947	0.248000	0.040000	0.000000	54408.095947	97864	96	s	1357340789876.429932
planetlabpc1.upf.edu_planetlab2.ucsd.edu_3656 9	57010.150879	10138.592000	0.130000	0.000000	57010.150879	97939	1120	s	1357340792481.021973
mtuplanetlab2.cs.mtu.edu_planetlab2.ucsd.edu_4875 5	57825.631104	0.068000	0.035000	0.000000	57825.631104	97866	800	s	1357340793293.999023
planetlab-03.cs.princeton.edu_planetlab2.ucsd.edu_2215 3	58140.386963	0.116000	0.027000	0.000000	58140.386963	97883	112	s	1357340793609.065918
planetlab-1.cs.colostate.edu_planetlab2.ucsd.edu_4266 5	58210.506836	0.222000	0.068000	0.000000	58210.506836	97885	672	s	1357340793679.221924
planetlab4.wail.wisc.edu_planetlab2.ucsd.edu_13616 2	58271.904053	0.039000	0.029000	0.000000	58271.904053	97888	96	s	1357340793740.677002
planetlab4.wail.wisc.edu_planetlab2.ucsd.edu_13640 2	58489.300049	0.110000	0.136000	0.000000	58489.300049	97896	96	s	1357340793958.217041
planetlab4.wail.wisc.edu_planetlab2.ucsd.edu_13651 2	58584.922852	0.138000	0.027000	0.000000	58584.922852	97897	96	s	1357340794053.858887
planetlab4.wail.wisc.edu_planetlab2.ucsd.edu_13658 2	58609.922119	0.033000	0.037000	0.000000	58609.922119	97898	96	s	1357340794078.875000
planetlab4.wail.wisc.edu_planetlab2.ucsd.edu_13666 2	58677.321045	0.031000	0.025000	0.000000	58677.321045	97900	96	s	1357340794146.310059
planetlab-1.cs.colostate.edu_planetlab2.ucsd.edu_4274 5	58723.239990	0.052000	0.054000	0.000000	58723.239990	97901	672	s	1357340794192.246094
planetlab-1.cs.colostate.edu_planetlab2.ucsd.edu_4315 5	58985.790039	0.082000	0.039000	0.000000	58985.790039	97909	672	s	1357340794454.946045
planetlab4.wail.wisc.edu_planetlab2.ucsd.edu_13787 2	61991.592041	0.034000	0.040000	0.000000	61991.592041	97911	96	s	1357340797460.781982
planetlab4.wail.wisc.edu_planetlab2.ucsd.edu_13792 2	62047.847900	0.088000	0.034000	0.000000	62047.847900	97912	96	s	1357340797517.056885
planetlab-1.cs.colostate.edu_planetlab2.ucsd.edu_4339 5	62091.852051	0.276000	0.056000	0.000000	62091.852051	97913	672	s	1357340797561.079102
planetlab-1.cs.colostate.edu_planetlab2.ucsd.edu_4343 5	62186.085938	1.341000	0.040000	0.000000	62186.085938	97916	672	s	1357340797655.437988
planetlab-1.cs.colostate.edu_planetlab2.ucsd.edu_4347 5	62292.947021	0.043000	0.057000	0.000000	62292.947021	97917	672	s	1357340797762.321045
planetlab-1.cs.colostate.edu_planetlab2.ucsd.edu_4349 5	62388.724854	0.036000	0.043000	0.000000	62388.724854	97919	672	s	1357340797858.136963
planetlab4.wail.wisc.edu_planetlab2.ucsd.edu_13830 2	62680.197998	0.031000	0.026000	0.000000	62680.197998	97928	96	s	1357340798150.863037
planetlab4.wail.wisc.edu_planetlab2.ucsd.edu_13858 2	63380.672119	0.189000	0.043000	0.000000	63380.672119	97949	96	s	1357340798851.729004
planetlab4.wail.wisc.edu_planetlab2.ucsd.edu_13860 2	63463.208984	0.048000	0.037000	0.000000	63463.208984	97952	96	s	1357340798934.320068
planetlab4.wail.wisc.edu_planetlab2.ucsd.edu_13871 2	63671.335938	0.138000	0.042000	0.000000	63671.335938	97960	96	s	1357340799142.606934
planetlab4.wail.wisc.edu_planetlab2.ucsd.edu_13873 2	63704.224854	0.056000	0.060000	0.000000	63704.224854	97961	96	s	1357340799175.514893
planetlab4.wail.wisc.edu_planetlab2.ucsd.edu_13877 2	63744.874023	0.085000	0.027000	0.000000	63744.874023	97962	96	s	1357340799216.414062
planetlab4.wail.wisc.edu_planetlab2.ucsd.edu_14004 2	66930.865967	0.032000	0.026000	0.000000	66930.865967	97964	96	s	1357340802402.446045
planetlab4.wail.wisc.edu_planetlab2.ucsd.edu_14049 2	67449.853027	0.410000	0.046000	0.000000	67449.853027	97976	96	s	1357340802922.155029
planetlab4.williams.edu_planetlab2.ucsd.edu_1495 4	67625.112061	0.067000	0.031000	0.000000	67625.112061	97974	240	s	1357340803097.363037
planetlab4.wail.wisc.edu_planetlab2.ucsd.edu_14081 2	67881.953857	0.040000	0.132000	0.000000	67881.953857	97984	96	s	1357340803354.408936
planetlab4.wail.wisc.edu_planetlab2.ucsd.edu_14099 2	68297.084961	0.129000	0.038000	0.000000	68297.084961	97992	96	s	1357340803770.802002
planetlab4.wail.wisc.edu_planetlab2.ucsd.edu_14101 2	68301.093994	0.173000	0.020000	0.000000	68301.093994	97993	96	s	1357340803774.831055
planetlab4.wail.wisc.edu_planetlab2.ucsd.edu_14106 2	68346.754150	0.090000	0.043000	0.000000	68346.754150	97994	96	s	1357340803820.516113
planetlab4.wail.wisc.edu_planetlab2.ucsd.edu_14111 2	68457.249023	0.092000	0.041000	0.000000	68457.249023	97996	96	s	1357340803931.049072
planetlab2.cs.unc.edu_planetlab2.ucsd.edu_8957 4	69503.239990	0.040000	0.034000	0.000000	69503.239990	97798	2080	s	1357340804970.030029
planetlab2.cs.unc.edu_planetlab2.ucsd.edu_8963 4	69556.536865	0.286000	0.020000	0.000000	69556.536865	97804	2080	s	1357340805023.431885
planetlab01.sys.virginia.edu_planetlab2.ucsd.edu_2596 3	69560.043945	33909.031000	0.058000	0.000000	69560.043945	97779	2208	s	1357340805026.468994
planetlab2.cs.unc.edu_planetlab2.ucsd.edu_8965 4	69628.507812	0.110000	0.036000	0.000000	69628.507812	97802	2080	s	1357340805095.367920
planetlab2.cs.unc.edu_planetlab2.ucsd.edu_8967 4	69628.562012	0.217000	0.014000	0.000000	69628.562012	97806	2080	s	1357340805095.490967
planetlab2.cs.unc.edu_planetlab2.ucsd.edu_8969 4	69743.242920	0.553000	0.034000	0.000000	69743.242920	97810	2080	s	1357340805210.249023
planetlab2.cs.unc.edu_planetlab2.ucsd.edu_8971 4	69743.346924	0.332000	0.015000	0.000000	69743.346924	97812	2080	s	1357340805210.387939
planetlab2.cs.unc.edu_planetlab2.ucsd.edu_8973 4	69743.446045	0.453000	0.014000	0.000000	69743.446045	97814	2080	s	1357340805210.523926
planetlab2.cs.unc.edu_planetlab2.ucsd.edu_8975 4	69797.693115	0.494000	0.027000	0.000000	69797.693115	97818	2080	s	1357340805264.840088
planetlab2.cs.unc.edu_planetlab2.ucsd.edu_8977 4	69798.019043	0.189000	0.015000	0.000000	69798.019043	97807	2080	s	1357340805264.967041
planetlab2.cs.unc.edu_planetlab2.ucsd.edu_8979 4	69797.947998	0.249000	0.015000	0.000000	69797.947998	97816	2080	s	1357340805265.061035
planetlab2.cs.unc.edu_planetlab2.ucsd.edu_8981 4	69854.033936	0.050000	0.026000	0.000000	69854.033936	97815	2080	s	1357340805321.128906
planetlab2.cs.unc.edu_planetlab2.ucsd.edu_8985 4	69854.294922	0.304000	0.094000	0.000000	69854.294922	97822	2080	s	1357340805321.513916
planetlab2.cs.unc.edu_planetlab2.ucsd.edu_8986 4	69854.609863	0.456000	0.013000	0.000000	69854.609863	97820	2080	s	1357340805321.792969
planetlab2.cs.unc.edu_planetlab2.ucsd.edu_8987 4	69865.997070	11.740000	0.013000	0.000000	69865.997070	97819	2080	s	1357340805333.163086
planetlab2.cs.unc.edu_planetlab2.ucsd.edu_8989 4	69908.490967	0.120000	0.038000	0.000000	69908.490967	97821	2080	s	1357340805375.690918
planetlab2.cs.unc.edu_planetlab2.ucsd.edu_8991 4	69997.468994	0.151000	0.047000	0.000000	69997.468994	97823	2080	s	1357340805464.709961
planetlab2.cs.unc.edu_planetlab2.ucsd.edu_8993 4	70039.147949	0.307000	0.038000	0.000000	70039.147949	97838	2080	s	1357340805506.978027
planetlab2.cs.unc.edu_planetlab2.ucsd.edu_8995 4	70039.161133	0.270000	0.045000	0.000000	70039.161133	97846	2080	s	1357340805507.133057
planetlab2.cs.unc.edu_planetlab2.ucsd.edu_8997 4	70039.141113	0.415000	0.017000	0.000000	70039.141113	97852	2080	s	1357340805507.228027
planetlab2.cs.unc.edu_planetlab2.ucsd.edu_8999 4	70065.226807	0.036000	0.027000	0.000000	70065.226807	97850	2080	s	1357340805533.274902
planetlab01.sys.virginia.edu_planetlab2.ucsd.edu_2627 3	70091.614014	33609.250000	0.059000	0.000000	70091.614014	97856	2208	s	1357340805559.770996
planetlab2.cs.unc.edu_planetlab2.ucsd.edu_9002 4	70105.126953	0.558000	0.023000	0.000000	70105.126953	97854	2080	s	1357340805573.248047
planetlab2.cs.unc.edu_planetlab2.ucsd.edu_9004 4	70107.106201	2.611000	0.017000	0.000000	70107.106201	97855	2080	s	1357340805575.246094
planetlab2.cs.unc.edu_planetlab2.ucsd.edu_9008 4	70161.797852	0.696000	0.017000	0.000000	70161.797852	97882	2080	s	1357340805630.459961
planetlab2.cs.unc.edu_planetlab2.ucsd.edu_9006 4	70162.138184	1.239000	0.040000	0.000000	70162.138184	97870	2080	s	1357340805630.579102
planetlab2.cs.unc.edu_planetlab2.ucsd.edu_9010 4	70162.082031	0.703000	0.022000	0.000000	70162.082031	97878	2080	s	1357340805630.672119
planetlab5.williams.edu_planetlab2.ucsd.edu_4032 5	70186.902832	0.037000	0.035000	0.000000	70186.902832	97841	2144	s	1357340805654.785889
planetlab2.cs.unc.edu_planetlab2.ucsd.edu_9012 4	70244.094971	0.046000	0.044000	0.000000	70244.094971	97886	2080	s	1357340805712.826904
planetlab2.cs.unc.edu_planetlab2.ucsd.edu_9014 4	70244.633057	0.276000	0.015000	0.000000	70244.633057	97887	2080	s	1357340805713.382080
planetlab2.cs.unc.edu_planetlab2.ucsd.edu_9018 4	70271.272949	0.520000	0.016000	0.000000	70271.272949	97884	2080	s	1357340805739.968994
planetlab2.cs.unc.edu_planetlab2.ucsd.edu_9016 4	70271.113037	0.656000	0.031000	0.000000	70271.113037	97899	2080	s	1357340805740.083008
planetlab2.cs.unc.edu_planetlab2.ucsd.edu_9020 4	70296.732910	0.084000	0.031000	0.000000	70296.732910	97921	2080	s	1357340805766.181885
planetlab2.cs.unc.edu_planetlab2.ucsd.edu_9022 4	70296.919922	0.214000	0.014000	0.000000	70296.919922	97918	2080	s	1357340805766.314941
planetlab2.cs.unc.edu_planetlab2.ucsd.edu_9024 4	70328.406006	2.356000	0.035000	0.000000	70328.406006	97934	2080	s	1357340805799.187988
planetlab2.cs.unc.edu_planetlab2.ucsd.edu_9026 4	70328.315186	2.129000	0.015000	0.000000	70328.315186	97946	2080	s	1357340805799.318115
planetlab2.cs.unc.edu_planetlab2.ucsd.edu_9028 4	70352.718994	0.202000	0.040000	0.000000	70352.718994	97942	2080	s	1357340805823.648926
planetlab2.cs.unc.edu_planetlab2.ucsd.edu_9030 4	70352.689941	0.189000	0.014000	0.000000	70352.689941	97950	2080	s	1357340805823.763916
planetlab2.cs.unc.edu_planetlab2.ucsd.edu_9032 4	70389.421875	0.520000	0.030000	0.000000	70389.421875	97951	2080	s	1357340805860.514893
planetlab2.cs.unc.edu_planetlab2.ucsd.edu_9036 4	70415.332031	0.095000	0.018000	0.000000	70415.332031	97965	2080	s	1357340805886.928955
planetlab2.cs.unc.edu_planetlab2.ucsd.edu_9034 4	70416.019043	0.391000	0.034000	0.000000	70416.019043	97948	2080	s	1357340805887.058105
planetlab01.sys.virginia.edu_planetlab2.ucsd.edu_2654 3	70515.735840	33122.579000	0.079000	0.000000	70515.735840	98035	2208	s	1357340805990.471924
planetlab2.cs.unc.edu_planetlab2.ucsd.edu_9038 4	70530.617920	0.157000	0.044000	0.000000	70530.617920	97982	2080	s	1357340806003.033936
planetlab2.cs.unc.edu_planetlab2.ucsd.edu_9040 4	70529.614990	0.938000	0.052000	0.000000	70529.614990	98014	2080	s	1357340806003.959961
planetlab2.cs.unc.edu_planetlab2.ucsd.edu_9042 4	70529.423096	0.442000	0.013000	0.000000	70529.423096	98036	2080	s	1357340806004.177002
planetlab2.cs.unc.edu_planetlab2.ucsd.edu_9044 4	70582.650146	0.361000	0.031000	0.000000	70582.650146	98062	2080	s	1357340806060.164062
planetlab2.cs.unc.edu_planetlab2.ucsd.edu_9046 4	70582.850098	0.128000	0.016000	0.000000	70582.850098	98070	2080	s	1357340806060.510010
planetlab1.cs.unc.edu_planetlab2.ucsd.edu_15911 3	70617.393066	22462.634000	0.053000	0.000000	70617.393066	97782	512	s	1357340806083.871094
planetlab2.cs.unc.edu_planetlab2.ucsd.edu_9049 4	70608.834961	0.036000	0.027000	0.000000	70608.834961	98076	2080	s	1357340806086.607910
planetlab2.cs.unc.edu_planetlab2.ucsd.edu_9055 4	70636.846924	1.719000	0.016000	0.000000	70636.846924	98078	2080	s	1357340806114.657959
planetlab2.cs.unc.edu_planetlab2.ucsd.edu_9051 4	70637.052979	1.875000	0.030000	0.000000	70637.052979	98074	2080	s	1357340806114.785889
planetlab2.cs.unc.edu_planetlab2.ucsd.edu_9053 4	70637.035156	1.770000	0.015000	0.000000	70637.035156	98080	2080	s	1357340806114.883057
planetlab2.cs.unc.edu_planetlab2.ucsd.edu_9057 4	70650.869873	15.987000	0.040000	0.000000	70650.869873	98079	2080	s	1357340806128.698975
planetlab2.cs.unc.edu_planetlab2.ucsd.edu_9061 4	70690.178223	0.105000	0.038000	0.000000	70690.178223	98093	2080	s	1357340806168.308105
planetlab2.cs.unc.edu_planetlab2.ucsd.edu_9064 4	70712.758057	0.404000	0.030000	0.000000	70712.758057	98110	2080	s	1357340806194.624023
planetlab2.cs.unc.edu_planetlab2.ucsd.edu_9066 4	70712.331055	0.170000	0.016000	0.000000	70712.331055	98133	2080	s	1357340806194.746094
planetlab01.sys.virginia.edu_planetlab2.ucsd.edu_2668 3	70809.687012	32940.661000	0.056000	0.000000	70809.687012	98163	2208	s	1357340806292.698975
planetlab2.cs.unc.edu_planetlab2.ucsd.edu_9068 4	70828.161133	0.919000	0.035000	0.000000	70828.161133	98142	2080	s	1357340806310.746094
planetlab2.cs.unc.edu_planetlab2.ucsd.edu_9071 4	70827.370117	1.647000	0.016000	0.000000	70827.370117	98189	2080	s	1357340806310.875000
planetlab2.cs.unc.edu_planetlab2.ucsd.edu_9073 4	70878.211182	0.041000	0.026000	0.000000	70878.211182	98213	2080	s	1357340806362.162109
planetlab2.cs.unc.edu_planetlab2.ucsd.edu_9075 4	70878.794922	0.599000	0.014000	0.000000	70878.794922	98206	2080	s	1357340806362.613037
planetlab2.cs.unc.edu_planetlab2.ucsd.edu_9077 4	70878.689941	0.803000	0.014000	0.000000	70878.689941	98217	2080	s	1357340806362.712891
planetlab2.cs.unc.edu_planetlab2.ucsd.edu_9081 4	70905.339111	0.159000	0.025000	0.000000	70905.339111	98220	2080	s	1357340806389.416016
planetlab2.cs.unc.edu_planetlab2.ucsd.edu_9083 4	70905.510010	0.042000	0.015000	0.000000	70905.510010	98223	2080	s	1357340806389.648926
planetlab2.cs.unc.edu_planetlab2.ucsd.edu_9085 4	70946.553955	41.122000	0.016000	0.000000	70946.553955	98221	2080	s	1357340806430.649902
planetlab01.sys.virginia.edu_planetlab2.ucsd.edu_2680 3	70959.786133	32731.884000	0.057000	0.000000	70959.786133	98227	2208	s	1357340806443.998047
planetlab01.sys.virginia.edu_planetlab2.ucsd.edu_2682 3	70959.310059	32714.236000	0.064000	0.000000	70959.310059	98259	2208	s	1357340806444.122070
planetlab2.cs.unc.edu_planetlab2.ucsd.edu_9090 4	70969.814941	0.168000	0.035000	0.000000	70969.814941	98237	2080	s	1357340806454.222900
planetlab2.cs.unc.edu_planetlab2.ucsd.edu_9092 4	70973.164062	3.692000	0.015000	0.000000	70973.164062	98250	2080	s	1357340806457.813965
planetlab01.sys.virginia.edu_planetlab2.ucsd.edu_2684 3	70984.123047	32685.910000	0.058000	0.000000	70984.123047	98289	2208	s	1357340806470.603027
planetlab01.sys.virginia.edu_planetlab2.ucsd.edu_2687 3	70984.508057	32787.495000	0.054000	0.000000	70984.508057	98275	2208	s	1357340806470.714111
planetlab2.cs.unc.edu_planetlab2.ucsd.edu_9094 4	71027.022217	0.323000	0.044000	0.000000	71027.022217	98285	2080	s	1357340806513.422119
planetlab2.cs.unc.edu_planetlab2.ucsd.edu_9099 4	71076.957031	0.279000	0.017000	0.000000	71076.957031	98316	2080	s	1357340806566.616943
planetlab2.cs.unc.edu_planetlab2.ucsd.edu_9098 4	71076.817871	0.244000	0.125000	0.000000	71076.817871	98330	2080	s	1357340806566.741943
planetlab01.sys.virginia.edu_planetlab2.ucsd.edu_2689 3	71154.402100	32690.398000	0.059000	0.000000	71154.402100	98290	2208	s	1357340806640.902100
planetlab01.sys.virginia.edu_planetlab2.ucsd.edu_2691 3	71154.365967	32636.059000	0.054000	0.000000	71154.365967	98299	2208	s	1357340806641.028076
planetlab01.sys.virginia.edu_planetlab2.ucsd.edu_2693 3	71154.537842	32662.797000	0.028000	0.000000	71154.537842	98295	2208	s	1357340806641.126953
planetlab01.sys.virginia.edu_planetlab2.ucsd.edu_2695 3	71212.949951	32679.409000	0.053000	0.000000	71212.949951	98291	2208	s	1357340806699.467041
planetlab2.cs.unc.edu_planetlab2.ucsd.edu_9107 4	71279.316162	0.494000	0.036000	0.000000	71279.316162	98327	2080	s	1357340806769.183105
planetlab2.cs.unc.edu_planetlab2.ucsd.edu_9109 4	71278.971191	0.169000	0.027000	0.000000	71278.971191	98352	2080	s	1357340806769.318115
planetlab5.williams.edu_planetlab2.ucsd.edu_4034 5	71289.089111	0.071000	0.035000	0.000000	71289.089111	98339	2144	s	1357340806779.177002
planetlab01.sys.virginia.edu_planetlab2.ucsd.edu_2704 3	71296.249023	31948.719000	0.062000	0.000000	71296.249023	98377	2208	s	1357340806787.085938
planetlab2.cs.unc.edu_planetlab2.ucsd.edu_9112 4	71306.307129	0.082000	0.037000	0.000000	71306.307129	98400	2080	s	1357340806797.581055
planetlab2.cs.unc.edu_planetlab2.ucsd.edu_9113 4	71306.881104	0.110000	0.013000	0.000000	71306.881104	98384	2080	s	1357340806797.851074
planetlab2.cs.unc.edu_planetlab2.ucsd.edu_9115 4	71331.167969	0.210000	0.038000	0.000000	71331.167969	98415	2080	s	1357340806823.835938
planetlab2.cs.unc.edu_planetlab2.ucsd.edu_9117 4	71331.187012	0.145000	0.014000	0.000000	71331.187012	98420	2080	s	1357340806823.954102
planetlab2.cs.unc.edu_planetlab2.ucsd.edu_9119 4	71364.125977	0.346000	0.037000	0.000000	71364.125977	98418	2080	s	1357340806856.847900
planetlab2.cs.unc.edu_planetlab2.ucsd.edu_9121 4	71364.284912	0.233000	0.015000	0.000000	71364.284912	98416	2080	s	1357340806856.971924
planetlab2.cs.unc.edu_planetlab2.ucsd.edu_9124 4	71416.444824	0.038000	0.041000	0.000000	71416.444824	98417	2080	s	1357340806909.149902
planetlab2.cs.unc.edu_planetlab2.ucsd.edu_9126 4	71444.256836	0.072000	0.034000	0.000000	71444.256836	98424	2080	s	1357340806937.095947
planetlab2.cs.unc.edu_planetlab2.ucsd.edu_9128 4	71441.954102	0.025000	0.015000	0.000000	71441.954102	98442	2080	s	1357340806937.760010
planetlab2.cs.unc.edu_planetlab2.ucsd.edu_9131 4	71485.125977	0.619000	0.040000	0.000000	71485.125977	98450	2080	s	1357340806981.097900
planetlab2.cs.unc.edu_planetlab2.ucsd.edu_9132 4	71485.156982	1.235000	0.013000	0.000000	71485.156982	98456	2080	s	1357340806981.238037
planetlab2.cs.unc.edu_planetlab2.ucsd.edu_9134 4	71509.928955	0.070000	0.054000	0.000000	71509.928955	98468	2080	s	1357340807006.250977
planetlab2.cs.unc.edu_planetlab2.ucsd.edu_9140 4	71576.376953	0.531000	0.026000	0.000000	71576.376953	98462	2080	s	1357340807072.575928
planetlab2.cs.unc.edu_planetlab2.ucsd.edu_9141 4	71576.563965	0.738000	0.014000	0.000000	71576.563965	98459	2080	s	1357340807072.706055
planetlab2.cs.unc.edu_planetlab2.ucsd.edu_9142 4	71576.695068	0.850000	0.013000	0.000000	71576.695068	98458	2080	s	1357340807072.812988
planetlab2.cs.unc.edu_planetlab2.ucsd.edu_9144 4	71628.860840	0.123000	0.036000	0.000000	71628.860840	98479	2080	s	1357340807125.430908
planetlab4.wail.wisc.edu_planetlab2.ucsd.edu_14277 2	72085.436035	0.603000	0.052000	0.000000	72085.436035	98008	96	s	1357340807559.457031
planetlab4.wail.wisc.edu_planetlab2.ucsd.edu_14300 2	72376.656006	0.094000	0.031000	0.000000	72376.656006	98016	96	s	1357340807851.035889
planetlab4.wail.wisc.edu_planetlab2.ucsd.edu_14302 2	72397.229980	0.091000	0.037000	0.000000	72397.229980	98017	96	s	1357340807871.628906
planetlab4.wail.wisc.edu_planetlab2.ucsd.edu_14304 2	72409.748047	0.039000	0.031000	0.000000	72409.748047	98018	96	s	1357340807884.164062
planetlab4.wail.wisc.edu_planetlab2.ucsd.edu_14315 2	72500.796143	0.035000	0.037000	0.000000	72500.796143	98020	96	s	1357340807975.249023
planetlab4.wail.wisc.edu_planetlab2.ucsd.edu_14324 2	72612.375000	0.030000	0.025000	0.000000	72612.375000	98024	96	s	1357340808086.906982
planetlab4.wail.wisc.edu_planetlab2.ucsd.edu_14326 2	72621.608887	0.089000	0.037000	0.000000	72621.608887	98025	96	s	1357340808096.157959
planetlab4.wail.wisc.edu_planetlab2.ucsd.edu_14328 2	72625.182861	0.095000	0.022000	0.000000	72625.182861	98026	96	s	1357340808099.750977
planetlab4.wail.wisc.edu_planetlab2.ucsd.edu_14333 2	72651.485107	0.080000	0.030000	0.000000	72651.485107	98027	96	s	1357340808126.071045
planetlab4.wail.wisc.edu_planetlab2.ucsd.edu_14336 2	72690.026855	0.399000	0.041000	0.000000	72690.026855	98028	96	s	1357340808164.629883
planetlab4.wail.wisc.edu_planetlab2.ucsd.edu_14338 2	72695.097900	0.121000	0.035000	0.000000	72695.097900	98029	96	s	1357340808169.719971
planetlab4.wail.wisc.edu_planetlab2.ucsd.edu_14342 2	72705.312988	0.181000	0.025000	0.000000	72705.312988	98030	96	s	1357340808179.951904
planetlab4.wail.wisc.edu_planetlab2.ucsd.edu_14344 2	72785.937988	0.361000	0.038000	0.000000	72785.937988	98032	96	s	1357340808260.613037
planetlab4.wail.wisc.edu_planetlab2.ucsd.edu_14350 2	72896.020996	0.095000	0.038000	0.000000	72896.020996	98041	96	s	1357340808372.866943
planetlab4.wail.wisc.edu_planetlab2.ucsd.edu_14352 2	72902.600098	0.638000	0.027000	0.000000	72902.600098	98040	96	s	1357340808377.425049
planetlab4.wail.wisc.edu_planetlab2.ucsd.edu_14354 2	72923.744873	0.242000	0.042000	0.000000	72923.744873	98042	96	s	1357340808400.614990
planetlab4.wail.wisc.edu_planetlab2.ucsd.edu_14356 2	72974.068115	0.314000	0.039000	0.000000	72974.068115	98044	96	s	1357340808450.978027
planetlab-1.cs.colostate.edu_planetlab2.ucsd.edu_4395 5	73080.836914	0.641000	0.048000	0.000000	73080.836914	98045	672	s	1357340808557.770996
planetlab1.cs.uoregon.edu_planetlab2.ucsd.edu_9301 3	73141.883057	0.043000	0.058000	0.000000	73141.883057	98049	224	s	1357340808618.897949
planetlab1.cs.uoregon.edu_planetlab2.ucsd.edu_9305 3	73196.932861	0.136000	0.063000	0.000000	73196.932861	98052	224	s	1357340808674.004883
planetlab1.cs.uoregon.edu_planetlab2.ucsd.edu_9307 3	73220.199951	0.606000	0.035000	0.000000	73220.199951	98053	224	s	1357340808697.291016
planetlab1.cs.uoregon.edu_planetlab2.ucsd.edu_9310 3	73277.360107	1.043000	0.056000	0.000000	73277.360107	98055	224	s	1357340808754.738037
planetlab1.cs.uoregon.edu_planetlab2.ucsd.edu_9312 3	73404.100098	0.043000	0.041000	0.000000	73404.100098	98061	224	s	1357340808881.589111
planetlab1.cs.uoregon.edu_planetlab2.ucsd.edu_9315 3	73525.674805	0.047000	0.042000	0.000000	73525.674805	98069	224	s	1357340809003.316895
planetlab-03.cs.princeton.edu_planetlab2.ucsd.edu_2295 3	73673.461914	0.383000	0.035000	0.000000	73673.461914	98075	112	s	1357340809151.211914
planetlab1.cs.uoregon.edu_planetlab2.ucsd.edu_9318 3	73743.717041	0.187000	0.039000	0.000000	73743.717041	98085	224	s	1357340809221.654053
mtuplanetlab2.cs.mtu.edu_planetlab2.ucsd.edu_5555 9	74582.386963	0.848000	0.013000	0.000000	74582.386963	98092	800	s	1357340810060.498047
planetlab4.wail.wisc.edu_planetlab2.ucsd.edu_14611 2	77019.520020	0.036000	0.040000	0.000000	77019.520020	98108	96	s	1357340812501.349121
planetlab1.cs.uoregon.edu_planetlab2.ucsd.edu_9350 3	77162.414062	0.150000	0.060000	0.000000	77162.414062	98117	224	s	1357340812644.414062
planetlab-03.cs.princeton.edu_planetlab2.ucsd.edu_2307 3	77239.800049	0.801000	0.025000	0.000000	77239.800049	98123	112	s	1357340812721.907959
planetlab-03.cs.princeton.edu_planetlab2.ucsd.edu_2309 3	77262.904053	0.498000	0.021000	0.000000	77262.904053	98131	112	s	1357340812745.281006
planetlab-03.cs.princeton.edu_planetlab2.ucsd.edu_2311 3	77345.300049	0.810000	0.029000	0.000000	77345.300049	98137	112	s	1357340812827.789062
planetlab-03.cs.princeton.edu_planetlab2.ucsd.edu_2315 3	77358.452148	1.435000	0.018000	0.000000	77358.452148	98139	112	s	1357340812840.975098
planetlab-03.cs.princeton.edu_planetlab2.ucsd.edu_2317 3	77388.847900	0.231000	0.023000	0.000000	77388.847900	98143	112	s	1357340812871.452881
planetlab4.wail.wisc.edu_planetlab2.ucsd.edu_14646 2	77493.864014	0.095000	0.049000	0.000000	77493.864014	98152	96	s	1357340812976.666016
planetlab-03.cs.princeton.edu_planetlab2.ucsd.edu_2322 3	77762.385010	0.470000	0.027000	0.000000	77762.385010	98171	112	s	1357340813245.550049
planetlab-1.cs.colostate.edu_planetlab2.ucsd.edu_4426 5	77765.535156	0.275000	0.055000	0.000000	77765.535156	98173	672	s	1357340813248.736084
planetlab1.cs.uoregon.edu_planetlab2.ucsd.edu_9359 3	77909.092041	0.039000	0.042000	0.000000	77909.092041	98181	224	s	1357340813392.449951
flow.colgate.edu_planetlab2.ucsd.edu_8939 1	77994.275146	72930.175000	0.024000	0.000000	77994.275146	98190	64	s	1357340813477.797119
planetlab4.wail.wisc.edu_planetlab2.ucsd.edu_14691 2	78376.157959	0.093000	0.046000	0.000000	78376.157959	98211	96	s	1357340813860.072998
planetlab4.wail.wisc.edu_planetlab2.ucsd.edu_14693 2	78409.348877	0.111000	0.065000	0.000000	78409.348877	98216	96	s	1357340813893.354980
planetlab4.wail.wisc.edu_planetlab2.ucsd.edu_14710 2	78923.089111	2.695000	0.032000	0.000000	78923.089111	98248	96	s	1357340814407.704102
planetlab-1.cs.colostate.edu_planetlab2.ucsd.edu_4438 5	79143.722168	0.045000	0.049000	0.000000	79143.722168	98254	672	s	1357340814628.445068
planetlab4.wail.wisc.edu_planetlab2.ucsd.edu_14725 2	79224.399902	0.033000	0.035000	0.000000	79224.399902	98262	96	s	1357340814709.272949
planetlab-03.cs.princeton.edu_planetlab2.ucsd.edu_2344 3	79373.841797	1.394000	0.043000	0.000000	79373.841797	98267	112	s	1357340814858.805908
cs-planetlab4.cs.surrey.sfu.ca_planetlab2.ucsd.edu_6224 9	79415.203857	0.038000	0.032000	0.000000	79415.203857	98239	608	s	1357340814899.648926
planetlab-03.cs.princeton.edu_planetlab2.ucsd.edu_2313 3	80358.079834	0.564000	0.021000	0.000000	80358.079834	98138	112	s	1357340815840.585938
planetlab4.wail.wisc.edu_planetlab2.ucsd.edu_14906 2	82419.820801	0.035000	0.039000	0.000000	82419.820801	98272	96	s	1357340817905.961914
planetlab4.wail.wisc.edu_planetlab2.ucsd.edu_14913 2	82559.437988	0.087000	0.037000	0.000000	82559.437988	98280	96	s	1357340818045.746094
planetlab4.wail.wisc.edu_planetlab2.ucsd.edu_14915 2	82560.251221	0.079000	0.020000	0.000000	82560.251221	98281	96	s	1357340818046.579102
planetlab4.wail.wisc.edu_planetlab2.ucsd.edu_14917 2	82589.150146	0.095000	0.042000	0.000000	82589.150146	98282	96	s	1357340818075.496094
planetlab4.wail.wisc.edu_planetlab2.ucsd.edu_14919 2	82623.177002	0.089000	0.040000	0.000000	82623.177002	98284	96	s	1357340818109.559082
planetlab4.wail.wisc.edu_planetlab2.ucsd.edu_14927 2	82867.423096	0.091000	0.040000	0.000000	82867.423096	98296	96	s	1357340818354.031006
planetlab-03.cs.princeton.edu_planetlab2.ucsd.edu_2358 3	83247.998047	0.535000	1.187000	0.000000	83247.998047	98310	112	s	1357340818734.866943
planetlab-03.cs.princeton.edu_planetlab2.ucsd.edu_2360 3	83347.750977	0.610000	0.030000	0.000000	83347.750977	98313	112	s	1357340818837.346924
planetlab-03.cs.princeton.edu_planetlab2.ucsd.edu_2363 3	83596.481934	2.275000	0.044000	0.000000	83596.481934	98321	112	s	1357340819086.233887
planetlab-1.cs.colostate.edu_planetlab2.ucsd.edu_4452 5	83610.868896	0.258000	0.048000	0.000000	83610.868896	98323	672	s	1357340819100.657959
planetlab-03.cs.princeton.edu_planetlab2.ucsd.edu_2365 3	83765.245117	0.396000	0.031000	0.000000	83765.245117	98328	112	s	1357340819255.131104
planetlab-03.cs.princeton.edu_planetlab2.ucsd.edu_2367 3	83805.155029	0.896000	0.032000	0.000000	83805.155029	98329	112	s	1357340819295.061035
planetlab-03.cs.princeton.edu_planetlab2.ucsd.edu_2369 3	83852.109131	0.718000	0.020000	0.000000	83852.109131	98331	112	s	1357340819342.051025
planetlab-03.cs.princeton.edu_planetlab2.ucsd.edu_2371 3	83870.314941	0.435000	0.020000	0.000000	83870.314941	98333	112	s	1357340819360.293945
planetlab-03.cs.princeton.edu_planetlab2.ucsd.edu_2373 3	84122.803955	0.823000	0.028000	0.000000	84122.803955	98348	112	s	1357340819613.076904
planetlab2.cs.pitt.edu_planetlab2.ucsd.edu_7307 3	84303.833984	0.044000	0.055000	0.000000	84303.833984	98360	176	s	1357340819794.341064
planetlab-03.cs.princeton.edu_planetlab2.ucsd.edu_2376 3	84370.779053	0.099000	0.024000	0.000000	84370.779053	98361	112	s	1357340819861.303955
planetlab2.umassd.edu_planetlab2.ucsd.edu_26372 2	85285.821045	37962.005000	0.028000	0.000000	85285.821045	97757	0	s	1357340820749.990967
planetlab2.umassd.edu_planetlab2.ucsd.edu_26385 2	85350.093994	38005.390000	0.020000	0.000000	85350.093994	97761	0	s	1357340820815.988037
planetlab1.cs.unc.edu_planetlab2.ucsd.edu_19481 3	87389.056885	14530.884000	0.019000	0.000000	87389.056885	98038	512	s	1357340822863.846924
planetlab-2.cmcl.cs.cmu.edu_planetlab2.ucsd.edu_9694 3	87597.991211	0.068000	0.082000	0.000000	87597.991211	98364	288	s	1357340823088.569092
planetlab-03.cs.princeton.edu_planetlab2.ucsd.edu_2394 3	87787.921143	0.468000	0.073000	0.000000	87787.921143	98380	112	s	1357340823278.819092
planetlab2.umassd.edu_planetlab2.ucsd.edu_26932 2	87867.239014	39200.158000	0.061000	0.000000	87867.239014	97793	0	s	1357340823333.933105
planetlab-03.cs.princeton.edu_planetlab2.ucsd.edu_2396 3	87993.885986	0.434000	0.104000	0.000000	87993.885986	98386	112	s	1357340823484.893066
planetlab-03.cs.princeton.edu_planetlab2.ucsd.edu_2399 3	88179.756104	0.101000	0.022000	0.000000	88179.756104	98393	112	s	1357340823670.895996
mtuplanetlab2.cs.mtu.edu_planetlab2.ucsd.edu_5736 5	88362.087891	0.127000	0.043000	0.000000	88362.087891	98392	800	s	1357340823853.208008
planetlab2.umassd.edu_planetlab2.ucsd.edu_27059 2	88420.939941	39410.229000	0.020000	0.000000	88420.939941	97800	0	s	1357340823887.763916
planetlab-03.cs.princeton.edu_planetlab2.ucsd.edu_2401 3	88437.278076	0.402000	0.113000	0.000000	88437.278076	98408	112	s	1357340823929.695068
planetlab2.umassd.edu_planetlab2.ucsd.edu_27096 2	88601.761963	39457.786000	0.058000	0.000000	88601.761963	97801	0	s	1357340824068.604980
planetlab-03.cs.princeton.edu_planetlab2.ucsd.edu_2403 3	88602.586914	0.268000	0.028000	0.000000	88602.586914	98404	112	s	1357340824094.920898
planetlab-03.cs.princeton.edu_planetlab2.ucsd.edu_2405 3	88627.606934	0.481000	0.019000	0.000000	88627.606934	98412	112	s	1357340824120.219971
planetlab-03.cs.princeton.edu_planetlab2.ucsd.edu_2407 3	88637.559082	0.932000	0.019000	0.000000	88637.559082	98414	112	s	1357340824130.208984
planetlab-03.cs.princeton.edu_planetlab2.ucsd.edu_2409 3	88639.677002	0.026000	0.020000	0.000000	88639.677002	98413	112	s	1357340824132.310059
planetlab2.umassd.edu_planetlab2.ucsd.edu_27122 2	88714.800049	39509.988000	0.022000	0.000000	88714.800049	97803	0	s	1357340824181.677002
planetlab2.umassd.edu_planetlab2.ucsd.edu_27135 2	88784.013916	39530.171000	0.023000	0.000000	88784.013916	97805	0	s	1357340824250.926025
planetlab-2.cs.uh.edu_planetlab2.ucsd.edu_3244 4	88763.246094	0.059000	0.048000	0.000000	88763.246094	98423	864	s	1357340824256.068115
planetlab-03.cs.princeton.edu_planetlab2.ucsd.edu_2412 3	88854.085938	1.315000	0.026000	0.000000	88854.085938	98428	112	s	1357340824346.999023
planetlab-03.cs.princeton.edu_planetlab2.ucsd.edu_2414 3	88951.192139	1.224000	0.023000	0.000000	88951.192139	98434	112	s	1357340824444.433105
planetlab-03.cs.princeton.edu_planetlab2.ucsd.edu_2416 3	88969.451172	0.787000	0.020000	0.000000	88969.451172	98436	112	s	1357340824462.736084
planetlab-03.cs.princeton.edu_planetlab2.ucsd.edu_2418 3	88991.367920	0.182000	0.107000	0.000000	88991.367920	98438	112	s	1357340824484.691895
planetlab6.flux.utah.edu_planetlab2.ucsd.edu_16340 9	89015.456055	0.140000	0.016000	0.000000	89015.456055	98443	160	s	1357340824511.290039
planetlab-03.cs.princeton.edu_planetlab2.ucsd.edu_2420 3	89050.484863	0.329000	0.022000	0.000000	89050.484863	98439	112	s	1357340824543.825928
planetlab2.umassd.edu_planetlab2.ucsd.edu_27760 2	91733.232178	39068.874000	0.026000	0.000000	91733.232178	97817	0	s	1357340827200.362061
planetlab-1.cs.colostate.edu_planetlab2.ucsd.edu_4509 5	92098.224854	0.185000	0.064000	0.000000	92098.224854	98444	672	s	1357340827594.076904
planetlab-03.cs.princeton.edu_planetlab2.ucsd.edu_2435 3	92151.423096	1.449000	0.158000	0.000000	92151.423096	98446	112	s	1357340827647.322998
planetlab-03.cs.princeton.edu_planetlab2.ucsd.edu_2440 3	92359.705078	0.114000	0.024000	0.000000	92359.705078	98454	112	s	1357340827855.749023
planetlab-03.cs.princeton.edu_planetlab2.ucsd.edu_2442 3	92392.300781	0.077000	0.113000	0.000000	92392.300781	98457	112	s	1357340827888.399902
planetlab-2.cmcl.cs.cmu.edu_planetlab2.ucsd.edu_10082 3	92587.813232	18.385000	0.050000	0.000000	92587.813232	98460	288	s	1357340828083.974121
planetlab-03.cs.princeton.edu_planetlab2.ucsd.edu_2444 3	92653.553955	0.062000	0.023000	0.000000	92653.553955	98470	112	s	1357340828149.914062
planetlab-2.cmcl.cs.cmu.edu_planetlab2.ucsd.edu_10101 3	92844.935059	0.058000	0.051000	0.000000	92844.935059	98476	288	s	1357340828341.413086
planetlab-2.cmcl.cs.cmu.edu_planetlab2.ucsd.edu_10113 3	93050.763916	0.180000	0.088000	0.000000	93050.763916	98484	288	s	1357340828547.431885
planetlab-2.cmcl.cs.cmu.edu_planetlab2.ucsd.edu_10116 3	93083.045898	0.154000	0.049000	0.000000	93083.045898	98488	288	s	1357340828579.795898
planetlab2.umassd.edu_planetlab2.ucsd.edu_28101 2	93172.875000	39792.074000	0.063000	0.000000	93172.875000	97833	0	s	1357340828640.605957
planetlab2.umassd.edu_planetlab2.ucsd.edu_28351 2	94127.493896	40258.838000	0.021000	0.000000	94127.493896	97847	0	s	1357340829595.482910
planetlab2.umassd.edu_planetlab2.ucsd.edu_28437 2	94483.012939	40272.071000	0.075000	0.000000	94483.012939	97858	0	s	1357340829951.208984
planetlab2.uta.edu_planetlab2.ucsd.edu_1002 2	96942.766113	92026.354000	0.028000	0.000000	96942.766113	98135	1824	s	1357340832425.218018
planetlab2.umassd.edu_planetlab2.ucsd.edu_29041 2	97265.130859	39765.481000	0.046000	0.000000	97265.130859	97865	0	s	1357340832733.481934
planetlab1.cs.unc.edu_planetlab2.ucsd.edu_22694 9	99559.604980	3323.386000	0.108000	0.000000	99559.604980	97772	512	s	1357340835025.840088
planetlab1.cs.unc.edu_planetlab2.ucsd.edu_22702 9	99576.727051	3239.739000	0.022000	0.000000	99576.727051	97795	512	s	1357340835043.457031
planetlab1.cs.unc.edu_planetlab2.ucsd.edu_22716 9	99663.205811	3266.284000	0.028000	0.000000	99663.205811	97808	512	s	1357340835130.170898
planetlab1.cs.unc.edu_planetlab2.ucsd.edu_22733 9	99715.883789	2910.610000	0.020000	0.000000	99715.883789	97825	512	s	1357340835183.170898
planetlab1.cs.unc.edu_planetlab2.ucsd.edu_22735 9	99719.061035	2913.657000	0.007000	0.000000	99719.061035	97826	512	s	1357340835186.365967
planetlab1.cs.unc.edu_planetlab2.ucsd.edu_22737 9	99722.802002	2902.763000	0.018000	0.000000	99722.802002	97827	512	s	1357340835190.124023
planetlab1.cs.unc.edu_planetlab2.ucsd.edu_22741 9	99731.210938	2897.112000	0.021000	0.000000	99731.210938	97831	512	s	1357340835198.906006
planetlab1.cs.unc.edu_planetlab2.ucsd.edu_22744 9	99757.484863	2899.884000	0.020000	0.000000	99757.484863	97835	512	s	1357340835225.251953
planetlab1.cs.unc.edu_planetlab2.ucsd.edu_22752 9	99824.768066	2897.333000	0.024000	0.000000	99824.768066	97843	512	s	1357340835292.687012
planetlab1.cs.unc.edu_planetlab2.ucsd.edu_22758 9	99832.484131	2866.389000	0.013000	0.000000	99832.484131	97860	512	s	1357340835300.714111
planetlab1.cs.unc.edu_planetlab2.ucsd.edu_22788 9	99944.175781	2460.960000	0.022000	0.000000	99944.175781	97891	512	s	1357340835413.004883
planetlab1.cs.unc.edu_planetlab2.ucsd.edu_22844 9	100280.764160	2218.592000	0.107000	0.000000	100280.764160	97920	512	s	1357340835750.194092
planetlab1.cs.unc.edu_planetlab2.ucsd.edu_22859 9	100348.052979	2158.249000	0.018000	0.000000	100348.052979	97936	512	s	1357340835818.871094
planetlab1.cs.unc.edu_planetlab2.ucsd.edu_22860 9	100380.750000	2191.328000	0.013000	0.000000	100380.750000	97937	512	s	1357340835851.585938
planetlab1.cs.unc.edu_planetlab2.ucsd.edu_22863 9	100401.150879	2204.416000	0.027000	0.000000	100401.150879	97938	512	s	1357340835872.003906
planetlab1.cs.unc.edu_planetlab2.ucsd.edu_22866 9	100409.692139	2204.116000	0.015000	0.000000	100409.692139	97940	512	s	1357340835880.581055
planetlab1.cs.unc.edu_planetlab2.ucsd.edu_22869 9	100416.583984	2181.238000	0.062000	0.000000	100416.583984	97944	512	s	1357340835887.549072
planetlab1.cs.unc.edu_planetlab2.ucsd.edu_22876 9	100476.798096	2165.918000	0.148000	0.000000	100476.798096	97955	512	s	1357340835947.968994
planetlab1.cs.unc.edu_planetlab2.ucsd.edu_22892 9	100544.967041	1805.828000	0.616000	0.000000	100544.967041	97966	512	s	1357340836016.583984
planetlab1.cs.unc.edu_planetlab2.ucsd.edu_22894 9	100555.726074	1783.362000	0.026000	0.000000	100555.726074	97968	512	s	1357340836027.376953
planetlab1.cs.unc.edu_planetlab2.ucsd.edu_22901 9	100584.063965	1548.284000	0.018000	0.000000	100584.063965	98000	512	s	1357340836057.935059
planetlab1.cs.unc.edu_planetlab2.ucsd.edu_22913 9	100660.639893	873.263000	0.025000	0.000000	100660.639893	98011	512	s	1357340836134.929932
planetlab1.cs.unc.edu_planetlab2.ucsd.edu_22929 9	100693.814941	759.492000	0.017000	0.000000	100693.814941	98048	512	s	1357340836170.804932
planetlab1.cs.unc.edu_planetlab2.ucsd.edu_22934 9	100713.641113	742.466000	0.017000	0.000000	100713.641113	98063	512	s	1357340836191.175049
planetlab1.cs.unc.edu_planetlab2.ucsd.edu_22936 9	100714.955078	743.508000	0.009000	0.000000	100714.955078	98064	512	s	1357340836192.507080
planetlab1.cs.unc.edu_planetlab2.ucsd.edu_22938 9	100720.571045	742.980000	0.019000	0.000000	100720.571045	98065	512	s	1357340836198.143066
planetlab1.cs.unc.edu_planetlab2.ucsd.edu_22940 9	100726.089844	738.525000	0.022000	0.000000	100726.089844	98066	512	s	1357340836203.678955
planetlab1.cs.unc.edu_planetlab2.ucsd.edu_22942 9	100730.058105	742.458000	0.012000	0.000000	100730.058105	98068	512	s	1357340836207.683105
planetlab1.cs.unc.edu_planetlab2.ucsd.edu_22945 9	100762.085938	758.965000	0.023000	0.000000	100762.085938	98072	512	s	1357340836239.781982
planetlab1.cs.unc.edu_planetlab2.ucsd.edu_22947 9	100762.023926	750.316000	0.016000	0.000000	100762.023926	98083	512	s	1357340836239.926025
planetlab1.cs.unc.edu_planetlab2.ucsd.edu_22951 9	100778.820801	506.255000	0.024000	0.000000	100778.820801	98128	512	s	1357340836261.024902
planetlab1.cs.unc.edu_planetlab2.ucsd.edu_22952 9	100785.079834	511.881000	0.010000	0.000000	100785.079834	98096	512	s	1357340836266.681885
planetlab1.cs.unc.edu_planetlab2.ucsd.edu_22954 9	100789.314941	461.561000	0.030000	0.000000	100789.314941	98170	512	s	1357340836272.461914
planetlab1.cs.unc.edu_planetlab2.ucsd.edu_22956 9	100793.135986	447.889000	0.017000	0.000000	100793.135986	98177	512	s	1357340836276.415039
planetlab1.cs.unc.edu_planetlab2.ucsd.edu_22958 9	100796.720215	449.649000	0.016000	0.000000	100796.720215	98176	512	s	1357340836279.975098
planetlab1.cs.unc.edu_planetlab2.ucsd.edu_22960 9	100825.138916	453.147000	0.023000	0.000000	100825.138916	98178	512	s	1357340836308.437012
planetlab1.cs.unc.edu_planetlab2.ucsd.edu_22962 9	100825.248047	436.810000	0.015000	0.000000	100825.248047	98180	512	s	1357340836308.583008
planetlab1.cs.unc.edu_planetlab2.ucsd.edu_22964 9	100825.543945	436.419000	0.014000	0.000000	100825.543945	98184	512	s	1357340836308.958008
planetlab1.cs.unc.edu_planetlab2.ucsd.edu_22967 9	100846.513916	448.348000	0.016000	0.000000	100846.513916	98192	512	s	1357340836330.072998
planetlab1.cs.unc.edu_planetlab2.ucsd.edu_22968 9	100851.591064	454.194000	0.017000	0.000000	100851.591064	98194	512	s	1357340836335.187012
planetlab1.cs.unc.edu_planetlab2.ucsd.edu_22970 9	100857.589111	454.480000	0.017000	0.000000	100857.589111	98195	512	s	1357340836341.208008
planetlab1.cs.unc.edu_planetlab2.ucsd.edu_22972 9	100863.933105	441.650000	0.022000	0.000000	100863.933105	98193	512	s	1357340836347.509033
planetlab1.cs.unc.edu_planetlab2.ucsd.edu_22974 9	100865.012939	444.967000	0.009000	0.000000	100865.012939	98196	512	s	1357340836348.650879
planetlab1.cs.unc.edu_planetlab2.ucsd.edu_22978 9	100894.700928	443.894000	0.029000	0.000000	100894.700928	98198	512	s	1357340836378.375977
planetlab1.cs.unc.edu_planetlab2.ucsd.edu_22976 9	100894.866943	457.618000	0.023000	0.000000	100894.866943	98197	512	s	1357340836378.523926
planetlab1.cs.unc.edu_planetlab2.ucsd.edu_22980 9	100894.922119	438.915000	0.008000	0.000000	100894.922119	98200	512	s	1357340836378.633057
planetlab1.cs.unc.edu_planetlab2.ucsd.edu_22982 9	100914.874023	458.939000	0.016000	0.000000	100914.874023	98201	512	s	1357340836398.603027
planetlab1.cs.unc.edu_planetlab2.ucsd.edu_22984 9	100919.987793	456.359000	0.013000	0.000000	100919.987793	98202	512	s	1357340836403.733887
planetlab1.cs.unc.edu_planetlab2.ucsd.edu_22986 9	100925.729004	460.957000	0.022000	0.000000	100925.729004	98204	512	s	1357340836409.510986
planetlab1.cs.unc.edu_planetlab2.ucsd.edu_22988 9	100930.081055	432.908000	0.025000	0.000000	100930.081055	98208	512	s	1357340836413.938965
planetlab1.cs.unc.edu_planetlab2.ucsd.edu_22990 9	100933.275146	424.681000	0.020000	0.000000	100933.275146	98224	512	s	1357340836417.433105
planetlab1.cs.unc.edu_planetlab2.ucsd.edu_22992 9	100961.791016	447.082000	0.036000	0.000000	100961.791016	98225	512	s	1357340836445.967041
planetlab1.cs.unc.edu_planetlab2.ucsd.edu_22994 9	100961.922852	447.034000	0.010000	0.000000	100961.922852	98226	512	s	1357340836446.115967
planetlab1.cs.unc.edu_planetlab2.ucsd.edu_22996 9	100962.335938	439.261000	0.018000	0.000000	100962.335938	98228	512	s	1357340836446.565918
planetlab1.cs.unc.edu_planetlab2.ucsd.edu_22998 9	100982.780029	459.913000	0.010000	0.000000	100982.780029	98232	512	s	1357340836467.089111
planetlab1.cs.unc.edu_planetlab2.ucsd.edu_23000 9	100987.925049	435.853000	0.014000	0.000000	100987.925049	98240	512	s	1357340836472.386963
planetlab1.cs.unc.edu_planetlab2.ucsd.edu_23004 9	101001.314941	419.041000	0.024000	0.000000	101001.314941	98256	512	s	1357340836486.072998
planetlab1.cs.unc.edu_planetlab2.ucsd.edu_23006 9	101029.501953	419.620000	0.021000	0.000000	101029.501953	98257	512	s	1357340836514.279053
planetlab1.cs.unc.edu_planetlab2.ucsd.edu_23008 9	101030.572021	420.099000	0.029000	0.000000	101030.572021	98258	512	s	1357340836515.366943
planetlab1.cs.unc.edu_planetlab2.ucsd.edu_23010 9	101030.646973	401.215000	0.024000	0.000000	101030.646973	98260	512	s	1357340836515.482910
planetlab1.cs.unc.edu_planetlab2.ucsd.edu_23012 9	101044.734131	411.007000	0.016000	0.000000	101044.734131	98264	512	s	1357340836529.644043
planetlab1.cs.unc.edu_planetlab2.ucsd.edu_23014 9	101049.541016	337.383000	0.021000	0.000000	101049.541016	98277	512	s	1357340836535.782959
planetlab1.cs.unc.edu_planetlab2.ucsd.edu_23016 9	101050.878174	317.383000	0.018000	0.000000	101050.878174	98288	512	s	1357340836537.341064
planetlab1.cs.unc.edu_planetlab2.ucsd.edu_23018 9	101051.853027	309.092000	0.015000	0.000000	101051.853027	98314	512	s	1357340836541.477051
planetlab1.cs.unc.edu_planetlab2.ucsd.edu_23020 9	101064.963135	308.332000	0.017000	0.000000	101064.963135	98324	512	s	1357340836554.769043
planetlab1.cs.unc.edu_planetlab2.ucsd.edu_23022 9	101092.753906	336.213000	0.012000	0.000000	101092.753906	98338	512	s	1357340836582.823975
planetlab1.cs.unc.edu_planetlab2.ucsd.edu_23024 9	101093.970947	328.629000	0.015000	0.000000	101093.970947	98346	512	s	1357340836584.197021
planetlab1.cs.unc.edu_planetlab2.ucsd.edu_23026 9	101094.133057	328.031000	0.010000	0.000000	101094.133057	98344	512	s	1357340836584.323975
planetlab1.cs.unc.edu_planetlab2.ucsd.edu_23028 9	101107.878906	328.349000	0.022000	0.000000	101107.878906	98347	512	s	1357340836598.125000
planetlab1.cs.unc.edu_planetlab2.ucsd.edu_23030 9	101113.871094	329.808000	0.013000	0.000000	101113.871094	98350	512	s	1357340836604.183105
planetlab1.cs.unc.edu_planetlab2.ucsd.edu_23032 9	101115.431152	297.029000	0.017000	0.000000	101115.431152	98362	512	s	1357340836605.975098
planetlab1.cs.unc.edu_planetlab2.ucsd.edu_23036 9	101132.565918	292.681000	0.014000	0.000000	101132.565918	98381	512	s	1357340836623.481934
planetlab1.cs.unc.edu_planetlab2.ucsd.edu_23038 9	101159.185059	303.893000	0.017000	0.000000	101159.185059	98401	512	s	1357340836651.443115
planetlab1.cs.unc.edu_planetlab2.ucsd.edu_23040 9	101161.495117	269.545000	0.015000	0.000000	101161.495117	98410	512	s	1357340836654.072998
planetlab1.cs.unc.edu_planetlab2.ucsd.edu_23043 9	101157.830078	23.554000	0.017000	0.000000	101157.830078	98471	512	s	1357340836654.208008
planetlab1.cs.unc.edu_planetlab2.ucsd.edu_23045 9	101165.478027	13.667000	0.021000	0.000000	101165.478027	98474	512	s	1357340836661.917969
planetlab2.umassd.edu_planetlab2.ucsd.edu_30396 2	102967.221191	40185.786000	0.055000	0.000000	102967.221191	97929	0	s	1357340838437.913086
ricepl-2.cs.rice.edu_planetlab2.ucsd.edu_11631 3	110249.726074	56769.679000	0.042000	0.000000	110249.726074	97840	128	s	1357340845717.592041
planetlab2.umassd.edu_planetlab2.ucsd.edu_32407 2	111287.230957	39024.487000	0.039000	0.000000	111287.230957	98013	0	s	1357340846761.556885
planetlab2.umassd.edu_planetlab2.ucsd.edu_32535 2	111866.184082	38760.284000	0.058000	0.000000	111866.184082	98050	0	s	1357340847343.219971
planetlab2.umassd.edu_planetlab2.ucsd.edu_32605 2	112211.250000	38905.837000	0.023000	0.000000	112211.250000	98057	0	s	1357340847688.666992
planetlab2.umassd.edu_planetlab2.ucsd.edu_32710 2	112728.549072	39148.885000	0.019000	0.000000	112728.549072	98071	0	s	1357340848206.228027
planetlab2.umassd.edu_planetlab2.ucsd.edu_32769 2	113029.960205	39263.388000	0.022000	0.000000	113029.960205	98087	0	s	1357340848507.933105
planetlab2.umassd.edu_planetlab2.ucsd.edu_33306 2	115325.093994	38394.044000	0.023000	0.000000	115325.093994	98099	0	s	1357340850806.751953
planetlab2.umassd.edu_planetlab2.ucsd.edu_33326 2	115394.231934	38417.016000	0.019000	0.000000	115394.231934	98101	0	s	1357340850875.927002
planetlab2.umassd.edu_planetlab2.ucsd.edu_33328 2	115394.972168	38414.146000	0.016000	0.000000	115394.972168	98102	0	s	1357340850876.684082
planetlab2.umassd.edu_planetlab2.ucsd.edu_33343 2	115456.257812	38441.566000	0.020000	0.000000	115456.257812	98103	0	s	1357340850937.993896
planetlab2.umassd.edu_planetlab2.ucsd.edu_33357 2	115514.203857	38456.320000	0.021000	0.000000	115514.203857	98111	0	s	1357340850996.086914
planetlab2.umassd.edu_planetlab2.ucsd.edu_33359 2	115529.644043	38460.038000	0.022000	0.000000	115529.644043	98112	0	s	1357340851011.544922
planetlab2.umassd.edu_planetlab2.ucsd.edu_33368 2	115561.108887	38457.780000	0.059000	0.000000	115561.108887	98114	0	s	1357340851043.052979
planetlab2.umassd.edu_planetlab2.ucsd.edu_33372 2	115587.236084	38472.186000	0.018000	0.000000	115587.236084	98115	0	s	1357340851069.198975
planetlab2.umassd.edu_planetlab2.ucsd.edu_33381 2	115632.114014	38490.363000	0.021000	0.000000	115632.114014	98118	0	s	1357340851114.132080
planetlab2.umassd.edu_planetlab2.ucsd.edu_33388 2	115645.227051	38476.050000	0.021000	0.000000	115645.227051	98122	0	s	1357340851127.318115
planetlab2.umassd.edu_planetlab2.ucsd.edu_33393 2	115671.593994	38472.360000	0.021000	0.000000	115671.593994	98130	0	s	1357340851153.834961
planetlab2.umassd.edu_planetlab2.ucsd.edu_33408 2	115742.579102	38437.282000	0.020000	0.000000	115742.579102	98141	0	s	1357340851225.145020
planetlab2.umassd.edu_planetlab2.ucsd.edu_33418 2	115794.489990	38395.412000	0.022000	0.000000	115794.489990	98146	0	s	1357340851277.180908
planetlab2.umassd.edu_planetlab2.ucsd.edu_33499 2	116192.251953	38524.537000	0.021000	0.000000	116192.251953	98167	0	s	1357340851675.336914
planetlab2.umassd.edu_planetlab2.ucsd.edu_33684 2	117084.096924	38817.930000	0.067000	0.000000	117084.096924	98205	0	s	1357340852567.895996
planetlab2.umassd.edu_planetlab2.ucsd.edu_33714 2	117228.638184	38837.355000	0.020000	0.000000	117228.638184	98209	0	s	1357340852712.518066
planetlab2.umassd.edu_planetlab2.ucsd.edu_33779 2	117533.392090	38946.975000	0.051000	0.000000	117533.392090	98231	0	s	1357340853017.684082
planetlab2.umassd.edu_planetlab2.ucsd.edu_33849 2	117833.686035	39050.211000	0.020000	0.000000	117833.686035	98242	0	s	1357340853318.185059
planetlab2.umassd.edu_planetlab2.ucsd.edu_33888 2	117999.108887	38935.556000	0.031000	0.000000	117999.108887	98253	0	s	1357340853483.812988
planetlab2.umassd.edu_planetlab2.ucsd.edu_33908 2	118083.043945	38852.716000	0.021000	0.000000	118083.043945	98261	0	s	1357340853567.898926
planetlab2.umassd.edu_planetlab2.ucsd.edu_33915 2	118110.461914	38835.053000	0.053000	0.000000	118110.461914	98265	0	s	1357340853595.388916
ricepl-2.cs.rice.edu_planetlab2.ucsd.edu_12543 3	118770.783936	51767.553000	0.050000	0.000000	118770.783936	97967	128	s	1357340854242.417969
ricepl-2.cs.rice.edu_planetlab2.ucsd.edu_12829 3	120283.555908	48162.281000	0.031000	0.000000	120283.555908	98010	128	s	1357340855757.813965
planetlab2.umassd.edu_planetlab2.ucsd.edu_34434 2	120358.537109	38042.530000	0.021000	0.000000	120358.537109	98268	0	s	1357340855843.518066
planetlab2.umassd.edu_planetlab2.ucsd.edu_34466 2	120528.410889	38118.184000	0.021000	0.000000	120528.410889	98271	0	s	1357340856014.531006
planetlab2.umassd.edu_planetlab2.ucsd.edu_34472 2	120550.831055	38115.334000	0.018000	0.000000	120550.831055	98269	0	s	1357340856036.907959
planetlab2.umassd.edu_planetlab2.ucsd.edu_34675 2	121602.911865	38634.141000	0.022000	0.000000	121602.911865	98301	0	s	1357340857089.616943
planetlab2.umassd.edu_planetlab2.ucsd.edu_34709 2	121808.329102	38762.599000	0.022000	0.000000	121808.329102	98304	0	s	1357340857295.089111
planetlab2.umassd.edu_planetlab2.ucsd.edu_34724 2	121891.675049	38805.850000	0.020000	0.000000	121891.675049	98305	0	s	1357340857378.455078
planetlab2.umassd.edu_planetlab2.ucsd.edu_34726 2	121892.644775	38802.767000	0.021000	0.000000	121892.644775	98306	0	s	1357340857379.441895
planetlab2.umassd.edu_planetlab2.ucsd.edu_34749 2	122024.720947	38880.331000	0.024000	0.000000	122024.720947	98308	0	s	1357340857511.554932
planetlab2.umassd.edu_planetlab2.ucsd.edu_34784 2	122208.360107	38949.198000	0.022000	0.000000	122208.360107	98312	0	s	1357340857697.937988
planetlab2.umassd.edu_planetlab2.ucsd.edu_34820 2	122376.699219	38882.549000	0.022000	0.000000	122376.699219	98320	0	s	1357340857866.433105
earth.cs.brown.edu_planetlab2.ucsd.edu_12554 9	122529.532959	0.068000	0.016000	0.000000	122529.532959	98325	48	s	1357340858019.356934
ricepl-2.cs.rice.edu_planetlab2.ucsd.edu_13354 3	122643.855957	40183.022000	0.047000	0.000000	122643.855957	98276	128	s	1357340858130.080078
planetlab2.umassd.edu_planetlab2.ucsd.edu_34880 2	122700.518066	38813.440000	0.022000	0.000000	122700.518066	98336	0	s	1357340858190.551025
planetlab6.cs.duke.edu_planetlab2.ucsd.edu_7503 9	123094.777832	0.031000	0.022000	0.000000	123094.777832	98334	144	s	1357340858584.773926
planetlab6.cs.duke.edu_planetlab2.ucsd.edu_7587 9	123717.993896	0.129000	0.021000	0.000000	123717.993896	98382	144	s	1357340859208.927979
planetlab6.cs.duke.edu_planetlab2.ucsd.edu_7600 9	123755.349121	0.031000	0.022000	0.000000	123755.349121	98390	144	s	1357340859246.427002
planetlab6.cs.duke.edu_planetlab2.ucsd.edu_7618 9	123848.322998	0.280000	0.012000	0.000000	123848.322998	98394	144	s	1357340859339.480957
planetlab6.cs.duke.edu_planetlab2.ucsd.edu_7625 9	123851.279053	0.209000	0.012000	0.000000	123851.279053	98396	144	s	1357340859342.474121
planetlab6.cs.duke.edu_planetlab2.ucsd.edu_7632 9	123861.978027	0.054000	0.012000	0.000000	123861.978027	98398	144	s	1357340859353.209961
planetlab6.cs.duke.edu_planetlab2.ucsd.edu_7639 9	123870.288086	0.045000	0.018000	0.000000	123870.288086	98399	144	s	1357340859361.538086
planetlab6.cs.duke.edu_planetlab2.ucsd.edu_7675 9	124173.037109	0.086000	0.014000	0.000000	124173.037109	98430	144	s	1357340859665.985107
planetlab2.umassd.edu_planetlab2.ucsd.edu_35633 2	126066.712158	38573.415000	0.060000	0.000000	126066.712158	98368	0	s	1357340861557.371094
earth.cs.brown.edu_planetlab2.ucsd.edu_13034 9	126427.446045	0.128000	0.019000	0.000000	126427.446045	98373	48	s	1357340861918.208008
earth.cs.brown.edu_planetlab2.ucsd.edu_13084 9	126659.664062	0.359000	0.017000	0.000000	126659.664062	98385	48	s	1357340862150.652100
earth.cs.brown.edu_planetlab2.ucsd.edu_13125 9	126717.386963	0.032000	0.014000	0.000000	126717.386963	98388	48	s	1357340862208.428955
earth.cs.brown.edu_planetlab2.ucsd.edu_13134 9	126741.231934	0.582000	0.012000	0.000000	126741.231934	98389	48	s	1357340862232.292969
earth.cs.brown.edu_planetlab2.ucsd.edu_13159 9	126807.320068	0.272000	0.014000	0.000000	126807.320068	98391	48	s	1357340862298.416016
earth.cs.brown.edu_planetlab2.ucsd.edu_13172 9	126917.951172	0.031000	0.013000	0.000000	126917.951172	98397	48	s	1357340862409.164062
earth.cs.brown.edu_planetlab2.ucsd.edu_13191 9	127276.495117	0.077000	0.014000	0.000000	127276.495117	98421	48	s	1357340862769.280029
planetlab2.umassd.edu_planetlab2.ucsd.edu_35924 2	127396.029053	38583.454000	0.021000	0.000000	127396.029053	98432	0	s	1357340862889.229980
earth.cs.brown.edu_planetlab2.ucsd.edu_13212 9	127464.625977	0.030000	0.014000	0.000000	127464.625977	98437	48	s	1357340862957.931885
planetlab2.cs.pitt.edu_planetlab2.ucsd.edu_9418 5	128412.127930	0.057000	0.065000	0.000000	128412.127930	97945	176	s	1357340863883.113037
planetlab2.cs.pitt.edu_planetlab2.ucsd.edu_9458 9	130166.170166	0.291000	0.067000	0.000000	130166.170166	97769	176	s	1357340865632.351074
earth.cs.brown.edu_planetlab2.ucsd.edu_13296 9	130734.180908	0.030000	0.018000	0.000000	130734.180908	98449	48	s	1357340866230.135986
earth.cs.brown.edu_planetlab2.ucsd.edu_13307 9	130857.651855	0.291000	0.023000	0.000000	130857.651855	98452	48	s	1357340866353.660889
earth.cs.brown.edu_planetlab2.ucsd.edu_13316 9	130873.997803	0.028000	0.012000	0.000000	130873.997803	98453	48	s	1357340866370.024902
earth.cs.brown.edu_planetlab2.ucsd.edu_13324 9	130880.502930	0.028000	0.009000	0.000000	130880.502930	98455	48	s	1357340866376.566895
earth.cs.brown.edu_planetlab2.ucsd.edu_13344 9	131230.872070	0.028000	0.014000	0.000000	131230.872070	98461	48	s	1357340866727.052979
earth.cs.brown.edu_planetlab2.ucsd.edu_13381 9	131739.713867	0.037000	0.017000	0.000000	131739.713867	98485	48	s	1357340867236.400879
planetlab2.millennium.berkeley.edu_planetlab2.ucsd.edu_11945 5	131913.160156	62351.322000	0.136000	0.000000	131913.160156	97784	2048	s	1357340867379.696045
planetlab2.millennium.berkeley.edu_planetlab2.ucsd.edu_11949 5	131935.104980	61078.002000	0.066000	0.000000	131935.104980	98168	2048	s	1357340867418.212891
planetlab2.cs.pitt.edu_planetlab2.ucsd.edu_9877 5	141392.304932	0.069000	0.066000	0.000000	141392.304932	98448	176	s	1357340876888.239990
planetlab2.cs.pitt.edu_planetlab2.ucsd.edu_10238 9	151259.945068	0.247000	0.014000	0.000000	151259.945068	97788	176	s	1357340886726.551025
planetlab2.cs.pitt.edu_planetlab2.ucsd.edu_10812 9	160988.907959	0.078000	0.072000	0.000000	160988.907959	97834	176	s	1357340896456.657959
planetlab2.cs.pitt.edu_planetlab2.ucsd.edu_11257 9	166468.890869	0.077000	0.019000	0.000000	166468.890869	97922	176	s	1357340901938.356934
planetlab2.cs.pitt.edu_planetlab2.ucsd.edu_11516 9	168644.230957	1.217000	0.013000	0.000000	168644.230957	98058	176	s	1357340904121.665039
planetlab2.cs.pitt.edu_planetlab2.ucsd.edu_11541 9	168773.812012	0.250000	0.014000	0.000000	168773.812012	98082	176	s	1357340904251.695068
planetlab2.cs.pitt.edu_planetlab2.ucsd.edu_11558 9	168838.828125	0.163000	0.069000	0.000000	168838.828125	98088	176	s	1357340904316.819092
planetlab2.cs.pitt.edu_planetlab2.ucsd.edu_11561 9	168848.650146	0.286000	0.011000	0.000000	168848.650146	98090	176	s	1357340904326.684082
planetlab2.cs.pitt.edu_planetlab2.ucsd.edu_11564 9	168876.620117	0.101000	0.011000	0.000000	168876.620117	98091	176	s	1357340904354.672119
planetlab2.cs.pitt.edu_planetlab2.ucsd.edu_11572 9	168940.338135	8.758000	0.015000	0.000000	168940.338135	98094	176	s	1357340904418.486084
planetlab2.cs.pitt.edu_planetlab2.ucsd.edu_11715 9	169907.910889	0.131000	0.014000	0.000000	169907.910889	98106	176	s	1357340905389.702881
planetlab2.cs.pitt.edu_planetlab2.ucsd.edu_11721 9	169955.691895	0.263000	0.070000	0.000000	169955.691895	98134	176	s	1357340905438.125977
planetlab2.cs.pitt.edu_planetlab2.ucsd.edu_11727 9	169977.801025	0.337000	0.010000	0.000000	169977.801025	98154	176	s	1357340905460.637939
planetlab2.cs.pitt.edu_planetlab2.ucsd.edu_11756 9	170213.427979	0.093000	0.012000	0.000000	170213.427979	98218	176	s	1357340905697.469971
planetlab2.cs.pitt.edu_planetlab2.ucsd.edu_11769 9	170316.308105	13.549000	0.011000	0.000000	170316.308105	98236	176	s	1357340905800.697998
planetlab2.cs.pitt.edu_planetlab2.ucsd.edu_11789 9	170447.137939	19.641000	0.012000	0.000000	170447.137939	98249	176	s	1357340905931.770996
planetlab1.cs.uiuc.edu_planetlab2.ucsd.edu_34021 3	200942.933838	115010.591000	0.101000	0.000000	200942.933838	97767	32	s	1357340936409.075928
planetlab1.cs.uiuc.edu_planetlab2.ucsd.edu_34067 3	201083.921875	114625.657000	0.079000	0.000000	201083.921875	97771	32	s	1357340936550.139893
planetlab1.cs.uiuc.edu_planetlab2.ucsd.edu_34081 3	201133.109131	114549.918000	0.136000	0.000000	201133.109131	97773	32	s	1357340936599.362061
planetlab1.cs.uiuc.edu_planetlab2.ucsd.edu_34133 3	201278.730957	114233.512000	0.075000	0.000000	201278.730957	97774	32	s	1357340936745.062988
planetlab1.cs.uiuc.edu_planetlab2.ucsd.edu_34135 3	201283.859863	114230.750000	0.069000	0.000000	201283.859863	97775	32	s	1357340936750.209961
planetlab1.cs.uiuc.edu_planetlab2.ucsd.edu_34167 3	201358.091064	114137.641000	0.055000	0.000000	201358.091064	97776	32	s	1357340936824.458008
planetlab1.cs.uiuc.edu_planetlab2.ucsd.edu_34205 3	201457.572998	113885.295000	0.070000	0.000000	201457.572998	97787	32	s	1357340936924.162109
planetlab1.cs.uiuc.edu_planetlab2.ucsd.edu_34221 3	201498.025146	113815.025000	0.103000	0.000000	201498.025146	97791	32	s	1357340936964.683105
planetlab1.cs.uiuc.edu_planetlab2.ucsd.edu_34270 3	201610.634033	113560.854000	0.112000	0.000000	201610.634033	97796	32	s	1357340937077.385986
planetlab1.cs.uiuc.edu_planetlab2.ucsd.edu_34315 3	201720.813232	113286.023000	0.062000	0.000000	201720.813232	97799	32	s	1357340937187.620117
planetlab1.cs.uiuc.edu_planetlab2.ucsd.edu_34391 3	201898.656006	112815.319000	0.067000	0.000000	201898.656006	97809	32	s	1357340937365.637939
planetlab1.cs.uiuc.edu_planetlab2.ucsd.edu_34716 3	202670.211914	110447.557000	0.071000	0.000000	202670.211914	97824	32	s	1357340938137.470947
planetlab1.cs.uiuc.edu_planetlab2.ucsd.edu_34746 3	202755.358154	110376.606000	0.071000	0.000000	202755.358154	97828	32	s	1357340938222.988037
planetlab1.cs.uiuc.edu_planetlab2.ucsd.edu_34748 3	202755.492920	110366.556000	0.164000	0.000000	202755.492920	97829	32	s	1357340938223.145020
planetlab1.cs.uiuc.edu_planetlab2.ucsd.edu_34754 3	202767.406982	110334.065000	0.059000	0.000000	202767.406982	97830	32	s	1357340938235.076904
planetlab1.cs.uiuc.edu_planetlab2.ucsd.edu_34876 3	203055.115967	109755.578000	0.062000	0.000000	203055.115967	97837	32	s	1357340938522.927979
planetlab1.cs.uiuc.edu_planetlab2.ucsd.edu_34878 3	203057.777100	109733.025000	0.062000	0.000000	203057.777100	97836	32	s	1357340938525.568115
planetlab1.cs.uiuc.edu_planetlab2.ucsd.edu_34941 3	203191.576904	109194.077000	0.061000	0.000000	203191.576904	97844	32	s	1357340938659.512939
planetlab1.cs.uiuc.edu_planetlab2.ucsd.edu_34980 3	203269.478027	109018.572000	0.049000	0.000000	203269.478027	97851	32	s	1357340938737.544922
planetlab1.cs.uiuc.edu_planetlab2.ucsd.edu_35035 3	203384.552002	108917.433000	0.062000	0.000000	203384.552002	97857	32	s	1357340938852.728027
planetlab1.cs.uiuc.edu_planetlab2.ucsd.edu_35037 3	203385.873047	108890.398000	0.059000	0.000000	203385.873047	97859	32	s	1357340938854.085938
planetlab1.cs.uiuc.edu_planetlab2.ucsd.edu_35072 3	203460.539062	108836.747000	0.063000	0.000000	203460.539062	97861	32	s	1357340938928.788086
planetlab1.cs.uiuc.edu_planetlab2.ucsd.edu_35078 3	203467.840088	108840.528000	0.062000	0.000000	203467.840088	97862	32	s	1357340938936.135010
planetlab1.cs.uiuc.edu_planetlab2.ucsd.edu_35082 3	203478.596924	108846.099000	0.050000	0.000000	203478.596924	97863	32	s	1357340938946.910889
planetlab1.cs.uiuc.edu_planetlab2.ucsd.edu_35406 3	204255.208984	106698.072000	0.115000	0.000000	204255.208984	97873	32	s	1357340939723.704102
planetlab1.cs.uiuc.edu_planetlab2.ucsd.edu_35408 3	204255.671875	106684.558000	0.071000	0.000000	204255.671875	97871	32	s	1357340939724.129883
planetlab1.cs.uiuc.edu_planetlab2.ucsd.edu_35410 3	204255.783936	106678.852000	0.061000	0.000000	204255.783936	97872	32	s	1357340939724.259033
planetlab1.cs.uiuc.edu_planetlab2.ucsd.edu_35457 3	204372.670166	106550.999000	0.078000	0.000000	204372.670166	97875	32	s	1357340939841.204102
planetlab1.cs.uiuc.edu_planetlab2.ucsd.edu_35475 3	204415.474121	106508.639000	0.060000	0.000000	204415.474121	97877	32	s	1357340939884.047119
planetlab1.cs.uiuc.edu_planetlab2.ucsd.edu_35510 3	204506.242188	106443.548000	0.056000	0.000000	204506.242188	97879	32	s	1357340939974.851074
planetlab1.cs.uiuc.edu_planetlab2.ucsd.edu_35530 3	204568.029053	106384.479000	0.061000	0.000000	204568.029053	97881	32	s	1357340940036.672119
planetlab1.cs.uiuc.edu_planetlab2.ucsd.edu_35532 3	204568.960938	106379.722000	0.062000	0.000000	204568.960938	97880	32	s	1357340940037.586914
planetlab1.cs.uiuc.edu_planetlab2.ucsd.edu_35647 3	204871.728027	106060.219000	0.055000	0.000000	204871.728027	97892	32	s	1357340940340.573975
planetlab1.cs.uiuc.edu_planetlab2.ucsd.edu_35659 3	204895.128174	106053.936000	0.043000	0.000000	204895.128174	97895	32	s	1357340940364.028076
planetlab1.cs.uiuc.edu_planetlab2.ucsd.edu_35707 3	205036.204834	105972.133000	0.080000	0.000000	205036.204834	97903	32	s	1357340940505.253906
planetlab1.cs.uiuc.edu_planetlab2.ucsd.edu_35723 3	205082.312988	105953.673000	0.080000	0.000000	205082.312988	97905	32	s	1357340940551.396973
planetlab1.cs.uiuc.edu_planetlab2.ucsd.edu_36848 3	212728.041992	110230.752000	0.065000	0.000000	212728.041992	97923	32	s	1357340948197.524902
planetlab1.cs.uiuc.edu_planetlab2.ucsd.edu_36867 3	212788.398926	110228.555000	0.096000	0.000000	212788.398926	97925	32	s	1357340948259.010010
planetlab1.cs.uiuc.edu_planetlab2.ucsd.edu_36905 3	212920.036133	110274.280000	0.074000	0.000000	212920.036133	97926	32	s	1357340948390.664062
planetlab1.cs.uiuc.edu_planetlab2.ucsd.edu_36914 3	212939.095947	110262.235000	0.060000	0.000000	212939.095947	97927	32	s	1357340948409.743896
planetlab1.cs.uiuc.edu_planetlab2.ucsd.edu_37091 3	213524.729004	110419.535000	0.079000	0.000000	213524.729004	97935	32	s	1357340948995.529053
planetlab1.cs.uiuc.edu_planetlab2.ucsd.edu_37184 3	213827.730957	110509.175000	0.057000	0.000000	213827.730957	97943	32	s	1357340949298.678955
planetlab1.cs.uiuc.edu_planetlab2.ucsd.edu_37236 3	214007.582031	110583.245000	0.079000	0.000000	214007.582031	97947	32	s	1357340949478.602051
planetlab1.cs.uiuc.edu_planetlab2.ucsd.edu_37360 3	217331.291992	113680.727000	0.049000	0.000000	217331.291992	97956	32	s	1357340952802.480957
planetlab1.cs.uiuc.edu_planetlab2.ucsd.edu_37382 3	217406.777100	113694.648000	0.058000	0.000000	217406.777100	97959	32	s	1357340952878.020996
planetlab1.cs.uiuc.edu_planetlab2.ucsd.edu_38366 3	223298.635010	116853.411000	0.085000	0.000000	223298.635010	97963	32	s	1357340958770.197021
planetlab1.cs.uiuc.edu_planetlab2.ucsd.edu_38588 3	223889.145996	116930.556000	0.076000	0.000000	223889.145996	97970	32	s	1357340959360.845947
planetlab1.cs.uiuc.edu_planetlab2.ucsd.edu_38612 3	223952.830078	116947.167000	0.061000	0.000000	223952.830078	97971	32	s	1357340959424.548096
planetlab1.cs.uiuc.edu_planetlab2.ucsd.edu_38707 3	227271.587891	120039.464000	0.061000	0.000000	227271.587891	97977	32	s	1357340962743.906982
planetlab1.cs.uiuc.edu_planetlab2.ucsd.edu_38727 3	227343.920898	120061.649000	0.048000	0.000000	227343.920898	97978	32	s	1357340962816.260010
planetlab1.cs.uiuc.edu_planetlab2.ucsd.edu_38733 3	227356.018066	120062.806000	0.075000	0.000000	227356.018066	97979	32	s	1357340962828.374023
planetlab1.cs.uiuc.edu_planetlab2.ucsd.edu_38852 3	227714.808838	120254.519000	0.075000	0.000000	227714.808838	97983	32	s	1357340963187.243896
planetlab1.cs.uiuc.edu_planetlab2.ucsd.edu_38929 3	227953.065918	120407.386000	0.056000	0.000000	227953.065918	97985	32	s	1357340963425.540039
planetlab1.cs.uiuc.edu_planetlab2.ucsd.edu_38974 3	228090.300049	120501.906000	0.043000	0.000000	228090.300049	97986	32	s	1357340963562.791016
planetlab1.cs.uiuc.edu_planetlab2.ucsd.edu_38988 3	228141.854004	120521.902000	0.207000	0.000000	228141.854004	97987	32	s	1357340963614.364014
planetlab1.cs.uiuc.edu_planetlab2.ucsd.edu_39002 3	228170.917969	120538.405000	0.055000	0.000000	228170.917969	97988	32	s	1357340963643.445068
planetlab1.cs.uiuc.edu_planetlab2.ucsd.edu_39008 3	228200.199951	120547.940000	0.324000	0.000000	228200.199951	97989	32	s	1357340963672.743896
planetlab1.cs.uiuc.edu_planetlab2.ucsd.edu_39072 3	228380.676025	120629.711000	0.063000	0.000000	228380.676025	97990	32	s	1357340963854.354980
planetlab1.cs.uiuc.edu_planetlab2.ucsd.edu_39109 3	228484.063965	120650.642000	0.037000	0.000000	228484.063965	97991	32	s	1357340963957.763916
planetlab1.cs.uiuc.edu_planetlab2.ucsd.edu_39178 3	228703.549072	120789.259000	0.067000	0.000000	228703.549072	97995	32	s	1357340964177.330078
planetlab1.cs.uiuc.edu_planetlab2.ucsd.edu_39185 3	228730.027832	120807.910000	0.053000	0.000000	228730.027832	97997	32	s	1357340964203.845947
planetlab1.cs.uiuc.edu_planetlab2.ucsd.edu_39295 3	229073.925049	120942.702000	0.063000	0.000000	229073.925049	97998	32	s	1357340964547.760010
planetlab1.cs.uiuc.edu_planetlab2.ucsd.edu_40390 3	241869.033936	131142.151000	0.089000	0.000000	241869.033936	97999	32	s	1357340977342.887939
planetlab1.cs.uiuc.edu_planetlab2.ucsd.edu_40424 3	241987.468994	131183.682000	0.055000	0.000000	241987.468994	98001	32	s	1357340977461.356934
planetlab1.cs.uiuc.edu_planetlab2.ucsd.edu_40475 3	242143.032959	131232.097000	0.053000	0.000000	242143.032959	98003	32	s	1357340977616.957031
planetlab1.cs.uiuc.edu_planetlab2.ucsd.edu_40498 3	242230.184082	131292.313000	0.056000	0.000000	242230.184082	98005	32	s	1357340977704.144043
planetlab1.cs.uiuc.edu_planetlab2.ucsd.edu_40531 3	242347.251953	131357.990000	0.093000	0.000000	242347.251953	98006	32	s	1357340977821.229004
planetlab1.cs.uiuc.edu_planetlab2.ucsd.edu_40585 3	242531.381104	131425.164000	0.053000	0.000000	242531.381104	98007	32	s	1357340978005.381104
planetlab1.cs.uiuc.edu_planetlab2.ucsd.edu_40734 3	243080.272949	131721.481000	0.046000	0.000000	243080.272949	98015	32	s	1357340978554.635986
planetlab1.cs.uiuc.edu_planetlab2.ucsd.edu_40767 3	246119.093018	134700.778000	0.085000	0.000000	246119.093018	98019	32	s	1357340981593.527100
planetlab1.cs.uiuc.edu_planetlab2.ucsd.edu_40795 3	246247.281006	134769.773000	0.066000	0.000000	246247.281006	98021	32	s	1357340981721.757080
planetlab1.cs.uiuc.edu_planetlab2.ucsd.edu_40806 3	246294.732910	134786.148000	0.060000	0.000000	246294.732910	98022	32	s	1357340981769.228027
planetlab1.cs.uiuc.edu_planetlab2.ucsd.edu_40819 3	246337.586182	134803.371000	0.059000	0.000000	246337.586182	98023	32	s	1357340981812.101074
planetlab1.cs.uiuc.edu_planetlab2.ucsd.edu_40883 3	246577.802979	134935.723000	0.058000	0.000000	246577.802979	98031	32	s	1357340982052.458984
planetlab1.cs.uiuc.edu_planetlab2.ucsd.edu_40911 3	246690.892822	134985.710000	0.068000	0.000000	246690.892822	98039	32	s	1357340982165.700928
planetlab1.cs.uiuc.edu_planetlab2.ucsd.edu_40918 3	246723.003174	134995.358000	0.059000	0.000000	246723.003174	98043	32	s	1357340982199.892090
planetlab1.cs.uiuc.edu_planetlab2.ucsd.edu_41263 3	247940.276123	135368.980000	0.066000	0.000000	247940.276123	98067	32	s	1357340983417.882080
planetlab1.cs.uiuc.edu_planetlab2.ucsd.edu_41451 3	248550.195068	135581.003000	0.040000	0.000000	248550.195068	98084	32	s	1357340984028.114014
planetlab1.cs.uiuc.edu_planetlab2.ucsd.edu_42082 3	256686.160889	141377.320000	0.086000	0.000000	256686.160889	98095	32	s	1357340992167.741943
planetlab1.cs.uiuc.edu_planetlab2.ucsd.edu_42162 3	256918.596924	141277.285000	0.064000	0.000000	256918.596924	98119	32	s	1357340992400.634033
planetlab1.cs.uiuc.edu_planetlab2.ucsd.edu_42183 3	256971.645020	141298.347000	0.090000	0.000000	256971.645020	98127	32	s	1357340992453.823975
planetlab1.cs.uiuc.edu_planetlab2.ucsd.edu_42188 3	256979.937012	141298.488000	0.038000	0.000000	256979.937012	98129	32	s	1357340992462.159912
planetlab1.cs.uiuc.edu_planetlab2.ucsd.edu_42239 3	257156.175049	141273.228000	0.068000	0.000000	257156.175049	98151	32	s	1357340992638.958008
planetlab1.cs.uiuc.edu_planetlab2.ucsd.edu_42271 3	257256.239990	141270.110000	0.075000	0.000000	257256.239990	98155	32	s	1357340992739.107910
planetlab1.cs.uiuc.edu_planetlab2.ucsd.edu_42275 3	257269.633057	141267.363000	0.059000	0.000000	257269.633057	98157	32	s	1357340992752.537109
planetlab1.cs.uiuc.edu_planetlab2.ucsd.edu_42278 3	257271.755859	141263.103000	0.059000	0.000000	257271.755859	98158	32	s	1357340992754.678955
planetlab1.cs.uiuc.edu_planetlab2.ucsd.edu_42290 3	257312.078125	141279.793000	0.061000	0.000000	257312.078125	98159	32	s	1357340992795.019043
planetlab1.cs.uiuc.edu_planetlab2.ucsd.edu_42371 3	257594.845947	141242.044000	0.047000	0.000000	257594.845947	98175	32	s	1357340993078.081055
planetlab1.cs.uiuc.edu_planetlab2.ucsd.edu_42431 3	257780.633057	141214.182000	0.163000	0.000000	257780.633057	98183	32	s	1357340993264.030029
planetlab1.cs.uiuc.edu_planetlab2.ucsd.edu_42455 3	257842.099854	141157.217000	0.072000	0.000000	257842.099854	98188	32	s	1357340993325.586914
planetlab1.cs.uiuc.edu_planetlab2.ucsd.edu_42786 3	261814.994873	144155.728000	0.059000	0.000000	261814.994873	98235	32	s	1357340997299.364990
planetlab1.cs.uiuc.edu_planetlab2.ucsd.edu_42915 3	262133.303955	144279.312000	0.064000	0.000000	262133.303955	98243	32	s	1357340997617.821045
planetlab1.cs.uiuc.edu_planetlab2.ucsd.edu_42966 3	262248.262939	144314.222000	0.063000	0.000000	262248.262939	98245	32	s	1357340997732.816895
planetlab1.cs.uiuc.edu_planetlab2.ucsd.edu_42970 3	262251.753906	144316.186000	0.049000	0.000000	262251.753906	98246	32	s	1357340997736.324951
planetlab1.cs.uiuc.edu_planetlab2.ucsd.edu_42995 3	262315.647949	144351.994000	0.059000	0.000000	262315.647949	98247	32	s	1357340997800.242920
planetlab1.cs.uiuc.edu_planetlab2.ucsd.edu_43036 3	262429.209961	144390.143000	0.062000	0.000000	262429.209961	98255	32	s	1357340997913.950928
planetlab1.cs.uiuc.edu_planetlab2.ucsd.edu_43077 3	262538.993896	144436.369000	0.046000	0.000000	262538.993896	98263	32	s	1357340998023.886963
planetlab1.cs.uiuc.edu_planetlab2.ucsd.edu_44386 3	272027.181885	151258.851000	0.055000	0.000000	272027.181885	98279	32	s	1357341007513.471924
planetlab1.cs.uiuc.edu_planetlab2.ucsd.edu_44566 3	272630.250000	151522.862000	0.061000	0.000000	272630.250000	98287	32	s	1357341008116.693115
planetlab1.cs.uiuc.edu_planetlab2.ucsd.edu_44742 3	273233.312988	151792.440000	0.074000	0.000000	273233.312988	98297	32	s	1357341008719.938965
planetlab1.cs.uiuc.edu_planetlab2.ucsd.edu_47954 3	296944.889160	169960.135000	0.066000	0.000000	296944.889160	98406	32	s	1357341032437.268066
aguila1.lsi.upc.edu_planetlab2.ucsd.edu_16884 9	448802.383057	57306.388000	0.028000	0.000000	448802.383057	97876	352	s	1357341184270.937988
aguila1.lsi.upc.edu_planetlab2.ucsd.edu_16955 9	449868.640137	47943.663000	0.027000	0.000000	449868.640137	98098	352	s	1357341185350.280029
planetlab1.cs.uiuc.edu_planetlab2.ucsd.edu_96887 9	490244.121094	32879.616000	0.031000	0.000000	490244.121094	97756	32	s	1357341225707.280029
planetlab1.cs.uiuc.edu_planetlab2.ucsd.edu_96936 9	490340.208984	32752.167000	0.060000	0.000000	490340.208984	97760	32	s	1357341225805.989014
planetlab1.cs.uiuc.edu_planetlab2.ucsd.edu_96938 9	490340.253174	32751.777000	0.021000	0.000000	490340.253174	97762	32	s	1357341225806.237061
planetlab1.cs.uiuc.edu_planetlab2.ucsd.edu_96940 9	490341.871094	32748.944000	0.023000	0.000000	490341.871094	97763	32	s	1357341225807.935059
planetlab1.cs.uiuc.edu_planetlab2.ucsd.edu_96942 9	490353.949951	32728.518000	0.025000	0.000000	490353.949951	97766	32	s	1357341225820.071045
planetlab1.cs.uiuc.edu_planetlab2.ucsd.edu_96947 9	490368.240967	32638.101000	0.024000	0.000000	490368.240967	97770	32	s	1357341225834.438965
planetlab1.cs.uiuc.edu_planetlab2.ucsd.edu_96953 9	490401.039062	32535.679000	0.043000	0.000000	490401.039062	97778	32	s	1357341225867.446045
planetlab1.cs.uiuc.edu_planetlab2.ucsd.edu_97110 9	490837.417969	30692.862000	0.034000	0.000000	490837.417969	97908	32	s	1357341226306.554932
planetlab1.cs.uiuc.edu_planetlab2.ucsd.edu_97566 9	492411.239990	27712.865000	0.025000	0.000000	492411.239990	98012	32	s	1357341227885.548096
planetlab1.cs.uiuc.edu_planetlab2.ucsd.edu_97637 9	492668.060059	27504.814000	0.034000	0.000000	492668.060059	98056	32	s	1357341228145.458008
planetlab1.cs.uiuc.edu_planetlab2.ucsd.edu_97829 9	493342.233887	26866.490000	0.034000	0.000000	493342.233887	98100	32	s	1357341228823.908936
planetlab1.cs.uiuc.edu_planetlab2.ucsd.edu_97840 9	493388.319092	26848.266000	0.032000	0.000000	493388.319092	98132	32	s	1357341228870.716064
planetlab1.cs.uiuc.edu_planetlab2.ucsd.edu_97844 9	493395.007080	26829.306000	0.036000	0.000000	493395.007080	98148	32	s	1357341228877.735107
planetlab1.cs.uiuc.edu_planetlab2.ucsd.edu_97856 9	493449.219971	26828.102000	0.037000	0.000000	493449.219971	98160	32	s	1357341228932.177979
planetlab1.cs.uiuc.edu_planetlab2.ucsd.edu_97858 9	493450.491943	26825.119000	0.025000	0.000000	493450.491943	98164	32	s	1357341228933.522949
planetlab1.cs.uiuc.edu_planetlab2.ucsd.edu_97863 9	493457.541992	26802.643000	0.029000	0.000000	493457.541992	98166	32	s	1357341228940.607910
planetlab1.cs.uiuc.edu_planetlab2.ucsd.edu_97865 9	493461.027832	26784.410000	0.027000	0.000000	493461.027832	98165	32	s	1357341228944.076904
planetlab1.cs.uiuc.edu_planetlab2.ucsd.edu_97868 9	493469.337158	26762.811000	0.028000	0.000000	493469.337158	98172	32	s	1357341228952.519043
planetlab1.cs.uiuc.edu_planetlab2.ucsd.edu_97887 9	493546.985107	26709.532000	0.030000	0.000000	493546.985107	98199	32	s	1357341229030.677002
planetlab1.cs.uiuc.edu_planetlab2.ucsd.edu_98327 9	495063.353027	25767.704000	0.033000	0.000000	495063.353027	98274	32	s	1357341230549.539062
planetlab1.cs.uiuc.edu_planetlab2.ucsd.edu_98396 9	495321.155029	25572.785000	0.043000	0.000000	495321.155029	98292	32	s	1357341230807.688965
planetlab1.cs.uiuc.edu_planetlab2.ucsd.edu_98507 9	495691.675049	25364.221000	0.043000	0.000000	495691.675049	98307	32	s	1357341231178.489990
planetlab1.cs.uiuc.edu_planetlab2.ucsd.edu_98547 9	495848.529053	25336.196000	0.026000	0.000000	495848.529053	98326	32	s	1357341231338.372070
planetlab1.cs.uiuc.edu_planetlab2.ucsd.edu_98652 9	496175.638916	25266.999000	0.033000	0.000000	496175.638916	98342	32	s	1357341231665.792969
planetlab1.cs.uiuc.edu_planetlab2.ucsd.edu_98660 9	496188.986084	25264.350000	0.027000	0.000000	496188.986084	98345	32	s	1357341231679.195068
planetlab1.cs.uiuc.edu_planetlab2.ucsd.edu_98692 9	496290.881104	25208.750000	0.025000	0.000000	496290.881104	98354	32	s	1357341231781.279053
planetlab1.cs.uiuc.edu_planetlab2.ucsd.edu_98697 9	496308.496826	25201.326000	0.030000	0.000000	496308.496826	98356	32	s	1357341231798.931885
planetlab1.cs.uiuc.edu_planetlab2.ucsd.edu_98708 9	496334.757080	25199.563000	0.047000	0.000000	496334.757080	98358	32	s	1357341231825.228027
planetlab1.cs.uiuc.edu_planetlab2.ucsd.edu_98712 9	496352.217041	25213.965000	0.028000	0.000000	496352.217041	98359	32	s	1357341231842.707031
planetlab1.cs.uiuc.edu_planetlab2.ucsd.edu_98978 9	497186.679932	24570.843000	0.034000	0.000000	497186.679932	98366	32	s	1357341232677.294922
planetlab1.cs.uiuc.edu_planetlab2.ucsd.edu_98982 9	497194.028076	24541.826000	0.029000	0.000000	497194.028076	98367	32	s	1357341232684.666016
planetlab1.cs.uiuc.edu_planetlab2.ucsd.edu_98987 9	497208.655029	24516.774000	0.029000	0.000000	497208.655029	98369	32	s	1357341232699.343994
planetlab1.cs.uiuc.edu_planetlab2.ucsd.edu_98989 9	497216.822021	24507.636000	0.043000	0.000000	497216.822021	98370	32	s	1357341232707.529053
planetlab1.cs.uiuc.edu_planetlab2.ucsd.edu_98991 9	497223.385986	24392.330000	0.028000	0.000000	497223.385986	98371	32	s	1357341232714.113037
planetlab1.cs.uiuc.edu_planetlab2.ucsd.edu_99023 9	497352.781982	24307.924000	0.029000	0.000000	497352.781982	98375	32	s	1357341232843.582031
planetlab1.cs.uiuc.edu_planetlab2.ucsd.edu_99028 9	497365.476074	24306.566000	0.027000	0.000000	497365.476074	98378	32	s	1357341232856.330078
planetlab1.cs.uiuc.edu_planetlab2.ucsd.edu_99031 9	497368.438965	24304.296000	0.036000	0.000000	497368.438965	98379	32	s	1357341232859.316895
planetlab1.cs.uiuc.edu_planetlab2.ucsd.edu_99048 9	497431.176025	24266.711000	0.026000	0.000000	497431.176025	98387	32	s	1357341232922.200928
planetlab1.cs.uiuc.edu_planetlab2.ucsd.edu_99078 9	497538.434082	23961.149000	0.026000	0.000000	497538.434082	98403	32	s	1357341233030.748047
planetlab1.cs.uiuc.edu_planetlab2.ucsd.edu_99098 9	497609.114990	23871.818000	0.027000	0.000000	497609.114990	98422	32	s	1357341233101.918945
planetlab1.cs.uiuc.edu_planetlab2.ucsd.edu_99103 9	497629.973145	23842.855000	0.029000	0.000000	497629.973145	98429	32	s	1357341233122.903076
planetlab1.cs.uiuc.edu_planetlab2.ucsd.edu_99120 9	497688.446777	23809.536000	0.028000	0.000000	497688.446777	98441	32	s	1357341233184.233887
planetlab1.cs.uiuc.edu_planetlab2.ucsd.edu_99450 9	498702.357178	22871.519000	0.031000	0.000000	498702.357178	98465	32	s	1357341234198.610107
planetlab1.cs.uiuc.edu_planetlab2.ucsd.edu_99456 9	498714.715820	22864.350000	0.028000	0.000000	498714.715820	98464	32	s	1357341234210.950928
planetlab1.cs.uiuc.edu_planetlab2.ucsd.edu_99469 9	498761.817139	22801.325000	0.027000	0.000000	498761.817139	98472	32	s	1357341234258.218018
planetlab1.cs.uiuc.edu_planetlab2.ucsd.edu_99476 9	498769.894043	22785.833000	0.028000	0.000000	498769.894043	98475	32	s	1357341234266.352051
planetlab1.cs.uiuc.edu_planetlab2.ucsd.edu_99474 9	498770.082764	22786.570000	0.025000	0.000000	498770.082764	98473	32	s	1357341234266.504883
planetlab1.cs.uiuc.edu_planetlab2.ucsd.edu_99491 9	498826.456787	22760.342000	0.026000	0.000000	498826.456787	98477	32	s	1357341234322.952881
planetlab1.cs.uiuc.edu_planetlab2.ucsd.edu_99515 9	498891.132080	22674.486000	0.029000	0.000000	498891.132080	98486	32	s	1357341234387.843994
planetlab1.cs.uiuc.edu_planetlab2.ucsd.edu_99530 9	498965.175049	22660.283000	0.028000	0.000000	498965.175049	98489	32	s	1357341234461.943115
roam2.cs.ou.edu_planetlab2.ucsd.edu_62144 9	821134.710938	249923.429000	0.016000	0.000000	821134.710938	97902	16	s	1357341556603.739990
roam2.cs.ou.edu_planetlab2.ucsd.edu_65056 9	858496.840820	237433.725000	0.020000	0.000000	858496.840820	97924	16	s	1357341593967.429932
roam2.cs.ou.edu_planetlab2.ucsd.edu_69763 9	913507.242188	218292.608000	0.014000	0.000000	913507.242188	98033	16	s	1357341648981.934082
roam2.cs.ou.edu_planetlab2.ucsd.edu_71037 9	924295.458008	207431.501000	0.019000	0.000000	924295.458008	98234	16	s	1357341659779.804932
roam2.cs.ou.edu_planetlab2.ucsd.edu_71776 9	936981.516113	204725.256000	0.020000	0.000000	936981.516113	98407	16	s	1357341672473.915039
roam2.cs.ou.edu_planetlab2.ucsd.edu_72316 9	945810.271973	204320.165000	0.017000	0.000000	945810.271973	98445	16	s	1357341681306.149902
roam2.cs.ou.edu_planetlab2.ucsd.edu_86285 9	1028219.508057	49371.595000	0.022000	0.000000	1028219.508057	98355	16	s	1357341763709.924072
roam2.cs.ou.edu_planetlab2.ucsd.edu_87214 9	1031665.241943	29329.891000	0.023000	0.000000	1031665.241943	98451	16	s	1357341767161.231934
roam2.cs.ou.edu_planetlab2.ucsd.edu_87217 9	1031674.067139	29302.620000	0.019000	0.000000	1031674.067139	98467	16	s	1357341767170.372070
roam2.cs.ou.edu_planetlab2.ucsd.edu_87222 9	1031685.125000	29313.330000	0.018000	0.000000	1031685.125000	98481	16	s	1357341767181.737061
roam2.cs.ou.edu_planetlab2.ucsd.edu_87223 9	1031685.460938	29313.444000	0.008000	0.000000	1031685.460938	98482	16	s	1357341767182.093994
roam2.cs.ou.edu_planetlab2.ucsd.edu_87224 9	1031698.573242	29326.590000	0.011000	0.000000	1031698.573242	98483	16	s	1357341767195.224121
roam2.cs.ou.edu_planetlab2.ucsd.edu_87225 9	1031699.209961	29326.992000	0.007000	0.000000	1031699.209961	98487	16	s	1357341767195.939941
