plgmu4.ite.gmu.edu_planet5.cs.ucsb.edu_1271 3	848.558105	548.808000	0.098000	0.009000	848.558105	S	27982	3584	s	1357340840551.916016
plab4.eece.ksu.edu_planet5.cs.ucsb.edu_3630 4	917.302979	491.937000	0.148000	0.009000	917.302979	S	27969	2176	s	1357340840619.555908
ebb.colgate.edu_planet5.cs.ucsb.edu_5204 9	1217.113037	124.753000	0.228000	0.022000	1217.113037	F	27930	1312	s	1357340840918.720947
planetlab1.uta.edu_planet5.cs.ucsb.edu_1370 3	1454.230957	1178.051000	0.116000	0.007000	1454.230957	S	28041	2816	s	1357340841158.575928
planetlab2.eecs.umich.edu_planet5.cs.ucsb.edu_3296 9	1463.991943	257.691000	0.285000	0.027000	1463.991943	S	27957	2592	s	1357340841166.043945
planetlab-01.bu.edu_planet5.cs.ucsb.edu_5760 2	2447.446045	2193.886000	0.048000	0.008000	2447.446045	S	27931	640	s	1357340842149.084961
planetlab-01.bu.edu_planet5.cs.ucsb.edu_5828 2	2559.132080	2304.063000	0.074000	0.005000	2559.132080	S	28036	640	s	1357340842263.386963
planetlab-01.bu.edu_planet5.cs.ucsb.edu_5930 2	2982.750977	2727.466000	0.049000	0.007000	2982.750977	S	28145	640	s	1357340842688.690918
planetlab1.georgetown.edu_planet5.cs.ucsb.edu_8324 2	3236.371094	2974.434000	0.048000	0.008000	3236.371094	S	28197	576	s	1357340842943.291992
planetlab1.cis.upenn.edu_planet5.cs.ucsb.edu_4035 4	3561.626953	2877.865000	0.086000	0.006000	3561.626953	S	28179	2560	s	1357340843268.093018
nodeb.howard.edu_planet5.cs.ucsb.edu_4409 4	3576.125977	3218.012000	0.161000	0.081000	3576.125977	S	28221	2304	s	1357340843283.440918
nodeb.howard.edu_planet5.cs.ucsb.edu_4413 4	3661.812012	3307.497000	0.119000	0.021000	3661.812012	S	28232	2304	s	1357340843369.312988
nodea.howard.edu_planet5.cs.ucsb.edu_2860 2	3994.596924	3744.923000	0.041000	0.004000	3994.596924	S	28261	3072	s	1357340843702.541016
planetlab1.cis.upenn.edu_planet5.cs.ucsb.edu_4093 4	4097.505127	3487.237000	0.108000	0.006000	4097.505127	S	28227	2560	s	1357340843804.923096
planetlab1.cis.upenn.edu_planet5.cs.ucsb.edu_4103 4	4153.404053	3640.828000	0.069000	0.005000	4153.404053	S	28243	2560	s	1357340843861.068115
planetlab1.cis.upenn.edu_planet5.cs.ucsb.edu_4100 4	4153.532959	3647.266000	0.101000	0.008000	4153.532959	S	28241	2560	s	1357340843861.168945
planetlab1.cis.upenn.edu_planet5.cs.ucsb.edu_4101 4	4153.621094	3662.727000	0.065000	0.008000	4153.621094	S	28242	2560	s	1357340843861.270996
planetlab1.cis.upenn.edu_planet5.cs.ucsb.edu_4108 4	4247.630127	3755.425000	0.082000	0.005000	4247.630127	S	28247	2560	s	1357340843955.360107
planetlab1.cis.upenn.edu_planet5.cs.ucsb.edu_4111 4	4289.894043	3769.371000	0.078000	0.008000	4289.894043	S	28251	2560	s	1357340843997.683105
planetlab1.georgetown.edu_planet5.cs.ucsb.edu_8558 2	4321.290039	4058.963000	0.043000	0.003000	4321.290039	S	28293	576	s	1357340844029.739014
nodea.howard.edu_planet5.cs.ucsb.edu_2880 2	4378.554932	4156.485000	0.054000	0.003000	4378.554932	S	28303	3072	s	1357340844087.159912
planetlab1.cis.upenn.edu_planet5.cs.ucsb.edu_4147 4	4611.451904	4132.486000	0.092000	0.007000	4611.451904	S	28275	2560	s	1357340844319.614990
planetlab1.georgetown.edu_planet5.cs.ucsb.edu_8657 2	4614.351074	4351.114000	0.039000	0.004000	4614.351074	S	28321	576	s	1357340844323.227051
planetlab1.georgetown.edu_planet5.cs.ucsb.edu_8667 2	4643.765137	4380.289000	0.041000	0.002000	4643.765137	S	28324	576	s	1357340844352.696045
planetlab1.georgetown.edu_planet5.cs.ucsb.edu_8666 2	4643.842041	4380.810000	0.041000	0.003000	4643.842041	S	28325	576	s	1357340844352.789062
planetlab1.georgetown.edu_planet5.cs.ucsb.edu_8672 2	4664.766846	4402.505000	0.076000	0.003000	4664.766846	S	28327	576	s	1357340844373.742920
planetlab1.georgetown.edu_planet5.cs.ucsb.edu_8688 2	4727.583008	4464.686000	0.050000	0.004000	4727.583008	S	28333	576	s	1357340844436.648926
plgmu2.ite.gmu.edu_planet5.cs.ucsb.edu_3841 4	4756.276123	4372.353000	0.176000	0.016000	4756.276123	S	28055	1536	s	1357340844460.839111
planetlab1.georgetown.edu_planet5.cs.ucsb.edu_8710 2	4811.271973	4548.662000	0.074000	0.004000	4811.271973	S	28341	576	s	1357340844520.467041
planetlab1.cs.unc.edu_planet5.cs.ucsb.edu_24819 3	5019.882080	4746.353000	0.080000	0.007000	5019.882080	S	27932	512	s	1357340844721.538086
planetlab1.cs.unc.edu_planet5.cs.ucsb.edu_24827 3	5040.563965	4762.537000	0.063000	0.005000	5040.563965	S	27936	512	s	1357340844742.281006
planetlab1.cs.unc.edu_planet5.cs.ucsb.edu_24830 3	5045.751953	4762.442000	0.057000	0.005000	5045.751953	S	27939	512	s	1357340844747.514893
planetlab1.cs.unc.edu_planet5.cs.ucsb.edu_24831 3	5046.002930	4763.925000	0.056000	0.057000	5046.002930	S	27938	512	s	1357340844747.750977
planetlab1.cs.unc.edu_planet5.cs.ucsb.edu_24833 3	5051.062988	4770.680000	0.051000	0.005000	5051.062988	S	27942	512	s	1357340844752.873047
planetlab1.cs.unc.edu_planet5.cs.ucsb.edu_24835 3	5065.148926	4789.280000	0.069000	0.007000	5065.148926	S	27946	512	s	1357340844767.020020
planetlab1.cs.unc.edu_planet5.cs.ucsb.edu_24839 3	5081.104004	4801.542000	0.054000	0.005000	5081.104004	S	27954	512	s	1357340844783.104980
nodeb.howard.edu_planet5.cs.ucsb.edu_4490 4	5076.791992	4724.484000	0.173000	0.018000	5076.791992	S	28322	2304	s	1357340844785.683105
planetlab1.cs.unc.edu_planet5.cs.ucsb.edu_24846 3	5102.833008	4823.596000	0.067000	0.016000	5102.833008	S	27973	512	s	1357340844806.019043
planetlab1.cs.unc.edu_planet5.cs.ucsb.edu_24872 3	5158.322021	4878.054000	0.080000	0.005000	5158.322021	S	28002	512	s	1357340844862.041016
planetlab1.cs.unc.edu_planet5.cs.ucsb.edu_24876 3	5178.495117	4899.628000	0.081000	0.006000	5178.495117	S	28009	512	s	1357340844882.332031
planetlab-01.ece.uprm.edu_planet5.cs.ucsb.edu_2984 3	5277.331055	4825.046000	0.115000	0.006000	5277.331055	S	28358	2240	s	1357340844986.802002
plonk.cs.uwaterloo.ca_planet5.cs.ucsb.edu_4027 1	5387.607178	5109.117000	0.027000	0.002000	5387.607178	S	28031	832	s	1357340845091.787109
planetlab1.georgetown.edu_planet5.cs.ucsb.edu_8889 2	5391.145996	5123.814000	0.041000	0.004000	5391.145996	S	28389	576	s	1357340845101.132080
planetlab1.cs.unc.edu_planet5.cs.ucsb.edu_24949 3	5435.707031	5162.447000	0.076000	0.009000	5435.707031	S	28066	512	s	1357340845140.437012
nodea.howard.edu_planet5.cs.ucsb.edu_2941 2	5598.705811	5320.290000	0.076000	0.004000	5598.705811	S	28410	3072	s	1357340845309.054932
planetlab1.cs.unc.edu_planet5.cs.ucsb.edu_25050 3	5702.871094	5429.448000	0.054000	0.006000	5702.871094	S	28079	512	s	1357340845407.798096
planetlab1.georgetown.edu_planet5.cs.ucsb.edu_8998 2	5908.999023	5646.214000	0.048000	0.002000	5908.999023	S	28438	576	s	1357340845619.797119
planetlab1.cis.upenn.edu_planet5.cs.ucsb.edu_4214 4	5915.240967	5434.437000	0.107000	0.008000	5915.240967	S	28371	2560	s	1357340845624.924072
planetlab-02.bu.edu_planet5.cs.ucsb.edu_12455 2	6169.236084	5914.225000	0.080000	0.009000	6169.236084	S	28087	192	s	1357340845874.280029
pluto.cs.brown.edu_planet5.cs.ucsb.edu_5825 1	6430.177002	6178.042000	0.030000	0.002000	6430.177002	S	28488	704	s	1357340846141.866943
planetlab-01.bu.edu_planet5.cs.ucsb.edu_6376 2	6734.851807	6481.262000	0.055000	0.003000	6734.851807	S	28519	640	s	1357340846447.035889
planetlab1.netlab.uky.edu_planet5.cs.ucsb.edu_2486 3	6769.947998	6443.676000	0.109000	0.010000	6769.947998	S	28088	1600	s	1357340846475.008057
plgmu2.ite.gmu.edu_planet5.cs.ucsb.edu_3957 4	6883.927979	6495.090000	0.143000	0.011000	6883.927979	S	28223	1536	s	1357340846591.285889
planetlab1.georgetown.edu_planet5.cs.ucsb.edu_9089 2	7480.334961	7218.520000	0.072000	0.004000	7480.334961	S	28581	576	s	1357340847193.524902
planetlab-02.bu.edu_planet5.cs.ucsb.edu_12909 2	7516.067871	7261.056000	0.109000	0.006000	7516.067871	S	28191	192	s	1357340847222.720947
planetlab1.cs.unc.edu_planet5.cs.ucsb.edu_25252 3	7683.352783	7410.826000	0.049000	0.004000	7683.352783	S	28122	512	s	1357340847388.941895
nodea.howard.edu_planet5.cs.ucsb.edu_3012 2	7676.689941	7342.339000	0.067000	0.013000	7676.689941	S	28593	3072	s	1357340847390.085938
osiris.planetlab.cs.umd.edu_planet5.cs.ucsb.edu_1687 3	7708.190918	7450.927000	0.088000	0.017000	7708.190918	S	28606	2688	s	1357340847421.794922
planetlab1.cs.unc.edu_planet5.cs.ucsb.edu_25455 3	8987.048828	8713.549000	0.364000	0.005000	8987.048828	S	28150	512	s	1357340848693.065918
planetlab1.cs.unc.edu_planet5.cs.ucsb.edu_25597 3	9373.083008	9099.148000	0.073000	0.004000	9373.083008	S	28170	512	s	1357340849079.406982
nodeb.howard.edu_planet5.cs.ucsb.edu_4614 4	9368.916992	9017.253000	0.148000	0.020000	9368.916992	S	28534	2304	s	1357340849081.345947
planetlab1.cs.unc.edu_planet5.cs.ucsb.edu_25630 3	9464.613037	9190.908000	0.074000	0.007000	9464.613037	S	28188	512	s	1357340849171.221924
plgmu2.ite.gmu.edu_planet5.cs.ucsb.edu_4111 4	9632.044922	9252.282000	0.171000	0.011000	9632.044922	S	28417	1536	s	1357340849342.509033
planetlab1.cis.upenn.edu_planet5.cs.ucsb.edu_4296 4	9632.011963	9183.338000	0.110000	0.008000	9632.011963	S	28499	2560	s	1357340849343.873047
plgmu2.ite.gmu.edu_planet5.cs.ucsb.edu_4115 4	9676.410156	9293.896000	0.165000	0.010000	9676.410156	S	28532	1536	s	1357340849388.808105
plgmu2.ite.gmu.edu_planet5.cs.ucsb.edu_4118 4	9698.230957	9316.781000	0.173000	0.008000	9698.230957	S	28651	1536	s	1357340849412.623047
plab4.eece.ksu.edu_planet5.cs.ucsb.edu_3975 4	9901.289062	9477.419000	0.131000	0.009000	9901.289062	S	28393	2176	s	1357340849611.349121
planetlab1.cs.unc.edu_planet5.cs.ucsb.edu_25944 3	11085.249023	10811.689000	0.510000	0.006000	11085.249023	S	28265	512	s	1357340850793.252930
planetlab1.cis.upenn.edu_planet5.cs.ucsb.edu_4354 4	11142.277832	10614.889000	0.127000	0.008000	11142.277832	S	28640	2560	s	1357340850856.483887
planetlab1.cs.unc.edu_planet5.cs.ucsb.edu_26029 3	12227.666992	11955.012000	0.063000	0.005000	12227.666992	S	28290	512	s	1357340851936.071045
planetlab1.cs.unc.edu_planet5.cs.ucsb.edu_26047 3	12471.504883	12197.460000	0.175000	0.005000	12471.504883	S	28296	512	s	1357340852180.004883
planetlab1.cs.unc.edu_planet5.cs.ucsb.edu_26074 3	12841.110107	12567.533000	0.048000	0.005000	12841.110107	S	28298	512	s	1357340852549.642090
planetlab1.cs.unc.edu_planet5.cs.ucsb.edu_26076 3	12847.322998	12574.186000	0.046000	0.014000	12847.322998	S	28299	512	s	1357340852555.870117
planetlab1.cs.unc.edu_planet5.cs.ucsb.edu_26084 3	12888.989990	12615.503000	0.064000	0.006000	12888.989990	S	28302	512	s	1357340852597.580078
planetlab1.cs.unc.edu_planet5.cs.ucsb.edu_26133 3	13033.438965	12759.646000	0.052000	0.005000	13033.438965	S	28314	512	s	1357340852742.212891
planetlab1.cs.unc.edu_planet5.cs.ucsb.edu_26180 3	13200.846924	12927.710000	0.060000	0.004000	13200.846924	S	28330	512	s	1357340852909.868896
planetlab1.cs.unc.edu_planet5.cs.ucsb.edu_26351 3	13591.495850	13315.560000	0.544000	0.005000	13591.495850	S	28362	512	s	1357340853301.035889
planetlab1.cs.unc.edu_planet5.cs.ucsb.edu_26419 3	13854.741943	13582.617000	0.084000	0.004000	13854.741943	S	28406	512	s	1357340853565.019043
planetlab1.cs.unc.edu_planet5.cs.ucsb.edu_26499 3	14343.718994	14068.258000	0.145000	0.004000	14343.718994	S	28450	512	s	1357340854054.700928
planetlab1.cs.umass.edu_planet5.cs.ucsb.edu_5813 5	14364.518799	13994.580000	0.252000	0.010000	14364.518799	S	28235	1184	s	1357340854072.065918
planetlab1.cs.unc.edu_planet5.cs.ucsb.edu_26520 3	14440.089844	14167.217000	0.342000	0.003000	14440.089844	S	28473	512	s	1357340854151.545898
planetlab1.cs.purdue.edu_planet5.cs.ucsb.edu_4597 4	14495.186035	14062.195000	0.135000	0.013000	14495.186035	S	27947	2112	s	1357340854197.072021
planetlab2.williams.edu_planet5.cs.ucsb.edu_2500 3	14606.242920	14254.772000	0.078000	0.005000	14606.242920	S	28407	1408	s	1357340854316.533936
planetlab1.cs.unc.edu_planet5.cs.ucsb.edu_26599 3	14854.694092	14582.292000	0.093000	0.006000	14854.694092	S	28554	512	s	1357340854567.445068
planetlab1.cs.umass.edu_planet5.cs.ucsb.edu_6396 9	15623.745117	15008.116000	0.172000	0.016000	15623.745117	F	27941	1184	s	1357340855325.539062
planetlab1.cs.umass.edu_planet5.cs.ucsb.edu_6402 9	15637.699951	15024.453000	0.196000	0.018000	15637.699951	F	27945	1184	s	1357340855339.554932
planetlab1.temple.edu_planet5.cs.ucsb.edu_24068 5	16846.864014	16367.455000	0.115000	0.010000	16846.864014	S	27955	1024	s	1357340856548.882080
planetlab1.temple.edu_planet5.cs.ucsb.edu_24082 5	16950.971924	16490.533000	0.132000	0.008000	16950.971924	S	27968	1024	s	1357340856653.209961
planetlab1.cs.umass.edu_planet5.cs.ucsb.edu_7067 9	17503.255127	16754.590000	0.164000	0.018000	17503.255127	S	27949	1184	s	1357340857205.173096
planetlab1.cs.umass.edu_planet5.cs.ucsb.edu_7071 9	17513.569092	16712.035000	0.171000	0.017000	17513.569092	S	27948	1184	s	1357340857215.469971
planetlab1.cs.umass.edu_planet5.cs.ucsb.edu_7073 9	17516.592041	16716.912000	0.289000	0.020000	17516.592041	S	27951	1184	s	1357340857218.541992
planetlab1.cs.umass.edu_planet5.cs.ucsb.edu_7077 9	17539.065918	16763.641000	0.194000	0.017000	17539.065918	S	27965	1184	s	1357340857241.254883
planetlab1.cs.umass.edu_planet5.cs.ucsb.edu_7114 9	17745.180908	17051.290000	0.183000	0.017000	17745.180908	S	28013	1184	s	1357340857449.076904
planetlab1.cs.umass.edu_planet5.cs.ucsb.edu_7220 9	18179.598145	17566.000000	0.148000	0.021000	18179.598145	S	28077	1184	s	1357340857884.488037
planetlab1.cs.purdue.edu_planet5.cs.ucsb.edu_5055 4	18407.639893	17967.355000	0.111000	0.010000	18407.639893	S	28203	2112	s	1357340858114.657959
planetlab1.temple.edu_planet5.cs.ucsb.edu_24535 5	18414.223145	18136.157000	0.128000	0.009000	18414.223145	S	27987	1024	s	1357340858117.654053
planetlab1.temple.edu_planet5.cs.ucsb.edu_24543 5	18440.230225	18167.219000	0.228000	0.016000	18440.230225	S	28003	1024	s	1357340858143.964111
planetlab1.temple.edu_planet5.cs.ucsb.edu_24554 5	18463.938965	18182.825000	0.126000	0.012000	18463.938965	S	28017	1024	s	1357340858167.903076
planetlab1.temple.edu_planet5.cs.ucsb.edu_24560 5	18470.418945	18193.988000	0.127000	0.011000	18470.418945	S	28019	1024	s	1357340858174.416016
planetlab1.temple.edu_planet5.cs.ucsb.edu_24571 5	18500.849121	18192.309000	0.137000	0.009000	18500.849121	S	28023	1024	s	1357340858204.905029
planetlab1.temple.edu_planet5.cs.ucsb.edu_24564 5	18522.531006	18196.793000	0.171000	0.011000	18522.531006	S	28018	1024	s	1357340858226.512939
planetlab1.temple.edu_planet5.cs.ucsb.edu_24585 5	18522.517090	18037.633000	0.113000	0.009000	18522.517090	S	28027	1024	s	1357340858226.632080
planetlab1.temple.edu_planet5.cs.ucsb.edu_24590 5	18540.322998	18056.527000	0.098000	0.010000	18540.322998	S	28032	1024	s	1357340858244.517090
planetlab1.cs.umass.edu_planet5.cs.ucsb.edu_7310 9	18538.652100	17932.199000	0.196000	0.016000	18538.652100	S	28461	1184	s	1357340858249.809082
planetlab1.temple.edu_planet5.cs.ucsb.edu_24602 5	18598.740967	18312.701000	0.095000	0.011000	18598.740967	S	28043	1024	s	1357340858303.116943
planetlab1.cs.purdue.edu_planet5.cs.ucsb.edu_5181 4	19393.919189	18961.487000	0.145000	0.009000	19393.919189	S	28312	2112	s	1357340859102.663086
planetlab1.temple.edu_planet5.cs.ucsb.edu_24960 5	19673.178955	19365.551000	0.130000	0.009000	19673.178955	S	28096	1024	s	1357340859378.363037
planetlab1.temple.edu_planet5.cs.ucsb.edu_24962 5	19677.469971	19375.299000	0.113000	0.010000	19677.469971	S	28097	1024	s	1357340859382.668945
planetlab1.temple.edu_planet5.cs.ucsb.edu_24967 5	19701.331787	19402.005000	0.117000	0.009000	19701.331787	S	28098	1024	s	1357340859406.545898
planetlab1.temple.edu_planet5.cs.ucsb.edu_24971 5	19719.836914	19442.843000	0.118000	0.009000	19719.836914	S	28104	1024	s	1357340859425.138916
planetlab1.temple.edu_planet5.cs.ucsb.edu_24973 5	19737.240234	19465.112000	0.113000	0.010000	19737.240234	S	28112	1024	s	1357340859442.672119
planetlab1.temple.edu_planet5.cs.ucsb.edu_24975 5	19742.297119	19472.847000	0.092000	0.008000	19742.297119	S	28128	1024	s	1357340859447.974121
planetlab1.temple.edu_planet5.cs.ucsb.edu_24977 5	19750.446045	19484.175000	0.125000	0.008000	19750.446045	S	28158	1024	s	1357340859456.584961
planetlab1.temple.edu_planet5.cs.ucsb.edu_24979 5	19754.195068	19490.445000	0.125000	0.009000	19754.195068	S	28195	1024	s	1357340859460.916992
planetlab1.temple.edu_planet5.cs.ucsb.edu_24981 5	19780.510986	19508.563000	0.187000	0.011000	19780.510986	S	28224	1024	s	1357340859487.883057
planetlab1.temple.edu_planet5.cs.ucsb.edu_24983 5	19780.318848	19510.757000	0.137000	0.016000	19780.318848	S	28246	1024	s	1357340859488.033936
planetlab1.temple.edu_planet5.cs.ucsb.edu_24985 5	19799.363037	19484.990000	0.172000	0.009000	19799.363037	S	28100	1024	s	1357340859504.606934
planetlab1.temple.edu_planet5.cs.ucsb.edu_24993 5	19832.256104	19545.627000	0.103000	0.008000	19832.256104	S	28147	1024	s	1357340859538.228027
planetlab1.temple.edu_planet5.cs.ucsb.edu_25004 5	19876.535889	19589.184000	0.109000	0.010000	19876.535889	S	28288	1024	s	1357340859584.910889
planetlab1.temple.edu_planet5.cs.ucsb.edu_25019 5	19923.618164	19653.980000	0.126000	0.008000	19923.618164	S	28354	1024	s	1357340859633.027100
planetlab1.temple.edu_planet5.cs.ucsb.edu_25022 5	19930.823975	19659.032000	0.130000	0.008000	19930.823975	S	28348	1024	s	1357340859640.133057
planetlab1.temple.edu_planet5.cs.ucsb.edu_25025 5	19942.336914	19670.260000	0.151000	0.009000	19942.336914	S	28353	1024	s	1357340859651.729004
planetlab1.cs.purdue.edu_planet5.cs.ucsb.edu_5266 4	19945.351074	19494.537000	0.132000	0.016000	19945.351074	S	28427	2112	s	1357340859655.974121
planetlab1.temple.edu_planet5.cs.ucsb.edu_25027 5	19953.562012	19677.780000	0.123000	0.009000	19953.562012	S	28352	1024	s	1357340859662.938965
planetlab1.temple.edu_planet5.cs.ucsb.edu_25029 5	19953.541016	19684.162000	0.127000	0.009000	19953.541016	S	28360	1024	s	1357340859663.042969
planetlab1.temple.edu_planet5.cs.ucsb.edu_25035 5	20001.738037	19730.247000	0.173000	0.008000	20001.738037	S	28356	1024	s	1357340859711.177979
planetlab1.temple.edu_planet5.cs.ucsb.edu_25043 5	20040.166016	19757.185000	0.103000	0.008000	20040.166016	S	28368	1024	s	1357340859749.801025
planetlab1.cs.purdue.edu_planet5.cs.ucsb.edu_5279 4	20086.006104	19636.771000	0.135000	0.008000	20086.006104	S	28451	2112	s	1357340859797.010010
planetlab1.cs.purdue.edu_planet5.cs.ucsb.edu_5287 4	20128.807129	19674.007000	0.129000	0.013000	20128.807129	S	28457	2112	s	1357340859839.905029
planetlab1.cs.purdue.edu_planet5.cs.ucsb.edu_5289 4	20130.212891	19685.403000	0.122000	0.013000	20130.212891	S	28458	2112	s	1357340859841.324951
planetlab1.cs.purdue.edu_planet5.cs.ucsb.edu_5291 4	20158.196045	19700.230000	0.076000	0.008000	20158.196045	S	28459	2112	s	1357340859869.322998
planetlab1.cs.purdue.edu_planet5.cs.ucsb.edu_5295 4	20158.243896	19720.766000	0.126000	0.015000	20158.243896	S	28463	2112	s	1357340859869.430908
cs-planetlab4.cs.surrey.sfu.ca_planet5.cs.ucsb.edu_8597 9	20207.735107	19213.390000	0.224000	0.016000	20207.735107	S	28099	608	s	1357340859912.964111
planetlab1.cs.purdue.edu_planet5.cs.ucsb.edu_5305 4	20234.473877	19791.442000	0.146000	0.008000	20234.473877	S	28475	2112	s	1357340859945.960938
planetlab1.cs.purdue.edu_planet5.cs.ucsb.edu_5334 4	20406.689941	19943.052000	0.170000	0.009000	20406.689941	S	28523	2112	s	1357340860118.936035
planetlab1.cs.purdue.edu_planet5.cs.ucsb.edu_5371 4	20680.777100	20188.418000	0.151000	0.016000	20680.777100	S	28587	2112	s	1357340860394.060059
planetlab1.temple.edu_planet5.cs.ucsb.edu_25287 5	20902.743164	20586.997000	0.119000	0.009000	20902.743164	S	28384	1024	s	1357340860612.643066
planetlab1.temple.edu_planet5.cs.ucsb.edu_25303 5	20906.403076	20621.451000	0.099000	0.010000	20906.403076	S	28520	1024	s	1357340860618.602051
planetlab1.temple.edu_planet5.cs.ucsb.edu_25305 5	20910.062988	20624.067000	0.099000	0.009000	20910.062988	S	28531	1024	s	1357340860622.447021
planetlab1.temple.edu_planet5.cs.ucsb.edu_25327 5	21009.404053	20729.611000	0.164000	0.008000	21009.404053	S	28608	1024	s	1357340860723.048096
planetlab1.temple.edu_planet5.cs.ucsb.edu_32388 9	40485.323975	40053.318000	0.171000	0.018000	40485.323975	S	28070	1024	s	1357340880190.114014
planetlab1.temple.edu_planet5.cs.ucsb.edu_32402 9	40518.644043	40128.569000	0.195000	0.019000	40518.644043	S	28181	1024	s	1357340880225.141113
planetlab1.temple.edu_planet5.cs.ucsb.edu_32408 9	40526.122070	39964.487000	0.291000	0.023000	40526.122070	S	28326	1024	s	1357340880235.083008
planetlab1.temple.edu_planet5.cs.ucsb.edu_32476 9	40681.460938	40323.011000	0.247000	0.016000	40681.460938	S	28454	1024	s	1357340880392.511963
planetlab1.temple.edu_planet5.cs.ucsb.edu_32482 9	40682.325928	40312.022000	0.251000	0.022000	40682.325928	S	28580	1024	s	1357340880395.493896
planetlab1.temple.edu_planet5.cs.ucsb.edu_32484 9	40690.052002	40304.928000	0.195000	0.020000	40690.052002	S	28550	1024	s	1357340880402.736084
planetlab1.temple.edu_planet5.cs.ucsb.edu_32488 9	40691.019043	40290.683000	0.173000	0.017000	40691.019043	S	28578	1024	s	1357340880404.156006
planetlab1.temple.edu_planet5.cs.ucsb.edu_32489 9	40691.302002	40318.845000	0.194000	0.016000	40691.302002	S	28583	1024	s	1357340880404.524902
planetlab1.temple.edu_planet5.cs.ucsb.edu_32495 9	40704.233887	40336.979000	0.212000	0.017000	40704.233887	S	28646	1024	s	1357340880418.531982
planetlab1.temple.edu_planet5.cs.ucsb.edu_32493 9	40705.598877	40334.969000	0.206000	0.018000	40705.598877	S	28582	1024	s	1357340880418.806885
planetlab1.temple.edu_planet5.cs.ucsb.edu_32498 9	40721.011230	40349.024000	0.218000	0.022000	40721.011230	S	28590	1024	s	1357340880434.349121
planetlab1.temple.edu_planet5.cs.ucsb.edu_32509 9	40785.124023	40385.827000	0.223000	0.023000	40785.124023	S	28598	1024	s	1357340880498.604980
ebb.colgate.edu_planet5.cs.ucsb.edu_8793 9	52965.989014	51871.840000	0.268000	0.020000	52965.989014	S	28329	1312	s	1357340892674.995117
planetlab1.cs.unc.edu_planet5.cs.ucsb.edu_34540 9	53665.482178	52899.636000	0.171000	0.026000	53665.482178	S	28140	512	s	1357340893371.340088
ebb.colgate.edu_planet5.cs.ucsb.edu_8852 9	55360.947998	51269.363000	0.260000	0.019000	55360.947998	S	28186	1312	s	1357340895067.527100
planetlab1.cs.unc.edu_planet5.cs.ucsb.edu_35028 9	56129.635010	52370.410000	0.148000	0.014000	56129.635010	S	28228	512	s	1357340895837.068115
planetlab2.millennium.berkeley.edu_planet5.cs.ucsb.edu_15550 5	56558.452148	56102.542000	0.157000	0.013000	56558.452148	S	27935	2048	s	1357340896260.154053
ebb.colgate.edu_planet5.cs.ucsb.edu_8895 9	56652.010986	55560.024000	0.187000	0.023000	56652.010986	S	28434	1312	s	1357340896362.741943
planetlab2.millennium.berkeley.edu_planet5.cs.ucsb.edu_15689 5	57327.077881	56858.033000	0.139000	0.014000	57327.077881	S	27960	2048	s	1357340897029.177979
ebb.colgate.edu_planet5.cs.ucsb.edu_8907 9	57637.222900	56513.863000	0.247000	0.019000	57637.222900	S	28443	1312	s	1357340897348.097900
ebb.colgate.edu_planet5.cs.ucsb.edu_8909 9	57735.955078	56607.066000	0.272000	0.032000	57735.955078	S	28446	1312	s	1357340897446.875977
ebb.colgate.edu_planet5.cs.ucsb.edu_8912 9	57824.910156	56703.688000	0.254000	0.024000	57824.910156	S	28474	1312	s	1357340897536.382080
planetlab2.millennium.berkeley.edu_planet5.cs.ucsb.edu_15847 5	58251.878174	57779.197000	0.148000	0.008000	58251.878174	S	27992	2048	s	1357340897955.391113
planetlab2.millennium.berkeley.edu_planet5.cs.ucsb.edu_15919 5	58619.343018	58118.937000	0.158000	0.011000	58619.343018	S	28007	2048	s	1357340898323.149902
planetlab2.millennium.berkeley.edu_planet5.cs.ucsb.edu_15923 5	58645.218018	58167.847000	0.453000	0.011000	58645.218018	S	28008	2048	s	1357340898349.040039
planetlab2.millennium.berkeley.edu_planet5.cs.ucsb.edu_15933 5	58701.966064	58204.584000	0.182000	0.010000	58701.966064	S	28016	2048	s	1357340898405.906982
planetlab2.millennium.berkeley.edu_planet5.cs.ucsb.edu_15964 5	58852.409912	58323.057000	0.126000	0.011000	58852.409912	S	28024	2048	s	1357340898556.481934
planetlab2.millennium.berkeley.edu_planet5.cs.ucsb.edu_15971 5	58875.724854	58360.784000	0.141000	0.008000	58875.724854	S	28026	2048	s	1357340898579.824951
planetlab2.millennium.berkeley.edu_planet5.cs.ucsb.edu_15982 5	58925.420166	58398.499000	0.131000	0.009000	58925.420166	S	28025	2048	s	1357340898629.506104
planetlab2.millennium.berkeley.edu_planet5.cs.ucsb.edu_15988 5	58950.725098	58441.256000	0.168000	0.011000	58950.725098	S	28028	2048	s	1357340898654.861084
planetlab2.millennium.berkeley.edu_planet5.cs.ucsb.edu_15996 5	58975.676758	58470.961000	0.126000	0.012000	58975.676758	S	28034	2048	s	1357340898679.900879
planetlabpc1.upf.edu_planet5.cs.ucsb.edu_8894 9	59109.879883	57729.709000	0.254000	0.024000	59109.879883	S	28172	1120	s	1357340898816.241943
planetlabpc1.upf.edu_planet5.cs.ucsb.edu_8901 9	59193.760010	57778.740000	0.253000	0.023000	59193.760010	S	28307	1120	s	1357340898902.424072
planetlab2.millennium.berkeley.edu_planet5.cs.ucsb.edu_16062 5	59345.677002	58856.352000	0.141000	0.015000	59345.677002	S	28050	2048	s	1357340899050.156982
planetlab2.millennium.berkeley.edu_planet5.cs.ucsb.edu_16083 5	59509.102783	58990.393000	0.141000	0.015000	59509.102783	S	28051	2048	s	1357340899213.597900
planetlab2.millennium.berkeley.edu_planet5.cs.ucsb.edu_16090 5	59567.298096	59051.290000	0.113000	0.012000	59567.298096	S	28048	2048	s	1357340899271.749023
ricepl-2.cs.rice.edu_planet5.cs.ucsb.edu_17601 3	59574.266846	59331.757000	0.134000	0.008000	59574.266846	S	27952	128	s	1357340899276.233887
ebb.colgate.edu_planet5.cs.ucsb.edu_8966 9	59649.745117	55558.607000	0.270000	0.021000	59649.745117	S	28426	1312	s	1357340899360.353027
ebb.colgate.edu_planet5.cs.ucsb.edu_8968 9	59711.689941	55619.907000	0.249000	0.020000	59711.689941	S	28440	1312	s	1357340899422.520020
ebb.colgate.edu_planet5.cs.ucsb.edu_8970 9	59745.750977	55653.080000	0.247000	0.021000	59745.750977	S	28442	1312	s	1357340899456.612061
planetlab2.millennium.berkeley.edu_planet5.cs.ucsb.edu_16123 5	59825.131836	59336.625000	0.174000	0.015000	59825.131836	S	28054	2048	s	1357340899529.679932
planetlab2.millennium.berkeley.edu_planet5.cs.ucsb.edu_16127 5	59837.640137	59322.027000	0.143000	0.012000	59837.640137	S	28058	2048	s	1357340899542.248047
planetlabpc1.upf.edu_planet5.cs.ucsb.edu_8977 9	60318.243896	58838.463000	0.321000	0.020000	60318.243896	S	28487	1120	s	1357340900029.919922
planetlab2.millennium.berkeley.edu_planet5.cs.ucsb.edu_16193 5	60353.819092	59858.861000	0.158000	0.013000	60353.819092	S	28071	2048	s	1357340900058.623047
ricepl-2.cs.rice.edu_planet5.cs.ucsb.edu_17670 3	60414.835205	59951.012000	0.077000	0.006000	60414.835205	S	28056	128	s	1357340900119.412109
ebb.colgate.edu_planet5.cs.ucsb.edu_9001 9	61054.294922	56797.653000	0.302000	0.020000	61054.294922	S	28506	1312	s	1357340900766.270020
planetlab2.millennium.berkeley.edu_planet5.cs.ucsb.edu_16324 5	61339.708008	60849.159000	0.244000	0.010000	61339.708008	S	28076	2048	s	1357340901044.583984
planetlab2.millennium.berkeley.edu_planet5.cs.ucsb.edu_16336 5	61397.060059	60915.869000	0.344000	0.011000	61397.060059	S	28082	2048	s	1357340901102.031006
planetlab1.cs.unc.edu_planet5.cs.ucsb.edu_36041 9	61538.687012	60624.009000	0.144000	0.016000	61538.687012	S	28431	512	s	1357340901249.371094
ebb.colgate.edu_planet5.cs.ucsb.edu_9029 9	61852.503906	57052.821000	0.250000	0.022000	61852.503906	S	28570	1312	s	1357340901565.513916
planetlabpc1.upf.edu_planet5.cs.ucsb.edu_8898 9	62167.704834	57731.524000	0.206000	0.018000	62167.704834	S	28281	1120	s	1357340901875.960938
ricepl-2.cs.rice.edu_planet5.cs.ucsb.edu_17848 3	62209.150146	61781.040000	0.097000	0.008000	62209.150146	S	28160	128	s	1357340901915.319092
planetlab2.millennium.berkeley.edu_planet5.cs.ucsb.edu_16511 5	62478.628906	61962.990000	0.211000	0.009000	62478.628906	S	28103	2048	s	1357340902183.916016
ricepl-2.cs.rice.edu_planet5.cs.ucsb.edu_17885 3	62643.389160	62402.211000	0.117000	0.006000	62643.389160	S	28176	128	s	1357340902349.809082
ricepl-2.cs.rice.edu_planet5.cs.ucsb.edu_17887 3	62666.292969	62424.596000	0.099000	0.007000	62666.292969	S	28177	128	s	1357340902372.728027
ricepl-2.cs.rice.edu_planet5.cs.ucsb.edu_17892 3	62700.926025	62459.280000	0.106000	0.005000	62700.926025	S	28178	128	s	1357340902407.376953
planetlab2.millennium.berkeley.edu_planet5.cs.ucsb.edu_16558 5	62702.684082	62196.871000	0.207000	0.011000	62702.684082	S	28114	2048	s	1357340902408.145996
ricepl-2.cs.rice.edu_planet5.cs.ucsb.edu_17894 3	62713.552002	62472.295000	0.117000	0.013000	62713.552002	S	28180	128	s	1357340902420.033936
ricepl-2.cs.rice.edu_planet5.cs.ucsb.edu_17900 3	62768.279785	62526.300000	0.122000	0.007000	62768.279785	S	28184	128	s	1357340902474.827881
ricepl-2.cs.rice.edu_planet5.cs.ucsb.edu_17914 3	62927.322021	62684.868000	0.096000	0.007000	62927.322021	S	28192	128	s	1357340902633.990967
ricepl-2.cs.rice.edu_planet5.cs.ucsb.edu_17917 3	62935.960938	62694.187000	0.094000	0.006000	62935.960938	S	28193	128	s	1357340902642.645020
planetlab2.millennium.berkeley.edu_planet5.cs.ucsb.edu_16599 5	62987.680908	62493.951000	0.184000	0.009000	62987.680908	S	28131	2048	s	1357340902693.400879
ricepl-2.cs.rice.edu_planet5.cs.ucsb.edu_17923 3	62995.040039	62753.020000	0.079000	0.012000	62995.040039	S	28194	128	s	1357340902701.739014
ricepl-2.cs.rice.edu_planet5.cs.ucsb.edu_17928 3	63033.394043	62791.411000	0.098000	0.008000	63033.394043	S	28196	128	s	1357340902740.292969
planetlab2.millennium.berkeley.edu_planet5.cs.ucsb.edu_16607 5	63038.784912	62530.885000	0.655000	0.009000	63038.784912	S	28133	2048	s	1357340902744.541992
planetlab2.millennium.berkeley.edu_planet5.cs.ucsb.edu_16609 5	63064.052002	62576.393000	0.119000	0.009000	63064.052002	S	28134	2048	s	1357340902769.822998
planetlab2.millennium.berkeley.edu_planet5.cs.ucsb.edu_16620 5	63151.224121	62645.686000	0.144000	0.009000	63151.224121	S	28135	2048	s	1357340902857.010010
planetlab2.millennium.berkeley.edu_planet5.cs.ucsb.edu_16660 5	63424.330078	62958.580000	0.170000	0.015000	63424.330078	S	28143	2048	s	1357340903130.230957
ricepl-2.cs.rice.edu_planet5.cs.ucsb.edu_17955 3	63443.206055	63201.230000	0.096000	0.010000	63443.206055	S	28208	128	s	1357340903150.312988
ricepl-2.cs.rice.edu_planet5.cs.ucsb.edu_17957 3	63472.774902	63231.027000	0.100000	0.011000	63472.774902	S	28209	128	s	1357340903179.896973
ricepl-2.cs.rice.edu_planet5.cs.ucsb.edu_17960 3	63507.735107	63263.422000	0.093000	0.007000	63507.735107	S	28210	128	s	1357340903214.874023
ricepl-2.cs.rice.edu_planet5.cs.ucsb.edu_17964 3	63584.187988	63342.327000	0.097000	0.006000	63584.187988	S	28211	128	s	1357340903291.343018
planetlab2.millennium.berkeley.edu_planet5.cs.ucsb.edu_16682 5	63585.500000	63122.031000	0.146000	0.011000	63585.500000	S	28151	2048	s	1357340903291.531006
planetlab2.millennium.berkeley.edu_planet5.cs.ucsb.edu_16683 5	63585.572998	63125.181000	0.127000	0.009000	63585.572998	S	28152	2048	s	1357340903291.617920
ricepl-2.cs.rice.edu_planet5.cs.ucsb.edu_17969 3	63642.992188	63399.931000	0.102000	0.008000	63642.992188	S	28212	128	s	1357340903350.162109
ricepl-2.cs.rice.edu_planet5.cs.ucsb.edu_17973 3	63654.786133	63412.722000	0.098000	0.008000	63654.786133	S	28214	128	s	1357340903361.988037
planetlab1.cs.unc.edu_planet5.cs.ucsb.edu_36429 9	63651.604004	62831.661000	0.341000	0.014000	63651.604004	S	28538	512	s	1357340903364.093994
ricepl-2.cs.rice.edu_planet5.cs.ucsb.edu_17978 3	63779.521973	63537.446000	0.167000	0.006000	63779.521973	S	28216	128	s	1357340903486.754883
planetlab1.cs.unc.edu_planet5.cs.ucsb.edu_36450 9	63777.247070	62944.144000	0.157000	0.015000	63777.247070	S	28560	512	s	1357340903490.094971
ricepl-2.cs.rice.edu_planet5.cs.ucsb.edu_17982 3	63850.820068	63608.288000	0.091000	0.006000	63850.820068	S	28217	128	s	1357340903558.068115
ricepl-2.cs.rice.edu_planet5.cs.ucsb.edu_17986 3	63885.485107	63644.500000	0.083000	0.006000	63885.485107	S	28218	128	s	1357340903592.748047
planetlab2.millennium.berkeley.edu_planet5.cs.ucsb.edu_16730 5	63898.254883	63437.122000	0.148000	0.008000	63898.254883	S	28164	2048	s	1357340903604.483887
ricepl-2.cs.rice.edu_planet5.cs.ucsb.edu_17993 3	64067.490967	63824.667000	0.091000	0.015000	64067.490967	S	28220	128	s	1357340903774.791016
ricepl-2.cs.rice.edu_planet5.cs.ucsb.edu_18000 3	64419.285889	64177.315000	0.122000	0.006000	64419.285889	S	28229	128	s	1357340904126.733887
planetlab2.cs.unc.edu_planet5.cs.ucsb.edu_16295 6	64904.910156	64236.027000	0.176000	0.018000	64904.910156	S	28190	2080	s	1357340904611.548096
ricepl-2.cs.rice.edu_planet5.cs.ucsb.edu_18021 3	65014.384766	64771.299000	0.088000	0.011000	65014.384766	S	28240	128	s	1357340904722.004883
ricepl-2.cs.rice.edu_planet5.cs.ucsb.edu_18034 3	65243.541992	65001.809000	0.129000	0.013000	65243.541992	S	28256	128	s	1357340904951.404053
ricepl-2.cs.rice.edu_planet5.cs.ucsb.edu_18057 3	65542.975098	65292.253000	0.127000	0.010000	65542.975098	S	28272	128	s	1357340905251.089111
ricepl-2.cs.rice.edu_planet5.cs.ucsb.edu_18065 3	65633.506104	65385.149000	0.098000	0.008000	65633.506104	S	28274	128	s	1357340905341.654053
ricepl-2.cs.rice.edu_planet5.cs.ucsb.edu_18067 3	65665.421143	65414.322000	0.114000	0.004000	65665.421143	S	28276	128	s	1357340905373.600098
ricepl-2.cs.rice.edu_planet5.cs.ucsb.edu_18071 3	65722.812988	65478.398000	0.265000	0.008000	65722.812988	S	28280	128	s	1357340905431.052979
ricepl-2.cs.rice.edu_planet5.cs.ucsb.edu_18094 3	66073.870117	65832.350000	0.107000	0.005000	66073.870117	S	28304	128	s	1357340905782.489014
ricepl-2.cs.rice.edu_planet5.cs.ucsb.edu_17937 3	66122.016113	62880.459000	0.109000	0.007000	66122.016113	S	28200	128	s	1357340905828.986084
ricepl-2.cs.rice.edu_planet5.cs.ucsb.edu_18101 3	66160.940918	65919.462000	0.186000	0.006000	66160.940918	S	28320	128	s	1357340905869.801025
ricepl-2.cs.rice.edu_planet5.cs.ucsb.edu_18105 3	66195.562988	65882.109000	0.099000	0.010000	66195.562988	S	28335	128	s	1357340905904.664062
ricepl-2.cs.rice.edu_planet5.cs.ucsb.edu_18107 3	66205.719971	65839.570000	0.215000	0.008000	66205.719971	S	28336	128	s	1357340905914.840088
ricepl-2.cs.rice.edu_planet5.cs.ucsb.edu_18111 3	66231.060059	65608.683000	0.096000	0.008000	66231.060059	S	28337	128	s	1357340905940.195068
ricepl-2.cs.rice.edu_planet5.cs.ucsb.edu_18113 3	66235.671143	65636.342000	0.117000	0.007000	66235.671143	S	28338	128	s	1357340905944.821045
ricepl-2.cs.rice.edu_planet5.cs.ucsb.edu_18116 3	66244.843018	65668.660000	0.096000	0.008000	66244.843018	S	28340	128	s	1357340905954.022949
ricepl-2.cs.rice.edu_planet5.cs.ucsb.edu_18118 3	66266.471924	65775.155000	0.096000	0.006000	66266.471924	S	28344	128	s	1357340905975.712891
ricepl-2.cs.rice.edu_planet5.cs.ucsb.edu_18126 3	66330.361084	66088.866000	0.117000	0.007000	66330.361084	S	28378	128	s	1357340906040.165039
ricepl-2.cs.rice.edu_planet5.cs.ucsb.edu_18132 3	66365.438965	66123.577000	0.120000	0.006000	66365.438965	S	28400	128	s	1357340906075.612061
ricepl-2.cs.rice.edu_planet5.cs.ucsb.edu_18139 3	66429.455078	66025.158000	0.078000	0.007000	66429.455078	S	28430	128	s	1357340906140.123047
ricepl-2.cs.rice.edu_planet5.cs.ucsb.edu_18142 3	66442.078125	66040.819000	0.125000	0.011000	66442.078125	S	28432	128	s	1357340906152.777100
ricepl-2.cs.rice.edu_planet5.cs.ucsb.edu_18146 3	66489.217041	66249.349000	0.094000	0.011000	66489.217041	S	28448	128	s	1357340906200.168945
ricepl-2.cs.rice.edu_planet5.cs.ucsb.edu_18148 3	66498.934082	66256.121000	0.110000	0.006000	66498.934082	S	28464	128	s	1357340906210.142090
ricepl-2.cs.rice.edu_planet5.cs.ucsb.edu_18150 3	66500.609863	66258.384000	0.181000	0.019000	66500.609863	S	28465	128	s	1357340906211.834961
ricepl-2.cs.rice.edu_planet5.cs.ucsb.edu_18153 3	66523.815918	66281.624000	0.117000	0.008000	66523.815918	S	28466	128	s	1357340906235.150879
ricepl-2.cs.rice.edu_planet5.cs.ucsb.edu_18155 3	66533.900146	66292.307000	0.078000	0.006000	66533.900146	S	28468	128	s	1357340906245.268066
ricepl-2.cs.rice.edu_planet5.cs.ucsb.edu_18158 3	66564.713135	66309.307000	0.080000	0.006000	66564.713135	S	28472	128	s	1357340906276.153076
ricepl-2.cs.rice.edu_planet5.cs.ucsb.edu_17971 3	66648.484863	63407.284000	0.089000	0.008000	66648.484863	S	28213	128	s	1357340906355.670898
ricepl-2.cs.rice.edu_planet5.cs.ucsb.edu_18178 3	66699.959961	66296.894000	0.106000	0.006000	66699.959961	S	28528	128	s	1357340906412.283936
ricepl-2.cs.rice.edu_planet5.cs.ucsb.edu_18183 3	66735.137207	66495.045000	0.108000	0.007000	66735.137207	S	28539	128	s	1357340906447.642090
planetlab2.cs.unc.edu_planet5.cs.ucsb.edu_16353 6	67993.931152	67333.519000	0.218000	0.015000	67993.931152	S	28289	2080	s	1357340907702.321045
planetlab2.millennium.berkeley.edu_planet5.cs.ucsb.edu_17185 5	68167.634033	67695.235000	0.164000	0.023000	68167.634033	S	28332	2048	s	1357340907876.685059
planetlab2.millennium.berkeley.edu_planet5.cs.ucsb.edu_17202 5	68272.637939	67805.383000	0.199000	0.019000	68272.637939	S	28343	2048	s	1357340907981.864014
ricepl-2.cs.rice.edu_planet5.cs.ucsb.edu_18063 3	68589.242920	65341.381000	0.111000	0.006000	68589.242920	S	28273	128	s	1357340908297.375977
planetlab2.millennium.berkeley.edu_planet5.cs.ucsb.edu_17316 5	68969.649902	68489.580000	0.187000	0.025000	68969.649902	S	28416	2048	s	1357340908680.097900
planetlab2.millennium.berkeley.edu_planet5.cs.ucsb.edu_17319 5	68988.524902	68525.290000	0.225000	0.012000	68988.524902	S	28420	2048	s	1357340908699.035889
planetlab2.cs.unc.edu_planet5.cs.ucsb.edu_16421 6	69089.774902	68375.882000	0.184000	0.020000	69089.774902	S	28404	2080	s	1357340908800.020020
planetlab2.millennium.berkeley.edu_planet5.cs.ucsb.edu_17335 5	69130.789062	68631.092000	0.169000	0.016000	69130.789062	S	28421	2048	s	1357340908841.314941
planetlab2.millennium.berkeley.edu_planet5.cs.ucsb.edu_17339 5	69140.146973	68636.163000	0.149000	0.010000	69140.146973	S	28422	2048	s	1357340908850.687012
planetlab2.millennium.berkeley.edu_planet5.cs.ucsb.edu_17347 5	69169.641113	68702.340000	0.160000	0.010000	69169.641113	S	28428	2048	s	1357340908880.279053
planetlab2.millennium.berkeley.edu_planet5.cs.ucsb.edu_17367 5	69248.906982	68768.927000	0.186000	0.013000	69248.906982	S	28436	2048	s	1357340908959.668945
planetlab2.millennium.berkeley.edu_planet5.cs.ucsb.edu_17385 5	69333.302979	68875.734000	0.166000	0.018000	69333.302979	S	28452	2048	s	1357340909044.322998
planetlab2.millennium.berkeley.edu_planet5.cs.ucsb.edu_17437 5	69550.022949	69041.349000	0.247000	0.013000	69550.022949	S	28484	2048	s	1357340909261.654053
ricepl-2.cs.rice.edu_planet5.cs.ucsb.edu_18198 3	69911.103027	66671.735000	0.121000	0.006000	69911.103027	S	28592	128	s	1357340909624.477051
ricepl-2.cs.rice.edu_planet5.cs.ucsb.edu_18207 3	69958.318848	66717.023000	0.084000	0.008000	69958.318848	S	28644	128	s	1357340909672.585938
planetlab2.millennium.berkeley.edu_planet5.cs.ucsb.edu_17507 5	69977.798096	69465.501000	0.183000	0.015000	69977.798096	S	28536	2048	s	1357340909690.257080
planetlab2.millennium.berkeley.edu_planet5.cs.ucsb.edu_17509 5	69978.353027	69467.830000	0.184000	0.010000	69978.353027	S	28548	2048	s	1357340909691.006104
planetlab2.millennium.berkeley.edu_planet5.cs.ucsb.edu_17512 5	69983.894043	69516.742000	0.206000	0.016000	69983.894043	S	28562	2048	s	1357340909696.772949
planetlab2.cs.unc.edu_planet5.cs.ucsb.edu_16531 6	70394.729980	69688.753000	0.219000	0.024000	70394.729980	S	28618	2080	s	1357340910108.532959
planetlab2.millennium.berkeley.edu_planet5.cs.ucsb.edu_17610 5	70476.727783	69965.045000	0.190000	0.015000	70476.727783	S	28647	2048	s	1357340910191.045898
planetlab2.cs.pitt.edu_planet5.cs.ucsb.edu_13596 9	78087.939209	77251.151000	0.203000	0.030000	78087.939209	S	27974	176	s	1357340917791.141113
planetlab2.cs.pitt.edu_planet5.cs.ucsb.edu_13599 9	78111.966797	77347.078000	0.296000	0.016000	78111.966797	S	27990	176	s	1357340917815.441895
planetlab2.cs.pitt.edu_planet5.cs.ucsb.edu_13601 9	78116.044922	77347.943000	0.194000	0.024000	78116.044922	S	27986	176	s	1357340917819.461914
planetlab2.cs.pitt.edu_planet5.cs.ucsb.edu_13603 9	78123.682861	77355.203000	0.183000	0.022000	78123.682861	S	27988	176	s	1357340917827.128906
planetlab2.cs.pitt.edu_planet5.cs.ucsb.edu_13605 9	78135.865967	77370.111000	0.323000	0.018000	78135.865967	S	27991	176	s	1357340917839.362061
planetlab2.cs.pitt.edu_planet5.cs.ucsb.edu_13607 9	78143.852051	77379.887000	0.184000	0.019000	78143.852051	S	27998	176	s	1357340917847.456055
planetlab2.cs.pitt.edu_planet5.cs.ucsb.edu_13609 9	78162.821045	77398.093000	0.158000	0.018000	78162.821045	S	28022	176	s	1357340917866.864014
planetlab2.cs.pitt.edu_planet5.cs.ucsb.edu_13619 9	78431.106934	77667.350000	0.210000	0.017000	78431.106934	S	28118	176	s	1357340918136.634033
planetlab2.cs.pitt.edu_planet5.cs.ucsb.edu_13701 9	79686.021973	78918.784000	0.245000	0.021000	79686.021973	S	28502	176	s	1357340919397.927002
mtuplanetlab2.cs.mtu.edu_planet5.cs.ucsb.edu_10571 9	81199.380127	80035.825000	0.201000	0.018000	81199.380127	S	27984	800	s	1357340920902.766113
mtuplanetlab2.cs.mtu.edu_planet5.cs.ucsb.edu_10623 9	81709.704834	80547.350000	0.168000	0.146000	81709.704834	S	28408	800	s	1357340921420.012939
mtuplanetlab2.cs.mtu.edu_planet5.cs.ucsb.edu_10626 9	81725.630859	80564.269000	0.190000	0.016000	81725.630859	S	28460	800	s	1357340921436.772949
mtuplanetlab2.cs.mtu.edu_planet5.cs.ucsb.edu_10654 9	82006.682129	80843.227000	0.172000	0.018000	82006.682129	S	28595	800	s	1357340921720.114014
mtuplanetlab2.cs.mtu.edu_planet5.cs.ucsb.edu_10659 9	82045.809082	80880.820000	0.171000	0.021000	82045.809082	S	28614	800	s	1357340921759.549072
flow.colgate.edu_planet5.cs.ucsb.edu_25183 3	134027.556885	133711.111000	0.090000	0.006000	134027.556885	S	27940	64	s	1357340973729.334961
flow.colgate.edu_planet5.cs.ucsb.edu_25196 3	134067.945068	133753.851000	0.094000	0.008000	134067.945068	S	27953	64	s	1357340973769.928955
flow.colgate.edu_planet5.cs.ucsb.edu_25238 3	134215.421143	133898.354000	0.069000	0.005000	134215.421143	S	27972	64	s	1357340973918.589111
flow.colgate.edu_planet5.cs.ucsb.edu_25274 3	134364.928223	134040.501000	0.082000	0.008000	134364.928223	S	27985	64	s	1357340974068.329102
flow.colgate.edu_planet5.cs.ucsb.edu_25290 3	134410.324951	134095.509000	0.080000	0.014000	134410.324951	S	27994	64	s	1357340974113.868896
flow.colgate.edu_planet5.cs.ucsb.edu_25311 3	134506.010010	134190.528000	0.104000	0.014000	134506.010010	S	28000	64	s	1357340974209.697998
flow.colgate.edu_planet5.cs.ucsb.edu_25316 3	134510.962158	134193.389000	0.365000	0.004000	134510.962158	S	28004	64	s	1357340974214.717041
flow.colgate.edu_planet5.cs.ucsb.edu_25323 3	134530.093994	134213.987000	0.086000	0.006000	134530.093994	S	28005	64	s	1357340974233.866943
flow.colgate.edu_planet5.cs.ucsb.edu_25327 3	134542.232910	134223.514000	0.123000	0.041000	134542.232910	S	28006	64	s	1357340974246.022949
flow.colgate.edu_planet5.cs.ucsb.edu_25345 3	134618.427979	134302.343000	0.085000	0.006000	134618.427979	S	28012	64	s	1357340974322.309082
flow.colgate.edu_planet5.cs.ucsb.edu_25351 3	134643.939941	134329.575000	0.101000	0.005000	134643.939941	S	28020	64	s	1357340974347.950928
flow.colgate.edu_planet5.cs.ucsb.edu_25387 3	134787.326172	134471.670000	0.056000	0.009000	134787.326172	S	28038	64	s	1357340974491.610107
flow.colgate.edu_planet5.cs.ucsb.edu_25398 3	134827.135986	134513.273000	0.095000	0.009000	134827.135986	S	28044	64	s	1357340974531.525879
flow.colgate.edu_planet5.cs.ucsb.edu_25400 3	134829.121826	134515.442000	0.097000	0.006000	134829.121826	S	28042	64	s	1357340974533.482910
flow.colgate.edu_planet5.cs.ucsb.edu_25409 3	134853.442139	134538.046000	0.082000	0.013000	134853.442139	S	28046	64	s	1357340974557.861084
flow.colgate.edu_planet5.cs.ucsb.edu_25418 3	134897.186035	134579.778000	0.096000	0.005000	134897.186035	S	28047	64	s	1357340974601.620117
flow.colgate.edu_planet5.cs.ucsb.edu_25421 3	134898.804932	134582.824000	0.217000	0.008000	134898.804932	S	28049	64	s	1357340974603.270020
flow.colgate.edu_planet5.cs.ucsb.edu_25537 3	135379.797852	134834.709000	0.219000	0.007000	135379.797852	S	28062	64	s	1357340975084.462891
flow.colgate.edu_planet5.cs.ucsb.edu_25623 3	135752.065918	135437.445000	0.074000	0.007000	135752.065918	S	28078	64	s	1357340975456.970947
flow.colgate.edu_planet5.cs.ucsb.edu_25762 3	139327.419922	138865.874000	0.355000	0.006000	139327.419922	S	28110	64	s	1357340979032.822021
flow.colgate.edu_planet5.cs.ucsb.edu_25851 3	139697.884033	139381.911000	0.100000	0.006000	139697.884033	S	28132	64	s	1357340979403.625977
flow.colgate.edu_planet5.cs.ucsb.edu_25917 3	140022.968994	139707.420000	0.077000	0.006000	140022.968994	S	28146	64	s	1357340979728.925049
planetlab4.wail.wisc.edu_planet5.cs.ucsb.edu_31492 4	140258.100098	139764.019000	0.116000	0.009000	140258.100098	S	28162	96	s	1357340979964.300049
flow.colgate.edu_planet5.cs.ucsb.edu_26380 3	144856.790039	144375.707000	0.086000	0.005000	144856.790039	S	28250	64	s	1357340984564.563965
planetlab4.wail.wisc.edu_planet5.cs.ucsb.edu_31690 4	148279.276855	147949.094000	0.144000	0.006000	148279.276855	S	28279	96	s	1357340987987.502930
planetlab4.wail.wisc.edu_planet5.cs.ucsb.edu_31712 4	148810.039795	148477.361000	0.131000	0.008000	148810.039795	S	28392	96	s	1357340988520.076904
flow.colgate.edu_planet5.cs.ucsb.edu_26611 3	148830.797852	148514.953000	0.089000	0.009000	148830.797852	S	28402	64	s	1357340988541.011963
flow.colgate.edu_planet5.cs.ucsb.edu_26632 3	148910.607910	148438.032000	0.073000	0.007000	148910.607910	S	28433	64	s	1357340988621.322998
planetlab4.wail.wisc.edu_planet5.cs.ucsb.edu_31721 4	149035.699951	148707.583000	0.111000	0.010000	149035.699951	S	28476	96	s	1357340988747.207031
flow.colgate.edu_planet5.cs.ucsb.edu_26704 3	149211.981201	148896.649000	0.111000	0.007000	149211.981201	S	28516	64	s	1357340988924.110107
flow.colgate.edu_planet5.cs.ucsb.edu_26724 3	152282.250977	151848.967000	0.069000	0.006000	152282.250977	S	28530	64	s	1357340991994.615967
flow.colgate.edu_planet5.cs.ucsb.edu_26747 3	152382.690918	152064.960000	0.116000	0.008000	152382.690918	S	28558	64	s	1357340992095.509033
flow.colgate.edu_planet5.cs.ucsb.edu_26777 3	152504.145996	152188.822000	0.108000	0.006000	152504.145996	S	28594	64	s	1357340992217.561035
flow.colgate.edu_planet5.cs.ucsb.edu_26810 3	152635.193115	152317.813000	0.186000	0.016000	152635.193115	S	28626	64	s	1357340992349.124023
flow.colgate.edu_planet5.cs.ucsb.edu_26828 3	152700.231934	152385.437000	0.096000	0.007000	152700.231934	S	28642	64	s	1357340992414.468994
flow.colgate.edu_planet5.cs.ucsb.edu_26843 3	152766.093018	152451.037000	0.084000	0.006000	152766.093018	S	28656	64	s	1357340992480.562012
flow.colgate.edu_planet5.cs.ucsb.edu_26846 3	152778.833008	152465.521000	0.078000	0.013000	152778.833008	S	28658	64	s	1357340992493.334961
flow.colgate.edu_planet5.cs.ucsb.edu_26850 3	152791.856934	152474.055000	0.097000	0.007000	152791.856934	S	28659	64	s	1357340992506.375000
flow.colgate.edu_planet5.cs.ucsb.edu_26854 3	152806.032959	152489.732000	0.057000	0.033000	152806.032959	S	28662	64	s	1357340992520.606934
ricepl-2.cs.rice.edu_planet5.cs.ucsb.edu_32940 9	171731.916016	171167.208000	0.206000	0.020000	171731.916016	S	28035	128	s	1357341011436.155029
ricepl-2.cs.rice.edu_planet5.cs.ucsb.edu_33221 9	173576.135010	173008.594000	0.368000	0.028000	173576.135010	S	28291	128	s	1357341013284.553955
ricepl-2.cs.rice.edu_planet5.cs.ucsb.edu_33229 9	173609.805908	173043.167000	0.203000	0.038000	173609.805908	S	28419	128	s	1357341013320.301025
ricepl-2.cs.rice.edu_planet5.cs.ucsb.edu_33236 9	173648.520996	173084.964000	0.196000	0.018000	173648.520996	S	28545	128	s	1357341013361.125977
ricepl-2.cs.rice.edu_planet5.cs.ucsb.edu_33238 9	173650.429932	173085.222000	1.217000	0.024000	173650.429932	S	28546	128	s	1357341013363.051025
ricepl-2.cs.rice.edu_planet5.cs.ucsb.edu_33240 9	173662.551025	173096.503000	0.328000	0.021000	173662.551025	S	28547	128	s	1357341013375.187988
ricepl-2.cs.rice.edu_planet5.cs.ucsb.edu_33242 9	173678.234131	173114.301000	0.211000	0.018000	173678.234131	S	28551	128	s	1357341013390.933105
ricepl-2.cs.rice.edu_planet5.cs.ucsb.edu_33244 9	173682.037842	173117.783000	0.197000	0.021000	173682.037842	S	28555	128	s	1357341013394.806885
ricepl-2.cs.rice.edu_planet5.cs.ucsb.edu_33246 9	173683.583008	173116.831000	0.265000	0.021000	173683.583008	S	28563	128	s	1357341013396.476074
ricepl-2.cs.rice.edu_planet5.cs.ucsb.edu_33248 9	173685.146973	173117.266000	0.492000	0.020000	173685.146973	S	28579	128	s	1357341013398.300049
ricepl-2.cs.rice.edu_planet5.cs.ucsb.edu_33251 9	176711.617920	173025.374000	0.298000	0.022000	176711.617920	S	28611	128	s	1357341016425.311035
planetlab2.umassd.edu_planet5.cs.ucsb.edu_77743 4	228543.093994	228190.305000	0.184000	0.009000	228543.093994	S	27933	0	s	1357341068244.764893
planetlab2.umassd.edu_planet5.cs.ucsb.edu_77746 4	228562.144043	228209.851000	0.108000	0.012000	228562.144043	S	27934	0	s	1357341068263.831055
planetlab2.umassd.edu_planet5.cs.ucsb.edu_77751 4	228572.469971	228220.965000	0.102000	0.012000	228572.469971	S	27937	0	s	1357341068274.202881
planetlab2.umassd.edu_planet5.cs.ucsb.edu_77763 4	228652.177002	228298.994000	0.096000	0.010000	228652.177002	S	27950	0	s	1357341068354.111084
planetlab2.umassd.edu_planet5.cs.ucsb.edu_77772 4	228676.362793	228324.093000	0.175000	0.007000	228676.362793	S	27958	0	s	1357341068378.431885
planetlab2.umassd.edu_planet5.cs.ucsb.edu_77776 4	228687.223145	228334.834000	0.110000	0.008000	228687.223145	S	27959	0	s	1357341068389.308105
planetlab2.umassd.edu_planet5.cs.ucsb.edu_77788 4	228781.320801	228429.496000	0.103000	0.009000	228781.320801	S	27962	0	s	1357341068483.462891
planetlab2.umassd.edu_planet5.cs.ucsb.edu_77798 4	228835.180908	228484.040000	0.112000	0.009000	228835.180908	S	27964	0	s	1357341068537.354980
planetlab2.umassd.edu_planet5.cs.ucsb.edu_77800 4	228836.219971	228485.048000	0.135000	0.007000	228836.219971	S	27966	0	s	1357341068538.427002
planetlab2.umassd.edu_planet5.cs.ucsb.edu_77804 4	228850.275146	228497.816000	0.831000	0.009000	228850.275146	S	27970	0	s	1357341068552.686035
planetlab2.umassd.edu_planet5.cs.ucsb.edu_77807 4	228866.102051	228513.102000	0.089000	0.011000	228866.102051	S	27967	0	s	1357341068568.324951
planetlab2.umassd.edu_planet5.cs.ucsb.edu_77810 4	228879.028076	228527.001000	0.093000	0.007000	228879.028076	S	27971	0	s	1357341068582.178955
planetlab2.umassd.edu_planet5.cs.ucsb.edu_77834 4	229009.434082	228480.240000	0.136000	0.007000	229009.434082	S	27977	0	s	1357341068712.684082
planetlab2.umassd.edu_planet5.cs.ucsb.edu_77837 4	229038.407959	228523.665000	0.126000	0.010000	229038.407959	S	27978	0	s	1357341068741.691895
planetlab2.umassd.edu_planet5.cs.ucsb.edu_77845 4	229062.729980	228552.538000	0.213000	0.009000	229062.729980	S	27979	0	s	1357341068766.031982
planetlab2.umassd.edu_planet5.cs.ucsb.edu_77854 4	229122.868896	228625.552000	0.170000	0.007000	229122.868896	S	27981	0	s	1357341068826.211914
planetlab2.umassd.edu_planet5.cs.ucsb.edu_77864 4	229172.972900	228772.164000	0.107000	0.008000	229172.972900	S	27983	0	s	1357341068876.344971
planetlab2.umassd.edu_planet5.cs.ucsb.edu_77870 4	229206.385986	228846.477000	0.177000	0.008000	229206.385986	S	27989	0	s	1357341068909.846924
planetlab2.umassd.edu_planet5.cs.ucsb.edu_77877 4	229242.165039	228886.505000	0.212000	0.007000	229242.165039	S	27993	0	s	1357341068945.693115
planetlab2.umassd.edu_planet5.cs.ucsb.edu_77884 4	229279.188965	228926.240000	0.232000	0.015000	229279.188965	S	27995	0	s	1357341068982.748047
planetlab2.umassd.edu_planet5.cs.ucsb.edu_77891 4	229311.067139	228955.509000	0.086000	0.032000	229311.067139	S	27996	0	s	1357341069014.641113
planetlab2.umassd.edu_planet5.cs.ucsb.edu_77900 4	229367.354004	229014.866000	0.196000	0.008000	229367.354004	S	27997	0	s	1357341069070.943115
planetlab2.umassd.edu_planet5.cs.ucsb.edu_77910 4	229416.767090	229065.479000	0.145000	0.016000	229416.767090	S	27999	0	s	1357341069120.385010
planetlab2.umassd.edu_planet5.cs.ucsb.edu_77942 4	229581.779053	229231.931000	0.079000	0.008000	229581.779053	S	28011	0	s	1357341069285.644043
planetlab2.umassd.edu_planet5.cs.ucsb.edu_77962 4	229681.216797	229328.173000	0.104000	0.008000	229681.216797	S	28021	0	s	1357341069385.243896
planetlab2.umassd.edu_planet5.cs.ucsb.edu_77974 4	229733.031006	229381.784000	0.105000	0.016000	229733.031006	S	28029	0	s	1357341069437.180908
planetlab2.umassd.edu_planet5.cs.ucsb.edu_77981 4	229778.002930	229424.806000	0.162000	0.010000	229778.002930	S	28030	0	s	1357341069482.167969
planetlab2.umassd.edu_planet5.cs.ucsb.edu_77983 4	229794.026123	229441.645000	0.101000	0.006000	229794.026123	S	28033	0	s	1357341069498.236084
planetlab2.umassd.edu_planet5.cs.ucsb.edu_78024 4	229990.862061	229640.179000	0.163000	0.005000	229990.862061	S	28045	0	s	1357341069695.267090
planetlab2.umassd.edu_planet5.cs.ucsb.edu_78116 4	230448.357910	230049.548000	0.098000	0.009000	230448.357910	S	28053	0	s	1357341070152.889893
planetlab2.umassd.edu_planet5.cs.ucsb.edu_78217 4	230908.335938	230345.759000	0.209000	0.009000	230908.335938	S	28057	0	s	1357341070612.928955
planetlab2.umassd.edu_planet5.cs.ucsb.edu_78221 4	230931.770996	230381.980000	0.110000	0.014000	230931.770996	S	28060	0	s	1357341070636.407959
planetlab2.umassd.edu_planet5.cs.ucsb.edu_78223 4	230932.612061	230352.559000	0.113000	0.006000	230932.612061	S	28061	0	s	1357341070637.262939
planetlab2.umassd.edu_planet5.cs.ucsb.edu_78227 4	230948.602051	230463.065000	0.128000	0.007000	230948.602051	S	28063	0	s	1357341070653.282959
planetlab2.umassd.edu_planet5.cs.ucsb.edu_78240 4	231037.916992	230526.671000	0.102000	0.006000	231037.916992	S	28064	0	s	1357341070742.612061
planetlab2.umassd.edu_planet5.cs.ucsb.edu_78293 4	231301.451904	230750.206000	0.090000	0.008000	231301.451904	S	28065	0	s	1357341071006.160889
planetlab2.umassd.edu_planet5.cs.ucsb.edu_78296 4	231315.337891	230771.272000	0.079000	0.008000	231315.337891	S	28067	0	s	1357341071020.083008
planetlab2.umassd.edu_planet5.cs.ucsb.edu_78300 4	231330.685059	230845.169000	0.127000	0.010000	231330.685059	S	28069	0	s	1357341071035.459961
planetlab2.umassd.edu_planet5.cs.ucsb.edu_78305 4	231347.482910	230876.186000	0.143000	0.006000	231347.482910	S	28072	0	s	1357341071052.302002
planetlab2.umassd.edu_planet5.cs.ucsb.edu_78314 4	231386.558105	230952.935000	0.136000	0.008000	231386.558105	S	28073	0	s	1357341071091.391113
planetlab2.umassd.edu_planet5.cs.ucsb.edu_78766 4	233503.862061	233151.892000	0.122000	0.041000	233503.862061	S	28081	0	s	1357341073208.818115
planetlab2.umassd.edu_planet5.cs.ucsb.edu_78865 4	234014.037109	233662.618000	0.165000	0.015000	234014.037109	S	28093	0	s	1357341073719.177002
planetlab2.umassd.edu_planet5.cs.ucsb.edu_78873 4	234044.304932	233692.481000	0.101000	0.008000	234044.304932	S	28094	0	s	1357341073749.458984
planetlab2.umassd.edu_planet5.cs.ucsb.edu_78908 4	234233.435059	233881.032000	0.144000	0.008000	234233.435059	S	28101	0	s	1357341073938.693115
planetlab2.umassd.edu_planet5.cs.ucsb.edu_78923 4	234304.137939	233949.884000	0.122000	0.011000	234304.137939	S	28105	0	s	1357341074009.460938
planetlab2.umassd.edu_planet5.cs.ucsb.edu_78936 4	234371.614990	234016.199000	0.096000	0.007000	234371.614990	S	28107	0	s	1357341074076.972900
planetlab2.umassd.edu_planet5.cs.ucsb.edu_78948 4	234432.880859	234049.596000	0.133000	0.009000	234432.880859	S	28108	0	s	1357341074138.253906
planetlab2.umassd.edu_planet5.cs.ucsb.edu_78960 4	234496.770996	233944.065000	0.082000	0.007000	234496.770996	S	28109	0	s	1357341074202.158936
planetlab2.umassd.edu_planet5.cs.ucsb.edu_78973 4	234552.986084	234190.025000	0.112000	0.008000	234552.986084	S	28111	0	s	1357341074258.404053
planetlab2.umassd.edu_planet5.cs.ucsb.edu_78985 4	234632.621094	234282.513000	0.122000	0.010000	234632.621094	S	28113	0	s	1357341074338.068115
planetlab2.umassd.edu_planet5.cs.ucsb.edu_78996 4	234682.931152	234332.166000	0.140000	0.007000	234682.931152	S	28116	0	s	1357341074388.422119
planetlab2.umassd.edu_planet5.cs.ucsb.edu_79007 4	234757.556885	234406.243000	0.110000	0.009000	234757.556885	S	28117	0	s	1357341074463.063965
planetlab2.umassd.edu_planet5.cs.ucsb.edu_79023 4	234831.260986	234479.167000	0.100000	0.056000	234831.260986	S	28119	0	s	1357341074536.804932
planetlab2.umassd.edu_planet5.cs.ucsb.edu_79030 4	234857.513916	234504.473000	0.155000	0.010000	234857.513916	S	28120	0	s	1357341074563.073975
planetlab2.umassd.edu_planet5.cs.ucsb.edu_79037 4	234894.958008	234542.090000	0.139000	0.007000	234894.958008	S	28121	0	s	1357341074600.532959
planetlab2.umassd.edu_planet5.cs.ucsb.edu_79051 4	234978.517090	234624.694000	0.215000	0.009000	234978.517090	S	28123	0	s	1357341074684.121094
planetlab2.umassd.edu_planet5.cs.ucsb.edu_79053 4	234986.729004	234630.708000	0.242000	0.007000	234986.729004	S	28124	0	s	1357341074692.347900
planetlab2.umassd.edu_planet5.cs.ucsb.edu_79077 4	235120.958008	234768.133000	0.073000	0.006000	235120.958008	S	28125	0	s	1357341074826.592041
planetlab2.umassd.edu_planet5.cs.ucsb.edu_79079 4	235121.950195	234768.819000	0.174000	0.006000	235121.950195	S	28126	0	s	1357341074827.599121
planetlab2.umassd.edu_planet5.cs.ucsb.edu_79082 4	235134.280029	234784.338000	0.085000	0.006000	235134.280029	S	28127	0	s	1357341074839.943115
planetlab2.umassd.edu_planet5.cs.ucsb.edu_79088 4	235157.811035	234805.336000	0.217000	0.008000	235157.811035	S	28129	0	s	1357341074863.502930
planetlab2.umassd.edu_planet5.cs.ucsb.edu_79169 4	235591.479980	235239.431000	0.131000	0.008000	235591.479980	S	28141	0	s	1357341075297.353027
planetlab2.umassd.edu_planet5.cs.ucsb.edu_79196 4	235723.250000	235372.217000	0.091000	0.009000	235723.250000	S	28149	0	s	1357341075429.250977
planetlab2.umassd.edu_planet5.cs.ucsb.edu_79201 4	235751.818848	235397.311000	0.090000	0.009000	235751.818848	S	28153	0	s	1357341075457.878906
planetlab2.umassd.edu_planet5.cs.ucsb.edu_79209 4	235792.035156	235323.880000	0.135000	0.006000	235792.035156	S	28156	0	s	1357341075498.143066
planetlab2.umassd.edu_planet5.cs.ucsb.edu_79215 4	235816.813965	235328.584000	0.110000	0.007000	235816.813965	S	28157	0	s	1357341075522.938965
planetlab2.umassd.edu_planet5.cs.ucsb.edu_79234 4	235927.843994	235387.873000	0.126000	0.007000	235927.843994	S	28159	0	s	1357341075633.999023
planetlab2.umassd.edu_planet5.cs.ucsb.edu_79239 4	235944.962891	235418.472000	0.166000	0.013000	235944.962891	S	28161	0	s	1357341075651.146973
planetlab2.umassd.edu_planet5.cs.ucsb.edu_79649 4	237887.072021	237365.274000	0.125000	0.007000	237887.072021	S	28168	0	s	1357341077593.361084
planetlab2.umassd.edu_planet5.cs.ucsb.edu_79655 4	237919.179932	237553.632000	0.124000	0.006000	237919.179932	S	28169	0	s	1357341077625.488037
planetlab2.umassd.edu_planet5.cs.ucsb.edu_79659 4	237950.994141	237593.316000	0.118000	0.006000	237950.994141	S	28171	0	s	1357341077657.342041
planetlab2.umassd.edu_planet5.cs.ucsb.edu_79677 4	238035.227051	237683.201000	0.150000	0.010000	238035.227051	S	28173	0	s	1357341077741.603027
planetlab2.umassd.edu_planet5.cs.ucsb.edu_79773 4	238471.289795	238118.436000	0.179000	0.006000	238471.289795	S	28182	0	s	1357341078177.805908
planetlab2.umassd.edu_planet5.cs.ucsb.edu_79834 4	238791.402100	238438.594000	0.092000	0.013000	238791.402100	S	28185	0	s	1357341078497.966064
planetlab2.umassd.edu_planet5.cs.ucsb.edu_79866 4	238948.320068	238593.604000	0.126000	0.007000	238948.320068	S	28189	0	s	1357341078654.944092
planetlab2.umassd.edu_planet5.cs.ucsb.edu_79958 4	239375.703857	239023.924000	0.158000	0.008000	239375.703857	S	28201	0	s	1357341079082.690918
planetlab2.umassd.edu_planet5.cs.ucsb.edu_80078 4	239919.820068	239569.716000	0.163000	0.012000	239919.820068	S	28215	0	s	1357341079627.037109
planetlab2.umassd.edu_planet5.cs.ucsb.edu_80145 4	240165.269043	239812.895000	0.086000	0.016000	240165.269043	S	28226	0	s	1357341079872.672119
planetlab2.umassd.edu_planet5.cs.ucsb.edu_80170 4	240294.783936	239941.964000	0.126000	0.078000	240294.783936	S	28233	0	s	1357341080002.300049
planetlab2.umassd.edu_planet5.cs.ucsb.edu_80181 4	240359.677979	240007.073000	0.113000	0.009000	240359.677979	S	28237	0	s	1357341080067.254883
planetlab2.umassd.edu_planet5.cs.ucsb.edu_80211 4	240510.813965	239966.671000	0.096000	0.008000	240510.813965	S	28245	0	s	1357341080218.510986
planetlab2.umassd.edu_planet5.cs.ucsb.edu_80217 4	240550.691895	240023.075000	0.197000	0.009000	240550.691895	S	28249	0	s	1357341080258.450928
planetlab2.umassd.edu_planet5.cs.ucsb.edu_80219 4	240551.384033	240043.581000	0.154000	0.006000	240551.384033	S	28252	0	s	1357341080259.187988
planetlab2.umassd.edu_planet5.cs.ucsb.edu_80224 4	240563.464844	240085.877000	0.173000	0.009000	240563.464844	S	28253	0	s	1357341080271.282959
planetlab2.umassd.edu_planet5.cs.ucsb.edu_80233 4	240635.505127	240284.772000	0.086000	0.007000	240635.505127	S	28255	0	s	1357341080343.352051
planetlab2.umassd.edu_planet5.cs.ucsb.edu_80505 4	241814.725830	241461.264000	1.783000	0.009000	241814.725830	S	28259	0	s	1357341081522.638916
planetlab2.umassd.edu_planet5.cs.ucsb.edu_80638 4	242459.843018	242098.932000	0.125000	0.007000	242459.843018	S	28277	0	s	1357341082168.037109
planetlab2.umassd.edu_planet5.cs.ucsb.edu_80738 4	242904.615967	242550.919000	0.186000	0.009000	242904.615967	S	28285	0	s	1357341082612.938965
planetlab2.umassd.edu_planet5.cs.ucsb.edu_80806 4	243250.146973	242898.816000	0.090000	0.009000	243250.146973	S	28294	0	s	1357341082958.612061
planetlab2.umassd.edu_planet5.cs.ucsb.edu_80867 4	243539.961914	243188.520000	0.079000	0.008000	243539.961914	S	28297	0	s	1357341083248.479004
planetlab2.umassd.edu_planet5.cs.ucsb.edu_80880 4	243605.050049	243253.175000	0.096000	0.007000	243605.050049	S	28301	0	s	1357341083313.625977
planetlab2.umassd.edu_planet5.cs.ucsb.edu_80884 4	243628.212158	243278.209000	0.115000	0.010000	243628.212158	S	28306	0	s	1357341083336.861084
planetlab2.umassd.edu_planet5.cs.ucsb.edu_80887 4	243643.643066	243291.321000	0.105000	0.008000	243643.643066	S	28308	0	s	1357341083352.321045
planetlab2.umassd.edu_planet5.cs.ucsb.edu_80889 4	243647.295898	243293.862000	0.273000	0.007000	243647.295898	S	28310	0	s	1357341083356.010986
planetlab2.umassd.edu_planet5.cs.ucsb.edu_80896 4	243695.725098	243343.260000	0.133000	0.007000	243695.725098	S	28311	0	s	1357341083404.454102
planetlab2.umassd.edu_planet5.cs.ucsb.edu_80900 4	243712.222900	243360.224000	0.083000	0.025000	243712.222900	S	28309	0	s	1357341083420.916992
planetlab2.umassd.edu_planet5.cs.ucsb.edu_80903 4	243728.276855	243374.987000	0.100000	0.011000	243728.276855	S	28313	0	s	1357341083437.035889
planetlab2.umassd.edu_planet5.cs.ucsb.edu_80911 4	243776.475098	243424.845000	0.099000	0.005000	243776.475098	S	28316	0	s	1357341083485.278076
planetlab2.umassd.edu_planet5.cs.ucsb.edu_80915 4	243780.678223	243428.689000	0.234000	0.005000	243780.678223	S	28317	0	s	1357341083489.495117
planetlab2.umassd.edu_planet5.cs.ucsb.edu_80922 4	243812.314941	243460.364000	0.120000	0.007000	243812.314941	S	28318	0	s	1357341083521.146973
planetlab2.umassd.edu_planet5.cs.ucsb.edu_80925 4	243836.832031	243484.410000	0.110000	0.008000	243836.832031	S	28319	0	s	1357341083545.677979
planetlab2.umassd.edu_planet5.cs.ucsb.edu_80933 4	243880.968018	243527.421000	0.144000	0.009000	243880.968018	S	28323	0	s	1357341083589.882080
planetlab2.umassd.edu_planet5.cs.ucsb.edu_80936 4	243895.869141	243544.811000	0.120000	0.007000	243895.869141	S	28328	0	s	1357341083604.861084
planetlab2.umassd.edu_planet5.cs.ucsb.edu_80946 4	243950.201172	243298.280000	0.124000	0.008000	243950.201172	S	28342	0	s	1357341083659.412109
planetlab2.umassd.edu_planet5.cs.ucsb.edu_80961 4	244001.551025	243647.096000	0.105000	0.006000	244001.551025	S	28349	0	s	1357341083710.881104
planetlab2.umassd.edu_planet5.cs.ucsb.edu_80975 4	244086.545898	243736.814000	0.104000	0.015000	244086.545898	S	28355	0	s	1357341083795.970947
planetlab2.umassd.edu_planet5.cs.ucsb.edu_80977 4	244086.928955	243736.493000	0.117000	0.009000	244086.928955	S	28357	0	s	1357341083796.385010
planetlab2.umassd.edu_planet5.cs.ucsb.edu_80982 4	244103.609131	243752.635000	0.098000	0.019000	244103.609131	S	28361	0	s	1357341083813.134033
planetlab2.umassd.edu_planet5.cs.ucsb.edu_80987 4	244128.175049	243774.534000	0.176000	0.006000	244128.175049	S	28364	0	s	1357341083837.747070
planetlab2.umassd.edu_planet5.cs.ucsb.edu_80994 4	244170.245117	243818.014000	0.118000	0.009000	244170.245117	S	28365	0	s	1357341083879.832031
planetlab2.umassd.edu_planet5.cs.ucsb.edu_80999 4	244205.302002	243853.436000	0.178000	0.015000	244205.302002	S	28367	0	s	1357341083914.920898
planetlab2.umassd.edu_planet5.cs.ucsb.edu_81001 4	244209.800781	243859.387000	0.095000	0.008000	244209.800781	S	28369	0	s	1357341083919.452881
planetlab2.umassd.edu_planet5.cs.ucsb.edu_81003 4	244211.836914	243857.876000	0.086000	0.017000	244211.836914	S	28372	0	s	1357341083921.535889
planetlab2.umassd.edu_planet5.cs.ucsb.edu_81008 4	244233.202881	243879.818000	0.100000	0.009000	244233.202881	S	28373	0	s	1357341083942.917969
planetlab2.umassd.edu_planet5.cs.ucsb.edu_81009 4	244241.448975	243890.460000	0.081000	0.011000	244241.448975	S	28374	0	s	1357341083951.184082
planetlab2.umassd.edu_planet5.cs.ucsb.edu_81018 4	244293.601807	243940.788000	0.105000	0.008000	244293.601807	S	28377	0	s	1357341084003.388916
planetlab2.umassd.edu_planet5.cs.ucsb.edu_81020 4	244293.762207	243942.449000	0.151000	0.012000	244293.762207	S	28375	0	s	1357341084003.517090
planetlab2.umassd.edu_planet5.cs.ucsb.edu_81022 4	244296.385986	243944.745000	0.083000	0.007000	244296.385986	S	28376	0	s	1357341084006.156982
planetlab2.umassd.edu_planet5.cs.ucsb.edu_81027 4	244326.790039	243975.141000	0.106000	0.009000	244326.790039	S	28379	0	s	1357341084036.610107
planetlab2.umassd.edu_planet5.cs.ucsb.edu_81030 4	244360.256836	244009.062000	0.083000	0.007000	244360.256836	S	28381	0	s	1357341084070.108887
planetlab2.umassd.edu_planet5.cs.ucsb.edu_81032 4	244362.895996	244011.135000	0.091000	0.007000	244362.895996	S	28380	0	s	1357341084072.731934
planetlab2.umassd.edu_planet5.cs.ucsb.edu_81041 4	244411.134033	244057.003000	0.108000	0.008000	244411.134033	S	28383	0	s	1357341084121.017090
planetlab2.umassd.edu_planet5.cs.ucsb.edu_81043 4	244415.561035	244064.140000	0.069000	0.005000	244415.561035	S	28382	0	s	1357341084125.428955
planetlab2.umassd.edu_planet5.cs.ucsb.edu_81047 4	244421.761963	244070.033000	0.112000	0.015000	244421.761963	S	28385	0	s	1357341084131.677002
planetlab2.umassd.edu_planet5.cs.ucsb.edu_81050 4	244422.697998	244072.038000	0.143000	0.007000	244422.697998	S	28386	0	s	1357341084132.628906
planetlab2.umassd.edu_planet5.cs.ucsb.edu_81053 4	244446.669922	244095.908000	0.117000	0.006000	244446.669922	S	28387	0	s	1357341084156.616943
planetlab2.umassd.edu_planet5.cs.ucsb.edu_81055 4	244460.249023	244093.738000	0.149000	0.015000	244460.249023	S	28391	0	s	1357341084170.270020
planetlab2.umassd.edu_planet5.cs.ucsb.edu_81064 4	244530.552002	244179.313000	0.107000	0.009000	244530.552002	S	28395	0	s	1357341084240.646973
planetlab2.umassd.edu_planet5.cs.ucsb.edu_81071 4	244551.445068	244199.815000	0.152000	0.007000	244551.445068	S	28397	0	s	1357341084261.572021
planetlab2.umassd.edu_planet5.cs.ucsb.edu_81081 4	244601.778076	244250.215000	0.094000	0.006000	244601.778076	S	28403	0	s	1357341084312.008057
planetlab2.umassd.edu_planet5.cs.ucsb.edu_81085 4	244622.980957	244274.096000	0.126000	0.008000	244622.980957	S	28405	0	s	1357341084333.241943
planetlab2.umassd.edu_planet5.cs.ucsb.edu_81088 4	244629.334961	244276.759000	0.112000	0.016000	244629.334961	S	28412	0	s	1357341084339.720947
planetlab2.umassd.edu_planet5.cs.ucsb.edu_81091 4	244639.828125	244288.853000	0.102000	0.031000	244639.828125	S	28409	0	s	1357341084350.152100
planetlab2.umassd.edu_planet5.cs.ucsb.edu_81098 4	244705.205811	244353.417000	0.091000	0.010000	244705.205811	S	28413	0	s	1357341084415.608887
planetlab2.umassd.edu_planet5.cs.ucsb.edu_81100 4	244705.322021	244352.953000	0.093000	0.008000	244705.322021	S	28415	0	s	1357341084415.756104
planetlab2.umassd.edu_planet5.cs.ucsb.edu_81104 4	244713.601074	244361.129000	0.157000	0.008000	244713.601074	S	28418	0	s	1357341084424.081055
planetlab2.umassd.edu_planet5.cs.ucsb.edu_81111 4	244752.585938	244300.195000	0.144000	0.008000	244752.585938	S	28425	0	s	1357341084463.176025
planetlab2.umassd.edu_planet5.cs.ucsb.edu_81115 4	244769.909912	244247.522000	0.134000	0.006000	244769.909912	S	28429	0	s	1357341084480.562988
planetlab2.umassd.edu_planet5.cs.ucsb.edu_81122 4	244797.510986	244378.070000	0.131000	0.009000	244797.510986	S	28437	0	s	1357341084508.288086
planetlab2.umassd.edu_planet5.cs.ucsb.edu_81124 4	244803.266113	244439.501000	0.165000	0.006000	244803.266113	S	28439	0	s	1357341084514.081055
planetlab2.umassd.edu_planet5.cs.ucsb.edu_81126 4	244818.611084	244467.525000	0.138000	0.013000	244818.611084	S	28441	0	s	1357341084529.457031
planetlab2.umassd.edu_planet5.cs.ucsb.edu_81132 4	244836.854004	244485.277000	0.209000	0.007000	244836.854004	S	28444	0	s	1357341084547.745117
planetlab2.umassd.edu_planet5.cs.ucsb.edu_81135 4	244853.767090	244501.622000	0.091000	0.028000	244853.767090	S	28445	0	s	1357341084564.673096
planetlab2.umassd.edu_planet5.cs.ucsb.edu_81138 4	244881.863037	244531.773000	0.101000	0.006000	244881.863037	S	28447	0	s	1357341084592.799072
planetlab2.umassd.edu_planet5.cs.ucsb.edu_81142 4	244902.088135	244551.566000	0.119000	0.017000	244902.088135	S	28455	0	s	1357341084613.154053
planetlab2.umassd.edu_planet5.cs.ucsb.edu_81146 4	244933.343018	244581.474000	0.132000	0.008000	244933.343018	S	28456	0	s	1357341084644.426025
planetlab2.umassd.edu_planet5.cs.ucsb.edu_81148 4	244935.665039	244584.041000	0.081000	0.014000	244935.665039	S	28467	0	s	1357341084647.017090
planetlab2.umassd.edu_planet5.cs.ucsb.edu_81150 4	244937.524902	244586.317000	0.132000	0.008000	244937.524902	S	28471	0	s	1357341084648.948975
planetlab2.umassd.edu_planet5.cs.ucsb.edu_81152 4	244959.587891	244609.317000	0.205000	0.010000	244959.587891	S	28469	0	s	1357341084670.972900
planetlab2.umassd.edu_planet5.cs.ucsb.edu_81154 4	244965.145020	244610.548000	0.234000	0.007000	244965.145020	S	28470	0	s	1357341084676.544922
planetlab2.umassd.edu_planet5.cs.ucsb.edu_81156 4	244966.095947	244613.762000	0.127000	0.006000	244966.095947	S	28478	0	s	1357341084677.636963
planetlab2.umassd.edu_planet5.cs.ucsb.edu_81160 4	245001.125000	244647.626000	0.103000	0.018000	245001.125000	S	28477	0	s	1357341084712.650879
planetlab2.umassd.edu_planet5.cs.ucsb.edu_81162 4	245017.288086	244665.489000	0.111000	0.006000	245017.288086	S	28479	0	s	1357341084728.843018
planetlab2.umassd.edu_planet5.cs.ucsb.edu_81164 4	245019.873047	244665.408000	0.107000	0.010000	245019.873047	S	28480	0	s	1357341084731.444092
planetlab2.umassd.edu_planet5.cs.ucsb.edu_81166 4	245021.156006	244671.243000	0.130000	0.008000	245021.156006	S	28482	0	s	1357341084732.757080
planetlab2.umassd.edu_planet5.cs.ucsb.edu_81168 4	245030.685059	244681.731000	0.094000	0.010000	245030.685059	S	28483	0	s	1357341084742.301025
planetlab2.umassd.edu_planet5.cs.ucsb.edu_81170 4	245043.963867	244686.933000	0.177000	0.009000	245043.963867	S	28485	0	s	1357341084755.608887
planetlab2.umassd.edu_planet5.cs.ucsb.edu_81172 4	245049.270996	244608.169000	0.085000	0.008000	245049.270996	S	28486	0	s	1357341084760.931885
planetlab2.umassd.edu_planet5.cs.ucsb.edu_81181 4	245114.830811	244585.093000	0.139000	0.023000	245114.830811	S	28489	0	s	1357341084826.535889
planetlab2.umassd.edu_planet5.cs.ucsb.edu_81185 4	245133.453857	244728.232000	0.125000	0.015000	245133.453857	S	28490	0	s	1357341084845.179932
planetlab2.umassd.edu_planet5.cs.ucsb.edu_81187 4	245139.541016	244751.539000	0.105000	0.015000	245139.541016	S	28491	0	s	1357341084851.281982
planetlab2.umassd.edu_planet5.cs.ucsb.edu_81189 4	245147.766846	244787.478000	0.096000	0.007000	245147.766846	S	28492	0	s	1357341084859.523926
planetlab2.umassd.edu_planet5.cs.ucsb.edu_81194 4	245173.124023	244820.910000	0.134000	0.008000	245173.124023	S	28495	0	s	1357341084884.927002
planetlab2.umassd.edu_planet5.cs.ucsb.edu_81196 4	245175.865967	244823.157000	1.508000	0.015000	245175.865967	S	28493	0	s	1357341084887.637939
planetlab2.umassd.edu_planet5.cs.ucsb.edu_81205 4	245237.018066	244884.418000	0.101000	0.008000	245237.018066	S	28497	0	s	1357341084948.849121
planetlab2.umassd.edu_planet5.cs.ucsb.edu_81207 4	245240.083008	244888.826000	0.183000	0.007000	245240.083008	S	28500	0	s	1357341084951.958008
planetlab2.umassd.edu_planet5.cs.ucsb.edu_81209 4	245257.494141	244904.205000	0.105000	0.014000	245257.494141	S	28501	0	s	1357341084969.384033
planetlab2.umassd.edu_planet5.cs.ucsb.edu_81211 4	245260.391113	244908.324000	0.092000	0.009000	245260.391113	S	28498	0	s	1357341084972.238037
planetlab2.umassd.edu_planet5.cs.ucsb.edu_81213 4	245263.551025	244910.606000	0.116000	0.015000	245263.551025	S	28503	0	s	1357341084975.479004
planetlab2.umassd.edu_planet5.cs.ucsb.edu_81215 4	245268.708008	244917.748000	0.143000	0.015000	245268.708008	S	28504	0	s	1357341084980.654053
planetlab2.umassd.edu_planet5.cs.ucsb.edu_81219 4	245276.322998	244923.895000	0.157000	0.008000	245276.322998	S	28505	0	s	1357341084988.283936
planetlab2.umassd.edu_planet5.cs.ucsb.edu_81221 4	245318.326172	244966.222000	0.105000	0.008000	245318.326172	S	28507	0	s	1357341085030.318115
planetlab2.umassd.edu_planet5.cs.ucsb.edu_81226 4	245341.328857	244991.127000	0.085000	0.018000	245341.328857	S	28508	0	s	1357341085053.335938
planetlab2.umassd.edu_planet5.cs.ucsb.edu_81227 4	245344.283936	244992.440000	0.090000	0.464000	245344.283936	S	28509	0	s	1357341085056.304932
planetlab2.umassd.edu_planet5.cs.ucsb.edu_81230 4	245346.795898	244994.959000	0.114000	0.015000	245346.795898	S	28510	0	s	1357341085058.833008
planetlab2.umassd.edu_planet5.cs.ucsb.edu_81234 4	245360.510010	245007.883000	0.117000	0.008000	245360.510010	S	28511	0	s	1357341085072.562012
planetlab2.umassd.edu_planet5.cs.ucsb.edu_81237 4	245394.402100	245041.746000	0.073000	0.006000	245394.402100	S	28514	0	s	1357341085106.500000
planetlab2.umassd.edu_planet5.cs.ucsb.edu_81438 4	246368.878906	242838.172000	0.113000	0.008000	246368.878906	S	28525	0	s	1357341086081.156006
planetlab2.umassd.edu_planet5.cs.ucsb.edu_81476 4	246542.739990	246167.491000	0.110000	0.007000	246542.739990	S	28533	0	s	1357341086255.153076
planetlab2.umassd.edu_planet5.cs.ucsb.edu_81478 4	246544.492920	246193.849000	0.108000	0.008000	246544.492920	S	28535	0	s	1357341086256.937012
planetlab2.umassd.edu_planet5.cs.ucsb.edu_81484 4	246553.860840	246203.869000	0.145000	0.009000	246553.860840	S	28537	0	s	1357341086266.335938
planetlab2.umassd.edu_planet5.cs.ucsb.edu_81490 4	246588.975830	246238.886000	0.100000	0.007000	246588.975830	S	28541	0	s	1357341086301.513916
planetlab2.umassd.edu_planet5.cs.ucsb.edu_81497 4	246626.026123	246274.058000	0.084000	0.013000	246626.026123	S	28540	0	s	1357341086338.547119
planetlab2.umassd.edu_planet5.cs.ucsb.edu_81510 4	246693.840088	246342.344000	0.147000	0.011000	246693.840088	S	28543	0	s	1357341086406.414062
planetlab2.umassd.edu_planet5.cs.ucsb.edu_81518 4	246717.949951	246366.308000	0.122000	0.007000	246717.949951	S	28549	0	s	1357341086430.617920
planetlab2.umassd.edu_planet5.cs.ucsb.edu_81520 4	246728.082031	246377.176000	0.122000	0.008000	246728.082031	S	28552	0	s	1357341086440.798096
planetlab2.umassd.edu_planet5.cs.ucsb.edu_81524 4	246738.698975	246386.763000	0.076000	0.007000	246738.698975	S	28553	0	s	1357341086451.429932
planetlab2.umassd.edu_planet5.cs.ucsb.edu_81541 4	246822.488037	246470.950000	0.186000	0.008000	246822.488037	S	28556	0	s	1357341086535.272949
planetlab2.umassd.edu_planet5.cs.ucsb.edu_81545 4	246847.177979	246496.172000	0.103000	0.008000	246847.177979	S	28557	0	s	1357341086559.979004
planetlab2.umassd.edu_planet5.cs.ucsb.edu_81550 4	246861.835938	246509.318000	0.108000	0.008000	246861.835938	S	28561	0	s	1357341086574.699951
planetlab2.umassd.edu_planet5.cs.ucsb.edu_81554 4	246868.030029	246515.687000	0.091000	0.011000	246868.030029	S	28559	0	s	1357341086580.864014
planetlab2.umassd.edu_planet5.cs.ucsb.edu_81564 4	246931.321045	246579.525000	0.099000	0.009000	246931.321045	S	28564	0	s	1357341086644.230957
planetlab2.umassd.edu_planet5.cs.ucsb.edu_81568 4	246938.201904	246586.395000	0.119000	0.016000	246938.201904	S	28565	0	s	1357341086651.126953
planetlab2.umassd.edu_planet5.cs.ucsb.edu_81570 4	246945.618164	246593.635000	0.110000	0.012000	246945.618164	S	28567	0	s	1357341086658.579102
planetlab2.umassd.edu_planet5.cs.ucsb.edu_81574 4	246952.167969	246597.400000	0.107000	0.010000	246952.167969	S	28566	0	s	1357341086665.107910
planetlab2.umassd.edu_planet5.cs.ucsb.edu_81576 4	246976.941895	246625.518000	0.089000	0.009000	246976.941895	S	28568	0	s	1357341086689.920898
planetlab2.umassd.edu_planet5.cs.ucsb.edu_81586 4	247029.770996	246679.877000	0.141000	0.010000	247029.770996	S	28569	0	s	1357341086742.766113
planetlab2.umassd.edu_planet5.cs.ucsb.edu_81598 4	247077.722900	246725.040000	0.185000	0.008000	247077.722900	S	28571	0	s	1357341086790.750000
planetlab2.umassd.edu_planet5.cs.ucsb.edu_81600 4	247081.611084	246730.458000	0.121000	0.012000	247081.611084	S	28574	0	s	1357341086794.687988
planetlab2.umassd.edu_planet5.cs.ucsb.edu_81610 4	247131.412109	246776.625000	0.139000	0.017000	247131.412109	S	28572	0	s	1357341086844.455078
planetlab2.umassd.edu_planet5.cs.ucsb.edu_81615 4	247159.099854	246806.973000	0.106000	0.008000	247159.099854	S	28573	0	s	1357341086872.159912
planetlab2.umassd.edu_planet5.cs.ucsb.edu_81621 4	247194.733887	246841.761000	0.116000	0.009000	247194.733887	S	28575	0	s	1357341086907.824951
planetlab2.umassd.edu_planet5.cs.ucsb.edu_81623 4	247195.057861	246843.155000	0.297000	0.006000	247195.057861	S	28584	0	s	1357341086908.295898
planetlab2.umassd.edu_planet5.cs.ucsb.edu_81625 4	247200.187988	246848.319000	0.179000	0.009000	247200.187988	S	28576	0	s	1357341086913.294922
planetlab2.umassd.edu_planet5.cs.ucsb.edu_81627 4	247210.919189	246861.715000	0.083000	0.010000	247210.919189	S	28585	0	s	1357341086924.173096
planetlab2.umassd.edu_planet5.cs.ucsb.edu_81629 4	247213.524902	246859.839000	0.095000	0.008000	247213.524902	S	28577	0	s	1357341086926.646973
planetlab2.umassd.edu_planet5.cs.ucsb.edu_81634 4	247243.221924	246889.643000	0.324000	0.021000	247243.221924	S	28586	0	s	1357341086956.489990
planetlab2.umassd.edu_planet5.cs.ucsb.edu_81636 4	247254.597900	246902.866000	0.137000	0.009000	247254.597900	S	28588	0	s	1357341086967.896973
planetlab2.umassd.edu_planet5.cs.ucsb.edu_81642 4	247285.435059	246932.169000	0.217000	0.009000	247285.435059	S	28589	0	s	1357341086998.749023
planetlab2.umassd.edu_planet5.cs.ucsb.edu_81648 4	247315.565918	246964.615000	0.116000	0.005000	247315.565918	S	28600	0	s	1357341087029.077881
planetlab2.umassd.edu_planet5.cs.ucsb.edu_81650 4	247322.395996	246970.962000	0.129000	0.008000	247322.395996	S	28597	0	s	1357341087035.861084
planetlab2.umassd.edu_planet5.cs.ucsb.edu_81660 4	247372.440918	247021.635000	0.103000	0.007000	247372.440918	S	28599	0	s	1357341087085.937012
planetlab2.umassd.edu_planet5.cs.ucsb.edu_81669 4	247413.489014	247061.899000	0.100000	0.011000	247413.489014	S	28601	0	s	1357341087127.016113
planetlab2.umassd.edu_planet5.cs.ucsb.edu_81674 4	247434.325928	247083.317000	0.107000	0.007000	247434.325928	S	28604	0	s	1357341087147.898926
planetlab2.umassd.edu_planet5.cs.ucsb.edu_81680 4	247458.289062	247039.467000	0.250000	0.016000	247458.289062	S	28609	0	s	1357341087171.948975
planetlab2.umassd.edu_planet5.cs.ucsb.edu_81684 4	247490.321045	247137.772000	0.094000	0.009000	247490.321045	S	28605	0	s	1357341087203.908936
planetlab2.umassd.edu_planet5.cs.ucsb.edu_81692 4	247519.469971	247164.138000	0.124000	0.007000	247519.469971	S	28607	0	s	1357341087233.097900
planetlab2.umassd.edu_planet5.cs.ucsb.edu_81695 4	247544.197998	247080.274000	0.098000	0.015000	247544.197998	S	28610	0	s	1357341087257.875000
planetlab2.umassd.edu_planet5.cs.ucsb.edu_81697 4	247547.943848	247001.994000	0.105000	0.010000	247547.943848	S	28613	0	s	1357341087261.668945
planetlab2.umassd.edu_planet5.cs.ucsb.edu_81706 4	247592.300049	247073.391000	0.098000	0.014000	247592.300049	S	28612	0	s	1357341087306.010010
planetlab2.umassd.edu_planet5.cs.ucsb.edu_81708 4	247596.295898	247052.787000	0.101000	0.007000	247596.295898	S	28615	0	s	1357341087310.052979
planetlab2.umassd.edu_planet5.cs.ucsb.edu_81716 4	247632.352051	247096.550000	0.097000	0.008000	247632.352051	S	28616	0	s	1357341087346.125000
planetlab2.umassd.edu_planet5.cs.ucsb.edu_81720 4	247658.723877	247194.227000	0.080000	0.007000	247658.723877	S	28617	0	s	1357341087372.511963
planetlab2.umassd.edu_planet5.cs.ucsb.edu_81726 4	247680.745850	247287.765000	0.102000	0.009000	247680.745850	S	28619	0	s	1357341087394.564941
planetlab2.umassd.edu_planet5.cs.ucsb.edu_81731 4	247704.387207	247325.325000	0.119000	0.006000	247704.387207	S	28620	0	s	1357341087418.225098
planetlab2.umassd.edu_planet5.cs.ucsb.edu_81733 4	247717.105957	247365.532000	0.099000	0.007000	247717.105957	S	28622	0	s	1357341087430.977051
planetlab2.umassd.edu_planet5.cs.ucsb.edu_81736 4	247725.029053	247355.355000	0.077000	0.007000	247725.029053	S	28621	0	s	1357341087438.885010
planetlab2.umassd.edu_planet5.cs.ucsb.edu_81742 4	247742.397949	247391.737000	0.203000	0.008000	247742.397949	S	28623	0	s	1357341087456.283936
planetlab2.umassd.edu_planet5.cs.ucsb.edu_81745 4	247765.314209	247413.488000	0.095000	0.007000	247765.314209	S	28624	0	s	1357341087479.215088
planetlab2.umassd.edu_planet5.cs.ucsb.edu_81753 4	247803.597900	247451.377000	0.090000	0.007000	247803.597900	S	28625	0	s	1357341087517.513916
planetlab2.umassd.edu_planet5.cs.ucsb.edu_81755 4	247806.189941	247453.735000	0.142000	0.007000	247806.189941	S	28627	0	s	1357341087520.137939
planetlab2.umassd.edu_planet5.cs.ucsb.edu_81757 4	247809.183105	247456.905000	0.087000	0.015000	247809.183105	S	28628	0	s	1357341087523.145996
planetlab2.umassd.edu_planet5.cs.ucsb.edu_81769 4	247875.136963	247522.863000	0.081000	0.007000	247875.136963	S	28629	0	s	1357341087589.114990
planetlab2.umassd.edu_planet5.cs.ucsb.edu_81773 4	247887.795166	247536.220000	0.099000	0.019000	247887.795166	S	28630	0	s	1357341087601.839111
planetlab2.umassd.edu_planet5.cs.ucsb.edu_81775 4	247889.740967	247538.679000	0.131000	0.011000	247889.740967	S	28631	0	s	1357341087603.802002
planetlab2.umassd.edu_planet5.cs.ucsb.edu_81778 4	247889.940186	247538.097000	0.107000	0.009000	247889.940186	S	28632	0	s	1357341087604.017090
planetlab2.umassd.edu_planet5.cs.ucsb.edu_81782 4	247892.379883	247541.191000	0.096000	0.008000	247892.379883	S	28634	0	s	1357341087606.493896
planetlab2.umassd.edu_planet5.cs.ucsb.edu_81780 4	247892.744873	247541.488000	0.096000	0.025000	247892.744873	S	28633	0	s	1357341087606.836914
planetlab2.umassd.edu_planet5.cs.ucsb.edu_81790 4	247974.613037	247620.227000	0.193000	0.023000	247974.613037	S	28635	0	s	1357341087688.742920
planetlab2.umassd.edu_planet5.cs.ucsb.edu_81797 4	248004.217041	247649.177000	0.126000	0.007000	248004.217041	S	28636	0	s	1357341087718.362061
planetlab2.umassd.edu_planet5.cs.ucsb.edu_81800 4	248017.437012	247661.711000	0.064000	0.009000	248017.437012	S	28637	0	s	1357341087731.595947
planetlab2.umassd.edu_planet5.cs.ucsb.edu_81803 4	248020.865967	247670.557000	0.089000	0.009000	248020.865967	S	28638	0	s	1357341087735.040039
planetlab2.umassd.edu_planet5.cs.ucsb.edu_81805 4	248024.766113	247673.738000	0.115000	0.007000	248024.766113	S	28639	0	s	1357341087738.955078
planetlab2.umassd.edu_planet5.cs.ucsb.edu_81813 4	248088.728027	247736.781000	0.090000	0.010000	248088.728027	S	28643	0	s	1357341087802.980957
planetlab2.umassd.edu_planet5.cs.ucsb.edu_81820 4	248105.254150	247754.010000	0.091000	0.013000	248105.254150	S	28645	0	s	1357341087819.538086
planetlab2.umassd.edu_planet5.cs.ucsb.edu_81822 4	248110.681152	247760.105000	0.109000	0.012000	248110.681152	S	28648	0	s	1357341087825.028076
planetlab2.umassd.edu_planet5.cs.ucsb.edu_81824 4	248121.947021	247771.124000	0.085000	0.008000	248121.947021	S	28649	0	s	1357341087836.309082
planetlab2.umassd.edu_planet5.cs.ucsb.edu_81831 4	248175.854004	247824.726000	0.096000	0.005000	248175.854004	S	28652	0	s	1357341087890.261963
planetlab2.umassd.edu_planet5.cs.ucsb.edu_81838 4	248194.773926	247840.720000	0.204000	0.016000	248194.773926	S	28653	0	s	1357341087909.197021
planetlab2.umassd.edu_planet5.cs.ucsb.edu_81842 4	248217.531006	247865.931000	0.095000	0.009000	248217.531006	S	28655	0	s	1357341087931.985107
planetlab2.umassd.edu_planet5.cs.ucsb.edu_81858 4	248292.354004	247940.136000	0.102000	0.007000	248292.354004	S	28657	0	s	1357341088006.840088
planetlab2.umassd.edu_planet5.cs.ucsb.edu_81860 4	248292.851074	247941.105000	0.113000	0.007000	248292.851074	S	28660	0	s	1357341088007.391113
planetlab2.umassd.edu_planet5.cs.ucsb.edu_81863 4	248305.293945	247952.115000	0.105000	0.009000	248305.293945	S	28661	0	s	1357341088019.852051
planetlab2.umassd.edu_planet5.cs.ucsb.edu_81873 4	248367.547852	248012.185000	0.138000	0.006000	248367.547852	S	28663	0	s	1357341088082.137939
planetlab2.umassd.edu_planet5.cs.ucsb.edu_81876 4	248377.200928	248024.807000	0.105000	0.009000	248377.200928	S	28664	0	s	1357341088091.806885
flow.colgate.edu_planet5.cs.ucsb.edu_48844 9	317394.353027	316707.339000	0.159000	0.020000	317394.353027	S	28137	64	s	1357341157100.167969
flow.colgate.edu_planet5.cs.ucsb.edu_48946 9	318009.453125	317325.084000	0.145000	0.015000	318009.453125	S	28225	64	s	1357341157716.841064
planetlab1.cs.uiuc.edu_planet5.cs.ucsb.edu_79586 5	333393.282959	333029.543000	0.193000	0.010000	333393.282959	S	27963	32	s	1357341173095.439941
planetlab1.cs.uiuc.edu_planet5.cs.ucsb.edu_79647 5	333594.175049	333230.611000	0.524000	0.009000	333594.175049	S	28015	32	s	1357341173298.101074
planetlab1.cs.uiuc.edu_planet5.cs.ucsb.edu_79663 5	333654.080078	333288.961000	0.174000	0.007000	333654.080078	S	28037	32	s	1357341173358.350098
planetlab1.cs.uiuc.edu_planet5.cs.ucsb.edu_79735 5	333897.837891	333331.261000	0.245000	0.008000	333897.837891	S	28059	32	s	1357341173602.459961
planetlab1.cs.uiuc.edu_planet5.cs.ucsb.edu_79763 5	333998.959961	333620.284000	0.143000	0.009000	333998.959961	S	28075	32	s	1357341173703.822021
planetlab1.cs.uiuc.edu_planet5.cs.ucsb.edu_79805 5	334150.719971	333788.292000	0.184000	0.011000	334150.719971	S	28083	32	s	1357341173855.705078
planetlab1.cs.uiuc.edu_planet5.cs.ucsb.edu_79814 5	334181.482910	333817.036000	0.155000	0.028000	334181.482910	S	28089	32	s	1357341173886.556885
planetlab1.cs.uiuc.edu_planet5.cs.ucsb.edu_79817 5	334195.040771	333831.872000	0.131000	0.013000	334195.040771	S	28090	32	s	1357341173900.129883
planetlab1.cs.uiuc.edu_planet5.cs.ucsb.edu_79819 5	334203.645020	333840.509000	0.154000	0.013000	334203.645020	S	28091	32	s	1357341173908.748047
planetlab1.cs.uiuc.edu_planet5.cs.ucsb.edu_79849 5	334297.556152	333933.964000	0.155000	0.007000	334297.556152	S	28095	32	s	1357341174002.725098
planetlab1.cs.uiuc.edu_planet5.cs.ucsb.edu_80075 5	335078.461914	334715.162000	0.173000	0.016000	335078.461914	S	28144	32	s	1357341174784.378906
planetlab1.cs.uiuc.edu_planet5.cs.ucsb.edu_80080 5	335087.246826	334721.560000	0.157000	0.009000	335087.246826	S	28155	32	s	1357341174793.335938
planetlab1.cs.uiuc.edu_planet5.cs.ucsb.edu_80148 5	335323.436035	334956.005000	0.149000	0.008000	335323.436035	S	28205	32	s	1357341175030.486084
planetlab1.cs.uiuc.edu_planet5.cs.ucsb.edu_80163 5	335366.013184	335005.065000	0.230000	0.018000	335366.013184	S	28219	32	s	1357341175073.297119
planetlab1.cs.uiuc.edu_planet5.cs.ucsb.edu_80168 5	335384.919189	334831.721000	0.166000	0.010000	335384.919189	S	28248	32	s	1357341175092.663086
planetlab1.cs.uiuc.edu_planet5.cs.ucsb.edu_80227 5	335583.170898	335218.054000	0.178000	0.009000	335583.170898	S	28315	32	s	1357341175291.959961
planetlab1.cs.uiuc.edu_planet5.cs.ucsb.edu_80238 5	335614.802979	335251.590000	0.177000	0.007000	335614.802979	S	28331	32	s	1357341175323.840088
planetlab1.cs.uiuc.edu_planet5.cs.ucsb.edu_80241 5	335628.826904	334913.460000	0.147000	0.007000	335628.826904	S	28339	32	s	1357341175337.992920
planetlab1.cs.uiuc.edu_planet5.cs.ucsb.edu_80244 5	335640.297852	335105.018000	0.169000	0.011000	335640.297852	S	28345	32	s	1357341175349.553955
planetlab1.cs.uiuc.edu_planet5.cs.ucsb.edu_80247 5	335642.333008	335269.730000	0.125000	0.009000	335642.333008	S	28346	32	s	1357341175351.604004
planetlab1.cs.uiuc.edu_planet5.cs.ucsb.edu_80253 5	335689.723145	335317.319000	0.240000	0.012000	335689.723145	S	28347	32	s	1357341175399.009033
planetlab1.cs.uiuc.edu_planet5.cs.ucsb.edu_80255 5	335691.897949	335327.054000	0.155000	0.011000	335691.897949	S	28351	32	s	1357341175401.260010
planetlab1.cs.uiuc.edu_planet5.cs.ucsb.edu_80257 5	335694.772949	335331.428000	0.150000	0.010000	335694.772949	S	28359	32	s	1357341175404.259033
planetlab1.cs.uiuc.edu_planet5.cs.ucsb.edu_80261 5	335694.034912	335331.313000	0.161000	0.010000	335694.034912	S	28411	32	s	1357341175404.399902
planetlab1.cs.uiuc.edu_planet5.cs.ucsb.edu_80264 5	335702.531982	335227.757000	0.154000	0.009000	335702.531982	S	28435	32	s	1357341175413.279053
planetlab1.cs.uiuc.edu_planet5.cs.ucsb.edu_80316 5	335885.518799	335522.061000	0.225000	0.007000	335885.518799	S	28603	32	s	1357341175599.076904
aguila1.lsi.upc.edu_planet5.cs.ucsb.edu_17259 9	351690.517090	348796.655000	0.167000	0.020000	351690.517090	S	28244	352	s	1357341191398.195068
aguila1.lsi.upc.edu_planet5.cs.ucsb.edu_17286 9	352215.571045	348867.035000	0.205000	0.036000	352215.571045	S	28350	352	s	1357341191924.916992
aguila1.lsi.upc.edu_planet5.cs.ucsb.edu_17312 9	353510.914795	347856.156000	0.195000	0.026000	353510.914795	S	28544	352	s	1357341193223.504883
aguila1.lsi.upc.edu_planet5.cs.ucsb.edu_17333 9	354924.114014	349281.077000	0.261000	0.038000	354924.114014	S	28363	352	s	1357341194633.669922
planetlab1.cs.uiuc.edu_planet5.cs.ucsb.edu_99849 9	395649.822021	395111.291000	0.244000	0.046000	395649.822021	S	27944	32	s	1357341235351.662109
planetlab1.cs.uiuc.edu_planet5.cs.ucsb.edu_99851 9	395648.586182	394986.665000	0.226000	0.018000	395648.586182	S	27976	32	s	1357341235351.820068
planetlab1.cs.uiuc.edu_planet5.cs.ucsb.edu_99861 9	395689.492188	395148.257000	0.258000	0.019000	395689.492188	S	28040	32	s	1357341235393.808105
planetlab1.cs.uiuc.edu_planet5.cs.ucsb.edu_100255 9	396539.823975	396001.497000	0.274000	0.019000	396539.823975	S	28424	32	s	1357341236250.395020
roam2.cs.ou.edu_planet5.cs.ucsb.edu_72892 9	847116.283203	846476.656000	0.170000	0.013000	847116.283203	S	28014	16	s	1357341686820.193115
roam2.cs.ou.edu_planet5.cs.ucsb.edu_73191 9	851326.184082	850688.723000	0.160000	0.009000	851326.184082	S	28102	16	s	1357341691031.457031
roam2.cs.ou.edu_planet5.cs.ucsb.edu_73636 9	852822.091797	852182.290000	1.723000	0.026000	852822.091797	S	28174	16	s	1357341692528.482910
roam2.cs.ou.edu_planet5.cs.ucsb.edu_73747 9	853161.946045	852524.172000	0.251000	0.016000	853161.946045	S	28187	16	s	1357341692868.541016
roam2.cs.ou.edu_planet5.cs.ucsb.edu_73788 9	853325.985107	849689.570000	0.172000	0.014000	853325.985107	S	28198	16	s	1357341693032.924072
roam2.cs.ou.edu_planet5.cs.ucsb.edu_73797 9	853347.525146	852712.731000	0.168000	0.013000	853347.525146	S	28202	16	s	1357341693054.528076
roam2.cs.ou.edu_planet5.cs.ucsb.edu_73819 9	853408.210205	852772.011000	0.191000	0.014000	853408.210205	S	28204	16	s	1357341693115.245117
roam2.cs.ou.edu_planet5.cs.ucsb.edu_73823 9	853418.343018	852781.344000	0.210000	0.016000	853418.343018	S	28206	16	s	1357341693125.407959
roam2.cs.ou.edu_planet5.cs.ucsb.edu_73825 9	853422.290771	852787.929000	0.143000	0.015000	853422.290771	S	28207	16	s	1357341693129.379883
roam2.cs.ou.edu_planet5.cs.ucsb.edu_73880 9	853661.465088	853025.466000	0.167000	0.013000	853661.465088	S	28222	16	s	1357341693368.808105
roam2.cs.ou.edu_planet5.cs.ucsb.edu_73914 9	853746.869873	853111.517000	0.185000	0.012000	853746.869873	S	28230	16	s	1357341693454.333984
roam2.cs.ou.edu_planet5.cs.ucsb.edu_73942 9	853828.027100	853191.247000	0.217000	0.013000	853828.027100	S	28234	16	s	1357341693535.559082
roam2.cs.ou.edu_planet5.cs.ucsb.edu_73950 9	853842.322998	853206.364000	0.326000	0.016000	853842.322998	S	28236	16	s	1357341693549.885010
roam2.cs.ou.edu_planet5.cs.ucsb.edu_73960 9	853875.175049	853234.816000	0.158000	0.017000	853875.175049	S	28238	16	s	1357341693582.766113
roam2.cs.ou.edu_planet5.cs.ucsb.edu_73962 9	853876.960938	853240.504000	0.174000	0.051000	853876.960938	S	28239	16	s	1357341693584.566895
roam2.cs.ou.edu_planet5.cs.ucsb.edu_74020 9	854046.160889	850317.065000	0.308000	0.015000	854046.160889	S	28254	16	s	1357341693753.992920
roam2.cs.ou.edu_planet5.cs.ucsb.edu_74106 9	854509.110107	850875.014000	0.170000	0.020000	854509.110107	S	28258	16	s	1357341694217.007080
roam2.cs.ou.edu_planet5.cs.ucsb.edu_74114 9	854556.647949	853922.032000	0.174000	0.014000	854556.647949	S	28260	16	s	1357341694264.575928
roam2.cs.ou.edu_planet5.cs.ucsb.edu_74123 9	854592.225098	853956.610000	0.188000	0.019000	854592.225098	S	28262	16	s	1357341694300.183105
roam2.cs.ou.edu_planet5.cs.ucsb.edu_74136 9	854639.502197	854002.157000	0.191000	0.017000	854639.502197	S	28263	16	s	1357341694347.475098
roam2.cs.ou.edu_planet5.cs.ucsb.edu_74143 9	854686.998047	854051.322000	0.170000	0.015000	854686.998047	S	28264	16	s	1357341694394.987061
roam2.cs.ou.edu_planet5.cs.ucsb.edu_74154 9	854730.882812	854092.154000	0.232000	0.015000	854730.882812	S	28266	16	s	1357341694438.900879
roam2.cs.ou.edu_planet5.cs.ucsb.edu_74164 9	854781.342041	854142.516000	0.368000	0.013000	854781.342041	S	28267	16	s	1357341694489.375000
roam2.cs.ou.edu_planet5.cs.ucsb.edu_74169 9	854789.492920	854152.635000	0.156000	0.014000	854789.492920	S	28268	16	s	1357341694497.541016
roam2.cs.ou.edu_planet5.cs.ucsb.edu_74171 9	854808.312012	854172.556000	0.156000	0.015000	854808.312012	S	28269	16	s	1357341694516.375000
roam2.cs.ou.edu_planet5.cs.ucsb.edu_74174 9	854835.590820	854202.251000	0.148000	0.013000	854835.590820	S	28270	16	s	1357341694543.670898
roam2.cs.ou.edu_planet5.cs.ucsb.edu_74195 9	854960.081055	854322.466000	0.362000	0.016000	854960.081055	S	28271	16	s	1357341694668.176025
roam2.cs.ou.edu_planet5.cs.ucsb.edu_74223 9	855110.398926	854469.954000	0.223000	0.015000	855110.398926	S	28278	16	s	1357341694818.608887
roam2.cs.ou.edu_planet5.cs.ucsb.edu_74277 9	855361.113037	854723.367000	0.227000	0.011000	855361.113037	S	28282	16	s	1357341695069.384033
roam2.cs.ou.edu_planet5.cs.ucsb.edu_74282 9	855408.594971	854769.830000	0.192000	0.016000	855408.594971	S	28284	16	s	1357341695116.903076
roam2.cs.ou.edu_planet5.cs.ucsb.edu_74285 9	855433.955078	854801.300000	0.199000	0.011000	855433.955078	S	28286	16	s	1357341695142.301025
roam2.cs.ou.edu_planet5.cs.ucsb.edu_74303 9	855502.666992	854866.015000	0.145000	0.014000	855502.666992	S	28287	16	s	1357341695211.027100
roam2.cs.ou.edu_planet5.cs.ucsb.edu_74336 9	855629.981934	851992.916000	0.165000	0.019000	855629.981934	S	28292	16	s	1357341695338.416992
roam2.cs.ou.edu_planet5.cs.ucsb.edu_74387 9	855859.960938	855192.834000	0.178000	0.016000	855859.960938	S	28334	16	s	1357341695569.042969
roam2.cs.ou.edu_planet5.cs.ucsb.edu_74407 9	856024.079102	855375.908000	0.170000	0.013000	856024.079102	S	28390	16	s	1357341695734.083984
roam2.cs.ou.edu_planet5.cs.ucsb.edu_74415 9	856080.440186	855440.269000	0.179000	0.011000	856080.440186	S	28394	16	s	1357341695790.518066
roam2.cs.ou.edu_planet5.cs.ucsb.edu_74418 9	856098.639893	855463.963000	0.183000	0.012000	856098.639893	S	28396	16	s	1357341695808.750977
roam2.cs.ou.edu_planet5.cs.ucsb.edu_74423 9	856127.677002	855492.913000	0.153000	0.013000	856127.677002	S	28398	16	s	1357341695837.819092
roam2.cs.ou.edu_planet5.cs.ucsb.edu_74425 9	856130.876953	855496.355000	0.161000	0.013000	856130.876953	S	28399	16	s	1357341695841.034912
roam2.cs.ou.edu_planet5.cs.ucsb.edu_74429 9	856160.804932	855528.057000	0.180000	0.016000	856160.804932	S	28401	16	s	1357341695871.000977
roam2.cs.ou.edu_planet5.cs.ucsb.edu_74438 9	856219.347168	855585.803000	0.334000	0.020000	856219.347168	S	28414	16	s	1357341695929.766113
roam2.cs.ou.edu_planet5.cs.ucsb.edu_74456 9	856347.193115	855710.161000	0.292000	0.014000	856347.193115	S	28453	16	s	1357341696058.229004
roam2.cs.ou.edu_planet5.cs.ucsb.edu_74457 9	856354.611816	855717.153000	0.228000	0.014000	856354.611816	S	28462	16	s	1357341696065.784912
roam2.cs.ou.edu_planet5.cs.ucsb.edu_74468 9	856444.741943	855810.369000	0.242000	0.015000	856444.741943	S	28494	16	s	1357341696156.529053
roam2.cs.ou.edu_planet5.cs.ucsb.edu_74474 9	856490.208008	855856.496000	0.165000	0.016000	856490.208008	S	28496	16	s	1357341696202.024902
roam2.cs.ou.edu_planet5.cs.ucsb.edu_74479 9	856520.299072	855885.794000	0.178000	0.012000	856520.299072	S	28518	16	s	1357341696232.466064
roam2.cs.ou.edu_planet5.cs.ucsb.edu_74483 9	856535.981934	855866.064000	0.146000	0.011000	856535.981934	S	28522	16	s	1357341696248.212891
roam2.cs.ou.edu_planet5.cs.ucsb.edu_74579 9	856996.450928	853177.739000	0.291000	0.017000	856996.450928	S	28524	16	s	1357341696708.711914
roam2.cs.ou.edu_planet5.cs.ucsb.edu_74582 9	857014.825928	853203.704000	0.284000	0.013000	857014.825928	S	28526	16	s	1357341696727.116943
roam2.cs.ou.edu_planet5.cs.ucsb.edu_74585 9	857031.620117	853225.005000	0.187000	0.014000	857031.620117	S	28527	16	s	1357341696743.927002
roam2.cs.ou.edu_planet5.cs.ucsb.edu_74597 9	857078.778809	856444.249000	0.179000	0.015000	857078.778809	S	28542	16	s	1357341696791.336914
roam2.cs.ou.edu_planet5.cs.ucsb.edu_74614 9	857145.312988	856509.781000	0.248000	0.013000	857145.312988	S	28602	16	s	1357341696858.854980
roam2.cs.ou.edu_planet5.cs.ucsb.edu_74633 9	857221.423096	856587.733000	0.170000	0.013000	857221.423096	S	28654	16	s	1357341696935.861084
roam2.cs.ou.edu_planet5.cs.ucsb.edu_74814 9	860855.344971	857220.752000	0.187000	0.014000	860855.344971	S	28366	16	s	1357341700564.947998
aguila2.lsi.upc.edu_planet5.cs.ucsb.edu_7739 2	879414.710938	878778.191000	0.065000	0.006000	879414.710938	S	28010	384	s	1357341719118.562012
aguila2.lsi.upc.edu_planet5.cs.ucsb.edu_7795 2	885288.288086	884596.648000	0.117000	0.008000	885288.288086	S	28074	384	s	1357341724993.135010
aguila2.lsi.upc.edu_planet5.cs.ucsb.edu_7861 2	890514.831055	889743.331000	0.057000	0.005000	890514.831055	S	28106	384	s	1357341730220.175049
aguila2.lsi.upc.edu_planet5.cs.ucsb.edu_7898 2	893339.968018	892741.693000	0.053000	0.006000	893339.968018	S	28130	384	s	1357341733045.674072
aguila2.lsi.upc.edu_planet5.cs.ucsb.edu_7904 2	893678.597900	893055.627000	0.083000	0.006000	893678.597900	S	28136	384	s	1357341733384.398926
aguila2.lsi.upc.edu_planet5.cs.ucsb.edu_7906 2	893780.003906	893180.312000	0.066000	0.004000	893780.003906	S	28138	384	s	1357341733485.834961
aguila2.lsi.upc.edu_planet5.cs.ucsb.edu_7909 2	893877.018066	893278.536000	0.053000	0.005000	893877.018066	S	28139	384	s	1357341733582.863037
aguila2.lsi.upc.edu_planet5.cs.ucsb.edu_7922 2	894942.086182	894302.869000	0.050000	0.006000	894942.086182	S	28142	384	s	1357341734647.974121
