planetlab1.cs.unc.edu_planetlab1.cs.unc.edu_23318 0	73.300049	72.994000	0.017000	0.000000	73.300049	S	17666	512	s	1357340838112.689941
planetlab1.temple.edu_planetlab1.cs.unc.edu_21172 2	99.954834	24.395000	0.074000	0.015000	99.954834	S	17646	1024	s	1357340838139.001953
planetlab1.temple.edu_planetlab1.cs.unc.edu_21181 2	120.782959	53.448000	0.082000	0.016000	120.782959	S	17654	1024	s	1357340838159.959961
planetlab1.cs.unc.edu_planetlab1.cs.unc.edu_23340 0	126.952881	126.796000	0.013000	0.000000	126.952881	S	17687	512	s	1357340838166.722900
planetlab1.temple.edu_planetlab1.cs.unc.edu_21183 2	127.923096	58.331000	1.133000	0.015000	127.923096	S	17658	1024	s	1357340838167.164062
planetlab1.temple.edu_planetlab1.cs.unc.edu_21185 2	130.167969	61.603000	0.078000	0.011000	130.167969	S	17660	1024	s	1357340838169.440918
planetlab1.temple.edu_planetlab1.cs.unc.edu_21187 2	140.489990	71.138000	0.108000	0.016000	140.489990	S	17662	1024	s	1357340838179.820068
planetlab1.cs.unc.edu_planetlab1.cs.unc.edu_23346 0	140.068115	139.922000	0.011000	0.000000	140.068115	S	17692	512	s	1357340838179.922119
planetlab1.temple.edu_planetlab1.cs.unc.edu_21189 2	143.644043	72.411000	0.075000	0.010000	143.644043	S	17663	1024	s	1357340838182.989014
planetlab1.cs.unc.edu_planetlab1.cs.unc.edu_23351 0	155.740967	155.596000	0.012000	0.000000	155.740967	S	17696	512	s	1357340838195.674072
planetlab1.cs.unc.edu_planetlab1.cs.unc.edu_23354 0	160.199951	159.833000	0.013000	0.000000	160.199951	S	17698	512	s	1357340838200.166016
planetlab1.cs.unc.edu_planetlab1.cs.unc.edu_23356 0	160.307129	159.959000	0.010000	0.000000	160.307129	S	17699	512	s	1357340838200.291016
planetlab1.cs.unc.edu_planetlab1.cs.unc.edu_23360 0	162.774902	162.516000	0.011000	0.000000	162.774902	S	17702	512	s	1357340838202.806885
planetlab1.cs.unc.edu_planetlab1.cs.unc.edu_23365 0	178.479004	178.206000	0.012000	0.000000	178.479004	S	17706	512	s	1357340838218.698975
planetlab1.cs.unc.edu_planetlab1.cs.unc.edu_23374 0	201.091064	200.700000	0.013000	0.000000	201.091064	S	17714	512	s	1357340838241.437012
planetlab1.temple.edu_planetlab1.cs.unc.edu_21203 2	210.316895	125.583000	0.122000	0.011000	210.316895	S	17684	1024	s	1357340838250.033936
nodea.howard.edu_planetlab1.cs.unc.edu_2429 1	217.299072	162.647000	0.040000	0.001000	217.299072	S	17703	3072	s	1357340838257.364014
planetlab1.cs.unc.edu_planetlab1.cs.unc.edu_23398 0	254.722168	254.254000	0.013000	0.000000	254.722168	S	17735	512	s	1357340838296.206055
planetlab1.cs.unc.edu_planetlab1.cs.unc.edu_23400 0	254.807129	254.150000	0.011000	0.000000	254.807129	S	17736	512	s	1357340838296.309082
planetlab1.cs.unc.edu_planetlab1.cs.unc.edu_23412 0	279.139160	278.809000	0.012000	0.000000	279.139160	S	17747	512	s	1357340838320.808105
planetlab1.cs.unc.edu_planetlab1.cs.unc.edu_23415 0	283.142090	282.991000	0.011000	0.000000	283.142090	S	17749	512	s	1357340838324.842041
planetlab1.cs.unc.edu_planetlab1.cs.unc.edu_23417 0	283.209961	283.011000	0.010000	0.000000	283.209961	S	17750	512	s	1357340838324.927002
planetlab1.cs.unc.edu_planetlab1.cs.unc.edu_23419 0	283.380859	283.012000	0.013000	0.000000	283.380859	S	17751	512	s	1357340838325.115967
planetlab1.cs.unc.edu_planetlab1.cs.unc.edu_23428 0	301.396973	300.762000	0.020000	0.000000	301.396973	S	17759	512	s	1357340838343.272949
planetlab1.cs.unc.edu_planetlab1.cs.unc.edu_23432 0	305.752930	305.578000	0.010000	0.000000	305.752930	S	17762	512	s	1357340838347.691895
planetlab1.temple.edu_planetlab1.cs.unc.edu_21221 2	311.648193	228.579000	0.079000	0.013000	311.648193	S	17726	1024	s	1357340838352.507080
planetlab1.cs.unc.edu_planetlab1.cs.unc.edu_23454 0	364.893066	364.654000	0.014000	0.000000	364.893066	S	17783	512	s	1357340838407.176025
planetlab1.temple.edu_planetlab1.cs.unc.edu_21241 2	388.250000	270.607000	0.067000	0.012000	388.250000	S	17741	1024	s	1357340838429.831055
planetlab1.temple.edu_planetlab1.cs.unc.edu_21248 2	397.931152	309.448000	0.073000	0.011000	397.931152	S	17761	1024	s	1357340838439.852051
planetlab1.cs.unc.edu_planetlab1.cs.unc.edu_23472 0	410.625977	410.324000	0.015000	0.000000	410.625977	S	17800	512	s	1357340838453.198975
planetlab1.temple.edu_planetlab1.cs.unc.edu_21252 2	413.005127	315.525000	0.074000	0.007000	413.005127	S	17758	1024	s	1357340838454.864014
planetlab1.cis.upenn.edu_planetlab1.cs.unc.edu_3639 1	440.874023	335.334000	0.033000	0.002000	440.874023	S	17773	2560	s	1357340838482.992920
planetlab1.temple.edu_planetlab1.cs.unc.edu_21271 2	450.224854	366.625000	0.660000	0.008000	450.224854	S	17774	1024	s	1357340838492.357910
planetlab1.temple.edu_planetlab1.cs.unc.edu_21281 2	456.597900	376.013000	0.073000	0.006000	456.597900	S	17782	1024	s	1357340838498.858887
planetlab1.temple.edu_planetlab1.cs.unc.edu_21290 2	471.729004	383.961000	0.084000	0.006000	471.729004	S	17788	1024	s	1357340838514.104980
planetlab1.temple.edu_planetlab1.cs.unc.edu_21292 2	476.954102	392.724000	0.071000	0.025000	476.954102	S	17786	1024	s	1357340838519.290039
planetlab1.temple.edu_planetlab1.cs.unc.edu_21291 2	476.974121	387.735000	0.036000	0.011000	476.974121	S	17790	1024	s	1357340838519.384033
planetlab1.temple.edu_planetlab1.cs.unc.edu_21294 2	478.250977	401.889000	0.068000	0.011000	478.250977	S	17791	1024	s	1357340838520.679932
planetlab1.cs.unc.edu_planetlab1.cs.unc.edu_23499 0	501.416992	501.191000	0.013000	0.000000	501.416992	S	17826	512	s	1357340838544.541992
planetlab1.temple.edu_planetlab1.cs.unc.edu_21313 2	511.974121	434.115000	0.079000	0.014000	511.974121	S	17803	1024	s	1357340838554.716064
planetlab1.cs.unc.edu_planetlab1.cs.unc.edu_23513 0	539.965088	539.710000	0.018000	0.000000	539.965088	S	17839	512	s	1357340838583.320068
planetlab1.cs.unc.edu_planetlab1.cs.unc.edu_23519 0	547.805176	547.429000	0.012000	0.000000	547.805176	S	17844	512	s	1357340838591.245117
planetlab1.temple.edu_planetlab1.cs.unc.edu_21347 2	569.699951	485.170000	0.077000	0.012000	569.699951	S	17822	1024	s	1357340838612.758057
planetlab1.cs.unc.edu_planetlab1.cs.unc.edu_23532 0	574.812988	574.070000	0.012000	0.000000	574.812988	S	17856	512	s	1357340838618.440918
planetlab1.cs.unc.edu_planetlab1.cs.unc.edu_23541 0	592.885986	592.597000	0.011000	0.000000	592.885986	S	17864	512	s	1357340838636.636963
planetlab1.cs.unc.edu_planetlab1.cs.unc.edu_23543 0	593.125977	592.805000	0.011000	0.000000	593.125977	S	17865	512	s	1357340838636.894043
planetlab1.cs.unc.edu_planetlab1.cs.unc.edu_23545 0	593.656982	593.318000	0.194000	0.000000	593.656982	S	17866	512	s	1357340838637.444092
planetlab1.cs.unc.edu_planetlab1.cs.unc.edu_23550 0	598.222900	597.391000	0.130000	0.000000	598.222900	S	17868	512	s	1357340838642.232910
planetlab1.cs.unc.edu_planetlab1.cs.unc.edu_23562 0	628.215088	627.853000	0.055000	0.000000	628.215088	S	17879	512	s	1357340838672.521973
planetlab1.cs.unc.edu_planetlab1.cs.unc.edu_23564 0	628.247070	627.980000	0.011000	0.000000	628.247070	S	17880	512	s	1357340838672.614990
planetlab1.temple.edu_planetlab1.cs.unc.edu_21373 2	634.534180	539.850000	0.121000	0.013000	634.534180	S	17838	1024	s	1357340838677.871094
planetlab1.temple.edu_planetlab1.cs.unc.edu_21375 2	636.212158	563.840000	0.087000	0.015000	636.212158	S	17850	1024	s	1357340838679.745117
planetlab1.temple.edu_planetlab1.cs.unc.edu_21379 2	637.261963	562.633000	0.071000	0.005000	637.261963	S	17852	1024	s	1357340838680.825928
planetlab1.temple.edu_planetlab1.cs.unc.edu_21382 2	644.150146	553.180000	0.073000	0.007000	644.150146	S	17846	1024	s	1357340838687.622070
planetlab1.temple.edu_planetlab1.cs.unc.edu_21385 2	647.152100	571.222000	0.115000	0.006000	647.152100	S	17854	1024	s	1357340838690.746094
planetlab1.temple.edu_planetlab1.cs.unc.edu_21386 2	654.791992	582.700000	0.071000	0.013000	654.791992	S	17855	1024	s	1357340838698.400879
planetlab2.acis.ufl.edu_planetlab1.cs.unc.edu_4487 9	667.848145	157.056000	0.207000	0.024000	667.848145	S	17683	1152	s	1357340838707.550049
planetlab1.cs.unc.edu_planetlab1.cs.unc.edu_23581 0	672.876953	672.710000	0.019000	0.000000	672.876953	S	17896	512	s	1357340838717.497070
planetlab1.temple.edu_planetlab1.cs.unc.edu_21404 2	680.328857	606.163000	0.167000	0.007000	680.328857	S	17870	1024	s	1357340838724.493896
planetlab1.temple.edu_planetlab1.cs.unc.edu_21415 2	701.140869	627.768000	0.081000	0.007000	701.140869	S	17878	1024	s	1357340838745.431885
nodeb.howard.edu_planetlab1.cs.unc.edu_4023 1	704.368164	649.781000	0.054000	0.238000	704.368164	S	17888	2304	s	1357340838748.861084
planetlab1.temple.edu_planetlab1.cs.unc.edu_21421 2	713.295898	640.382000	0.081000	0.008000	713.295898	S	17882	1024	s	1357340838757.697998
planetlab1.temple.edu_planetlab1.cs.unc.edu_21428 2	720.156982	642.251000	0.082000	0.014000	720.156982	S	17884	1024	s	1357340838764.590088
dplanet1.uoc.edu_planetlab1.cs.unc.edu_1386 4	728.464111	90.031000	0.194000	0.013000	728.464111	S	17672	3136	s	1357340838767.957031
planetlab1.temple.edu_planetlab1.cs.unc.edu_21443 2	745.651855	662.184000	0.083000	0.013000	745.651855	S	17887	1024	s	1357340838790.129883
planetlab1.temple.edu_planetlab1.cs.unc.edu_21444 2	746.555176	663.804000	0.065000	0.015000	746.555176	S	17886	1024	s	1357340838791.017090
planetlab1.cs.unc.edu_planetlab1.cs.unc.edu_23613 0	759.419922	759.156000	0.011000	0.000000	759.419922	S	17927	512	s	1357340838804.555908
planetlab1.temple.edu_planetlab1.cs.unc.edu_21459 2	784.535156	681.680000	0.174000	0.015000	784.535156	S	17894	1024	s	1357340838829.123047
planetlab1.temple.edu_planetlab1.cs.unc.edu_21464 2	792.588867	689.938000	0.064000	0.013000	792.588867	S	17900	1024	s	1357340838837.273926
planetlab1.temple.edu_planetlab1.cs.unc.edu_21466 2	796.214844	685.136000	0.085000	0.015000	796.214844	S	17898	1024	s	1357340838840.868896
planetlab1.temple.edu_planetlab1.cs.unc.edu_21478 2	817.156006	709.866000	0.035000	0.011000	817.156006	S	17902	1024	s	1357340838861.877930
planetlab1.temple.edu_planetlab1.cs.unc.edu_21482 2	818.305908	703.713000	0.131000	0.010000	818.305908	S	17903	1024	s	1357340838863.051025
planetlab1.cs.unc.edu_planetlab1.cs.unc.edu_23635 0	837.958008	837.294000	0.013000	0.000000	837.958008	S	17948	512	s	1357340838883.417969
planetlab1.temple.edu_planetlab1.cs.unc.edu_21498 2	848.816895	712.800000	0.046000	0.008000	848.816895	S	17908	1024	s	1357340838893.638916
planetlab1.temple.edu_planetlab1.cs.unc.edu_21499 2	850.253906	714.871000	0.070000	0.007000	850.253906	S	17906	1024	s	1357340838895.044922
planetlab1.temple.edu_planetlab1.cs.unc.edu_21516 2	871.461914	741.147000	0.043000	0.009000	871.461914	S	17915	1024	s	1357340838916.406982
planetlab1.temple.edu_planetlab1.cs.unc.edu_21512 2	871.656982	723.465000	5.049000	0.154000	871.656982	S	17910	1024	s	1357340838916.510010
planetlab1.temple.edu_planetlab1.cs.unc.edu_21513 2	871.718018	735.461000	0.057000	0.013000	871.718018	S	17912	1024	s	1357340838916.603027
planetlab1.temple.edu_planetlab1.cs.unc.edu_21511 2	874.597168	729.404000	0.117000	0.010000	874.597168	S	17911	1024	s	1357340838919.466064
planetlab1.temple.edu_planetlab1.cs.unc.edu_21530 2	901.754150	752.093000	0.114000	2.224000	901.754150	S	17914	1024	s	1357340838946.683105
planetlab1.temple.edu_planetlab1.cs.unc.edu_21527 2	902.541992	764.250000	0.213000	0.015000	902.541992	S	17917	1024	s	1357340838947.520020
planetlab1.temple.edu_planetlab1.cs.unc.edu_21528 2	905.157959	757.014000	0.042000	0.012000	905.157959	S	17916	1024	s	1357340838950.118896
planetlab1.temple.edu_planetlab1.cs.unc.edu_21536 2	911.222900	777.120000	0.040000	0.014000	911.222900	S	17919	1024	s	1357340838956.232910
planetlab1.temple.edu_planetlab1.cs.unc.edu_21541 2	922.182129	776.572000	0.041000	0.009000	922.182129	S	17918	1024	s	1357340838967.176025
planetlab2.acis.ufl.edu_planetlab1.cs.unc.edu_4571 9	1034.798828	529.413000	0.182000	0.018000	1034.798828	S	17824	1152	s	1357340839077.888916
plgmu2.ite.gmu.edu_planetlab1.cs.unc.edu_2802 1	1066.333984	995.312000	0.071000	0.002000	1066.333984	S	17983	1536	s	1357340839112.365967
plgmu2.ite.gmu.edu_planetlab1.cs.unc.edu_2808 1	1124.244873	1049.157000	0.071000	0.006000	1124.244873	S	17994	1536	s	1357340839170.440918
planetlab1.temple.edu_planetlab1.cs.unc.edu_21673 2	1259.642822	1120.576000	0.124000	0.007000	1259.642822	S	17997	1024	s	1357340839305.889893
planetlab1.temple.edu_planetlab1.cs.unc.edu_21674 2	1260.924072	1154.208000	0.044000	0.013000	1260.924072	S	18006	1024	s	1357340839307.318115
planetlab6.csail.mit.edu_planetlab1.cs.unc.edu_15339 9	1303.041016	1004.203000	0.256000	0.047000	1303.041016	S	17944	1056	s	1357340839348.435059
planetlab2.acis.ufl.edu_planetlab1.cs.unc.edu_4613 9	1437.771973	810.281000	0.215000	0.027000	1437.771973	S	17939	1152	s	1357340839483.091064
planetlab1.cis.upenn.edu_planetlab1.cs.unc.edu_3741 1	1522.147949	1335.419000	0.037000	0.006000	1522.147949	S	18029	2560	s	1357340839568.895996
osiris.planetlab.cs.umd.edu_planetlab1.cs.unc.edu_1543 2	1549.933838	1385.299000	0.053000	0.003000	1549.933838	S	18048	2688	s	1357340839596.971924
planetlab5.millennium.berkeley.edu_planetlab1.cs.unc.edu_5043 9	1585.065918	485.202000	0.202000	0.033000	1585.065918	F	17730	1280	s	1357340839626.461914
planetlab5.millennium.berkeley.edu_planetlab1.cs.unc.edu_5106 9	2164.844971	1008.574000	0.213000	0.025000	2164.844971	S	17924	1280	s	1357340840209.936035
planetlab5.millennium.berkeley.edu_planetlab1.cs.unc.edu_5124 9	2269.852051	1131.418000	0.253000	0.029000	2269.852051	S	17952	1280	s	1357340840315.377930
planetlab5.millennium.berkeley.edu_planetlab1.cs.unc.edu_5127 9	2286.855957	1129.091000	0.229000	0.028000	2286.855957	S	17957	1280	s	1357340840332.462891
planetlab5.millennium.berkeley.edu_planetlab1.cs.unc.edu_5132 9	2330.605957	1192.948000	0.215000	0.019000	2330.605957	S	17964	1280	s	1357340840376.324951
planetlab5.millennium.berkeley.edu_planetlab1.cs.unc.edu_5134 9	2345.774902	1167.440000	0.170000	0.028000	2345.774902	S	17956	1280	s	1357340840391.365967
planetlab5.millennium.berkeley.edu_planetlab1.cs.unc.edu_5138 9	2363.487061	1212.576000	0.220000	0.036000	2363.487061	S	17958	1280	s	1357340840409.110107
planetlab5.millennium.berkeley.edu_planetlab1.cs.unc.edu_5147 9	2475.158936	1326.699000	0.230000	0.040000	2475.158936	S	17972	1280	s	1357340840521.001953
planetlab5.millennium.berkeley.edu_planetlab1.cs.unc.edu_5153 9	2510.008057	1367.534000	0.231000	0.028000	2510.008057	S	18020	1280	s	1357340840556.614990
planetlab1.georgetown.edu_planetlab1.cs.unc.edu_7781 1	2581.093018	2545.360000	0.028000	0.003000	2581.093018	S	17819	576	s	1357340840624.100098
planetlab1.georgetown.edu_planetlab1.cs.unc.edu_7830 1	2634.956055	2599.240000	0.028000	0.002000	2634.956055	S	17960	576	s	1357340840680.611084
planetlab2.cs.unc.edu_planetlab1.cs.unc.edu_9547 1	2976.038818	2974.890000	0.135000	0.002000	2976.038818	S	17756	2080	s	1357340841017.856934
planetlab-01.bu.edu_planetlab1.cs.unc.edu_5664 1	3938.562012	3860.686000	0.034000	0.002000	3938.562012	S	17905	640	s	1357340841983.337891
planetlab-01.bu.edu_planetlab1.cs.unc.edu_5685 1	3962.860107	3884.667000	0.035000	0.002000	3962.860107	S	18009	640	s	1357340842009.299072
pluto.cs.brown.edu_planetlab1.cs.unc.edu_5200 2	3962.982178	3890.406000	0.053000	0.004000	3962.982178	S	18038	704	s	1357340842009.860107
planetlab1.georgetown.edu_planetlab1.cs.unc.edu_8253 1	4367.183838	4331.704000	0.029000	0.002000	4367.183838	S	18075	576	s	1357340842414.639893
planetlab1.cs.unc.edu_planetlab1.cs.unc.edu_23788 0	4404.541992	4404.364000	0.017000	0.000000	4404.541992	S	18100	512	s	1357340842452.355957
nodea.howard.edu_planetlab1.cs.unc.edu_2781 5	4595.911865	4276.722000	0.152000	0.011000	4595.911865	S	18063	3072	s	1357340842643.178955
planetlab1.cs.unc.edu_planetlab1.cs.unc.edu_23899 0	4754.610840	4754.257000	0.012000	0.000000	4754.610840	S	18210	512	s	1357340842804.233887
planetlab1.georgetown.edu_planetlab1.cs.unc.edu_8319 1	4767.076172	4729.354000	0.032000	0.002000	4767.076172	S	18203	576	s	1357340842816.570068
planetlab1.cis.upenn.edu_planetlab1.cs.unc.edu_4001 1	4777.336182	4552.305000	0.026000	0.003000	4777.336182	S	18142	2560	s	1357340842825.789062
planetlab1.cs.unc.edu_planetlab1.cs.unc.edu_23920 0	4829.596924	4829.185000	0.017000	0.000000	4829.596924	S	18228	512	s	1357340842879.773926
planetlab1.cs.unc.edu_planetlab1.cs.unc.edu_23956 0	4940.031982	4939.065000	0.011000	0.000000	4940.031982	S	18263	512	s	1357340842990.747070
planetlab4.wail.wisc.edu_planetlab1.cs.unc.edu_16777 1	5085.118896	4990.781000	0.155000	0.012000	5085.118896	S	17834	96	s	1357340843128.385986
planetlab1.cis.upenn.edu_planetlab1.cs.unc.edu_4033 1	5105.258057	4867.766000	0.020000	0.002000	5105.258057	S	18221	2560	s	1357340843155.121094
planetlab1.cis.upenn.edu_planetlab1.cs.unc.edu_4042 1	5145.290039	4931.691000	0.038000	0.002000	5145.290039	S	18253	2560	s	1357340843195.854004
planetlab1.cs.unc.edu_planetlab1.cs.unc.edu_24018 0	5177.475830	5177.075000	0.013000	0.000000	5177.475830	S	18324	512	s	1357340843229.095947
planetlab1.georgetown.edu_planetlab1.cs.unc.edu_8379 1	5184.044922	5148.009000	0.029000	0.003000	5184.044922	S	18315	576	s	1357340843235.534912
planetlab1.georgetown.edu_planetlab1.cs.unc.edu_8385 1	5207.157959	5171.931000	0.029000	0.003000	5207.157959	S	18323	576	s	1357340843258.763916
planetlab1.georgetown.edu_planetlab1.cs.unc.edu_8391 1	5229.695068	5189.789000	0.028000	0.001000	5229.695068	S	18329	576	s	1357340843281.393066
planetlab1.cs.unc.edu_planetlab1.cs.unc.edu_24035 0	5230.456055	5230.208000	0.015000	0.000000	5230.456055	S	18340	512	s	1357340843282.635010
planetlab1.georgetown.edu_planetlab1.cs.unc.edu_8393 1	5232.274170	5195.565000	0.025000	0.003000	5232.274170	S	18330	576	s	1357340843283.986084
planetlab1.georgetown.edu_planetlab1.cs.unc.edu_8395 1	5232.548828	5196.099000	0.023000	0.003000	5232.548828	S	18331	576	s	1357340843284.275879
planetlab1.georgetown.edu_planetlab1.cs.unc.edu_8399 1	5242.700928	5207.364000	0.030000	0.001000	5242.700928	S	18335	576	s	1357340843294.490967
planetlab1.cs.unc.edu_planetlab1.cs.unc.edu_24048 0	5277.070068	5276.907000	0.014000	0.000000	5277.070068	S	18352	512	s	1357340843329.580078
planetlab1.cs.unc.edu_planetlab1.cs.unc.edu_24053 0	5292.222900	5291.742000	0.011000	0.000000	5292.222900	S	18356	512	s	1357340843344.826904
planetlab1.cs.unc.edu_planetlab1.cs.unc.edu_24055 0	5292.389893	5292.049000	0.012000	0.000000	5292.389893	S	18357	512	s	1357340843345.010986
planetlab1.cs.unc.edu_planetlab1.cs.unc.edu_24057 0	5292.432861	5291.847000	0.302000	0.000000	5292.432861	S	18358	512	s	1357340843345.073975
nodea.howard.edu_planetlab1.cs.unc.edu_2830 5	5295.788086	4945.817000	0.149000	0.010000	5295.788086	S	18267	3072	s	1357340843346.561035
planetlab1.cs.unc.edu_planetlab1.cs.unc.edu_24064 0	5309.608154	5309.164000	0.012000	0.000000	5309.608154	S	18364	512	s	1357340843362.643066
planetlab1.georgetown.edu_planetlab1.cs.unc.edu_8413 1	5342.572021	5306.079000	0.035000	0.002000	5342.572021	S	18363	576	s	1357340843395.591064
plgmu2.ite.gmu.edu_planetlab1.cs.unc.edu_3760 1	5351.094971	5314.389000	0.151000	0.002000	5351.094971	S	18133	1536	s	1357340843399.410889
plgmu2.ite.gmu.edu_planetlab1.cs.unc.edu_3765 1	5357.449951	5320.872000	0.062000	0.002000	5357.449951	S	18177	1536	s	1357340843406.406982
planetlab1.cis.upenn.edu_planetlab1.cs.unc.edu_4062 1	5390.038818	5095.900000	0.025000	0.002000	5390.038818	S	18277	2560	s	1357340843440.972900
planetlab1.cis.upenn.edu_planetlab1.cs.unc.edu_4070 1	5456.572998	5164.815000	0.031000	0.004000	5456.572998	S	18284	2560	s	1357340843507.613037
planetlab1.cis.upenn.edu_planetlab1.cs.unc.edu_4066 1	5456.715820	5159.322000	0.030000	0.002000	5456.715820	S	18281	2560	s	1357340843507.712891
planetlab1.cis.upenn.edu_planetlab1.cs.unc.edu_4071 1	5469.688965	5194.852000	0.018000	0.003000	5469.688965	S	18285	2560	s	1357340843520.740967
planetlab1.cis.upenn.edu_planetlab1.cs.unc.edu_4072 1	5487.293945	5215.096000	0.017000	0.003000	5487.293945	S	18287	2560	s	1357340843538.375977
nodea.howard.edu_planetlab1.cs.unc.edu_2858 5	5574.333008	5277.428000	0.116000	0.008000	5574.333008	S	18353	3072	s	1357340843626.861084
planetlab1.cis.upenn.edu_planetlab1.cs.unc.edu_4086 1	5596.840820	5299.628000	0.032000	0.002000	5596.840820	S	18301	2560	s	1357340843648.128906
nodea.howard.edu_planetlab1.cs.unc.edu_2862 5	5596.189209	5328.253000	0.124000	0.012000	5596.189209	S	18372	3072	s	1357340843649.349121
planetlab-02.bu.edu_planetlab1.cs.unc.edu_12198 1	7085.291992	7003.556000	0.038000	0.002000	7085.291992	S	18209	192	s	1357340845134.895020
planetlab-01.cs.princeton.edu_planetlab1.cs.unc.edu_7802 9	8817.849121	8674.053000	1.449000	0.023000	8817.849121	S	17873	1088	s	1357340846862.059082
planetlab1.temple.edu_planetlab1.cs.unc.edu_23329 1	15873.524902	15804.564000	0.061000	0.002000	15873.524902	S	18205	1024	s	1357340853923.052979
planetlab1.temple.edu_planetlab1.cs.unc.edu_23468 2	16127.900879	16043.824000	0.091000	0.010000	16127.900879	S	18174	1024	s	1357340854176.813965
planetlab1.temple.edu_planetlab1.cs.unc.edu_23476 2	16142.330078	16073.304000	0.077000	0.007000	16142.330078	S	18280	1024	s	1357340854193.312012
planetlab1.temple.edu_planetlab1.cs.unc.edu_23479 2	16159.689941	16080.129000	0.129000	0.006000	16159.689941	S	18302	1024	s	1357340854210.990967
planetlab1.temple.edu_planetlab1.cs.unc.edu_23481 2	16163.383057	16083.016000	0.085000	0.007000	16163.383057	S	18306	1024	s	1357340854214.741943
planetlab1.temple.edu_planetlab1.cs.unc.edu_23487 2	16181.815918	16113.548000	0.076000	0.008000	16181.815918	S	18366	1024	s	1357340854234.884033
planetlab1.cs.umass.edu_planetlab1.cs.unc.edu_6717 4	18210.861084	18011.447000	0.109000	0.080000	18210.861084	S	18293	1184	s	1357340856262.027100
planetlab1.georgetown.edu_planetlab1.cs.unc.edu_10710 9	19750.542969	18798.196000	0.169000	0.016000	19750.542969	F	17661	576	s	1357340857789.855957
planetlab2.millennium.berkeley.edu_planetlab1.cs.unc.edu_12245 2	32034.912109	31709.490000	0.216000	0.004000	32034.912109	S	17644	2048	s	1357340870073.797119
planetlab2.millennium.berkeley.edu_planetlab1.cs.unc.edu_12247 2	32051.976074	31721.166000	0.094000	0.005000	32051.976074	S	17657	2048	s	1357340870091.197998
planetlab2.millennium.berkeley.edu_planetlab1.cs.unc.edu_12269 2	32255.167969	31860.578000	0.090000	0.003000	32255.167969	S	17682	2048	s	1357340870294.845947
planetlab2.millennium.berkeley.edu_planetlab1.cs.unc.edu_12271 2	32261.828125	31897.807000	0.057000	0.004000	32261.828125	S	17695	2048	s	1357340870301.745117
plab4.eece.ksu.edu_planetlab1.cs.unc.edu_5742 3	32362.591064	32006.152000	0.082000	0.010000	32362.591064	S	17716	2176	s	1357340870402.974121
plab4.eece.ksu.edu_planetlab1.cs.unc.edu_5747 3	32627.945801	32186.185000	0.354000	0.008000	32627.945801	S	17729	2176	s	1357340870668.879883
planetlab2.millennium.berkeley.edu_planetlab1.cs.unc.edu_12309 2	32630.990967	32238.418000	0.064000	0.003000	32630.990967	S	17734	2048	s	1357340870672.458984
planetlab2.millennium.berkeley.edu_planetlab1.cs.unc.edu_12319 2	32652.760986	32292.694000	0.058000	0.005000	32652.760986	S	17770	2048	s	1357340870694.833984
planetlab2.millennium.berkeley.edu_planetlab1.cs.unc.edu_12334 2	32790.529053	32407.205000	0.083000	0.005000	32790.529053	S	17794	2048	s	1357340870833.007080
planetlab2.millennium.berkeley.edu_planetlab1.cs.unc.edu_12336 2	32807.465088	32462.480000	0.077000	0.004000	32807.465088	S	17810	2048	s	1357340870850.322998
planetlab2.millennium.berkeley.edu_planetlab1.cs.unc.edu_12340 2	32812.895020	32470.623000	0.075000	0.003000	32812.895020	S	17808	2048	s	1357340870855.718994
planetlab2.millennium.berkeley.edu_planetlab1.cs.unc.edu_12344 2	32825.989990	32491.440000	0.071000	0.009000	32825.989990	S	17818	2048	s	1357340870868.981934
planetlab2.millennium.berkeley.edu_planetlab1.cs.unc.edu_12346 2	32866.243896	32509.494000	0.052000	0.003000	32866.243896	S	17814	2048	s	1357340870909.170898
plab4.eece.ksu.edu_planetlab1.cs.unc.edu_5755 3	33005.868164	32589.746000	0.107000	0.009000	33005.868164	S	17835	2176	s	1357340871049.154053
planetlab2.millennium.berkeley.edu_planetlab1.cs.unc.edu_12373 2	33032.045166	32667.691000	0.114000	0.003000	33032.045166	S	17842	2048	s	1357340871075.456055
planetlab2.millennium.berkeley.edu_planetlab1.cs.unc.edu_12377 2	33045.469971	32645.056000	0.099000	0.005000	33045.469971	S	17836	2048	s	1357340871088.774902
planetlab2.millennium.berkeley.edu_planetlab1.cs.unc.edu_12397 1	33190.483887	32962.239000	0.087000	0.006000	33190.483887	S	17946	2048	s	1357340871235.906982
planetlab2.millennium.berkeley.edu_planetlab1.cs.unc.edu_12401 2	33198.533936	32775.904000	0.068000	0.004000	33198.533936	S	17874	2048	s	1357340871242.761963
planetlab2.millennium.berkeley.edu_planetlab1.cs.unc.edu_12409 1	33266.181885	33037.782000	0.072000	0.006000	33266.181885	S	17962	2048	s	1357340871311.866943
planetlab2.millennium.berkeley.edu_planetlab1.cs.unc.edu_12412 2	33275.475098	32846.024000	0.060000	0.003000	33275.475098	S	17881	2048	s	1357340871319.862061
planetlab2.millennium.berkeley.edu_planetlab1.cs.unc.edu_12414 1	33284.470947	33056.159000	0.063000	0.002000	33284.470947	S	17970	2048	s	1357340871330.281982
planetlab2.millennium.berkeley.edu_planetlab1.cs.unc.edu_12418 1	33344.026123	33113.540000	0.081000	0.002000	33344.026123	S	17976	2048	s	1357340871389.937012
planetlab2.millennium.berkeley.edu_planetlab1.cs.unc.edu_12421 1	33349.478027	33119.544000	0.065000	0.001000	33349.478027	S	17979	2048	s	1357340871395.446045
planetlab2.millennium.berkeley.edu_planetlab1.cs.unc.edu_12423 1	33360.361084	33130.135000	0.072000	0.002000	33360.361084	S	17978	2048	s	1357340871406.308105
planetlab2.millennium.berkeley.edu_planetlab1.cs.unc.edu_12427 1	33417.518066	33188.561000	0.068000	0.004000	33417.518066	S	17982	2048	s	1357340871463.532959
planetlab2.millennium.berkeley.edu_planetlab1.cs.unc.edu_12449 1	33567.950928	33339.400000	0.160000	0.001000	33567.950928	S	18042	2048	s	1357340871614.897949
planetlab2.millennium.berkeley.edu_planetlab1.cs.unc.edu_12461 2	33648.876953	33341.590000	0.070000	0.003000	33648.876953	S	17990	2048	s	1357340871695.010986
planetlab2.millennium.berkeley.edu_planetlab1.cs.unc.edu_12650 2	34915.068848	31509.954000	0.071000	0.007000	34915.068848	S	17811	2048	s	1357340872957.941895
planetlab2.millennium.berkeley.edu_planetlab1.cs.unc.edu_12692 2	35124.463135	31661.783000	0.087000	0.003000	35124.463135	S	17909	2048	s	1357340873169.301025
planetlab2.millennium.berkeley.edu_planetlab1.cs.unc.edu_12748 1	35443.637939	35215.179000	0.058000	0.004000	35443.637939	S	18106	2048	s	1357340873491.552002
planetlab2.millennium.berkeley.edu_planetlab1.cs.unc.edu_12767 2	35628.911133	35227.852000	0.117000	0.003000	35628.911133	S	18092	2048	s	1357340873676.611084
planetlab2.millennium.berkeley.edu_planetlab1.cs.unc.edu_12784 2	35728.858887	35321.383000	0.072000	0.004000	35728.858887	S	18137	2048	s	1357340873777.232910
planetlab2.millennium.berkeley.edu_planetlab1.cs.unc.edu_12800 1	35817.810059	35589.582000	0.074000	0.003000	35817.810059	S	18234	2048	s	1357340873868.083984
ricepl-2.cs.rice.edu_planetlab1.cs.unc.edu_15210 1	36140.650146	36032.554000	0.046000	0.002000	36140.650146	S	17901	128	s	1357340874185.351074
planetlab2.millennium.berkeley.edu_planetlab1.cs.unc.edu_12876 2	36295.839111	35808.697000	0.085000	0.005000	36295.839111	S	18313	2048	s	1357340874347.301025
planetlab2.millennium.berkeley.edu_planetlab1.cs.unc.edu_12885 2	36361.385010	35888.596000	0.073000	0.005000	36361.385010	S	18322	2048	s	1357340874412.978027
planetlab1.cs.purdue.edu_planetlab1.cs.unc.edu_7432 3	38609.871094	38171.813000	0.123000	0.014000	38609.871094	S	17925	2112	s	1357340876654.976074
planetlab1.cs.purdue.edu_planetlab1.cs.unc.edu_7434 3	38622.130127	38232.862000	0.209000	0.010000	38622.130127	S	17940	2112	s	1357340876667.464111
planetlab1.cs.purdue.edu_planetlab1.cs.unc.edu_7436 3	38625.003906	38243.229000	0.084000	0.011000	38625.003906	S	17937	2112	s	1357340876670.293945
planetlab1.cs.purdue.edu_planetlab1.cs.unc.edu_7440 3	38625.762939	38214.839000	0.098000	0.010000	38625.762939	S	17941	2112	s	1357340876671.113037
planetlab1.cs.purdue.edu_planetlab1.cs.unc.edu_7438 3	38626.155029	38222.028000	0.094000	0.007000	38626.155029	S	17943	2112	s	1357340876671.533936
planetlab1.cs.purdue.edu_planetlab1.cs.unc.edu_7444 3	38641.162109	38139.117000	0.142000	0.008000	38641.162109	S	17973	2112	s	1357340876687.020996
planetlab1.cs.purdue.edu_planetlab1.cs.unc.edu_7446 3	38648.190186	38230.253000	0.103000	0.008000	38648.190186	S	18005	2112	s	1357340876694.570068
planetlab5.williams.edu_planetlab1.cs.unc.edu_7485 4	38658.918945	38218.329000	0.108000	0.013000	38658.918945	S	17779	2144	s	1357340876701.133057
planetlab1.cs.purdue.edu_planetlab1.cs.unc.edu_7486 3	38726.168213	38224.386000	0.092000	0.011000	38726.168213	S	18069	2112	s	1357340876773.527100
planetlab1.cs.purdue.edu_planetlab1.cs.unc.edu_7490 3	38732.328125	38187.367000	0.094000	0.011000	38732.328125	S	18197	2112	s	1357340876781.583008
planetlab2.cs.unc.edu_planetlab1.cs.unc.edu_14654 3	43510.178223	43025.306000	0.154000	0.009000	43510.178223	S	18164	2080	s	1357340881558.943115
planetlab2.cs.unc.edu_planetlab1.cs.unc.edu_14697 3	43691.270996	43243.284000	0.126000	0.008000	43691.270996	S	18367	2080	s	1357340881744.354980
planetlab2.cs.unc.edu_planetlab1.cs.unc.edu_14794 3	44113.943848	40741.709000	0.113000	0.012000	44113.943848	S	18208	2080	s	1357340882163.532959
planetlab5.millennium.berkeley.edu_planetlab1.cs.unc.edu_8107 9	44443.997070	43338.864000	0.312000	0.021000	44443.997070	S	18084	1280	s	1357340882491.582031
planetlab5.millennium.berkeley.edu_planetlab1.cs.unc.edu_8110 9	44467.011230	43362.672000	0.241000	0.023000	44467.011230	S	18212	1280	s	1357340882516.714111
planetlab5.millennium.berkeley.edu_planetlab1.cs.unc.edu_8114 9	44535.562988	43431.375000	0.246000	0.020000	44535.562988	S	18327	1280	s	1357340882587.231934
planetlab6.csail.mit.edu_planetlab1.cs.unc.edu_24564 9	44753.173096	44514.452000	0.265000	0.024000	44753.173096	S	18056	1056	s	1357340882800.330078
planetlab6.csail.mit.edu_planetlab1.cs.unc.edu_24566 9	44757.804932	44512.294000	0.282000	0.020000	44757.804932	S	18064	1056	s	1357340882805.087891
planetlab6.csail.mit.edu_planetlab1.cs.unc.edu_24578 9	44802.936035	44549.204000	7.274000	0.023000	44802.936035	S	18072	1056	s	1357340882850.340088
planetlab6.csail.mit.edu_planetlab1.cs.unc.edu_24583 9	44806.342041	44540.829000	0.266000	0.035000	44806.342041	S	18074	1056	s	1357340882853.780029
planetlab6.csail.mit.edu_planetlab1.cs.unc.edu_24586 9	44822.375000	44547.610000	0.312000	0.032000	44822.375000	S	18073	1056	s	1357340882869.794922
planetlab6.csail.mit.edu_planetlab1.cs.unc.edu_24598 9	44842.654053	44577.990000	0.401000	0.032000	44842.654053	S	18076	1056	s	1357340882890.125977
planetlab6.csail.mit.edu_planetlab1.cs.unc.edu_24648 9	44971.270996	44708.900000	0.276000	0.047000	44971.270996	S	18104	1056	s	1357340883019.147949
planetlab6.csail.mit.edu_planetlab1.cs.unc.edu_24653 9	44986.527100	44716.075000	0.292000	0.082000	44986.527100	S	18136	1056	s	1357340883034.885986
planetlab6.csail.mit.edu_planetlab1.cs.unc.edu_24669 9	45026.700928	44705.806000	0.267000	0.021000	45026.700928	S	18219	1056	s	1357340883076.532959
planetlab6.csail.mit.edu_planetlab1.cs.unc.edu_24677 9	45040.348877	44790.585000	0.252000	0.021000	45040.348877	S	18328	1056	s	1357340883092.032959
planetlab2.umassd.edu_planetlab1.cs.unc.edu_40246 1	45386.189209	45312.631000	0.038000	0.003000	45386.189209	S	17641	0	s	1357340883424.777100
planetlab2.umassd.edu_planetlab1.cs.unc.edu_40248 1	45392.357178	45319.233000	0.026000	0.003000	45392.357178	S	17642	0	s	1357340883430.976074
planetlab2.umassd.edu_planetlab1.cs.unc.edu_40256 1	45413.361084	45339.598000	0.026000	0.002000	45413.361084	S	17643	0	s	1357340883452.228027
planetlab2.umassd.edu_planetlab1.cs.unc.edu_40261 1	45418.593994	45344.250000	0.098000	0.001000	45418.593994	S	17647	0	s	1357340883457.658936
planetlab2.umassd.edu_planetlab1.cs.unc.edu_40266 1	45436.734131	45363.531000	0.026000	0.002000	45436.734131	S	17649	0	s	1357340883475.829102
planetlab2.umassd.edu_planetlab1.cs.unc.edu_40268 1	45441.280029	45367.627000	0.027000	0.002000	45441.280029	S	17650	0	s	1357340883480.388916
planetlab2.umassd.edu_planetlab1.cs.unc.edu_40270 1	45455.605957	45382.038000	0.024000	0.002000	45455.605957	S	17651	0	s	1357340883494.730957
planetlab2.umassd.edu_planetlab1.cs.unc.edu_40279 1	45466.080078	45392.579000	0.034000	0.007000	45466.080078	S	17653	0	s	1357340883505.240967
planetlab2.umassd.edu_planetlab1.cs.unc.edu_40284 1	45499.489014	45425.896000	0.023000	0.002000	45499.489014	S	17655	0	s	1357340883538.680908
planetlab2.umassd.edu_planetlab1.cs.unc.edu_40289 1	45521.776855	45447.568000	0.028000	0.001000	45521.776855	S	17659	0	s	1357340883561.033936
planetlab2.umassd.edu_planetlab1.cs.unc.edu_40293 1	45532.833008	45459.663000	0.027000	0.001000	45532.833008	S	17664	0	s	1357340883572.193115
planetlab2.umassd.edu_planetlab1.cs.unc.edu_40307 1	45597.367920	45523.956000	0.025000	0.003000	45597.367920	S	17675	0	s	1357340883636.918945
planetlab2.umassd.edu_planetlab1.cs.unc.edu_40385 1	47239.235107	47165.844000	0.022000	0.001000	47239.235107	S	17719	0	s	1357340885279.665039
planetlab2.umassd.edu_planetlab1.cs.unc.edu_40405 1	47898.561035	47825.066000	0.028000	0.014000	47898.561035	S	17731	0	s	1357340885939.974121
planetlab2.umassd.edu_planetlab1.cs.unc.edu_40411 1	48007.885010	47934.127000	0.025000	0.003000	48007.885010	S	17737	0	s	1357340886049.405029
planetlab2.umassd.edu_planetlab1.cs.unc.edu_40413 1	48025.343018	47951.893000	0.023000	0.002000	48025.343018	S	17738	0	s	1357340886066.876953
planetlab2.umassd.edu_planetlab1.cs.unc.edu_40415 1	48030.485840	47956.994000	0.025000	0.001000	48030.485840	S	17739	0	s	1357340886072.035889
planetlab2.umassd.edu_planetlab1.cs.unc.edu_40426 1	48113.815918	48039.530000	0.026000	0.004000	48113.815918	S	17743	0	s	1357340886155.427002
planetlab2.umassd.edu_planetlab1.cs.unc.edu_40445 1	48245.639160	48172.031000	0.023000	0.002000	48245.639160	S	17755	0	s	1357340886287.444092
planetlab2.umassd.edu_planetlab1.cs.unc.edu_40449 1	48275.845947	48202.706000	0.027000	0.001000	48275.845947	S	17763	0	s	1357340886317.802002
planetlab2.umassd.edu_planetlab1.cs.unc.edu_40461 1	48355.796143	48282.692000	0.028000	0.003000	48355.796143	S	17771	0	s	1357340886397.884033
planetlab2.umassd.edu_planetlab1.cs.unc.edu_40476 1	48493.043945	48419.020000	0.024000	0.002000	48493.043945	S	17781	0	s	1357340886535.290039
planetlab2.umassd.edu_planetlab1.cs.unc.edu_40530 1	49389.708984	49316.432000	0.024000	0.017000	49389.708984	S	17823	0	s	1357340887432.783936
planetlab2.umassd.edu_planetlab1.cs.unc.edu_40537 1	49412.497070	49338.979000	0.025000	0.006000	49412.497070	S	17827	0	s	1357340887455.647949
planetlab2.umassd.edu_planetlab1.cs.unc.edu_40548 1	49454.475098	49380.421000	0.022000	0.002000	49454.475098	S	17832	0	s	1357340887497.708984
planetlab1.cs.purdue.edu_planetlab1.cs.unc.edu_7680 3	50033.687988	40606.684000	0.077000	0.009000	50033.687988	S	17949	2112	s	1357340888079.166992
planetlab2.umassd.edu_planetlab1.cs.unc.edu_40590 1	50123.045898	50045.849000	0.023000	0.002000	50123.045898	S	17859	0	s	1357340888166.721924
planetlab2.umassd.edu_planetlab1.cs.unc.edu_40601 1	50255.092041	50181.060000	0.026000	0.002000	50255.092041	S	17867	0	s	1357340888299.083984
planetlab2.umassd.edu_planetlab1.cs.unc.edu_40618 1	50376.499023	50302.627000	0.026000	0.003000	50376.499023	S	17885	0	s	1357340888420.947021
planetlab2.umassd.edu_planetlab1.cs.unc.edu_40620 1	50390.356201	50316.196000	0.028000	0.045000	50390.356201	S	17889	0	s	1357340888434.871094
planetlab2.umassd.edu_planetlab1.cs.unc.edu_40622 1	50399.020020	50325.132000	0.027000	0.002000	50399.020020	S	17890	0	s	1357340888443.551025
planetlab2.umassd.edu_planetlab1.cs.unc.edu_40624 1	50412.966064	50339.169000	0.027000	0.002000	50412.966064	S	17891	0	s	1357340888457.510986
planetlab2.umassd.edu_planetlab1.cs.unc.edu_40628 1	50424.193115	50349.929000	0.026000	0.002000	50424.193115	S	17895	0	s	1357340888468.797119
planetlab2.umassd.edu_planetlab1.cs.unc.edu_40631 1	50435.736084	50361.306000	0.026000	0.003000	50435.736084	S	17899	0	s	1357340888480.406982
planetlab2.umassd.edu_planetlab1.cs.unc.edu_40638 1	50453.259033	50378.981000	0.026000	0.002000	50453.259033	S	17907	0	s	1357340888498.065918
planetlab2.umassd.edu_planetlab1.cs.unc.edu_40643 1	50465.490967	50391.112000	0.025000	0.006000	50465.490967	S	17920	0	s	1357340888510.518066
planetlab2.umassd.edu_planetlab1.cs.unc.edu_40647 1	50481.562012	50407.079000	0.022000	0.001000	50481.562012	S	17921	0	s	1357340888526.604004
planetlab2.umassd.edu_planetlab1.cs.unc.edu_40648 1	50488.515137	50414.182000	0.019000	0.005000	50488.515137	S	17923	0	s	1357340888533.592041
planetlab2.umassd.edu_planetlab1.cs.unc.edu_40651 1	50503.973877	50429.959000	0.025000	0.002000	50503.973877	S	17928	0	s	1357340888549.127930
planetlab2.umassd.edu_planetlab1.cs.unc.edu_40653 1	50505.782959	50431.992000	0.026000	0.002000	50505.782959	S	17929	0	s	1357340888550.951904
planetlab2.umassd.edu_planetlab1.cs.unc.edu_40657 1	50529.025879	50452.746000	0.026000	0.001000	50529.025879	S	17933	0	s	1357340888574.251953
planetlab2.umassd.edu_planetlab1.cs.unc.edu_40658 1	50529.224854	50454.415000	0.018000	0.002000	50529.224854	S	17931	0	s	1357340888574.420898
planetlab2.umassd.edu_planetlab1.cs.unc.edu_40668 1	50606.246094	50531.039000	0.025000	0.001000	50606.246094	S	17942	0	s	1357340888651.611084
planetlab2.umassd.edu_planetlab1.cs.unc.edu_40686 1	50711.974121	50638.544000	0.022000	0.003000	50711.974121	S	17945	0	s	1357340888757.383057
planetlab2.umassd.edu_planetlab1.cs.unc.edu_40707 1	50760.755127	50687.137000	0.024000	0.002000	50760.755127	S	17953	0	s	1357340888806.300049
planetlab2.umassd.edu_planetlab1.cs.unc.edu_40709 1	50766.904053	50693.291000	0.039000	0.002000	50766.904053	S	17955	0	s	1357340888812.479980
planetlab2.umassd.edu_planetlab1.cs.unc.edu_40711 1	50770.017822	50696.263000	0.020000	0.002000	50770.017822	S	17954	0	s	1357340888815.577881
planetlab2.umassd.edu_planetlab1.cs.unc.edu_40721 1	50792.500000	50718.633000	0.072000	0.004000	50792.500000	S	17959	0	s	1357340888838.141113
planetlab2.umassd.edu_planetlab1.cs.unc.edu_40723 1	50796.350098	50723.181000	0.025000	0.003000	50796.350098	S	17961	0	s	1357340888842.019043
planetlab2.umassd.edu_planetlab1.cs.unc.edu_40727 1	50805.334229	50730.562000	0.022000	0.001000	50805.334229	S	17963	0	s	1357340888851.037109
planetlab2.umassd.edu_planetlab1.cs.unc.edu_40737 1	50858.484863	50783.768000	0.026000	0.002000	50858.484863	S	17971	0	s	1357340888904.313965
planetlab2.umassd.edu_planetlab1.cs.unc.edu_40742 1	50881.307129	50806.723000	0.026000	0.002000	50881.307129	S	17975	0	s	1357340888927.204102
planetlab2.umassd.edu_planetlab1.cs.unc.edu_40751 1	50903.828857	50829.569000	0.025000	0.002000	50903.828857	S	17980	0	s	1357340888949.814941
planetlab2.umassd.edu_planetlab1.cs.unc.edu_40762 1	50960.545898	50885.985000	0.026000	0.002000	50960.545898	S	17985	0	s	1357340889006.605957
planetlab2.umassd.edu_planetlab1.cs.unc.edu_40764 1	50966.698975	50892.766000	0.026000	0.002000	50966.698975	S	17986	0	s	1357340889012.773926
planetlab2.umassd.edu_planetlab1.cs.unc.edu_40766 1	50983.235840	50909.635000	0.027000	0.002000	50983.235840	S	17987	0	s	1357340889029.326904
planetlab2.umassd.edu_planetlab1.cs.unc.edu_40769 1	51002.584961	50928.536000	0.030000	0.008000	51002.584961	S	17991	0	s	1357340889048.732910
planetlab2.umassd.edu_planetlab1.cs.unc.edu_40773 1	51024.574219	50950.859000	0.025000	0.001000	51024.574219	S	17993	0	s	1357340889070.756104
planetlab2.umassd.edu_planetlab1.cs.unc.edu_40775 1	51035.218018	50961.631000	0.026000	0.003000	51035.218018	S	17995	0	s	1357340889081.430908
planetlab2.umassd.edu_planetlab1.cs.unc.edu_40784 1	51094.374023	51019.407000	0.023000	0.002000	51094.374023	S	18003	0	s	1357340889140.718994
planetlab2.umassd.edu_planetlab1.cs.unc.edu_40790 1	51143.622803	51070.292000	0.024000	0.002000	51143.622803	S	18012	0	s	1357340889190.107910
planetlab2.umassd.edu_planetlab1.cs.unc.edu_40796 1	51491.875977	51416.994000	0.026000	0.002000	51491.875977	S	18016	0	s	1357340889538.424072
planetlab2.umassd.edu_planetlab1.cs.unc.edu_40798 1	51514.825928	51440.310000	0.024000	0.002000	51514.825928	S	18017	0	s	1357340889561.387939
planetlab2.umassd.edu_planetlab1.cs.unc.edu_40801 1	51537.729980	51463.271000	0.024000	0.003000	51537.729980	S	18018	0	s	1357340889584.306885
planetlab2.umassd.edu_planetlab1.cs.unc.edu_40802 1	51559.867920	51485.864000	0.020000	0.002000	51559.867920	S	18019	0	s	1357340889606.459961
planetlab2.umassd.edu_planetlab1.cs.unc.edu_40806 1	51591.765869	51517.630000	0.026000	0.001000	51591.765869	S	18023	0	s	1357340889638.418945
planetlab2.umassd.edu_planetlab1.cs.unc.edu_40808 1	51614.068848	51539.362000	0.026000	0.003000	51614.068848	S	18021	0	s	1357340889660.690918
planetlab2.umassd.edu_planetlab1.cs.unc.edu_40810 1	51622.142090	51546.599000	0.025000	0.003000	51622.142090	S	18022	0	s	1357340889668.780029
planetlab2.umassd.edu_planetlab1.cs.unc.edu_40813 1	51644.602051	51570.647000	0.026000	0.002000	51644.602051	S	18025	0	s	1357340889691.287109
planetlab2.umassd.edu_planetlab1.cs.unc.edu_40816 1	51681.428955	51607.298000	0.026000	0.002000	51681.428955	S	18027	0	s	1357340889728.143066
planetlab2.umassd.edu_planetlab1.cs.unc.edu_40818 1	51703.814941	51628.846000	0.022000	0.002000	51703.814941	S	18026	0	s	1357340889750.514893
planetlab2.umassd.edu_planetlab1.cs.unc.edu_40822 1	51764.281006	51689.485000	0.026000	0.004000	51764.281006	S	18028	0	s	1357340889811.010986
planetlab2.umassd.edu_planetlab1.cs.unc.edu_40826 1	51786.543945	51712.073000	0.022000	0.002000	51786.543945	S	18031	0	s	1357340889833.322998
planetlab2.umassd.edu_planetlab1.cs.unc.edu_40834 1	51859.769043	51786.542000	0.038000	0.002000	51859.769043	S	18033	0	s	1357340889906.574951
planetlab2.umassd.edu_planetlab1.cs.unc.edu_40836 1	51861.391846	51787.781000	0.026000	0.003000	51861.391846	S	18034	0	s	1357340889908.212891
planetlab2.umassd.edu_planetlab1.cs.unc.edu_40838 1	51864.249023	51790.421000	0.058000	0.002000	51864.249023	S	18035	0	s	1357340889911.083984
planetlab2.umassd.edu_planetlab1.cs.unc.edu_40840 1	51882.736084	51808.617000	0.059000	0.002000	51882.736084	S	18036	0	s	1357340889929.583984
planetlab2.umassd.edu_planetlab1.cs.unc.edu_40842 1	51883.932861	51810.219000	0.027000	0.002000	51883.932861	S	18037	0	s	1357340889930.795898
planetlab2.umassd.edu_planetlab1.cs.unc.edu_40846 1	51892.777832	51819.324000	0.022000	0.002000	51892.777832	S	18039	0	s	1357340889939.679932
planetlab2.umassd.edu_planetlab1.cs.unc.edu_40848 1	51898.789062	51824.486000	0.023000	0.002000	51898.789062	S	18040	0	s	1357340889945.707031
planetlab2.umassd.edu_planetlab1.cs.unc.edu_40853 1	51906.496826	51832.463000	0.025000	0.003000	51906.496826	S	18043	0	s	1357340889953.461914
planetlab2.umassd.edu_planetlab1.cs.unc.edu_40855 1	51921.416016	51846.976000	0.025000	0.003000	51921.416016	S	18044	0	s	1357340889968.395020
planetlab2.umassd.edu_planetlab1.cs.unc.edu_40859 1	51930.935059	51857.536000	0.025000	0.002000	51930.935059	S	18045	0	s	1357340889977.928955
planetlab2.umassd.edu_planetlab1.cs.unc.edu_40862 1	51944.012939	51870.259000	0.035000	0.004000	51944.012939	S	18046	0	s	1357340889991.022949
planetlab-01.cs.princeton.edu_planetlab1.cs.unc.edu_9951 9	52771.561035	51403.089000	1.314000	0.024000	52771.561035	S	18041	1088	s	1357340890818.492920
planetlab1.cs.purdue.edu_planetlab1.cs.unc.edu_7733 3	56112.400146	46634.992000	0.212000	0.012000	56112.400146	S	18342	2112	s	1357340894164.620117
planetlab3.williams.edu_planetlab1.cs.unc.edu_27110 9	57470.039795	56704.112000	0.188000	0.014000	57470.039795	S	17969	544	s	1357340895515.837891
planetlab3.williams.edu_planetlab1.cs.unc.edu_27136 9	57660.333008	56807.690000	0.124000	0.013000	57660.333008	S	17988	544	s	1357340895706.437988
planetlab2.umassd.edu_planetlab1.cs.unc.edu_42205 1	58015.605957	54941.403000	0.027000	0.003000	58015.605957	S	18049	0	s	1357340896062.657959
planetlab2.umassd.edu_planetlab1.cs.unc.edu_42211 1	58022.290039	54947.817000	0.023000	0.002000	58022.290039	S	18050	0	s	1357340896069.355957
planetlab2.umassd.edu_planetlab1.cs.unc.edu_42213 1	58023.538818	54949.367000	0.027000	0.003000	58023.538818	S	18051	0	s	1357340896070.617920
planetlab2.umassd.edu_planetlab1.cs.unc.edu_42224 1	58048.477783	57973.957000	0.027000	0.003000	58048.477783	S	18057	0	s	1357340896095.650879
planetlab2.umassd.edu_planetlab1.cs.unc.edu_42231 1	58086.860840	58011.842000	0.027000	0.003000	58086.860840	S	18059	0	s	1357340896134.065918
planetlab2.umassd.edu_planetlab1.cs.unc.edu_42249 1	58173.092041	58099.570000	0.025000	0.002000	58173.092041	S	18066	0	s	1357340896220.406006
planetlab2.umassd.edu_planetlab1.cs.unc.edu_42251 1	58175.067871	58099.850000	0.040000	0.002000	58175.067871	S	18067	0	s	1357340896222.396973
planetlab2.umassd.edu_planetlab1.cs.unc.edu_42253 1	58175.862061	58101.938000	0.027000	0.002000	58175.862061	S	18068	0	s	1357340896223.206055
planetlab2.umassd.edu_planetlab1.cs.unc.edu_42255 1	58190.328125	55115.219000	0.024000	0.002000	58190.328125	S	18054	0	s	1357340896237.456055
planetlab2.umassd.edu_planetlab1.cs.unc.edu_42265 1	58237.956055	58163.843000	0.027000	0.002000	58237.956055	S	18070	0	s	1357340896285.332031
planetlab2.umassd.edu_planetlab1.cs.unc.edu_42268 1	58253.191895	58178.900000	0.024000	0.002000	58253.191895	S	18071	0	s	1357340896300.583008
planetlab2.umassd.edu_planetlab1.cs.unc.edu_42273 1	58275.537109	58201.382000	0.029000	0.001000	58275.537109	S	18078	0	s	1357340896323.038086
planetlab2.umassd.edu_planetlab1.cs.unc.edu_42277 1	58294.708008	58220.508000	0.026000	0.002000	58294.708008	S	18080	0	s	1357340896342.238037
planetlab2.umassd.edu_planetlab1.cs.unc.edu_42279 1	58298.617920	58223.664000	0.025000	0.002000	58298.617920	S	18079	0	s	1357340896346.134033
planetlab2.umassd.edu_planetlab1.cs.unc.edu_42281 1	58301.875977	58227.656000	0.024000	0.002000	58301.875977	S	18081	0	s	1357340896349.419922
planetlab2.umassd.edu_planetlab1.cs.unc.edu_42285 1	58320.645020	55246.171000	0.025000	0.002000	58320.645020	S	18055	0	s	1357340896367.788086
planetlab2.umassd.edu_planetlab1.cs.unc.edu_42287 1	58321.822998	58247.119000	0.026000	0.002000	58321.822998	S	18082	0	s	1357340896369.381104
planetlab2.umassd.edu_planetlab1.cs.unc.edu_42291 1	58335.143066	58261.559000	0.074000	0.003000	58335.143066	S	18083	0	s	1357340896382.715088
planetlab2.umassd.edu_planetlab1.cs.unc.edu_42295 1	58343.479980	58269.453000	0.027000	0.002000	58343.479980	S	18085	0	s	1357340896391.081055
planetlab2.umassd.edu_planetlab1.cs.unc.edu_42297 1	58358.117188	58284.223000	0.024000	0.002000	58358.117188	S	18087	0	s	1357340896405.745117
planetlab2.umassd.edu_planetlab1.cs.unc.edu_42299 1	58366.581055	58291.410000	0.023000	0.001000	58366.581055	S	18086	0	s	1357340896414.196045
planetlab2.umassd.edu_planetlab1.cs.unc.edu_42301 1	58366.662842	58291.966000	0.021000	0.001000	58366.662842	S	18088	0	s	1357340896414.305908
planetlab2.umassd.edu_planetlab1.cs.unc.edu_42307 1	58380.456055	58305.986000	0.058000	0.003000	58380.456055	S	18089	0	s	1357340896428.113037
planetlab2.umassd.edu_planetlab1.cs.unc.edu_42309 1	58388.605957	58314.489000	0.025000	0.002000	58388.605957	S	18090	0	s	1357340896436.275879
planetlab2.umassd.edu_planetlab1.cs.unc.edu_42311 1	58388.809082	58314.431000	0.026000	0.001000	58388.809082	S	18091	0	s	1357340896436.495117
planetlab2.umassd.edu_planetlab1.cs.unc.edu_42322 1	58427.320068	58352.575000	0.028000	0.002000	58427.320068	S	18095	0	s	1357340896475.063965
planetlab2.umassd.edu_planetlab1.cs.unc.edu_42329 1	58451.970947	58377.026000	0.025000	0.003000	58451.970947	S	18097	0	s	1357340896499.743896
planetlab2.umassd.edu_planetlab1.cs.unc.edu_42331 1	58464.538086	58390.805000	0.054000	0.002000	58464.538086	S	18098	0	s	1357340896512.323975
planetlab2.umassd.edu_planetlab1.cs.unc.edu_42333 1	58469.662842	58395.142000	0.040000	0.004000	58469.662842	S	18099	0	s	1357340896517.462891
planetlab2.umassd.edu_planetlab1.cs.unc.edu_42338 1	58487.166992	58413.024000	0.026000	0.001000	58487.166992	S	18102	0	s	1357340896535.016113
planetlab2.umassd.edu_planetlab1.cs.unc.edu_42340 1	58490.260986	58415.873000	0.024000	0.001000	58490.260986	S	18103	0	s	1357340896538.125000
planetlab2.umassd.edu_planetlab1.cs.unc.edu_42347 1	58512.582031	58438.270000	0.035000	0.002000	58512.582031	S	18107	0	s	1357340896560.512939
planetlab2.umassd.edu_planetlab1.cs.unc.edu_42358 1	58589.541016	58514.165000	0.022000	0.002000	58589.541016	S	18112	0	s	1357340896637.545898
planetlab2.umassd.edu_planetlab1.cs.unc.edu_42360 1	58591.166016	58516.009000	0.052000	0.001000	58591.166016	S	18113	0	s	1357340896639.185059
planetlab2.umassd.edu_planetlab1.cs.unc.edu_42363 1	58612.924805	58538.324000	0.024000	0.002000	58612.924805	S	18115	0	s	1357340896660.971924
planetlab2.umassd.edu_planetlab1.cs.unc.edu_42365 1	58613.155029	58538.905000	0.021000	0.127000	58613.155029	S	18114	0	s	1357340896661.187012
planetlab2.umassd.edu_planetlab1.cs.unc.edu_42369 1	58635.395996	58561.004000	0.026000	0.002000	58635.395996	S	18117	0	s	1357340896683.472900
planetlab2.umassd.edu_planetlab1.cs.unc.edu_42371 1	58635.951904	58561.461000	0.024000	0.002000	58635.951904	S	18118	0	s	1357340896684.043945
planetlab2.umassd.edu_planetlab1.cs.unc.edu_42373 1	58658.011963	58582.945000	0.092000	0.002000	58658.011963	S	18119	0	s	1357340896706.117920
planetlab2.umassd.edu_planetlab1.cs.unc.edu_42377 1	58658.640137	58584.307000	0.024000	0.002000	58658.640137	S	18121	0	s	1357340896706.777100
planetlab2.umassd.edu_planetlab1.cs.unc.edu_42379 1	58671.220215	58596.301000	0.025000	0.002000	58671.220215	S	18122	0	s	1357340896719.371094
planetlab2.umassd.edu_planetlab1.cs.unc.edu_42382 1	58681.146973	58606.626000	0.023000	0.001000	58681.146973	S	18123	0	s	1357340896729.311035
planetlab2.umassd.edu_planetlab1.cs.unc.edu_42387 1	58703.419922	58629.410000	0.084000	0.007000	58703.419922	S	18127	0	s	1357340896751.649902
planetlab2.umassd.edu_planetlab1.cs.unc.edu_42390 1	58725.878906	58651.860000	0.027000	0.001000	58725.878906	S	18129	0	s	1357340896774.135986
planetlab2.umassd.edu_planetlab1.cs.unc.edu_42393 1	58731.125000	58657.034000	0.023000	0.001000	58731.125000	S	18130	0	s	1357340896779.398926
planetlab2.umassd.edu_planetlab1.cs.unc.edu_42395 1	58748.403809	58674.103000	0.024000	0.002000	58748.403809	S	18131	0	s	1357340896796.691895
planetlab2.umassd.edu_planetlab1.cs.unc.edu_42398 1	58769.642822	58695.036000	0.027000	0.003000	58769.642822	S	18134	0	s	1357340896817.972900
planetlab2.umassd.edu_planetlab1.cs.unc.edu_42400 1	58771.348877	58696.350000	0.024000	0.007000	58771.348877	S	18135	0	s	1357340896819.691895
planetlab2.umassd.edu_planetlab1.cs.unc.edu_42406 1	58819.562012	58745.248000	0.020000	0.002000	58819.562012	S	18139	0	s	1357340896867.967041
planetlab2.umassd.edu_planetlab1.cs.unc.edu_42414 1	58842.114014	58768.037000	0.025000	0.002000	58842.114014	S	18141	0	s	1357340896890.552002
planetlab2.umassd.edu_planetlab1.cs.unc.edu_42421 1	58864.693115	58790.166000	0.065000	0.002000	58864.693115	S	18144	0	s	1357340896913.175049
planetlab2.umassd.edu_planetlab1.cs.unc.edu_42423 1	58884.791992	58810.900000	0.028000	0.002000	58884.791992	S	18145	0	s	1357340896933.289062
planetlab2.umassd.edu_planetlab1.cs.unc.edu_42425 1	58887.907959	58812.915000	0.021000	0.002000	58887.907959	S	18146	0	s	1357340896936.418945
planetlab2.umassd.edu_planetlab1.cs.unc.edu_42427 1	58890.045166	58815.411000	0.025000	0.002000	58890.045166	S	18147	0	s	1357340896938.569092
planetlab2.umassd.edu_planetlab1.cs.unc.edu_42429 1	58907.218994	58833.621000	0.025000	0.002000	58907.218994	S	18148	0	s	1357340896955.758057
planetlab2.umassd.edu_planetlab1.cs.unc.edu_42437 1	58929.906006	58855.713000	0.027000	0.002000	58929.906006	S	18149	0	s	1357340896978.458984
planetlab2.umassd.edu_planetlab1.cs.unc.edu_42441 1	58953.254150	58878.582000	0.023000	0.002000	58953.254150	S	18150	0	s	1357340897001.820068
planetlab2.umassd.edu_planetlab1.cs.unc.edu_42443 1	58961.375977	58886.849000	0.022000	0.002000	58961.375977	S	18151	0	s	1357340897009.957031
planetlab2.umassd.edu_planetlab1.cs.unc.edu_42445 1	58966.607910	58891.687000	0.023000	0.002000	58966.607910	S	18152	0	s	1357340897015.202881
planetlab2.umassd.edu_planetlab1.cs.unc.edu_42447 1	58975.864014	58901.184000	0.025000	0.002000	58975.864014	S	18153	0	s	1357340897024.471924
planetlab2.umassd.edu_planetlab1.cs.unc.edu_42449 1	58976.878906	58902.070000	0.023000	0.002000	58976.878906	S	18154	0	s	1357340897025.501953
planetlab2.umassd.edu_planetlab1.cs.unc.edu_42451 1	58984.901123	58909.301000	0.024000	0.001000	58984.901123	S	18155	0	s	1357340897033.538086
planetlab2.umassd.edu_planetlab1.cs.unc.edu_42455 1	58988.917969	58914.505000	0.061000	0.001000	58988.917969	S	18157	0	s	1357340897037.585938
planetlab2.umassd.edu_planetlab1.cs.unc.edu_42459 1	58999.357178	58924.641000	0.023000	0.002000	58999.357178	S	18158	0	s	1357340897048.039062
planetlab2.umassd.edu_planetlab1.cs.unc.edu_42465 1	59022.882812	58948.433000	0.018000	0.002000	59022.882812	S	18159	0	s	1357340897071.577881
planetlab2.umassd.edu_planetlab1.cs.unc.edu_42469 1	59035.063965	58960.467000	0.024000	0.063000	59035.063965	S	18160	0	s	1357340897083.773926
planetlab2.umassd.edu_planetlab1.cs.unc.edu_42474 1	59052.866211	58977.694000	0.063000	0.001000	59052.866211	S	18161	0	s	1357340897101.589111
planetlab2.umassd.edu_planetlab1.cs.unc.edu_42476 1	59057.531006	58983.302000	0.025000	0.004000	59057.531006	S	18162	0	s	1357340897106.268066
planetlab2.umassd.edu_planetlab1.cs.unc.edu_42478 1	59073.671143	58999.321000	0.023000	0.002000	59073.671143	S	18163	0	s	1357340897122.422119
planetlab2.umassd.edu_planetlab1.cs.unc.edu_42483 1	59091.405029	59015.948000	0.024000	0.002000	59091.405029	S	18165	0	s	1357340897140.184082
planetlab2.umassd.edu_planetlab1.cs.unc.edu_42485 1	59092.251953	59017.699000	0.023000	0.003000	59092.251953	S	18166	0	s	1357340897141.045898
planetlab2.umassd.edu_planetlab1.cs.unc.edu_42487 1	59096.658936	59021.658000	0.024000	0.007000	59096.658936	S	18167	0	s	1357340897145.467041
planetlab2.umassd.edu_planetlab1.cs.unc.edu_42489 1	59113.985107	59039.243000	0.034000	0.002000	59113.985107	S	18169	0	s	1357340897162.821045
planetlab2.umassd.edu_planetlab1.cs.unc.edu_42491 1	59115.420898	59040.284000	0.024000	0.002000	59115.420898	S	18170	0	s	1357340897164.270020
planetlab2.umassd.edu_planetlab1.cs.unc.edu_42495 1	59120.666016	59045.743000	0.023000	0.002000	59120.666016	S	18171	0	s	1357340897169.529053
planetlab2.umassd.edu_planetlab1.cs.unc.edu_42499 1	59136.499023	59061.851000	0.065000	0.002000	59136.499023	S	18172	0	s	1357340897185.375977
planetlab2.umassd.edu_planetlab1.cs.unc.edu_42502 1	59143.977051	59069.361000	0.025000	0.002000	59143.977051	S	18175	0	s	1357340897192.906982
planetlab2.umassd.edu_planetlab1.cs.unc.edu_42519 1	59265.788086	59191.479000	0.025000	0.007000	59265.788086	S	18185	0	s	1357340897314.863037
planetlab2.umassd.edu_planetlab1.cs.unc.edu_42539 1	59385.174072	59310.819000	0.024000	0.002000	59385.174072	S	18199	0	s	1357340897434.458008
planetlab2.umassd.edu_planetlab1.cs.unc.edu_42556 1	59490.487061	59416.516000	0.028000	0.002000	59490.487061	S	18211	0	s	1357340897540.173096
planetlab2.umassd.edu_planetlab1.cs.unc.edu_42561 1	59540.805908	59466.410000	0.027000	0.002000	59540.805908	S	18215	0	s	1357340897590.575928
planetlab2.umassd.edu_planetlab1.cs.unc.edu_42563 1	59541.986084	59466.807000	0.025000	0.003000	59541.986084	S	18216	0	s	1357340897591.771973
planetlab2.umassd.edu_planetlab1.cs.unc.edu_42583 1	59658.094971	59583.736000	0.025000	0.003000	59658.094971	S	18227	0	s	1357340897708.062988
planetlab2.umassd.edu_planetlab1.cs.unc.edu_42588 1	59670.417969	59595.498000	0.029000	0.001000	59670.417969	S	18229	0	s	1357340897720.618896
planetlab2.umassd.edu_planetlab1.cs.unc.edu_42589 1	59678.968994	59604.798000	0.020000	0.002000	59678.968994	S	18230	0	s	1357340897729.185059
planetlab2.umassd.edu_planetlab1.cs.unc.edu_42591 1	59680.377930	59605.278000	0.025000	0.002000	59680.377930	S	18231	0	s	1357340897730.606934
planetlab2.umassd.edu_planetlab1.cs.unc.edu_42606 1	59884.965820	59809.952000	0.025000	0.002000	59884.965820	S	18239	0	s	1357340897935.326904
planetlab2.umassd.edu_planetlab1.cs.unc.edu_42610 1	59997.743896	59922.428000	0.019000	0.002000	59997.743896	S	18243	0	s	1357340898048.159912
planetlab2.umassd.edu_planetlab1.cs.unc.edu_42625 1	60298.867188	60224.326000	0.025000	0.002000	60298.867188	S	18251	0	s	1357340898349.402100
planetlab2.umassd.edu_planetlab1.cs.unc.edu_42650 1	60525.424072	60451.081000	0.025000	0.001000	60525.424072	S	18269	0	s	1357340898576.226074
planetlab2.umassd.edu_planetlab1.cs.unc.edu_42657 1	60562.565918	60488.086000	0.028000	0.002000	60562.565918	S	18273	0	s	1357340898613.427979
planetlab2.umassd.edu_planetlab1.cs.unc.edu_42659 1	60566.531982	60492.346000	0.034000	0.002000	60566.531982	S	18274	0	s	1357340898617.409912
planetlab2.umassd.edu_planetlab1.cs.unc.edu_42661 1	60570.010010	60495.665000	0.023000	0.002000	60570.010010	S	18275	0	s	1357340898620.914062
planetlab2.umassd.edu_planetlab1.cs.unc.edu_42667 1	60592.381836	60517.987000	0.022000	0.002000	60592.381836	S	18279	0	s	1357340898643.347900
planetlab2.umassd.edu_planetlab1.cs.unc.edu_42671 1	60611.308105	60536.999000	0.026000	0.002000	60611.308105	S	18283	0	s	1357340898662.333008
planetlab2.umassd.edu_planetlab1.cs.unc.edu_42680 1	60674.153076	60599.788000	0.024000	0.002000	60674.153076	S	18291	0	s	1357340898725.291016
planetlab2.umassd.edu_planetlab1.cs.unc.edu_42686 1	60696.447998	60622.399000	0.025000	0.002000	60696.447998	S	18295	0	s	1357340898747.645020
planetlab2.umassd.edu_planetlab1.cs.unc.edu_42695 1	60755.981934	60681.752000	0.025000	0.002000	60755.981934	S	18300	0	s	1357340898807.253906
planetlab2.umassd.edu_planetlab1.cs.unc.edu_42705 1	60823.378906	60748.268000	0.024000	0.002000	60823.378906	S	18307	0	s	1357340898874.752930
planetlab2.umassd.edu_planetlab1.cs.unc.edu_42714 1	60905.753906	60831.716000	0.024000	0.002000	60905.753906	S	18312	0	s	1357340898957.200928
planetlab2.umassd.edu_planetlab1.cs.unc.edu_42729 1	61067.418945	60992.688000	0.025000	0.002000	61067.418945	S	18326	0	s	1357340899119.073975
planetlab2.umassd.edu_planetlab1.cs.unc.edu_42735 1	61096.437012	61022.169000	0.023000	0.002000	61096.437012	S	18333	0	s	1357340899148.197998
planetlab2.umassd.edu_planetlab1.cs.unc.edu_42739 1	61126.917969	61051.984000	0.024000	0.007000	61126.917969	S	18336	0	s	1357340899178.721924
planetlab2.umassd.edu_planetlab1.cs.unc.edu_42741 1	61134.485840	61059.662000	0.028000	0.002000	61134.485840	S	18337	0	s	1357340899186.304932
planetlab2.umassd.edu_planetlab1.cs.unc.edu_42745 1	61157.830078	61082.588000	0.025000	0.002000	61157.830078	S	18338	0	s	1357340899209.663086
planetlab2.umassd.edu_planetlab1.cs.unc.edu_42747 1	61159.026123	61084.319000	0.025000	0.002000	61159.026123	S	18339	0	s	1357340899210.872070
planetlab2.umassd.edu_planetlab1.cs.unc.edu_42754 1	61189.295898	61114.765000	0.035000	0.002000	61189.295898	S	18343	0	s	1357340899241.650879
planetlab2.umassd.edu_planetlab1.cs.unc.edu_42756 1	61209.919922	61135.328000	0.023000	0.002000	61209.919922	S	18344	0	s	1357340899262.294922
planetlab2.umassd.edu_planetlab1.cs.unc.edu_42758 1	61212.289062	61137.760000	0.029000	0.002000	61212.289062	S	18345	0	s	1357340899264.677002
planetlab2.umassd.edu_planetlab1.cs.unc.edu_42760 1	61232.316162	61158.104000	0.026000	0.011000	61232.316162	S	18346	0	s	1357340899284.724121
planetlab2.umassd.edu_planetlab1.cs.unc.edu_42764 1	61248.781006	61174.259000	0.025000	0.002000	61248.781006	S	18347	0	s	1357340899301.204102
planetlab2.umassd.edu_planetlab1.cs.unc.edu_42766 1	61255.288086	61180.454000	0.024000	0.001000	61255.288086	S	18348	0	s	1357340899307.724121
planetlab2.umassd.edu_planetlab1.cs.unc.edu_42773 1	61306.740967	61232.038000	0.030000	0.002000	61306.740967	S	18355	0	s	1357340899359.330078
planetlab2.umassd.edu_planetlab1.cs.unc.edu_42775 1	61324.090088	61249.555000	0.024000	0.002000	61324.090088	S	18359	0	s	1357340899377.041992
planetlab2.umassd.edu_planetlab1.cs.unc.edu_42777 1	61328.501953	61253.894000	0.026000	0.002000	61328.501953	S	18360	0	s	1357340899381.468994
planetlab2.umassd.edu_planetlab1.cs.unc.edu_42783 1	61403.201904	61328.343000	0.025000	0.002000	61403.201904	S	18369	0	s	1357340899456.315918
planetlab2.umassd.edu_planetlab1.cs.unc.edu_42785 1	61424.405029	61350.095000	0.029000	0.002000	61424.405029	S	18370	0	s	1357340899477.537109
planetlab2.umassd.edu_planetlab1.cs.unc.edu_42788 1	61436.293945	61361.767000	0.023000	0.007000	61436.293945	S	18371	0	s	1357340899489.439941
planetlab-01.cs.princeton.edu_planetlab1.cs.unc.edu_10703 9	64584.848145	63373.233000	0.918000	0.024000	64584.848145	S	18349	1088	s	1357340902637.299072
planetlab-01.cs.princeton.edu_planetlab1.cs.unc.edu_10713 9	64691.840820	63402.250000	1.761000	0.023000	64691.840820	S	18247	1088	s	1357340902742.316895
planetlab-01.cs.princeton.edu_planetlab1.cs.unc.edu_10718 9	64715.789062	63208.114000	0.230000	0.024000	64715.789062	S	18226	1088	s	1357340902765.740967
planetlab3.williams.edu_planetlab1.cs.unc.edu_28293 9	65118.781006	64251.467000	0.157000	0.063000	65118.781006	S	18094	544	s	1357340903166.510986
planetlab3.williams.edu_planetlab1.cs.unc.edu_28411 9	65965.562012	65036.970000	0.142000	0.015000	65965.562012	S	18298	544	s	1357340904016.802979
nodeb.howard.edu_planetlab1.cs.unc.edu_6037 3	67676.478027	67349.679000	0.133000	0.013000	67676.478027	S	17992	2304	s	1357340905722.644043
nodeb.howard.edu_planetlab1.cs.unc.edu_6068 3	67801.611816	67297.734000	0.166000	0.009000	67801.611816	S	18179	2304	s	1357340905850.596924
nodeb.howard.edu_planetlab1.cs.unc.edu_6074 3	67816.065186	67343.248000	0.084000	0.009000	67816.065186	S	18294	2304	s	1357340905867.247070
nodeb.howard.edu_planetlab1.cs.unc.edu_6081 3	67835.860840	67342.745000	0.099000	0.008000	67835.860840	S	18332	2304	s	1357340905887.606934
planetlab3.rutgers.edu_planetlab1.cs.unc.edu_3554 9	68152.302979	67174.991000	0.342000	0.037000	68152.302979	S	17871	2400	s	1357340906196.482910
planetlab05.cs.washington.edu_planetlab1.cs.unc.edu_13865 9	80740.179932	80506.596000	0.529000	0.026000	80740.179932	S	17686	320	s	1357340918779.927002
planet6.cs.ucsb.edu_planetlab1.cs.unc.edu_10062 9	84978.497070	83859.020000	0.246000	0.017000	84978.497070	S	17938	768	s	1357340923023.802002
planet6.cs.ucsb.edu_planetlab1.cs.unc.edu_10083 9	85087.348877	83995.003000	0.139000	0.016000	85087.348877	S	18061	768	s	1357340923134.585938
planet6.cs.ucsb.edu_planetlab1.cs.unc.edu_10091 9	85096.510986	84005.183000	0.179000	0.260000	85096.510986	S	18168	768	s	1357340923145.332031
planet6.cs.ucsb.edu_planetlab1.cs.unc.edu_10119 9	85235.302002	84143.697000	0.635000	0.022000	85235.302002	S	18374	768	s	1357340923288.497070
flow.colgate.edu_planetlab1.cs.unc.edu_21703 1	98218.610840	98121.237000	0.028000	0.002000	98218.610840	S	17996	64	s	1357340936264.837891
flow.colgate.edu_planetlab1.cs.unc.edu_23359 1	116590.079102	116494.048000	0.026000	0.002000	116590.079102	S	18060	64	s	1357340954637.298096
flow.colgate.edu_planetlab1.cs.unc.edu_23497 1	117216.979004	117120.543000	0.034000	0.001000	117216.979004	S	18116	64	s	1357340955265.039062
flow.colgate.edu_planetlab1.cs.unc.edu_23522 1	117298.228027	117201.503000	0.024000	0.002000	117298.228027	S	18120	64	s	1357340955346.346924
flow.colgate.edu_planetlab1.cs.unc.edu_23528 1	117313.978027	117216.917000	0.022000	0.002000	117313.978027	S	18124	64	s	1357340955362.156982
flow.colgate.edu_planetlab1.cs.unc.edu_23533 1	117330.390869	117233.724000	0.022000	0.002000	117330.390869	S	18125	64	s	1357340955378.586914
flow.colgate.edu_planetlab1.cs.unc.edu_23535 1	117330.854980	117234.123000	0.021000	0.001000	117330.854980	S	18126	64	s	1357340955379.066895
flow.colgate.edu_planetlab1.cs.unc.edu_23567 1	117455.311035	117358.496000	0.025000	0.002000	117455.311035	S	18140	64	s	1357340955503.730957
flow.colgate.edu_planetlab1.cs.unc.edu_23613 1	117625.330078	117528.133000	0.026000	0.002000	117625.330078	S	18156	64	s	1357340955673.979980
ricepl-2.cs.rice.edu_planetlab1.cs.unc.edu_24423 2	118874.577881	118703.229000	0.047000	0.002000	118874.577881	S	17670	128	s	1357340956914.035889
ricepl-2.cs.rice.edu_planetlab1.cs.unc.edu_24425 2	118879.192139	118706.754000	0.048000	0.003000	118879.192139	S	17674	128	s	1357340956918.728027
ricepl-2.cs.rice.edu_planetlab1.cs.unc.edu_24429 2	118910.668945	118738.423000	0.164000	0.003000	118910.668945	S	17676	128	s	1357340956950.233887
ricepl-2.cs.rice.edu_planetlab1.cs.unc.edu_24435 2	118966.490967	118794.079000	0.045000	0.003000	118966.490967	S	17678	128	s	1357340957006.104004
ricepl-2.cs.rice.edu_planetlab1.cs.unc.edu_24437 2	119002.994141	118831.537000	0.045000	0.003000	119002.994141	S	17679	128	s	1357340957042.624023
ricepl-2.cs.rice.edu_planetlab1.cs.unc.edu_24458 2	119176.905029	119005.974000	0.061000	0.007000	119176.905029	S	17694	128	s	1357340957216.803955
ricepl-2.cs.rice.edu_planetlab1.cs.unc.edu_24490 2	119277.675049	119106.205000	0.046000	0.006000	119277.675049	S	17710	128	s	1357340957317.959961
planetlab6.flux.utah.edu_planetlab1.cs.unc.edu_33825 9	119428.649902	118671.177000	0.201000	0.020000	119428.649902	S	17640	160	s	1357340957466.792969
ricepl-2.cs.rice.edu_planetlab1.cs.unc.edu_24567 2	119613.298096	119440.600000	0.059000	0.010000	119613.298096	S	17742	128	s	1357340957654.894043
planetlab-02.bu.edu_planetlab1.cs.unc.edu_19048 3	119723.593994	119505.897000	0.096000	0.008000	119723.593994	S	17757	192	s	1357340957765.437012
ricepl-2.cs.rice.edu_planetlab1.cs.unc.edu_24590 2	119794.640137	119620.617000	0.047000	0.003000	119794.640137	S	17778	128	s	1357340957836.839111
ricepl-2.cs.rice.edu_planetlab1.cs.unc.edu_24617 2	119947.720947	119773.875000	0.555000	0.005000	119947.720947	S	17806	128	s	1357340957990.512939
ricepl-2.cs.rice.edu_planetlab1.cs.unc.edu_24623 2	119968.873047	119796.488000	0.052000	0.004000	119968.873047	S	17816	128	s	1357340958011.833008
planetlab-02.bu.edu_planetlab1.cs.unc.edu_19052 3	120094.948975	119877.693000	0.070000	0.004000	120094.948975	S	17847	192	s	1357340958138.435059
planetlab-02.bu.edu_planetlab1.cs.unc.edu_19054 3	120151.329102	119934.555000	0.063000	0.005000	120151.329102	S	17858	192	s	1357340958194.989990
ricepl-2.cs.rice.edu_planetlab1.cs.unc.edu_24672 2	120207.906006	120035.139000	0.057000	0.003000	120207.906006	S	17926	128	s	1357340958253.027100
ricepl-2.cs.rice.edu_planetlab1.cs.unc.edu_24674 2	120210.355957	120037.562000	0.046000	0.004000	120210.355957	S	17930	128	s	1357340958255.539062
ricepl-2.cs.rice.edu_planetlab1.cs.unc.edu_24676 2	120223.333008	120050.642000	0.060000	0.004000	120223.333008	S	17932	128	s	1357340958268.543945
ricepl-2.cs.rice.edu_planetlab1.cs.unc.edu_24679 2	120231.687012	120059.753000	0.046000	0.003000	120231.687012	S	17934	128	s	1357340958276.926025
ricepl-2.cs.rice.edu_planetlab1.cs.unc.edu_24681 2	120240.157227	120066.578000	0.045000	0.007000	120240.157227	S	17935	128	s	1357340958285.412109
ricepl-2.cs.rice.edu_planetlab1.cs.unc.edu_24687 2	120246.222900	120073.544000	0.050000	0.003000	120246.222900	S	17950	128	s	1357340958291.718994
planetlab2.cs.pitt.edu_planetlab1.cs.unc.edu_15563 4	120273.276123	119994.218000	0.174000	0.007000	120273.276123	S	17883	176	s	1357340958317.693115
ricepl-2.cs.rice.edu_planetlab1.cs.unc.edu_24698 2	120294.846924	120120.765000	0.047000	0.003000	120294.846924	S	17966	128	s	1357340958340.596924
ricepl-2.cs.rice.edu_planetlab1.cs.unc.edu_24701 2	120297.625977	120123.455000	0.037000	0.002000	120297.625977	S	17968	128	s	1357340958343.406982
planetlab6.flux.utah.edu_planetlab1.cs.unc.edu_33892 9	120307.451904	119552.309000	0.175000	0.083000	120307.451904	S	17768	160	s	1357340958349.489014
ricepl-2.cs.rice.edu_planetlab1.cs.unc.edu_24706 2	120315.753906	120143.619000	0.065000	0.054000	120315.753906	S	17989	128	s	1357340958361.874023
ricepl-2.cs.rice.edu_planetlab1.cs.unc.edu_24712 2	120333.531006	120160.833000	0.050000	0.003000	120333.531006	S	17998	128	s	1357340958379.800049
planetlab6.flux.utah.edu_planetlab1.cs.unc.edu_33927 9	121014.638916	120256.841000	0.134000	0.021000	121014.638916	S	18024	160	s	1357340959061.306885
ricepl-2.cs.rice.edu_planetlab1.cs.unc.edu_25188 2	122575.237061	122401.381000	0.046000	0.003000	122575.237061	S	18062	128	s	1357340960622.488037
ricepl-2.cs.rice.edu_planetlab1.cs.unc.edu_25250 2	122941.636963	122768.875000	0.072000	0.002000	122941.636963	S	18138	128	s	1357340960990.023926
ricepl-2.cs.rice.edu_planetlab1.cs.unc.edu_25278 2	123110.066162	122937.338000	0.057000	0.060000	123110.066162	S	18178	128	s	1357340961159.037109
ricepl-2.cs.rice.edu_planetlab1.cs.unc.edu_25281 2	123118.700928	122944.831000	0.051000	0.003000	123118.700928	S	18180	128	s	1357340961167.699951
ricepl-2.cs.rice.edu_planetlab1.cs.unc.edu_25285 2	123143.534912	122969.321000	0.045000	0.012000	123143.534912	S	18182	128	s	1357340961192.563965
ricepl-2.cs.rice.edu_planetlab1.cs.unc.edu_25289 2	123155.279053	122982.907000	0.044000	0.003000	123155.279053	S	18183	128	s	1357340961204.322021
ricepl-2.cs.rice.edu_planetlab1.cs.unc.edu_25291 2	123168.280029	122996.426000	0.040000	0.006000	123168.280029	S	18184	128	s	1357340961217.340088
ricepl-2.cs.rice.edu_planetlab1.cs.unc.edu_25300 2	123221.606201	123047.050000	0.047000	0.058000	123221.606201	S	18186	128	s	1357340961270.694092
ricepl-2.cs.rice.edu_planetlab1.cs.unc.edu_25302 2	123228.834961	123052.134000	0.041000	0.003000	123228.834961	S	18187	128	s	1357340961277.938965
ricepl-2.cs.rice.edu_planetlab1.cs.unc.edu_25305 2	123240.406006	123066.012000	0.044000	0.002000	123240.406006	S	18188	128	s	1357340961289.523926
ricepl-2.cs.rice.edu_planetlab1.cs.unc.edu_25307 2	123257.396973	123082.792000	0.042000	0.012000	123257.396973	S	18189	128	s	1357340961306.531006
ricepl-2.cs.rice.edu_planetlab1.cs.unc.edu_25311 2	123270.957031	123096.794000	0.039000	0.012000	123270.957031	S	18190	128	s	1357340961320.106934
ricepl-2.cs.rice.edu_planetlab1.cs.unc.edu_25314 2	123293.184082	123121.014000	0.040000	0.004000	123293.184082	S	18191	128	s	1357340961342.349121
ricepl-2.cs.rice.edu_planetlab1.cs.unc.edu_25318 2	123307.039062	123132.517000	0.050000	0.005000	123307.039062	S	18198	128	s	1357340961356.308105
ricepl-2.cs.rice.edu_planetlab1.cs.unc.edu_25324 2	123342.952881	123169.754000	0.191000	0.007000	123342.952881	S	18202	128	s	1357340961392.283936
ricepl-2.cs.rice.edu_planetlab1.cs.unc.edu_25328 2	123365.269043	123192.442000	0.040000	0.004000	123365.269043	S	18204	128	s	1357340961414.781006
ricepl-2.cs.rice.edu_planetlab1.cs.unc.edu_25330 2	123373.705811	123201.277000	0.042000	0.001000	123373.705811	S	18206	128	s	1357340961423.263916
ricepl-2.cs.rice.edu_planetlab1.cs.unc.edu_25339 2	123437.508057	123264.262000	0.045000	0.003000	123437.508057	S	18207	128	s	1357340961487.081055
ricepl-2.cs.rice.edu_planetlab1.cs.unc.edu_25344 2	123452.587158	123279.124000	0.053000	0.003000	123452.587158	S	18214	128	s	1357340961502.339111
ricepl-2.cs.rice.edu_planetlab1.cs.unc.edu_25355 2	123509.265137	123334.734000	0.048000	0.004000	123509.265137	S	18218	128	s	1357340961559.082031
ricepl-2.cs.rice.edu_planetlab1.cs.unc.edu_25359 2	123540.514160	123366.441000	0.069000	0.004000	123540.514160	S	18222	128	s	1357340961590.391113
ricepl-2.cs.rice.edu_planetlab1.cs.unc.edu_25362 2	123557.611084	123384.740000	0.039000	0.003000	123557.611084	S	18220	128	s	1357340961607.458984
ricepl-2.cs.rice.edu_planetlab1.cs.unc.edu_25364 2	123575.467041	123401.605000	0.044000	0.002000	123575.467041	S	18223	128	s	1357340961625.373047
ricepl-2.cs.rice.edu_planetlab1.cs.unc.edu_25376 2	123648.582031	123474.434000	0.054000	0.003000	123648.582031	S	18238	128	s	1357340961698.927002
ricepl-2.cs.rice.edu_planetlab1.cs.unc.edu_25403 2	123881.137939	123709.033000	0.044000	0.004000	123881.137939	S	18246	128	s	1357340961931.596924
ricepl-2.cs.rice.edu_planetlab1.cs.unc.edu_25420 2	123989.645020	123815.989000	0.056000	0.003000	123989.645020	S	18250	128	s	1357340962040.165039
ricepl-2.cs.rice.edu_planetlab1.cs.unc.edu_25422 2	124004.410889	123829.842000	0.049000	0.004000	124004.410889	S	18252	128	s	1357340962054.958984
ricepl-2.cs.rice.edu_planetlab1.cs.unc.edu_25431 2	124046.467041	123872.835000	0.050000	0.003000	124046.467041	S	18254	128	s	1357340962097.043945
ricepl-2.cs.rice.edu_planetlab1.cs.unc.edu_25434 2	124077.122070	123903.256000	0.070000	0.004000	124077.122070	S	18255	128	s	1357340962127.714111
ricepl-2.cs.rice.edu_planetlab1.cs.unc.edu_25444 2	124138.828125	123965.418000	0.057000	0.004000	124138.828125	S	18270	128	s	1357340962189.643066
ricepl-2.cs.rice.edu_planetlab1.cs.unc.edu_25456 2	124210.877197	124035.926000	0.044000	0.003000	124210.877197	S	18286	128	s	1357340962261.944092
ricepl-2.cs.rice.edu_planetlab1.cs.unc.edu_25474 2	124329.661133	124157.106000	0.062000	0.002000	124329.661133	S	18299	128	s	1357340962380.916016
ricepl-2.cs.rice.edu_planetlab1.cs.unc.edu_25483 2	124361.029053	124186.185000	0.066000	0.003000	124361.029053	S	18310	128	s	1357340962412.447998
ricepl-2.cs.rice.edu_planetlab1.cs.unc.edu_25488 2	124402.184814	124228.072000	0.058000	0.003000	124402.184814	S	18314	128	s	1357340962453.660889
ricepl-2.cs.rice.edu_planetlab1.cs.unc.edu_25493 2	124415.756104	124242.230000	0.263000	0.003000	124415.756104	S	18316	128	s	1357340962467.260986
ricepl-2.cs.rice.edu_planetlab1.cs.unc.edu_25495 2	124429.706055	124256.894000	0.046000	0.002000	124429.706055	S	18318	128	s	1357340962481.239990
ricepl-2.cs.rice.edu_planetlab1.cs.unc.edu_25497 2	124433.559814	124260.763000	0.042000	0.005000	124433.559814	S	18319	128	s	1357340962485.108887
ricepl-2.cs.rice.edu_planetlab1.cs.unc.edu_25502 2	124452.197021	124277.760000	0.050000	0.003000	124452.197021	S	18321	128	s	1357340962503.773926
ricepl-2.cs.rice.edu_planetlab1.cs.unc.edu_25510 2	124487.873047	124314.109000	0.071000	0.003000	124487.873047	S	18334	128	s	1357340962539.647949
ricepl-2.cs.rice.edu_planetlab1.cs.unc.edu_25520 2	124556.473877	124376.387000	0.050000	0.004000	124556.473877	S	18350	128	s	1357340962608.951904
planetlab1.cs.uiuc.edu_planetlab1.cs.unc.edu_39035 1	125650.174072	125561.468000	0.053000	0.002000	125650.174072	S	18278	32	s	1357340963701.122070
planetlab6.cs.duke.edu_planetlab1.cs.unc.edu_17393 9	183358.274902	182853.964000	0.188000	0.021000	183358.274902	S	17981	144	s	1357341021404.274902
planetlab6.cs.duke.edu_planetlab1.cs.unc.edu_17445 9	184366.931885	183864.465000	0.156000	0.018000	184366.931885	S	18077	144	s	1357341022414.418945
planetlab6.cs.duke.edu_planetlab1.cs.unc.edu_17447 9	184368.698975	183864.211000	0.162000	0.066000	184368.698975	S	18093	144	s	1357341022416.413086
planetlab6.cs.duke.edu_planetlab1.cs.unc.edu_17449 9	184371.742920	183866.524000	0.201000	0.020000	184371.742920	S	18101	144	s	1357341022419.576904
planetlab6.cs.duke.edu_planetlab1.cs.unc.edu_17452 9	184446.474121	183943.352000	0.249000	0.017000	184446.474121	S	18109	144	s	1357341022494.435059
planetlab6.cs.duke.edu_planetlab1.cs.unc.edu_17453 9	184446.667969	183942.894000	0.180000	0.019000	184446.667969	S	18105	144	s	1357341022494.566895
planetlab6.cs.duke.edu_planetlab1.cs.unc.edu_17455 9	184482.463867	183976.845000	0.185000	0.022000	184482.463867	S	18108	144	s	1357341022530.408936
planetlab6.cs.duke.edu_planetlab1.cs.unc.edu_17457 9	184506.174072	184003.448000	0.205000	0.020000	184506.174072	S	18111	144	s	1357341022554.164062
planetlab6.cs.duke.edu_planetlab1.cs.unc.edu_17468 9	184656.717041	184150.632000	0.209000	0.017000	184656.717041	S	18173	144	s	1357341022705.615967
planetlab6.cs.duke.edu_planetlab1.cs.unc.edu_17492 9	185471.512939	184967.019000	0.312000	0.271000	185471.512939	S	18365	144	s	1357341023524.564941
flow.colgate.edu_planetlab1.cs.unc.edu_35124 2	248038.180908	247904.764000	0.038000	0.002000	248038.180908	S	17648	64	s	1357341086077.260986
flow.colgate.edu_planetlab1.cs.unc.edu_35190 2	248301.291016	248168.165000	0.035000	0.119000	248301.291016	S	17700	64	s	1357341086341.291992
flow.colgate.edu_planetlab1.cs.unc.edu_35213 2	248406.620850	248273.992000	0.035000	0.005000	248406.620850	S	17711	64	s	1357341086446.920898
flow.colgate.edu_planetlab1.cs.unc.edu_35352 2	249081.287109	248947.545000	0.036000	0.004000	249081.287109	S	17732	64	s	1357341087122.714111
flow.colgate.edu_planetlab1.cs.unc.edu_35387 2	249215.670898	249081.532000	0.043000	0.003000	249215.670898	S	17754	64	s	1357341087257.459961
flow.colgate.edu_planetlab1.cs.unc.edu_35390 2	249219.197021	249084.256000	0.038000	0.004000	249219.197021	S	17760	64	s	1357341087261.099121
flow.colgate.edu_planetlab1.cs.unc.edu_35394 2	249231.216064	249097.029000	0.041000	0.003000	249231.216064	S	17764	64	s	1357341087273.187012
flow.colgate.edu_planetlab1.cs.unc.edu_35396 2	249241.315918	249106.359000	0.039000	0.004000	249241.315918	S	17765	64	s	1357341087283.302979
flow.colgate.edu_planetlab1.cs.unc.edu_35398 2	249245.046143	249110.408000	0.041000	0.003000	249245.046143	S	17766	64	s	1357341087287.048096
flow.colgate.edu_planetlab1.cs.unc.edu_35406 2	249273.270020	249139.053000	0.046000	0.004000	249273.270020	S	17772	64	s	1357341087315.373047
flow.colgate.edu_planetlab1.cs.unc.edu_35414 2	249299.909912	249165.494000	0.041000	0.003000	249299.909912	S	17780	64	s	1357341087342.139893
flow.colgate.edu_planetlab1.cs.unc.edu_35491 2	249625.733887	249490.435000	0.040000	0.005000	249625.733887	S	17840	64	s	1357341087669.107910
flow.colgate.edu_planetlab1.cs.unc.edu_35566 2	251215.179932	251080.227000	0.037000	0.009000	251215.179932	S	17892	64	s	1357341089259.738037
planetlab4.wail.wisc.edu_planetlab1.cs.unc.edu_35352 3	251612.834229	251415.279000	0.076000	0.003000	251612.834229	S	17922	96	s	1357341089657.891113
flow.colgate.edu_planetlab1.cs.unc.edu_35609 2	252517.735107	252383.276000	0.037000	0.003000	252517.735107	S	17967	64	s	1357341090563.500000
flow.colgate.edu_planetlab1.cs.unc.edu_35634 2	252883.166992	252748.842000	0.039000	0.002000	252883.166992	S	18010	64	s	1357341090929.622070
planetlab1.cs.uiuc.edu_planetlab1.cs.unc.edu_56383 2	254019.281982	253891.171000	0.073000	0.005000	254019.281982	S	17665	32	s	1357341092058.656982
planetlab1.cs.uiuc.edu_planetlab1.cs.unc.edu_56394 2	254040.831055	253912.784000	0.106000	0.003000	254040.831055	S	17668	32	s	1357341092080.260010
planetlab1.cs.uiuc.edu_planetlab1.cs.unc.edu_56398 2	254045.101807	253916.893000	0.069000	0.003000	254045.101807	S	17669	32	s	1357341092084.545898
planetlab1.cs.uiuc.edu_planetlab1.cs.unc.edu_56402 2	254053.247803	253924.647000	0.077000	0.002000	254053.247803	S	17671	32	s	1357341092092.721924
planetlab1.cs.uiuc.edu_planetlab1.cs.unc.edu_56441 2	254120.443115	253992.684000	0.085000	0.002000	254120.443115	S	17677	32	s	1357341092160.040039
planetlab1.cs.uiuc.edu_planetlab1.cs.unc.edu_56501 2	254232.895020	254105.514000	0.051000	0.004000	254232.895020	S	17685	32	s	1357341092272.626953
planetlab1.cs.uiuc.edu_planetlab1.cs.unc.edu_56545 2	254312.384033	254183.532000	0.079000	0.004000	254312.384033	S	17690	32	s	1357341092352.207031
planetlab1.cs.uiuc.edu_planetlab1.cs.unc.edu_56835 2	254841.451904	254714.099000	0.079000	0.002000	254841.451904	S	17701	32	s	1357341092881.469971
planetlab1.cs.uiuc.edu_planetlab1.cs.unc.edu_57467 2	256261.868164	256133.496000	0.071000	0.015000	256261.868164	S	17733	32	s	1357341094303.319092
planetlab1.cs.uiuc.edu_planetlab1.cs.unc.edu_57592 2	256572.967041	256444.956000	0.095000	0.003000	256572.967041	S	17775	32	s	1357341094615.114990
planetlab1.cs.uiuc.edu_planetlab1.cs.unc.edu_57757 2	257045.740967	256917.106000	0.081000	0.003000	257045.740967	S	17792	32	s	1357341095088.187012
planetlab1.cs.uiuc.edu_planetlab1.cs.unc.edu_57779 2	257116.364990	256986.893000	0.065000	0.003000	257116.364990	S	17793	32	s	1357341095158.824951
planetlab1.cs.uiuc.edu_planetlab1.cs.unc.edu_57797 2	257165.739014	257036.828000	0.075000	0.003000	257165.739014	S	17795	32	s	1357341095208.232910
planetlab1.cs.uiuc.edu_planetlab1.cs.unc.edu_57799 2	257166.939941	257039.277000	0.076000	0.002000	257166.939941	S	17796	32	s	1357341095209.447998
planetlab1.cs.uiuc.edu_planetlab1.cs.unc.edu_57810 2	257200.773926	257071.961000	0.076000	0.003000	257200.773926	S	17798	32	s	1357341095243.313965
planetlab1.cs.uiuc.edu_planetlab1.cs.unc.edu_57812 2	257205.125000	257075.960000	0.067000	0.003000	257205.125000	S	17797	32	s	1357341095247.648926
planetlab1.cs.uiuc.edu_planetlab1.cs.unc.edu_57820 2	257229.635010	257101.620000	0.079000	0.003000	257229.635010	S	17799	32	s	1357341095272.190918
planetlab1.cs.uiuc.edu_planetlab1.cs.unc.edu_57823 2	257237.105957	257108.770000	0.060000	0.002000	257237.105957	S	17801	32	s	1357341095279.811035
planetlab1.cs.uiuc.edu_planetlab1.cs.unc.edu_57836 2	257272.604004	257144.157000	0.090000	0.003000	257272.604004	S	17804	32	s	1357341095315.363037
planetlab1.cs.uiuc.edu_planetlab1.cs.unc.edu_57849 2	257302.028076	257173.791000	0.066000	0.005000	257302.028076	S	17805	32	s	1357341095344.802979
planetlab1.cs.uiuc.edu_planetlab1.cs.unc.edu_57860 2	257338.959961	257209.796000	0.081000	0.004000	257338.959961	S	17807	32	s	1357341095381.769043
planetlab1.cs.uiuc.edu_planetlab1.cs.unc.edu_57869 2	257363.812988	257234.285000	0.085000	0.003000	257363.812988	S	17809	32	s	1357341095406.653076
planetlab1.cs.uiuc.edu_planetlab1.cs.unc.edu_57873 2	257373.747070	257244.194000	0.080000	0.003000	257373.747070	S	17812	32	s	1357341095416.643066
planetlab1.cs.uiuc.edu_planetlab1.cs.unc.edu_57876 2	257378.449951	257250.022000	0.051000	0.007000	257378.449951	S	17813	32	s	1357341095421.362061
planetlab1.cs.uiuc.edu_planetlab1.cs.unc.edu_57882 2	257392.480957	257262.874000	0.059000	0.003000	257392.480957	S	17815	32	s	1357341095435.424072
planetlab1.cs.uiuc.edu_planetlab1.cs.unc.edu_57912 2	257472.318848	257343.239000	0.065000	0.007000	257472.318848	S	17821	32	s	1357341095515.358887
planetlab1.cs.uiuc.edu_planetlab1.cs.unc.edu_57927 2	257522.248047	257392.994000	0.077000	0.008000	257522.248047	S	17825	32	s	1357341095565.356934
planetlab1.cs.uiuc.edu_planetlab1.cs.unc.edu_57936 2	257550.301025	257419.951000	0.065000	0.002000	257550.301025	S	17828	32	s	1357341095593.468994
planetlab1.cs.uiuc.edu_planetlab1.cs.unc.edu_57938 2	257551.052002	257421.879000	0.047000	0.003000	257551.052002	S	17829	32	s	1357341095594.237061
planetlab1.cs.uiuc.edu_planetlab1.cs.unc.edu_57956 2	257603.645020	257474.415000	0.075000	0.003000	257603.645020	S	17831	32	s	1357341095646.864990
planetlab1.cs.uiuc.edu_planetlab1.cs.unc.edu_57974 2	257680.743896	257552.738000	0.063000	0.005000	257680.743896	S	17837	32	s	1357341095724.065918
planetlab1.cs.uiuc.edu_planetlab1.cs.unc.edu_57997 2	257763.546875	257634.880000	0.077000	0.003000	257763.546875	S	17845	32	s	1357341095807.003906
flow.colgate.edu_planetlab1.cs.unc.edu_36362 2	258681.818848	258546.957000	0.040000	0.003000	258681.818848	S	18096	64	s	1357341096729.575928
planetlab4.wail.wisc.edu_planetlab1.cs.unc.edu_35568 3	259557.451904	259360.356000	0.065000	0.004000	259557.451904	S	18236	96	s	1357341097607.761963
flow.colgate.edu_planetlab1.cs.unc.edu_36602 2	259755.269043	259618.961000	0.044000	0.003000	259755.269043	S	18276	64	s	1357341097806.187012
planetlab4.wail.wisc.edu_planetlab1.cs.unc.edu_35570 3	259758.263184	259558.371000	0.081000	0.005000	259758.263184	S	18249	96	s	1357341097808.767090
pl2.eecs.utk.edu_planetlab1.cs.unc.edu_9742 9	259894.269043	259671.960000	0.152000	0.012000	259894.269043	S	18303	80	s	1357341097945.583984
planetlab1.cs.uiuc.edu_planetlab1.cs.unc.edu_58134 2	260808.472900	260677.607000	0.068000	0.003000	260808.472900	S	17857	32	s	1357341098852.118896
planetlab1.cs.uiuc.edu_planetlab1.cs.unc.edu_58172 2	260975.242920	260845.505000	0.055000	0.003000	260975.242920	S	17861	32	s	1357341099018.948975
planetlab1.cs.uiuc.edu_planetlab1.cs.unc.edu_58189 2	261019.753174	260890.922000	0.077000	0.004000	261019.753174	S	17860	32	s	1357341099063.445068
planetlab1.cs.uiuc.edu_planetlab1.cs.unc.edu_58209 2	261084.384033	260954.903000	0.072000	0.003000	261084.384033	S	17863	32	s	1357341099128.120117
planetlab1.cs.uiuc.edu_planetlab1.cs.unc.edu_58225 2	261143.479004	261014.465000	0.062000	0.002000	261143.479004	S	17869	32	s	1357341099187.628906
planetlab1.cs.uiuc.edu_planetlab1.cs.unc.edu_58239 2	261202.145996	261073.595000	0.094000	0.003000	261202.145996	S	17877	32	s	1357341099246.420898
planetlab1.cs.uiuc.edu_planetlab1.cs.unc.edu_58261 2	261277.976074	261148.927000	0.084000	0.006000	261277.976074	S	17893	32	s	1357341099322.549072
planetlab1.cs.uiuc.edu_planetlab1.cs.unc.edu_58274 2	261311.565918	261182.408000	0.078000	0.004000	261311.565918	S	17904	32	s	1357341099356.325928
planetlab1.cs.uiuc.edu_planetlab1.cs.unc.edu_58379 2	261610.087891	261481.695000	0.066000	0.003000	261610.087891	S	17965	32	s	1357341099655.822998
planetlab1.cs.uiuc.edu_planetlab1.cs.unc.edu_61288 2	268749.585205	265619.926000	0.081000	0.004000	268749.585205	S	18053	32	s	1357341106796.694092
planetlab1.cs.uiuc.edu_planetlab1.cs.unc.edu_61500 2	269557.798096	269426.020000	0.073000	0.002000	269557.798096	S	18181	32	s	1357341107606.812988
planetlab1.cs.uiuc.edu_planetlab1.cs.unc.edu_61516 2	269616.843994	269487.678000	0.074000	0.002000	269616.843994	S	18195	32	s	1357341107666.064941
planetlab1.cs.uiuc.edu_planetlab1.cs.unc.edu_61797 2	271409.134033	271279.630000	0.077000	0.002000	271409.134033	S	18305	32	s	1357341109460.479004
planetlab1.cs.uiuc.edu_planetlab1.cs.unc.edu_61803 2	271467.342041	271338.862000	0.071000	0.002000	271467.342041	S	18308	32	s	1357341109518.729004
planetlab1.cs.uiuc.edu_planetlab1.cs.unc.edu_61806 2	271508.974854	271378.817000	0.070000	0.003000	271508.974854	S	18309	32	s	1357341109560.377930
planetlab1.cs.uiuc.edu_planetlab1.cs.unc.edu_61816 2	271601.593994	271472.294000	0.210000	0.012000	271601.593994	S	18311	32	s	1357341109653.028076
planetlab1.cs.uiuc.edu_planetlab1.cs.unc.edu_61828 2	271778.090088	271647.865000	0.069000	0.001000	271778.090088	S	18317	32	s	1357341109829.610107
planetlab1.cs.uiuc.edu_planetlab1.cs.unc.edu_61845 2	271878.692871	271749.525000	0.084000	0.003000	271878.692871	S	18325	32	s	1357341109930.333984
planetlab1.cs.uiuc.edu_planetlab1.cs.unc.edu_61894 2	272483.431152	272353.944000	0.072000	0.005000	272483.431152	S	18341	32	s	1357341110535.634033
planetlab1.cs.uiuc.edu_planetlab1.cs.unc.edu_61975 2	275652.009033	275522.361000	0.071000	0.004000	275652.009033	S	18373	32	s	1357341113705.185059
pl2.eecs.utk.edu_planetlab1.cs.unc.edu_19367 9	324609.471924	324019.993000	0.131000	0.016000	324609.471924	S	17667	80	s	1357341162648.885010
pl2.eecs.utk.edu_planetlab1.cs.unc.edu_19381 9	324695.868164	324107.635000	0.159000	0.016000	324695.868164	S	17820	80	s	1357341162738.892090
pl2.eecs.utk.edu_planetlab1.cs.unc.edu_19386 9	324719.184082	324131.376000	0.184000	0.013000	324719.184082	S	17897	80	s	1357341162763.822998
earth.cs.brown.edu_planetlab1.cs.unc.edu_38552 9	398795.223877	398368.057000	0.269000	0.019000	398795.223877	S	17718	48	s	1357341236835.638916
earth.cs.brown.edu_planetlab1.cs.unc.edu_38592 9	399065.487061	398639.904000	0.250000	0.021000	399065.487061	S	17974	48	s	1357341237111.362061
planetlab2.umassd.edu_planetlab1.cs.unc.edu_148887 9	854034.101074	853407.269000	0.164000	0.010000	854034.101074	S	17656	0	s	1357341692073.308105
planetlab2.umassd.edu_planetlab1.cs.unc.edu_148891 9	854036.337158	853410.406000	0.138000	0.015000	854036.337158	S	17708	0	s	1357341692076.592041
planetlab2.umassd.edu_planetlab1.cs.unc.edu_148889 9	854037.684082	853408.222000	0.154000	0.014000	854037.684082	S	17680	0	s	1357341692077.331055
planetlab2.umassd.edu_planetlab1.cs.unc.edu_148901 9	854055.514160	853427.697000	0.164000	0.013000	854055.514160	S	17728	0	s	1357341692096.422119
planetlab2.umassd.edu_planetlab1.cs.unc.edu_148907 9	854068.790771	853439.490000	0.137000	0.014000	854068.790771	S	17745	0	s	1357341692110.431885
planetlab2.umassd.edu_planetlab1.cs.unc.edu_148905 9	854069.022949	853441.031000	0.169000	0.017000	854069.022949	S	17744	0	s	1357341692110.648926
planetlab2.umassd.edu_planetlab1.cs.unc.edu_148909 9	854070.561035	853443.151000	0.141000	0.010000	854070.561035	S	17746	0	s	1357341692112.216064
planetlab2.umassd.edu_planetlab1.cs.unc.edu_148913 9	854075.550049	853446.987000	0.140000	0.158000	854075.550049	S	17748	0	s	1357341692117.235107
planetlab2.umassd.edu_planetlab1.cs.unc.edu_148915 9	854087.575928	853459.805000	0.149000	0.016000	854087.575928	S	17752	0	s	1357341692129.333008
planetlab2.umassd.edu_planetlab1.cs.unc.edu_148928 9	854165.641113	850537.012000	0.148000	0.012000	854165.641113	S	17776	0	s	1357341692207.809082
planetlab2.umassd.edu_planetlab1.cs.unc.edu_148936 9	854205.416016	853577.429000	0.154000	0.017000	854205.416016	S	17862	0	s	1357341692249.136963
planetlab2.umassd.edu_planetlab1.cs.unc.edu_148938 9	854207.787842	853582.177000	0.139000	0.032000	854207.787842	S	17872	0	s	1357341692251.983887
planetlab2.umassd.edu_planetlab1.cs.unc.edu_148944 9	854247.154053	853618.414000	0.165000	0.015000	854247.154053	S	17936	0	s	1357341692292.427002
planetlab2.umassd.edu_planetlab1.cs.unc.edu_148948 9	854250.483154	853623.134000	0.149000	0.018000	854250.483154	S	17984	0	s	1357341692296.529053
planetlab2.umassd.edu_planetlab1.cs.unc.edu_148950 9	854273.039062	853644.314000	0.148000	0.017000	854273.039062	S	17947	0	s	1357341692318.485107
planetlab2.umassd.edu_planetlab1.cs.unc.edu_148952 9	854280.429932	850652.932000	0.157000	0.014000	854280.429932	S	18000	0	s	1357341692326.731934
planetlab2.umassd.edu_planetlab1.cs.unc.edu_148954 9	854287.889893	850662.974000	0.135000	0.015000	854287.889893	S	18002	0	s	1357341692334.219971
planetlab2.umassd.edu_planetlab1.cs.unc.edu_148956 9	854290.512207	850663.140000	0.260000	0.016000	854290.512207	S	18001	0	s	1357341692336.829102
planetlab2.umassd.edu_planetlab1.cs.unc.edu_148958 9	854291.996094	850664.854000	0.178000	0.014000	854291.996094	S	18004	0	s	1357341692338.362061
planetlab2.umassd.edu_planetlab1.cs.unc.edu_148962 9	854317.331055	850690.245000	0.151000	0.011000	854317.331055	S	18008	0	s	1357341692363.757080
planetlab2.umassd.edu_planetlab1.cs.unc.edu_148969 9	854336.614014	853708.839000	0.153000	0.019000	854336.614014	S	18030	0	s	1357341692383.376953
planetlab2.umassd.edu_planetlab1.cs.unc.edu_148971 9	854339.482910	853712.250000	0.165000	0.016000	854339.482910	S	18032	0	s	1357341692386.275879
planetlab2.umassd.edu_planetlab1.cs.unc.edu_149351 9	858313.168945	854687.609000	0.177000	0.011000	858313.168945	S	18052	0	s	1357341696360.262939
planetlab2.umassd.edu_planetlab1.cs.unc.edu_149354 9	858322.693115	857695.578000	0.175000	0.012000	858322.693115	S	18128	0	s	1357341696370.937012
planetlab2.umassd.edu_planetlab1.cs.unc.edu_149356 9	858325.035889	857696.489000	0.180000	0.012000	858325.035889	S	18176	0	s	1357341696373.979004
planetlab2.umassd.edu_planetlab1.cs.unc.edu_149360 9	858330.183105	857703.039000	0.160000	0.020000	858330.183105	S	18192	0	s	1357341696379.361084
planetlab2.umassd.edu_planetlab1.cs.unc.edu_149362 9	858334.482910	857707.437000	0.140000	0.011000	858334.482910	S	18193	0	s	1357341696383.676025
planetlab2.umassd.edu_planetlab1.cs.unc.edu_149364 9	858344.481934	857716.698000	0.147000	0.012000	858344.481934	S	18194	0	s	1357341696393.688965
planetlab2.umassd.edu_planetlab1.cs.unc.edu_149366 9	858353.836914	857727.998000	0.167000	0.016000	858353.836914	S	18196	0	s	1357341696403.077881
planetlab2.umassd.edu_planetlab1.cs.unc.edu_149370 9	858366.025879	857739.234000	0.140000	0.019000	858366.025879	S	18200	0	s	1357341696415.323975
planetlab2.umassd.edu_planetlab1.cs.unc.edu_149376 9	858380.490967	857755.577000	0.164000	0.012000	858380.490967	S	18213	0	s	1357341696430.219971
planetlab2.umassd.edu_planetlab1.cs.unc.edu_149378 9	858397.135986	857770.765000	0.189000	0.018000	858397.135986	S	18224	0	s	1357341696447.058105
planetlab2.umassd.edu_planetlab1.cs.unc.edu_149380 9	858402.717041	857775.117000	0.169000	0.011000	858402.717041	S	18240	0	s	1357341696453.091064
planetlab2.umassd.edu_planetlab1.cs.unc.edu_149382 9	858410.359131	857781.998000	0.145000	0.016000	858410.359131	S	18241	0	s	1357341696460.748047
planetlab2.umassd.edu_planetlab1.cs.unc.edu_149386 9	858412.841797	857786.343000	0.148000	0.011000	858412.841797	S	18242	0	s	1357341696463.243896
planetlab2.umassd.edu_planetlab1.cs.unc.edu_149388 9	858441.509033	857814.589000	0.153000	0.010000	858441.509033	S	18244	0	s	1357341696491.938965
planetlab2.umassd.edu_planetlab1.cs.unc.edu_149390 9	858442.688965	857814.606000	0.152000	0.011000	858442.688965	S	18248	0	s	1357341696493.179932
planetlab2.umassd.edu_planetlab1.cs.unc.edu_149392 9	858447.126953	857820.353000	0.226000	0.018000	858447.126953	S	18256	0	s	1357341696497.738037
planetlab2.umassd.edu_planetlab1.cs.unc.edu_149396 9	858454.629150	857828.244000	0.134000	0.013000	858454.629150	S	18258	0	s	1357341696505.268066
planetlab2.umassd.edu_planetlab1.cs.unc.edu_149398 9	858457.319092	857829.651000	0.143000	0.012000	858457.319092	S	18257	0	s	1357341696507.944092
planetlab2.umassd.edu_planetlab1.cs.unc.edu_149400 9	858457.722900	857829.267000	0.155000	0.014000	858457.722900	S	18259	0	s	1357341696508.375977
planetlab2.umassd.edu_planetlab1.cs.unc.edu_149404 9	858491.854980	857863.588000	0.152000	0.013000	858491.854980	S	18260	0	s	1357341696542.522949
planetlab2.umassd.edu_planetlab1.cs.unc.edu_149406 9	858499.972168	857873.028000	0.139000	0.078000	858499.972168	S	18261	0	s	1357341696550.653076
planetlab2.umassd.edu_planetlab1.cs.unc.edu_149408 9	858501.649170	857873.500000	0.143000	0.011000	858501.649170	S	18262	0	s	1357341696552.350098
planetlab2.umassd.edu_planetlab1.cs.unc.edu_149412 9	858532.093018	857904.341000	0.188000	0.012000	858532.093018	S	18264	0	s	1357341696582.824951
planetlab2.umassd.edu_planetlab1.cs.unc.edu_149414 9	858537.823975	857909.762000	0.206000	0.011000	858537.823975	S	18265	0	s	1357341696588.570068
planetlab2.umassd.edu_planetlab1.cs.unc.edu_149418 9	858543.942871	857917.690000	0.146000	0.009000	858543.942871	S	18266	0	s	1357341696594.702881
planetlab2.umassd.edu_planetlab1.cs.unc.edu_149420 9	858546.718018	857919.143000	0.146000	0.013000	858546.718018	S	18268	0	s	1357341696597.506104
planetlab2.umassd.edu_planetlab1.cs.unc.edu_149422 9	858554.728027	857926.985000	0.153000	0.010000	858554.728027	S	18272	0	s	1357341696605.574951
planetlab2.umassd.edu_planetlab1.cs.unc.edu_149428 9	858585.438965	857956.846000	1.202000	0.013000	858585.438965	S	18288	0	s	1357341696636.533936
planetlab2.umassd.edu_planetlab1.cs.unc.edu_149432 9	858591.721924	857964.492000	0.161000	0.011000	858591.721924	S	18289	0	s	1357341696642.832031
planetlab2.umassd.edu_planetlab1.cs.unc.edu_149434 9	858599.619873	857973.754000	0.128000	0.010000	858599.619873	S	18290	0	s	1357341696650.743896
planetlab2.umassd.edu_planetlab1.cs.unc.edu_149436 9	858606.851807	857979.903000	0.176000	0.014000	858606.851807	S	18292	0	s	1357341696658.003906
planetlab2.umassd.edu_planetlab1.cs.unc.edu_149438 9	858636.215088	855010.522000	0.155000	0.013000	858636.215088	S	18296	0	s	1357341696687.426025
planetlab2.umassd.edu_planetlab1.cs.unc.edu_149440 9	858643.218018	855018.175000	0.198000	0.013000	858643.218018	S	18320	0	s	1357341696694.781006
planetlab2.umassd.edu_planetlab1.cs.unc.edu_149442 9	858678.973145	858053.173000	0.218000	0.016000	858678.973145	S	18362	0	s	1357341696731.977051
planetlab2.umassd.edu_planetlab1.cs.unc.edu_149444 9	858680.066895	858052.938000	0.146000	0.014000	858680.066895	S	18368	0	s	1357341696733.166992
