nodea.howard.edu_planetlab2.acis.ufl.edu_166 2	235.385986	0.096000	0.018000	0.000000	235.385986	32353	3072	s	1357340730863.897949
nodea.howard.edu_planetlab2.acis.ufl.edu_172 2	250.061035	0.247000	0.016000	0.000000	250.061035	32356	3072	s	1357340730878.611084
nodea.howard.edu_planetlab2.acis.ufl.edu_174 2	251.346924	0.201000	0.013000	0.000000	251.346924	32357	3072	s	1357340730879.908936
nodea.howard.edu_planetlab2.acis.ufl.edu_178 2	267.162109	0.024000	0.015000	0.000000	267.162109	32359	3072	s	1357340730895.750000
nodea.howard.edu_planetlab2.acis.ufl.edu_180 2	294.949951	0.271000	0.028000	0.000000	294.949951	32365	3072	s	1357340730923.617920
plgmu2.ite.gmu.edu_planetlab2.acis.ufl.edu_187 2	308.190918	0.853000	0.046000	0.000000	308.190918	32344	1536	s	1357340730936.555908
nodea.howard.edu_planetlab2.acis.ufl.edu_184 2	339.468018	0.165000	0.017000	0.000000	339.468018	32373	3072	s	1357340730968.335938
nodeb.howard.edu_planetlab2.acis.ufl.edu_279 4	852.053955	21.267000	0.028000	0.000000	852.053955	32386	2304	s	1357340731481.087891
nodeb.howard.edu_planetlab2.acis.ufl.edu_280 4	855.779053	25.473000	0.010000	0.000000	855.779053	32416	2304	s	1357340731485.268066
nodea.howard.edu_planetlab2.acis.ufl.edu_298 2	1069.991211	0.068000	0.017000	0.000000	1069.991211	32485	3072	s	1357340731700.485107
nodeb.howard.edu_planetlab2.acis.ufl.edu_328 4	1195.580078	0.319000	0.035000	0.000000	1195.580078	32418	2304	s	1357340731825.093018
nodeb.howard.edu_planetlab2.acis.ufl.edu_330 4	1210.931152	0.085000	0.020000	0.000000	1210.931152	32426	2304	s	1357340731840.662109
nodeb.howard.edu_planetlab2.acis.ufl.edu_333 4	1211.847900	0.549000	0.022000	0.000000	1211.847900	32419	2304	s	1357340731841.376953
nodeb.howard.edu_planetlab2.acis.ufl.edu_338 4	1220.017090	0.108000	0.025000	0.000000	1220.017090	32422	2304	s	1357340731849.684082
nodeb.howard.edu_planetlab2.acis.ufl.edu_367 4	1350.214111	0.083000	0.016000	0.000000	1350.214111	32434	2304	s	1357340731980.050049
nodeb.howard.edu_planetlab2.acis.ufl.edu_389 4	1469.830811	17.877000	0.014000	0.000000	1469.830811	32482	2304	s	1357340732100.284912
planetlab2.acis.ufl.edu_planetlab2.acis.ufl.edu_515 0	1510.312012	1509.683000	0.015000	0.000000	1510.312012	32593	1152	s	1357340732142.356934
nodeb.howard.edu_planetlab2.acis.ufl.edu_419 4	1670.281006	0.084000	0.026000	0.000000	1670.281006	32529	2304	s	1357340732301.424072
nodea.howard.edu_planetlab2.acis.ufl.edu_365 2	1799.253906	0.130000	0.018000	0.000000	1799.253906	32613	3072	s	1357340732431.614014
kupl1.ittc.ku.edu_planetlab2.acis.ufl.edu_65 1	2003.052002	0.079000	0.072000	0.000000	2003.052002	32648	3200	s	1357340732636.147949
planetlab1.cis.upenn.edu_planetlab2.acis.ufl.edu_335 4	2454.046875	961.919000	0.016000	0.000000	2454.046875	32441	2560	s	1357340733083.969971
planetlab1.cis.upenn.edu_planetlab2.acis.ufl.edu_337 4	2493.877930	995.947000	0.013000	0.000000	2493.877930	32460	2560	s	1357340733124.052979
nodea.howard.edu_planetlab2.acis.ufl.edu_467 2	2505.608887	0.188000	0.019000	0.000000	2505.608887	32726	3072	s	1357340733139.802979
nodea.howard.edu_planetlab2.acis.ufl.edu_483 2	2807.205078	0.058000	0.021000	0.000000	2807.205078	32779	3072	s	1357340733442.072021
planetlab1.cs.purdue.edu_planetlab2.acis.ufl.edu_664 4	2873.156982	1393.566000	0.027000	0.000000	2873.156982	32511	2112	s	1357340733504.066895
planetlab2.cs.unc.edu_planetlab2.acis.ufl.edu_558 4	3000.955078	2394.144000	0.025000	0.000000	3000.955078	32350	2080	s	1357340733629.407959
planetlab2.cs.unc.edu_planetlab2.acis.ufl.edu_653 4	4304.567139	3419.186000	0.017000	0.000000	4304.567139	32414	2080	s	1357340734933.957031
planetlab1.cs.umass.edu_planetlab2.acis.ufl.edu_1138 1	5293.143066	2420.156000	0.026000	0.000000	5293.143066	32805	1184	s	1357340735928.406982
ricepl-2.cs.rice.edu_planetlab2.acis.ufl.edu_1288 1	7949.795898	7813.529000	0.048000	0.000000	7949.795898	32346	128	s	1357340738578.197998
plgmu2.ite.gmu.edu_planetlab2.acis.ufl.edu_1498 2	8247.958984	2.310000	0.064000	0.000000	8247.958984	32491	1536	s	1357340738878.528076
ricepl-2.cs.rice.edu_planetlab2.acis.ufl.edu_1338 1	8318.977051	8061.765000	0.042000	0.000000	8318.977051	32368	128	s	1357340738947.782959
plgmu2.ite.gmu.edu_planetlab2.acis.ufl.edu_1506 2	8389.162842	2.653000	0.063000	0.000000	8389.162842	32619	1536	s	1357340739021.605957
plgmu2.ite.gmu.edu_planetlab2.acis.ufl.edu_1531 2	8496.118164	5.385000	0.074000	0.000000	8496.118164	32683	1536	s	1357340739129.663086
plgmu2.ite.gmu.edu_planetlab2.acis.ufl.edu_1542 2	8579.726074	0.942000	0.062000	0.000000	8579.726074	32715	1536	s	1357340739213.779053
planetlab1.temple.edu_planetlab2.acis.ufl.edu_1987 1	8598.429932	8432.874000	0.017000	0.000000	8598.429932	32351	1024	s	1357340739226.895020
plgmu2.ite.gmu.edu_planetlab2.acis.ufl.edu_1546 2	8606.453125	1.944000	0.064000	0.000000	8606.453125	32739	1536	s	1357340739240.809082
plgmu2.ite.gmu.edu_planetlab2.acis.ufl.edu_1547 2	8608.028076	2.297000	0.025000	0.000000	8608.028076	32745	1536	s	1357340739242.458984
plgmu2.ite.gmu.edu_planetlab2.acis.ufl.edu_1549 2	8615.710938	0.069000	0.052000	0.000000	8615.710938	32746	1536	s	1357340739250.155029
plgmu2.ite.gmu.edu_planetlab2.acis.ufl.edu_1551 2	8622.157959	1.240000	0.059000	0.000000	8622.157959	32747	1536	s	1357340739256.614014
plgmu2.ite.gmu.edu_planetlab2.acis.ufl.edu_1553 2	8629.295898	1.274000	0.065000	0.000000	8629.295898	32751	1536	s	1357340739263.803955
plgmu2.ite.gmu.edu_planetlab2.acis.ufl.edu_1559 2	8664.325928	0.776000	0.061000	0.000000	8664.325928	32763	1536	s	1357340739298.981934
plgmu2.ite.gmu.edu_planetlab2.acis.ufl.edu_1567 2	8718.314209	0.137000	0.052000	0.000000	8718.314209	32849	1536	s	1357340739354.246094
planetlab1.temple.edu_planetlab2.acis.ufl.edu_2080 1	8784.875977	8250.054000	0.021000	0.000000	8784.875977	32412	1024	s	1357340739414.239990
planetlab1.temple.edu_planetlab2.acis.ufl.edu_2093 1	8813.698975	8167.983000	0.018000	0.000000	8813.698975	32428	1024	s	1357340739443.455078
planetlab1.temple.edu_planetlab2.acis.ufl.edu_2099 1	8830.903809	8143.743000	0.015000	0.000000	8830.903809	32436	1024	s	1357340739460.764893
plgmu2.ite.gmu.edu_planetlab2.acis.ufl.edu_1593 2	8830.953125	2.374000	0.071000	0.000000	8830.953125	33050	1536	s	1357340739469.718018
planetlab1.temple.edu_planetlab2.acis.ufl.edu_2106 1	8843.407959	8106.621000	0.017000	0.000000	8843.407959	32444	1024	s	1357340739473.375000
planetlab1.temple.edu_planetlab2.acis.ufl.edu_2112 1	8853.900146	8094.078000	0.017000	0.000000	8853.900146	32445	1024	s	1357340739483.884033
planetlab1.temple.edu_planetlab2.acis.ufl.edu_2121 1	8870.416992	8083.250000	0.021000	0.000000	8870.416992	32440	1024	s	1357340739500.327881
planetlab1.temple.edu_planetlab2.acis.ufl.edu_2129 1	8871.428955	8036.864000	0.020000	0.000000	8871.428955	32448	1024	s	1357340739501.451904
planetlab1.temple.edu_planetlab2.acis.ufl.edu_2130 1	8876.718994	8040.055000	0.019000	0.000000	8876.718994	32446	1024	s	1357340739506.718018
ricepl-2.cs.rice.edu_planetlab2.acis.ufl.edu_1399 1	8885.159912	8456.891000	0.031000	0.000000	8885.159912	32399	128	s	1357340739514.356934
planetlab1.temple.edu_planetlab2.acis.ufl.edu_2177 1	8978.958008	7820.617000	0.032000	0.000000	8978.958008	32508	1024	s	1357340739609.830078
ricepl-2.cs.rice.edu_planetlab2.acis.ufl.edu_1416 1	9011.673828	8513.439000	0.026000	0.000000	9011.673828	32410	128	s	1357340739641.012939
planetlab1.temple.edu_planetlab2.acis.ufl.edu_2194 1	9022.544189	7764.144000	0.019000	0.000000	9022.544189	32527	1024	s	1357340739653.663086
planetlab1.temple.edu_planetlab2.acis.ufl.edu_2196 1	9024.139160	7742.941000	0.019000	0.000000	9024.139160	32532	1024	s	1357340739655.319092
ricepl-2.cs.rice.edu_planetlab2.acis.ufl.edu_1441 1	9246.102051	8647.327000	0.037000	0.000000	9246.102051	32423	128	s	1357340739875.781982
ricepl-2.cs.rice.edu_planetlab2.acis.ufl.edu_1446 1	9279.467041	8668.133000	0.030000	0.000000	9279.467041	32427	128	s	1357340739909.209961
ricepl-2.cs.rice.edu_planetlab2.acis.ufl.edu_1451 1	9317.825928	8678.674000	0.039000	0.000000	9317.825928	32429	128	s	1357340739947.594971
ricepl-2.cs.rice.edu_planetlab2.acis.ufl.edu_1453 1	9322.592041	8683.099000	0.020000	0.000000	9322.592041	32430	128	s	1357340739952.373047
planetlab1.temple.edu_planetlab2.acis.ufl.edu_2323 1	9348.746094	7050.228000	0.022000	0.000000	9348.746094	32700	1024	s	1357340739982.510986
ricepl-2.cs.rice.edu_planetlab2.acis.ufl.edu_1458 1	9355.669922	8704.502000	0.035000	0.000000	9355.669922	32431	128	s	1357340739985.468018
ricepl-2.cs.rice.edu_planetlab2.acis.ufl.edu_1464 1	9402.524902	8704.577000	0.034000	0.000000	9402.524902	32432	128	s	1357340740032.335938
planetlab1.temple.edu_planetlab2.acis.ufl.edu_2375 1	9465.305908	6528.716000	0.011000	0.000000	9465.305908	32814	1024	s	1357340740100.689941
planetlab1.temple.edu_planetlab2.acis.ufl.edu_2379 1	9503.778076	6516.011000	0.017000	0.000000	9503.778076	32824	1024	s	1357340740139.289062
planetlab1.temple.edu_planetlab2.acis.ufl.edu_2544 1	9774.756836	6565.278000	0.018000	0.000000	9774.756836	32845	1024	s	1357340740410.638916
ricepl-2.cs.rice.edu_planetlab2.acis.ufl.edu_1502 1	9826.946045	9069.808000	0.023000	0.000000	9826.946045	32447	128	s	1357340740456.957031
ricepl-2.cs.rice.edu_planetlab2.acis.ufl.edu_1546 1	10205.994141	9356.465000	0.024000	0.000000	10205.994141	32458	128	s	1357340740836.145020
planetlab1.temple.edu_planetlab2.acis.ufl.edu_2834 1	10261.730957	6727.916000	0.020000	0.000000	10261.730957	32910	1024	s	1357340740898.534912
nodea.howard.edu_planetlab2.acis.ufl.edu_1328 2	10295.513184	6375.247000	0.027000	0.000000	10295.513184	32916	3072	s	1357340740932.392090
planetlab1.temple.edu_planetlab2.acis.ufl.edu_2912 1	10423.291992	6772.222000	0.019000	0.000000	10423.291992	32934	1024	s	1357340741060.395996
planetlab1.temple.edu_planetlab2.acis.ufl.edu_2924 1	10455.178955	6782.744000	0.019000	0.000000	10455.178955	32938	1024	s	1357340741092.336914
planetlab1.temple.edu_planetlab2.acis.ufl.edu_2928 1	10464.421143	6780.946000	0.018000	0.000000	10464.421143	32940	1024	s	1357340741101.603027
planetlab1.temple.edu_planetlab2.acis.ufl.edu_2937 1	10472.936035	6781.779000	0.017000	0.000000	10472.936035	32942	1024	s	1357340741110.143066
planetlab1.temple.edu_planetlab2.acis.ufl.edu_2947 1	10503.875000	6806.550000	0.017000	0.000000	10503.875000	32943	1024	s	1357340741141.094971
plab4.eece.ksu.edu_planetlab2.acis.ufl.edu_1658 6	10575.280029	0.139000	0.026000	0.000000	10575.280029	32405	2176	s	1357340741204.552979
ricepl-2.cs.rice.edu_planetlab2.acis.ufl.edu_1572 1	10605.417969	9712.921000	0.022000	0.000000	10605.417969	32466	128	s	1357340741235.667969
nodea.howard.edu_planetlab2.acis.ufl.edu_1388 2	10622.196045	3781.553000	0.016000	0.000000	10622.196045	32993	3072	s	1357340741260.162109
planetlab1.temple.edu_planetlab2.acis.ufl.edu_3014 1	10648.256104	6876.474000	0.017000	0.000000	10648.256104	32958	1024	s	1357340741285.746094
planetlab6.csail.mit.edu_planetlab2.acis.ufl.edu_3335 9	10702.633789	10.362000	0.018000	0.000000	10702.633789	32891	1056	s	1357340741339.181885
planetlab1.temple.edu_planetlab2.acis.ufl.edu_3064 1	10758.588867	6893.132000	0.015000	0.000000	10758.588867	32978	1024	s	1357340741396.366943
ricepl-2.cs.rice.edu_planetlab2.acis.ufl.edu_1596 1	11024.680908	10073.537000	0.027000	0.000000	11024.680908	32472	128	s	1357340741655.010010
ricepl-2.cs.rice.edu_planetlab2.acis.ufl.edu_1599 1	11071.271973	10115.854000	0.021000	0.000000	11071.271973	32474	128	s	1357340741701.626953
ricepl-2.cs.rice.edu_planetlab2.acis.ufl.edu_1603 1	11161.522949	10192.600000	0.039000	0.000000	11161.522949	32475	128	s	1357340741791.889893
ricepl-2.cs.rice.edu_planetlab2.acis.ufl.edu_1607 1	11185.951904	10214.317000	0.021000	0.000000	11185.951904	32478	128	s	1357340741816.356934
planetlab1.temple.edu_planetlab2.acis.ufl.edu_3211 1	11187.288086	7177.286000	0.029000	0.000000	11187.288086	33006	1024	s	1357340741825.416992
ricepl-2.cs.rice.edu_planetlab2.acis.ufl.edu_1622 1	11393.534912	10383.628000	0.029000	0.000000	11393.534912	32484	128	s	1357340742024.012939
planetlab1.temple.edu_planetlab2.acis.ufl.edu_3321 1	11426.132812	7295.552000	0.021000	0.000000	11426.132812	33030	1024	s	1357340742064.565918
planetlab1.cs.purdue.edu_planetlab2.acis.ufl.edu_1856 4	11474.877197	6421.405000	0.022000	0.000000	11474.877197	32555	2112	s	1357340742106.350098
ricepl-2.cs.rice.edu_planetlab2.acis.ufl.edu_1645 1	11607.828857	10535.275000	0.026000	0.000000	11607.828857	32495	128	s	1357340742238.448975
planetlab1.temple.edu_planetlab2.acis.ufl.edu_3426 1	11650.176025	7404.682000	0.047000	0.000000	11650.176025	33053	1024	s	1357340742288.979980
ricepl-2.cs.rice.edu_planetlab2.acis.ufl.edu_1667 1	11787.843994	10664.584000	0.025000	0.000000	11787.843994	32506	128	s	1357340742418.693115
planetlab2.williams.edu_planetlab2.acis.ufl.edu_846 1	12204.007080	8607.156000	0.016000	0.000000	12204.007080	32921	1408	s	1357340742840.947998
planetlab-01.bu.edu_planetlab2.acis.ufl.edu_3163 2	12371.656982	0.082000	0.030000	0.000000	12371.656982	32539	640	s	1357340743002.927979
ricepl-2.cs.rice.edu_planetlab2.acis.ufl.edu_1783 1	12580.685059	11142.789000	0.023000	0.000000	12580.685059	32560	128	s	1357340743212.219971
ricepl-2.cs.rice.edu_planetlab2.acis.ufl.edu_1936 1	13603.704102	11873.919000	0.022000	0.000000	13603.704102	32612	128	s	1357340744236.052002
planetlab-1.cs.colostate.edu_planetlab2.acis.ufl.edu_2877 3	13649.382080	1987.927000	0.035000	0.000000	13649.382080	32381	672	s	1357340744278.354980
nodeb.howard.edu_planetlab2.acis.ufl.edu_2038 4	14551.427002	0.284000	0.014000	0.000000	14551.427002	32674	2304	s	1357340745184.854004
planetlab1.cis.upenn.edu_planetlab2.acis.ufl.edu_1245 4	14915.822021	11902.041000	0.032000	0.000000	14915.822021	32647	2560	s	1357340745548.905029
planetlab-02.bu.edu_planetlab2.acis.ufl.edu_5280 2	15235.617920	7059.253000	0.044000	0.000000	15235.617920	32355	192	s	1357340745864.155029
ricepl-2.cs.rice.edu_planetlab2.acis.ufl.edu_2226 1	15813.123047	13664.937000	0.061000	0.000000	15813.123047	32676	128	s	1357340746446.572998
ricepl-2.cs.rice.edu_planetlab2.acis.ufl.edu_2274 1	16165.524170	13941.072000	0.022000	0.000000	16165.524170	32687	128	s	1357340746799.121094
nodeb.howard.edu_planetlab2.acis.ufl.edu_2377 4	16268.956787	22.518000	0.019000	0.000000	16268.956787	32806	2304	s	1357340746904.243896
nodeb.howard.edu_planetlab2.acis.ufl.edu_2385 4	16291.212891	23.592000	0.016000	0.000000	16291.212891	32851	2304	s	1357340746927.168945
nodeb.howard.edu_planetlab2.acis.ufl.edu_2396 4	16324.907959	13.126000	0.026000	0.000000	16324.907959	32972	2304	s	1357340746962.577881
nodeb.howard.edu_planetlab2.acis.ufl.edu_2401 4	16336.677002	17.859000	0.018000	0.000000	16336.677002	33048	2304	s	1357340746975.415039
planetlab2.cs.unc.edu_planetlab2.acis.ufl.edu_2080 4	16535.589844	11507.830000	0.024000	0.000000	16535.589844	32542	2080	s	1357340747166.897949
ricepl-2.cs.rice.edu_planetlab2.acis.ufl.edu_2341 1	16879.322998	14547.987000	0.027000	0.000000	16879.322998	32708	128	s	1357340747513.272949
ricepl-2.cs.rice.edu_planetlab2.acis.ufl.edu_2451 1	17903.059082	15424.294000	0.022000	0.000000	17903.059082	32730	128	s	1357340748537.301025
ricepl-2.cs.rice.edu_planetlab2.acis.ufl.edu_2483 1	18122.715088	15606.239000	0.028000	0.000000	18122.715088	32736	128	s	1357340748757.030029
ricepl-2.cs.rice.edu_planetlab2.acis.ufl.edu_2498 1	18222.676025	15688.530000	0.025000	0.000000	18222.676025	32740	128	s	1357340748857.044922
ricepl-2.cs.rice.edu_planetlab2.acis.ufl.edu_2503 1	18235.270020	15692.235000	0.024000	0.000000	18235.270020	32742	128	s	1357340748869.663086
ricepl-2.cs.rice.edu_planetlab2.acis.ufl.edu_2505 1	18250.960938	15707.708000	0.019000	0.000000	18250.960938	32741	128	s	1357340748885.342041
ricepl-2.cs.rice.edu_planetlab2.acis.ufl.edu_2525 1	18368.723877	15787.142000	0.027000	0.000000	18368.723877	32748	128	s	1357340749003.191895
ricepl-2.cs.rice.edu_planetlab2.acis.ufl.edu_2550 1	18520.187988	15896.346000	0.024000	0.000000	18520.187988	32756	128	s	1357340749154.758057
planetlab6.cs.duke.edu_planetlab2.acis.ufl.edu_1703 9	19696.065918	0.316000	0.016000	0.000000	19696.065918	32782	144	s	1357340750330.968994
planetlab1.cis.upenn.edu_planetlab2.acis.ufl.edu_1690 4	20068.837891	11285.397000	0.016000	0.000000	20068.837891	32797	2560	s	1357340750703.927979
planetlab6.cs.duke.edu_planetlab2.acis.ufl.edu_1718 9	20189.298096	0.026000	0.011000	0.000000	20189.298096	32790	144	s	1357340750824.298096
planetlab6.cs.duke.edu_planetlab2.acis.ufl.edu_1737 9	20356.299072	0.022000	0.014000	0.000000	20356.299072	32794	144	s	1357340750991.353027
planetlab6.cs.duke.edu_planetlab2.acis.ufl.edu_1747 9	20524.458008	0.058000	0.012000	0.000000	20524.458008	32796	144	s	1357340751159.535889
planetlab6.cs.duke.edu_planetlab2.acis.ufl.edu_1757 9	20626.520020	0.032000	0.014000	0.000000	20626.520020	32798	144	s	1357340751261.693115
planetlab2.umassd.edu_planetlab2.acis.ufl.edu_7620 2	20717.281982	12735.730000	0.015000	0.000000	20717.281982	32345	0	s	1357340751345.670898
planetlab6.cs.duke.edu_planetlab2.acis.ufl.edu_1767 9	20732.438965	0.372000	0.011000	0.000000	20732.438965	32799	144	s	1357340751367.625000
planetlab2.umassd.edu_planetlab2.acis.ufl.edu_7718 2	21003.038086	12928.070000	0.019000	0.000000	21003.038086	32349	0	s	1357340751631.477051
planetlab2.umassd.edu_planetlab2.acis.ufl.edu_7809 2	21293.696045	13123.755000	0.021000	0.000000	21293.696045	32354	0	s	1357340751922.220947
planetlab2.millennium.berkeley.edu_planetlab2.acis.ufl.edu_3276 5	21317.232910	17518.291000	0.083000	0.000000	21317.232910	32376	2048	s	1357340751946.138916
planetlab-01.ece.uprm.edu_planetlab2.acis.ufl.edu_2013 5	21479.681885	0.255000	0.057000	0.000000	21479.681885	32936	2240	s	1357340752116.815918
planetlab2.umassd.edu_planetlab2.acis.ufl.edu_7923 2	21641.003906	13364.297000	0.019000	0.000000	21641.003906	32361	0	s	1357340752269.616943
planetlab1.cs.purdue.edu_planetlab2.acis.ufl.edu_3262 4	21643.872070	7071.068000	0.020000	0.000000	21643.872070	32692	2112	s	1357340752277.530029
planetlab1.cs.purdue.edu_planetlab2.acis.ufl.edu_3269 4	21683.413818	7104.268000	0.022000	0.000000	21683.413818	32705	2112	s	1357340752317.327881
planetlab2.umassd.edu_planetlab2.acis.ufl.edu_8076 2	22061.416016	13588.003000	0.016000	0.000000	22061.416016	32375	0	s	1357340752690.310059
planetlab6.cs.duke.edu_planetlab2.acis.ufl.edu_1790 9	22205.537109	0.027000	0.032000	0.000000	22205.537109	32830	144	s	1357340752841.225098
planetlab2.umassd.edu_planetlab2.acis.ufl.edu_8150 2	22281.837158	13729.466000	0.018000	0.000000	22281.837158	32380	0	s	1357340752910.798096
planetlab1.cis.upenn.edu_planetlab2.acis.ufl.edu_1919 4	22307.315918	8708.004000	0.036000	0.000000	22307.315918	32821	2560	s	1357340752942.790039
planetlab1.cis.upenn.edu_planetlab2.acis.ufl.edu_1921 4	22401.085938	8710.126000	0.018000	0.000000	22401.085938	32813	2560	s	1357340753036.458008
planetlab1.cis.upenn.edu_planetlab2.acis.ufl.edu_1923 4	22400.868896	8650.548000	0.038000	0.000000	22400.868896	32829	2560	s	1357340753036.542969
planetlab1.cis.upenn.edu_planetlab2.acis.ufl.edu_1926 4	22429.216797	8660.477000	0.017000	0.000000	22429.216797	32825	2560	s	1357340753064.836914
planetlab1.cis.upenn.edu_planetlab2.acis.ufl.edu_1928 4	22458.389160	8727.334000	0.015000	0.000000	22458.389160	32828	2560	s	1357340753094.048096
planetlab1.cis.upenn.edu_planetlab2.acis.ufl.edu_1932 4	22458.410889	8702.392000	0.018000	0.000000	22458.410889	32831	2560	s	1357340753094.116943
planetlab1.cis.upenn.edu_planetlab2.acis.ufl.edu_1934 4	22470.647949	8677.414000	0.021000	0.000000	22470.647949	32893	2560	s	1357340753107.220947
planetlab1.cis.upenn.edu_planetlab2.acis.ufl.edu_1936 4	22495.978027	8654.995000	0.023000	0.000000	22495.978027	32957	2560	s	1357340753133.456055
planetlab1.cs.purdue.edu_planetlab2.acis.ufl.edu_3401 3	22615.533936	6369.558000	0.063000	0.000000	22615.533936	33014	2112	s	1357340753253.762939
planetlab2.umassd.edu_planetlab2.acis.ufl.edu_8256 2	22645.156006	13988.854000	0.028000	0.000000	22645.156006	32385	0	s	1357340753274.177002
planetlab1.cs.purdue.edu_planetlab2.acis.ufl.edu_3413 4	22655.720947	6323.050000	0.018000	0.000000	22655.720947	32837	2112	s	1357340753291.501953
planetlab1.cs.purdue.edu_planetlab2.acis.ufl.edu_3416 4	22663.833008	6298.821000	0.025000	0.000000	22663.833008	33029	2112	s	1357340753302.252930
planetlab6.cs.duke.edu_planetlab2.acis.ufl.edu_1815 9	22763.165039	0.036000	0.012000	0.000000	22763.165039	32838	144	s	1357340753398.957031
planetlab6.cs.duke.edu_planetlab2.acis.ufl.edu_1827 9	23058.435059	0.023000	0.012000	0.000000	23058.435059	32842	144	s	1357340753694.277100
planetlab6.cs.duke.edu_planetlab2.acis.ufl.edu_1836 9	23071.923828	0.018000	0.009000	0.000000	23071.923828	32844	144	s	1357340753707.793945
planetlab6.cs.duke.edu_planetlab2.acis.ufl.edu_1845 9	23145.188965	0.141000	0.032000	0.000000	23145.188965	32846	144	s	1357340753781.083984
planetlab6.cs.duke.edu_planetlab2.acis.ufl.edu_1855 9	23191.854980	0.018000	0.011000	0.000000	23191.854980	32847	144	s	1357340753827.761963
planetlab2.umassd.edu_planetlab2.acis.ufl.edu_8438 2	23347.126953	14500.879000	0.019000	0.000000	23347.126953	32392	0	s	1357340753976.238037
planetlab2.umassd.edu_planetlab2.acis.ufl.edu_8456 2	23411.380859	14545.181000	0.018000	0.000000	23411.380859	32393	0	s	1357340754040.504883
planetlab6.cs.duke.edu_planetlab2.acis.ufl.edu_1866 9	23421.321777	1.615000	0.016000	0.000000	23421.321777	32850	144	s	1357340754057.264893
planetlab6.cs.duke.edu_planetlab2.acis.ufl.edu_1875 9	23440.629883	0.402000	0.011000	0.000000	23440.629883	32852	144	s	1357340754076.597900
planetlab6.cs.duke.edu_planetlab2.acis.ufl.edu_1884 9	23471.124023	0.083000	0.013000	0.000000	23471.124023	32854	144	s	1357340754107.116943
planetlab2.umassd.edu_planetlab2.acis.ufl.edu_8485 2	23512.321045	14609.349000	0.018000	0.000000	23512.321045	32395	0	s	1357340754141.469971
planetlab6.cs.duke.edu_planetlab2.acis.ufl.edu_1893 9	23562.006104	0.023000	0.012000	0.000000	23562.006104	32855	144	s	1357340754198.010986
planetlab2.umassd.edu_planetlab2.acis.ufl.edu_8503 2	23570.523926	14655.020000	0.054000	0.000000	23570.523926	32397	0	s	1357340754199.697021
planetlab6.cs.duke.edu_planetlab2.acis.ufl.edu_1902 9	23575.418945	0.023000	0.011000	0.000000	23575.418945	32856	144	s	1357340754211.438965
planetlab6.cs.duke.edu_planetlab2.acis.ufl.edu_1916 9	23890.933105	0.021000	0.012000	0.000000	23890.933105	32858	144	s	1357340754526.978027
planetlab6.cs.duke.edu_planetlab2.acis.ufl.edu_1925 9	23895.289062	0.222000	0.009000	0.000000	23895.289062	32859	144	s	1357340754531.345947
planetlab6.cs.duke.edu_planetlab2.acis.ufl.edu_1934 9	23931.245850	0.423000	0.013000	0.000000	23931.245850	32860	144	s	1357340754567.315918
planetlab6.cs.duke.edu_planetlab2.acis.ufl.edu_1944 9	23973.322998	0.034000	0.011000	0.000000	23973.322998	32862	144	s	1357340754609.416992
planetlab6.cs.duke.edu_planetlab2.acis.ufl.edu_1953 9	23981.302979	0.130000	0.012000	0.000000	23981.302979	32861	144	s	1357340754617.385010
planetlab2.umassd.edu_planetlab2.acis.ufl.edu_8639 2	23991.384033	14930.186000	0.019000	0.000000	23991.384033	32406	0	s	1357340754620.672119
planetlab6.cs.duke.edu_planetlab2.acis.ufl.edu_1963 9	24071.019043	0.412000	0.049000	0.000000	24071.019043	32863	144	s	1357340754707.125000
planetlab2.umassd.edu_planetlab2.acis.ufl.edu_8698 2	24127.860107	14990.487000	0.020000	0.000000	24127.860107	32409	0	s	1357340754757.186035
planetlab2.umassd.edu_planetlab2.acis.ufl.edu_8741 2	24231.367188	15041.672000	0.022000	0.000000	24231.367188	32413	0	s	1357340754860.745117
planetlab2.umassd.edu_planetlab2.acis.ufl.edu_8817 2	24427.505127	15153.375000	0.050000	0.000000	24427.505127	32417	0	s	1357340755057.006104
planetlab2.umassd.edu_planetlab2.acis.ufl.edu_8877 2	24574.333008	15223.306000	0.065000	0.000000	24574.333008	32425	0	s	1357340755204.051025
planetlab2.umassd.edu_planetlab2.acis.ufl.edu_9031 2	25078.530029	15460.203000	0.019000	0.000000	25078.530029	32439	0	s	1357340755708.427979
planetlab2.umassd.edu_planetlab2.acis.ufl.edu_9203 2	25664.087891	15658.296000	0.020000	0.000000	25664.087891	32450	0	s	1357340756294.136963
planetlab2.millennium.berkeley.edu_planetlab2.acis.ufl.edu_3839 5	25846.342041	20601.538000	0.059000	0.000000	25846.342041	32459	2048	s	1357340756476.506104
planetlab2.umassd.edu_planetlab2.acis.ufl.edu_9315 2	26102.908936	15850.019000	0.037000	0.000000	26102.908936	32457	0	s	1357340756733.043945
planetlab6.cs.duke.edu_planetlab2.acis.ufl.edu_1995 9	26104.867188	0.021000	0.019000	0.000000	26104.867188	32878	144	s	1357340756741.235107
planetlab2.millennium.berkeley.edu_planetlab2.acis.ufl.edu_3894 5	26278.829834	20789.304000	0.060000	0.000000	26278.829834	32464	2048	s	1357340756909.055908
planetlab2.umassd.edu_planetlab2.acis.ufl.edu_9382 2	26384.271973	15911.032000	0.064000	0.000000	26384.271973	32461	0	s	1357340757014.459961
plgmu1.ite.gmu.edu_planetlab2.acis.ufl.edu_1242 3	26453.231934	2.621000	0.071000	0.000000	26453.231934	32881	208	s	1357340757089.635986
planetlab6.cs.duke.edu_planetlab2.acis.ufl.edu_2016 9	26619.583008	0.022000	0.089000	0.000000	26619.583008	32886	144	s	1357340757256.070068
planetlab2.umassd.edu_planetlab2.acis.ufl.edu_9494 2	26948.427979	16042.560000	0.021000	0.000000	26948.427979	32469	0	s	1357340757578.715088
planetlab6.cs.duke.edu_planetlab2.acis.ufl.edu_2028 9	27008.485107	0.028000	0.023000	0.000000	27008.485107	32890	144	s	1357340757645.020996
planetlab6.cs.duke.edu_planetlab2.acis.ufl.edu_2037 9	27150.370850	0.349000	0.029000	0.000000	27150.370850	32892	144	s	1357340757786.931885
planetlab6.cs.duke.edu_planetlab2.acis.ufl.edu_2046 9	27190.388184	0.023000	0.014000	0.000000	27190.388184	32894	144	s	1357340757826.974121
planetlab6.cs.duke.edu_planetlab2.acis.ufl.edu_2055 9	27273.544922	0.046000	0.015000	0.000000	27273.544922	32895	144	s	1357340757910.144043
planetlab2.umassd.edu_planetlab2.acis.ufl.edu_9588 2	27369.383057	16223.964000	0.068000	0.000000	27369.383057	32473	0	s	1357340757999.725098
planetlab2.umassd.edu_planetlab2.acis.ufl.edu_9638 2	27592.076172	16338.936000	0.021000	0.000000	27592.076172	32476	0	s	1357340758222.456055
planetlab2.umassd.edu_planetlab2.acis.ufl.edu_9649 2	27632.582031	16360.162000	0.025000	0.000000	27632.582031	32477	0	s	1357340758262.975098
planetlab2.umassd.edu_planetlab2.acis.ufl.edu_9662 2	27721.563965	16412.276000	0.019000	0.000000	27721.563965	32479	0	s	1357340758351.980957
planetlab2.umassd.edu_planetlab2.acis.ufl.edu_9724 2	27942.621826	16510.141000	0.021000	0.000000	27942.621826	32483	0	s	1357340758573.087891
planetlab2.cs.unc.edu_planetlab2.acis.ufl.edu_3966 4	28165.294922	13580.776000	0.037000	0.000000	28165.294922	32685	2080	s	1357340758798.864014
planetlab6.cs.duke.edu_planetlab2.acis.ufl.edu_2077 9	28647.742920	0.609000	0.022000	0.000000	28647.742920	32926	144	s	1357340759284.750000
planetlab2.millennium.berkeley.edu_planetlab2.acis.ufl.edu_4230 5	28854.260010	21259.831000	0.054000	0.000000	28854.260010	32516	2048	s	1357340759485.238037
planetlab2.umassd.edu_planetlab2.acis.ufl.edu_9984 2	28946.978027	17035.793000	0.020000	0.000000	28946.978027	32509	0	s	1357340759577.864014
planetlab2.umassd.edu_planetlab2.acis.ufl.edu_9991 2	28971.657959	17045.795000	0.063000	0.000000	28971.657959	32512	0	s	1357340759602.585938
planetlab2.umassd.edu_planetlab2.acis.ufl.edu_10002 2	29000.979004	17054.347000	0.018000	0.000000	29000.979004	32514	0	s	1357340759631.931885
planetlab2.umassd.edu_planetlab2.acis.ufl.edu_10016 2	29053.133057	17092.548000	0.026000	0.000000	29053.133057	32513	0	s	1357340759684.073975
ebb.colgate.edu_planetlab2.acis.ufl.edu_3240 9	29083.424805	0.198000	0.011000	0.000000	29083.424805	32538	1312	s	1357340759714.681885
ebb.colgate.edu_planetlab2.acis.ufl.edu_3247 9	29085.764160	0.054000	0.007000	0.000000	29085.764160	32462	1312	s	1357340759715.964111
planetlab2.umassd.edu_planetlab2.acis.ufl.edu_10028 2	29112.206055	17135.307000	0.023000	0.000000	29112.206055	32515	0	s	1357340759743.172119
ebb.colgate.edu_planetlab2.acis.ufl.edu_3253 9	29172.273926	0.040000	0.010000	0.000000	29172.273926	32645	1312	s	1357340759805.332031
planetlab2.umassd.edu_planetlab2.acis.ufl.edu_10066 2	29213.614990	17167.764000	0.030000	0.000000	29213.614990	32518	0	s	1357340759844.617920
planetlab2.umassd.edu_planetlab2.acis.ufl.edu_10067 2	29217.123047	17171.748000	0.016000	0.000000	29217.123047	32519	0	s	1357340759848.137939
planetlab2.umassd.edu_planetlab2.acis.ufl.edu_10074 2	29243.868896	17193.351000	0.019000	0.000000	29243.868896	32520	0	s	1357340759874.895996
planetlab2.umassd.edu_planetlab2.acis.ufl.edu_10095 2	29331.870850	17251.662000	0.020000	0.000000	29331.870850	32521	0	s	1357340759962.910889
planetlab2.umassd.edu_planetlab2.acis.ufl.edu_10104 2	29359.653076	17262.244000	0.018000	0.000000	29359.653076	32522	0	s	1357340759990.706055
ebb.colgate.edu_planetlab2.acis.ufl.edu_3270 9	29370.281982	0.206000	0.013000	0.000000	29370.281982	32752	1312	s	1357340760004.802979
planetlab2.umassd.edu_planetlab2.acis.ufl.edu_10115 2	29405.326172	17286.400000	0.022000	0.000000	29405.326172	32523	0	s	1357340760036.391113
planetlab2.umassd.edu_planetlab2.acis.ufl.edu_10126 2	29440.036865	17307.210000	0.020000	0.000000	29440.036865	32525	0	s	1357340760071.129883
ebb.colgate.edu_planetlab2.acis.ufl.edu_3297 9	29558.529053	5.702000	0.010000	0.000000	29558.529053	32884	1312	s	1357340760194.978027
planetlab2.umassd.edu_planetlab2.acis.ufl.edu_10195 2	29710.402100	17485.170000	0.019000	0.000000	29710.402100	32530	0	s	1357340760341.558105
planetlab2.umassd.edu_planetlab2.acis.ufl.edu_10224 2	29813.820068	17551.454000	0.024000	0.000000	29813.820068	32531	0	s	1357340760444.988037
planetlab2.umassd.edu_planetlab2.acis.ufl.edu_10245 2	29887.227783	17606.340000	0.019000	0.000000	29887.227783	32533	0	s	1357340760518.420898
planetlab2.umassd.edu_planetlab2.acis.ufl.edu_10266 2	29959.687012	17635.560000	0.022000	0.000000	29959.687012	32534	0	s	1357340760590.892090
planetlab2.umassd.edu_planetlab2.acis.ufl.edu_10282 2	30012.194824	17679.831000	0.023000	0.000000	30012.194824	32535	0	s	1357340760643.410889
planetlab2.umassd.edu_planetlab2.acis.ufl.edu_10323 2	30161.811035	17778.238000	0.019000	0.000000	30161.811035	32537	0	s	1357340760793.052979
planetlab2.umassd.edu_planetlab2.acis.ufl.edu_10351 2	30247.603027	17830.010000	0.020000	0.000000	30247.603027	32541	0	s	1357340760878.897949
planetlab2.umassd.edu_planetlab2.acis.ufl.edu_10354 2	30255.738037	17833.058000	0.017000	0.000000	30255.738037	32543	0	s	1357340760887.058105
planetlab2.umassd.edu_planetlab2.acis.ufl.edu_10365 2	30280.052979	17850.472000	0.015000	0.000000	30280.052979	32545	0	s	1357340760911.398926
planetlab2.umassd.edu_planetlab2.acis.ufl.edu_10374 2	30307.350098	17871.254000	0.059000	0.000000	30307.350098	32546	0	s	1357340760938.708008
planetlab6.cs.duke.edu_planetlab2.acis.ufl.edu_2140 9	30303.482910	0.495000	0.036000	0.000000	30303.482910	32974	144	s	1357340760941.177979
planetlab2.umassd.edu_planetlab2.acis.ufl.edu_10399 2	30372.838867	17899.723000	0.021000	0.000000	30372.838867	32547	0	s	1357340761004.208984
planetlab2.umassd.edu_planetlab2.acis.ufl.edu_10420 2	30418.036865	17930.948000	0.015000	0.000000	30418.036865	32549	0	s	1357340761049.431885
planetlab2.cs.unc.edu_planetlab2.acis.ufl.edu_4441 4	30465.255859	14112.349000	0.029000	0.000000	30465.255859	32880	2080	s	1357340761101.646973
planetlab2.cs.unc.edu_planetlab2.acis.ufl.edu_4445 4	30474.796143	14112.570000	0.070000	0.000000	30474.796143	32922	2080	s	1357340761111.749023
planetlab2.umassd.edu_planetlab2.acis.ufl.edu_10448 2	30498.946045	17980.695000	0.021000	0.000000	30498.946045	32550	0	s	1357340761130.352051
planetlab2.umassd.edu_planetlab2.acis.ufl.edu_10455 2	30519.677979	17996.366000	0.022000	0.000000	30519.677979	32551	0	s	1357340761151.097900
planetlab2.cs.unc.edu_planetlab2.acis.ufl.edu_4452 4	30516.119873	14142.232000	0.039000	0.000000	30516.119873	33007	2080	s	1357340761154.262939
planetlab2.umassd.edu_planetlab2.acis.ufl.edu_10468 2	30559.698975	18018.733000	0.021000	0.000000	30559.698975	32553	0	s	1357340761191.146973
planetlab6.cs.duke.edu_planetlab2.acis.ufl.edu_2155 9	30656.799072	0.330000	0.014000	0.000000	30656.799072	32982	144	s	1357340761294.625977
planetlab6.cs.duke.edu_planetlab2.acis.ufl.edu_2164 9	30731.715088	1.280000	0.017000	0.000000	30731.715088	32986	144	s	1357340761369.592041
planetlab6.cs.duke.edu_planetlab2.acis.ufl.edu_2173 9	30746.343994	0.314000	0.016000	0.000000	30746.343994	32988	144	s	1357340761384.243896
planetlab2.umassd.edu_planetlab2.acis.ufl.edu_10542 2	30777.148926	18146.093000	0.018000	0.000000	30777.148926	32559	0	s	1357340761408.670898
planetlab6.cs.duke.edu_planetlab2.acis.ufl.edu_2184 9	30841.390137	0.108000	0.014000	0.000000	30841.390137	32990	144	s	1357340761479.319092
planetlab6.cs.duke.edu_planetlab2.acis.ufl.edu_2195 9	30870.704102	0.139000	0.013000	0.000000	30870.704102	32991	144	s	1357340761508.645020
planetlab2.umassd.edu_planetlab2.acis.ufl.edu_10573 2	30881.498779	18212.904000	0.022000	0.000000	30881.498779	32561	0	s	1357340761513.045898
planetlab2.umassd.edu_planetlab2.acis.ufl.edu_10632 2	31069.536865	18328.612000	0.019000	0.000000	31069.536865	32562	0	s	1357340761701.095947
planetlab2.umassd.edu_planetlab2.acis.ufl.edu_10646 2	31123.382812	18350.202000	0.019000	0.000000	31123.382812	32565	0	s	1357340761754.982910
planetlab2.umassd.edu_planetlab2.acis.ufl.edu_10648 2	31125.829834	18352.990000	0.021000	0.000000	31125.829834	32564	0	s	1357340761757.418945
planetlab2.umassd.edu_planetlab2.acis.ufl.edu_10651 2	31125.930908	18352.838000	0.018000	0.000000	31125.930908	32563	0	s	1357340761757.502930
planetlab2.umassd.edu_planetlab2.acis.ufl.edu_10660 2	31165.400879	18375.965000	0.016000	0.000000	31165.400879	32566	0	s	1357340761797.013916
planetlab2.umassd.edu_planetlab2.acis.ufl.edu_10678 2	31225.122070	18402.065000	0.019000	0.000000	31225.122070	32567	0	s	1357340761856.748047
planetlab1.cs.unc.edu_planetlab2.acis.ufl.edu_6165 3	31297.406006	19779.451000	0.019000	0.000000	31297.406006	32352	512	s	1357340761925.883057
planetlab2.umassd.edu_planetlab2.acis.ufl.edu_10714 2	31299.698975	18423.243000	0.018000	0.000000	31299.698975	32571	0	s	1357340761931.375977
planetlab2.umassd.edu_planetlab2.acis.ufl.edu_10724 2	31328.137939	18444.355000	0.022000	0.000000	31328.137939	32573	0	s	1357340761959.845947
planetlab1.cs.unc.edu_planetlab2.acis.ufl.edu_6189 3	31357.808838	19779.751000	0.027000	0.000000	31357.808838	32374	512	s	1357340761986.689941
planetlab2.umassd.edu_planetlab2.acis.ufl.edu_10737 2	31361.745117	18449.107000	0.021000	0.000000	31361.745117	32574	0	s	1357340761993.466064
planetlab1.cs.unc.edu_planetlab2.acis.ufl.edu_6198 3	31391.485107	19798.324000	0.019000	0.000000	31391.485107	32394	512	s	1357340762020.621094
planetlab2.umassd.edu_planetlab2.acis.ufl.edu_10751 2	31394.569092	18464.873000	0.018000	0.000000	31394.569092	32575	0	s	1357340762026.302979
ricepl-2.cs.rice.edu_planetlab2.acis.ufl.edu_3819 1	31457.030029	27455.166000	0.026000	0.000000	31457.030029	33005	128	s	1357340762095.147949
planetlab2.umassd.edu_planetlab2.acis.ufl.edu_10785 2	31478.615967	18509.980000	0.091000	0.000000	31478.615967	32577	0	s	1357340762110.376953
planetlab2.umassd.edu_planetlab2.acis.ufl.edu_10787 2	31480.101807	18511.340000	0.016000	0.000000	31480.101807	32576	0	s	1357340762111.847900
planetlab2.umassd.edu_planetlab2.acis.ufl.edu_10793 2	31484.492188	18509.361000	0.020000	0.000000	31484.492188	32578	0	s	1357340762116.267090
planetlab1.cs.unc.edu_planetlab2.acis.ufl.edu_6229 3	31486.971924	19831.912000	0.028000	0.000000	31486.971924	32438	512	s	1357340762116.857910
planetlab2.umassd.edu_planetlab2.acis.ufl.edu_10797 2	31488.458008	18506.360000	0.021000	0.000000	31488.458008	32579	0	s	1357340762120.245117
planetlab1.georgetown.edu_planetlab2.acis.ufl.edu_5164 4	31500.506104	0.028000	0.039000	0.000000	31500.506104	32421	576	s	1357340762130.145020
planetlab2.umassd.edu_planetlab2.acis.ufl.edu_10807 2	31525.182861	18518.408000	0.019000	0.000000	31525.182861	32580	0	s	1357340762156.981934
planetlab2.umassd.edu_planetlab2.acis.ufl.edu_10827 2	31588.939941	18554.627000	0.016000	0.000000	31588.939941	32582	0	s	1357340762220.763916
planetlab2.umassd.edu_planetlab2.acis.ufl.edu_10841 2	31635.144043	18570.399000	0.022000	0.000000	31635.144043	32583	0	s	1357340762266.980957
planetlab1.cs.unc.edu_planetlab2.acis.ufl.edu_6285 3	31641.399902	19877.950000	0.026000	0.000000	31641.399902	32470	512	s	1357340762271.699951
planetlab2.umassd.edu_planetlab2.acis.ufl.edu_10845 2	31648.073975	18574.942000	0.022000	0.000000	31648.073975	32584	0	s	1357340762279.924072
planetlab2.umassd.edu_planetlab2.acis.ufl.edu_10848 2	31659.912109	18584.121000	0.020000	0.000000	31659.912109	32585	0	s	1357340762291.852051
planetlab2.umassd.edu_planetlab2.acis.ufl.edu_10851 2	31675.381104	18597.859000	0.020000	0.000000	31675.381104	32586	0	s	1357340762307.333984
planetlab1.cs.unc.edu_planetlab2.acis.ufl.edu_6301 3	31685.554932	19895.000000	0.018000	0.000000	31685.554932	32486	512	s	1357340762316.062012
planetlab2.umassd.edu_planetlab2.acis.ufl.edu_10859 2	31707.939941	18615.636000	0.020000	0.000000	31707.939941	32587	0	s	1357340762339.906006
planetlab1.cs.unc.edu_planetlab2.acis.ufl.edu_6314 3	31729.104980	19911.193000	0.703000	0.000000	31729.104980	32498	512	s	1357340762359.769043
planetlab1.cs.unc.edu_planetlab2.acis.ufl.edu_6316 3	31731.812988	19911.702000	0.022000	0.000000	31731.812988	32500	512	s	1357340762362.502930
planetlab1.cs.unc.edu_planetlab2.acis.ufl.edu_6324 3	31756.311035	19916.339000	0.097000	0.000000	31756.311035	32502	512	s	1357340762387.095947
planetlab1.cs.unc.edu_planetlab2.acis.ufl.edu_6326 3	31757.950928	19917.947000	0.016000	0.000000	31757.950928	32503	512	s	1357340762388.761963
planetlab2.umassd.edu_planetlab2.acis.ufl.edu_10897 2	31824.537109	18657.664000	0.022000	0.000000	31824.537109	32589	0	s	1357340762456.527100
planetlab1.cs.unc.edu_planetlab2.acis.ufl.edu_6353 3	31857.210938	19953.052000	0.022000	0.000000	31857.210938	32510	512	s	1357340762488.108887
planetlab2.umassd.edu_planetlab2.acis.ufl.edu_10911 2	31863.329102	18683.993000	0.019000	0.000000	31863.329102	32590	0	s	1357340762495.332031
planetlab2.umassd.edu_planetlab2.acis.ufl.edu_10913 2	31874.617920	18692.930000	0.020000	0.000000	31874.617920	32592	0	s	1357340762506.648926
planetlab6.cs.duke.edu_planetlab2.acis.ufl.edu_2212 9	31886.156006	0.023000	0.026000	0.000000	31886.156006	33022	144	s	1357340762524.487061
planetlab2.umassd.edu_planetlab2.acis.ufl.edu_10924 2	31908.401123	18704.375000	0.020000	0.000000	31908.401123	32594	0	s	1357340762540.466064
planetlab2.umassd.edu_planetlab2.acis.ufl.edu_10946 2	31972.918213	18740.056000	0.021000	0.000000	31972.918213	32595	0	s	1357340762604.995117
planetlab2.umassd.edu_planetlab2.acis.ufl.edu_11005 2	32232.775879	18905.796000	0.022000	0.000000	32232.775879	32597	0	s	1357340762864.878906
planetlab2.umassd.edu_planetlab2.acis.ufl.edu_11012 2	32266.450928	18928.452000	0.019000	0.000000	32266.450928	32598	0	s	1357340762898.565918
planetlab-01.bu.edu_planetlab2.acis.ufl.edu_3921 2	32291.203857	0.452000	0.028000	0.000000	32291.203857	33033	640	s	1357340762929.743896
planetlab2.umassd.edu_planetlab2.acis.ufl.edu_11039 2	32365.952148	18984.689000	0.018000	0.000000	32365.952148	32599	0	s	1357340762998.080078
planetlab2.umassd.edu_planetlab2.acis.ufl.edu_11063 2	32464.512939	19061.220000	0.019000	0.000000	32464.512939	32601	0	s	1357340763096.665039
planetlab2.umassd.edu_planetlab2.acis.ufl.edu_11077 2	32505.430908	19089.307000	0.022000	0.000000	32505.430908	32602	0	s	1357340763137.595947
planetlab1.cs.uoregon.edu_planetlab2.acis.ufl.edu_4928 3	32746.615967	13655.878000	0.042000	0.000000	32746.615967	32517	224	s	1357340763377.605957
planetlab2.umassd.edu_planetlab2.acis.ufl.edu_11145 2	32823.092041	19328.324000	0.018000	0.000000	32823.092041	32605	0	s	1357340763455.299072
planetlab2.umassd.edu_planetlab2.acis.ufl.edu_11164 2	32894.658936	19384.802000	0.020000	0.000000	32894.658936	32604	0	s	1357340763526.853027
planetlab2.umassd.edu_planetlab2.acis.ufl.edu_11217 2	33107.975098	19534.192000	0.022000	0.000000	33107.975098	32607	0	s	1357340763740.207031
planetlab2.umassd.edu_planetlab2.acis.ufl.edu_11232 2	33147.480957	19563.616000	0.015000	0.000000	33147.480957	32608	0	s	1357340763779.727051
planetlab2.umassd.edu_planetlab2.acis.ufl.edu_11274 2	33350.813965	19717.610000	0.023000	0.000000	33350.813965	32610	0	s	1357340763983.084961
planetlab6.cs.duke.edu_planetlab2.acis.ufl.edu_2243 9	33344.359131	0.640000	0.141000	0.000000	33344.359131	33054	144	s	1357340763983.176025
planetlab1.cs.unc.edu_planetlab2.acis.ufl.edu_6837 3	33353.171875	20338.728000	0.023000	0.000000	33353.171875	32581	512	s	1357340763984.983887
planetlab2.umassd.edu_planetlab2.acis.ufl.edu_11334 2	33596.924072	19908.197000	0.015000	0.000000	33596.924072	32611	0	s	1357340764229.260010
pluto.cs.brown.edu_planetlab2.acis.ufl.edu_3742 3	33781.768066	0.025000	0.022000	0.000000	33781.768066	33062	704	s	1357340764420.695068
planetlab2.umassd.edu_planetlab2.acis.ufl.edu_11376 2	33804.979004	20062.288000	0.019000	0.000000	33804.979004	32614	0	s	1357340764437.353027
planetlab2.umassd.edu_planetlab2.acis.ufl.edu_11405 2	33968.814941	20199.732000	0.019000	0.000000	33968.814941	32615	0	s	1357340764601.200928
planetlab1.cs.unc.edu_planetlab2.acis.ufl.edu_7043 3	34039.022949	20508.216000	0.042000	0.000000	34039.022949	32606	512	s	1357340764671.242920
planetlab2.umassd.edu_planetlab2.acis.ufl.edu_11473 2	34271.302002	20424.128000	0.023000	0.000000	34271.302002	32618	0	s	1357340764903.731934
planetlab1.georgetown.edu_planetlab2.acis.ufl.edu_5400 4	34621.166992	0.614000	0.037000	0.000000	34621.166992	32625	576	s	1357340765253.823975
planetlab2.umassd.edu_planetlab2.acis.ufl.edu_11633 2	34867.315186	20854.232000	0.021000	0.000000	34867.315186	32626	0	s	1357340765499.985107
planetlab2.umassd.edu_planetlab2.acis.ufl.edu_11656 2	34953.496094	20910.192000	0.022000	0.000000	34953.496094	32627	0	s	1357340765586.177979
planetlab2.umassd.edu_planetlab2.acis.ufl.edu_11731 2	35202.614014	21086.143000	0.019000	0.000000	35202.614014	32629	0	s	1357340765835.436035
planetlab2.umassd.edu_planetlab2.acis.ufl.edu_11755 2	35276.503174	21132.497000	0.022000	0.000000	35276.503174	32630	0	s	1357340765909.340088
planetlab2.umassd.edu_planetlab2.acis.ufl.edu_11791 2	35367.365967	21177.437000	0.051000	0.000000	35367.365967	32631	0	s	1357340766000.219971
planetlab2.umassd.edu_planetlab2.acis.ufl.edu_11906 2	35740.837158	21405.457000	0.019000	0.000000	35740.837158	32637	0	s	1357340766373.766113
planetlab2.umassd.edu_planetlab2.acis.ufl.edu_11921 2	35774.418945	21419.603000	0.059000	0.000000	35774.418945	32639	0	s	1357340766407.374023
planetlab2.umassd.edu_planetlab2.acis.ufl.edu_12097 2	36198.612793	21593.951000	0.016000	0.000000	36198.612793	32642	0	s	1357340766831.628906
planetlab2.umassd.edu_planetlab2.acis.ufl.edu_12099 2	36200.806152	21594.850000	0.016000	0.000000	36200.806152	32641	0	s	1357340766833.810059
planetlab2.umassd.edu_planetlab2.acis.ufl.edu_12209 2	36497.275146	21683.214000	0.019000	0.000000	36497.275146	32649	0	s	1357340767130.384033
planetlab2.umassd.edu_planetlab2.acis.ufl.edu_12321 2	36878.525146	21736.487000	0.060000	0.000000	36878.525146	32653	0	s	1357340767511.684082
planetlab2.umassd.edu_planetlab2.acis.ufl.edu_12380 2	37128.236084	21724.424000	0.021000	0.000000	37128.236084	32661	0	s	1357340767761.499023
planetlab2.umassd.edu_planetlab2.acis.ufl.edu_12388 2	37161.840820	21725.006000	0.024000	0.000000	37161.840820	32663	0	s	1357340767795.128906
planetlab2.umassd.edu_planetlab2.acis.ufl.edu_12420 2	37292.605957	21737.398000	0.021000	0.000000	37292.605957	32665	0	s	1357340767925.918945
planetlab2.umassd.edu_planetlab2.acis.ufl.edu_12453 2	37455.507812	21789.907000	0.020000	0.000000	37455.507812	32668	0	s	1357340768088.856934
planetlab2.umassd.edu_planetlab2.acis.ufl.edu_12458 2	37463.515869	21793.834000	0.021000	0.000000	37463.515869	32669	0	s	1357340768096.877930
planetlab2.umassd.edu_planetlab2.acis.ufl.edu_12501 2	37699.835205	21931.339000	0.018000	0.000000	37699.835205	32671	0	s	1357340768333.224121
planetlab2.umassd.edu_planetlab2.acis.ufl.edu_12512 2	37745.527832	21953.950000	0.020000	0.000000	37745.527832	32672	0	s	1357340768378.929932
planetlab2.umassd.edu_planetlab2.acis.ufl.edu_12557 2	37961.566895	22088.334000	0.019000	0.000000	37961.566895	32673	0	s	1357340768594.980957
planetlab2.umassd.edu_planetlab2.acis.ufl.edu_12574 2	38034.269043	22137.798000	0.021000	0.000000	38034.269043	32675	0	s	1357340768667.708008
planetlab2.umassd.edu_planetlab2.acis.ufl.edu_12600 2	38156.650146	22221.384000	0.060000	0.000000	38156.650146	32677	0	s	1357340768790.113037
planetlab2.umassd.edu_planetlab2.acis.ufl.edu_12623 2	38246.364014	22265.525000	0.020000	0.000000	38246.364014	32679	0	s	1357340768879.853027
planetlab2.umassd.edu_planetlab2.acis.ufl.edu_12657 2	38395.830078	22362.405000	0.019000	0.000000	38395.830078	32680	0	s	1357340769029.332031
planetlab2.umassd.edu_planetlab2.acis.ufl.edu_12667 2	38438.214111	22395.504000	0.018000	0.000000	38438.214111	32681	0	s	1357340769071.728027
planetlab1.cs.unc.edu_planetlab2.acis.ufl.edu_8227 3	38523.438965	19749.931000	0.018000	0.000000	38523.438965	32758	512	s	1357340769158.033936
planetlab1.cs.unc.edu_planetlab2.acis.ufl.edu_8351 3	39058.238037	19623.480000	0.043000	0.000000	39058.238037	32775	512	s	1357340769693.051025
planetlab2.umassd.edu_planetlab2.acis.ufl.edu_12839 2	39201.147949	22865.986000	0.068000	0.000000	39201.147949	32689	0	s	1357340769834.769043
planetlab2.umassd.edu_planetlab2.acis.ufl.edu_12848 2	39234.633057	22893.161000	0.048000	0.000000	39234.633057	32691	0	s	1357340769868.278076
planetlab5.millennium.berkeley.edu_planetlab2.acis.ufl.edu_4388 9	39302.415039	1362.124000	0.015000	0.000000	39302.415039	32967	1280	s	1357340769940.022949
planetlab2.umassd.edu_planetlab2.acis.ufl.edu_12877 2	39372.524170	22983.418000	0.027000	0.000000	39372.524170	32693	0	s	1357340770006.194092
planetlab2.umassd.edu_planetlab2.acis.ufl.edu_12879 2	39376.010986	22981.693000	0.025000	0.000000	39376.010986	32694	0	s	1357340770009.691895
planetlab2.umassd.edu_planetlab2.acis.ufl.edu_12915 2	39506.303955	23046.682000	0.022000	0.000000	39506.303955	32695	0	s	1357340770139.998047
planetlab2.umassd.edu_planetlab2.acis.ufl.edu_13026 2	39896.842041	23188.263000	0.021000	0.000000	39896.842041	32701	0	s	1357340770530.705078
planetlab2.umassd.edu_planetlab2.acis.ufl.edu_13066 2	40051.786133	23234.701000	0.020000	0.000000	40051.786133	32703	0	s	1357340770685.675049
planetlab2.umassd.edu_planetlab2.acis.ufl.edu_13072 2	40071.616943	23246.452000	0.019000	0.000000	40071.616943	32704	0	s	1357340770705.519043
planetlab2.umassd.edu_planetlab2.acis.ufl.edu_13085 2	40112.034912	23251.171000	0.029000	0.000000	40112.034912	32706	0	s	1357340770745.959961
planetlab2.umassd.edu_planetlab2.acis.ufl.edu_13123 2	40313.041992	23383.209000	0.021000	0.000000	40313.041992	32707	0	s	1357340770946.979980
planetlab2.umassd.edu_planetlab2.acis.ufl.edu_13154 2	40483.802979	23480.917000	0.022000	0.000000	40483.802979	32710	0	s	1357340771117.781006
planetlab2.umassd.edu_planetlab2.acis.ufl.edu_13156 2	40493.029053	23488.786000	0.061000	0.000000	40493.029053	32709	0	s	1357340771126.990967
planetlab2.umassd.edu_planetlab2.acis.ufl.edu_13242 2	40720.160156	23538.905000	0.020000	0.000000	40720.160156	32713	0	s	1357340771354.175049
planetlab2.umassd.edu_planetlab2.acis.ufl.edu_13249 2	40744.869873	23543.923000	0.028000	0.000000	40744.869873	32714	0	s	1357340771378.897949
planetlab2.umassd.edu_planetlab2.acis.ufl.edu_13263 2	40805.664795	23511.520000	0.021000	0.000000	40805.664795	32716	0	s	1357340771439.732910
planetlab2.umassd.edu_planetlab2.acis.ufl.edu_13269 2	40829.617920	23493.389000	0.019000	0.000000	40829.617920	32717	0	s	1357340771463.697998
planetlab2.umassd.edu_planetlab2.acis.ufl.edu_13300 2	40949.311035	23485.301000	0.073000	0.000000	40949.311035	32719	0	s	1357340771583.415039
planetlab2.umassd.edu_planetlab2.acis.ufl.edu_13328 2	41058.479980	23487.708000	0.020000	0.000000	41058.479980	32721	0	s	1357340771692.607910
planetlab2.umassd.edu_planetlab2.acis.ufl.edu_13350 2	41114.635986	23477.298000	0.026000	0.000000	41114.635986	32722	0	s	1357340771748.777100
planetlab2.umassd.edu_planetlab2.acis.ufl.edu_13418 2	41293.080078	23517.959000	0.020000	0.000000	41293.080078	32724	0	s	1357340771927.248047
planetlab2.umassd.edu_planetlab2.acis.ufl.edu_13426 2	41318.737061	23533.090000	0.020000	0.000000	41318.737061	32725	0	s	1357340771952.918945
planetlab2.umassd.edu_planetlab2.acis.ufl.edu_13459 2	41404.821045	23557.984000	0.022000	0.000000	41404.821045	32727	0	s	1357340772039.027100
planetlab2.umassd.edu_planetlab2.acis.ufl.edu_13478 2	41466.875000	23577.998000	0.058000	0.000000	41466.875000	32728	0	s	1357340772101.093018
planetlab2.umassd.edu_planetlab2.acis.ufl.edu_13481 2	41476.475098	23579.712000	0.020000	0.000000	41476.475098	32729	0	s	1357340772110.705078
planetlab2.umassd.edu_planetlab2.acis.ufl.edu_13547 2	41642.764160	23633.855000	0.025000	0.000000	41642.764160	32731	0	s	1357340772277.019043
planetlab2.umassd.edu_planetlab2.acis.ufl.edu_13563 2	41675.120850	23632.800000	0.016000	0.000000	41675.120850	32732	0	s	1357340772309.387939
planetlab2.umassd.edu_planetlab2.acis.ufl.edu_13592 2	41748.679932	23653.674000	0.020000	0.000000	41748.679932	32733	0	s	1357340772382.958008
planetlab2.umassd.edu_planetlab2.acis.ufl.edu_13629 2	41832.240967	23698.273000	0.025000	0.000000	41832.240967	32734	0	s	1357340772466.531982
planetlab2.umassd.edu_planetlab2.acis.ufl.edu_13646 2	41872.836914	23721.742000	0.026000	0.000000	41872.836914	32735	0	s	1357340772507.139893
planetlab2.umassd.edu_planetlab2.acis.ufl.edu_13723 2	42066.782959	23835.748000	0.019000	0.000000	42066.782959	32737	0	s	1357340772701.114014
planetlab2.umassd.edu_planetlab2.acis.ufl.edu_13730 2	42079.491943	23835.644000	0.020000	0.000000	42079.491943	32738	0	s	1357340772713.835938
planetlab2.umassd.edu_planetlab2.acis.ufl.edu_13904 2	42535.114014	24077.335000	0.021000	0.000000	42535.114014	32749	0	s	1357340773169.593994
planetlab2.umassd.edu_planetlab2.acis.ufl.edu_14069 2	43065.371094	24413.535000	0.057000	0.000000	43065.371094	32757	0	s	1357340773699.954102
planetlab2.umassd.edu_planetlab2.acis.ufl.edu_14235 2	43435.437988	24595.944000	0.019000	0.000000	43435.437988	32759	0	s	1357340774070.044922
planetlab2.umassd.edu_planetlab2.acis.ufl.edu_14246 2	43467.447021	24621.123000	0.013000	0.000000	43467.447021	32761	0	s	1357340774102.079102
planetlab2.umassd.edu_planetlab2.acis.ufl.edu_14291 2	43553.039795	24654.795000	0.020000	0.000000	43553.039795	32764	0	s	1357340774187.711914
planetlab1.georgetown.edu_planetlab2.acis.ufl.edu_6123 4	43606.031006	0.028000	0.036000	0.000000	43606.031006	32843	576	s	1357340774241.887939
planetlab2.umassd.edu_planetlab2.acis.ufl.edu_14345 2	43722.239990	24750.362000	0.072000	0.000000	43722.239990	32765	0	s	1357340774356.925049
planetlab2.umassd.edu_planetlab2.acis.ufl.edu_14431 2	43930.813965	24832.304000	0.021000	0.000000	43930.813965	32767	0	s	1357340774565.530029
planetlab2.umassd.edu_planetlab2.acis.ufl.edu_14451 2	44001.500977	24852.866000	0.021000	0.000000	44001.500977	32769	0	s	1357340774636.240967
planetlab2.umassd.edu_planetlab2.acis.ufl.edu_14453 2	44004.530029	24854.919000	0.017000	0.000000	44004.530029	32768	0	s	1357340774639.258057
planetlab2.umassd.edu_planetlab2.acis.ufl.edu_14467 2	44031.938965	24854.295000	0.057000	0.000000	44031.938965	32770	0	s	1357340774666.691895
planetlab2.umassd.edu_planetlab2.acis.ufl.edu_14476 2	44048.552002	24845.082000	0.020000	0.000000	44048.552002	32771	0	s	1357340774683.316895
planetlab2.umassd.edu_planetlab2.acis.ufl.edu_14501 2	44106.423096	24848.067000	0.026000	0.000000	44106.423096	32772	0	s	1357340774741.198975
planetlab2.umassd.edu_planetlab2.acis.ufl.edu_14518 2	44131.263916	24841.742000	0.018000	0.000000	44131.263916	32773	0	s	1357340774766.052979
planetlab2.umassd.edu_planetlab2.acis.ufl.edu_14526 2	44164.409912	24836.776000	0.020000	0.000000	44164.409912	32774	0	s	1357340774799.210938
planetlab2.umassd.edu_planetlab2.acis.ufl.edu_14578 2	44269.359131	24791.786000	0.022000	0.000000	44269.359131	32776	0	s	1357340774904.185059
planetlab2.umassd.edu_planetlab2.acis.ufl.edu_14587 2	44280.293945	24777.010000	0.021000	0.000000	44280.293945	32777	0	s	1357340774915.135010
planetlab2.umassd.edu_planetlab2.acis.ufl.edu_14608 2	44340.482910	24781.440000	0.025000	0.000000	44340.482910	32778	0	s	1357340774975.336914
planetlab2.umassd.edu_planetlab2.acis.ufl.edu_14672 2	44586.444092	24895.463000	0.056000	0.000000	44586.444092	32780	0	s	1357340775221.322998
planetlab-1.usask.ca_planetlab2.acis.ufl.edu_2151 3	44663.822021	32860.511000	0.101000	0.000000	44663.822021	32449	896	s	1357340775293.857910
planetlab2.umassd.edu_planetlab2.acis.ufl.edu_14759 2	44759.821045	24885.598000	0.020000	0.000000	44759.821045	32784	0	s	1357340775394.748047
planetlab2.umassd.edu_planetlab2.acis.ufl.edu_14764 2	44768.958008	24882.591000	0.019000	0.000000	44768.958008	32785	0	s	1357340775403.897949
planetlab2.umassd.edu_planetlab2.acis.ufl.edu_14778 2	44810.479980	24869.296000	0.020000	0.000000	44810.479980	32786	0	s	1357340775445.431885
planetlab2.millennium.berkeley.edu_planetlab2.acis.ufl.edu_6819 5	44936.552002	28016.430000	0.032000	0.000000	44936.552002	32568	2048	s	1357340775568.189941
planetlab2.umassd.edu_planetlab2.acis.ufl.edu_14809 2	44995.463867	24867.368000	0.066000	0.000000	44995.463867	32788	0	s	1357340775630.439941
planetlab2.umassd.edu_planetlab2.acis.ufl.edu_14921 2	45293.137939	24921.675000	0.018000	0.000000	45293.137939	32792	0	s	1357340775928.166992
mtuplanetlab2.cs.mtu.edu_planetlab2.acis.ufl.edu_4382 9	45306.599121	0.029000	0.061000	0.000000	45306.599121	32415	800	s	1357340775936.071045
mtuplanetlab2.cs.mtu.edu_planetlab2.acis.ufl.edu_4394 9	45430.122070	0.025000	0.019000	0.000000	45430.122070	32524	800	s	1357340776061.199951
planetlab1.cs.unc.edu_planetlab2.acis.ufl.edu_9896 3	45429.739990	20899.514000	0.045000	0.000000	45429.739990	32868	512	s	1357340776065.906982
mtuplanetlab2.cs.mtu.edu_planetlab2.acis.ufl.edu_4401 9	45527.408936	0.023000	0.019000	0.000000	45527.408936	32548	800	s	1357340776158.791992
mtuplanetlab2.cs.mtu.edu_planetlab2.acis.ufl.edu_4403 9	45528.663086	0.179000	0.019000	0.000000	45528.663086	32552	800	s	1357340776160.099121
mtuplanetlab2.cs.mtu.edu_planetlab2.acis.ufl.edu_4406 9	45536.989014	0.021000	0.009000	0.000000	45536.989014	32556	800	s	1357340776168.474121
mtuplanetlab2.cs.mtu.edu_planetlab2.acis.ufl.edu_4410 9	45601.524902	0.161000	0.013000	0.000000	45601.524902	32557	800	s	1357340776233.022949
mtuplanetlab2.cs.mtu.edu_planetlab2.acis.ufl.edu_4412 9	45601.596924	0.258000	0.007000	0.000000	45601.596924	32558	800	s	1357340776233.106934
mtuplanetlab2.cs.mtu.edu_planetlab2.acis.ufl.edu_4415 9	45724.217041	0.033000	0.013000	0.000000	45724.217041	32572	800	s	1357340776355.906982
planetlab2.umassd.edu_planetlab2.acis.ufl.edu_15120 2	45834.119141	25020.607000	0.023000	0.000000	45834.119141	32800	0	s	1357340776469.318115
planetlab2.umassd.edu_planetlab2.acis.ufl.edu_15129 2	45857.381104	25025.253000	0.021000	0.000000	45857.381104	32801	0	s	1357340776492.592041
planetlab2.umassd.edu_planetlab2.acis.ufl.edu_15148 2	45912.624023	25052.811000	0.019000	0.000000	45912.624023	32802	0	s	1357340776547.846924
mtuplanetlab2.cs.mtu.edu_planetlab2.acis.ufl.edu_4422 9	45947.807129	0.037000	0.016000	0.000000	45947.807129	32620	800	s	1357340776580.319092
planetlab2.umassd.edu_planetlab2.acis.ufl.edu_15226 2	46170.048096	25120.401000	0.038000	0.000000	46170.048096	32804	0	s	1357340776805.299072
planetlab16.millennium.berkeley.edu_planetlab2.acis.ufl.edu_1497 9	46204.865967	16.404000	0.010000	0.000000	46204.865967	32591	2432	s	1357340776836.885010
planetlab2.umassd.edu_planetlab2.acis.ufl.edu_15280 2	46352.736084	25155.015000	0.037000	0.000000	46352.736084	32808	0	s	1357340776988.047119
planetlab2.umassd.edu_planetlab2.acis.ufl.edu_15411 2	46854.925781	25321.062000	0.021000	0.000000	46854.925781	32816	0	s	1357340777490.337891
mtuplanetlab2.cs.mtu.edu_planetlab2.acis.ufl.edu_4447 9	47307.916016	0.028000	0.015000	0.000000	47307.916016	32684	800	s	1357340777941.474121
planetlab2.umassd.edu_planetlab2.acis.ufl.edu_15753 2	47991.535889	25546.697000	0.061000	0.000000	47991.535889	32832	0	s	1357340778627.254883
planetlab2.umassd.edu_planetlab2.acis.ufl.edu_15863 2	48322.722168	25716.198000	0.019000	0.000000	48322.722168	32833	0	s	1357340778958.454102
planetlab1.temple.edu_planetlab2.acis.ufl.edu_16448 9	48620.469971	11792.249000	0.011000	0.000000	48620.469971	32370	1024	s	1357340779249.301025
planetlab2.umassd.edu_planetlab2.acis.ufl.edu_15937 2	48626.139160	25868.170000	0.048000	0.000000	48626.139160	32834	0	s	1357340779261.883057
planetlab2.umassd.edu_planetlab2.acis.ufl.edu_15947 2	48671.589844	25890.267000	0.019000	0.000000	48671.589844	32836	0	s	1357340779307.358887
planetlab2.umassd.edu_planetlab2.acis.ufl.edu_15958 2	48699.988037	25888.667000	0.020000	0.000000	48699.988037	32840	0	s	1357340779335.804932
planetlab1.temple.edu_planetlab2.acis.ufl.edu_16516 9	48901.734863	11960.494000	0.014000	0.000000	48901.734863	32569	1024	s	1357340779533.386963
planetlab1.temple.edu_planetlab2.acis.ufl.edu_16522 9	48933.886963	11973.829000	0.014000	0.000000	48933.886963	32588	1024	s	1357340779565.864990
planetlab1.temple.edu_planetlab2.acis.ufl.edu_16651 9	49488.245850	12056.661000	0.021000	0.000000	49488.245850	32678	1024	s	1357340780121.722900
planetlab2.umassd.edu_planetlab2.acis.ufl.edu_16193 2	49530.979980	26281.583000	0.058000	0.000000	49530.979980	32848	0	s	1357340780166.898926
earth.cs.brown.edu_planetlab2.acis.ufl.edu_4094 9	50083.163086	0.097000	0.018000	0.000000	50083.163086	32853	48	s	1357340780719.143066
planetlab1.cs.unc.edu_planetlab2.acis.ufl.edu_10495 3	50171.792969	23676.007000	0.028000	0.000000	50171.792969	32882	512	s	1357340780808.208984
planetlab1.temple.edu_planetlab2.acis.ufl.edu_16922 9	50573.173828	8682.137000	0.021000	0.000000	50573.173828	32968	1024	s	1357340781210.794922
planetlab2.umassd.edu_planetlab2.acis.ufl.edu_16653 2	51253.050049	27097.837000	0.070000	0.000000	51253.050049	32864	0	s	1357340781889.168945
planetlab1.georgetown.edu_planetlab2.acis.ufl.edu_6354 4	52077.629150	0.092000	0.037000	0.000000	52077.629150	32907	576	s	1357340782714.393066
mtuplanetlab2.cs.mtu.edu_planetlab2.acis.ufl.edu_4624 9	52364.344971	0.083000	0.027000	0.000000	52364.344971	32918	800	s	1357340783001.249023
planetlab1.cs.unc.edu_planetlab2.acis.ufl.edu_11177 3	52533.796143	24021.063000	0.041000	0.000000	52533.796143	32920	512	s	1357340783170.725098
planetlab1.cs.unc.edu_planetlab2.acis.ufl.edu_11340 3	53252.229004	24301.950000	0.018000	0.000000	53252.229004	32932	512	s	1357340783889.309082
planetlab2.umassd.edu_planetlab2.acis.ufl.edu_17461 2	53575.288818	26994.716000	0.059000	0.000000	53575.288818	32885	0	s	1357340784211.763916
planetlab2.umassd.edu_planetlab2.acis.ufl.edu_17709 2	54655.561035	27156.299000	0.065000	0.000000	54655.561035	32896	0	s	1357340785292.177002
planetlab2.umassd.edu_planetlab2.acis.ufl.edu_17731 2	54753.145020	27203.312000	0.021000	0.000000	54753.145020	32897	0	s	1357340785389.773926
planetlab2.umassd.edu_planetlab2.acis.ufl.edu_17749 2	54824.976807	27231.299000	0.020000	0.000000	54824.976807	32898	0	s	1357340785461.618896
planetlab2.umassd.edu_planetlab2.acis.ufl.edu_17825 2	55143.667969	27391.468000	0.050000	0.000000	55143.667969	32900	0	s	1357340785780.336914
planetlab1.cs.unc.edu_planetlab2.acis.ufl.edu_11751 3	55883.218994	25932.004000	0.080000	0.000000	55883.218994	32964	512	s	1357340786520.787109
planetlab1.georgetown.edu_planetlab2.acis.ufl.edu_6405 4	55896.606201	0.083000	0.048000	0.000000	55896.606201	32963	576	s	1357340786534.163086
planetlab2.umassd.edu_planetlab2.acis.ufl.edu_18011 2	55960.805908	27955.871000	0.023000	0.000000	55960.805908	32904	0	s	1357340786597.531982
planetlab1.georgetown.edu_planetlab2.acis.ufl.edu_6407 4	56237.312988	0.029000	0.041000	0.000000	56237.312988	32969	576	s	1357340786874.946045
planetlab1.georgetown.edu_planetlab2.acis.ufl.edu_6409 4	56284.306885	0.081000	0.030000	0.000000	56284.306885	32970	576	s	1357340786921.951904
planetlab1.georgetown.edu_planetlab2.acis.ufl.edu_6411 4	56413.875977	0.029000	0.035000	0.000000	56413.875977	32971	576	s	1357340787051.533936
planetlab2.umassd.edu_planetlab2.acis.ufl.edu_18137 2	56507.708008	28283.517000	0.036000	0.000000	56507.708008	32912	0	s	1357340787144.539062
planetlab1.georgetown.edu_planetlab2.acis.ufl.edu_6414 4	56714.889893	0.183000	0.038000	0.000000	56714.889893	32975	576	s	1357340787352.628906
earth.cs.brown.edu_planetlab2.acis.ufl.edu_4876 9	56940.720947	0.108000	0.018000	0.000000	56940.720947	32917	48	s	1357340787577.613037
planetlab1.georgetown.edu_planetlab2.acis.ufl.edu_6427 4	57329.937012	0.025000	0.030000	0.000000	57329.937012	32987	576	s	1357340787967.825928
planetlab1.cs.unc.edu_planetlab2.acis.ufl.edu_12087 3	57546.049805	26596.387000	0.038000	0.000000	57546.049805	32992	512	s	1357340788184.003906
planetlab1.cs.unc.edu_planetlab2.acis.ufl.edu_12138 3	57796.886963	26682.237000	0.025000	0.000000	57796.886963	32996	512	s	1357340788434.889893
planetlab1.cs.unc.edu_planetlab2.acis.ufl.edu_12162 3	57887.187012	26651.888000	0.067000	0.000000	57887.187012	32997	512	s	1357340788525.201904
planetlab1.cs.unc.edu_planetlab2.acis.ufl.edu_12164 3	57888.354004	26647.107000	0.020000	0.000000	57888.354004	32998	512	s	1357340788526.382080
planetlab2.umassd.edu_planetlab2.acis.ufl.edu_18512 2	58079.202881	29294.129000	0.063000	0.000000	58079.202881	32927	0	s	1357340788716.221924
planetlab2.umassd.edu_planetlab2.acis.ufl.edu_18520 2	58102.386963	29314.850000	0.028000	0.000000	58102.386963	32928	0	s	1357340788739.417969
planetlab1.georgetown.edu_planetlab2.acis.ufl.edu_6457 4	58147.755859	0.025000	0.030000	0.000000	58147.755859	33003	576	s	1357340788785.847900
planetlab1.cs.unc.edu_planetlab2.acis.ufl.edu_12268 3	58223.633057	26735.825000	0.132000	0.000000	58223.633057	33004	512	s	1357340788861.738037
planetlab1.cs.unc.edu_planetlab2.acis.ufl.edu_12332 3	58528.679932	26850.630000	0.031000	0.000000	58528.679932	33012	512	s	1357340789166.884033
planetlab2.umassd.edu_planetlab2.acis.ufl.edu_19027 2	59799.338867	29913.389000	0.039000	0.000000	59799.338867	32960	0	s	1357340790436.854980
earth.cs.brown.edu_planetlab2.acis.ufl.edu_4914 9	59956.210938	0.024000	0.030000	0.000000	59956.210938	32965	48	s	1357340790593.794922
earth.cs.brown.edu_planetlab2.acis.ufl.edu_4922 9	60505.717041	0.037000	0.014000	0.000000	60505.717041	32977	48	s	1357340791143.481934
earth.cs.brown.edu_planetlab2.acis.ufl.edu_4937 9	60632.317139	0.106000	0.017000	0.000000	60632.317139	32980	48	s	1357340791270.120117
earth.cs.brown.edu_planetlab2.acis.ufl.edu_4952 9	60710.205078	0.062000	0.014000	0.000000	60710.205078	32981	48	s	1357340791348.020020
earth.cs.brown.edu_planetlab2.acis.ufl.edu_4967 9	60764.491943	0.023000	0.015000	0.000000	60764.491943	32983	48	s	1357340791402.332031
earth.cs.brown.edu_planetlab2.acis.ufl.edu_4982 9	61037.511963	0.081000	0.013000	0.000000	61037.511963	32989	48	s	1357340791675.428955
planetlab2.umassd.edu_planetlab2.acis.ufl.edu_19572 2	61453.734863	30073.235000	0.025000	0.000000	61453.734863	33002	0	s	1357340792091.814941
earth.cs.brown.edu_planetlab2.acis.ufl.edu_4997 9	61725.254883	0.024000	0.013000	0.000000	61725.254883	33013	48	s	1357340792363.470947
planetlab2.umassd.edu_planetlab2.acis.ufl.edu_19685 2	62015.168945	30042.294000	0.060000	0.000000	62015.168945	33024	0	s	1357340792653.523926
planetlab2.umassd.edu_planetlab2.acis.ufl.edu_19696 2	62087.059082	30099.115000	0.015000	0.000000	62087.059082	33025	0	s	1357340792725.427002
planetlab2.umassd.edu_planetlab2.acis.ufl.edu_19713 2	62144.950195	30115.933000	0.021000	0.000000	62144.950195	33026	0	s	1357340792783.330078
planetlab2.umassd.edu_planetlab2.acis.ufl.edu_19755 2	62341.192871	30199.017000	0.022000	0.000000	62341.192871	33028	0	s	1357340792979.597900
planetlab2.umassd.edu_planetlab2.acis.ufl.edu_19814 2	62671.781982	30395.169000	0.020000	0.000000	62671.781982	33032	0	s	1357340793310.310059
planetlab2.umassd.edu_planetlab2.acis.ufl.edu_20030 2	63468.754150	30829.781000	0.023000	0.000000	63468.754150	33040	0	s	1357340794107.382080
planetlab01.sys.virginia.edu_planetlab2.acis.ufl.edu_2005 5	64128.336914	43783.975000	0.041000	0.000000	64128.336914	32755	2208	s	1357340794762.895020
planetlab2.umassd.edu_planetlab2.acis.ufl.edu_20443 2	65243.239990	31812.789000	0.022000	0.000000	65243.239990	33056	0	s	1357340795882.091064
plab4.eece.ksu.edu_planetlab2.acis.ufl.edu_3350 6	66128.585205	0.079000	0.039000	0.000000	66128.585205	32903	2176	s	1357340796765.298096
planetlabpc1.upf.edu_planetlab2.acis.ufl.edu_4263 9	69486.352783	8750.323000	0.014000	0.000000	69486.352783	32387	1120	s	1357340800115.399902
planetlabpc1.upf.edu_planetlab2.acis.ufl.edu_4267 9	69538.964844	8735.935000	0.080000	0.000000	69538.964844	32402	1120	s	1357340800168.199951
planetlabpc1.upf.edu_planetlab2.acis.ufl.edu_4272 9	69590.506104	8725.140000	0.012000	0.000000	69590.506104	32407	1120	s	1357340800219.808105
planetlabpc1.upf.edu_planetlab2.acis.ufl.edu_4277 9	69646.635986	8725.514000	0.019000	0.000000	69646.635986	32403	1120	s	1357340800275.883057
planetlab2.cs.pitt.edu_planetlab2.acis.ufl.edu_4877 9	69687.187012	0.120000	0.012000	0.000000	69687.187012	32554	176	s	1357340800318.647949
planetlabpc1.upf.edu_planetlab2.acis.ufl.edu_4279 9	69697.723145	8747.336000	0.017000	0.000000	69697.723145	32401	1120	s	1357340800326.946045
planetlabpc1.upf.edu_planetlab2.acis.ufl.edu_4282 9	69712.750000	8744.324000	0.013000	0.000000	69712.750000	32411	1120	s	1357340800342.102051
planetlabpc1.upf.edu_planetlab2.acis.ufl.edu_4293 9	69812.095215	8717.970000	0.013000	0.000000	69812.095215	32435	1120	s	1357340800441.943115
planetlabpc1.upf.edu_planetlab2.acis.ufl.edu_4298 9	69907.723145	8800.039000	0.012000	0.000000	69907.723145	32467	1120	s	1357340800537.986084
planetlabpc1.upf.edu_planetlab2.acis.ufl.edu_4308 9	70005.495850	8784.793000	0.014000	0.000000	70005.495850	32544	1120	s	1357340800636.827881
planetlabpc1.upf.edu_planetlab2.acis.ufl.edu_4345 9	70377.467041	8718.529000	0.017000	0.000000	70377.467041	32659	1120	s	1357340801010.706055
planetlabpc1.upf.edu_planetlab2.acis.ufl.edu_4350 9	70439.914795	8670.059000	0.013000	0.000000	70439.914795	32791	1120	s	1357340801074.930908
planetlabpc1.upf.edu_planetlab2.acis.ufl.edu_4381 9	70727.927002	8361.535000	0.024000	0.000000	70727.927002	32866	1120	s	1357340801364.070068
planetlabpc1.upf.edu_planetlab2.acis.ufl.edu_4384 9	70760.505859	8350.085000	0.016000	0.000000	70760.505859	33021	1120	s	1357340801398.823975
planetlabpc1.upf.edu_planetlab2.acis.ufl.edu_4418 9	71156.950195	8368.280000	0.017000	0.000000	71156.950195	33065	1120	s	1357340801795.913086
planetlab2.millennium.berkeley.edu_planetlab2.acis.ufl.edu_9455 5	81849.349121	53658.552000	0.067000	0.000000	81849.349121	32600	2048	s	1357340812481.489014
planetlab2.millennium.berkeley.edu_planetlab2.acis.ufl.edu_9461 5	82036.539062	53811.134000	0.075000	0.000000	82036.539062	32616	2048	s	1357340812668.937012
planetlab2.millennium.berkeley.edu_planetlab2.acis.ufl.edu_9465 5	82321.819092	54088.524000	0.062000	0.000000	82321.819092	32624	2048	s	1357340812954.464111
planetlab2.millennium.berkeley.edu_planetlab2.acis.ufl.edu_9467 5	82399.427002	54134.026000	0.079000	0.000000	82399.427002	32633	2048	s	1357340813032.306885
planetlab2.millennium.berkeley.edu_planetlab2.acis.ufl.edu_9469 5	82477.707031	54194.840000	0.070000	0.000000	82477.707031	32632	2048	s	1357340813110.574951
planetlab2.millennium.berkeley.edu_planetlab2.acis.ufl.edu_9471 5	82555.572021	54270.678000	0.056000	0.000000	82555.572021	32634	2048	s	1357340813188.464111
planetlab2.millennium.berkeley.edu_planetlab2.acis.ufl.edu_9475 5	82712.468018	54409.815000	0.059000	0.000000	82712.468018	32636	2048	s	1357340813345.385986
planetlab2.millennium.berkeley.edu_planetlab2.acis.ufl.edu_9481 5	82910.805176	54557.089000	0.064000	0.000000	82910.805176	32667	2048	s	1357340813544.142090
planetlab2.millennium.berkeley.edu_planetlab2.acis.ufl.edu_9495 5	83253.855957	54824.993000	0.063000	0.000000	83253.855957	32750	2048	s	1357340813888.347900
planetlab2.millennium.berkeley.edu_planetlab2.acis.ufl.edu_9499 5	83355.960205	54901.428000	0.114000	0.000000	83355.960205	32760	2048	s	1357340813990.579102
planetlab2.millennium.berkeley.edu_planetlab2.acis.ufl.edu_9851 5	92066.181885	61424.313000	0.080000	0.000000	92066.181885	32874	2048	s	1357340822702.500000
planetlab2.millennium.berkeley.edu_planetlab2.acis.ufl.edu_9859 5	92141.721924	61428.256000	0.066000	0.000000	92141.721924	33066	2048	s	1357340822780.697021
planetlab2.millennium.berkeley.edu_planetlab2.acis.ufl.edu_9861 5	92220.134033	61505.496000	0.045000	0.000000	92220.134033	33046	2048	s	1357340822858.846924
planetlab1.cs.unc.edu_planetlab2.acis.ufl.edu_19745 9	93396.718994	14793.299000	0.021000	0.000000	93396.718994	32400	512	s	1357340824025.928955
planetlab1.cs.unc.edu_planetlab2.acis.ufl.edu_19806 9	93658.971924	14829.018000	0.031000	0.000000	93658.971924	32528	512	s	1357340824290.103027
planetlab1.cs.unc.edu_planetlab2.acis.ufl.edu_20183 9	94947.558105	14644.352000	0.015000	0.000000	94947.558105	32640	512	s	1357340825580.531006
planetlab1.cs.unc.edu_planetlab2.acis.ufl.edu_20232 9	95117.478027	14587.464000	0.020000	0.000000	95117.478027	32656	512	s	1357340825750.674072
planetlab2.millennium.berkeley.edu_planetlab2.acis.ufl.edu_9855 5	95144.213135	61450.926000	0.092000	0.000000	95144.213135	32962	2048	s	1357340825781.757080
planetlab1.cs.unc.edu_planetlab2.acis.ufl.edu_20237 9	95153.498047	14585.516000	0.013000	0.000000	95153.498047	32657	512	s	1357340825786.707031
planetlab1.cs.unc.edu_planetlab2.acis.ufl.edu_20240 9	95157.787842	14579.874000	0.011000	0.000000	95157.787842	32658	512	s	1357340825791.012939
planetlab1.cs.unc.edu_planetlab2.acis.ufl.edu_20252 9	95216.901123	14582.600000	0.015000	0.000000	95216.901123	32660	512	s	1357340825850.153076
planetlab1.cs.unc.edu_planetlab2.acis.ufl.edu_20293 9	95403.923096	14490.165000	0.025000	0.000000	95403.923096	32688	512	s	1357340826037.531006
planetlab1.cs.unc.edu_planetlab2.acis.ufl.edu_20357 9	95695.646973	14218.450000	0.018000	0.000000	95695.646973	32720	512	s	1357340826329.762939
planetlab1.cs.unc.edu_planetlab2.acis.ufl.edu_20732 9	97130.406982	13875.822000	0.027000	0.000000	97130.406982	32810	512	s	1357340827765.742920
planetlab2.millennium.berkeley.edu_planetlab2.acis.ufl.edu_9857 5	101141.020020	61443.002000	0.067000	0.000000	101141.020020	32985	2048	s	1357340831778.884033
planetlab1.cs.unc.edu_planetlab2.acis.ufl.edu_22057 9	101827.910156	8048.639000	0.039000	0.000000	101827.910156	33044	512	s	1357340832466.592041
planetlab1.cs.unc.edu_planetlab2.acis.ufl.edu_22729 9	104477.997070	2976.235000	0.018000	0.000000	104477.997070	32664	512	s	1357340835111.297119
planetlab1.cs.uiuc.edu_planetlab2.acis.ufl.edu_16108 3	113091.698975	89963.227000	0.039000	0.000000	113091.698975	32391	32	s	1357340843720.793945
planetlab1.cs.uiuc.edu_planetlab2.acis.ufl.edu_17492 3	119624.816895	94366.053000	0.046000	0.000000	119624.816895	32443	32	s	1357340850254.764893
planetlab1.cs.uiuc.edu_planetlab2.acis.ufl.edu_17858 3	120769.036865	94952.563000	0.059000	0.000000	120769.036865	32451	32	s	1357340851399.097900
planetlab1.cs.uiuc.edu_planetlab2.acis.ufl.edu_17913 3	120946.632080	95023.525000	0.084000	0.000000	120946.632080	32453	32	s	1357340851576.718018
planetlab1.cs.uiuc.edu_planetlab2.acis.ufl.edu_17914 3	120949.346191	95026.024000	0.023000	0.000000	120949.346191	32454	32	s	1357340851579.444092
planetlab1.cs.uiuc.edu_planetlab2.acis.ufl.edu_18027 3	124000.974854	97909.842000	0.059000	0.000000	124000.974854	32455	32	s	1357340854631.085938
planetlab1.cs.uiuc.edu_planetlab2.acis.ufl.edu_18322 3	125087.510010	98514.076000	0.051000	0.000000	125087.510010	32463	32	s	1357340855717.722900
planetlab1.cs.uiuc.edu_planetlab2.acis.ufl.edu_18685 3	125959.916992	98792.964000	0.081000	0.000000	125959.916992	32471	32	s	1357340856590.232910
planetlab1.cs.uiuc.edu_planetlab2.acis.ufl.edu_19247 3	130402.064941	102263.705000	0.034000	0.000000	130402.064941	32487	32	s	1357340861032.583984
planetlab4.wail.wisc.edu_planetlab2.acis.ufl.edu_24081 4	137223.644043	212.861000	0.034000	0.000000	137223.644043	32360	96	s	1357340867852.245117
flow.colgate.edu_planetlab2.acis.ufl.edu_14282 3	142970.822998	119210.147000	0.018000	0.000000	142970.822998	32398	64	s	1357340873600.008057
planetlab4.wail.wisc.edu_planetlab2.acis.ufl.edu_25490 4	147551.073975	0.662000	0.050000	0.000000	147551.073975	32424	96	s	1357340878180.767090
planetlab1.cs.uiuc.edu_planetlab2.acis.ufl.edu_22298 3	149935.908936	115282.678000	0.118000	0.000000	149935.908936	32623	32	s	1357340880568.541992
planetlab4.wail.wisc.edu_planetlab2.acis.ufl.edu_26025 4	154368.156982	0.044000	0.035000	0.000000	154368.156982	32456	96	s	1357340884998.280029
planetlab4.wail.wisc.edu_planetlab2.acis.ufl.edu_26230 4	155847.382080	0.025000	0.035000	0.000000	155847.382080	32480	96	s	1357340886477.811035
planetlab4.wail.wisc.edu_planetlab2.acis.ufl.edu_26674 4	159212.774902	0.026000	0.030000	0.000000	159212.774902	32488	96	s	1357340889843.306885
planetlab4.wail.wisc.edu_planetlab2.acis.ufl.edu_26691 4	159323.981934	0.235000	0.031000	0.000000	159323.981934	32489	96	s	1357340889954.525879
planetlab4.wail.wisc.edu_planetlab2.acis.ufl.edu_26699 4	159374.624023	0.033000	0.038000	0.000000	159374.624023	32490	96	s	1357340890005.179932
planetlab4.wail.wisc.edu_planetlab2.acis.ufl.edu_26701 4	159381.854004	0.035000	0.044000	0.000000	159381.854004	32492	96	s	1357340890012.437012
planetlab4.wail.wisc.edu_planetlab2.acis.ufl.edu_26787 4	159776.568115	0.081000	0.031000	0.000000	159776.568115	32504	96	s	1357340890407.392090
flow.colgate.edu_planetlab2.acis.ufl.edu_15686 3	160139.963135	130554.100000	0.018000	0.000000	160139.963135	32526	64	s	1357340890771.069092
flow.colgate.edu_planetlab2.acis.ufl.edu_15818 3	160626.976074	130405.803000	0.021000	0.000000	160626.976074	32536	64	s	1357340891258.206055
planetlab-03.cs.princeton.edu_planetlab2.acis.ufl.edu_4727 5	165901.034180	0.085000	0.039000	0.000000	165901.034180	32603	112	s	1357340896533.215088
planetlab1.cs.uiuc.edu_planetlab2.acis.ufl.edu_24956 3	166063.479004	125492.011000	0.077000	0.000000	166063.479004	32711	32	s	1357340896697.469971
flow.colgate.edu_planetlab2.acis.ufl.edu_16580 3	166800.348145	132333.596000	0.028000	0.000000	166800.348145	32621	64	s	1357340897432.873047
flow.colgate.edu_planetlab2.acis.ufl.edu_16950 3	170611.030029	134046.781000	0.023000	0.000000	170611.030029	32646	64	s	1357340901244.100098
flow.colgate.edu_planetlab2.acis.ufl.edu_16981 3	170729.617920	133992.516000	0.034000	0.000000	170729.617920	32650	64	s	1357340901362.739990
flow.colgate.edu_planetlab2.acis.ufl.edu_17010 3	170872.302002	133984.416000	0.021000	0.000000	170872.302002	32652	64	s	1357340901505.447998
flow.colgate.edu_planetlab2.acis.ufl.edu_17019 3	170911.439209	133955.789000	0.018000	0.000000	170911.439209	32654	64	s	1357340901544.610107
flow.colgate.edu_planetlab2.acis.ufl.edu_17028 3	170931.123779	133918.438000	0.015000	0.000000	170931.123779	32655	64	s	1357340901564.306885
flow.colgate.edu_planetlab2.acis.ufl.edu_17088 3	171180.458984	133550.477000	0.026000	0.000000	171180.458984	32670	64	s	1357340901813.832031
flow.colgate.edu_planetlab2.acis.ufl.edu_17212 3	171739.813965	132823.994000	0.023000	0.000000	171739.813965	32686	64	s	1357340902373.397949
flow.colgate.edu_planetlab2.acis.ufl.edu_17386 3	172468.879883	131541.662000	0.025000	0.000000	172468.879883	32718	64	s	1357340903102.970947
planetlab4.wail.wisc.edu_planetlab2.acis.ufl.edu_28297 4	176031.180176	0.030000	0.055000	0.000000	176031.180176	32744	96	s	1357340906665.599121
flow.colgate.edu_planetlab2.acis.ufl.edu_17581 3	176235.223145	133251.970000	0.024000	0.000000	176235.223145	32754	64	s	1357340906869.769043
planetlab-03.cs.princeton.edu_planetlab2.acis.ufl.edu_4850 5	177341.132080	0.560000	0.064000	0.000000	177341.132080	32793	112	s	1357340907976.173096
flow.colgate.edu_planetlab2.acis.ufl.edu_17986 3	177959.392090	131014.997000	0.019000	0.000000	177959.392090	32815	64	s	1357340908594.789062
planetlab-03.cs.princeton.edu_planetlab2.acis.ufl.edu_4892 5	183564.281982	0.375000	0.045000	0.000000	183564.281982	32876	112	s	1357340914200.625000
planetlab-03.cs.princeton.edu_planetlab2.acis.ufl.edu_4900 5	187285.194824	0.206000	0.057000	0.000000	187285.194824	32902	112	s	1357340917921.889893
ricepl-2.cs.rice.edu_planetlab2.acis.ufl.edu_22630 9	213397.512939	82034.722000	0.016000	0.000000	213397.512939	32343	128	s	1357340944024.926025
ricepl-2.cs.rice.edu_planetlab2.acis.ufl.edu_26346 9	236218.634033	58336.678000	0.020000	0.000000	236218.634033	32540	128	s	1357340966849.916992
ricepl-2.cs.rice.edu_planetlab2.acis.ufl.edu_26492 9	236835.029053	57699.654000	0.027000	0.000000	236835.029053	32617	128	s	1357340967467.445068
ricepl-2.cs.rice.edu_planetlab2.acis.ufl.edu_26636 9	237620.661865	56528.962000	0.020000	0.000000	237620.661865	32643	128	s	1357340968253.689941
ricepl-2.cs.rice.edu_planetlab2.acis.ufl.edu_27366 9	244846.943115	49939.776000	0.028000	0.000000	244846.943115	32811	128	s	1357340975482.290039
ricepl-2.cs.rice.edu_planetlab2.acis.ufl.edu_28017 9	248208.623047	43202.576000	0.017000	0.000000	248208.623047	32948	128	s	1357340978845.904053
ricepl-2.cs.rice.edu_planetlab2.acis.ufl.edu_28096 9	248840.854980	43354.918000	0.023000	0.000000	248840.854980	32961	128	s	1357340979478.382080
ricepl-2.cs.rice.edu_planetlab2.acis.ufl.edu_28345 9	251116.650879	42045.757000	0.019000	0.000000	251116.650879	33045	128	s	1357340981755.344971
planetlab4.rutgers.edu_planetlab2.acis.ufl.edu_5130 9	375659.366211	0.469000	0.010000	0.000000	375659.366211	32638	1216	s	1357341106292.308105
roam2.cs.ou.edu_planetlab2.acis.ufl.edu_29015 9	403756.311768	102180.324000	0.017000	0.000000	403756.311768	32787	16	s	1357341134391.275879
roam2.cs.ou.edu_planetlab2.acis.ufl.edu_29019 9	403777.855957	102202.063000	0.009000	0.000000	403777.855957	32803	16	s	1357341134413.092041
aguila2.lsi.upc.edu_planetlab2.acis.ufl.edu_3248 2	406167.497070	390411.526000	0.027000	0.000000	406167.497070	32662	384	s	1357341136800.772949
flow.colgate.edu_planetlab2.acis.ufl.edu_47763 9	420366.236084	23725.643000	0.011000	0.000000	420366.236084	32820	64	s	1357341151001.697998
flow.colgate.edu_planetlab2.acis.ufl.edu_48128 9	422496.263184	24027.279000	0.011000	0.000000	422496.263184	32924	64	s	1357341153133.245117
flow.colgate.edu_planetlab2.acis.ufl.edu_48213 9	422808.135986	23777.984000	0.012000	0.000000	422808.135986	33034	64	s	1357341153446.689941
flow.colgate.edu_planetlab2.acis.ufl.edu_48221 9	422869.568115	23784.137000	0.010000	0.000000	422869.568115	33052	64	s	1357341153508.360107
planetlab1.rutgers.edu_planetlab2.acis.ufl.edu_11762 3	426544.035889	0.202000	0.088000	0.000000	426544.035889	32697	448	s	1357341157177.763916
roam2.cs.ou.edu_planetlab2.acis.ufl.edu_31108 9	438169.081055	119072.450000	0.011000	0.000000	438169.081055	32817	16	s	1357341168804.506104
roam2.cs.ou.edu_planetlab2.acis.ufl.edu_31112 9	438187.511963	119070.037000	0.017000	0.000000	438187.511963	32818	16	s	1357341168822.949951
roam2.cs.ou.edu_planetlab2.acis.ufl.edu_31114 9	438187.612061	119064.965000	0.011000	0.000000	438187.612061	32819	16	s	1357341168823.062012
roam2.cs.ou.edu_planetlab2.acis.ufl.edu_31129 9	438237.494873	119071.088000	0.014000	0.000000	438237.494873	32823	16	s	1357341168872.992920
roam2.cs.ou.edu_planetlab2.acis.ufl.edu_31135 9	438251.593018	119084.948000	0.009000	0.000000	438251.593018	32827	16	s	1357341168887.239990
roam2.cs.ou.edu_planetlab2.acis.ufl.edu_32398 9	453246.028076	123813.145000	0.014000	0.000000	453246.028076	32358	16	s	1357341183874.602051
roam2.cs.ou.edu_planetlab2.acis.ufl.edu_32417 9	456315.458008	126759.880000	0.016000	0.000000	456315.458008	32362	16	s	1357341186944.083008
roam2.cs.ou.edu_planetlab2.acis.ufl.edu_32423 9	456341.004150	126744.570000	0.013000	0.000000	456341.004150	32364	16	s	1357341186969.653076
roam2.cs.ou.edu_planetlab2.acis.ufl.edu_32435 9	456390.953125	126745.136000	0.015000	0.000000	456390.953125	32366	16	s	1357341187019.634033
roam2.cs.ou.edu_planetlab2.acis.ufl.edu_32437 9	456407.213135	126754.448000	0.013000	0.000000	456407.213135	32367	16	s	1357341187035.905029
roam2.cs.ou.edu_planetlab2.acis.ufl.edu_32440 9	456416.011963	126758.429000	0.009000	0.000000	456416.011963	32369	16	s	1357341187044.832031
roam2.cs.ou.edu_planetlab2.acis.ufl.edu_32514 9	456706.194824	126747.257000	0.015000	0.000000	456706.194824	32382	16	s	1357341187335.179932
roam2.cs.ou.edu_planetlab2.acis.ufl.edu_32518 9	456717.997070	126747.623000	0.012000	0.000000	456717.997070	32384	16	s	1357341187347.007080
roam2.cs.ou.edu_planetlab2.acis.ufl.edu_32704 9	457450.796875	124282.197000	0.017000	0.000000	457450.796875	32388	16	s	1357341188079.854980
roam2.cs.ou.edu_planetlab2.acis.ufl.edu_32738 9	457621.220947	124215.470000	0.017000	0.000000	457621.220947	32390	16	s	1357341188250.303955
roam2.cs.ou.edu_planetlab2.acis.ufl.edu_32771 9	457770.216064	124184.051000	0.015000	0.000000	457770.216064	32389	16	s	1357341188399.287109
roam2.cs.ou.edu_planetlab2.acis.ufl.edu_32911 9	461355.189209	127021.612000	0.014000	0.000000	461355.189209	32396	16	s	1357341191984.350098
roam2.cs.ou.edu_planetlab2.acis.ufl.edu_33444 9	466522.449951	128023.169000	0.014000	0.000000	466522.449951	32404	16	s	1357341197151.709961
roam2.cs.ou.edu_planetlab2.acis.ufl.edu_33508 9	466792.707031	127917.175000	0.015000	0.000000	466792.707031	32420	16	s	1357341197422.249023
roam2.cs.ou.edu_planetlab2.acis.ufl.edu_33881 9	474650.476074	132305.765000	0.018000	0.000000	474650.476074	32433	16	s	1357341205280.299072
roam2.cs.ou.edu_planetlab2.acis.ufl.edu_33931 9	474895.579834	132203.857000	0.017000	0.000000	474895.579834	32442	16	s	1357341205525.514893
roam2.cs.ou.edu_planetlab2.acis.ufl.edu_34529 9	483839.902100	137036.211000	0.021000	0.000000	483839.902100	32452	16	s	1357341214469.976074
roam2.cs.ou.edu_planetlab2.acis.ufl.edu_34737 9	484860.301025	136678.940000	0.020000	0.000000	484860.301025	32465	16	s	1357341215490.539062
planetlab1.cs.uiuc.edu_planetlab2.acis.ufl.edu_93892 9	486011.560791	40974.347000	0.037000	0.000000	486011.560791	32628	32	s	1357341216644.254883
roam2.cs.ou.edu_planetlab2.acis.ufl.edu_34972 9	489045.880127	139171.473000	0.016000	0.000000	489045.880127	32481	16	s	1357341219676.321045
roam2.cs.ou.edu_planetlab2.acis.ufl.edu_35057 9	489340.249023	139024.005000	0.033000	0.000000	489340.249023	32494	16	s	1357341219970.856934
roam2.cs.ou.edu_planetlab2.acis.ufl.edu_35084 9	489477.314941	138951.682000	0.017000	0.000000	489477.314941	32496	16	s	1357341220107.947021
roam2.cs.ou.edu_planetlab2.acis.ufl.edu_35089 9	489490.364990	138945.862000	0.014000	0.000000	489490.364990	32497	16	s	1357341220121.010010
planetlab1.cs.uiuc.edu_planetlab2.acis.ufl.edu_95501 9	490888.270020	36914.305000	0.028000	0.000000	490888.270020	32822	32	s	1357341221523.757080
planetlab1.cs.uiuc.edu_planetlab2.acis.ufl.edu_95690 9	491815.797852	36742.377000	0.027000	0.000000	491815.797852	32835	32	s	1357341222451.553955
planetlab1.cs.uiuc.edu_planetlab2.acis.ufl.edu_96292 9	493657.445068	34540.533000	0.033000	0.000000	493657.445068	32937	32	s	1357341224294.590088
roam2.cs.ou.edu_planetlab2.acis.ufl.edu_35713 9	501648.404053	146042.308000	0.027000	0.000000	501648.404053	32499	16	s	1357341232279.080078
roam2.cs.ou.edu_planetlab2.acis.ufl.edu_35732 9	501738.238037	145850.499000	0.040000	0.000000	501738.238037	32501	16	s	1357341232369.009033
roam2.cs.ou.edu_planetlab2.acis.ufl.edu_35749 9	501803.682129	145757.095000	0.018000	0.000000	501803.682129	32505	16	s	1357341232434.518066
roam2.cs.ou.edu_planetlab2.acis.ufl.edu_36622 9	511821.429932	148079.221000	0.059000	0.000000	511821.429932	32883	16	s	1357341242457.864014
roam2.cs.ou.edu_planetlab2.acis.ufl.edu_36624 9	511831.656006	148089.341000	0.018000	0.000000	511831.656006	32899	16	s	1357341242468.312012
roam2.cs.ou.edu_planetlab2.acis.ufl.edu_36644 9	511887.176025	147962.987000	0.012000	0.000000	511887.176025	32913	16	s	1357341242524.019043
roam2.cs.ou.edu_planetlab2.acis.ufl.edu_36647 9	511900.263916	147976.051000	0.008000	0.000000	511900.263916	32914	16	s	1357341242537.118896
roam2.cs.ou.edu_planetlab2.acis.ufl.edu_36650 9	511910.380127	147982.985000	0.014000	0.000000	511910.380127	32915	16	s	1357341242547.248047
roam2.cs.ou.edu_planetlab2.acis.ufl.edu_36653 9	511915.748047	147984.348000	0.009000	0.000000	511915.748047	32919	16	s	1357341242552.664062
roam2.cs.ou.edu_planetlab2.acis.ufl.edu_36657 9	511921.700928	147987.076000	0.010000	0.000000	511921.700928	32923	16	s	1357341242558.669922
roam2.cs.ou.edu_planetlab2.acis.ufl.edu_37160 9	520141.822021	151692.720000	0.024000	0.000000	520141.822021	32570	16	s	1357341250773.487061
roam2.cs.ou.edu_planetlab2.acis.ufl.edu_37737 9	525352.619141	152469.442000	0.016000	0.000000	525352.619141	32622	16	s	1357341255985.238037
roam2.cs.ou.edu_planetlab2.acis.ufl.edu_38310 9	530841.878906	153746.448000	0.023000	0.000000	530841.878906	32644	16	s	1357341261474.920898
roam2.cs.ou.edu_planetlab2.acis.ufl.edu_38999 9	539894.587158	157968.549000	0.017000	0.000000	539894.587158	32666	16	s	1357341270527.912109
roam2.cs.ou.edu_planetlab2.acis.ufl.edu_39193 9	543724.003174	159487.139000	0.019000	0.000000	543724.003174	32682	16	s	1357341274357.529053
roam2.cs.ou.edu_planetlab2.acis.ufl.edu_39262 9	543937.892822	159271.926000	0.018000	0.000000	543937.892822	32690	16	s	1357341274571.525879
roam2.cs.ou.edu_planetlab2.acis.ufl.edu_39300 9	544033.575195	159188.232000	0.018000	0.000000	544033.575195	32696	16	s	1357341274667.287109
roam2.cs.ou.edu_planetlab2.acis.ufl.edu_39319 9	544083.438965	159153.012000	0.018000	0.000000	544083.438965	32698	16	s	1357341274717.179932
roam2.cs.ou.edu_planetlab2.acis.ufl.edu_39321 9	544084.299072	159139.208000	0.015000	0.000000	544084.299072	32699	16	s	1357341274718.052002
roam2.cs.ou.edu_planetlab2.acis.ufl.edu_39345 9	544165.458984	159095.854000	0.015000	0.000000	544165.458984	32702	16	s	1357341274799.335938
roam2.cs.ou.edu_planetlab2.acis.ufl.edu_40452 9	558230.416016	164431.811000	0.015000	0.000000	558230.416016	32929	16	s	1357341288867.458984
roam2.cs.ou.edu_planetlab2.acis.ufl.edu_40453 9	558234.724121	164436.238000	0.008000	0.000000	558234.724121	32930	16	s	1357341288871.779053
roam2.cs.ou.edu_planetlab2.acis.ufl.edu_40455 9	558241.581055	164442.580000	0.009000	0.000000	558241.581055	32931	16	s	1357341288878.647949
roam2.cs.ou.edu_planetlab2.acis.ufl.edu_40458 9	558280.692871	164481.234000	0.011000	0.000000	558280.692871	32935	16	s	1357341288917.813965
roam2.cs.ou.edu_planetlab2.acis.ufl.edu_40459 9	558284.567139	164485.512000	0.007000	0.000000	558284.567139	32939	16	s	1357341288921.738037
roam2.cs.ou.edu_planetlab2.acis.ufl.edu_40463 9	558286.781006	164480.037000	0.007000	0.000000	558286.781006	32944	16	s	1357341288924.013916
roam2.cs.ou.edu_planetlab2.acis.ufl.edu_40465 9	558287.128906	164480.468000	0.009000	0.000000	558287.128906	32945	16	s	1357341288924.374023
roam2.cs.ou.edu_planetlab2.acis.ufl.edu_40467 9	558287.559814	164480.189000	0.010000	0.000000	558287.559814	32946	16	s	1357341288924.815918
roam2.cs.ou.edu_planetlab2.acis.ufl.edu_40469 9	558287.645996	164480.155000	0.009000	0.000000	558287.645996	32947	16	s	1357341288924.915039
roam2.cs.ou.edu_planetlab2.acis.ufl.edu_40476 9	558330.370850	164522.834000	0.012000	0.000000	558330.370850	32949	16	s	1357341288967.667969
roam2.cs.ou.edu_planetlab2.acis.ufl.edu_40477 9	558334.429932	164526.687000	0.006000	0.000000	558334.429932	32950	16	s	1357341288971.739990
roam2.cs.ou.edu_planetlab2.acis.ufl.edu_40478 9	558335.586914	164527.837000	0.008000	0.000000	558335.586914	32951	16	s	1357341288972.908936
roam2.cs.ou.edu_planetlab2.acis.ufl.edu_40479 9	558336.441162	164528.941000	0.007000	0.000000	558336.441162	32953	16	s	1357341288973.871094
roam2.cs.ou.edu_planetlab2.acis.ufl.edu_40483 9	558337.229004	164508.515000	0.012000	0.000000	558337.229004	32955	16	s	1357341288974.683105
roam2.cs.ou.edu_planetlab2.acis.ufl.edu_40484 9	558337.904053	164508.479000	0.007000	0.000000	558337.904053	32954	16	s	1357341288975.345947
roam2.cs.ou.edu_planetlab2.acis.ufl.edu_40486 9	558340.250977	164506.939000	0.009000	0.000000	558340.250977	32959	16	s	1357341288977.753906
roam2.cs.ou.edu_planetlab2.acis.ufl.edu_40494 9	558385.087891	164471.116000	0.016000	0.000000	558385.087891	32979	16	s	1357341289022.877930
roam2.cs.ou.edu_planetlab2.acis.ufl.edu_40725 9	562244.854004	166236.089000	0.016000	0.000000	562244.854004	32753	16	s	1357341292879.387939
roam2.cs.ou.edu_planetlab2.acis.ufl.edu_40763 9	562342.092041	166206.009000	0.016000	0.000000	562342.092041	32762	16	s	1357341292976.736084
roam2.cs.ou.edu_planetlab2.acis.ufl.edu_40854 9	562601.901123	166132.389000	0.015000	0.000000	562601.901123	32781	16	s	1357341293236.791016
roam2.cs.ou.edu_planetlab2.acis.ufl.edu_40952 9	562903.967041	166031.011000	0.016000	0.000000	562903.967041	32795	16	s	1357341293539.032959
roam2.cs.ou.edu_planetlab2.acis.ufl.edu_41167 9	563765.601807	164117.435000	0.015000	0.000000	563765.601807	32807	16	s	1357341294400.900879
planetlab-2.cmcl.cs.cmu.edu_planetlab2.acis.ufl.edu_21503 3	570220.864014	0.070000	0.076000	0.000000	570220.864014	32956	288	s	1357341300858.330078
roam2.cs.ou.edu_planetlab2.acis.ufl.edu_41689 9	572477.457031	168702.103000	0.015000	0.000000	572477.457031	32995	16	s	1357341303115.447998
roam2.cs.ou.edu_planetlab2.acis.ufl.edu_41695 9	572513.130127	168709.462000	0.020000	0.000000	572513.130127	33009	16	s	1357341303151.297119
roam2.cs.ou.edu_planetlab2.acis.ufl.edu_41696 9	572513.361084	168709.515000	0.007000	0.000000	572513.361084	33010	16	s	1357341303151.541016
roam2.cs.ou.edu_planetlab2.acis.ufl.edu_41698 9	572514.655029	168710.668000	0.013000	0.000000	572514.655029	33011	16	s	1357341303152.846924
roam2.cs.ou.edu_planetlab2.acis.ufl.edu_41790 9	575979.606934	171636.017000	0.019000	0.000000	575979.606934	32812	16	s	1357341306614.967041
roam2.cs.ou.edu_planetlab2.acis.ufl.edu_42143 9	577227.144043	170170.022000	0.018000	0.000000	577227.144043	32839	16	s	1357341307862.948975
roam2.cs.ou.edu_planetlab2.acis.ufl.edu_42955 9	590403.747070	176788.631000	0.020000	0.000000	590403.747070	32857	16	s	1357341321039.780029
roam2.cs.ou.edu_planetlab2.acis.ufl.edu_43014 9	590608.195068	176470.808000	0.019000	0.000000	590608.195068	32867	16	s	1357341321244.350098
roam2.cs.ou.edu_planetlab2.acis.ufl.edu_43911 9	607430.824951	186541.293000	0.017000	0.000000	607430.824951	33015	16	s	1357341338069.064941
roam2.cs.ou.edu_planetlab2.acis.ufl.edu_43913 9	607438.055176	186548.517000	0.010000	0.000000	607438.055176	33019	16	s	1357341338076.349121
roam2.cs.ou.edu_planetlab2.acis.ufl.edu_43932 9	607501.583984	186549.558000	0.014000	0.000000	607501.583984	33027	16	s	1357341338139.976074
roam2.cs.ou.edu_planetlab2.acis.ufl.edu_45541 9	634171.111084	200828.075000	0.013000	0.000000	634171.111084	32869	16	s	1357341364807.291016
roam2.cs.ou.edu_planetlab2.acis.ufl.edu_45547 9	634205.180908	200811.535000	0.017000	0.000000	634205.180908	32870	16	s	1357341364841.379883
roam2.cs.ou.edu_planetlab2.acis.ufl.edu_45563 9	634272.875977	200729.545000	0.018000	0.000000	634272.875977	32871	16	s	1357341364909.155029
roam2.cs.ou.edu_planetlab2.acis.ufl.edu_45959 9	639367.705078	201845.438000	0.018000	0.000000	639367.705078	32879	16	s	1357341370004.084961
roam2.cs.ou.edu_planetlab2.acis.ufl.edu_46005 9	642584.664062	204721.103000	0.017000	0.000000	642584.664062	32887	16	s	1357341373221.164062
roam2.cs.ou.edu_planetlab2.acis.ufl.edu_46016 9	642634.598145	204681.247000	0.017000	0.000000	642634.598145	32888	16	s	1357341373271.110107
roam2.cs.ou.edu_planetlab2.acis.ufl.edu_46051 9	642770.291992	204638.837000	0.014000	0.000000	642770.291992	33041	16	s	1357341373408.931885
roam2.cs.ou.edu_planetlab2.acis.ufl.edu_46057 9	642773.976807	204637.107000	0.011000	0.000000	642773.976807	33042	16	s	1357341373412.628906
roam2.cs.ou.edu_planetlab2.acis.ufl.edu_46060 9	642802.798096	204665.785000	0.009000	0.000000	642802.798096	33043	16	s	1357341373441.467041
roam2.cs.ou.edu_planetlab2.acis.ufl.edu_46068 9	642819.067871	204679.358000	0.011000	0.000000	642819.067871	33047	16	s	1357341373457.793945
roam2.cs.ou.edu_planetlab2.acis.ufl.edu_46099 9	642916.949951	204672.393000	0.016000	0.000000	642916.949951	33051	16	s	1357341373555.728027
roam2.cs.ou.edu_planetlab2.acis.ufl.edu_46174 9	643199.443115	204734.747000	0.014000	0.000000	643199.443115	32901	16	s	1357341373836.125000
roam2.cs.ou.edu_planetlab2.acis.ufl.edu_46236 9	643469.620117	204610.762000	0.019000	0.000000	643469.620117	32905	16	s	1357341374106.360107
roam2.cs.ou.edu_planetlab2.acis.ufl.edu_46259 9	643564.441895	204575.328000	0.019000	0.000000	643564.441895	32908	16	s	1357341374201.218994
roam2.cs.ou.edu_planetlab2.acis.ufl.edu_46261 9	643566.926025	204573.617000	0.009000	0.000000	643566.926025	32909	16	s	1357341374203.715088
roam2.cs.ou.edu_planetlab2.acis.ufl.edu_46273 9	643627.821777	204509.633000	0.017000	0.000000	643627.821777	32911	16	s	1357341374264.639893
roam2.cs.ou.edu_planetlab2.acis.ufl.edu_46929 9	652816.986084	207543.019000	0.017000	0.000000	652816.986084	32925	16	s	1357341383453.979980
roam2.cs.ou.edu_planetlab2.acis.ufl.edu_48968 9	680526.281006	221586.879000	0.016000	0.000000	680526.281006	32941	16	s	1357341411163.476074
roam2.cs.ou.edu_planetlab2.acis.ufl.edu_49056 9	680979.724121	221445.898000	0.020000	0.000000	680979.724121	32952	16	s	1357341411617.141113
roam2.cs.ou.edu_planetlab2.acis.ufl.edu_49423 9	688737.199951	226043.770000	0.018000	0.000000	688737.199951	32966	16	s	1357341419374.795898
roam2.cs.ou.edu_planetlab2.acis.ufl.edu_49453 9	688880.718994	225888.761000	0.014000	0.000000	688880.718994	32973	16	s	1357341419518.400879
roam2.cs.ou.edu_planetlab2.acis.ufl.edu_49562 9	689327.495850	225228.945000	0.017000	0.000000	689327.495850	32984	16	s	1357341419965.347900
roam2.cs.ou.edu_planetlab2.acis.ufl.edu_49757 9	693323.763916	227708.469000	0.019000	0.000000	693323.763916	33057	16	s	1357341423962.627930
roam2.cs.ou.edu_planetlab2.acis.ufl.edu_49759 9	693325.018066	227709.594000	0.009000	0.000000	693325.018066	33059	16	s	1357341423963.907959
roam2.cs.ou.edu_planetlab2.acis.ufl.edu_49761 9	693325.130127	227709.801000	0.007000	0.000000	693325.130127	33058	16	s	1357341423964.008057
roam2.cs.ou.edu_planetlab2.acis.ufl.edu_49763 9	693325.589111	227709.882000	0.008000	0.000000	693325.589111	33063	16	s	1357341423964.528076
roam2.cs.ou.edu_planetlab2.acis.ufl.edu_49771 9	693374.861084	227722.338000	0.016000	0.000000	693374.861084	33067	16	s	1357341424013.849121
roam2.cs.ou.edu_planetlab2.acis.ufl.edu_49773 9	693375.343018	227716.923000	0.010000	0.000000	693375.343018	33072	16	s	1357341424014.395020
roam2.cs.ou.edu_planetlab2.acis.ufl.edu_49777 9	693378.572998	227715.874000	0.014000	0.000000	693378.572998	33073	16	s	1357341424017.637939
roam2.cs.ou.edu_planetlab2.acis.ufl.edu_49779 9	693384.169922	227721.282000	0.016000	0.000000	693384.169922	33074	16	s	1357341424023.252930
roam2.cs.ou.edu_planetlab2.acis.ufl.edu_49946 9	693660.563965	227718.096000	0.017000	0.000000	693660.563965	32999	16	s	1357341424298.604004
roam2.cs.ou.edu_planetlab2.acis.ufl.edu_49973 9	693743.509033	227719.870000	0.015000	0.000000	693743.509033	33000	16	s	1357341424381.561035
roam2.cs.ou.edu_planetlab2.acis.ufl.edu_50588 9	700061.739014	228767.818000	0.020000	0.000000	700061.739014	33008	16	s	1357341430699.894043
roam2.cs.ou.edu_planetlab2.acis.ufl.edu_50816 9	703820.191895	230568.634000	0.018000	0.000000	703820.191895	33017	16	s	1357341434458.460938
roam2.cs.ou.edu_planetlab2.acis.ufl.edu_50818 9	703829.531006	230576.375000	0.011000	0.000000	703829.531006	33016	16	s	1357341434467.788086
roam2.cs.ou.edu_planetlab2.acis.ufl.edu_50820 9	703830.623047	230562.385000	0.011000	0.000000	703830.623047	33018	16	s	1357341434468.904053
roam2.cs.ou.edu_planetlab2.acis.ufl.edu_50830 9	703879.728027	230546.178000	0.016000	0.000000	703879.728027	33020	16	s	1357341434518.033936
roam2.cs.ou.edu_planetlab2.acis.ufl.edu_50946 9	704418.085205	230402.600000	0.019000	0.000000	704418.085205	33036	16	s	1357341435056.663086
roam2.cs.ou.edu_planetlab2.acis.ufl.edu_51232 9	708431.036133	232289.898000	0.017000	0.000000	708431.036133	33049	16	s	1357341439069.788086
