plgmu2.ite.gmu.edu_planetlab2.clemson.edu_1095 1	3853.439941	3009.935000	0.058000	0.000000	3853.439941	64045	1536	s	1357340736830.279053
plgmu2.ite.gmu.edu_planetlab2.clemson.edu_1107 1	3882.635986	2788.848000	0.062000	0.000000	3882.635986	64088	1536	s	1357340736859.959961
plgmu2.ite.gmu.edu_planetlab2.clemson.edu_1162 1	3989.649170	2069.327000	0.051000	0.000000	3989.649170	64199	1536	s	1357340736968.236084
plgmu2.ite.gmu.edu_planetlab2.clemson.edu_1198 1	4062.437988	1656.214000	0.061000	0.000000	4062.437988	64275	1536	s	1357340737041.971924
plgmu2.ite.gmu.edu_planetlab2.clemson.edu_1389 1	4591.776123	100.167000	0.059000	0.000000	4591.776123	64600	1536	s	1357340737575.068115
planetlab3.wail.wisc.edu_planetlab2.clemson.edu_861 4	9071.689941	0.105000	0.020000	0.000000	9071.689941	64524	3328	s	1357340742054.102051
nodea.howard.edu_planetlab2.clemson.edu_1676 5	9826.956055	0.274000	0.030000	0.000000	9826.956055	64157	3072	s	1357340742805.070068
nodea.howard.edu_planetlab2.clemson.edu_1705 5	10011.330078	0.076000	0.013000	0.000000	10011.330078	64470	3072	s	1357340742993.124023
nodea.howard.edu_planetlab2.clemson.edu_1703 5	10013.013916	0.137000	0.010000	0.000000	10013.013916	64329	3072	s	1357340742993.170898
nodea.howard.edu_planetlab2.clemson.edu_1702 5	10012.020020	0.161000	0.022000	0.000000	10012.020020	64419	3072	s	1357340742993.222900
nodeb.howard.edu_planetlab2.clemson.edu_2040 3	12209.157959	0.120000	0.030000	0.000000	12209.157959	63986	2304	s	1357340745185.332031
nodeb.howard.edu_planetlab2.clemson.edu_2049 3	12260.812988	0.250000	0.016000	0.000000	12260.812988	64090	2304	s	1357340745238.159912
nodeb.howard.edu_planetlab2.clemson.edu_2073 3	12393.893066	0.023000	0.019000	0.000000	12393.893066	64273	2304	s	1357340745373.405029
nodeb.howard.edu_planetlab2.clemson.edu_2091 3	12483.495850	0.047000	0.026000	0.000000	12483.495850	64356	2304	s	1357340745463.962891
nodeb.howard.edu_planetlab2.clemson.edu_2101 3	12536.989990	0.175000	0.029000	0.000000	12536.989990	64398	2304	s	1357340745517.956055
planetlab1.temple.edu_planetlab2.clemson.edu_5318 2	12757.615967	8978.423000	0.018000	0.000000	12757.615967	63948	1024	s	1357340745733.241943
planetlab1.temple.edu_planetlab2.clemson.edu_5316 2	12757.713867	8980.679000	0.016000	0.000000	12757.713867	63949	1024	s	1357340745733.399902
planetlab1.temple.edu_planetlab2.clemson.edu_5322 2	12763.020996	8981.161000	0.016000	0.000000	12763.020996	63950	1024	s	1357340745738.760010
planetlab1.temple.edu_planetlab2.clemson.edu_5330 2	12779.901855	8995.162000	0.029000	0.000000	12779.901855	63964	1024	s	1357340745755.805908
planetlab1.temple.edu_planetlab2.clemson.edu_5336 2	12796.943848	9010.774000	0.019000	0.000000	12796.943848	63968	1024	s	1357340745772.897949
planetlab1.temple.edu_planetlab2.clemson.edu_5341 2	12806.812988	9015.472000	0.023000	0.000000	12806.812988	63973	1024	s	1357340745782.821045
planetlab1.temple.edu_planetlab2.clemson.edu_5345 2	12810.791016	9018.181000	0.018000	0.000000	12810.791016	63976	1024	s	1357340745786.853027
planetlab1.temple.edu_planetlab2.clemson.edu_5349 2	12816.901855	9020.192000	0.019000	0.000000	12816.901855	63972	1024	s	1357340745792.897949
planetlab1.temple.edu_planetlab2.clemson.edu_5347 2	12817.170898	9020.548000	0.025000	0.000000	12817.170898	63974	1024	s	1357340745793.188965
planetlab1.temple.edu_planetlab2.clemson.edu_5355 2	12835.844971	9034.550000	0.018000	0.000000	12835.844971	63977	1024	s	1357340745811.917969
planetlab1.temple.edu_planetlab2.clemson.edu_5357 2	12838.192871	9034.352000	0.017000	0.000000	12838.192871	63978	1024	s	1357340745814.275879
planetlab1.temple.edu_planetlab2.clemson.edu_5366 2	12857.206055	9044.653000	0.020000	0.000000	12857.206055	63981	1024	s	1357340745833.324951
planetlab1.temple.edu_planetlab2.clemson.edu_5373 2	12876.016846	9056.339000	0.025000	0.000000	12876.016846	63982	1024	s	1357340745852.147949
planetlab1.temple.edu_planetlab2.clemson.edu_5374 2	12877.731934	9058.901000	0.018000	0.000000	12877.731934	63983	1024	s	1357340745853.873047
planetlab1.temple.edu_planetlab2.clemson.edu_5377 2	12881.200195	9061.643000	0.019000	0.000000	12881.200195	63980	1024	s	1357340745857.309082
planetlab1.temple.edu_planetlab2.clemson.edu_5380 2	12892.354004	9066.610000	0.017000	0.000000	12892.354004	63988	1024	s	1357340745868.550049
planetlab1.temple.edu_planetlab2.clemson.edu_5382 2	12897.657959	9070.238000	0.016000	0.000000	12897.657959	63992	1024	s	1357340745873.899902
planetlab1.temple.edu_planetlab2.clemson.edu_5392 2	12919.771973	9086.847000	0.021000	0.000000	12919.771973	63998	1024	s	1357340745896.080078
planetlab1.temple.edu_planetlab2.clemson.edu_5393 2	12921.201172	9088.403000	0.014000	0.000000	12921.201172	63996	1024	s	1357340745897.487061
planetlab1.temple.edu_planetlab2.clemson.edu_5399 2	12931.524902	9095.148000	0.020000	0.000000	12931.524902	63997	1024	s	1357340745907.822021
planetlab1.temple.edu_planetlab2.clemson.edu_5448 2	13083.436035	9199.882000	0.022000	0.000000	13083.436035	64068	1024	s	1357340746060.531982
planetlab1.temple.edu_planetlab2.clemson.edu_5469 2	13150.195801	9250.542000	0.017000	0.000000	13150.195801	64095	1024	s	1357340746127.597900
planetlab-01.ece.uprm.edu_planetlab2.clemson.edu_1943 2	13249.255127	2600.166000	0.045000	0.000000	13249.255127	64490	2240	s	1357340746231.280029
nodeb.howard.edu_planetlab2.clemson.edu_2248 9	13341.577148	65.035000	0.013000	0.000000	13341.577148	64631	2304	s	1357340746325.226074
planetlab2.acis.ufl.edu_planetlab2.clemson.edu_3346 9	13360.318848	0.028000	0.017000	0.000000	13360.318848	64001	1152	s	1357340746336.659912
planetlab1.temple.edu_planetlab2.clemson.edu_5618 2	13484.572998	9444.694000	0.023000	0.000000	13484.572998	64236	1024	s	1357340746463.665039
planetlab1.temple.edu_planetlab2.clemson.edu_5645 2	13553.187988	9491.163000	0.021000	0.000000	13553.187988	64271	1024	s	1357340746532.677979
planetlab1.temple.edu_planetlab2.clemson.edu_5786 2	13930.593018	9658.331000	0.020000	0.000000	13930.593018	64364	1024	s	1357340746911.149902
planetlab1.temple.edu_planetlab2.clemson.edu_5811 2	13985.760010	9684.612000	0.020000	0.000000	13985.760010	64378	1024	s	1357340746966.476074
planetlab1.temple.edu_planetlab2.clemson.edu_5835 2	14051.664062	9724.415000	0.021000	0.000000	14051.664062	64400	1024	s	1357340747032.653076
planetlab1.cs.umass.edu_planetlab2.clemson.edu_3540 4	14081.345947	0.190000	0.040000	0.000000	14081.345947	64359	1184	s	1357340747061.846924
planetlab1.temple.edu_planetlab2.clemson.edu_5868 2	14153.104980	9771.593000	0.017000	0.000000	14153.104980	64428	1024	s	1357340747134.409912
planetlab1.temple.edu_planetlab2.clemson.edu_5899 2	14240.924072	9829.788000	0.017000	0.000000	14240.924072	64460	1024	s	1357340747222.601074
planetlab1.temple.edu_planetlab2.clemson.edu_5930 2	14339.863037	9899.016000	0.020000	0.000000	14339.863037	64484	1024	s	1357340747321.818115
planetlab1.temple.edu_planetlab2.clemson.edu_5944 2	14374.511963	9921.902000	0.019000	0.000000	14374.511963	64488	1024	s	1357340747356.514893
planetlab1.temple.edu_planetlab2.clemson.edu_5947 2	14377.982910	9923.910000	0.018000	0.000000	14377.982910	64492	1024	s	1357340747360.030029
planetlab1.temple.edu_planetlab2.clemson.edu_5950 2	14387.239990	9930.594000	0.021000	0.000000	14387.239990	64493	1024	s	1357340747369.298096
planetlab1.temple.edu_planetlab2.clemson.edu_5967 2	14426.588867	9962.147000	0.020000	0.000000	14426.588867	64494	1024	s	1357340747408.657959
planetlab1.temple.edu_planetlab2.clemson.edu_5980 2	14452.395020	9981.629000	0.018000	0.000000	14452.395020	64508	1024	s	1357340747434.624023
planetlab1.temple.edu_planetlab2.clemson.edu_6060 2	14680.872070	10150.217000	0.019000	0.000000	14680.872070	64551	1024	s	1357340747663.594971
planetlab1.temple.edu_planetlab2.clemson.edu_6067 2	14710.034180	10167.565000	0.018000	0.000000	14710.034180	64554	1024	s	1357340747692.797119
planetlab3.rutgers.edu_planetlab2.clemson.edu_1585 9	14770.278076	0.024000	0.008000	0.000000	14770.278076	63965	2400	s	1357340747746.193115
planetlab1.temple.edu_planetlab2.clemson.edu_6132 2	14834.987061	10225.046000	0.019000	0.000000	14834.987061	64607	1024	s	1357340747818.361084
planetlab1.temple.edu_planetlab2.clemson.edu_6150 2	14862.005859	10216.975000	0.019000	0.000000	14862.005859	64627	1024	s	1357340747845.607910
planetlab2.acis.ufl.edu_planetlab2.clemson.edu_3384 9	14881.522949	0.086000	0.018000	0.000000	14881.522949	64513	1152	s	1357340747863.812012
planetlab1.temple.edu_planetlab2.clemson.edu_6250 2	15066.859863	10279.145000	0.026000	0.000000	15066.859863	64647	1024	s	1357340748050.698975
planetlab2.acis.ufl.edu_planetlab2.clemson.edu_3396 9	15301.801025	0.087000	0.020000	0.000000	15301.801025	64628	1152	s	1357340748285.414062
planetlab1.temple.edu_planetlab2.clemson.edu_6394 2	15374.100098	10477.346000	0.028000	0.000000	15374.100098	64665	1024	s	1357340748358.145020
planetlab1.temple.edu_planetlab2.clemson.edu_6453 2	15505.363037	10534.143000	0.021000	0.000000	15505.363037	64675	1024	s	1357340748489.523926
planetlab1.temple.edu_planetlab2.clemson.edu_6461 2	15529.437012	10550.827000	0.018000	0.000000	15529.437012	64677	1024	s	1357340748513.620117
planetlab1.temple.edu_planetlab2.clemson.edu_6464 2	15533.379883	10551.442000	0.016000	0.000000	15533.379883	64678	1024	s	1357340748517.574951
planetlab1.temple.edu_planetlab2.clemson.edu_6466 2	15534.201904	10549.030000	0.018000	0.000000	15534.201904	64679	1024	s	1357340748518.480957
planetlab2.acis.ufl.edu_planetlab2.clemson.edu_3410 9	15864.903076	0.030000	0.015000	0.000000	15864.903076	64670	1152	s	1357340748849.008057
planetlab1.cs.purdue.edu_planetlab2.clemson.edu_2849 3	16375.803955	6984.729000	0.023000	0.000000	16375.803955	64003	2112	s	1357340749352.166016
planetlab1.cs.purdue.edu_planetlab2.clemson.edu_2854 3	16386.669922	6984.520000	0.023000	0.000000	16386.669922	64005	2112	s	1357340749363.055908
planetlab1.cs.purdue.edu_planetlab2.clemson.edu_2857 3	16415.629150	6997.700000	0.022000	0.000000	16415.629150	64006	2112	s	1357340749392.027100
planetlab1.cs.purdue.edu_planetlab2.clemson.edu_2866 3	16470.218018	7002.523000	0.024000	0.000000	16470.218018	64007	2112	s	1357340749446.626953
planetlab1.cs.purdue.edu_planetlab2.clemson.edu_2881 3	16598.686035	7027.013000	0.063000	0.000000	16598.686035	64015	2112	s	1357340749575.183105
planetlab1.cs.purdue.edu_planetlab2.clemson.edu_2891 3	16667.723145	7031.136000	0.022000	0.000000	16667.723145	64023	2112	s	1357340749644.310059
planetlab1.cs.purdue.edu_planetlab2.clemson.edu_2904 3	16777.513916	7071.904000	0.020000	0.000000	16777.513916	64039	2112	s	1357340749754.281982
planetlab1.cs.purdue.edu_planetlab2.clemson.edu_2912 3	16832.393799	7071.477000	0.021000	0.000000	16832.393799	64071	2112	s	1357340749809.525879
planetlab1.cs.purdue.edu_planetlab2.clemson.edu_2939 3	17041.076904	7123.634000	0.017000	0.000000	17041.076904	64135	2112	s	1357340750018.941895
planetlab1.cs.purdue.edu_planetlab2.clemson.edu_2953 3	17134.346924	7151.225000	0.017000	0.000000	17134.346924	64263	2112	s	1357340750113.743896
planetlab1.cs.purdue.edu_planetlab2.clemson.edu_2993 3	17374.885986	7189.463000	0.019000	0.000000	17374.885986	64436	2112	s	1357340750356.282959
planetlab2.williams.edu_planetlab2.clemson.edu_1439 4	18636.228027	0.035000	0.023000	0.000000	18636.228027	64475	1408	s	1357340751618.082031
plgmu1.ite.gmu.edu_planetlab2.clemson.edu_1232 4	22554.042969	0.081000	0.071000	0.000000	22554.042969	63952	208	s	1357340755529.812988
planetlab2.cs.unc.edu_planetlab2.clemson.edu_3585 3	23703.203857	13732.665000	0.029000	0.000000	23703.203857	64230	2080	s	1357340756682.147949
planetlab2.cs.unc.edu_planetlab2.clemson.edu_3598 3	23773.076172	13734.685000	0.022000	0.000000	23773.076172	64306	2080	s	1357340756752.975098
planetlab2.cs.unc.edu_planetlab2.clemson.edu_3639 3	23963.825195	13777.555000	0.019000	0.000000	23963.825195	64429	2080	s	1357340756945.142090
planetlab2.cs.unc.edu_planetlab2.clemson.edu_3677 3	24195.045166	13786.949000	0.030000	0.000000	24195.045166	64472	2080	s	1357340757176.862061
planetlab-03.cs.princeton.edu_planetlab2.clemson.edu_1576 4	29794.688965	0.571000	0.030000	0.000000	29794.688965	64016	112	s	1357340762771.197021
planetlab5.millennium.berkeley.edu_planetlab2.clemson.edu_3625 9	30238.623779	3851.670000	0.043000	0.000000	30238.623779	64038	1280	s	1357340763215.379883
planetlab5.millennium.berkeley.edu_planetlab2.clemson.edu_3627 9	30301.544189	3914.715000	0.012000	0.000000	30301.544189	64022	1280	s	1357340763278.121094
planetlab5.millennium.berkeley.edu_planetlab2.clemson.edu_3632 9	30311.305908	3892.317000	0.031000	0.000000	30311.305908	64054	1280	s	1357340763288.241943
planetlab5.millennium.berkeley.edu_planetlab2.clemson.edu_3636 9	30320.086914	3849.554000	0.047000	0.000000	30320.086914	64050	1280	s	1357340763296.979980
planetlab5.millennium.berkeley.edu_planetlab2.clemson.edu_3634 9	30320.604004	3899.377000	0.011000	0.000000	30320.604004	64052	1280	s	1357340763297.518066
planetlab5.millennium.berkeley.edu_planetlab2.clemson.edu_3641 9	30398.781006	3926.660000	0.022000	0.000000	30398.781006	64055	1280	s	1357340763375.728027
planetlab5.millennium.berkeley.edu_planetlab2.clemson.edu_3645 9	30420.345947	3868.427000	0.025000	0.000000	30420.345947	64062	1280	s	1357340763397.375000
planetlab5.millennium.berkeley.edu_planetlab2.clemson.edu_3651 9	30510.999023	3924.092000	0.048000	0.000000	30510.999023	64118	1280	s	1357340763488.667969
planetlab5.millennium.berkeley.edu_planetlab2.clemson.edu_3653 9	30510.343018	3918.508000	0.011000	0.000000	30510.343018	64182	1280	s	1357340763488.738037
planetlab5.millennium.berkeley.edu_planetlab2.clemson.edu_3675 9	30595.825928	3775.558000	0.034000	0.000000	30595.825928	64310	1280	s	1357340763575.769043
planetlab5.millennium.berkeley.edu_planetlab2.clemson.edu_3690 9	30735.635010	3825.162000	0.033000	0.000000	30735.635010	64389	1280	s	1357340763716.497070
planetlab-03.cs.princeton.edu_planetlab2.clemson.edu_1695 4	34586.735840	0.323000	0.021000	0.000000	34586.735840	64302	112	s	1357340767566.585938
plgmu1.ite.gmu.edu_planetlab2.clemson.edu_1330 4	34798.408203	3.544000	0.105000	0.000000	34798.408203	64307	208	s	1357340767778.318115
planetlab-03.cs.princeton.edu_planetlab2.clemson.edu_1748 4	36545.334961	0.487000	0.050000	0.000000	36545.334961	64347	112	s	1357340769525.697998
planetlab-03.cs.princeton.edu_planetlab2.clemson.edu_1848 4	39945.035889	0.420000	0.042000	0.000000	39945.035889	64452	112	s	1357340772926.618896
planetlab-02.bu.edu_planetlab2.clemson.edu_9234 3	42420.024170	0.311000	0.061000	0.000000	42420.024170	64611	192	s	1357340775403.443115
planetlab6.csail.mit.edu_planetlab2.clemson.edu_11452 9	44003.678955	1069.636000	0.029000	0.000000	44003.678955	64010	1056	s	1357340776980.122070
planetlab6.csail.mit.edu_planetlab2.clemson.edu_11518 9	44263.173828	875.896000	0.035000	0.000000	44263.173828	64130	1056	s	1357340777240.983887
planetlab6.csail.mit.edu_planetlab2.clemson.edu_11519 9	44263.176025	875.985000	0.009000	0.000000	44263.176025	64136	1056	s	1357340777241.054932
planetlab6.csail.mit.edu_planetlab2.clemson.edu_11540 9	44325.045166	832.876000	0.035000	0.000000	44325.045166	64138	1056	s	1357340777302.946045
planetlab6.csail.mit.edu_planetlab2.clemson.edu_11547 9	44341.173828	840.194000	0.016000	0.000000	44341.173828	64139	1056	s	1357340777319.085938
planetlab6.csail.mit.edu_planetlab2.clemson.edu_11553 9	44368.491943	849.039000	0.022000	0.000000	44368.491943	64154	1056	s	1357340777346.572998
planetlab6.csail.mit.edu_planetlab2.clemson.edu_11555 9	44377.069092	849.363000	0.022000	0.000000	44377.069092	64170	1056	s	1357340777355.329102
planetlab6.csail.mit.edu_planetlab2.clemson.edu_11558 9	44378.934814	845.928000	0.035000	0.000000	44378.934814	64142	1056	s	1357340777356.879883
planetlab6.csail.mit.edu_planetlab2.clemson.edu_11605 9	44517.563965	577.468000	0.017000	0.000000	44517.563965	64202	1056	s	1357340777496.187988
planetlab6.csail.mit.edu_planetlab2.clemson.edu_11654 9	44596.291992	567.491000	0.057000	0.000000	44596.291992	64313	1056	s	1357340777576.269043
planetlab6.csail.mit.edu_planetlab2.clemson.edu_11681 9	44694.606934	513.092000	0.015000	0.000000	44694.606934	64394	1056	s	1357340777675.524902
planetlab6.csail.mit.edu_planetlab2.clemson.edu_11795 9	44910.730957	440.905000	0.027000	0.000000	44910.730957	64617	1056	s	1357340777894.219971
planetlab2.cs.pitt.edu_planetlab2.clemson.edu_2311 4	48017.729004	0.022000	0.026000	0.000000	48017.729004	64122	176	s	1357340780995.445068
osiris.planetlab.cs.umd.edu_planetlab2.clemson.edu_1265 4	48516.982910	0.037000	0.069000	0.000000	48516.982910	64146	2688	s	1357340781494.970947
planetlab1.cis.upenn.edu_planetlab2.clemson.edu_3281 5	48763.386963	0.029000	0.028000	0.000000	48763.386963	64127	2560	s	1357340781741.164062
planetlab1.cis.upenn.edu_planetlab2.clemson.edu_3298 5	48936.825928	0.027000	0.022000	0.000000	48936.825928	64204	2560	s	1357340781915.471924
planetlab-01.bu.edu_planetlab2.clemson.edu_4489 5	49028.002930	0.036000	0.035000	0.000000	49028.002930	63971	640	s	1357340782003.989014
planetlab1.cis.upenn.edu_planetlab2.clemson.edu_3316 5	49224.337158	0.141000	0.021000	0.000000	49224.337158	64319	2560	s	1357340782204.383057
planetlab1.cis.upenn.edu_planetlab2.clemson.edu_3320 5	49253.455078	0.027000	0.018000	0.000000	49253.455078	64351	2560	s	1357340782233.863037
planetlab1.cis.upenn.edu_planetlab2.clemson.edu_3325 5	49380.300049	0.054000	0.025000	0.000000	49380.300049	64367	2560	s	1357340782360.891113
planetlab1.cis.upenn.edu_planetlab2.clemson.edu_3327 5	49380.292969	0.177000	0.016000	0.000000	49380.292969	64375	2560	s	1357340782360.976074
planetlab1.cis.upenn.edu_planetlab2.clemson.edu_3331 5	49422.289062	0.024000	0.017000	0.000000	49422.289062	64381	2560	s	1357340782403.039062
planetlab1.cis.upenn.edu_planetlab2.clemson.edu_3334 5	49435.450928	18.369000	0.015000	0.000000	49435.450928	64382	2560	s	1357340782416.231934
planetlab1.cis.upenn.edu_planetlab2.clemson.edu_3336 5	49435.640869	0.022000	0.025000	0.000000	49435.640869	64379	2560	s	1357340782416.367920
planetlab1.cis.upenn.edu_planetlab2.clemson.edu_3338 5	49525.566162	0.023000	0.018000	0.000000	49525.566162	64383	2560	s	1357340782506.361084
planetlab1.cis.upenn.edu_planetlab2.clemson.edu_3347 5	49579.118164	8.793000	0.019000	0.000000	49579.118164	64511	2560	s	1357340782561.381104
planetlab1.georgetown.edu_planetlab2.clemson.edu_6352 5	49699.335938	0.029000	0.043000	0.000000	49699.335938	64058	576	s	1357340782676.321045
planetlab-01.bu.edu_planetlab2.clemson.edu_4544 5	49952.021973	0.086000	0.029000	0.000000	49952.021973	64075	640	s	1357340782929.198975
pluto.cs.brown.edu_planetlab2.clemson.edu_3954 4	50525.218018	0.076000	0.042000	0.000000	50525.218018	64100	704	s	1357340783502.685059
planetlab1.georgetown.edu_planetlab2.clemson.edu_6376 5	50994.489014	0.029000	0.027000	0.000000	50994.489014	64137	576	s	1357340783972.378906
plab4.eece.ksu.edu_planetlab2.clemson.edu_3185 3	52793.880127	0.079000	0.033000	0.000000	52793.880127	64453	2176	s	1357340785775.475098
planetlab1.georgetown.edu_planetlab2.clemson.edu_6400 5	52902.117188	0.075000	0.038000	0.000000	52902.117188	64265	576	s	1357340785881.537109
plab4.eece.ksu.edu_planetlab2.clemson.edu_3213 3	53723.238037	0.028000	0.029000	0.000000	53723.238037	64550	2176	s	1357340786705.949951
plab4.eece.ksu.edu_planetlab2.clemson.edu_3230 3	54441.246094	0.039000	0.033000	0.000000	54441.246094	64661	2176	s	1357340787425.247070
planetlab2.cs.pitt.edu_planetlab2.clemson.edu_3011 4	54776.539062	0.298000	0.043000	0.000000	54776.539062	64527	176	s	1357340787758.990967
planetlab1.georgetown.edu_planetlab2.clemson.edu_6423 5	54857.375977	0.154000	0.039000	0.000000	54857.375977	64385	576	s	1357340787838.195068
planetlab1.georgetown.edu_planetlab2.clemson.edu_6431 5	55014.700928	0.024000	0.032000	0.000000	55014.700928	64392	576	s	1357340787995.596924
planetlab1.georgetown.edu_planetlab2.clemson.edu_6433 5	55041.142090	0.072000	0.032000	0.000000	55041.142090	64393	576	s	1357340788022.049072
planetlab1.georgetown.edu_planetlab2.clemson.edu_6435 5	55101.853027	0.032000	0.045000	0.000000	55101.853027	64395	576	s	1357340788082.781982
planetlab1.georgetown.edu_planetlab2.clemson.edu_6437 5	55120.263916	0.024000	0.027000	0.000000	55120.263916	64397	576	s	1357340788101.218994
planetlab1.georgetown.edu_planetlab2.clemson.edu_6440 5	55181.898926	0.070000	0.033000	0.000000	55181.898926	64409	576	s	1357340788162.989990
planetlab1.georgetown.edu_planetlab2.clemson.edu_6452 5	55529.102051	0.027000	0.036000	0.000000	55529.102051	64425	576	s	1357340788510.374023
planetlab2.cs.pitt.edu_planetlab2.clemson.edu_3150 4	55779.628906	0.068000	0.030000	0.000000	55779.628906	64634	176	s	1357340788763.312988
planetlab-01.bu.edu_planetlab2.clemson.edu_4647 5	56563.605957	0.431000	0.024000	0.000000	56563.605957	64552	640	s	1357340789546.343994
planetlab-01.bu.edu_planetlab2.clemson.edu_4660 5	57527.863037	0.089000	0.032000	0.000000	57527.863037	64648	640	s	1357340790511.714111
planetlab-01.bu.edu_planetlab2.clemson.edu_4665 5	57976.849121	0.079000	0.031000	0.000000	57976.849121	64672	640	s	1357340790960.977051
planetlab1.georgetown.edu_planetlab2.clemson.edu_6522 5	58922.908203	0.030000	0.036000	0.000000	58922.908203	64457	576	s	1357340791904.548096
planetlab-2.cmcl.cs.cmu.edu_planetlab2.clemson.edu_8234 3	62606.960938	1838.566000	0.068000	0.000000	62606.960938	64013	288	s	1357340795583.437012
planetlab-01.cs.princeton.edu_planetlab2.clemson.edu_5285 9	62935.735107	0.040000	0.015000	0.000000	62935.735107	64107	1088	s	1357340795913.280029
planetlab-01.cs.princeton.edu_planetlab2.clemson.edu_5302 9	63076.438965	0.672000	0.934000	0.000000	63076.438965	64288	1088	s	1357340796056.123047
planetlab-01.cs.princeton.edu_planetlab2.clemson.edu_5310 9	63183.032959	0.574000	0.010000	0.000000	63183.032959	64341	1088	s	1357340796163.325928
planetlab-01.cs.princeton.edu_planetlab2.clemson.edu_5321 9	63302.325928	0.795000	0.440000	0.000000	63302.325928	64447	1088	s	1357340796283.854980
planetlab-01.cs.princeton.edu_planetlab2.clemson.edu_5331 9	63422.750977	0.428000	0.010000	0.000000	63422.750977	64582	1088	s	1357340796405.836914
planetlab-2.cmcl.cs.cmu.edu_planetlab2.clemson.edu_8322 3	65122.464111	1488.661000	0.052000	0.000000	65122.464111	64069	288	s	1357340798099.572021
planetlab2.millennium.berkeley.edu_planetlab2.clemson.edu_8922 4	65126.152100	42532.564000	0.060000	0.000000	65126.152100	63947	2048	s	1357340798101.697021
planetlab-2.cmcl.cs.cmu.edu_planetlab2.clemson.edu_8333 3	65287.171875	1425.038000	0.073000	0.000000	65287.171875	64073	288	s	1357340798264.326904
planetlab-2.cmcl.cs.cmu.edu_planetlab2.clemson.edu_8341 3	65382.451904	1378.664000	0.337000	0.000000	65382.451904	64076	288	s	1357340798359.639893
planetlab-2.cmcl.cs.cmu.edu_planetlab2.clemson.edu_8349 3	65483.859131	1349.348000	0.074000	0.000000	65483.859131	64077	288	s	1357340798461.058105
planetlab-2.cmcl.cs.cmu.edu_planetlab2.clemson.edu_8357 3	65531.633057	1268.699000	0.075000	0.000000	65531.633057	64079	288	s	1357340798508.854004
planetlab-2.cmcl.cs.cmu.edu_planetlab2.clemson.edu_8425 3	66455.436035	1176.953000	0.078000	0.000000	66455.436035	64093	288	s	1357340799432.815918
planetlab-2.cmcl.cs.cmu.edu_planetlab2.clemson.edu_8451 3	66659.554932	446.530000	0.063000	0.000000	66659.554932	64109	288	s	1357340799637.125977
planetlab2.millennium.berkeley.edu_planetlab2.clemson.edu_8989 4	68257.354980	45100.146000	0.052000	0.000000	68257.354980	63975	2048	s	1357340801233.405029
planetlab2.millennium.berkeley.edu_planetlab2.clemson.edu_9047 4	68920.493896	45422.049000	0.077000	0.000000	68920.493896	64032	2048	s	1357340801897.181885
planetlab2.millennium.berkeley.edu_planetlab2.clemson.edu_9048 4	68977.189941	45478.497000	0.029000	0.000000	68977.189941	64040	2048	s	1357340801953.968994
planetlab2.millennium.berkeley.edu_planetlab2.clemson.edu_9049 4	69006.872070	45508.302000	0.039000	0.000000	69006.872070	64041	2048	s	1357340801983.662109
planetlab2.millennium.berkeley.edu_planetlab2.clemson.edu_9051 4	69080.248047	45548.815000	0.097000	0.000000	69080.248047	64042	2048	s	1357340802057.050049
planetlab2.millennium.berkeley.edu_planetlab2.clemson.edu_9057 4	69168.155029	45633.524000	0.088000	0.000000	69168.155029	64044	2048	s	1357340802144.979004
planetlab2.millennium.berkeley.edu_planetlab2.clemson.edu_9067 4	69459.031982	45861.738000	0.078000	0.000000	69459.031982	64084	2048	s	1357340802436.312012
planetlab2.millennium.berkeley.edu_planetlab2.clemson.edu_9071 4	69798.862061	46197.477000	0.087000	0.000000	69798.862061	64104	2048	s	1357340802776.374023
planet6.cs.ucsb.edu_planetlab2.clemson.edu_5504 9	70090.145020	0.155000	0.020000	0.000000	70090.145020	64234	768	s	1357340803069.134033
planet6.cs.ucsb.edu_planetlab2.clemson.edu_5534 9	70715.842041	0.351000	0.030000	0.000000	70715.842041	64468	768	s	1357340803697.614014
planetlab1.cs.unc.edu_planetlab2.clemson.edu_15576 6	71367.903076	22718.289000	0.042000	0.000000	71367.903076	63946	512	s	1357340804342.934082
planetlab1.cs.unc.edu_planetlab2.clemson.edu_15596 6	71445.998047	22708.288000	0.194000	0.000000	71445.998047	63954	512	s	1357340804421.792969
planetlab1.cs.unc.edu_planetlab2.clemson.edu_15622 6	71533.622803	22661.568000	0.033000	0.000000	71533.622803	63960	512	s	1357340804509.482910
planetlab1.cs.unc.edu_planetlab2.clemson.edu_15644 6	71640.537842	22681.806000	0.032000	0.000000	71640.537842	63962	512	s	1357340804616.420898
planetlab1.cs.unc.edu_planetlab2.clemson.edu_15651 6	71663.833984	22651.409000	0.031000	0.000000	71663.833984	63963	512	s	1357340804639.727051
planetlab1.cs.unc.edu_planetlab2.clemson.edu_15667 6	71733.305176	22639.402000	0.104000	0.000000	71733.305176	63966	512	s	1357340804709.237061
planetlab1.cs.unc.edu_planetlab2.clemson.edu_15708 6	71946.763184	22605.297000	0.028000	0.000000	71946.763184	63994	512	s	1357340804923.027100
planetlab1.cs.unc.edu_planetlab2.clemson.edu_15719 6	71997.145996	22596.680000	0.021000	0.000000	71997.145996	64014	512	s	1357340804973.632080
planetlab2.millennium.berkeley.edu_planetlab2.clemson.edu_9059 4	72244.865967	45691.804000	0.079000	0.000000	72244.865967	64056	2048	s	1357340805221.824951
planetlab6.flux.utah.edu_planetlab2.clemson.edu_13340 9	72357.742188	6943.030000	0.015000	0.000000	72357.742188	63945	160	s	1357340805332.683105
planetlab2.millennium.berkeley.edu_planetlab2.clemson.edu_9100 4	72444.726074	48647.414000	0.061000	0.000000	72444.726074	64168	2048	s	1357340805422.964111
planet6.cs.ucsb.edu_planetlab2.clemson.edu_5554 9	72504.222900	0.307000	0.018000	0.000000	72504.222900	64000	768	s	1357340805480.552979
planetlab2.millennium.berkeley.edu_planetlab2.clemson.edu_9106 4	72662.894043	48832.386000	0.065000	0.000000	72662.894043	64190	2048	s	1357340805641.381104
planetlab2.millennium.berkeley.edu_planetlab2.clemson.edu_9108 4	72750.976074	48900.202000	0.077000	0.000000	72750.976074	64203	2048	s	1357340805729.611084
planet6.cs.ucsb.edu_planetlab2.clemson.edu_5566 9	73020.250000	0.038000	0.029000	0.000000	73020.250000	64159	768	s	1357340805998.385986
planetlab2.millennium.berkeley.edu_planetlab2.clemson.edu_9119 4	73212.038086	49317.028000	0.065000	0.000000	73212.038086	64296	2048	s	1357340806191.820068
planetlab1.cs.unc.edu_planetlab2.clemson.edu_16096 6	73763.286133	21329.546000	0.038000	0.000000	73763.286133	64021	512	s	1357340806739.852051
planetlab2.millennium.berkeley.edu_planetlab2.clemson.edu_9153 4	73961.062988	49870.357000	0.062000	0.000000	73961.062988	64384	2048	s	1357340806941.871094
planetlab2.millennium.berkeley.edu_planetlab2.clemson.edu_9155 4	74037.514893	49922.643000	0.067000	0.000000	74037.514893	64411	2048	s	1357340807018.628906
planetlab1.cs.unc.edu_planetlab2.clemson.edu_16173 6	74111.228027	20441.975000	0.063000	0.000000	74111.228027	64294	512	s	1357340807090.988037
planetlab1.cs.unc.edu_planetlab2.clemson.edu_16210 6	74288.206055	19888.325000	0.082000	0.000000	74288.206055	64166	512	s	1357340807266.422119
planetlab-2.cmcl.cs.cmu.edu_planetlab2.clemson.edu_8812 3	74312.141113	0.224000	0.078000	0.000000	74312.141113	64205	288	s	1357340807290.799072
planetlab1.cs.unc.edu_planetlab2.clemson.edu_16217 6	74320.306885	19808.341000	0.046000	0.000000	74320.306885	64325	512	s	1357340807300.418945
planetlab1.cs.unc.edu_planetlab2.clemson.edu_16263 6	74544.738037	19548.976000	0.023000	0.000000	74544.738037	64390	512	s	1357340807525.612061
planetlab2.millennium.berkeley.edu_planetlab2.clemson.edu_9209 4	74713.179199	50228.034000	0.082000	0.000000	74713.179199	64523	2048	s	1357340807695.580078
planetlab2.millennium.berkeley.edu_planetlab2.clemson.edu_9213 4	74740.658936	50245.114000	0.037000	0.000000	74740.658936	64545	2048	s	1357340807723.314941
planetlab1.cs.unc.edu_planetlab2.clemson.edu_16331 6	74756.607910	19398.109000	0.264000	0.000000	74756.607910	64418	512	s	1357340807737.801025
planetlab1.cs.unc.edu_planetlab2.clemson.edu_16354 6	74840.411865	19409.508000	0.035000	0.000000	74840.411865	64420	512	s	1357340807821.626953
planetlab1.cs.unc.edu_planetlab2.clemson.edu_16367 6	74874.992920	19401.973000	0.038000	0.000000	74874.992920	64422	512	s	1357340807856.231934
planetlab2.millennium.berkeley.edu_planetlab2.clemson.edu_9220 4	74877.564941	50371.992000	0.069000	0.000000	74877.564941	64579	2048	s	1357340807860.616943
planetlab1.cs.unc.edu_planetlab2.clemson.edu_16371 6	74889.526123	19412.631000	0.026000	0.000000	74889.526123	64423	512	s	1357340807870.777100
planetlab1.cs.unc.edu_planetlab2.clemson.edu_16401 6	74978.076172	19337.978000	0.032000	0.000000	74978.076172	64430	512	s	1357340807959.404053
planetlab2.millennium.berkeley.edu_planetlab2.clemson.edu_9227 4	74979.736816	50418.883000	0.054000	0.000000	74979.736816	64586	2048	s	1357340807962.868896
planetlab2.millennium.berkeley.edu_planetlab2.clemson.edu_9229 4	75067.154053	50500.477000	0.236000	0.000000	75067.154053	64587	2048	s	1357340808050.297119
planetlab2.millennium.berkeley.edu_planetlab2.clemson.edu_9231 4	75153.648193	50586.734000	0.054000	0.000000	75153.648193	64591	2048	s	1357340808136.839111
planetlab2.millennium.berkeley.edu_planetlab2.clemson.edu_9233 4	75240.316895	50656.297000	0.072000	0.000000	75240.316895	64596	2048	s	1357340808223.562988
planetlab1.cs.unc.edu_planetlab2.clemson.edu_16464 6	75274.631104	19055.145000	0.032000	0.000000	75274.631104	64474	512	s	1357340808256.474121
planetlab1.cs.unc.edu_planetlab2.clemson.edu_16473 6	75316.412109	19029.093000	0.024000	0.000000	75316.412109	64486	512	s	1357340808298.392090
planetlab1.cs.unc.edu_planetlab2.clemson.edu_16501 6	75437.056152	18941.754000	0.040000	0.000000	75437.056152	64526	512	s	1357340808419.496094
planetlab2.millennium.berkeley.edu_planetlab2.clemson.edu_9239 4	75543.586914	50948.492000	0.072000	0.000000	75543.586914	64603	2048	s	1357340808526.916016
planetlab1.cs.unc.edu_planetlab2.clemson.edu_16543 6	75633.126953	18869.212000	0.034000	0.000000	75633.126953	64304	512	s	1357340808612.999023
planetlab1.cs.unc.edu_planetlab2.clemson.edu_16567 6	75720.345947	18827.605000	0.039000	0.000000	75720.345947	64577	512	s	1357340808703.375977
planetlab1.cs.unc.edu_planetlab2.clemson.edu_16579 6	75772.322998	18822.389000	0.033000	0.000000	75772.322998	64580	512	s	1357340808755.385986
planetlab1.cs.unc.edu_planetlab2.clemson.edu_16583 6	75791.475098	18823.656000	0.030000	0.000000	75791.475098	64581	512	s	1357340808774.549072
planetlab1.cs.unc.edu_planetlab2.clemson.edu_16586 6	75795.479004	18816.070000	0.034000	0.000000	75795.479004	64583	512	s	1357340808778.576904
planetlab1.cs.unc.edu_planetlab2.clemson.edu_16599 6	75859.515869	18797.884000	0.032000	0.000000	75859.515869	64589	512	s	1357340808842.681885
planetlab1.cs.unc.edu_planetlab2.clemson.edu_16608 6	75893.541016	18782.567000	0.033000	0.000000	75893.541016	64597	512	s	1357340808876.799072
planetlab2.millennium.berkeley.edu_planetlab2.clemson.edu_9244 4	75920.596924	51276.891000	0.045000	0.000000	75920.596924	64619	2048	s	1357340808904.107910
planetlab1.cs.unc.edu_planetlab2.clemson.edu_16621 6	75939.476074	18781.767000	0.204000	0.000000	75939.476074	64613	512	s	1357340808922.916992
planet6.cs.ucsb.edu_planetlab2.clemson.edu_5590 9	75959.709961	0.322000	0.140000	0.000000	75959.709961	64671	768	s	1357340808943.825928
planetlab1.cs.unc.edu_planetlab2.clemson.edu_16658 6	76109.789062	18768.558000	0.041000	0.000000	76109.789062	64630	512	s	1357340809093.427002
planetlab1.cs.unc.edu_planetlab2.clemson.edu_16665 6	76145.291992	18769.844000	0.047000	0.000000	76145.291992	64635	512	s	1357340809128.986084
planetlab2.millennium.berkeley.edu_planetlab2.clemson.edu_9256 4	76357.696045	51689.229000	0.060000	0.000000	76357.696045	64632	2048	s	1357340809341.355957
planetlab1.cs.unc.edu_planetlab2.clemson.edu_16717 6	76391.490967	18643.661000	0.034000	0.000000	76391.490967	64657	512	s	1357340809375.447021
planetlab2.millennium.berkeley.edu_planetlab2.clemson.edu_9264 4	76519.385986	51786.401000	0.083000	0.000000	76519.385986	64643	2048	s	1357340809503.178955
planetlab2.millennium.berkeley.edu_planetlab2.clemson.edu_9270 4	76617.648926	51871.425000	0.049000	0.000000	76617.648926	64649	2048	s	1357340809601.510986
planetlab2.millennium.berkeley.edu_planetlab2.clemson.edu_9272 4	76685.402832	51901.821000	0.081000	0.000000	76685.402832	64650	2048	s	1357340809669.275879
planetlab2.millennium.berkeley.edu_planetlab2.clemson.edu_9274 4	76704.439941	51915.885000	0.063000	0.000000	76704.439941	64651	2048	s	1357340809688.324951
planetlab2.millennium.berkeley.edu_planetlab2.clemson.edu_9276 4	76772.468018	51980.553000	0.063000	0.000000	76772.468018	64655	2048	s	1357340809756.396973
planetlab2.millennium.berkeley.edu_planetlab2.clemson.edu_9300 4	77350.617920	52461.165000	0.064000	0.000000	77350.617920	64667	2048	s	1357340810334.686035
planetlab1.cs.unc.edu_planetlab2.clemson.edu_16933 6	77406.330078	17979.000000	0.040000	0.000000	77406.330078	64517	512	s	1357340810388.664062
planetlab1.cs.unc.edu_planetlab2.clemson.edu_16940 6	77435.213135	17968.644000	0.037000	0.000000	77435.213135	64438	512	s	1357340810416.632080
planetlab2.millennium.berkeley.edu_planetlab2.clemson.edu_9014 4	77487.964111	45174.645000	0.056000	0.000000	77487.964111	64008	2048	s	1357340810464.384033
planetlab2.millennium.berkeley.edu_planetlab2.clemson.edu_9225 4	83963.189941	50405.120000	0.060000	0.000000	83963.189941	64585	2048	s	1357340816946.311035
planetlab-2.cmcl.cs.cmu.edu_planetlab2.clemson.edu_9414 3	85217.270996	0.049000	0.059000	0.000000	85217.270996	64333	288	s	1357340818197.476074
planetlab3.williams.edu_planetlab2.clemson.edu_15012 9	86795.567139	0.041000	0.015000	0.000000	86795.567139	64035	544	s	1357340819772.288086
planetlab3.williams.edu_planetlab2.clemson.edu_15191 9	87546.656982	0.023000	0.014000	0.000000	87546.656982	64086	544	s	1357340820523.958008
planetlab3.williams.edu_planetlab2.clemson.edu_15337 9	88107.902832	0.026000	0.016000	0.000000	88107.902832	64188	544	s	1357340821086.367920
planetlab3.williams.edu_planetlab2.clemson.edu_15532 9	88894.567139	0.025000	0.010000	0.000000	88894.567139	64360	544	s	1357340821875.080078
planetlab3.williams.edu_planetlab2.clemson.edu_15805 9	90404.884033	0.023000	0.012000	0.000000	90404.884033	64547	544	s	1357340823387.562988
planetlab-2.cmcl.cs.cmu.edu_planetlab2.clemson.edu_9868 3	92717.408936	0.165000	0.048000	0.000000	92717.408936	64510	288	s	1357340825699.659912
ricepl-2.cs.rice.edu_planetlab2.clemson.edu_10687 4	100070.034912	53379.235000	0.025000	0.000000	100070.034912	64047	128	s	1357340833046.895996
ricepl-2.cs.rice.edu_planetlab2.clemson.edu_10853 4	102190.712891	53907.951000	0.034000	0.000000	102190.712891	64143	128	s	1357340835168.667969
ricepl-2.cs.rice.edu_planetlab2.clemson.edu_10881 4	102521.801025	53735.671000	0.033000	0.000000	102521.801025	64167	128	s	1357340835500.027100
ricepl-2.cs.rice.edu_planetlab2.clemson.edu_10889 4	102585.489014	53728.630000	0.025000	0.000000	102585.489014	64171	128	s	1357340835563.760986
ricepl-2.cs.rice.edu_planetlab2.clemson.edu_10901 4	102686.471924	53728.168000	0.028000	0.000000	102686.471924	64173	128	s	1357340835664.764893
ricepl-2.cs.rice.edu_planetlab2.clemson.edu_10903 4	102714.645996	53752.923000	0.022000	0.000000	102714.645996	64174	128	s	1357340835692.950928
ricepl-2.cs.rice.edu_planetlab2.clemson.edu_10905 4	102738.677979	53771.442000	0.026000	0.000000	102738.677979	64175	128	s	1357340835716.997070
ricepl-2.cs.rice.edu_planetlab2.clemson.edu_10948 4	103188.979004	53808.975000	0.025000	0.000000	103188.979004	64191	128	s	1357340836167.477051
ricepl-2.cs.rice.edu_planetlab2.clemson.edu_10999 4	103724.145996	53754.668000	0.036000	0.000000	103724.145996	64239	128	s	1357340836703.274902
ricepl-2.cs.rice.edu_planetlab2.clemson.edu_11377 4	108361.058838	55081.578000	0.064000	0.000000	108361.058838	64431	128	s	1357340841342.397949
ricepl-2.cs.rice.edu_planetlab2.clemson.edu_11596 4	112239.581055	56738.717000	0.027000	0.000000	112239.581055	64588	128	s	1357340845222.737061
planetlab1.cs.uiuc.edu_planetlab2.clemson.edu_21604 4	142565.110107	112347.141000	0.072000	0.000000	142565.110107	64036	32	s	1357340875541.842041
flow.colgate.edu_planetlab2.clemson.edu_16186 4	162786.731201	133217.581000	0.021000	0.000000	162786.731201	63995	64	s	1357340895763.006104
planetlab1.cs.uiuc.edu_planetlab2.clemson.edu_26038 4	169135.703125	127807.060000	0.070000	0.000000	169135.703125	64548	32	s	1357340902118.392090
flow.colgate.edu_planetlab2.clemson.edu_17259 4	169527.537842	132395.374000	0.027000	0.000000	169527.537842	64365	64	s	1357340902508.105957
planetlab1.cs.uiuc.edu_planetlab2.clemson.edu_26380 4	170346.959229	128197.404000	0.077000	0.000000	170346.959229	64593	32	s	1357340903330.172119
flow.colgate.edu_planetlab2.clemson.edu_17811 4	174821.871094	131930.958000	0.020000	0.000000	174821.871094	64654	64	s	1357340907805.789062
planetlab6.cs.duke.edu_planetlab2.clemson.edu_10772 9	212140.764893	0.114000	0.016000	0.000000	212140.764893	63999	144	s	1357340945117.083008
planetlab6.cs.duke.edu_planetlab2.clemson.edu_10782 9	212346.236816	0.058000	0.014000	0.000000	212346.236816	64012	144	s	1357340945322.701904
planetlab6.cs.duke.edu_planetlab2.clemson.edu_10793 9	212566.316162	0.036000	0.017000	0.000000	212566.316162	64020	144	s	1357340945542.871094
planetlab6.cs.duke.edu_planetlab2.clemson.edu_10798 9	212750.110840	0.188000	0.018000	0.000000	212750.110840	64024	144	s	1357340945726.709961
planetlab6.cs.duke.edu_planetlab2.clemson.edu_10808 9	212942.559814	0.023000	0.011000	0.000000	212942.559814	64028	144	s	1357340945919.200928
planetlab6.cs.duke.edu_planetlab2.clemson.edu_10810 9	212945.412842	0.119000	0.009000	0.000000	212945.412842	64029	144	s	1357340945922.064941
planetlab6.cs.duke.edu_planetlab2.clemson.edu_10812 9	212982.318848	0.034000	0.012000	0.000000	212982.318848	64030	144	s	1357340945958.982910
planetlab6.cs.duke.edu_planetlab2.clemson.edu_10820 9	213185.987061	0.026000	0.011000	0.000000	213185.987061	64034	144	s	1357340946162.697998
planetlab6.cs.duke.edu_planetlab2.clemson.edu_10869 9	214141.322998	0.035000	0.015000	0.000000	214141.322998	64060	144	s	1357340947118.331055
planetlab6.cs.duke.edu_planetlab2.clemson.edu_10932 9	214852.309082	0.062000	0.015000	0.000000	214852.309082	64087	144	s	1357340947829.622070
planetlab6.cs.duke.edu_planetlab2.clemson.edu_10937 9	214887.680176	0.030000	0.016000	0.000000	214887.680176	64092	144	s	1357340947865.048096
planetlab6.cs.duke.edu_planetlab2.clemson.edu_10960 9	215068.465088	0.304000	0.015000	0.000000	215068.465088	64156	144	s	1357340948046.568115
planetlab6.cs.duke.edu_planetlab2.clemson.edu_10997 9	215302.948975	0.107000	0.016000	0.000000	215302.948975	64200	144	s	1357340948281.550049
planetlab6.cs.duke.edu_planetlab2.clemson.edu_11145 9	220215.770996	0.159000	0.018000	0.000000	220215.770996	64260	144	s	1357340953195.135010
planetlab6.cs.duke.edu_planetlab2.clemson.edu_11495 9	224916.806152	0.180000	0.021000	0.000000	224916.806152	64264	144	s	1357340957896.215088
planetlab6.cs.duke.edu_planetlab2.clemson.edu_11506 9	224995.273926	0.299000	0.019000	0.000000	224995.273926	64268	144	s	1357340957974.730957
planetlab6.cs.duke.edu_planetlab2.clemson.edu_11510 9	225023.385010	0.068000	0.014000	0.000000	225023.385010	64269	144	s	1357340958002.852051
planetlab6.cs.duke.edu_planetlab2.clemson.edu_11512 9	225026.062988	0.291000	0.009000	0.000000	225026.062988	64270	144	s	1357340958005.541992
planetlab6.cs.duke.edu_planetlab2.clemson.edu_11515 9	225034.201904	0.102000	0.011000	0.000000	225034.201904	64272	144	s	1357340958013.701904
planetlab6.cs.duke.edu_planetlab2.clemson.edu_11526 9	225141.414795	0.121000	0.017000	0.000000	225141.414795	64276	144	s	1357340958120.961914
planetlab6.cs.duke.edu_planetlab2.clemson.edu_11529 9	225151.403809	0.142000	0.014000	0.000000	225151.403809	64277	144	s	1357340958130.961914
planetlab6.cs.duke.edu_planetlab2.clemson.edu_11535 9	225188.132812	0.039000	0.020000	0.000000	225188.132812	64278	144	s	1357340958167.701904
planetlab6.cs.duke.edu_planetlab2.clemson.edu_11542 9	225223.931152	0.046000	0.017000	0.000000	225223.931152	64280	144	s	1357340958203.527100
planetlab6.cs.duke.edu_planetlab2.clemson.edu_11544 9	225233.853027	0.452000	0.016000	0.000000	225233.853027	64281	144	s	1357340958213.459961
planetlab6.cs.duke.edu_planetlab2.clemson.edu_11554 9	225289.610107	0.184000	0.010000	0.000000	225289.610107	64282	144	s	1357340958269.228027
planetlab6.cs.duke.edu_planetlab2.clemson.edu_11558 9	225317.810059	0.069000	0.015000	0.000000	225317.810059	64285	144	s	1357340958297.460938
planetlab6.cs.duke.edu_planetlab2.clemson.edu_11563 9	225357.056885	0.137000	0.016000	0.000000	225357.056885	64287	144	s	1357340958336.729980
planetlab6.cs.duke.edu_planetlab2.clemson.edu_11565 9	225372.818115	0.033000	0.013000	0.000000	225372.818115	64284	144	s	1357340958352.458008
planetlab6.cs.duke.edu_planetlab2.clemson.edu_11567 9	225375.289795	0.135000	0.009000	0.000000	225375.289795	64286	144	s	1357340958354.951904
planetlab6.cs.duke.edu_planetlab2.clemson.edu_11582 9	225493.087158	0.233000	0.018000	0.000000	225493.087158	64300	144	s	1357340958472.915039
planetlab6.cs.duke.edu_planetlab2.clemson.edu_11592 9	225572.930176	0.028000	0.015000	0.000000	225572.930176	64308	144	s	1357340958552.851074
planetlab6.cs.duke.edu_planetlab2.clemson.edu_11600 9	225631.652832	0.117000	0.015000	0.000000	225631.652832	64312	144	s	1357340958611.618896
planetlab6.cs.duke.edu_planetlab2.clemson.edu_11604 9	225653.640869	0.233000	0.016000	0.000000	225653.640869	64316	144	s	1357340958633.650879
planetlab6.cs.duke.edu_planetlab2.clemson.edu_11611 9	225686.125977	0.065000	0.014000	0.000000	225686.125977	64317	144	s	1357340958666.149902
planetlab6.cs.duke.edu_planetlab2.clemson.edu_11613 9	225689.242188	0.125000	0.010000	0.000000	225689.242188	64318	144	s	1357340958669.277100
planetlab6.cs.duke.edu_planetlab2.clemson.edu_11639 9	225823.365967	0.212000	0.018000	0.000000	225823.365967	64332	144	s	1357340958803.559082
planetlab6.cs.duke.edu_planetlab2.clemson.edu_11654 9	225923.101074	0.030000	0.020000	0.000000	225923.101074	64340	144	s	1357340958903.383057
planetlab6.cs.duke.edu_planetlab2.clemson.edu_11656 9	225928.944824	0.109000	0.015000	0.000000	225928.944824	64344	144	s	1357340958909.273926
planetlab6.cs.duke.edu_planetlab2.clemson.edu_11670 9	225986.150879	0.249000	0.017000	0.000000	225986.150879	64348	144	s	1357340958966.525879
planetlab6.cs.duke.edu_planetlab2.clemson.edu_11678 9	226039.458008	0.030000	0.016000	0.000000	226039.458008	64349	144	s	1357340959019.843994
planetlab6.cs.duke.edu_planetlab2.clemson.edu_11680 9	226044.810059	0.033000	0.014000	0.000000	226044.810059	64350	144	s	1357340959025.206055
planetlab6.cs.duke.edu_planetlab2.clemson.edu_11720 9	226256.682129	0.371000	0.015000	0.000000	226256.682129	64361	144	s	1357340959237.206055
planetlab6.cs.duke.edu_planetlab2.clemson.edu_11749 9	226487.520020	0.035000	0.018000	0.000000	226487.520020	64380	144	s	1357340959468.258057
planetlab6.cs.duke.edu_planetlab2.clemson.edu_11754 9	226559.097900	0.109000	0.016000	0.000000	226559.097900	64387	144	s	1357340959539.938965
planetlab6.cs.duke.edu_planetlab2.clemson.edu_11760 9	226626.734863	0.117000	0.015000	0.000000	226626.734863	64396	144	s	1357340959607.678955
planetlab6.cs.duke.edu_planetlab2.clemson.edu_11763 9	226630.911133	0.055000	0.011000	0.000000	226630.911133	64404	144	s	1357340959611.944092
planetlab6.cs.duke.edu_planetlab2.clemson.edu_11769 9	226690.471191	0.039000	0.019000	0.000000	226690.471191	64408	144	s	1357340959671.548096
planetlab6.cs.duke.edu_planetlab2.clemson.edu_11775 9	226703.031982	0.560000	0.007000	0.000000	226703.031982	64414	144	s	1357340959684.179932
planetlab6.cs.duke.edu_planetlab2.clemson.edu_11774 9	226703.283936	0.235000	0.017000	0.000000	226703.283936	64412	144	s	1357340959684.408936
planetlab6.cs.duke.edu_planetlab2.clemson.edu_11781 9	226707.163086	0.027000	0.011000	0.000000	226707.163086	64413	144	s	1357340959688.299072
planetlab6.cs.duke.edu_planetlab2.clemson.edu_11809 9	226970.573975	0.030000	0.017000	0.000000	226970.573975	64444	144	s	1357340959952.065918
planetlab6.cs.duke.edu_planetlab2.clemson.edu_11906 9	228076.516113	0.129000	0.017000	0.000000	228076.516113	64476	144	s	1357340961058.381104
planetlab6.cs.duke.edu_planetlab2.clemson.edu_11967 9	228782.095947	0.116000	0.016000	0.000000	228782.095947	64502	144	s	1357340961764.258057
planetlab6.cs.duke.edu_planetlab2.clemson.edu_12068 9	229927.553955	0.139000	0.016000	0.000000	229927.553955	64599	144	s	1357340962910.833984
planetlab2.umassd.edu_planetlab2.clemson.edu_51651 5	230965.924805	92715.754000	0.018000	0.000000	230965.924805	63956	0	s	1357340963941.742920
planetlab2.umassd.edu_planetlab2.clemson.edu_52002 5	232635.857910	93478.019000	0.020000	0.000000	232635.857910	64002	0	s	1357340965612.208984
planetlab2.umassd.edu_planetlab2.clemson.edu_52031 5	232758.038086	93555.813000	0.020000	0.000000	232758.038086	64009	0	s	1357340965734.469971
planetlab2.umassd.edu_planetlab2.clemson.edu_53492 5	240241.299072	96939.407000	0.061000	0.000000	240241.299072	64064	0	s	1357340973218.352051
planetlab2.umassd.edu_planetlab2.clemson.edu_53513 5	240307.916992	96967.385000	0.023000	0.000000	240307.916992	64067	0	s	1357340973285.002930
planetlab2.umassd.edu_planetlab2.clemson.edu_53519 5	240322.594971	96978.559000	0.021000	0.000000	240322.594971	64066	0	s	1357340973299.669922
planetlab2.umassd.edu_planetlab2.clemson.edu_53570 5	240535.495850	97058.067000	0.019000	0.000000	240535.495850	64070	0	s	1357340973512.616943
planetlab2.umassd.edu_planetlab2.clemson.edu_53611 5	240714.962891	97101.612000	0.018000	0.000000	240714.962891	64074	0	s	1357340973692.127930
planetlab2.umassd.edu_planetlab2.clemson.edu_53700 5	241126.885010	97278.282000	0.018000	0.000000	241126.885010	64082	0	s	1357340974104.138916
planetlab2.umassd.edu_planetlab2.clemson.edu_54420 5	244227.426025	97080.948000	0.048000	0.000000	244227.426025	64098	0	s	1357340977204.870117
planetlab2.umassd.edu_planetlab2.clemson.edu_54569 5	244826.045898	97358.722000	0.026000	0.000000	244826.045898	64124	0	s	1357340977803.785889
planetlab2.umassd.edu_planetlab2.clemson.edu_54804 5	245819.958008	97704.814000	0.058000	0.000000	245819.958008	64150	0	s	1357340978797.993896
planetlab2.umassd.edu_planetlab2.clemson.edu_56078 5	254734.272949	102734.755000	0.059000	0.000000	254734.272949	64194	0	s	1357340987712.803955
planetlab2.umassd.edu_planetlab2.clemson.edu_56880 5	257792.927002	104708.340000	0.100000	0.000000	257792.927002	64256	0	s	1357340990772.247070
planetlab2.umassd.edu_planetlab2.clemson.edu_57305 5	259671.562988	103563.717000	0.049000	0.000000	259671.562988	64258	0	s	1357340992650.905029
planetlab2.umassd.edu_planetlab2.clemson.edu_57320 5	259721.153076	103575.655000	0.020000	0.000000	259721.153076	64259	0	s	1357340992700.506104
planetlab2.umassd.edu_planetlab2.clemson.edu_57336 5	259772.960938	103589.396000	0.021000	0.000000	259772.960938	64262	0	s	1357340992752.347900
planetlab2.umassd.edu_planetlab2.clemson.edu_57377 5	259890.420898	103605.249000	0.020000	0.000000	259890.420898	64266	0	s	1357340992869.854980
planetlab2.umassd.edu_planetlab2.clemson.edu_57426 5	260056.872070	103667.830000	0.071000	0.000000	260056.872070	64274	0	s	1357340993036.395020
planetlab2.umassd.edu_planetlab2.clemson.edu_57576 5	260471.495850	103750.917000	0.020000	0.000000	260471.495850	64290	0	s	1357340993451.200928
planetlab2.umassd.edu_planetlab2.clemson.edu_57872 5	261307.064209	104010.672000	0.047000	0.000000	261307.064209	64311	0	s	1357340994287.017090
planetlab2.umassd.edu_planetlab2.clemson.edu_58097 5	261993.592041	104259.189000	0.019000	0.000000	261993.592041	64320	0	s	1357340994973.648926
planetlab2.umassd.edu_planetlab2.clemson.edu_58116 5	262062.378906	104293.794000	0.035000	0.000000	262062.378906	64321	0	s	1357340995042.447998
planetlab2.umassd.edu_planetlab2.clemson.edu_58127 5	262097.115967	104312.603000	0.017000	0.000000	262097.115967	64323	0	s	1357340995077.206055
planetlab2.umassd.edu_planetlab2.clemson.edu_58138 5	262138.857910	104340.422000	0.025000	0.000000	262138.857910	64322	0	s	1357340995118.937012
planetlab2.umassd.edu_planetlab2.clemson.edu_58177 5	262275.756836	104393.237000	0.018000	0.000000	262275.756836	64324	0	s	1357340995255.858887
planetlab2.umassd.edu_planetlab2.clemson.edu_58188 5	262322.117920	104415.329000	0.026000	0.000000	262322.117920	64326	0	s	1357340995302.240967
planetlab2.umassd.edu_planetlab2.clemson.edu_58220 5	262455.617920	104430.965000	0.021000	0.000000	262455.617920	64327	0	s	1357340995435.752930
planetlab2.umassd.edu_planetlab2.clemson.edu_58234 5	262516.201904	104461.825000	0.020000	0.000000	262516.201904	64328	0	s	1357340995496.347900
planetlab2.umassd.edu_planetlab2.clemson.edu_58236 5	262517.490967	104457.792000	0.020000	0.000000	262517.490967	64330	0	s	1357340995497.663086
planetlab2.umassd.edu_planetlab2.clemson.edu_58247 5	262555.464844	104462.629000	0.020000	0.000000	262555.464844	64331	0	s	1357340995535.647949
planetlab2.umassd.edu_planetlab2.clemson.edu_58257 5	262599.977051	104462.494000	0.041000	0.000000	262599.977051	64334	0	s	1357340995580.193115
planetlab2.umassd.edu_planetlab2.clemson.edu_58625 5	264169.285889	102844.466000	0.020000	0.000000	264169.285889	64336	0	s	1357340997149.523926
planetlab2.umassd.edu_planetlab2.clemson.edu_58656 5	264312.604004	102884.063000	0.052000	0.000000	264312.604004	64338	0	s	1357340997292.864014
planetlab2.umassd.edu_planetlab2.clemson.edu_58679 5	264402.010986	102918.017000	0.019000	0.000000	264402.010986	64339	0	s	1357340997382.281982
planetlab2.umassd.edu_planetlab2.clemson.edu_58690 5	264440.332031	102946.834000	0.019000	0.000000	264440.332031	64342	0	s	1357340997420.636963
planetlab2.umassd.edu_planetlab2.clemson.edu_58780 5	264847.200928	103119.974000	0.020000	0.000000	264847.200928	64346	0	s	1357340997827.552979
planetlab2.umassd.edu_planetlab2.clemson.edu_58878 5	265291.956055	103311.494000	0.020000	0.000000	265291.956055	64352	0	s	1357340998272.375000
planetlab2.umassd.edu_planetlab2.clemson.edu_58909 5	265444.697021	103381.513000	0.058000	0.000000	265444.697021	64354	0	s	1357340998425.138916
planetlab2.umassd.edu_planetlab2.clemson.edu_58912 5	265456.973145	103388.504000	0.066000	0.000000	265456.973145	64355	0	s	1357340998437.426025
planetlab2.umassd.edu_planetlab2.clemson.edu_58938 5	265554.022949	103435.695000	0.020000	0.000000	265554.022949	64358	0	s	1357340998534.512939
planetlab2.umassd.edu_planetlab2.clemson.edu_59063 5	266188.056152	103801.003000	0.094000	0.000000	266188.056152	64362	0	s	1357340999168.590088
planetlab2.umassd.edu_planetlab2.clemson.edu_59190 5	266641.803955	103904.958000	0.025000	0.000000	266641.803955	64370	0	s	1357340999622.430908
planetlab2.umassd.edu_planetlab2.clemson.edu_59354 5	267383.614014	103899.110000	0.093000	0.000000	267383.614014	64386	0	s	1357341000364.443115
planetlab2.umassd.edu_planetlab2.clemson.edu_59897 5	269651.104004	103629.885000	0.065000	0.000000	269651.104004	64424	0	s	1357341002632.365967
planetlab2.umassd.edu_planetlab2.clemson.edu_60285 5	270959.500000	103949.782000	0.052000	0.000000	270959.500000	64448	0	s	1357341003941.040039
planetlab2.umassd.edu_planetlab2.clemson.edu_60291 5	270998.184082	103958.509000	0.020000	0.000000	270998.184082	64450	0	s	1357341003979.746094
planetlab2.umassd.edu_planetlab2.clemson.edu_60295 5	271013.667969	103956.924000	0.061000	0.000000	271013.667969	64451	0	s	1357341003995.240967
planetlab2.umassd.edu_planetlab2.clemson.edu_60303 5	271046.438965	103957.140000	0.051000	0.000000	271046.438965	64454	0	s	1357341004028.044922
planetlab2.umassd.edu_planetlab2.clemson.edu_60327 5	271224.144043	103985.840000	0.020000	0.000000	271224.144043	64458	0	s	1357341004205.793945
planetlab2.umassd.edu_planetlab2.clemson.edu_60348 5	271372.077881	103945.038000	0.051000	0.000000	271372.077881	64466	0	s	1357341004353.823975
planetlab2.umassd.edu_planetlab2.clemson.edu_60395 5	271647.097168	103875.426000	0.065000	0.000000	271647.097168	64477	0	s	1357341004628.974121
planetlab2.umassd.edu_planetlab2.clemson.edu_60411 5	271726.361084	103849.242000	0.022000	0.000000	271726.361084	64482	0	s	1357341004708.292969
planetlab2.umassd.edu_planetlab2.clemson.edu_60550 5	272583.516113	103909.578000	0.084000	0.000000	272583.516113	64521	0	s	1357341005565.894043
planetlab2.umassd.edu_planetlab2.clemson.edu_61564 5	276806.598145	104932.872000	0.059000	0.000000	276806.598145	64673	0	s	1357341009790.737061
pl2.eecs.utk.edu_planetlab2.clemson.edu_13469 9	390709.358887	6.704000	0.015000	0.000000	390709.358887	63990	80	s	1357341123685.575928
pl2.eecs.utk.edu_planetlab2.clemson.edu_13527 9	390956.221924	12.667000	0.012000	0.000000	390956.221924	64061	80	s	1357341123933.240967
pl2.eecs.utk.edu_planetlab2.clemson.edu_13546 9	391017.282959	13.084000	0.015000	0.000000	391017.282959	64072	80	s	1357341123994.427002
pl2.eecs.utk.edu_planetlab2.clemson.edu_13575 9	391129.335938	10.361000	0.012000	0.000000	391129.335938	64094	80	s	1357341124106.727051
pl2.eecs.utk.edu_planetlab2.clemson.edu_13691 9	391491.128906	18.510000	0.018000	0.000000	391491.128906	64158	80	s	1357341124469.253906
pl2.eecs.utk.edu_planetlab2.clemson.edu_13696 9	391498.207764	13.772000	0.009000	0.000000	391498.207764	64162	80	s	1357341124476.379883
pl2.eecs.utk.edu_planetlab2.clemson.edu_13775 9	391783.301025	66.862000	0.014000	0.000000	391783.301025	64206	80	s	1357341124761.969971
pl2.eecs.utk.edu_planetlab2.clemson.edu_13781 9	391803.509033	67.915000	0.009000	0.000000	391803.509033	64214	80	s	1357341124782.272949
pl2.eecs.utk.edu_planetlab2.clemson.edu_13784 9	391807.663818	60.734000	0.013000	0.000000	391807.663818	64218	80	s	1357341124786.472900
pl2.eecs.utk.edu_planetlab2.clemson.edu_13787 9	391813.013916	56.155000	0.013000	0.000000	391813.013916	64222	80	s	1357341124791.867920
pl2.eecs.utk.edu_planetlab2.clemson.edu_13788 9	391817.359863	60.366000	0.009000	0.000000	391817.359863	64220	80	s	1357341124796.191895
pl2.eecs.utk.edu_planetlab2.clemson.edu_13791 9	391823.437988	54.491000	0.014000	0.000000	391823.437988	64223	80	s	1357341124802.302002
pl2.eecs.utk.edu_planetlab2.clemson.edu_13809 9	391909.170898	57.948000	0.013000	0.000000	391909.170898	64254	80	s	1357341124888.468018
pl2.eecs.utk.edu_planetlab2.clemson.edu_13973 9	392972.147217	530.569000	0.012000	0.000000	392972.147217	64374	80	s	1357341125952.818115
pl2.eecs.utk.edu_planetlab2.clemson.edu_14033 9	393302.967041	577.727000	0.016000	0.000000	393302.967041	64478	80	s	1357341126284.854980
pl2.eecs.utk.edu_planetlab2.clemson.edu_14082 9	393575.200928	639.210000	0.018000	0.000000	393575.200928	64525	80	s	1357341126557.625000
pl2.eecs.utk.edu_planetlab2.clemson.edu_14087 9	393587.693848	628.952000	0.013000	0.000000	393587.693848	64533	80	s	1357341126570.211914
pl2.eecs.utk.edu_planetlab2.clemson.edu_14089 9	393590.843994	624.269000	0.012000	0.000000	393590.843994	64537	80	s	1357341126573.406982
pl2.eecs.utk.edu_planetlab2.clemson.edu_14092 9	393600.361816	626.642000	0.011000	0.000000	393600.361816	64540	80	s	1357341126582.961914
pl2.eecs.utk.edu_planetlab2.clemson.edu_14095 9	393609.885010	631.301000	0.011000	0.000000	393609.885010	64541	80	s	1357341126592.496094
pl2.eecs.utk.edu_planetlab2.clemson.edu_14098 9	393622.685059	623.232000	0.011000	0.000000	393622.685059	64543	80	s	1357341126605.319092
pl2.eecs.utk.edu_planetlab2.clemson.edu_14104 9	393637.910156	618.668000	0.009000	0.000000	393637.910156	64549	80	s	1357341126620.611084
pl2.eecs.utk.edu_planetlab2.clemson.edu_14106 9	393642.142822	607.068000	0.011000	0.000000	393642.142822	64556	80	s	1357341126624.929932
pl2.eecs.utk.edu_planetlab2.clemson.edu_14108 9	393647.833008	607.567000	0.010000	0.000000	393647.833008	64553	80	s	1357341126630.582031
pl2.eecs.utk.edu_planetlab2.clemson.edu_14110 9	393651.995850	604.024000	0.009000	0.000000	393651.995850	64557	80	s	1357341126634.792969
pl2.eecs.utk.edu_planetlab2.clemson.edu_14112 9	393662.100830	605.967000	0.008000	0.000000	393662.100830	64559	80	s	1357341126644.919922
pl2.eecs.utk.edu_planetlab2.clemson.edu_14119 9	393671.976074	590.785000	0.018000	0.000000	393671.976074	64561	80	s	1357341126654.818115
pl2.eecs.utk.edu_planetlab2.clemson.edu_14128 9	393713.675049	597.244000	0.015000	0.000000	393713.675049	64564	80	s	1357341126696.551025
pl2.eecs.utk.edu_planetlab2.clemson.edu_14130 9	393720.530029	599.150000	0.008000	0.000000	393720.530029	64565	80	s	1357341126703.418945
pl2.eecs.utk.edu_planetlab2.clemson.edu_14132 9	393722.448975	593.261000	0.011000	0.000000	393722.448975	64567	80	s	1357341126705.361084
pl2.eecs.utk.edu_planetlab2.clemson.edu_14135 9	393730.146973	593.579000	0.012000	0.000000	393730.146973	64568	80	s	1357341126713.071045
pl2.eecs.utk.edu_planetlab2.clemson.edu_14137 9	393732.906982	593.891000	0.008000	0.000000	393732.906982	64569	80	s	1357341126715.841064
pl2.eecs.utk.edu_planetlab2.clemson.edu_14139 9	393739.653076	598.576000	0.029000	0.000000	393739.653076	64571	80	s	1357341126722.610107
pl2.eecs.utk.edu_planetlab2.clemson.edu_14144 9	393743.556885	581.355000	0.007000	0.000000	393743.556885	64572	80	s	1357341126726.524902
pl2.eecs.utk.edu_planetlab2.clemson.edu_14147 9	393752.293945	579.160000	0.012000	0.000000	393752.293945	64573	80	s	1357341126735.273926
pl2.eecs.utk.edu_planetlab2.clemson.edu_14151 9	393761.853027	579.461000	0.012000	0.000000	393761.853027	64574	80	s	1357341126744.843018
pl2.eecs.utk.edu_planetlab2.clemson.edu_14155 9	393783.935059	580.182000	0.011000	0.000000	393783.935059	64575	80	s	1357341126766.936035
pl2.eecs.utk.edu_planetlab2.clemson.edu_14159 9	393793.765137	575.344000	0.010000	0.000000	393793.765137	64584	80	s	1357341126776.874023
pl2.eecs.utk.edu_planetlab2.clemson.edu_14167 9	393840.555908	575.293000	0.014000	0.000000	393840.555908	64605	80	s	1357341126823.907959
pl2.eecs.utk.edu_planetlab2.clemson.edu_14173 9	393851.212158	564.766000	0.017000	0.000000	393851.212158	64621	80	s	1357341126834.746094
pl2.eecs.utk.edu_planetlab2.clemson.edu_14177 9	393878.323975	575.527000	0.011000	0.000000	393878.323975	64629	80	s	1357341126861.949951
pl2.eecs.utk.edu_planetlab2.clemson.edu_14180 9	393881.375977	577.922000	0.032000	0.000000	393881.375977	64633	80	s	1357341126865.049072
pl2.eecs.utk.edu_planetlab2.clemson.edu_14183 9	393887.549805	562.428000	0.012000	0.000000	393887.549805	64636	80	s	1357341126871.254883
pl2.eecs.utk.edu_planetlab2.clemson.edu_14185 9	393887.845947	555.717000	0.007000	0.000000	393887.845947	64637	80	s	1357341126871.562012
pl2.eecs.utk.edu_planetlab2.clemson.edu_14187 9	393890.856934	550.524000	0.009000	0.000000	393890.856934	64639	80	s	1357341126874.595947
pl2.eecs.utk.edu_planetlab2.clemson.edu_14193 9	393901.268066	536.702000	0.010000	0.000000	393901.268066	64669	80	s	1357341126885.362061
pl2.eecs.utk.edu_planetlab2.clemson.edu_14197 9	393927.392090	546.544000	0.012000	0.000000	393927.392090	64674	80	s	1357341126911.541992
planetlab05.cs.washington.edu_planetlab2.clemson.edu_17065 9	399793.460938	0.077000	0.017000	0.000000	399793.460938	64172	320	s	1357341132771.743896
planetlab05.cs.washington.edu_planetlab2.clemson.edu_17176 9	405416.252930	0.114000	0.020000	0.000000	405416.252930	64376	320	s	1357341138396.947021
planetlab05.cs.washington.edu_planetlab2.clemson.edu_17232 9	408484.819092	0.106000	0.016000	0.000000	408484.819092	64402	320	s	1357341141465.830078
planetlab05.cs.washington.edu_planetlab2.clemson.edu_17236 9	408693.745117	0.165000	0.013000	0.000000	408693.745117	64487	320	s	1357341141675.737061
planetlab05.cs.washington.edu_planetlab2.clemson.edu_17261 9	411239.352783	0.044000	0.021000	0.000000	411239.352783	64641	320	s	1357341144223.118896
earth.cs.brown.edu_planetlab2.clemson.edu_25163 9	439364.690186	1.855000	0.020000	0.000000	439364.690186	63955	48	s	1357341172340.497070
earth.cs.brown.edu_planetlab2.clemson.edu_25167 9	439383.689209	0.492000	0.015000	0.000000	439383.689209	63957	48	s	1357341172359.517090
earth.cs.brown.edu_planetlab2.clemson.edu_25169 9	439387.038818	1.390000	0.011000	0.000000	439387.038818	63958	48	s	1357341172362.877930
earth.cs.brown.edu_planetlab2.clemson.edu_25172 9	439388.849854	0.943000	0.010000	0.000000	439388.849854	63959	48	s	1357341172364.698975
earth.cs.brown.edu_planetlab2.clemson.edu_25186 9	439440.891846	0.022000	0.016000	0.000000	439440.891846	63967	48	s	1357341172416.834961
earth.cs.brown.edu_planetlab2.clemson.edu_25188 9	439444.949951	1.363000	0.015000	0.000000	439444.949951	63970	48	s	1357341172420.926025
earth.cs.brown.edu_planetlab2.clemson.edu_25214 9	439528.745117	0.333000	0.013000	0.000000	439528.745117	63991	48	s	1357341172504.974121
earth.cs.brown.edu_planetlab2.clemson.edu_25518 9	441191.249023	0.074000	0.016000	0.000000	441191.249023	64063	48	s	1357341174168.291016
earth.cs.brown.edu_planetlab2.clemson.edu_25818 9	442649.550781	0.026000	0.021000	0.000000	442649.550781	64151	48	s	1357341175627.597900
earth.cs.brown.edu_planetlab2.clemson.edu_26344 9	445067.076904	0.107000	0.054000	0.000000	445067.076904	64257	48	s	1357341178046.407959
earth.cs.brown.edu_planetlab2.clemson.edu_26384 9	445213.364014	0.412000	0.024000	0.000000	445213.364014	64279	48	s	1357341178192.949951
earth.cs.brown.edu_planetlab2.clemson.edu_26807 9	447514.664062	8.368000	0.019000	0.000000	447514.664062	64372	48	s	1357341180495.312988
earth.cs.brown.edu_planetlab2.clemson.edu_26831 9	447630.419922	34.028000	0.026000	0.000000	447630.419922	64391	48	s	1357341180611.304932
earth.cs.brown.edu_planetlab2.clemson.edu_26905 9	447900.515137	123.655000	0.040000	0.000000	447900.515137	64403	48	s	1357341180881.537109
earth.cs.brown.edu_planetlab2.clemson.edu_26915 9	447948.187012	148.249000	0.016000	0.000000	447948.187012	64405	48	s	1357341180929.231934
earth.cs.brown.edu_planetlab2.clemson.edu_26917 9	447956.761963	155.541000	0.037000	0.000000	447956.761963	64407	48	s	1357341180937.827881
earth.cs.brown.edu_planetlab2.clemson.edu_26926 9	447981.214111	161.180000	0.012000	0.000000	447981.214111	64406	48	s	1357341180962.269043
earth.cs.brown.edu_planetlab2.clemson.edu_26998 9	448232.493164	216.264000	0.011000	0.000000	448232.493164	64415	48	s	1357341181213.652100
earth.cs.brown.edu_planetlab2.clemson.edu_27109 9	449537.577148	0.028000	0.017000	0.000000	449537.577148	64439	48	s	1357341182519.007080
earth.cs.brown.edu_planetlab2.clemson.edu_27182 9	449881.679199	0.625000	0.022000	0.000000	449881.679199	64471	48	s	1357341182863.485107
earth.cs.brown.edu_planetlab2.clemson.edu_27259 9	450292.149170	0.031000	0.018000	0.000000	450292.149170	64491	48	s	1357341183274.185059
earth.cs.brown.edu_planetlab2.clemson.edu_27299 9	450547.134033	1.393000	0.016000	0.000000	450547.134033	64520	48	s	1357341183529.500977
earth.cs.brown.edu_planetlab2.clemson.edu_27336 9	450689.531006	28.151000	0.013000	0.000000	450689.531006	64604	48	s	1357341183672.872070
earth.cs.brown.edu_planetlab2.clemson.edu_27378 9	450897.609131	118.563000	0.014000	0.000000	450897.609131	64663	48	s	1357341183881.633057
earth.cs.brown.edu_planetlab2.clemson.edu_27382 9	450907.396973	100.648000	0.013000	0.000000	450907.396973	64668	48	s	1357341183891.476074
aguila2.lsi.upc.edu_planetlab2.clemson.edu_4097 3	509978.338135	487896.093000	0.021000	0.000000	509978.338135	64198	384	s	1357341242956.915039
planetlab2.umassd.edu_planetlab2.clemson.edu_121380 9	565517.104980	12.764000	0.008000	0.000000	565517.104980	63951	0	s	1357341298492.855957
planetlab2.umassd.edu_planetlab2.clemson.edu_122071 9	574411.785156	0.519000	0.012000	0.000000	574411.785156	63953	0	s	1357341307387.570068
planetlab2.umassd.edu_planetlab2.clemson.edu_122119 9	574754.075928	0.097000	0.011000	0.000000	574754.075928	63961	0	s	1357341307729.947021
planetlab2.umassd.edu_planetlab2.clemson.edu_122176 9	575109.925781	0.120000	0.010000	0.000000	575109.925781	63969	0	s	1357341308085.889893
planetlab2.umassd.edu_planetlab2.clemson.edu_122237 9	578334.148926	0.099000	0.011000	0.000000	578334.148926	63984	0	s	1357341311310.301025
planetlab2.umassd.edu_planetlab2.clemson.edu_122239 9	578335.322998	0.024000	0.008000	0.000000	578335.322998	63985	0	s	1357341311311.487061
planetlab2.umassd.edu_planetlab2.clemson.edu_122245 9	578337.916992	0.096000	0.009000	0.000000	578337.916992	63987	0	s	1357341311314.102051
planetlab2.umassd.edu_planetlab2.clemson.edu_122277 9	578514.435059	0.164000	0.010000	0.000000	578514.435059	63989	0	s	1357341311490.642090
planetlab2.umassd.edu_planetlab2.clemson.edu_122287 9	578529.381104	0.940000	0.010000	0.000000	578529.381104	63993	0	s	1357341311505.634033
planetlab2.umassd.edu_planetlab2.clemson.edu_122331 9	578710.424072	2.390000	0.012000	0.000000	578710.424072	64004	0	s	1357341311686.797119
planetlab2.umassd.edu_planetlab2.clemson.edu_122342 9	578782.338867	29.062000	0.010000	0.000000	578782.338867	64011	0	s	1357341311758.792969
planetlab2.umassd.edu_planetlab2.clemson.edu_122383 9	578945.253906	10.383000	0.010000	0.000000	578945.253906	64017	0	s	1357341311921.772949
planetlab2.umassd.edu_planetlab2.clemson.edu_122387 9	578967.114990	0.076000	0.010000	0.000000	578967.114990	64018	0	s	1357341311943.645996
planetlab2.umassd.edu_planetlab2.clemson.edu_122389 9	578969.208008	1.612000	0.008000	0.000000	578969.208008	64019	0	s	1357341311945.751953
planetlab2.umassd.edu_planetlab2.clemson.edu_123193 9	591705.518799	8.067000	0.013000	0.000000	591705.518799	64027	0	s	1357341324682.149902
planetlab2.umassd.edu_planetlab2.clemson.edu_123195 9	591710.746826	6.620000	0.009000	0.000000	591710.746826	64031	0	s	1357341324687.420898
planetlab2.umassd.edu_planetlab2.clemson.edu_123207 9	591756.718994	0.110000	0.011000	0.000000	591756.718994	64033	0	s	1357341324733.418945
planetlab2.umassd.edu_planetlab2.clemson.edu_123242 9	591892.850098	0.021000	0.010000	0.000000	591892.850098	64037	0	s	1357341324869.593018
planetlab2.umassd.edu_planetlab2.clemson.edu_123267 9	592012.102051	15.142000	0.011000	0.000000	592012.102051	64025	0	s	1357341324988.710938
planetlab2.umassd.edu_planetlab2.clemson.edu_123271 9	592025.285889	6.268000	0.008000	0.000000	592025.285889	64026	0	s	1357341325001.906006
planetlab2.umassd.edu_planetlab2.clemson.edu_123283 9	592077.432861	7.226000	0.010000	0.000000	592077.432861	64046	0	s	1357341325054.282959
planetlab2.umassd.edu_planetlab2.clemson.edu_123292 9	592121.468018	13.199000	0.010000	0.000000	592121.468018	64048	0	s	1357341325098.340088
planetlab2.umassd.edu_planetlab2.clemson.edu_123302 9	592155.433838	9.104000	0.011000	0.000000	592155.433838	64049	0	s	1357341325132.315918
planetlab2.umassd.edu_planetlab2.clemson.edu_123313 9	592214.105957	22.733000	0.011000	0.000000	592214.105957	64051	0	s	1357341325191.010010
planetlab2.umassd.edu_planetlab2.clemson.edu_123334 9	592283.362061	17.488000	0.011000	0.000000	592283.362061	64053	0	s	1357341325260.287109
planetlab2.umassd.edu_planetlab2.clemson.edu_123349 9	592327.754883	2.089000	0.010000	0.000000	592327.754883	64057	0	s	1357341325304.729004
planetlab2.umassd.edu_planetlab2.clemson.edu_123354 9	592349.858887	2.087000	0.009000	0.000000	592349.858887	64059	0	s	1357341325326.854980
planetlab2.umassd.edu_planetlab2.clemson.edu_123579 9	596512.241943	12.331000	0.012000	0.000000	596512.241943	64065	0	s	1357341329489.304932
planetlab2.umassd.edu_planetlab2.clemson.edu_123639 9	596784.829102	1.558000	0.010000	0.000000	596784.829102	64078	0	s	1357341329762.039062
planetlab2.umassd.edu_planetlab2.clemson.edu_123648 9	596819.195068	0.103000	0.009000	0.000000	596819.195068	64080	0	s	1357341329796.427002
planetlab2.umassd.edu_planetlab2.clemson.edu_123667 9	596897.916016	19.640000	0.050000	0.000000	596897.916016	64081	0	s	1357341329875.159912
planetlab2.umassd.edu_planetlab2.clemson.edu_123676 9	596915.677979	2.673000	0.009000	0.000000	596915.677979	64083	0	s	1357341329892.945068
planetlab2.umassd.edu_planetlab2.clemson.edu_123680 9	596944.558105	21.349000	0.010000	0.000000	596944.558105	64085	0	s	1357341329921.849121
planetlab2.umassd.edu_planetlab2.clemson.edu_123910 9	600957.135010	3.525000	0.013000	0.000000	600957.135010	64089	0	s	1357341333934.469971
planetlab2.umassd.edu_planetlab2.clemson.edu_123920 9	601003.489990	0.759000	0.010000	0.000000	601003.489990	64091	0	s	1357341333980.847900
planetlab2.umassd.edu_planetlab2.clemson.edu_123942 9	601107.646973	0.150000	0.010000	0.000000	601107.646973	64096	0	s	1357341334085.070068
planetlab2.umassd.edu_planetlab2.clemson.edu_123947 9	601131.515869	0.162000	0.012000	0.000000	601131.515869	64097	0	s	1357341334108.949951
planetlab2.umassd.edu_planetlab2.clemson.edu_123949 9	601133.468994	0.145000	0.009000	0.000000	601133.468994	64099	0	s	1357341334110.925049
planetlab2.umassd.edu_planetlab2.clemson.edu_123959 9	601175.389893	0.147000	0.014000	0.000000	601175.389893	64101	0	s	1357341334152.867920
planetlab2.umassd.edu_planetlab2.clemson.edu_123962 9	601181.812988	0.096000	0.010000	0.000000	601181.812988	64102	0	s	1357341334159.302979
planetlab2.umassd.edu_planetlab2.clemson.edu_123971 9	601215.508057	0.105000	0.016000	0.000000	601215.508057	64103	0	s	1357341334193.009033
planetlab2.umassd.edu_planetlab2.clemson.edu_123980 9	601251.058105	0.041000	0.010000	0.000000	601251.058105	64105	0	s	1357341334228.582031
planetlab2.umassd.edu_planetlab2.clemson.edu_124151 9	605128.661133	0.107000	0.013000	0.000000	605128.661133	64106	0	s	1357341338106.196045
planetlab2.umassd.edu_planetlab2.clemson.edu_124154 9	605163.097168	0.081000	0.009000	0.000000	605163.097168	64108	0	s	1357341338140.654053
planetlab2.umassd.edu_planetlab2.clemson.edu_124161 9	605192.229004	0.110000	0.011000	0.000000	605192.229004	64110	0	s	1357341338169.810059
planetlab2.umassd.edu_planetlab2.clemson.edu_124171 9	605237.841064	0.115000	0.012000	0.000000	605237.841064	64111	0	s	1357341338215.434082
planetlab2.umassd.edu_planetlab2.clemson.edu_124177 9	605259.884033	0.150000	0.010000	0.000000	605259.884033	64112	0	s	1357341338237.487061
planetlab2.umassd.edu_planetlab2.clemson.edu_124180 9	605263.563965	0.073000	0.009000	0.000000	605263.563965	64113	0	s	1357341338241.177979
planetlab2.umassd.edu_planetlab2.clemson.edu_124190 9	605308.021973	0.492000	0.011000	0.000000	605308.021973	64114	0	s	1357341338285.647949
planetlab2.umassd.edu_planetlab2.clemson.edu_124205 9	605381.507080	0.102000	0.011000	0.000000	605381.507080	64115	0	s	1357341338359.144043
planetlab2.umassd.edu_planetlab2.clemson.edu_124217 9	605426.204102	0.054000	0.010000	0.000000	605426.204102	64116	0	s	1357341338403.851074
planetlab2.umassd.edu_planetlab2.clemson.edu_124219 9	605432.802002	0.164000	0.009000	0.000000	605432.802002	64117	0	s	1357341338410.459961
planetlab2.umassd.edu_planetlab2.clemson.edu_124227 9	605470.818115	0.120000	0.011000	0.000000	605470.818115	64119	0	s	1357341338448.498047
planetlab2.umassd.edu_planetlab2.clemson.edu_124229 9	605471.296143	0.156000	0.010000	0.000000	605471.296143	64120	0	s	1357341338448.988037
planetlab2.umassd.edu_planetlab2.clemson.edu_124232 9	605478.474121	0.276000	0.010000	0.000000	605478.474121	64121	0	s	1357341338456.177002
planetlab2.umassd.edu_planetlab2.clemson.edu_124237 9	605488.580078	0.306000	0.009000	0.000000	605488.580078	64123	0	s	1357341338466.308105
planetlab2.umassd.edu_planetlab2.clemson.edu_124247 9	605532.710938	0.122000	0.015000	0.000000	605532.710938	64125	0	s	1357341338510.460938
planetlab2.umassd.edu_planetlab2.clemson.edu_124262 9	605605.496826	0.115000	0.012000	0.000000	605605.496826	64128	0	s	1357341338583.284912
planetlab2.umassd.edu_planetlab2.clemson.edu_124264 9	605606.461914	0.197000	0.010000	0.000000	605606.461914	64126	0	s	1357341338584.228027
planetlab2.umassd.edu_planetlab2.clemson.edu_124269 9	605620.278809	0.187000	0.010000	0.000000	605620.278809	64129	0	s	1357341338598.077881
planetlab2.umassd.edu_planetlab2.clemson.edu_124272 9	605622.742920	0.079000	0.009000	0.000000	605622.742920	64132	0	s	1357341338600.574951
planetlab2.umassd.edu_planetlab2.clemson.edu_124277 9	605657.394043	0.123000	0.011000	0.000000	605657.394043	64134	0	s	1357341338635.248047
planetlab2.umassd.edu_planetlab2.clemson.edu_124279 9	605657.709961	0.089000	0.007000	0.000000	605657.709961	64133	0	s	1357341338635.552979
planetlab2.umassd.edu_planetlab2.clemson.edu_124312 9	605786.535889	2.193000	0.010000	0.000000	605786.535889	64140	0	s	1357341338764.458984
planetlab2.umassd.edu_planetlab2.clemson.edu_124319 9	605802.896973	1.296000	0.009000	0.000000	605802.896973	64141	0	s	1357341338780.831055
planetlab2.umassd.edu_planetlab2.clemson.edu_124325 9	605829.867920	0.148000	0.014000	0.000000	605829.867920	64144	0	s	1357341338807.834961
aguila2.lsi.upc.edu_planetlab2.clemson.edu_4766 3	605846.017090	574400.251000	0.044000	0.000000	605846.017090	64601	384	s	1357341338829.320068
planetlab2.umassd.edu_planetlab2.clemson.edu_124337 9	605884.533936	8.880000	0.011000	0.000000	605884.533936	64145	0	s	1357341338862.511963
planetlab2.umassd.edu_planetlab2.clemson.edu_124339 9	605889.693115	13.962000	0.009000	0.000000	605889.693115	64147	0	s	1357341338867.693115
planetlab2.umassd.edu_planetlab2.clemson.edu_124389 9	606122.870117	8.374000	0.010000	0.000000	606122.870117	64148	0	s	1357341339100.881104
planetlab2.umassd.edu_planetlab2.clemson.edu_124395 9	606160.822998	14.038000	0.011000	0.000000	606160.822998	64149	0	s	1357341339138.846924
planetlab2.umassd.edu_planetlab2.clemson.edu_124435 9	609251.006836	0.137000	0.013000	0.000000	609251.006836	64155	0	s	1357341342229.097900
planetlab2.umassd.edu_planetlab2.clemson.edu_124437 9	609270.448975	0.115000	0.017000	0.000000	609270.448975	64153	0	s	1357341342248.519043
planetlab2.umassd.edu_planetlab2.clemson.edu_124496 9	609556.771973	15.912000	0.011000	0.000000	609556.771973	64160	0	s	1357341342534.918945
planetlab2.umassd.edu_planetlab2.clemson.edu_124503 9	609599.781982	35.523000	0.009000	0.000000	609599.781982	64161	0	s	1357341342577.939941
planetlab2.umassd.edu_planetlab2.clemson.edu_124514 9	609650.732910	20.662000	0.009000	0.000000	609650.732910	64163	0	s	1357341342628.916016
planetlab2.umassd.edu_planetlab2.clemson.edu_124527 9	609717.831787	27.959000	0.010000	0.000000	609717.831787	64164	0	s	1357341342696.025879
planetlab2.umassd.edu_planetlab2.clemson.edu_124571 9	609889.463867	11.399000	0.010000	0.000000	609889.463867	64165	0	s	1357341342867.668945
planetlab2.umassd.edu_planetlab2.clemson.edu_124824 9	614275.123047	12.804000	0.016000	0.000000	614275.123047	64169	0	s	1357341347253.373047
planetlab2.umassd.edu_planetlab2.clemson.edu_124869 9	614426.798828	0.109000	0.012000	0.000000	614426.798828	64176	0	s	1357341347405.128906
planetlab2.umassd.edu_planetlab2.clemson.edu_124875 9	614449.673828	8.242000	0.011000	0.000000	614449.673828	64177	0	s	1357341347428.014893
planetlab2.umassd.edu_planetlab2.clemson.edu_124887 9	614499.858887	1.360000	0.010000	0.000000	614499.858887	64179	0	s	1357341347478.220947
planetlab2.umassd.edu_planetlab2.clemson.edu_124889 9	614506.155029	7.362000	0.011000	0.000000	614506.155029	64178	0	s	1357341347484.507080
planetlab2.umassd.edu_planetlab2.clemson.edu_124904 9	614576.286865	1.668000	0.011000	0.000000	614576.286865	64180	0	s	1357341347554.660889
planetlab2.umassd.edu_planetlab2.clemson.edu_124922 9	614661.950928	12.032000	0.011000	0.000000	614661.950928	64181	0	s	1357341347640.334961
planetlab2.umassd.edu_planetlab2.clemson.edu_124924 9	614662.562988	0.154000	0.009000	0.000000	614662.562988	64183	0	s	1357341347640.969971
planetlab2.umassd.edu_planetlab2.clemson.edu_124929 9	614687.439941	21.011000	0.010000	0.000000	614687.439941	64185	0	s	1357341347665.867920
planetlab2.umassd.edu_planetlab2.clemson.edu_124931 9	614688.293945	11.612000	0.009000	0.000000	614688.293945	64184	0	s	1357341347666.711914
planetlab2.umassd.edu_planetlab2.clemson.edu_124935 9	614708.621094	13.714000	0.010000	0.000000	614708.621094	64186	0	s	1357341347687.061035
planetlab2.umassd.edu_planetlab2.clemson.edu_124937 9	614709.184814	1.905000	0.009000	0.000000	614709.184814	64187	0	s	1357341347687.638916
planetlab2.umassd.edu_planetlab2.clemson.edu_124961 9	614788.572998	19.446000	0.009000	0.000000	614788.572998	64189	0	s	1357341347767.049072
planetlab2.umassd.edu_planetlab2.clemson.edu_124976 9	614862.187012	19.118000	0.010000	0.000000	614862.187012	64192	0	s	1357341347840.697021
planetlab2.umassd.edu_planetlab2.clemson.edu_125000 9	614947.560059	43.666000	0.011000	0.000000	614947.560059	64193	0	s	1357341347926.081055
planetlab2.umassd.edu_planetlab2.clemson.edu_125006 9	614970.997070	37.596000	0.010000	0.000000	614970.997070	64195	0	s	1357341347949.540039
planetlab2.umassd.edu_planetlab2.clemson.edu_125008 9	614975.646973	36.250000	0.010000	0.000000	614975.646973	64196	0	s	1357341347954.200928
planetlab2.umassd.edu_planetlab2.clemson.edu_125038 9	618024.197021	0.132000	0.014000	0.000000	618024.197021	64197	0	s	1357341351002.761963
planetlab2.umassd.edu_planetlab2.clemson.edu_125056 9	618084.353027	1.494000	0.010000	0.000000	618084.353027	64201	0	s	1357341351062.966064
planetlab2.umassd.edu_planetlab2.clemson.edu_125076 9	618204.162109	33.025000	0.010000	0.000000	618204.162109	64207	0	s	1357341351182.842041
planetlab2.umassd.edu_planetlab2.clemson.edu_125081 9	618217.455078	29.296000	0.010000	0.000000	618217.455078	64208	0	s	1357341351196.145996
planetlab2.umassd.edu_planetlab2.clemson.edu_125083 9	618221.066162	19.264000	0.011000	0.000000	618221.066162	64209	0	s	1357341351199.767090
planetlab2.umassd.edu_planetlab2.clemson.edu_125085 9	618229.590088	27.323000	0.013000	0.000000	618229.590088	64210	0	s	1357341351208.302979
planetlab2.umassd.edu_planetlab2.clemson.edu_125091 9	618249.692871	33.747000	0.009000	0.000000	618249.692871	64211	0	s	1357341351228.416992
planetlab2.umassd.edu_planetlab2.clemson.edu_125095 9	618259.826172	28.009000	0.011000	0.000000	618259.826172	64212	0	s	1357341351238.560059
planetlab2.umassd.edu_planetlab2.clemson.edu_125099 9	618267.170166	19.910000	0.010000	0.000000	618267.170166	64215	0	s	1357341351245.945068
planetlab2.umassd.edu_planetlab2.clemson.edu_125101 9	618276.248047	28.853000	0.009000	0.000000	618276.248047	64213	0	s	1357341351254.997070
planetlab2.umassd.edu_planetlab2.clemson.edu_125105 9	618296.555908	35.706000	0.010000	0.000000	618296.555908	64216	0	s	1357341351275.343018
planetlab2.umassd.edu_planetlab2.clemson.edu_125112 9	618338.751953	46.325000	0.010000	0.000000	618338.751953	64217	0	s	1357341351317.550049
planetlab2.umassd.edu_planetlab2.clemson.edu_125124 9	618360.537842	23.158000	0.008000	0.000000	618360.537842	64219	0	s	1357341351339.358887
planetlab2.umassd.edu_planetlab2.clemson.edu_125128 9	618386.025879	36.146000	0.010000	0.000000	618386.025879	64221	0	s	1357341351364.867920
planetlab2.umassd.edu_planetlab2.clemson.edu_125131 9	618398.749023	32.085000	0.009000	0.000000	618398.749023	64224	0	s	1357341351377.624023
planetlab2.umassd.edu_planetlab2.clemson.edu_125145 9	618456.903076	29.655000	0.010000	0.000000	618456.903076	64225	0	s	1357341351435.790039
planetlab2.umassd.edu_planetlab2.clemson.edu_125147 9	618458.004150	29.671000	0.012000	0.000000	618458.004150	64226	0	s	1357341351436.904053
planetlab2.umassd.edu_planetlab2.clemson.edu_125156 9	618496.870117	27.448000	0.011000	0.000000	618496.870117	64227	0	s	1357341351475.781006
planetlab2.umassd.edu_planetlab2.clemson.edu_125170 9	618566.625000	37.758000	0.010000	0.000000	618566.625000	64228	0	s	1357341351545.547119
planetlab2.umassd.edu_planetlab2.clemson.edu_125172 9	618566.734863	37.929000	0.008000	0.000000	618566.734863	64229	0	s	1357341351545.667969
planetlab2.umassd.edu_planetlab2.clemson.edu_125176 9	618580.426025	33.292000	0.010000	0.000000	618580.426025	64231	0	s	1357341351559.382080
planetlab2.umassd.edu_planetlab2.clemson.edu_125187 9	618613.354980	24.076000	0.011000	0.000000	618613.354980	64232	0	s	1357341351592.322021
planetlab2.umassd.edu_planetlab2.clemson.edu_125189 9	618627.377930	35.544000	0.010000	0.000000	618627.377930	64233	0	s	1357341351606.354980
planetlab2.umassd.edu_planetlab2.clemson.edu_125202 9	618657.911865	21.649000	0.008000	0.000000	618657.911865	64235	0	s	1357341351636.992920
planetlab2.umassd.edu_planetlab2.clemson.edu_125207 9	618674.271973	22.046000	0.010000	0.000000	618674.271973	64237	0	s	1357341351653.375977
planetlab2.umassd.edu_planetlab2.clemson.edu_125219 9	618720.466064	24.118000	0.011000	0.000000	618720.466064	64238	0	s	1357341351699.581055
planetlab2.umassd.edu_planetlab2.clemson.edu_125222 9	618726.735840	18.840000	0.009000	0.000000	618726.735840	64240	0	s	1357341351705.877930
planetlab2.umassd.edu_planetlab2.clemson.edu_125424 9	622774.553955	0.138000	0.015000	0.000000	622774.553955	64241	0	s	1357341355753.707031
planetlab2.umassd.edu_planetlab2.clemson.edu_125431 9	622789.511963	0.132000	0.011000	0.000000	622789.511963	64242	0	s	1357341355768.675049
planetlab2.umassd.edu_planetlab2.clemson.edu_125437 9	622820.651855	0.041000	0.008000	0.000000	622820.651855	64243	0	s	1357341355799.826904
planetlab2.umassd.edu_planetlab2.clemson.edu_125443 9	622846.459961	0.099000	0.011000	0.000000	622846.459961	64244	0	s	1357341355825.645996
planetlab2.umassd.edu_planetlab2.clemson.edu_125448 9	622864.713867	0.142000	0.010000	0.000000	622864.713867	64245	0	s	1357341355843.909912
planetlab2.umassd.edu_planetlab2.clemson.edu_125450 9	622865.605957	0.391000	0.009000	0.000000	622865.605957	64246	0	s	1357341355844.813965
planetlab2.umassd.edu_planetlab2.clemson.edu_125453 9	622880.991943	0.123000	0.009000	0.000000	622880.991943	64247	0	s	1357341355860.210938
planetlab2.umassd.edu_planetlab2.clemson.edu_125459 9	622906.457031	0.160000	0.010000	0.000000	622906.457031	64248	0	s	1357341355885.686035
planetlab2.umassd.edu_planetlab2.clemson.edu_125470 9	622935.158936	0.055000	0.009000	0.000000	622935.158936	64249	0	s	1357341355914.399902
planetlab2.umassd.edu_planetlab2.clemson.edu_125483 9	622979.839111	0.112000	0.013000	0.000000	622979.839111	64251	0	s	1357341355959.101074
planetlab2.umassd.edu_planetlab2.clemson.edu_125485 9	622981.833984	0.081000	0.015000	0.000000	622981.833984	64250	0	s	1357341355961.084961
planetlab2.umassd.edu_planetlab2.clemson.edu_125487 9	622995.550049	0.115000	0.011000	0.000000	622995.550049	64252	0	s	1357341355974.825928
planetlab2.umassd.edu_planetlab2.clemson.edu_125599 9	623494.419922	0.111000	0.012000	0.000000	623494.419922	64253	0	s	1357341356473.707031
planetlab2.umassd.edu_planetlab2.clemson.edu_125615 9	623543.794922	0.110000	0.010000	0.000000	623543.794922	64255	0	s	1357341356523.104004
planetlab2.umassd.edu_planetlab2.clemson.edu_125633 9	623610.630127	0.139000	0.010000	0.000000	623610.630127	64261	0	s	1357341356590.006104
planetlab2.umassd.edu_planetlab2.clemson.edu_125734 9	626913.722168	17.996000	0.011000	0.000000	626913.722168	64283	0	s	1357341359893.351074
planetlab2.umassd.edu_planetlab2.clemson.edu_125759 9	627019.625000	36.244000	0.009000	0.000000	627019.625000	64289	0	s	1357341359999.320068
planetlab2.umassd.edu_planetlab2.clemson.edu_125763 9	627027.747070	36.797000	0.011000	0.000000	627027.747070	64292	0	s	1357341360007.478027
planetlab2.umassd.edu_planetlab2.clemson.edu_125771 9	627058.401123	30.945000	0.008000	0.000000	627058.401123	64293	0	s	1357341360038.143066
planetlab2.umassd.edu_planetlab2.clemson.edu_125785 9	627092.031982	19.829000	0.009000	0.000000	627092.031982	64295	0	s	1357341360071.802979
planetlab2.umassd.edu_planetlab2.clemson.edu_125811 9	627209.275879	37.749000	0.010000	0.000000	627209.275879	64301	0	s	1357341360189.114990
planetlab2.umassd.edu_planetlab2.clemson.edu_125832 9	627290.231934	28.952000	0.011000	0.000000	627290.231934	64305	0	s	1357341360270.117920
planetlab2.umassd.edu_planetlab2.clemson.edu_126097 9	631649.269043	5.854000	0.013000	0.000000	631649.269043	64309	0	s	1357341364629.200928
planetlab2.umassd.edu_planetlab2.clemson.edu_126121 9	631763.374023	1.228000	0.009000	0.000000	631763.374023	64314	0	s	1357341364743.361084
planetlab2.umassd.edu_planetlab2.clemson.edu_126598 9	640255.567871	0.026000	0.011000	0.000000	640255.567871	64335	0	s	1357341373235.794922
planetlab2.umassd.edu_planetlab2.clemson.edu_126601 9	640271.914062	0.130000	0.008000	0.000000	640271.914062	64337	0	s	1357341373252.163086
planetlab2.umassd.edu_planetlab2.clemson.edu_126645 9	640672.531982	0.055000	0.011000	0.000000	640672.531982	64345	0	s	1357341373652.873047
planetlab2.umassd.edu_planetlab2.clemson.edu_126710 9	641099.382080	0.040000	0.011000	0.000000	641099.382080	64353	0	s	1357341374079.812012
planetlab2.umassd.edu_planetlab2.clemson.edu_126734 9	641232.816895	21.000000	0.010000	0.000000	641232.816895	64357	0	s	1357341374213.295898
planetlab2.umassd.edu_planetlab2.clemson.edu_127000 9	645699.080811	0.125000	0.012000	0.000000	645699.080811	64366	0	s	1357341378679.659912
planetlab2.umassd.edu_planetlab2.clemson.edu_127018 9	645788.361816	0.078000	0.010000	0.000000	645788.361816	64368	0	s	1357341378768.962891
planetlab2.umassd.edu_planetlab2.clemson.edu_127023 9	645803.005127	0.154000	0.010000	0.000000	645803.005127	64369	0	s	1357341378783.621094
planetlab2.umassd.edu_planetlab2.clemson.edu_127036 9	645865.718018	0.213000	0.011000	0.000000	645865.718018	64371	0	s	1357341378846.354980
planetlab2.umassd.edu_planetlab2.clemson.edu_127044 9	645903.160156	6.349000	0.013000	0.000000	645903.160156	64373	0	s	1357341378883.820068
planetlab2.umassd.edu_planetlab2.clemson.edu_127073 9	646015.241943	0.106000	0.011000	0.000000	646015.241943	64377	0	s	1357341378995.946045
planetlab2.umassd.edu_planetlab2.clemson.edu_127114 9	646201.997070	16.876000	0.010000	0.000000	646201.997070	64388	0	s	1357341379182.849121
planetlab2.umassd.edu_planetlab2.clemson.edu_127165 9	646408.842041	5.771000	0.010000	0.000000	646408.842041	64401	0	s	1357341379389.841064
planetlab2.umassd.edu_planetlab2.clemson.edu_127221 9	649619.474854	0.131000	0.013000	0.000000	649619.474854	64410	0	s	1357341382600.576904
planetlab2.umassd.edu_planetlab2.clemson.edu_127240 9	649698.598145	10.154000	0.009000	0.000000	649698.598145	64417	0	s	1357341382679.779053
planetlab2.umassd.edu_planetlab2.clemson.edu_127356 9	650485.163818	0.037000	0.010000	0.000000	650485.163818	64421	0	s	1357341383466.389893
planetlab2.umassd.edu_planetlab2.clemson.edu_127375 9	650588.868164	5.403000	0.011000	0.000000	650588.868164	64426	0	s	1357341383570.152100
planetlab2.umassd.edu_planetlab2.clemson.edu_127411 9	650751.709961	11.331000	0.010000	0.000000	650751.709961	64432	0	s	1357341383733.060059
planetlab2.umassd.edu_planetlab2.clemson.edu_127414 9	650754.858887	0.159000	0.008000	0.000000	650754.858887	64433	0	s	1357341383736.219971
planetlab2.umassd.edu_planetlab2.clemson.edu_127429 9	650854.566895	23.755000	0.010000	0.000000	650854.566895	64434	0	s	1357341383835.937988
planetlab2.umassd.edu_planetlab2.clemson.edu_127439 9	650889.612061	23.261000	0.014000	0.000000	650889.612061	64435	0	s	1357341383870.998047
planetlab2.umassd.edu_planetlab2.clemson.edu_127441 9	650891.996094	15.845000	0.010000	0.000000	650891.996094	64437	0	s	1357341383873.404053
planetlab2.umassd.edu_planetlab2.clemson.edu_127452 9	650945.750000	15.014000	0.009000	0.000000	650945.750000	64440	0	s	1357341383927.197021
planetlab2.umassd.edu_planetlab2.clemson.edu_127456 9	650976.845947	38.016000	0.010000	0.000000	650976.845947	64441	0	s	1357341383958.305908
planetlab2.umassd.edu_planetlab2.clemson.edu_127459 9	650977.999023	31.032000	0.014000	0.000000	650977.999023	64442	0	s	1357341383959.469971
planetlab2.umassd.edu_planetlab2.clemson.edu_127462 9	650983.619141	26.952000	0.009000	0.000000	650983.619141	64443	0	s	1357341383965.100098
planetlab2.umassd.edu_planetlab2.clemson.edu_127474 9	651029.523926	27.872000	0.011000	0.000000	651029.523926	64399	0	s	1357341384010.501953
planetlab2.umassd.edu_planetlab2.clemson.edu_127476 9	651030.662109	21.096000	0.009000	0.000000	651030.662109	64446	0	s	1357341384012.176025
planetlab2.umassd.edu_planetlab2.clemson.edu_127490 9	651112.812988	40.937000	0.008000	0.000000	651112.812988	64449	0	s	1357341384094.363037
planetlab2.umassd.edu_planetlab2.clemson.edu_127505 9	651193.789062	64.165000	0.041000	0.000000	651193.789062	64455	0	s	1357341384175.406006
planetlab2.umassd.edu_planetlab2.clemson.edu_127527 9	654206.960938	0.134000	0.017000	0.000000	654206.960938	64459	0	s	1357341387188.623047
planetlab2.umassd.edu_planetlab2.clemson.edu_127531 9	654219.173096	0.673000	0.011000	0.000000	654219.173096	64461	0	s	1357341387200.862061
planetlab2.umassd.edu_planetlab2.clemson.edu_127533 9	654226.892090	1.014000	0.009000	0.000000	654226.892090	64462	0	s	1357341387208.593018
planetlab2.umassd.edu_planetlab2.clemson.edu_127539 9	654256.003174	0.119000	0.009000	0.000000	654256.003174	64463	0	s	1357341387237.715088
planetlab2.umassd.edu_planetlab2.clemson.edu_127546 9	654295.426758	15.774000	0.011000	0.000000	654295.426758	64464	0	s	1357341387277.150879
planetlab2.umassd.edu_planetlab2.clemson.edu_127548 9	654299.350830	8.116000	0.011000	0.000000	654299.350830	64465	0	s	1357341387281.085938
planetlab2.umassd.edu_planetlab2.clemson.edu_127559 9	654345.955078	10.092000	0.011000	0.000000	654345.955078	64467	0	s	1357341387327.714111
planetlab2.umassd.edu_planetlab2.clemson.edu_127563 9	654355.583984	10.633000	0.009000	0.000000	654355.583984	64469	0	s	1357341387337.366943
planetlab2.umassd.edu_planetlab2.clemson.edu_127570 9	654398.877930	14.260000	0.012000	0.000000	654398.877930	64473	0	s	1357341387380.708984
planetlab2.umassd.edu_planetlab2.clemson.edu_127590 9	654497.817139	23.071000	0.013000	0.000000	654497.817139	64479	0	s	1357341387479.715088
planetlab2.umassd.edu_planetlab2.clemson.edu_127594 9	654515.458984	29.267000	0.008000	0.000000	654515.458984	64480	0	s	1357341387497.368896
planetlab2.umassd.edu_planetlab2.clemson.edu_127596 9	654530.114014	35.020000	0.009000	0.000000	654530.114014	64483	0	s	1357341387512.058105
planetlab2.umassd.edu_planetlab2.clemson.edu_127598 9	654534.807129	31.534000	0.009000	0.000000	654534.807129	64481	0	s	1357341387516.728027
planetlab2.umassd.edu_planetlab2.clemson.edu_127602 9	654546.635010	26.211000	0.009000	0.000000	654546.635010	64485	0	s	1357341387528.601074
planetlab2.umassd.edu_planetlab2.clemson.edu_127609 9	654580.916992	32.515000	0.010000	0.000000	654580.916992	64489	0	s	1357341387562.930908
planetlab2.umassd.edu_planetlab2.clemson.edu_127614 9	654600.514893	30.178000	0.010000	0.000000	654600.514893	64495	0	s	1357341387582.595947
planetlab2.umassd.edu_planetlab2.clemson.edu_127619 9	654627.781006	34.151000	0.013000	0.000000	654627.781006	64496	0	s	1357341387609.873047
planetlab2.umassd.edu_planetlab2.clemson.edu_127624 9	654647.217041	32.328000	0.010000	0.000000	654647.217041	64497	0	s	1357341387629.320068
planetlab2.umassd.edu_planetlab2.clemson.edu_127626 9	654651.886963	33.430000	0.017000	0.000000	654651.886963	64498	0	s	1357341387634.001953
planetlab2.umassd.edu_planetlab2.clemson.edu_127629 9	654671.103027	41.915000	0.009000	0.000000	654671.103027	64499	0	s	1357341387653.231934
planetlab2.umassd.edu_planetlab2.clemson.edu_127634 9	654691.921143	36.752000	0.009000	0.000000	654691.921143	64500	0	s	1357341387674.061035
planetlab2.umassd.edu_planetlab2.clemson.edu_127636 9	654693.852051	34.318000	0.007000	0.000000	654693.852051	64501	0	s	1357341387676.002930
planetlab2.umassd.edu_planetlab2.clemson.edu_127641 9	654719.225830	36.041000	0.010000	0.000000	654719.225830	64503	0	s	1357341387701.398926
planetlab2.umassd.edu_planetlab2.clemson.edu_127643 9	654723.748047	28.944000	0.011000	0.000000	654723.748047	64504	0	s	1357341387705.933105
planetlab2.umassd.edu_planetlab2.clemson.edu_127648 9	654743.894043	34.522000	0.010000	0.000000	654743.894043	64505	0	s	1357341387726.090088
planetlab2.umassd.edu_planetlab2.clemson.edu_127652 9	654765.996826	37.973000	0.008000	0.000000	654765.996826	64506	0	s	1357341387748.202881
planetlab2.umassd.edu_planetlab2.clemson.edu_127660 9	654807.551025	43.622000	0.010000	0.000000	654807.551025	64507	0	s	1357341387789.769043
planetlab2.umassd.edu_planetlab2.clemson.edu_127662 9	654813.253906	39.660000	0.008000	0.000000	654813.253906	64509	0	s	1357341387795.493896
planetlab2.umassd.edu_planetlab2.clemson.edu_127664 9	654814.938965	30.291000	0.012000	0.000000	654814.938965	64512	0	s	1357341387797.212891
planetlab2.umassd.edu_planetlab2.clemson.edu_127680 9	654879.801025	35.787000	0.009000	0.000000	654879.801025	64515	0	s	1357341387862.112061
planetlab2.umassd.edu_planetlab2.clemson.edu_127678 9	654880.002930	35.907000	0.008000	0.000000	654880.002930	64514	0	s	1357341387862.302979
planetlab2.umassd.edu_planetlab2.clemson.edu_127682 9	654898.653076	45.304000	0.009000	0.000000	654898.653076	64516	0	s	1357341387880.976074
planetlab2.umassd.edu_planetlab2.clemson.edu_127687 9	654920.184082	41.236000	0.009000	0.000000	654920.184082	64518	0	s	1357341387902.528076
planetlab2.umassd.edu_planetlab2.clemson.edu_127797 9	655535.977051	52.919000	0.011000	0.000000	655535.977051	64522	0	s	1357341388518.366943
planetlab2.umassd.edu_planetlab2.clemson.edu_127804 9	655573.642090	56.860000	0.011000	0.000000	655573.642090	64528	0	s	1357341388556.104980
planetlab2.umassd.edu_planetlab2.clemson.edu_127807 9	655582.734863	54.984000	0.008000	0.000000	655582.734863	64529	0	s	1357341388565.208984
planetlab2.umassd.edu_planetlab2.clemson.edu_127812 9	655611.205078	59.137000	0.010000	0.000000	655611.205078	64530	0	s	1357341388593.688965
planetlab2.umassd.edu_planetlab2.clemson.edu_127826 9	658572.720947	0.171000	0.011000	0.000000	658572.720947	64531	0	s	1357341391555.217041
planetlab2.umassd.edu_planetlab2.clemson.edu_127829 9	658592.401855	0.106000	0.009000	0.000000	658592.401855	64532	0	s	1357341391574.908936
planetlab2.umassd.edu_planetlab2.clemson.edu_127834 9	658605.220947	0.118000	0.010000	0.000000	658605.220947	64534	0	s	1357341391587.750977
planetlab2.umassd.edu_planetlab2.clemson.edu_127836 9	658606.446045	0.104000	0.013000	0.000000	658606.446045	64535	0	s	1357341391588.987061
planetlab2.umassd.edu_planetlab2.clemson.edu_127838 9	658619.862061	1.817000	0.009000	0.000000	658619.862061	64536	0	s	1357341391602.413086
planetlab2.umassd.edu_planetlab2.clemson.edu_127847 9	658666.052979	4.151000	0.009000	0.000000	658666.052979	64538	0	s	1357341391648.626953
planetlab2.umassd.edu_planetlab2.clemson.edu_127850 9	658684.103027	2.331000	0.014000	0.000000	658684.103027	64539	0	s	1357341391666.690918
planetlab2.umassd.edu_planetlab2.clemson.edu_127857 9	658697.835938	1.924000	0.011000	0.000000	658697.835938	64542	0	s	1357341391680.458008
planetlab2.umassd.edu_planetlab2.clemson.edu_127867 9	658762.330078	10.320000	0.010000	0.000000	658762.330078	64546	0	s	1357341391744.998047
planetlab2.umassd.edu_planetlab2.clemson.edu_127907 9	658981.070801	21.767000	0.016000	0.000000	658981.070801	64558	0	s	1357341391963.878906
planetlab2.umassd.edu_planetlab2.clemson.edu_127911 9	658999.419922	24.300000	0.010000	0.000000	658999.419922	64560	0	s	1357341391982.250000
planetlab2.umassd.edu_planetlab2.clemson.edu_127914 9	659000.033936	4.419000	0.010000	0.000000	659000.033936	64562	0	s	1357341391982.886963
planetlab2.umassd.edu_planetlab2.clemson.edu_127919 9	659033.944092	25.508000	0.011000	0.000000	659033.944092	64563	0	s	1357341392016.808105
planetlab2.umassd.edu_planetlab2.clemson.edu_127926 9	659049.904053	4.587000	0.009000	0.000000	659049.904053	64566	0	s	1357341392032.803955
planetlab2.umassd.edu_planetlab2.clemson.edu_127939 9	659134.117920	24.441000	0.009000	0.000000	659134.117920	64570	0	s	1357341392117.063965
planetlab2.umassd.edu_planetlab2.clemson.edu_127968 9	659275.796875	6.469000	0.011000	0.000000	659275.796875	64578	0	s	1357341392258.837891
planetlab2.umassd.edu_planetlab2.clemson.edu_128009 9	659503.198975	0.102000	0.011000	0.000000	659503.198975	64590	0	s	1357341392486.377930
planetlab2.umassd.edu_planetlab2.clemson.edu_128016 9	659547.341064	0.583000	0.009000	0.000000	659547.341064	64592	0	s	1357341392530.542969
planetlab2.umassd.edu_planetlab2.clemson.edu_128021 9	659590.351807	0.142000	0.010000	0.000000	659590.351807	64594	0	s	1357341392573.576904
planetlab2.umassd.edu_planetlab2.clemson.edu_128026 9	659621.079834	0.135000	0.010000	0.000000	659621.079834	64595	0	s	1357341392604.315918
planetlab2.umassd.edu_planetlab2.clemson.edu_128037 9	659681.321045	0.143000	0.008000	0.000000	659681.321045	64602	0	s	1357341392664.635010
planetlab2.umassd.edu_planetlab2.clemson.edu_128046 9	659738.436035	0.084000	0.010000	0.000000	659738.436035	64614	0	s	1357341392721.887939
planetlab2.umassd.edu_planetlab2.clemson.edu_128051 9	659773.038818	0.084000	0.008000	0.000000	659773.038818	64615	0	s	1357341392756.502930
planetlab2.umassd.edu_planetlab2.clemson.edu_128056 9	659803.398926	0.128000	0.009000	0.000000	659803.398926	64618	0	s	1357341392786.898926
planetlab2.umassd.edu_planetlab2.clemson.edu_128060 9	659818.827148	0.092000	0.010000	0.000000	659818.827148	64620	0	s	1357341392802.350098
planetlab2.umassd.edu_planetlab2.clemson.edu_128064 9	659822.874023	0.155000	0.008000	0.000000	659822.874023	64622	0	s	1357341392806.418945
planetlab2.umassd.edu_planetlab2.clemson.edu_128067 9	659848.404053	0.871000	0.009000	0.000000	659848.404053	64623	0	s	1357341392831.959961
planetlab2.umassd.edu_planetlab2.clemson.edu_128071 9	659863.108887	1.274000	0.008000	0.000000	659863.108887	64625	0	s	1357341392846.687988
planetlab2.umassd.edu_planetlab2.clemson.edu_128074 9	659866.661865	0.093000	0.010000	0.000000	659866.661865	64626	0	s	1357341392850.251953
planetlab2.umassd.edu_planetlab2.clemson.edu_128092 9	659948.613037	0.108000	0.010000	0.000000	659948.613037	64638	0	s	1357341392932.340088
planetlab2.umassd.edu_planetlab2.clemson.edu_128102 9	659997.030029	0.108000	0.010000	0.000000	659997.030029	64640	0	s	1357341392980.779053
planetlab2.umassd.edu_planetlab2.clemson.edu_128105 9	660005.872070	0.096000	0.009000	0.000000	660005.872070	64642	0	s	1357341392989.654053
planetlab2.umassd.edu_planetlab2.clemson.edu_128118 9	660052.158936	0.170000	0.010000	0.000000	660052.158936	64644	0	s	1357341393035.962891
planetlab2.umassd.edu_planetlab2.clemson.edu_128138 9	663119.455078	0.136000	0.011000	0.000000	663119.455078	64645	0	s	1357341396103.271973
planetlab2.umassd.edu_planetlab2.clemson.edu_128145 9	663142.990234	0.114000	0.008000	0.000000	663142.990234	64646	0	s	1357341396126.818115
planetlab2.umassd.edu_planetlab2.clemson.edu_128360 9	664303.622070	17.334000	0.013000	0.000000	664303.622070	64652	0	s	1357341397287.518066
planetlab2.umassd.edu_planetlab2.clemson.edu_128362 9	664309.218994	16.739000	0.010000	0.000000	664309.218994	64653	0	s	1357341397293.125977
planetlab2.umassd.edu_planetlab2.clemson.edu_128364 9	664316.417969	21.685000	0.011000	0.000000	664316.417969	64656	0	s	1357341397300.361084
planetlab2.umassd.edu_planetlab2.clemson.edu_128366 9	664327.545898	28.828000	0.009000	0.000000	664327.545898	64658	0	s	1357341397311.512939
