planetlab5.williams.edu_planetlab-2.cs.colostate.edu_1745 2	5580.418945	648.297000	0.018000	0.000000	5580.418945	90507	2144	s	1357340740477.148926
lefthand.eecs.harvard.edu_planetlab-2.cs.colostate.edu_784 1	5932.017090	3.517000	0.043000	0.000000	5932.017090	90717	3616	s	1357340740831.185059
planetlab5.williams.edu_planetlab-2.cs.colostate.edu_1812 2	6946.672119	1590.174000	0.022000	0.000000	6946.672119	90680	2144	s	1357340741845.414062
planetlab1.poly.edu_planetlab-2.cs.colostate.edu_997 2	7589.583008	2062.220000	0.018000	0.000000	7589.583008	90486	3104	s	1357340742486.080078
planetlab1.poly.edu_planetlab-2.cs.colostate.edu_1001 2	7589.212158	2062.868000	0.019000	0.000000	7589.212158	90524	3104	s	1357340742486.142090
planetlab5.williams.edu_planetlab-2.cs.colostate.edu_1688 2	7696.734863	129.083000	0.022000	0.000000	7696.734863	90424	2144	s	1357340742592.482910
planetlab1.poly.edu_planetlab-2.cs.colostate.edu_1048 2	7787.511230	2052.931000	0.029000	0.000000	7787.511230	90601	3104	s	1357340742685.339111
planetlab2.cs.umass.edu_planetlab-2.cs.colostate.edu_1521 2	7890.902832	0.479000	0.037000	0.000000	7890.902832	90412	1568	s	1357340742785.554932
planetlab1.poly.edu_planetlab-2.cs.colostate.edu_1325 2	8961.417969	0.253000	0.029000	0.000000	8961.417969	90890	3104	s	1357340743862.823975
node1.planetlab.mathcs.emory.edu_planetlab-2.cs.colostate.edu_947 1	9447.375000	0.287000	0.035000	0.000000	9447.375000	90917	3168	s	1357340744349.093994
planetlab2.cs.umass.edu_planetlab-2.cs.colostate.edu_1752 2	10392.635010	0.040000	0.032000	0.000000	10392.635010	90756	1568	s	1357340745292.446045
planetlab1.tsuniv.edu_planetlab-2.cs.colostate.edu_1087 1	10495.468994	3221.179000	0.062000	0.000000	10495.468994	90795	1632	s	1357340745395.768066
pl2.ucs.indiana.edu_planetlab-2.cs.colostate.edu_1075 3	10847.979004	0.028000	0.027000	0.000000	10847.979004	90778	2848	s	1357340745748.069092
nodeb.howard.edu_planetlab-2.cs.colostate.edu_2355 9	11951.815918	27.551000	0.014000	0.000000	11951.815918	90414	2304	s	1357340746846.490967
nodeb.howard.edu_planetlab-2.cs.colostate.edu_2361 9	11960.137939	24.959000	0.011000	0.000000	11960.137939	90459	2304	s	1357340746856.310059
nodeb.howard.edu_planetlab-2.cs.colostate.edu_2391 9	12053.841064	20.139000	0.014000	0.000000	12053.841064	90545	2304	s	1357340746951.018066
planetlab3.rutgers.edu_planetlab-2.cs.colostate.edu_1588 3	12903.787109	0.027000	0.022000	0.000000	12903.787109	91106	2400	s	1357340747807.748047
nodeb.howard.edu_planetlab-2.cs.colostate.edu_2533 9	13128.594971	0.475000	0.015000	0.000000	13128.594971	91085	2304	s	1357340748032.313965
righthand.eecs.harvard.edu_planetlab-2.cs.colostate.edu_1772 3	14899.915039	8215.471000	0.023000	0.000000	14899.915039	90581	2272	s	1357340749797.510986
planetlab1.cis.upenn.edu_planetlab-2.cs.colostate.edu_1784 3	16940.774902	11248.870000	0.016000	0.000000	16940.774902	90662	2560	s	1357340751839.302002
planetlab1.cs.purdue.edu_planetlab-2.cs.colostate.edu_3335 3	17922.032959	7112.787000	0.021000	0.000000	17922.032959	90974	2112	s	1357340752824.430908
planetlab2.cs.unc.edu_planetlab-2.cs.colostate.edu_3374 3	20523.652832	14242.453000	0.093000	0.000000	20523.652832	90532	2080	s	1357340755420.679932
planetlab2.cs.unc.edu_planetlab-2.cs.colostate.edu_3397 3	20677.454102	14145.254000	0.035000	0.000000	20677.454102	90559	2080	s	1357340755574.790039
planetlab2.cs.unc.edu_planetlab-2.cs.colostate.edu_3436 3	20929.936035	14093.972000	0.016000	0.000000	20929.936035	90625	2080	s	1357340755828.038086
planetlab2.cs.unc.edu_planetlab-2.cs.colostate.edu_3438 3	20933.053955	14059.717000	0.020000	0.000000	20933.053955	90636	2080	s	1357340755831.285889
planetlab2.cs.unc.edu_planetlab-2.cs.colostate.edu_3441 3	20979.162109	14067.977000	0.022000	0.000000	20979.162109	90647	2080	s	1357340755877.520020
planetlab2.cs.unc.edu_planetlab-2.cs.colostate.edu_3453 3	21011.783936	14025.037000	0.024000	0.000000	21011.783936	90667	2080	s	1357340755910.368896
planetlab2.cs.unc.edu_planetlab-2.cs.colostate.edu_3480 3	21152.961914	13833.960000	0.033000	0.000000	21152.961914	90699	2080	s	1357340756051.920898
planetlab2.cs.unc.edu_planetlab-2.cs.colostate.edu_3484 3	21162.257080	13758.765000	0.029000	0.000000	21162.257080	90723	2080	s	1357340756061.562988
planetlab2.cs.unc.edu_planetlab-2.cs.colostate.edu_3494 3	21211.970215	13693.962000	0.035000	0.000000	21211.970215	90729	2080	s	1357340756111.360107
planetlab2.cs.unc.edu_planetlab-2.cs.colostate.edu_3499 3	21234.067871	13651.268000	0.027000	0.000000	21234.067871	90730	2080	s	1357340756133.470947
planetlab2.cs.unc.edu_planetlab-2.cs.colostate.edu_3503 3	21242.104004	13632.248000	0.022000	0.000000	21242.104004	90731	2080	s	1357340756141.518066
planetlab2.cs.unc.edu_planetlab-2.cs.colostate.edu_3505 3	21261.292969	13638.923000	0.036000	0.000000	21261.292969	90735	2080	s	1357340756160.752930
planetlab2.cs.unc.edu_planetlab-2.cs.colostate.edu_3510 3	21298.667969	13611.538000	0.021000	0.000000	21298.667969	90740	2080	s	1357340756198.188965
planetlab2.cs.unc.edu_planetlab-2.cs.colostate.edu_3544 3	21540.857910	13644.705000	0.022000	0.000000	21540.857910	90747	2080	s	1357340756440.457031
planetlab2.cs.unc.edu_planetlab-2.cs.colostate.edu_3547 3	21576.646973	13674.344000	0.016000	0.000000	21576.646973	90752	2080	s	1357340756476.305908
planetlab2.cs.unc.edu_planetlab-2.cs.colostate.edu_3549 3	21582.958984	13679.424000	0.014000	0.000000	21582.958984	90753	2080	s	1357340756482.628906
planetlab2.cs.unc.edu_planetlab-2.cs.colostate.edu_3551 3	21584.940918	13680.266000	0.020000	0.000000	21584.940918	90755	2080	s	1357340756484.739990
planetlab2.cs.unc.edu_planetlab-2.cs.colostate.edu_3553 3	21587.292969	13676.565000	0.029000	0.000000	21587.292969	90757	2080	s	1357340756487.139893
planetlab2.cs.unc.edu_planetlab-2.cs.colostate.edu_3555 3	21590.658936	13678.837000	0.014000	0.000000	21590.658936	90761	2080	s	1357340756490.553955
planetlab2.cs.unc.edu_planetlab-2.cs.colostate.edu_3558 3	21615.098877	13681.099000	0.024000	0.000000	21615.098877	90769	2080	s	1357340756515.087891
planetlab2.cs.unc.edu_planetlab-2.cs.colostate.edu_3564 3	21634.019775	13660.202000	0.021000	0.000000	21634.019775	90785	2080	s	1357340756534.202881
planetlab2.cs.unc.edu_planetlab-2.cs.colostate.edu_3578 3	21748.049805	13714.388000	0.028000	0.000000	21748.049805	90804	2080	s	1357340756648.452881
planetlab2.cs.unc.edu_planetlab-2.cs.colostate.edu_3600 3	21867.777832	13739.670000	0.026000	0.000000	21867.777832	90815	2080	s	1357340756768.305908
planetlab2.cs.unc.edu_planetlab-2.cs.colostate.edu_3602 3	21873.270020	13743.277000	0.018000	0.000000	21873.270020	90817	2080	s	1357340756773.821045
planetlab2.cs.unc.edu_planetlab-2.cs.colostate.edu_3612 3	21929.210938	13752.523000	0.051000	0.000000	21929.210938	90836	2080	s	1357340756829.979980
planetlab2.cs.unc.edu_planetlab-2.cs.colostate.edu_3648 3	22078.234863	13739.280000	0.033000	0.000000	22078.234863	90852	2080	s	1357340756979.188965
planetlab2.cs.unc.edu_planetlab-2.cs.colostate.edu_3672 3	22255.833008	13774.240000	0.034000	0.000000	22255.833008	90859	2080	s	1357340757156.872070
planetlab2.cs.unc.edu_planetlab-2.cs.colostate.edu_3681 3	22291.051025	13732.155000	0.043000	0.000000	22291.051025	90864	2080	s	1357340757192.146973
planetlab2.cs.unc.edu_planetlab-2.cs.colostate.edu_3684 3	22299.390137	13668.039000	0.025000	0.000000	22299.390137	90868	2080	s	1357340757200.540039
planetlab2.cs.unc.edu_planetlab-2.cs.colostate.edu_3686 3	22304.270996	13650.658000	0.074000	0.000000	22304.270996	90869	2080	s	1357340757205.431885
planetlab2.cs.unc.edu_planetlab-2.cs.colostate.edu_3688 3	22305.355957	13644.572000	0.028000	0.000000	22305.355957	90870	2080	s	1357340757206.529053
planetlab2.cs.unc.edu_planetlab-2.cs.colostate.edu_3695 3	22348.830078	13631.897000	0.016000	0.000000	22348.830078	90876	2080	s	1357340757250.073975
planetlab2.cs.unc.edu_planetlab-2.cs.colostate.edu_3843 3	23287.829102	13436.700000	0.032000	0.000000	23287.829102	90930	2080	s	1357340758189.696045
planetlab2.cs.unc.edu_planetlab-2.cs.colostate.edu_3890 3	23521.735840	13463.387000	0.021000	0.000000	23521.735840	90943	2080	s	1357340758423.753906
planetlab2.cs.unc.edu_planetlab-2.cs.colostate.edu_3935 3	23720.889893	13500.771000	0.027000	0.000000	23720.889893	90951	2080	s	1357340758623.013916
planetlab2.cs.unc.edu_planetlab-2.cs.colostate.edu_4177 3	24956.337891	13874.705000	0.026000	0.000000	24956.337891	90987	2080	s	1357340759858.887939
planetlab2.cs.unc.edu_planetlab-2.cs.colostate.edu_4299 3	25599.104004	14036.528000	0.029000	0.000000	25599.104004	91009	2080	s	1357340760501.917969
planetlab2.cs.unc.edu_planetlab-2.cs.colostate.edu_4428 3	26096.682129	14045.140000	0.032000	0.000000	26096.682129	91039	2080	s	1357340760999.860107
planetlab2.cs.unc.edu_planetlab-2.cs.colostate.edu_4478 3	26405.072998	14177.492000	0.027000	0.000000	26405.072998	91055	2080	s	1357340761308.439941
planetlab2.cs.unc.edu_planetlab-2.cs.colostate.edu_4524 3	26631.996094	14229.328000	0.040000	0.000000	26631.996094	91063	2080	s	1357340761535.457031
planetlab2.cs.unc.edu_planetlab-2.cs.colostate.edu_4597 3	26843.887939	14272.773000	0.021000	0.000000	26843.887939	91067	2080	s	1357340761747.394043
planetlab2.cs.unc.edu_planetlab-2.cs.colostate.edu_4616 3	26869.945068	14251.315000	0.020000	0.000000	26869.945068	91069	2080	s	1357340761773.476074
planetlab2.cs.unc.edu_planetlab-2.cs.colostate.edu_4626 3	26882.592041	14234.251000	0.094000	0.000000	26882.592041	91070	2080	s	1357340761786.135010
planetlab2.cs.unc.edu_planetlab-2.cs.colostate.edu_4628 3	26888.403076	14240.127000	0.015000	0.000000	26888.403076	91071	2080	s	1357340761791.957031
planetlab2.cs.unc.edu_planetlab-2.cs.colostate.edu_4662 3	27373.820068	14580.204000	0.025000	0.000000	27373.820068	91096	2080	s	1357340762277.666992
pl1.planet.cs.kent.edu_planetlab-2.cs.colostate.edu_1555 5	27640.489990	0.237000	0.041000	0.000000	27640.489990	90596	1440	s	1357340762538.261963
planetlab2.cs.unc.edu_planetlab-2.cs.colostate.edu_4749 3	27740.593018	14539.336000	0.030000	0.000000	27740.593018	91124	2080	s	1357340762644.770996
planetlab2.cs.unc.edu_planetlab-2.cs.colostate.edu_4776 3	27829.511963	14482.398000	0.019000	0.000000	27829.511963	91135	2080	s	1357340762733.812988
planetlab1.cis.upenn.edu_planetlab-2.cs.colostate.edu_2699 9	27984.368896	2621.028000	0.010000	0.000000	27984.368896	90432	2560	s	1357340762880.211914
planetlab1.cis.upenn.edu_planetlab-2.cs.colostate.edu_2701 9	27984.383057	2637.279000	0.007000	0.000000	27984.383057	90436	2560	s	1357340762880.281982
planetlab1.cis.upenn.edu_planetlab-2.cs.colostate.edu_2705 9	28024.169922	2630.849000	0.010000	0.000000	28024.169922	90434	2560	s	1357340762920.044922
planetlab1.cis.upenn.edu_planetlab-2.cs.colostate.edu_2710 9	28050.970947	2587.408000	0.012000	0.000000	28050.970947	90440	2560	s	1357340762946.916992
planetlab1.cis.upenn.edu_planetlab-2.cs.colostate.edu_2718 9	28093.489990	2617.758000	0.009000	0.000000	28093.489990	90433	2560	s	1357340762989.352051
planetlab1.cis.upenn.edu_planetlab-2.cs.colostate.edu_2714 9	28093.362061	2581.100000	0.010000	0.000000	28093.362061	90448	2560	s	1357340762989.406006
planetlab1.cis.upenn.edu_planetlab-2.cs.colostate.edu_2721 9	28141.727783	2563.929000	0.017000	0.000000	28141.727783	90464	2560	s	1357340763037.962891
planetlab1.cis.upenn.edu_planetlab-2.cs.colostate.edu_2737 9	28264.146973	2459.121000	0.013000	0.000000	28264.146973	90560	2560	s	1357340763161.493896
planetlab1.cis.upenn.edu_planetlab-2.cs.colostate.edu_2778 9	28678.234863	2176.282000	0.010000	0.000000	28678.234863	90944	2560	s	1357340763580.264893
planetlab5.millennium.berkeley.edu_planetlab-2.cs.colostate.edu_4378 9	34942.673096	1403.816000	0.031000	0.000000	34942.673096	90554	1280	s	1357340769839.954102
planetlab5.millennium.berkeley.edu_planetlab-2.cs.colostate.edu_4415 9	35204.024902	1203.504000	0.026000	0.000000	35204.024902	90633	1280	s	1357340770102.221924
planetlab1.temple.edu_planetlab-2.cs.colostate.edu_14528 4	36138.491943	9178.213000	0.027000	0.000000	36138.491943	90549	1024	s	1357340771035.712891
planetlab5.millennium.berkeley.edu_planetlab-2.cs.colostate.edu_4530 9	36204.514893	308.286000	0.030000	0.000000	36204.514893	90991	1280	s	1357340771107.115967
planetlab1.temple.edu_planetlab-2.cs.colostate.edu_15929 4	42630.581055	11674.392000	0.027000	0.000000	42630.581055	90805	1024	s	1357340777530.997070
planetlab6.csail.mit.edu_planetlab-2.cs.colostate.edu_13067 9	50593.003906	0.075000	0.107000	0.000000	50593.003906	90416	1056	s	1357340785487.701904
planetlab6.csail.mit.edu_planetlab-2.cs.colostate.edu_13072 9	50601.420166	0.151000	0.073000	0.000000	50601.420166	90437	1056	s	1357340785497.331055
planetlab6.csail.mit.edu_planetlab-2.cs.colostate.edu_13074 9	50614.946777	0.056000	0.040000	0.000000	50614.946777	90451	1056	s	1357340785511.025879
planetlab6.csail.mit.edu_planetlab-2.cs.colostate.edu_13213 9	51244.367920	0.551000	0.042000	0.000000	51244.367920	90515	1056	s	1357340786141.197021
planetlab6.csail.mit.edu_planetlab-2.cs.colostate.edu_13259 9	51518.797852	0.052000	0.039000	0.000000	51518.797852	90543	1056	s	1357340786415.951904
planetlab6.csail.mit.edu_planetlab-2.cs.colostate.edu_13262 9	51522.683838	0.037000	0.025000	0.000000	51522.683838	90563	1056	s	1357340786420.064941
planetlab6.csail.mit.edu_planetlab-2.cs.colostate.edu_13280 9	51583.531006	0.101000	0.046000	0.000000	51583.531006	90578	1056	s	1357340786481.089111
planetlab6.csail.mit.edu_planetlab-2.cs.colostate.edu_13282 9	51585.106934	0.046000	0.027000	0.000000	51585.106934	90577	1056	s	1357340786482.655029
planetlab6.csail.mit.edu_planetlab-2.cs.colostate.edu_13285 9	51598.490967	0.047000	0.027000	0.000000	51598.490967	90579	1056	s	1357340786496.062988
planetlab6.csail.mit.edu_planetlab-2.cs.colostate.edu_13294 9	51638.847900	3.828000	0.025000	0.000000	51638.847900	90587	1056	s	1357340786536.510010
planetlab6.csail.mit.edu_planetlab-2.cs.colostate.edu_13313 9	51702.592773	28.714000	0.032000	0.000000	51702.592773	90611	1056	s	1357340786600.535889
planetlab6.csail.mit.edu_planetlab-2.cs.colostate.edu_13297 9	51703.017090	40.746000	0.027000	0.000000	51703.017090	90583	1056	s	1357340786600.634033
planetlab6.csail.mit.edu_planetlab-2.cs.colostate.edu_13324 9	51769.686768	24.011000	0.029000	0.000000	51769.686768	90631	1056	s	1357340786667.858887
planetlab6.csail.mit.edu_planetlab-2.cs.colostate.edu_13389 9	51943.267090	96.531000	0.028000	0.000000	51943.267090	90656	1056	s	1357340786841.725098
planetlab6.csail.mit.edu_planetlab-2.cs.colostate.edu_13478 9	52112.953125	38.270000	0.049000	0.000000	52112.953125	90688	1056	s	1357340787011.788086
planetlab6.csail.mit.edu_planetlab-2.cs.colostate.edu_13555 9	52370.093018	0.114000	0.022000	0.000000	52370.093018	90707	1056	s	1357340787269.143066
planetlab6.csail.mit.edu_planetlab-2.cs.colostate.edu_13568 9	52439.447998	0.426000	0.031000	0.000000	52439.447998	90720	1056	s	1357340787338.650879
planetlab6.csail.mit.edu_planetlab-2.cs.colostate.edu_13587 9	52484.387939	21.011000	0.023000	0.000000	52484.387939	90722	1056	s	1357340787383.681885
planetlab6.csail.mit.edu_planetlab-2.cs.colostate.edu_13584 9	52485.851074	29.978000	0.028000	0.000000	52485.851074	90721	1056	s	1357340787385.132080
planetlab6.csail.mit.edu_planetlab-2.cs.colostate.edu_13610 9	52585.968018	30.349000	0.024000	0.000000	52585.968018	90724	1056	s	1357340787485.287109
planetlab6.csail.mit.edu_planetlab-2.cs.colostate.edu_13628 9	52617.841064	13.443000	0.029000	0.000000	52617.841064	90728	1056	s	1357340787517.219971
planetlab6.csail.mit.edu_planetlab-2.cs.colostate.edu_13649 9	52675.992188	15.553000	0.049000	0.000000	52675.992188	90736	1056	s	1357340787575.464111
planetlab6.csail.mit.edu_planetlab-2.cs.colostate.edu_13661 9	52741.876953	30.503000	0.029000	0.000000	52741.876953	90776	1056	s	1357340787641.945068
planetlab6.csail.mit.edu_planetlab-2.cs.colostate.edu_13665 9	52742.902100	3.981000	0.016000	0.000000	52742.902100	90771	1056	s	1357340787642.913086
planetlab6.csail.mit.edu_planetlab-2.cs.colostate.edu_13681 9	52846.803955	24.606000	0.021000	0.000000	52846.803955	90819	1056	s	1357340787747.379883
planetlab6.csail.mit.edu_planetlab-2.cs.colostate.edu_13690 9	52877.402832	19.723000	0.028000	0.000000	52877.402832	90833	1056	s	1357340787778.138916
planetlab6.csail.mit.edu_planetlab-2.cs.colostate.edu_13694 9	52898.689941	30.628000	0.032000	0.000000	52898.689941	90835	1056	s	1357340787799.447998
planetlab6.csail.mit.edu_planetlab-2.cs.colostate.edu_13701 9	52918.319092	27.759000	0.030000	0.000000	52918.319092	90843	1056	s	1357340787819.166992
planetlab6.csail.mit.edu_planetlab-2.cs.colostate.edu_13705 9	52930.610107	30.981000	0.020000	0.000000	52930.610107	90839	1056	s	1357340787831.413086
planetlab6.csail.mit.edu_planetlab-2.cs.colostate.edu_13711 9	52976.035889	48.655000	0.037000	0.000000	52976.035889	90861	1056	s	1357340787877.096924
planetlab6.csail.mit.edu_planetlab-2.cs.colostate.edu_13714 9	52976.729980	0.619000	0.030000	0.000000	52976.729980	90867	1056	s	1357340787877.866943
planetlab6.csail.mit.edu_planetlab-2.cs.colostate.edu_13724 9	52996.338135	21.260000	0.030000	0.000000	52996.338135	90848	1056	s	1357340787897.246094
planetlab6.csail.mit.edu_planetlab-2.cs.colostate.edu_13728 9	53031.596191	43.894000	0.011000	0.000000	53031.596191	90899	1056	s	1357340787933.110107
planetlab6.csail.mit.edu_planetlab-2.cs.colostate.edu_13731 9	53053.118164	57.067000	0.027000	0.000000	53053.118164	90937	1056	s	1357340787955.068115
planetlab6.csail.mit.edu_planetlab-2.cs.colostate.edu_13732 9	53067.279053	61.052000	0.010000	0.000000	53067.279053	90947	1056	s	1357340787969.344971
planetlab6.csail.mit.edu_planetlab-2.cs.colostate.edu_13749 9	53173.937988	2.022000	0.017000	0.000000	53173.937988	90956	1056	s	1357340788076.125977
planetlab6.csail.mit.edu_planetlab-2.cs.colostate.edu_13755 9	53247.712891	0.041000	0.041000	0.000000	53247.712891	90963	1056	s	1357340788149.980957
planetlab6.csail.mit.edu_planetlab-2.cs.colostate.edu_13767 9	53464.618896	0.042000	0.027000	0.000000	53464.618896	90971	1056	s	1357340788366.982910
planetlab6.csail.mit.edu_planetlab-2.cs.colostate.edu_13765 9	53465.826904	0.082000	0.039000	0.000000	53465.826904	90961	1056	s	1357340788368.072998
planetlab6.csail.mit.edu_planetlab-2.cs.colostate.edu_13774 9	53467.893799	2.789000	0.029000	0.000000	53467.893799	90962	1056	s	1357340788370.150879
planetlab6.csail.mit.edu_planetlab-2.cs.colostate.edu_13784 9	53483.874023	5.561000	0.017000	0.000000	53483.874023	90967	1056	s	1357340788386.193115
planetlab6.csail.mit.edu_planetlab-2.cs.colostate.edu_13786 9	53524.662109	33.649000	0.011000	0.000000	53524.662109	90995	1056	s	1357340788427.308105
planetlab6.csail.mit.edu_planetlab-2.cs.colostate.edu_13790 9	53528.724121	44.161000	0.015000	0.000000	53528.724121	90976	1056	s	1357340788431.145020
planetlab6.csail.mit.edu_planetlab-2.cs.colostate.edu_13807 9	53609.334961	76.573000	0.025000	0.000000	53609.334961	91011	1056	s	1357340788512.170898
planetlab6.csail.mit.edu_planetlab-2.cs.colostate.edu_13824 9	53663.880859	97.085000	0.022000	0.000000	53663.880859	91026	1056	s	1357340788566.889893
planetlab6.csail.mit.edu_planetlab-2.cs.colostate.edu_13834 9	53682.145996	99.733000	0.016000	0.000000	53682.145996	91027	1056	s	1357340788585.166992
planetlab6.csail.mit.edu_planetlab-2.cs.colostate.edu_13836 9	53706.216064	113.791000	0.024000	0.000000	53706.216064	91025	1056	s	1357340788609.214111
planetlab6.csail.mit.edu_planetlab-2.cs.colostate.edu_13843 9	53725.548828	118.215000	0.028000	0.000000	53725.548828	91035	1056	s	1357340788628.679932
planetlab6.csail.mit.edu_planetlab-2.cs.colostate.edu_13848 9	53728.688965	103.572000	0.015000	0.000000	53728.688965	91031	1056	s	1357340788631.758057
planetlab6.csail.mit.edu_planetlab-2.cs.colostate.edu_13850 9	53745.473145	124.142000	0.013000	0.000000	53745.473145	91046	1056	s	1357340788648.738037
planetlab6.csail.mit.edu_planetlab-2.cs.colostate.edu_13864 9	53811.437988	148.982000	0.017000	0.000000	53811.437988	91059	1056	s	1357340788714.854004
planetlab6.csail.mit.edu_planetlab-2.cs.colostate.edu_13874 9	53845.564209	157.312000	0.017000	0.000000	53845.564209	91073	1056	s	1357340788749.141113
planetlab6.csail.mit.edu_planetlab-2.cs.colostate.edu_13890 9	53913.316162	217.739000	0.024000	0.000000	53913.316162	91074	1056	s	1357340788816.904053
planetlab6.csail.mit.edu_planetlab-2.cs.colostate.edu_13894 9	53953.235840	224.810000	0.016000	0.000000	53953.235840	91079	1056	s	1357340788856.879883
planetlab6.csail.mit.edu_planetlab-2.cs.colostate.edu_13896 9	53953.338867	226.813000	0.012000	0.000000	53953.338867	91075	1056	s	1357340788856.938965
planetlab6.csail.mit.edu_planetlab-2.cs.colostate.edu_13909 9	54081.130859	326.203000	0.018000	0.000000	54081.130859	91083	1056	s	1357340788984.826904
planetlab6.csail.mit.edu_planetlab-2.cs.colostate.edu_13911 9	54084.317871	324.972000	0.021000	0.000000	54084.317871	90834	1056	s	1357340788985.063965
planetlab6.csail.mit.edu_planetlab-2.cs.colostate.edu_13917 9	54134.364014	349.326000	0.019000	0.000000	54134.364014	91089	1056	s	1357340789038.127930
planetlab6.csail.mit.edu_planetlab-2.cs.colostate.edu_13919 9	54170.823975	393.136000	0.014000	0.000000	54170.823975	91088	1056	s	1357340789074.577881
planetlab6.csail.mit.edu_planetlab-2.cs.colostate.edu_13925 9	54227.326172	466.060000	0.025000	0.000000	54227.326172	91090	1056	s	1357340789131.102051
planetlab6.csail.mit.edu_planetlab-2.cs.colostate.edu_13928 9	54242.304932	470.351000	0.024000	0.000000	54242.304932	91091	1056	s	1357340789146.092041
planetlab6.csail.mit.edu_planetlab-2.cs.colostate.edu_13935 9	54285.258057	485.002000	0.038000	0.000000	54285.258057	91093	1056	s	1357340789189.068115
planetlab6.csail.mit.edu_planetlab-2.cs.colostate.edu_13937 9	54295.449951	504.748000	0.069000	0.000000	54295.449951	91095	1056	s	1357340789199.281982
planetlab6.csail.mit.edu_planetlab-2.cs.colostate.edu_13940 9	54297.440918	498.082000	0.027000	0.000000	54297.440918	91094	1056	s	1357340789201.261963
planetlab6.csail.mit.edu_planetlab-2.cs.colostate.edu_13945 9	54353.845215	523.775000	0.016000	0.000000	54353.845215	91097	1056	s	1357340789257.704102
planetlab6.csail.mit.edu_planetlab-2.cs.colostate.edu_13951 9	54353.895020	526.518000	0.014000	0.000000	54353.895020	91098	1056	s	1357340789257.766113
planetlab6.csail.mit.edu_planetlab-2.cs.colostate.edu_13947 9	54353.930908	517.916000	0.024000	0.000000	54353.930908	91099	1056	s	1357340789257.813965
planetlab6.csail.mit.edu_planetlab-2.cs.colostate.edu_13953 9	54359.629150	541.604000	0.780000	0.000000	54359.629150	91107	1056	s	1357340789263.601074
planetlab6.csail.mit.edu_planetlab-2.cs.colostate.edu_13960 9	54401.537109	565.876000	0.027000	0.000000	54401.537109	91103	1056	s	1357340789305.465088
planetlab6.csail.mit.edu_planetlab-2.cs.colostate.edu_13983 9	54509.541992	548.718000	0.020000	0.000000	54509.541992	91121	1056	s	1357340789413.683105
planetlab6.csail.mit.edu_planetlab-2.cs.colostate.edu_13987 9	54509.597900	536.981000	0.032000	0.000000	54509.597900	91122	1056	s	1357340789413.750000
planetlab6.csail.mit.edu_planetlab-2.cs.colostate.edu_13993 9	54509.624023	532.362000	0.025000	0.000000	54509.624023	91123	1056	s	1357340789413.790039
planetlab6.csail.mit.edu_planetlab-2.cs.colostate.edu_14000 9	54565.361084	567.225000	0.038000	0.000000	54565.361084	91127	1056	s	1357340789469.572998
planetlab6.csail.mit.edu_planetlab-2.cs.colostate.edu_13996 9	54565.379883	569.800000	0.026000	0.000000	54565.379883	91131	1056	s	1357340789469.636963
planetlab01.sys.virginia.edu_planetlab-2.cs.colostate.edu_1958 4	59207.112061	43558.668000	0.036000	0.000000	59207.112061	90618	2208	s	1357340794105.132080
planetlab01.sys.virginia.edu_planetlab-2.cs.colostate.edu_1960 4	59206.186035	43519.897000	0.047000	0.000000	59206.186035	90706	2208	s	1357340794105.225098
planetlab01.sys.virginia.edu_planetlab-2.cs.colostate.edu_1994 4	59731.458984	43663.973000	0.056000	0.000000	59731.458984	90905	2208	s	1357340794633.040039
planetlab01.sys.virginia.edu_planetlab-2.cs.colostate.edu_2067 4	61064.880127	44034.759000	0.037000	0.000000	61064.880127	90988	2208	s	1357340795967.443115
planetlab01.sys.virginia.edu_planetlab-2.cs.colostate.edu_2090 4	61368.062988	43827.515000	0.067000	0.000000	61368.062988	91014	2208	s	1357340796270.934082
planetlab2.millennium.berkeley.edu_planetlab-2.cs.colostate.edu_8914 4	63073.583984	42473.208000	0.064000	0.000000	63073.583984	90514	2048	s	1357340797970.402100
planetlab2.millennium.berkeley.edu_planetlab-2.cs.colostate.edu_8965 4	65948.794189	44937.538000	0.064000	0.000000	65948.794189	90599	2048	s	1357340800846.599121
planetlab-01.cs.princeton.edu_planetlab-2.cs.colostate.edu_5593 9	67077.990967	0.734000	0.173000	0.000000	67077.990967	90474	1088	s	1357340801974.351074
planetlab-01.cs.princeton.edu_planetlab-2.cs.colostate.edu_5595 9	67192.214111	0.444000	0.057000	0.000000	67192.214111	90496	1088	s	1357340802088.822021
planetlab-01.cs.princeton.edu_planetlab-2.cs.colostate.edu_5751 9	69109.337891	0.214000	0.015000	0.000000	69109.337891	91132	1088	s	1357340804013.605957
planetlab2.millennium.berkeley.edu_planetlab-2.cs.colostate.edu_9640 4	83499.822998	58374.547000	0.098000	0.000000	83499.822998	90993	2048	s	1357340818402.446045
planetlab1.georgetown.edu_planetlab-2.cs.colostate.edu_12497 9	166780.226807	0.213000	0.022000	0.000000	166780.226807	90422	576	s	1357340901675.941895
planetlab1.cs.unc.edu_planetlab-2.cs.colostate.edu_37129 4	172307.445068	14159.404000	0.039000	0.000000	172307.445068	90455	512	s	1357340907203.571045
aguila2.lsi.upc.edu_planetlab-2.cs.colostate.edu_1902 1	189691.494141	186922.577000	0.017000	0.000000	189691.494141	90527	384	s	1357340924588.465088
planetlab1.georgetown.edu_planetlab-2.cs.colostate.edu_12727 9	191202.697021	0.075000	0.031000	0.000000	191202.697021	90518	576	s	1357340926099.559082
planetlab3.williams.edu_planetlab-2.cs.colostate.edu_32554 9	193869.402100	0.220000	0.015000	0.000000	193869.402100	90490	544	s	1357340928765.945068
planetlab3.williams.edu_planetlab-2.cs.colostate.edu_32665 9	194328.701904	0.083000	0.014000	0.000000	194328.701904	90505	544	s	1357340929225.410889
planetlab3.williams.edu_planetlab-2.cs.colostate.edu_32737 9	194633.049072	19.092000	0.013000	0.000000	194633.049072	90513	544	s	1357340929529.852051
planetlab3.williams.edu_planetlab-2.cs.colostate.edu_32754 9	194709.345947	24.996000	0.012000	0.000000	194709.345947	90520	544	s	1357340929606.230957
planetlab3.williams.edu_planetlab-2.cs.colostate.edu_32761 9	194723.543945	17.371000	0.010000	0.000000	194723.543945	90521	544	s	1357340929620.439941
planetlab3.williams.edu_planetlab-2.cs.colostate.edu_32769 9	194766.258057	20.426000	0.013000	0.000000	194766.258057	90523	544	s	1357340929663.177002
planetlab1.georgetown.edu_planetlab-2.cs.colostate.edu_12811 9	194878.481934	0.066000	0.018000	0.000000	194878.481934	90534	576	s	1357340929775.531006
planetlab3.williams.edu_planetlab-2.cs.colostate.edu_32843 9	195019.316162	0.172000	0.013000	0.000000	195019.316162	90525	544	s	1357340929916.257080
planetlab1.georgetown.edu_planetlab-2.cs.colostate.edu_12921 9	202513.852051	0.036000	0.029000	0.000000	202513.852051	90546	576	s	1357340937411.040039
planetlab1.georgetown.edu_planetlab-2.cs.colostate.edu_12941 9	204139.735107	0.254000	0.030000	0.000000	204139.735107	90548	576	s	1357340939036.946045
planetlab1.georgetown.edu_planetlab-2.cs.colostate.edu_12943 9	204305.235107	0.192000	0.021000	0.000000	204305.235107	90550	576	s	1357340939202.468018
planetlab1.georgetown.edu_planetlab-2.cs.colostate.edu_12959 9	205751.239990	0.068000	0.023000	0.000000	205751.239990	90551	576	s	1357340940648.483887
planetlab3.williams.edu_planetlab-2.cs.colostate.edu_33398 9	206082.903076	0.112000	0.014000	0.000000	206082.903076	90553	544	s	1357340940980.173096
planetlab6.flux.utah.edu_planetlab-2.cs.colostate.edu_32573 9	206166.582031	0.159000	0.020000	0.000000	206166.582031	90405	160	s	1357340941060.934082
planetlab6.flux.utah.edu_planetlab-2.cs.colostate.edu_32593 9	206319.553955	0.443000	0.016000	0.000000	206319.553955	90406	160	s	1357340941214.134033
planetlab6.flux.utah.edu_planetlab-2.cs.colostate.edu_32662 9	206790.976074	0.060000	0.014000	0.000000	206790.976074	90411	160	s	1357340941685.614990
planetlab6.flux.utah.edu_planetlab-2.cs.colostate.edu_32674 9	206861.169922	22.517000	0.015000	0.000000	206861.169922	90407	160	s	1357340941755.762939
planetlab6.flux.utah.edu_planetlab-2.cs.colostate.edu_32710 9	207037.206055	0.118000	0.015000	0.000000	207037.206055	90409	160	s	1357340941931.822998
planetlab6.flux.utah.edu_planetlab-2.cs.colostate.edu_32726 9	207140.079102	0.120000	0.014000	0.000000	207140.079102	90410	160	s	1357340942034.708008
planetlab1.georgetown.edu_planetlab-2.cs.colostate.edu_12980 9	207981.188965	0.143000	0.027000	0.000000	207981.188965	90558	576	s	1357340942878.513916
planetlab6.flux.utah.edu_planetlab-2.cs.colostate.edu_33522 9	217360.160889	40.749000	0.022000	0.000000	217360.160889	90419	160	s	1357340952255.001953
planetlab6.flux.utah.edu_planetlab-2.cs.colostate.edu_33565 9	217613.237061	57.875000	0.016000	0.000000	217613.237061	90417	160	s	1357340952507.946045
planetlab6.flux.utah.edu_planetlab-2.cs.colostate.edu_33616 9	217843.484863	6.293000	0.015000	0.000000	217843.484863	90423	160	s	1357340952739.211914
planetlab6.flux.utah.edu_planetlab-2.cs.colostate.edu_33624 9	217955.153076	0.399000	0.015000	0.000000	217955.153076	90415	160	s	1357340952849.840088
planetlab6.flux.utah.edu_planetlab-2.cs.colostate.edu_33628 9	217982.402100	0.036000	0.028000	0.000000	217982.402100	90418	160	s	1357340952877.125000
planetlab6.flux.utah.edu_planetlab-2.cs.colostate.edu_33750 9	219567.119141	0.029000	0.026000	0.000000	219567.119141	90427	160	s	1357340954462.904053
planetlab3.williams.edu_planetlab-2.cs.colostate.edu_33549 9	222165.305176	0.147000	0.023000	0.000000	222165.305176	90585	544	s	1357340957062.944092
planetlab6.flux.utah.edu_planetlab-2.cs.colostate.edu_33850 9	222834.545898	0.095000	0.016000	0.000000	222834.545898	90435	160	s	1357340957730.431885
planetlab6.flux.utah.edu_planetlab-2.cs.colostate.edu_33947 9	224647.384033	0.323000	0.030000	0.000000	224647.384033	90454	160	s	1357340959543.499023
planetlab6.flux.utah.edu_planetlab-2.cs.colostate.edu_34031 9	226523.867920	0.155000	0.017000	0.000000	226523.867920	90465	160	s	1357340961420.114990
planetlab6.flux.utah.edu_planetlab-2.cs.colostate.edu_34052 9	227038.351074	0.219000	0.018000	0.000000	227038.351074	90466	160	s	1357340961934.611084
planetlab3.williams.edu_planetlab-2.cs.colostate.edu_33655 9	229278.295898	0.102000	0.025000	0.000000	229278.295898	90597	544	s	1357340964176.077881
planetlab6.flux.utah.edu_planetlab-2.cs.colostate.edu_34130 9	229380.077148	0.068000	0.017000	0.000000	229380.077148	90467	160	s	1357340964276.349121
planetlab6.flux.utah.edu_planetlab-2.cs.colostate.edu_34147 9	229638.422852	0.109000	0.015000	0.000000	229638.422852	90471	160	s	1357340964534.742920
planetlab6.flux.utah.edu_planetlab-2.cs.colostate.edu_34190 9	231015.635986	0.064000	0.018000	0.000000	231015.635986	90475	160	s	1357340965912.008057
planetlab6.flux.utah.edu_planetlab-2.cs.colostate.edu_34234 9	232664.381104	0.050000	0.019000	0.000000	232664.381104	90483	160	s	1357340967560.841064
mtuplanetlab2.cs.mtu.edu_planetlab-2.cs.colostate.edu_11468 4	233870.795898	0.109000	0.046000	0.000000	233870.795898	90603	800	s	1357340968768.645996
planetlab6.flux.utah.edu_planetlab-2.cs.colostate.edu_34326 9	235000.296143	0.258000	0.026000	0.000000	235000.296143	90499	160	s	1357340969896.936035
planetlab2.acis.ufl.edu_planetlab-2.cs.colostate.edu_8750 9	235416.364990	0.110000	0.018000	0.000000	235416.364990	90456	1152	s	1357340970312.501953
planetlab1.cs.umass.edu_planetlab-2.cs.colostate.edu_9169 4	235599.791016	0.113000	0.028000	0.000000	235599.791016	90670	1184	s	1357340970498.409912
planetlab1.cs.umass.edu_planetlab-2.cs.colostate.edu_9173 4	235629.364014	0.054000	0.028000	0.000000	235629.364014	90682	1184	s	1357340970528.128906
planetlab1.cs.umass.edu_planetlab-2.cs.colostate.edu_9175 4	235700.451904	0.035000	0.046000	0.000000	235700.451904	90684	1184	s	1357340970599.239014
planetlab1.cs.umass.edu_planetlab-2.cs.colostate.edu_9179 4	235810.405029	0.124000	0.044000	0.000000	235810.405029	90687	1184	s	1357340970709.228027
planetlab1.cs.umass.edu_planetlab-2.cs.colostate.edu_9194 4	236751.573975	0.083000	0.040000	0.000000	236751.573975	90750	1184	s	1357340971651.207031
planetlab2.cs.pitt.edu_planetlab-2.cs.colostate.edu_16066 4	236832.596924	0.093000	0.072000	0.000000	236832.596924	90512	176	s	1357340971729.389893
planetlab1.cs.umass.edu_planetlab-2.cs.colostate.edu_9199 4	237089.926025	0.194000	0.046000	0.000000	237089.926025	90814	1184	s	1357340971990.443115
planetlab1.cs.umass.edu_planetlab-2.cs.colostate.edu_9201 4	237200.746094	0.102000	0.043000	0.000000	237200.746094	90678	1184	s	1357340972099.458984
planetlab1.cs.umass.edu_planetlab-2.cs.colostate.edu_9203 4	237311.773926	0.172000	0.051000	0.000000	237311.773926	90686	1184	s	1357340972210.586914
planetlab1.cs.umass.edu_planetlab-2.cs.colostate.edu_9205 4	237518.748047	0.246000	0.041000	0.000000	237518.748047	90654	1184	s	1357340972417.183105
planetlab1.cs.umass.edu_planetlab-2.cs.colostate.edu_9207 4	237561.953857	0.138000	0.033000	0.000000	237561.953857	90942	1184	s	1357340972463.960938
planetlab1.cs.umass.edu_planetlab-2.cs.colostate.edu_9215 4	237941.402100	0.091000	0.030000	0.000000	237941.402100	91021	1184	s	1357340972844.354980
planetlab6.flux.utah.edu_planetlab-2.cs.colostate.edu_34398 9	240879.001953	0.222000	0.017000	0.000000	240879.001953	90529	160	s	1357340975775.997070
planetlab6.flux.utah.edu_planetlab-2.cs.colostate.edu_34401 9	240976.912109	0.030000	0.017000	0.000000	240976.912109	90530	160	s	1357340975873.916992
planetlab6.flux.utah.edu_planetlab-2.cs.colostate.edu_34403 9	241039.056885	0.064000	0.018000	0.000000	241039.056885	90531	160	s	1357340975936.072998
planetlab6.flux.utah.edu_planetlab-2.cs.colostate.edu_34424 9	242123.876953	0.067000	0.018000	0.000000	242123.876953	90535	160	s	1357340977020.937012
planetlab6.flux.utah.edu_planetlab-2.cs.colostate.edu_34456 9	242824.861084	0.478000	0.019000	0.000000	242824.861084	90539	160	s	1357340977721.968018
planetlab1.georgetown.edu_planetlab-2.cs.colostate.edu_13168 9	245542.419922	0.162000	0.031000	0.000000	245542.419922	90614	576	s	1357340980440.395996
planetlab6.flux.utah.edu_planetlab-2.cs.colostate.edu_34506 9	246621.662109	0.029000	0.016000	0.000000	246621.662109	90547	160	s	1357340981518.862061
planetlab6.flux.utah.edu_planetlab-2.cs.colostate.edu_34610 9	251859.685059	0.039000	0.019000	0.000000	251859.685059	90556	160	s	1357340986756.989014
planetlab6.flux.utah.edu_planetlab-2.cs.colostate.edu_34662 9	253772.077881	0.053000	0.020000	0.000000	253772.077881	90569	160	s	1357340988669.534912
planetlab-1.cs.colostate.edu_planetlab-2.cs.colostate.edu_9084 4	256800.215820	0.072000	0.042000	0.000000	256800.215820	90632	672	s	1357340991698.398926
planetlab3.williams.edu_planetlab-2.cs.colostate.edu_33832 9	259081.144043	0.028000	0.019000	0.000000	259081.144043	90639	544	s	1357340993979.408936
planetlab3.williams.edu_planetlab-2.cs.colostate.edu_33835 9	259198.875977	0.028000	0.021000	0.000000	259198.875977	90641	544	s	1357340994097.163086
planetlab6.flux.utah.edu_planetlab-2.cs.colostate.edu_34873 9	262923.750000	0.033000	0.028000	0.000000	262923.750000	90595	160	s	1357340997821.510986
planetlab3.williams.edu_planetlab-2.cs.colostate.edu_33909 9	266453.914062	0.033000	0.021000	0.000000	266453.914062	90657	544	s	1357341001352.382080
planetlab3.williams.edu_planetlab-2.cs.colostate.edu_34016 9	270293.248047	0.034000	0.026000	0.000000	270293.248047	90672	544	s	1357341005191.893066
planetlab3.williams.edu_planetlab-2.cs.colostate.edu_34022 9	270639.868896	0.037000	0.016000	0.000000	270639.868896	90673	544	s	1357341005538.525879
planetlab3.williams.edu_planetlab-2.cs.colostate.edu_34033 9	271126.101074	0.037000	0.020000	0.000000	271126.101074	90675	544	s	1357341006024.780029
planetlab3.williams.edu_planetlab-2.cs.colostate.edu_34039 9	271440.998047	0.112000	0.022000	0.000000	271440.998047	90677	544	s	1357341006339.699951
ricepl-2.cs.rice.edu_planetlab-2.cs.colostate.edu_32255 2	272053.948975	16073.390000	0.037000	0.000000	272053.948975	90629	128	s	1357341006952.097900
planetlab3.williams.edu_planetlab-2.cs.colostate.edu_34097 9	273328.660156	0.183000	0.020000	0.000000	273328.660156	90681	544	s	1357341008227.413086
mtuplanetlab2.cs.mtu.edu_planetlab-2.cs.colostate.edu_11577 4	275770.788086	0.038000	0.050000	0.000000	275770.788086	90691	800	s	1357341010669.656982
planetlab6.flux.utah.edu_planetlab-2.cs.colostate.edu_35218 9	280296.507080	0.076000	0.026000	0.000000	280296.507080	90659	160	s	1357341015195.000977
planetlab3.williams.edu_planetlab-2.cs.colostate.edu_34171 9	280983.604980	0.262000	0.022000	0.000000	280983.604980	90710	544	s	1357341015882.687988
ricepl-2.cs.rice.edu_planetlab-2.cs.colostate.edu_34713 2	287474.848145	12612.482000	0.045000	0.000000	287474.848145	90689	128	s	1357341022373.695068
ricepl-2.cs.rice.edu_planetlab-2.cs.colostate.edu_34763 2	287921.776123	12424.666000	0.046000	0.000000	287921.776123	90692	128	s	1357341022820.656006
ricepl-2.cs.rice.edu_planetlab-2.cs.colostate.edu_34774 2	288001.276855	12387.217000	0.044000	0.000000	288001.276855	90693	128	s	1357341022900.167969
ricepl-2.cs.rice.edu_planetlab-2.cs.colostate.edu_34814 2	288267.091797	12171.769000	0.048000	0.000000	288267.091797	90695	128	s	1357341023166.004883
ricepl-2.cs.rice.edu_planetlab-2.cs.colostate.edu_34909 2	289222.729004	11298.791000	0.051000	0.000000	289222.729004	90701	128	s	1357341024121.711914
planetlab-2.cs.uh.edu_planetlab-2.cs.colostate.edu_6845 5	292668.374023	0.963000	0.070000	0.000000	292668.374023	90732	864	s	1357341027567.800049
ricepl-2.cs.rice.edu_planetlab-2.cs.colostate.edu_35393 2	293613.059082	10499.965000	0.049000	0.000000	293613.059082	90709	128	s	1357341028512.131104
ricepl-2.cs.rice.edu_planetlab-2.cs.colostate.edu_35562 2	294746.296875	5418.719000	0.033000	0.000000	294746.296875	90725	128	s	1357341029645.638916
planetlab3.williams.edu_planetlab-2.cs.colostate.edu_34269 9	295363.471191	0.041000	0.024000	0.000000	295363.471191	90737	544	s	1357341030262.955078
planetlab3.williams.edu_planetlab-2.cs.colostate.edu_34301 9	300201.533203	0.024000	0.022000	0.000000	300201.533203	90746	544	s	1357341035101.121094
planetlab2.umassd.edu_planetlab-2.cs.colostate.edu_70058 3	306253.414062	99989.051000	0.099000	0.000000	306253.414062	90408	0	s	1357341041148.019043
planetlab6.flux.utah.edu_planetlab-2.cs.colostate.edu_35995 9	307487.271973	0.025000	0.018000	0.000000	307487.271973	90763	160	s	1357341042387.188965
planetlab2.cs.pitt.edu_planetlab-2.cs.colostate.edu_17426 4	309353.884033	0.055000	0.067000	0.000000	309353.884033	90768	176	s	1357341044253.861084
planetlab-1.cs.colostate.edu_planetlab-2.cs.colostate.edu_9191 4	311541.294189	0.218000	0.047000	0.000000	311541.294189	90775	672	s	1357341046441.351074
planetlab2.umassd.edu_planetlab-2.cs.colostate.edu_73288 3	315154.554932	95988.855000	0.060000	0.000000	315154.554932	90430	0	s	1357341050050.375000
planetlab1.cs.uoregon.edu_planetlab-2.cs.colostate.edu_18729 4	316926.193848	0.321000	0.061000	0.000000	316926.193848	90788	224	s	1357341051826.410889
planetlab2.umassd.edu_planetlab-2.cs.colostate.edu_74336 3	318691.083984	95098.251000	0.053000	0.000000	318691.083984	90443	0	s	1357341053587.063965
planetlab3.williams.edu_planetlab-2.cs.colostate.edu_34715 9	323785.695068	0.165000	0.032000	0.000000	323785.695068	90801	544	s	1357341058686.061035
planetlab3.williams.edu_planetlab-2.cs.colostate.edu_34721 9	327636.895996	0.090000	0.019000	0.000000	327636.895996	90812	544	s	1357341062537.389893
planetlab2.umassd.edu_planetlab-2.cs.colostate.edu_76966 3	329207.116943	94321.481000	0.027000	0.000000	329207.116943	90504	0	s	1357341064103.814941
planetlab3.williams.edu_planetlab-2.cs.colostate.edu_34735 9	332042.197021	0.055000	0.019000	0.000000	332042.197021	90825	544	s	1357341066942.840088
ricepl-2.cs.rice.edu_planetlab-2.cs.colostate.edu_36923 2	333481.015869	0.035000	0.047000	0.000000	333481.015869	90821	128	s	1357341068381.614990
planetlab1.georgetown.edu_planetlab-2.cs.colostate.edu_13641 5	335728.126953	0.078000	0.051000	0.000000	335728.126953	90832	576	s	1357341070628.852051
planetlab2.umassd.edu_planetlab-2.cs.colostate.edu_78282 3	336009.739990	95651.945000	0.058000	0.000000	336009.739990	90528	0	s	1357341070906.721924
planetlab2.umassd.edu_planetlab-2.cs.colostate.edu_78428 3	336795.084961	94831.154000	0.106000	0.000000	336795.084961	90537	0	s	1357341071692.166992
planetlab2.umassd.edu_planetlab-2.cs.colostate.edu_78443 3	336853.358887	94883.163000	0.021000	0.000000	336853.358887	90536	0	s	1357341071750.430908
planetlab2.umassd.edu_planetlab-2.cs.colostate.edu_78445 3	336862.787109	94886.620000	0.022000	0.000000	336862.787109	90538	0	s	1357341071759.881104
planetlab2.umassd.edu_planetlab-2.cs.colostate.edu_78656 3	337804.208008	94641.225000	0.022000	0.000000	337804.208008	90540	0	s	1357341072701.326904
planetlab2.umassd.edu_planetlab-2.cs.colostate.edu_79366 3	341305.312012	94092.891000	0.021000	0.000000	341305.312012	90552	0	s	1357341076202.569092
planetlab-1.cs.colostate.edu_planetlab-2.cs.colostate.edu_9214 4	342885.454102	0.157000	0.047000	0.000000	342885.454102	90850	672	s	1357341077786.385986
planetlab3.williams.edu_planetlab-2.cs.colostate.edu_34760 9	343701.444824	0.042000	0.016000	0.000000	343701.444824	90853	544	s	1357341078602.409912
planetlab1.cs.unc.edu_planetlab-2.cs.colostate.edu_45234 4	348620.270020	0.484000	0.073000	0.000000	348620.270020	90879	512	s	1357341083521.548096
planetlab2.umassd.edu_planetlab-2.cs.colostate.edu_81264 3	350288.867920	93787.830000	0.029000	0.000000	350288.867920	90580	0	s	1357341085186.452881
planetlab6.flux.utah.edu_planetlab-2.cs.colostate.edu_36590 9	351028.385010	0.372000	0.028000	0.000000	351028.385010	90883	160	s	1357341085929.708984
planetlab3.williams.edu_planetlab-2.cs.colostate.edu_34764 9	352702.861816	0.066000	0.019000	0.000000	352702.861816	90887	544	s	1357341087604.233887
planetlab3.williams.edu_planetlab-2.cs.colostate.edu_34768 9	353436.116943	0.184000	0.017000	0.000000	353436.116943	90891	544	s	1357341088337.533936
planetlab3.williams.edu_planetlab-2.cs.colostate.edu_34775 9	355094.913086	0.083000	0.016000	0.000000	355094.913086	90893	544	s	1357341089996.353027
planetlab3.williams.edu_planetlab-2.cs.colostate.edu_34777 9	355167.986084	0.022000	0.011000	0.000000	355167.986084	90894	544	s	1357341090069.437012
planetlab3.williams.edu_planetlab-2.cs.colostate.edu_34780 9	355292.258057	0.026000	0.027000	0.000000	355292.258057	90895	544	s	1357341090193.720947
planetlab2.umassd.edu_planetlab-2.cs.colostate.edu_83348 3	359657.302002	94247.275000	0.023000	0.000000	359657.302002	90600	0	s	1357341094555.117920
planetlab3.williams.edu_planetlab-2.cs.colostate.edu_34785 9	364625.074951	0.065000	0.016000	0.000000	364625.074951	90911	544	s	1357341099526.727051
planetlab6.flux.utah.edu_planetlab-2.cs.colostate.edu_36862 9	366275.249023	0.142000	0.029000	0.000000	366275.249023	90913	160	s	1357341101176.924072
planetlab6.flux.utah.edu_planetlab-2.cs.colostate.edu_36868 9	368247.729004	0.068000	0.018000	0.000000	368247.729004	90915	160	s	1357341103149.425049
planetlab6.flux.utah.edu_planetlab-2.cs.colostate.edu_36877 9	371209.326904	0.520000	0.029000	0.000000	371209.326904	90923	160	s	1357341106111.114990
planetlab6.flux.utah.edu_planetlab-2.cs.colostate.edu_36884 9	372478.518066	0.160000	0.020000	0.000000	372478.518066	90919	160	s	1357341107380.259033
planetlab3.williams.edu_planetlab-2.cs.colostate.edu_34791 9	373326.375000	0.089000	0.016000	0.000000	373326.375000	90927	544	s	1357341108228.208984
planetlab3.williams.edu_planetlab-2.cs.colostate.edu_34793 9	373411.460938	0.121000	0.018000	0.000000	373411.460938	90929	544	s	1357341108313.316895
planetlab2.umassd.edu_planetlab-2.cs.colostate.edu_86738 3	374587.312012	93516.415000	0.021000	0.000000	374587.312012	90664	0	s	1357341109485.862061
planetlab6.flux.utah.edu_planetlab-2.cs.colostate.edu_36891 9	374779.223145	0.313000	0.032000	0.000000	374779.223145	90931	160	s	1357341109681.102051
planetlab6.flux.utah.edu_planetlab-2.cs.colostate.edu_36896 9	375973.168945	0.034000	0.018000	0.000000	375973.168945	90914	160	s	1357341110874.854980
planetlab3.williams.edu_planetlab-2.cs.colostate.edu_34842 9	376302.659180	0.060000	0.027000	0.000000	376302.659180	90938	544	s	1357341111204.621094
ricepl-2.cs.rice.edu_planetlab-2.cs.colostate.edu_37681 2	382575.968018	0.146000	0.059000	0.000000	382575.968018	90949	128	s	1357341117478.058105
planetlab4.wail.wisc.edu_planetlab-2.cs.colostate.edu_36479 5	383460.117920	0.067000	0.051000	0.000000	383460.117920	90441	96	s	1357341118356.074951
planetlab-03.cs.princeton.edu_planetlab-2.cs.colostate.edu_6105 6	383599.449219	1.316000	0.127000	0.000000	383599.449219	90450	112	s	1357341118495.516113
flow.colgate.edu_planetlab-2.cs.colostate.edu_41761 4	383718.202148	61595.600000	0.037000	0.000000	383718.202148	90468	64	s	1357341118614.487061
planetlab4.wail.wisc.edu_planetlab-2.cs.colostate.edu_36529 5	387834.665039	0.038000	0.054000	0.000000	387834.665039	90593	96	s	1357341122732.395996
planetlab3.williams.edu_planetlab-2.cs.colostate.edu_34846 9	388011.058105	0.113000	0.020000	0.000000	388011.058105	90959	544	s	1357341122913.280029
planetlab3.williams.edu_planetlab-2.cs.colostate.edu_34850 9	390018.111084	0.026000	0.020000	0.000000	390018.111084	90970	544	s	1357341124920.464111
flow.colgate.edu_planetlab-2.cs.colostate.edu_43128 4	390511.065918	26318.051000	0.029000	0.000000	390511.065918	90619	64	s	1357341125409.097900
planetlab4.wail.wisc.edu_planetlab-2.cs.colostate.edu_36543 5	390798.177002	0.178000	0.042000	0.000000	390798.177002	90624	96	s	1357341125696.267090
planetlab6.flux.utah.edu_planetlab-2.cs.colostate.edu_37057 9	391514.248047	0.549000	0.030000	0.000000	391514.248047	90975	160	s	1357341126416.656982
planetlab4.wail.wisc.edu_planetlab-2.cs.colostate.edu_36557 5	391669.675049	0.088000	0.043000	0.000000	391669.675049	90627	96	s	1357341126567.800049
planetlab6.flux.utah.edu_planetlab-2.cs.colostate.edu_37081 9	392474.270020	0.041000	0.026000	0.000000	392474.270020	90979	160	s	1357341127376.728027
planetlab4.wail.wisc.edu_planetlab-2.cs.colostate.edu_36559 5	392766.564209	0.042000	0.042000	0.000000	392766.564209	90630	96	s	1357341127664.724121
planetlab2.umassd.edu_planetlab-2.cs.colostate.edu_91258 3	392810.850830	89429.804000	0.025000	0.000000	392810.850830	90748	0	s	1357341127710.461914
planetlab4.wail.wisc.edu_planetlab-2.cs.colostate.edu_36562 5	393048.925049	0.517000	0.144000	0.000000	393048.925049	90626	96	s	1357341127947.039062
planetlab4.wail.wisc.edu_planetlab-2.cs.colostate.edu_36568 5	393270.312012	0.390000	0.044000	0.000000	393270.312012	90634	96	s	1357341128168.521973
planetlab4.wail.wisc.edu_planetlab-2.cs.colostate.edu_36576 5	393555.277832	0.031000	0.032000	0.000000	393555.277832	90642	96	s	1357341128453.575928
planetlab3.williams.edu_planetlab-2.cs.colostate.edu_34858 9	394229.669922	0.274000	0.017000	0.000000	394229.669922	90981	544	s	1357341129132.149902
planetlab2.umassd.edu_planetlab-2.cs.colostate.edu_92243 3	396744.009033	89922.533000	0.023000	0.000000	396744.009033	90760	0	s	1357341131643.893066
planetlab3.williams.edu_planetlab-2.cs.colostate.edu_34863 9	397853.926025	0.028000	0.024000	0.000000	397853.926025	90986	544	s	1357341132756.465088
planetlab1.cs.uoregon.edu_planetlab-2.cs.colostate.edu_19031 4	398584.161865	0.106000	0.062000	0.000000	398584.161865	90992	224	s	1357341133486.773926
planetlab4.wail.wisc.edu_planetlab-2.cs.colostate.edu_36702 5	398693.223877	0.033000	0.043000	0.000000	398693.223877	90653	96	s	1357341133591.648926
planetlab4.wail.wisc.edu_planetlab-2.cs.colostate.edu_36704 5	398938.982178	0.144000	0.045000	0.000000	398938.982178	90658	96	s	1357341133837.464111
planetlab3.williams.edu_planetlab-2.cs.colostate.edu_34867 9	398991.296875	0.046000	0.018000	0.000000	398991.296875	90994	544	s	1357341133893.931885
planetlab3.williams.edu_planetlab-2.cs.colostate.edu_34871 9	399490.332031	0.036000	0.018000	0.000000	399490.332031	91000	544	s	1357341134393.034912
planetlab3.williams.edu_planetlab-2.cs.colostate.edu_34876 9	400505.462891	0.146000	0.015000	0.000000	400505.462891	91002	544	s	1357341135408.187012
planetlab2.umassd.edu_planetlab-2.cs.colostate.edu_93186 3	400554.578125	89189.578000	0.046000	0.000000	400554.578125	90774	0	s	1357341135454.623047
planetlab3.williams.edu_planetlab-2.cs.colostate.edu_34880 9	401040.524902	0.164000	0.015000	0.000000	401040.524902	91003	544	s	1357341135943.260986
planetlab3.williams.edu_planetlab-2.cs.colostate.edu_34884 9	401455.238037	0.142000	0.015000	0.000000	401455.238037	91006	544	s	1357341136358.019043
planetlab4.wail.wisc.edu_planetlab-2.cs.colostate.edu_36740 5	402082.998779	0.034000	0.034000	0.000000	402082.998779	90679	96	s	1357341136981.722900
planetlab3.williams.edu_planetlab-2.cs.colostate.edu_34889 9	402515.270996	0.272000	0.019000	0.000000	402515.270996	91010	544	s	1357341137418.095947
planetlab4.wail.wisc.edu_planetlab-2.cs.colostate.edu_36742 5	402766.767090	0.169000	0.044000	0.000000	402766.767090	90690	96	s	1357341137665.624023
planetlab2.umassd.edu_planetlab-2.cs.colostate.edu_93773 3	402782.307861	88126.057000	0.017000	0.000000	402782.307861	90784	0	s	1357341137682.479980
planetlab4.wail.wisc.edu_planetlab-2.cs.colostate.edu_36746 5	403962.239990	0.036000	0.043000	0.000000	403962.239990	90697	96	s	1357341138861.175049
planetlab3.williams.edu_planetlab-2.cs.colostate.edu_34893 9	406237.225830	0.223000	0.016000	0.000000	406237.225830	91023	544	s	1357341141140.200928
planetlab4.wail.wisc.edu_planetlab-2.cs.colostate.edu_36748 5	406475.274902	0.144000	0.051000	0.000000	406475.274902	90711	96	s	1357341141374.368896
planetlab2.umassd.edu_planetlab-2.cs.colostate.edu_94641 3	406586.597168	87280.629000	0.052000	0.000000	406586.597168	90792	0	s	1357341141486.862061
planetlab4.wail.wisc.edu_planetlab-2.cs.colostate.edu_36751 5	407608.125000	0.039000	0.050000	0.000000	407608.125000	90727	96	s	1357341142507.492920
planetlab2.umassd.edu_planetlab-2.cs.colostate.edu_94904 3	407655.785889	87697.791000	0.022000	0.000000	407655.785889	90793	0	s	1357341142556.062988
planetlab2.umassd.edu_planetlab-2.cs.colostate.edu_94961 3	407857.267822	87546.164000	0.021000	0.000000	407857.267822	90794	0	s	1357341142757.555908
planetlab2.umassd.edu_planetlab-2.cs.colostate.edu_94986 3	407952.431885	87450.630000	0.029000	0.000000	407952.431885	90796	0	s	1357341142852.742920
planetlab1.cs.uoregon.edu_planetlab-2.cs.colostate.edu_19072 4	408347.997070	0.364000	0.061000	0.000000	408347.997070	91034	224	s	1357341143251.100098
planetlab3.williams.edu_planetlab-2.cs.colostate.edu_34900 9	408507.163086	0.028000	0.035000	0.000000	408507.163086	91033	544	s	1357341143410.256104
planetlab1.cs.uiuc.edu_planetlab-2.cs.colostate.edu_70127 3	409752.364014	180745.167000	0.089000	0.000000	409752.364014	90470	32	s	1357341144648.673096
planetlab3.williams.edu_planetlab-2.cs.colostate.edu_34904 9	410610.319092	0.029000	0.017000	0.000000	410610.319092	91045	544	s	1357341145513.572021
planetlab6.flux.utah.edu_planetlab-2.cs.colostate.edu_37389 9	411312.102051	0.522000	0.029000	0.000000	411312.102051	91043	160	s	1357341146215.332031
planetlab4.wail.wisc.edu_planetlab-2.cs.colostate.edu_36864 5	412549.822998	0.043000	0.061000	0.000000	412549.822998	90739	96	s	1357341147449.333008
planetlab4.wail.wisc.edu_planetlab-2.cs.colostate.edu_36866 5	412721.896973	0.189000	0.049000	0.000000	412721.896973	90741	96	s	1357341147621.428955
planetlab4.wail.wisc.edu_planetlab-2.cs.colostate.edu_36870 5	413071.697021	0.098000	0.050000	0.000000	413071.697021	90743	96	s	1357341147971.251953
planetlab2.umassd.edu_planetlab-2.cs.colostate.edu_96185 3	413162.762939	85558.382000	0.023000	0.000000	413162.762939	90808	0	s	1357341148063.211914
planetlab4.wail.wisc.edu_planetlab-2.cs.colostate.edu_36903 5	414301.071045	0.170000	0.055000	0.000000	414301.071045	90742	96	s	1357341149200.614990
planetlab4.wail.wisc.edu_planetlab-2.cs.colostate.edu_36945 5	418674.832031	0.037000	0.044000	0.000000	418674.832031	90751	96	s	1357341153574.477051
planetlab1.georgetown.edu_planetlab-2.cs.colostate.edu_13657 9	418929.925049	0.147000	0.036000	0.000000	418929.925049	91062	576	s	1357341153833.374023
planetlab4.wail.wisc.edu_planetlab-2.cs.colostate.edu_36947 5	419140.268066	0.404000	0.051000	0.000000	419140.268066	90754	96	s	1357341154040.053955
planetlab4.wail.wisc.edu_planetlab-2.cs.colostate.edu_36949 5	419244.586914	0.091000	0.042000	0.000000	419244.586914	90765	96	s	1357341154144.525879
planetlab6.flux.utah.edu_planetlab-2.cs.colostate.edu_37513 9	421662.538086	0.309000	0.033000	0.000000	421662.538086	91072	160	s	1357341156566.104004
planetlab6.flux.utah.edu_planetlab-2.cs.colostate.edu_37516 9	421863.662109	0.035000	0.025000	0.000000	421863.662109	91061	160	s	1357341156767.101074
planetlab4.wail.wisc.edu_planetlab-2.cs.colostate.edu_36951 5	422262.195068	0.039000	0.046000	0.000000	422262.195068	90773	96	s	1357341157162.229980
planetlab3.williams.edu_planetlab-2.cs.colostate.edu_34909 9	422901.859863	0.027000	0.016000	0.000000	422901.859863	91077	544	s	1357341157805.481934
earth.cs.brown.edu_planetlab-2.cs.colostate.edu_23354 9	422943.067871	0.147000	0.019000	0.000000	422943.067871	90837	48	s	1357341157843.847900
planetlab4.wail.wisc.edu_planetlab-2.cs.colostate.edu_36953 5	423812.422119	0.091000	0.052000	0.000000	423812.422119	90781	96	s	1357341158712.560059
planetlab4.wail.wisc.edu_planetlab-2.cs.colostate.edu_36955 5	424182.966797	0.096000	0.043000	0.000000	424182.966797	90777	96	s	1357341159083.045898
planetlab4.wail.wisc.edu_planetlab-2.cs.colostate.edu_36957 5	424224.947021	0.130000	0.043000	0.000000	424224.947021	90783	96	s	1357341159125.106934
planetlab4.wail.wisc.edu_planetlab-2.cs.colostate.edu_36959 5	424378.163086	0.261000	0.043000	0.000000	424378.163086	90780	96	s	1357341159278.288086
planetlab2.umassd.edu_planetlab-2.cs.colostate.edu_99130 3	426655.656982	83641.925000	0.063000	0.000000	426655.656982	90851	0	s	1357341161556.600098
planetlab4.wail.wisc.edu_planetlab-2.cs.colostate.edu_36965 5	428392.427002	0.108000	0.043000	0.000000	428392.427002	90813	96	s	1357341163292.931885
planetlab2.umassd.edu_planetlab-2.cs.colostate.edu_99553 3	428678.168945	83760.494000	0.079000	0.000000	428678.168945	90856	0	s	1357341163579.168945
planetlab4.wail.wisc.edu_planetlab-2.cs.colostate.edu_36985 5	430723.446045	0.148000	0.056000	0.000000	430723.446045	90845	96	s	1357341165624.320068
planetlab1.cs.uiuc.edu_planetlab-2.cs.colostate.edu_77054 3	431461.731934	136507.739000	0.072000	0.000000	431461.731934	90726	32	s	1357341166361.086914
planetlab-1.cs.colostate.edu_planetlab-2.cs.colostate.edu_9454 4	431757.877930	0.071000	0.051000	0.000000	431757.877930	91100	672	s	1357341166661.771973
planetlab3.williams.edu_planetlab-2.cs.colostate.edu_34919 9	432802.999023	0.040000	0.019000	0.000000	432802.999023	91105	544	s	1357341167706.948975
planetlab4.wail.wisc.edu_planetlab-2.cs.colostate.edu_36987 5	432894.297119	0.045000	0.054000	0.000000	432894.297119	90849	96	s	1357341167795.217041
planetlab3.williams.edu_planetlab-2.cs.colostate.edu_34922 9	432968.827148	0.197000	0.016000	0.000000	432968.827148	91108	544	s	1357341167872.810059
planetlab4.wail.wisc.edu_planetlab-2.cs.colostate.edu_36989 5	433322.218018	0.048000	0.062000	0.000000	433322.218018	90871	96	s	1357341168223.406006
planetlab-03.cs.princeton.edu_planetlab-2.cs.colostate.edu_6199 6	433433.487061	2.020000	0.062000	0.000000	433433.487061	90874	112	s	1357341168334.709961
planetlab3.williams.edu_planetlab-2.cs.colostate.edu_34926 9	433457.755859	0.022000	0.013000	0.000000	433457.755859	91109	544	s	1357341168361.750977
planetlab3.williams.edu_planetlab-2.cs.colostate.edu_34936 9	434687.297119	0.025000	0.016000	0.000000	434687.297119	91111	544	s	1357341169591.319092
planetlab1.cs.uoregon.edu_planetlab-2.cs.colostate.edu_19110 4	435533.293945	0.531000	0.068000	0.000000	435533.293945	91119	224	s	1357341170437.410889
planetlab3.williams.edu_planetlab-2.cs.colostate.edu_34941 9	435589.717041	0.026000	0.015000	0.000000	435589.717041	91117	544	s	1357341170493.804932
planetlab4.wail.wisc.edu_planetlab-2.cs.colostate.edu_36994 5	435804.764893	0.114000	0.052000	0.000000	435804.764893	90882	96	s	1357341170706.076904
planetlab1.cs.uiuc.edu_planetlab-2.cs.colostate.edu_78945 4	436011.885986	120876.031000	0.085000	0.000000	436011.885986	90426	32	s	1357341170907.658936
planetlab1.cs.uiuc.edu_planetlab-2.cs.colostate.edu_79087 4	436427.024902	118066.188000	0.112000	0.000000	436427.024902	90442	32	s	1357341171322.993896
planetlab1.cs.uiuc.edu_planetlab-2.cs.colostate.edu_79090 4	436434.843994	117879.849000	0.064000	0.000000	436434.843994	90438	32	s	1357341171330.767090
planetlab1.cs.uiuc.edu_planetlab-2.cs.colostate.edu_79094 4	436443.946045	117701.624000	0.068000	0.000000	436443.946045	90444	32	s	1357341171339.937988
planetlab1.cs.uiuc.edu_planetlab-2.cs.colostate.edu_79096 4	436444.022949	117673.328000	0.066000	0.000000	436444.022949	90447	32	s	1357341171340.053955
planetlab1.cs.uiuc.edu_planetlab-2.cs.colostate.edu_79099 4	436457.650146	117604.145000	0.078000	0.000000	436457.650146	90449	32	s	1357341171353.705078
planetlab1.cs.uiuc.edu_planetlab-2.cs.colostate.edu_79104 4	436475.782959	117558.877000	0.075000	0.000000	436475.782959	90446	32	s	1357341171371.802979
planetlab2.umassd.edu_planetlab-2.cs.colostate.edu_101200 3	436516.763916	83936.396000	0.060000	0.000000	436516.763916	90888	0	s	1357341171418.146973
planetlab1.cs.uiuc.edu_planetlab-2.cs.colostate.edu_79134 4	436568.623047	117148.120000	0.066000	0.000000	436568.623047	90458	32	s	1357341171464.783936
planetlab1.cs.uiuc.edu_planetlab-2.cs.colostate.edu_79183 4	436737.669189	116537.448000	0.054000	0.000000	436737.669189	90462	32	s	1357341171633.881104
planetlab4.wail.wisc.edu_planetlab-2.cs.colostate.edu_36997 5	436761.517090	0.088000	0.056000	0.000000	436761.517090	90889	96	s	1357341171662.912109
planetlab1.cs.uiuc.edu_planetlab-2.cs.colostate.edu_79271 4	437032.133057	113423.333000	0.071000	0.000000	437032.133057	90478	32	s	1357341171928.540039
planetlab1.cs.uiuc.edu_planetlab-2.cs.colostate.edu_79321 4	437272.125977	112007.603000	0.067000	0.000000	437272.125977	90480	32	s	1357341172168.553955
planetlab1.cs.uiuc.edu_planetlab-2.cs.colostate.edu_79440 4	437676.098145	109630.593000	0.077000	0.000000	437676.098145	90497	32	s	1357341172572.717041
planetlab1.cs.uiuc.edu_planetlab-2.cs.colostate.edu_79453 4	437713.990967	109071.421000	0.093000	0.000000	437713.990967	90500	32	s	1357341172610.645020
planetlab1.cs.uiuc.edu_planetlab-2.cs.colostate.edu_79472 4	437776.989990	108805.406000	0.044000	0.000000	437776.989990	90501	32	s	1357341172673.655029
planetlab1.cs.uiuc.edu_planetlab-2.cs.colostate.edu_79481 4	437798.722900	108706.993000	0.074000	0.000000	437798.722900	90503	32	s	1357341172695.410889
planetlab1.cs.uiuc.edu_planetlab-2.cs.colostate.edu_79482 4	437805.638916	108713.265000	0.025000	0.000000	437805.638916	90502	32	s	1357341172702.315918
planetlab1.cs.uiuc.edu_planetlab-2.cs.colostate.edu_79492 4	437836.706055	108344.043000	0.172000	0.000000	437836.706055	90506	32	s	1357341172733.426025
planetlab1.cs.uiuc.edu_planetlab-2.cs.colostate.edu_79495 4	437841.208984	108245.239000	0.158000	0.000000	437841.208984	90508	32	s	1357341172737.958008
planetlab1.cs.uiuc.edu_planetlab-2.cs.colostate.edu_79500 4	437855.777100	108155.104000	0.075000	0.000000	437855.777100	90509	32	s	1357341172752.537109
planetlab1.cs.uiuc.edu_planetlab-2.cs.colostate.edu_79524 4	437929.233887	107911.913000	0.036000	0.000000	437929.233887	90510	32	s	1357341172826.003906
planetlab1.cs.uiuc.edu_planetlab-2.cs.colostate.edu_79563 4	438086.454834	105661.741000	0.131000	0.000000	438086.454834	90517	32	s	1357341172983.305908
planetlab1.cs.uiuc.edu_planetlab-2.cs.colostate.edu_79589 4	438175.232910	104560.599000	0.079000	0.000000	438175.232910	90522	32	s	1357341173072.138916
planetlab3.williams.edu_planetlab-2.cs.colostate.edu_34945 9	438261.268066	0.027000	0.017000	0.000000	438261.268066	91125	544	s	1357341173165.457031
planetlab6.cs.duke.edu_planetlab-2.cs.colostate.edu_19432 9	438344.288086	0.150000	0.034000	0.000000	438344.288086	91126	144	s	1357341173248.489014
planetlab1.cs.uiuc.edu_planetlab-2.cs.colostate.edu_79691 4	438502.353027	103293.476000	0.065000	0.000000	438502.353027	90511	32	s	1357341173399.135010
planetlab1.cs.uiuc.edu_planetlab-2.cs.colostate.edu_79747 4	438699.458984	102744.154000	0.068000	0.000000	438699.458984	90526	32	s	1357341173596.419922
planetlab1.cs.uiuc.edu_planetlab-2.cs.colostate.edu_79767 4	438772.270020	102531.834000	0.067000	0.000000	438772.270020	90533	32	s	1357341173669.308105
planetlab3.williams.edu_planetlab-2.cs.colostate.edu_34949 9	438949.607910	0.105000	0.016000	0.000000	438949.607910	91130	544	s	1357341173853.854004
planetlab1.cs.uiuc.edu_planetlab-2.cs.colostate.edu_79833 4	439016.395020	100293.084000	0.078000	0.000000	439016.395020	90542	32	s	1357341173913.538086
planetlab1.cs.uiuc.edu_planetlab-2.cs.colostate.edu_80096 4	439919.310059	98409.410000	0.083000	0.000000	439919.310059	90544	32	s	1357341174816.476074
planetlab1.cs.uiuc.edu_planetlab-2.cs.colostate.edu_80105 4	439953.393066	97780.119000	0.068000	0.000000	439953.393066	90555	32	s	1357341174850.685059
planetlab1.cs.uiuc.edu_planetlab-2.cs.colostate.edu_80173 4	440161.070801	94691.945000	0.096000	0.000000	440161.070801	90562	32	s	1357341175058.440918
planetlab1.cs.uiuc.edu_planetlab-2.cs.colostate.edu_80171 4	440161.157959	94696.143000	0.064000	0.000000	440161.157959	90564	32	s	1357341175058.550049
planetlab1.cs.uiuc.edu_planetlab-2.cs.colostate.edu_80178 4	440197.242920	93710.823000	0.064000	0.000000	440197.242920	90565	32	s	1357341175094.645996
planetlab1.cs.uiuc.edu_planetlab-2.cs.colostate.edu_80188 4	440214.983887	92903.625000	0.064000	0.000000	440214.983887	90567	32	s	1357341175112.417969
planetlab1.cs.uiuc.edu_planetlab-2.cs.colostate.edu_80194 4	440233.001953	92226.031000	0.078000	0.000000	440233.001953	90568	32	s	1357341175130.447998
planetlab1.cs.uiuc.edu_planetlab-2.cs.colostate.edu_80259 4	440477.737061	91142.753000	0.065000	0.000000	440477.737061	90570	32	s	1357341175375.205078
planetlab1.cs.uiuc.edu_planetlab-2.cs.colostate.edu_80266 4	440477.916992	90730.556000	0.073000	0.000000	440477.916992	90566	32	s	1357341175375.339111
planetlab1.cs.uiuc.edu_planetlab-2.cs.colostate.edu_80268 4	440500.381104	90517.411000	0.087000	0.000000	440500.381104	90573	32	s	1357341175397.884033
planetlab1.cs.uiuc.edu_planetlab-2.cs.colostate.edu_80270 4	440510.099121	90407.040000	0.065000	0.000000	440510.099121	90574	32	s	1357341175407.614014
planetlab1.cs.uiuc.edu_planetlab-2.cs.colostate.edu_80272 4	440512.482178	90318.539000	0.122000	0.000000	440512.482178	90575	32	s	1357341175410.008057
planetlab1.cs.uiuc.edu_planetlab-2.cs.colostate.edu_80274 4	440526.914062	90266.969000	0.064000	0.000000	440526.914062	90576	32	s	1357341175424.449951
planetlab1.cs.uiuc.edu_planetlab-2.cs.colostate.edu_80278 4	440527.060059	90242.281000	0.076000	0.000000	440527.060059	90572	32	s	1357341175424.552002
planetlab1.cs.uiuc.edu_planetlab-2.cs.colostate.edu_80276 4	440527.150879	90252.028000	0.060000	0.000000	440527.150879	90571	32	s	1357341175424.629883
planetlab1.cs.uiuc.edu_planetlab-2.cs.colostate.edu_80282 4	440548.697998	90023.065000	0.083000	0.000000	440548.697998	90588	32	s	1357341175446.371094
planetlab1.cs.uiuc.edu_planetlab-2.cs.colostate.edu_80284 4	440549.569092	89930.963000	0.079000	0.000000	440549.569092	90586	32	s	1357341175447.219971
planetlab1.cs.uiuc.edu_planetlab-2.cs.colostate.edu_80297 4	440593.917969	88643.253000	0.076000	0.000000	440593.917969	90582	32	s	1357341175491.523926
planetlab1.cs.uiuc.edu_planetlab-2.cs.colostate.edu_80482 4	441214.475830	86120.198000	0.079000	0.000000	441214.475830	90590	32	s	1357341176112.170898
planetlab1.cs.uiuc.edu_planetlab-2.cs.colostate.edu_80485 4	441263.833008	86103.559000	0.075000	0.000000	441263.833008	90591	32	s	1357341176161.539062
planetlab1.cs.uiuc.edu_planetlab-2.cs.colostate.edu_80504 4	441294.270020	84705.377000	0.075000	0.000000	441294.270020	90592	32	s	1357341176191.987061
planetlab1.cs.uiuc.edu_planetlab-2.cs.colostate.edu_80759 4	442181.775146	82608.115000	0.078000	0.000000	442181.775146	90598	32	s	1357341177079.569092
planetlab1.cs.uiuc.edu_planetlab-2.cs.colostate.edu_80783 4	442269.726807	81936.389000	0.091000	0.000000	442269.726807	90602	32	s	1357341177167.565918
planetlab1.cs.uiuc.edu_planetlab-2.cs.colostate.edu_80788 4	442286.179932	81838.343000	0.084000	0.000000	442286.179932	90604	32	s	1357341177184.041992
planetlab1.cs.uiuc.edu_planetlab-2.cs.colostate.edu_80949 4	442663.419922	80802.991000	0.067000	0.000000	442663.419922	90606	32	s	1357341177561.306885
planetlab1.cs.uiuc.edu_planetlab-2.cs.colostate.edu_80979 4	442724.294189	80551.835000	0.060000	0.000000	442724.294189	90607	32	s	1357341177622.193115
planetlab1.cs.uiuc.edu_planetlab-2.cs.colostate.edu_81059 4	442934.016113	79930.696000	0.076000	0.000000	442934.016113	90608	32	s	1357341177831.926025
planetlab1.cs.uiuc.edu_planetlab-2.cs.colostate.edu_81066 4	442966.578125	79177.700000	0.078000	0.000000	442966.578125	90609	32	s	1357341177864.499023
planetlab1.cs.uiuc.edu_planetlab-2.cs.colostate.edu_81068 4	442966.915039	78980.293000	0.079000	0.000000	442966.915039	90610	32	s	1357341177864.846924
planetlab1.cs.uiuc.edu_planetlab-2.cs.colostate.edu_81072 4	442967.047852	78949.491000	0.061000	0.000000	442967.047852	90612	32	s	1357341177865.001953
planetlab1.cs.uiuc.edu_planetlab-2.cs.colostate.edu_81076 4	442993.337891	78945.760000	0.065000	0.000000	442993.337891	90616	32	s	1357341177891.336914
planetlab1.cs.uiuc.edu_planetlab-2.cs.colostate.edu_81086 4	443024.387939	78570.900000	0.062000	0.000000	443024.387939	90622	32	s	1357341177922.456055
planetlab1.cs.uiuc.edu_planetlab-2.cs.colostate.edu_81606 4	444420.111084	76381.493000	0.090000	0.000000	444420.111084	90638	32	s	1357341179318.365967
planetlab1.cs.uiuc.edu_planetlab-2.cs.colostate.edu_81636 4	444529.246094	76137.427000	0.067000	0.000000	444529.246094	90637	32	s	1357341179427.489990
planetlab1.cs.uiuc.edu_planetlab-2.cs.colostate.edu_81653 3	444577.523926	75657.213000	0.065000	0.000000	444577.523926	90918	32	s	1357341179479.253906
planetlab1.cs.uiuc.edu_planetlab-2.cs.colostate.edu_81893 4	445148.752197	74651.790000	0.076000	0.000000	445148.752197	90648	32	s	1357341180047.120117
planetlab1.cs.uiuc.edu_planetlab-2.cs.colostate.edu_82240 4	446072.384033	72310.587000	0.079000	0.000000	446072.384033	90660	32	s	1357341180970.888916
planetlab1.cs.uiuc.edu_planetlab-2.cs.colostate.edu_82563 4	446825.003906	71890.119000	0.057000	0.000000	446825.003906	90665	32	s	1357341181723.565918
planetlab2.umassd.edu_planetlab-2.cs.colostate.edu_103538 3	446825.955811	80863.167000	0.085000	0.000000	446825.955811	90912	0	s	1357341181727.618896
planetlab1.cs.uiuc.edu_planetlab-2.cs.colostate.edu_82578 4	446881.907959	71729.287000	0.066000	0.000000	446881.907959	90668	32	s	1357341181780.503906
planetlab1.cs.uiuc.edu_planetlab-2.cs.colostate.edu_82590 4	446887.335938	71558.033000	0.069000	0.000000	446887.335938	90661	32	s	1357341181785.853027
planetlab1.cs.uiuc.edu_planetlab-2.cs.colostate.edu_82600 4	446927.552979	70627.763000	0.110000	0.000000	446927.552979	90674	32	s	1357341181826.220947
planetlab1.cs.uiuc.edu_planetlab-2.cs.colostate.edu_82803 4	447448.448975	68690.908000	0.100000	0.000000	447448.448975	90671	32	s	1357341182347.080078
planetlab1.cs.uiuc.edu_planetlab-2.cs.colostate.edu_82837 4	447566.493896	67944.217000	0.089000	0.000000	447566.493896	90685	32	s	1357341182465.295898
planetlab1.cs.uiuc.edu_planetlab-2.cs.colostate.edu_82865 4	447650.167969	66730.078000	0.087000	0.000000	447650.167969	90694	32	s	1357341182549.070068
planetlab1.cs.uiuc.edu_planetlab-2.cs.colostate.edu_82889 4	447701.822021	66046.232000	0.076000	0.000000	447701.822021	90696	32	s	1357341182600.745117
planetlab1.cs.uiuc.edu_planetlab-2.cs.colostate.edu_82905 4	447735.829834	65997.527000	0.057000	0.000000	447735.829834	90698	32	s	1357341182634.774902
planetlab1.cs.uiuc.edu_planetlab-2.cs.colostate.edu_82910 4	447763.437988	65988.987000	0.096000	0.000000	447763.437988	90700	32	s	1357341182662.409912
planetlab1.cs.uiuc.edu_planetlab-2.cs.colostate.edu_82922 4	447798.324219	65941.975000	0.055000	0.000000	447798.324219	90702	32	s	1357341182697.318115
planetlab1.cs.uiuc.edu_planetlab-2.cs.colostate.edu_82929 4	447824.290039	65906.952000	0.063000	0.000000	447824.290039	90703	32	s	1357341182723.294922
planetlab1.cs.uiuc.edu_planetlab-2.cs.colostate.edu_82934 3	447826.955078	65884.092000	0.067000	0.000000	447826.955078	90950	32	s	1357341182729.060059
planetlab1.cs.uiuc.edu_planetlab-2.cs.colostate.edu_82957 4	447905.722168	65732.287000	0.068000	0.000000	447905.722168	90669	32	s	1357341182804.329102
planetlab1.cs.uiuc.edu_planetlab-2.cs.colostate.edu_82971 4	447954.862793	65697.709000	0.063000	0.000000	447954.862793	90705	32	s	1357341182853.889893
planetlab1.cs.uiuc.edu_planetlab-2.cs.colostate.edu_83365 4	449319.565918	64494.188000	0.063000	0.000000	449319.565918	90704	32	s	1357341184218.582031
planetlab1.cs.uiuc.edu_planetlab-2.cs.colostate.edu_83470 4	449694.162842	64184.386000	0.054000	0.000000	449694.162842	90712	32	s	1357341184593.273926
planetlab1.cs.uiuc.edu_planetlab-2.cs.colostate.edu_83473 4	449695.171875	64162.468000	0.063000	0.000000	449695.171875	90713	32	s	1357341184594.294922
planetlab1.cs.uiuc.edu_planetlab-2.cs.colostate.edu_83490 4	449750.852051	63973.058000	0.061000	0.000000	449750.852051	90714	32	s	1357341184649.986084
planetlab2.umassd.edu_planetlab-2.cs.colostate.edu_104305 3	449967.860107	79749.469000	0.027000	0.000000	449967.860107	90920	0	s	1357341184869.612061
planetlab2.umassd.edu_planetlab-2.cs.colostate.edu_104336 3	450068.058105	79503.931000	0.026000	0.000000	450068.058105	90921	0	s	1357341184969.821045
planetlab2.umassd.edu_planetlab-2.cs.colostate.edu_104341 3	450091.482178	79488.399000	0.019000	0.000000	450091.482178	90922	0	s	1357341184993.256104
planetlab2.umassd.edu_planetlab-2.cs.colostate.edu_104351 3	450131.877930	79198.565000	0.023000	0.000000	450131.877930	90924	0	s	1357341185033.677979
planetlab1.cs.uiuc.edu_planetlab-2.cs.colostate.edu_83616 4	450159.531982	64052.938000	0.063000	0.000000	450159.531982	90716	32	s	1357341185058.688965
planetlab1.cs.uiuc.edu_planetlab-2.cs.colostate.edu_83624 4	450197.040039	64078.414000	0.051000	0.000000	450197.040039	90718	32	s	1357341185096.219971
planetlab1.cs.uiuc.edu_planetlab-2.cs.colostate.edu_83951 4	451108.847900	64238.466000	0.075000	0.000000	451108.847900	90733	32	s	1357341186008.285889
planetlab1.cs.uiuc.edu_planetlab-2.cs.colostate.edu_83953 4	451114.656982	64228.489000	0.078000	0.000000	451114.656982	90734	32	s	1357341186014.105957
planetlab1.cs.uiuc.edu_planetlab-2.cs.colostate.edu_83978 4	451206.471191	62333.676000	0.066000	0.000000	451206.471191	90744	32	s	1357341186106.037109
planetlab-03.cs.princeton.edu_planetlab-2.cs.colostate.edu_6225 6	452225.030029	1.152000	1.592000	0.000000	452225.030029	90926	112	s	1357341187126.853027
planetlab2.umassd.edu_planetlab-2.cs.colostate.edu_104834 3	453123.483887	77438.769000	0.022000	0.000000	453123.483887	90935	0	s	1357341188025.408936
planetlab2.umassd.edu_planetlab-2.cs.colostate.edu_104844 3	453175.618896	77381.087000	0.057000	0.000000	453175.618896	90936	0	s	1357341188077.553955
planetlab1.cs.uiuc.edu_planetlab-2.cs.colostate.edu_85113 3	454309.706055	59393.386000	0.065000	0.000000	454309.706055	90978	32	s	1357341189212.152100
planetlab1.cs.uiuc.edu_planetlab-2.cs.colostate.edu_85169 3	454496.864014	59241.079000	0.057000	0.000000	454496.864014	90982	32	s	1357341189399.355957
planetlab2.umassd.edu_planetlab-2.cs.colostate.edu_105156 3	454719.384033	76213.774000	0.023000	0.000000	454719.384033	90946	0	s	1357341189621.437988
planetlab1.cs.uiuc.edu_planetlab-2.cs.colostate.edu_85311 3	455030.751953	58914.887000	0.071000	0.000000	455030.751953	90983	32	s	1357341189933.254883
planetlab1.cs.uiuc.edu_planetlab-2.cs.colostate.edu_85324 4	455063.656006	58832.900000	0.069000	0.000000	455063.656006	90758	32	s	1357341189963.514893
planetlab1.cs.uiuc.edu_planetlab-2.cs.colostate.edu_85421 3	455414.037109	58715.150000	0.057000	0.000000	455414.037109	90980	32	s	1357341190316.506104
planetlab1.cs.uiuc.edu_planetlab-2.cs.colostate.edu_85437 4	455474.803955	58715.328000	0.055000	0.000000	455474.803955	90762	32	s	1357341190374.708984
planetlab1.cs.uiuc.edu_planetlab-2.cs.colostate.edu_85480 4	455585.956055	58708.454000	0.064000	0.000000	455585.956055	90764	32	s	1357341190485.884033
planetlab1.cs.uiuc.edu_planetlab-2.cs.colostate.edu_85717 4	456263.115967	58736.061000	0.064000	0.000000	456263.115967	90766	32	s	1357341191163.071045
planetlab4.wail.wisc.edu_planetlab-2.cs.colostate.edu_37034 5	456438.649902	0.032000	0.042000	0.000000	456438.649902	90945	96	s	1357341191340.690918
planetlab4.wail.wisc.edu_planetlab-2.cs.colostate.edu_37037 5	456726.304932	0.064000	0.037000	0.000000	456726.304932	90952	96	s	1357341191628.441895
planetlab4.wail.wisc.edu_planetlab-2.cs.colostate.edu_37039 5	456750.354004	0.185000	0.030000	0.000000	456750.354004	90953	96	s	1357341191652.504883
planetlab1.cs.uiuc.edu_planetlab-2.cs.colostate.edu_85919 4	456984.468994	58733.482000	0.078000	0.000000	456984.468994	90770	32	s	1357341191884.468994
planetlab1.cs.uiuc.edu_planetlab-2.cs.colostate.edu_85921 3	456985.985107	58737.013000	0.044000	0.000000	456985.985107	90990	32	s	1357341191888.570068
planetlab1.cs.uiuc.edu_planetlab-2.cs.colostate.edu_86198 4	457936.129883	58125.520000	0.098000	0.000000	457936.129883	90767	32	s	1357341192836.095947
planetlab1.cs.uiuc.edu_planetlab-2.cs.colostate.edu_86719 3	459612.457031	57683.550000	0.067000	0.000000	459612.457031	90998	32	s	1357341194515.136963
planetlab1.cs.uiuc.edu_planetlab-2.cs.colostate.edu_86803 4	459901.161133	57715.657000	0.066000	0.000000	459901.161133	90782	32	s	1357341194801.310059
planetlab4.wail.wisc.edu_planetlab-2.cs.colostate.edu_37042 5	460508.390137	2.201000	0.050000	0.000000	460508.390137	90957	96	s	1357341195410.589111
planetlab1.cs.uiuc.edu_planetlab-2.cs.colostate.edu_87217 4	461185.449951	56719.827000	0.061000	0.000000	461185.449951	90786	32	s	1357341196085.643066
planetlab4.wail.wisc.edu_planetlab-2.cs.colostate.edu_37044 5	461272.260986	0.100000	0.044000	0.000000	461272.260986	90955	96	s	1357341196174.437012
planetlab4.wail.wisc.edu_planetlab-2.cs.colostate.edu_37046 5	462216.740967	0.038000	0.044000	0.000000	462216.740967	90969	96	s	1357341197119.082031
planetlab1.cs.uiuc.edu_planetlab-2.cs.colostate.edu_87711 4	462709.031006	54706.885000	0.077000	0.000000	462709.031006	90797	32	s	1357341197609.353027
planetlab1.cs.uiuc.edu_planetlab-2.cs.colostate.edu_87719 4	462755.241943	54364.525000	0.065000	0.000000	462755.241943	90798	32	s	1357341197655.574951
planetlab1.cs.uiuc.edu_planetlab-2.cs.colostate.edu_87880 4	463231.804932	54155.158000	0.072000	0.000000	463231.804932	90800	32	s	1357341198132.160889
planetlab1.cs.uiuc.edu_planetlab-2.cs.colostate.edu_88098 4	463853.125977	53330.225000	0.069000	0.000000	463853.125977	90802	32	s	1357341198753.503906
planetlab1.cs.uiuc.edu_planetlab-2.cs.colostate.edu_88159 4	464015.536133	53143.748000	0.059000	0.000000	464015.536133	90803	32	s	1357341198915.925049
planetlab1.cs.uiuc.edu_planetlab-2.cs.colostate.edu_88386 4	464645.158203	51998.867000	0.077000	0.000000	464645.158203	90811	32	s	1357341199545.641113
planetlab1.cs.uiuc.edu_planetlab-2.cs.colostate.edu_88614 4	465314.227051	51026.668000	0.098000	0.000000	465314.227051	90806	32	s	1357341200214.654053
planetlab1.cs.uiuc.edu_planetlab-2.cs.colostate.edu_88895 4	466127.615967	50353.347000	0.066000	0.000000	466127.615967	90810	32	s	1357341201028.086914
planetlab1.cs.uiuc.edu_planetlab-2.cs.colostate.edu_88963 4	466331.816162	50189.936000	0.045000	0.000000	466331.816162	90820	32	s	1357341201232.404053
planetlab1.cs.uiuc.edu_planetlab-2.cs.colostate.edu_88994 4	466382.398926	50099.495000	0.075000	0.000000	466382.398926	90823	32	s	1357341201283.020020
planetlab1.cs.uiuc.edu_planetlab-2.cs.colostate.edu_89031 4	466522.466797	49985.291000	0.068000	0.000000	466522.466797	90822	32	s	1357341201423.076904
planetlab1.cs.uiuc.edu_planetlab-2.cs.colostate.edu_89034 4	466523.002930	49969.929000	0.060000	0.000000	466523.002930	90824	32	s	1357341201423.635010
planetlab1.cs.uiuc.edu_planetlab-2.cs.colostate.edu_89062 4	466610.531982	49639.132000	0.067000	0.000000	466610.531982	90818	32	s	1357341201511.096924
planetlab2.umassd.edu_planetlab-2.cs.colostate.edu_107479 3	467507.927979	70972.699000	0.024000	0.000000	467507.927979	90984	0	s	1357341202410.441895
planetlab1.cs.uiuc.edu_planetlab-2.cs.colostate.edu_89456 4	467678.759033	48647.909000	0.076000	0.000000	467678.759033	90826	32	s	1357341202579.413086
planetlab4.wail.wisc.edu_planetlab-2.cs.colostate.edu_37048 5	467801.543945	0.229000	0.050000	0.000000	467801.543945	90985	96	s	1357341202704.071045
planetlab1.cs.uiuc.edu_planetlab-2.cs.colostate.edu_89507 4	467833.209961	48351.224000	0.085000	0.000000	467833.209961	90828	32	s	1357341202733.885986
planetlab1.cs.uiuc.edu_planetlab-2.cs.colostate.edu_89518 4	467865.528076	48201.866000	0.064000	0.000000	467865.528076	90829	32	s	1357341202766.216064
planetlab1.cs.uiuc.edu_planetlab-2.cs.colostate.edu_89526 4	467894.247070	48111.032000	0.077000	0.000000	467894.247070	90830	32	s	1357341202794.946045
planetlab1.cs.uiuc.edu_planetlab-2.cs.colostate.edu_89831 4	468625.541016	45780.840000	0.066000	0.000000	468625.541016	90831	32	s	1357341203526.252930
planetlab1.cs.uiuc.edu_planetlab-2.cs.colostate.edu_89833 4	468633.085938	45544.511000	0.078000	0.000000	468633.085938	90840	32	s	1357341203533.899902
planetlab1.cs.uiuc.edu_planetlab-2.cs.colostate.edu_89844 4	468677.512207	45397.624000	0.061000	0.000000	468677.512207	90842	32	s	1357341203578.349121
planetlab1.cs.uiuc.edu_planetlab-2.cs.colostate.edu_89847 4	468683.583008	45296.010000	0.078000	0.000000	468683.583008	90844	32	s	1357341203584.441895
planetlab1.cs.uiuc.edu_planetlab-2.cs.colostate.edu_89881 4	468824.416992	44808.237000	0.064000	0.000000	468824.416992	90846	32	s	1357341203725.302002
planetlab4.wail.wisc.edu_planetlab-2.cs.colostate.edu_37050 5	469256.979004	0.031000	0.043000	0.000000	469256.979004	90999	96	s	1357341204159.669922
planetlab1.cs.uiuc.edu_planetlab-2.cs.colostate.edu_90205 4	469627.083984	43851.983000	0.064000	0.000000	469627.083984	90838	32	s	1357341204527.875977
planetlab2.umassd.edu_planetlab-2.cs.colostate.edu_108024 3	470033.091064	68455.517000	0.101000	0.000000	470033.091064	91008	0	s	1357341204935.893066
planetlab1.cs.uiuc.edu_planetlab-2.cs.colostate.edu_90430 4	470265.268066	43829.851000	0.042000	0.000000	470265.268066	90847	32	s	1357341205166.165039
planetlab1.cs.uiuc.edu_planetlab-2.cs.colostate.edu_90444 4	470311.552979	43818.885000	0.064000	0.000000	470311.552979	90827	32	s	1357341205212.218018
planetlab2.umassd.edu_planetlab-2.cs.colostate.edu_108494 3	471754.850098	67998.901000	0.055000	0.000000	471754.850098	91018	0	s	1357341206657.770020
planetlab1.cs.uiuc.edu_planetlab-2.cs.colostate.edu_90911 4	471889.837158	42454.430000	0.063000	0.000000	471889.837158	90858	32	s	1357341206790.863037
planetlab1.cs.uiuc.edu_planetlab-2.cs.colostate.edu_90969 4	472062.436035	42403.512000	0.066000	0.000000	472062.436035	90860	32	s	1357341206963.486084
planetlab1.cs.uiuc.edu_planetlab-2.cs.colostate.edu_91032 4	472275.196045	42364.067000	0.075000	0.000000	472275.196045	90862	32	s	1357341207176.269043
planetlab1.cs.uiuc.edu_planetlab-2.cs.colostate.edu_91050 4	472314.788086	42330.722000	0.054000	0.000000	472314.788086	90863	32	s	1357341207215.873047
planetlab2.umassd.edu_planetlab-2.cs.colostate.edu_108651 3	472350.653076	67681.844000	0.021000	0.000000	472350.653076	91020	0	s	1357341207253.594971
planetlab1.cs.uiuc.edu_planetlab-2.cs.colostate.edu_91074 4	472399.979004	42221.833000	0.063000	0.000000	472399.979004	90866	32	s	1357341207301.105957
flow.colgate.edu_planetlab-2.cs.colostate.edu_51542 4	473360.975830	0.029000	0.035000	0.000000	473360.975830	91015	64	s	1357341208263.858887
planetlab2.umassd.edu_planetlab-2.cs.colostate.edu_108854 3	473494.839111	67142.070000	0.051000	0.000000	473494.839111	91017	0	s	1357341208397.746094
planetlab2.umassd.edu_planetlab-2.cs.colostate.edu_108860 3	473546.696045	67104.905000	0.023000	0.000000	473546.696045	91016	0	s	1357341208449.590088
planetlab2.umassd.edu_planetlab-2.cs.colostate.edu_108878 3	473629.920898	66694.267000	0.026000	0.000000	473629.920898	91032	0	s	1357341208533.000977
planetlab1.cs.uiuc.edu_planetlab-2.cs.colostate.edu_91487 4	473647.516846	42195.089000	0.063000	0.000000	473647.516846	90854	32	s	1357341208548.492920
planetlab1.cs.uiuc.edu_planetlab-2.cs.colostate.edu_91723 4	474442.723877	41704.898000	0.089000	0.000000	474442.723877	90878	32	s	1357341209343.991943
planetlab1.cs.uiuc.edu_planetlab-2.cs.colostate.edu_91906 3	475024.957031	41436.685000	0.066000	0.000000	475024.957031	91110	32	s	1357341209928.967041
planetlab2.umassd.edu_planetlab-2.cs.colostate.edu_109225 3	475310.802002	66495.302000	0.046000	0.000000	475310.802002	91041	0	s	1357341210214.001953
planetlab4.wail.wisc.edu_planetlab-2.cs.colostate.edu_37062 5	475323.896973	0.339000	0.052000	0.000000	475323.896973	91037	96	s	1357341210227.052002
planetlab2.umassd.edu_planetlab-2.cs.colostate.edu_109246 3	475452.284912	66455.696000	0.023000	0.000000	475452.284912	91042	0	s	1357341210355.502930
planetlab2.umassd.edu_planetlab-2.cs.colostate.edu_109363 3	475992.772949	66132.709000	0.025000	0.000000	475992.772949	91044	0	s	1357341210896.013916
planetlab2.umassd.edu_planetlab-2.cs.colostate.edu_109749 3	477597.812988	65165.400000	0.026000	0.000000	477597.812988	91048	0	s	1357341212501.102051
planetlab2.umassd.edu_planetlab-2.cs.colostate.edu_109797 3	477802.980957	65128.963000	0.024000	0.000000	477802.980957	91049	0	s	1357341212706.281006
planetlab2.umassd.edu_planetlab-2.cs.colostate.edu_109851 3	478003.435059	65159.180000	0.062000	0.000000	478003.435059	91050	0	s	1357341212906.746094
planetlab2.umassd.edu_planetlab-2.cs.colostate.edu_109882 3	478147.746094	64982.060000	0.027000	0.000000	478147.746094	91051	0	s	1357341213051.069092
planetlab2.umassd.edu_planetlab-2.cs.colostate.edu_110085 3	479008.561035	63297.859000	0.024000	0.000000	479008.561035	91054	0	s	1357341213911.916992
planetlab2.umassd.edu_planetlab-2.cs.colostate.edu_110115 3	479121.000977	63063.805000	0.025000	0.000000	479121.000977	91056	0	s	1357341214024.383057
planetlab-03.cs.princeton.edu_planetlab-2.cs.colostate.edu_6238 6	479573.531006	0.983000	0.061000	0.000000	479573.531006	91057	112	s	1357341214476.925049
planetlab2.umassd.edu_planetlab-2.cs.colostate.edu_110259 3	479677.097900	63115.254000	0.022000	0.000000	479677.097900	91052	0	s	1357341214580.431885
planetlab2.umassd.edu_planetlab-2.cs.colostate.edu_110515 3	481073.632080	63325.822000	0.021000	0.000000	481073.632080	91040	0	s	1357341215976.821045
planetlab2.umassd.edu_planetlab-2.cs.colostate.edu_110531 3	481166.278076	63250.477000	0.022000	0.000000	481166.278076	91053	0	s	1357341216069.623047
planetlab2.umassd.edu_planetlab-2.cs.colostate.edu_110592 3	481371.488037	62721.004000	0.023000	0.000000	481371.488037	91064	0	s	1357341216274.959961
planetlab2.umassd.edu_planetlab-2.cs.colostate.edu_110620 3	481497.587158	62391.005000	0.022000	0.000000	481497.587158	91065	0	s	1357341216401.070068
planetlab2.umassd.edu_planetlab-2.cs.colostate.edu_110733 3	482084.314941	62370.403000	0.023000	0.000000	482084.314941	91068	0	s	1357341216987.832031
planetlab2.umassd.edu_planetlab-2.cs.colostate.edu_111188 3	483618.041016	61508.018000	0.032000	0.000000	483618.041016	91066	0	s	1357341218521.534912
planetlab1.cs.uiuc.edu_planetlab-2.cs.colostate.edu_94490 4	483751.012939	40181.061000	0.069000	0.000000	483751.012939	90906	32	s	1357341218652.604004
planetlab4.wail.wisc.edu_planetlab-2.cs.colostate.edu_37067 5	486298.459961	0.055000	0.051000	0.000000	486298.459961	91081	96	s	1357341221202.126953
planetlab1.cs.uiuc.edu_planetlab-2.cs.colostate.edu_95994 4	488679.317871	35527.743000	0.064000	0.000000	488679.317871	90925	32	s	1357341223581.129883
planetlab2.umassd.edu_planetlab-2.cs.colostate.edu_112128 3	490211.596924	58631.946000	0.031000	0.000000	490211.596924	91101	0	s	1357341225115.501953
planetlab2.umassd.edu_planetlab-2.cs.colostate.edu_112166 3	490322.124023	58215.447000	0.032000	0.000000	490322.124023	91104	0	s	1357341225226.062012
planetlab2.umassd.edu_planetlab-2.cs.colostate.edu_112168 3	490329.730957	58162.105000	0.023000	0.000000	490329.730957	91080	0	s	1357341225233.385986
planetlab-03.cs.princeton.edu_planetlab-2.cs.colostate.edu_6242 6	490394.690918	1.798000	0.057000	0.000000	490394.690918	91076	112	s	1357341225298.302002
planetlab2.umassd.edu_planetlab-2.cs.colostate.edu_112368 3	491068.151123	56521.745000	0.025000	0.000000	491068.151123	91114	0	s	1357341225972.206055
planetlab2.umassd.edu_planetlab-2.cs.colostate.edu_112455 3	491363.619141	56484.777000	0.024000	0.000000	491363.619141	91112	0	s	1357341226267.652100
planetlab1.cs.uiuc.edu_planetlab-2.cs.colostate.edu_97120 4	491399.046143	30601.968000	0.083000	0.000000	491399.046143	90958	32	s	1357341226301.257080
planetlab2.umassd.edu_planetlab-2.cs.colostate.edu_112489 3	491497.238037	56458.355000	0.023000	0.000000	491497.238037	91113	0	s	1357341226401.281982
planetlab2.umassd.edu_planetlab-2.cs.colostate.edu_112511 3	491592.560059	56453.291000	0.022000	0.000000	491592.560059	91116	0	s	1357341226496.636963
planetlab1.cs.uiuc.edu_planetlab-2.cs.colostate.edu_97246 4	491824.181885	30218.126000	0.084000	0.000000	491824.181885	90968	32	s	1357341226726.511963
planetlab2.umassd.edu_planetlab-2.cs.colostate.edu_112659 3	492393.578125	53865.128000	0.024000	0.000000	492393.578125	91128	0	s	1357341227297.801025
planetlab4.wail.wisc.edu_planetlab-2.cs.colostate.edu_37072 5	494277.385986	0.281000	0.045000	0.000000	494277.385986	91136	96	s	1357341229181.700928
planetlab4.wail.wisc.edu_planetlab-2.cs.colostate.edu_37074 5	494703.748779	0.138000	0.055000	0.000000	494703.748779	91138	96	s	1357341229608.087891
planetlab4.wail.wisc.edu_planetlab-2.cs.colostate.edu_37076 5	494866.044922	0.182000	0.045000	0.000000	494866.044922	91139	96	s	1357341229770.395996
planetlab1.cs.uiuc.edu_planetlab-2.cs.colostate.edu_98438 4	496004.124023	25499.770000	0.059000	0.000000	496004.124023	91013	32	s	1357341230906.982910
planetlab1.cs.uiuc.edu_planetlab-2.cs.colostate.edu_98964 4	497697.562988	24708.753000	0.082000	0.000000	497697.562988	91022	32	s	1357341232600.527100
earth.cs.brown.edu_planetlab-2.cs.colostate.edu_37897 9	499527.714844	8.750000	0.022000	0.000000	499527.714844	90413	48	s	1357341234422.377930
earth.cs.brown.edu_planetlab-2.cs.colostate.edu_37943 9	499662.576904	4.555000	0.018000	0.000000	499662.576904	90421	48	s	1357341234558.281006
earth.cs.brown.edu_planetlab-2.cs.colostate.edu_37952 9	499686.000977	0.174000	0.018000	0.000000	499686.000977	90428	48	s	1357341234581.798096
earth.cs.brown.edu_planetlab-2.cs.colostate.edu_37954 9	499691.374023	0.029000	0.011000	0.000000	499691.374023	90425	48	s	1357341234587.135010
earth.cs.brown.edu_planetlab-2.cs.colostate.edu_37956 9	499692.435791	0.175000	0.013000	0.000000	499692.435791	90429	48	s	1357341234588.243896
earth.cs.brown.edu_planetlab-2.cs.colostate.edu_37980 9	499769.392090	21.852000	0.015000	0.000000	499769.392090	90431	48	s	1357341234665.224121
earth.cs.brown.edu_planetlab-2.cs.colostate.edu_37999 9	499806.133057	0.249000	0.016000	0.000000	499806.133057	90445	48	s	1357341234702.137939
earth.cs.brown.edu_planetlab-2.cs.colostate.edu_38010 9	499843.591064	10.725000	0.012000	0.000000	499843.591064	90453	48	s	1357341234739.693115
earth.cs.brown.edu_planetlab-2.cs.colostate.edu_38016 9	499856.621094	19.250000	0.012000	0.000000	499856.621094	90457	48	s	1357341234752.770996
earth.cs.brown.edu_planetlab-2.cs.colostate.edu_38085 9	500070.420166	92.113000	0.017000	0.000000	500070.420166	90460	48	s	1357341234966.610107
earth.cs.brown.edu_planetlab-2.cs.colostate.edu_38092 9	500081.744141	78.736000	0.079000	0.000000	500081.744141	90461	48	s	1357341234977.945068
earth.cs.brown.edu_planetlab-2.cs.colostate.edu_38107 9	500130.815918	94.285000	0.015000	0.000000	500130.815918	90463	48	s	1357341235027.040039
earth.cs.brown.edu_planetlab-2.cs.colostate.edu_38127 9	500178.701904	26.401000	0.027000	0.000000	500178.701904	90469	48	s	1357341235074.999023
earth.cs.brown.edu_planetlab-2.cs.colostate.edu_38132 9	500192.497070	31.519000	0.012000	0.000000	500192.497070	90473	48	s	1357341235088.844971
earth.cs.brown.edu_planetlab-2.cs.colostate.edu_38134 9	500193.337891	32.420000	0.008000	0.000000	500193.337891	90476	48	s	1357341235089.721924
earth.cs.brown.edu_planetlab-2.cs.colostate.edu_38138 9	500199.187012	21.228000	0.014000	0.000000	500199.187012	90479	48	s	1357341235095.604004
earth.cs.brown.edu_planetlab-2.cs.colostate.edu_38140 9	500207.244873	25.385000	0.012000	0.000000	500207.244873	90477	48	s	1357341235103.639893
earth.cs.brown.edu_planetlab-2.cs.colostate.edu_38142 9	500208.802979	26.303000	0.010000	0.000000	500208.802979	90481	48	s	1357341235105.241943
earth.cs.brown.edu_planetlab-2.cs.colostate.edu_38154 9	500248.704102	11.105000	0.018000	0.000000	500248.704102	90485	48	s	1357341235145.187012
earth.cs.brown.edu_planetlab-2.cs.colostate.edu_38156 9	500250.036133	10.133000	0.009000	0.000000	500250.036133	90484	48	s	1357341235146.507080
earth.cs.brown.edu_planetlab-2.cs.colostate.edu_38158 9	500253.344971	13.136000	0.009000	0.000000	500253.344971	90487	48	s	1357341235149.854980
earth.cs.brown.edu_planetlab-2.cs.colostate.edu_38160 9	500262.129883	0.640000	0.025000	0.000000	500262.129883	90489	48	s	1357341235158.660889
earth.cs.brown.edu_planetlab-2.cs.colostate.edu_38167 9	500297.057129	24.492000	0.016000	0.000000	500297.057129	90491	48	s	1357341235193.611084
earth.cs.brown.edu_planetlab-2.cs.colostate.edu_38171 9	500300.574951	24.889000	0.009000	0.000000	500300.574951	90492	48	s	1357341235197.138916
earth.cs.brown.edu_planetlab-2.cs.colostate.edu_38173 9	500301.430176	14.734000	0.014000	0.000000	500301.430176	90494	48	s	1357341235198.016113
earth.cs.brown.edu_planetlab-2.cs.colostate.edu_38180 9	500342.242188	39.582000	0.014000	0.000000	500342.242188	90495	48	s	1357341235238.839111
earth.cs.brown.edu_planetlab-2.cs.colostate.edu_38182 9	500344.771973	40.146000	0.011000	0.000000	500344.771973	90493	48	s	1357341235241.346924
earth.cs.brown.edu_planetlab-2.cs.colostate.edu_38242 9	500452.980957	0.085000	0.016000	0.000000	500452.980957	90488	48	s	1357341235349.501953
earth.cs.brown.edu_planetlab-2.cs.colostate.edu_38246 9	500466.593018	0.195000	0.115000	0.000000	500466.593018	90519	48	s	1357341235363.466064
planetlab1.cs.uiuc.edu_planetlab-2.cs.colostate.edu_99964 4	500665.740967	21039.786000	0.087000	0.000000	500665.740967	91058	32	s	1357341235569.145996
earth.cs.brown.edu_planetlab-2.cs.colostate.edu_38365 9	501291.960938	0.090000	0.018000	0.000000	501291.960938	90557	48	s	1357341236189.275879
earth.cs.brown.edu_planetlab-2.cs.colostate.edu_38433 9	501604.711914	69.141000	0.018000	0.000000	501604.711914	90589	48	s	1357341236502.395996
earth.cs.brown.edu_planetlab-2.cs.colostate.edu_38445 9	501644.379883	84.402000	0.014000	0.000000	501644.379883	90594	48	s	1357341236542.128906
planetlab1.cs.uiuc.edu_planetlab-2.cs.colostate.edu_100548 4	502081.930908	18444.017000	0.194000	0.000000	502081.930908	91078	32	s	1357341236985.563965
earth.cs.brown.edu_planetlab-2.cs.colostate.edu_38560 9	502116.926025	0.146000	0.019000	0.000000	502116.926025	90605	48	s	1357341237014.799072
earth.cs.brown.edu_planetlab-2.cs.colostate.edu_38574 9	502213.048828	0.095000	0.019000	0.000000	502213.048828	90613	48	s	1357341237111.013916
earth.cs.brown.edu_planetlab-2.cs.colostate.edu_38578 9	502220.093018	0.177000	0.011000	0.000000	502220.093018	90617	48	s	1357341237118.103027
earth.cs.brown.edu_planetlab-2.cs.colostate.edu_38582 9	502225.162109	0.180000	0.010000	0.000000	502225.162109	90620	48	s	1357341237123.208008
earth.cs.brown.edu_planetlab-2.cs.colostate.edu_38586 9	502243.147217	0.101000	0.015000	0.000000	502243.147217	90621	48	s	1357341237141.204102
earth.cs.brown.edu_planetlab-2.cs.colostate.edu_38588 9	502249.082031	0.744000	0.017000	0.000000	502249.082031	90623	48	s	1357341237147.162109
planetlab1.cs.uiuc.edu_planetlab-2.cs.colostate.edu_100684 4	502382.102051	18405.352000	0.264000	0.000000	502382.102051	91082	32	s	1357341237285.780029
planetlab1.cs.uiuc.edu_planetlab-2.cs.colostate.edu_101102 4	504285.949951	18026.947000	0.060000	0.000000	504285.949951	91084	32	s	1357341239189.657959
planetlab1.cs.uiuc.edu_planetlab-2.cs.colostate.edu_101107 4	504307.795898	17990.110000	0.089000	0.000000	504307.795898	91086	32	s	1357341239211.525879
earth.cs.brown.edu_planetlab-2.cs.colostate.edu_38970 9	504950.276855	0.037000	0.030000	0.000000	504950.276855	90749	48	s	1357341239849.898926
planetlab1.cs.uiuc.edu_planetlab-2.cs.colostate.edu_101527 4	505227.541992	15383.196000	0.047000	0.000000	505227.541992	91087	32	s	1357341240131.284912
planetlab1.cs.uiuc.edu_planetlab-2.cs.colostate.edu_101626 4	505510.072998	15176.433000	0.057000	0.000000	505510.072998	91102	32	s	1357341240413.989990
planetlab1.cs.uiuc.edu_planetlab-2.cs.colostate.edu_101929 4	506343.764160	14462.183000	0.075000	0.000000	506343.764160	91120	32	s	1357341241247.894043
planetlab1.cs.uiuc.edu_planetlab-2.cs.colostate.edu_102039 4	506568.589844	14361.377000	0.097000	0.000000	506568.589844	91118	32	s	1357341241472.688965
planetlab1.cs.uiuc.edu_planetlab-2.cs.colostate.edu_102484 4	507759.962158	13536.107000	0.064000	0.000000	507759.962158	91137	32	s	1357341242664.289062
earth.cs.brown.edu_planetlab-2.cs.colostate.edu_39837 9	509129.833008	11.645000	0.013000	0.000000	509129.833008	90881	48	s	1357341244031.134033
earth.cs.brown.edu_planetlab-2.cs.colostate.edu_39912 9	510461.678955	0.207000	0.018000	0.000000	510461.678955	90941	48	s	1357341245363.675049
earth.cs.brown.edu_planetlab-2.cs.colostate.edu_39931 9	510795.249023	0.063000	0.036000	0.000000	510795.249023	90973	48	s	1357341245697.635986
earth.cs.brown.edu_planetlab-2.cs.colostate.edu_39935 9	510969.468994	0.128000	0.059000	0.000000	510969.468994	90989	48	s	1357341245872.042969
earth.cs.brown.edu_planetlab-2.cs.colostate.edu_39949 9	510986.257812	0.871000	0.009000	0.000000	510986.257812	91004	48	s	1357341245889.013916
earth.cs.brown.edu_planetlab-2.cs.colostate.edu_39948 9	510987.276123	0.206000	0.013000	0.000000	510987.276123	90997	48	s	1357341245889.945068
earth.cs.brown.edu_planetlab-2.cs.colostate.edu_39950 9	510987.422852	0.967000	0.006000	0.000000	510987.422852	91005	48	s	1357341245890.191895
earth.cs.brown.edu_planetlab-2.cs.colostate.edu_39952 9	511031.104004	8.529000	0.013000	0.000000	511031.104004	91007	48	s	1357341245933.895996
earth.cs.brown.edu_planetlab-2.cs.colostate.edu_39961 9	511030.841064	11.570000	0.012000	0.000000	511030.841064	91038	48	s	1357341245934.007080
earth.cs.brown.edu_planetlab-2.cs.colostate.edu_39954 9	511032.129883	17.261000	0.013000	0.000000	511032.129883	91001	48	s	1357341245934.843994
earth.cs.brown.edu_planetlab-2.cs.colostate.edu_39975 9	511117.560059	32.312000	0.019000	0.000000	511117.560059	91115	48	s	1357341246021.625977
earth.cs.brown.edu_planetlab-2.cs.colostate.edu_39988 9	511159.686035	56.477000	0.052000	0.000000	511159.686035	91133	48	s	1357341246063.965088
planetlab2.umassd.edu_planetlab-2.cs.colostate.edu_150119 9	969013.615967	0.048000	0.067000	0.000000	969013.615967	90635	0	s	1357341703911.836914
planetlab2.umassd.edu_planetlab-2.cs.colostate.edu_150181 9	969311.390869	0.153000	0.012000	0.000000	969311.390869	90643	0	s	1357341704209.700928
planetlab2.umassd.edu_planetlab-2.cs.colostate.edu_150277 9	969716.072998	28.960000	0.013000	0.000000	969716.072998	90649	0	s	1357341704614.452881
planetlab2.umassd.edu_planetlab-2.cs.colostate.edu_150295 9	969788.430908	24.240000	0.012000	0.000000	969788.430908	90650	0	s	1357341704686.822021
planetlab2.umassd.edu_planetlab-2.cs.colostate.edu_150373 9	970499.077881	0.144000	0.015000	0.000000	970499.077881	90655	0	s	1357341705397.524902
planetlab2.umassd.edu_planetlab-2.cs.colostate.edu_150391 9	970677.002930	0.105000	0.049000	0.000000	970677.002930	90651	0	s	1357341705575.405029
planetlab2.umassd.edu_planetlab-2.cs.colostate.edu_150818 9	973824.780029	17.098000	0.018000	0.000000	973824.780029	90683	0	s	1357341708723.555908
planetlab2.umassd.edu_planetlab-2.cs.colostate.edu_150979 9	974767.185059	0.297000	0.016000	0.000000	974767.185059	90715	0	s	1357341709666.331055
planetlab2.umassd.edu_planetlab-2.cs.colostate.edu_151532 9	982685.401123	0.154000	0.013000	0.000000	982685.401123	90779	0	s	1357341717585.507080
planetlab2.umassd.edu_planetlab-2.cs.colostate.edu_153772 9	1005231.676025	0.301000	0.011000	0.000000	1005231.676025	90907	0	s	1357341740133.279053
aguila2.lsi.upc.edu_planetlab-2.cs.colostate.edu_15257 9	1783474.076172	0.158000	0.004000	0.000000	1783474.076172	90745	384	s	1357342518373.653076
aguila2.lsi.upc.edu_planetlab-2.cs.colostate.edu_15259 9	1783734.286133	0.413000	0.008000	0.000000	1783734.286133	90809	384	s	1357342518634.746094
aguila2.lsi.upc.edu_planetlab-2.cs.colostate.edu_15261 9	1783931.790039	0.144000	0.017000	0.000000	1783931.790039	90865	384	s	1357342518832.897949
aguila2.lsi.upc.edu_planetlab-2.cs.colostate.edu_15263 9	1784062.197998	0.192000	0.004000	0.000000	1784062.197998	90857	384	s	1357342518963.209961
aguila2.lsi.upc.edu_planetlab-2.cs.colostate.edu_15265 9	1784189.691162	0.130000	0.004000	0.000000	1784189.691162	90872	384	s	1357342519090.891113
aguila2.lsi.upc.edu_planetlab-2.cs.colostate.edu_15267 9	1784344.942139	0.281000	0.005000	0.000000	1784344.942139	90841	384	s	1357342519245.768066
aguila2.lsi.upc.edu_planetlab-2.cs.colostate.edu_15269 9	1784459.468018	0.184000	0.007000	0.000000	1784459.468018	90875	384	s	1357342519360.701904
aguila2.lsi.upc.edu_planetlab-2.cs.colostate.edu_15271 9	1784588.891113	0.049000	0.004000	0.000000	1784588.891113	90873	384	s	1357342519490.102051
aguila2.lsi.upc.edu_planetlab-2.cs.colostate.edu_15273 9	1784789.000977	0.146000	0.004000	0.000000	1784789.000977	90877	384	s	1357342519690.257080
aguila2.lsi.upc.edu_planetlab-2.cs.colostate.edu_15275 9	1784981.491943	0.216000	0.005000	0.000000	1784981.491943	90954	384	s	1357342519883.655029
aguila2.lsi.upc.edu_planetlab-2.cs.colostate.edu_15277 9	1785533.313965	0.288000	0.006000	0.000000	1785533.313965	91129	384	s	1357342520437.549072
