planetlab1.cs.uiuc.edu_planetlab1.cs.uiuc.edu_35824 0	104037.073975	104036.081000	0.043000	0.000000	104037.073975	S	1477	32	s	1357340940767.352051
nodeb.howard.edu_planetlab1.cs.uiuc.edu_7441 1	104091.317139	104016.912000	0.086000	0.004000	104091.317139	S	1472	2304	s	1357340940819.724121
planetlab1.temple.edu_planetlab1.cs.uiuc.edu_40990 2	104128.288086	104004.458000	0.120000	0.007000	104128.288086	S	1470	1024	s	1357340940856.593018
planetlab-01.cs.princeton.edu_planetlab1.cs.uiuc.edu_12252 9	104167.496826	104029.532000	1.765000	2.170000	104167.496826	S	1473	1088	s	1357340940895.961914
planetlab3.williams.edu_planetlab1.cs.uiuc.edu_33396 9	104171.435059	104092.732000	0.157000	0.014000	104171.435059	S	1490	544	s	1357340940904.152100
plab4.eece.ksu.edu_planetlab1.cs.uiuc.edu_6640 1	104171.369873	104116.601000	0.068000	0.005000	104171.369873	S	1495	2176	s	1357340940906.045898
planetlab1.cs.unc.edu_planetlab1.cs.uiuc.edu_43239 2	104190.182861	104050.546000	0.092000	0.006000	104190.182861	S	1480	512	s	1357340940922.492920
planetlab4.wail.wisc.edu_planetlab1.cs.uiuc.edu_30215 1	104219.383057	104190.939000	0.057000	0.004000	104219.383057	S	1514	96	s	1357340940958.716064
planetlab2.cs.unc.edu_planetlab1.cs.uiuc.edu_17795 1	104226.144043	104137.453000	0.056000	0.002000	104226.144043	S	1500	2080	s	1357340940961.007080
nodeb.howard.edu_planetlab1.cs.uiuc.edu_7443 1	104232.960205	104160.528000	0.116000	0.004000	104232.960205	S	1504	2304	s	1357340940967.954102
nodeb.howard.edu_planetlab1.cs.uiuc.edu_7445 1	104239.039062	104163.991000	0.084000	0.005000	104239.039062	S	1505	2304	s	1357340940974.072998
nodeb.howard.edu_planetlab1.cs.uiuc.edu_7447 1	104241.614014	104165.543000	0.052000	0.004000	104241.614014	S	1506	2304	s	1357340940976.687012
planetlab-01.cs.princeton.edu_planetlab1.cs.uiuc.edu_12283 9	104244.814941	104101.513000	0.633000	0.028000	104244.814941	S	1488	1088	s	1357340940977.447998
planetlab-01.cs.princeton.edu_planetlab1.cs.uiuc.edu_12280 9	104245.928955	104099.633000	2.235000	0.028000	104245.928955	S	1489	1088	s	1357340940978.605957
nodeb.howard.edu_planetlab1.cs.uiuc.edu_7449 1	104244.854004	104168.923000	0.054000	0.003000	104244.854004	S	1508	2304	s	1357340940980.697021
planetlab-01.cs.princeton.edu_planetlab1.cs.uiuc.edu_12291 9	104252.385010	104118.428000	2.049000	0.025000	104252.385010	S	1491	1088	s	1357340940985.127930
planetlab-01.cs.princeton.edu_planetlab1.cs.uiuc.edu_12297 9	104253.875977	104121.182000	2.044000	0.524000	104253.875977	S	1493	1088	s	1357340940988.472900
planetlab-01.cs.princeton.edu_planetlab1.cs.uiuc.edu_12303 9	104258.635986	104133.189000	0.213000	0.026000	104258.635986	S	1497	1088	s	1357340940993.385986
nodeb.howard.edu_planetlab1.cs.uiuc.edu_7451 1	104260.124023	104187.162000	0.060000	0.004000	104260.124023	S	1512	2304	s	1357340940996.791016
planetlab1.cs.uiuc.edu_planetlab1.cs.uiuc.edu_35877 0	104258.124023	104256.761000	0.029000	0.000000	104258.124023	S	1529	32	s	1357340940999.189941
nodeb.howard.edu_planetlab1.cs.uiuc.edu_7453 1	104281.790771	104209.871000	0.077000	0.004000	104281.790771	S	1520	2304	s	1357340941021.712891
planetlab1.temple.edu_planetlab1.cs.uiuc.edu_41012 2	104290.656982	104151.355000	0.088000	0.006000	104290.656982	S	1502	1024	s	1357340941025.583984
planetlab1.cs.unc.edu_planetlab1.cs.uiuc.edu_43243 1	104322.093994	104233.927000	0.089000	0.005000	104322.093994	S	1524	512	s	1357340941062.177002
planetlab1.cs.uiuc.edu_planetlab1.cs.uiuc.edu_35898 0	104327.569092	104326.828000	0.061000	0.000000	104327.569092	S	1549	32	s	1357340941075.041016
planetlab1.temple.edu_planetlab1.cs.uiuc.edu_41020 2	104336.440918	104208.751000	0.082000	0.008000	104336.440918	S	1518	1024	s	1357340941075.938965
planetlab-01.cs.princeton.edu_planetlab1.cs.uiuc.edu_12314 9	104348.802002	104226.647000	0.254000	0.030000	104348.802002	S	1521	1088	s	1357340941088.763916
planetlab1.temple.edu_planetlab1.cs.uiuc.edu_41022 2	104363.505127	104238.107000	0.093000	0.006000	104363.505127	S	1526	1024	s	1357340941104.478027
planetlab1.cs.uiuc.edu_planetlab1.cs.uiuc.edu_35905 0	104357.551025	104357.119000	0.056000	0.000000	104357.551025	S	1555	32	s	1357340941107.384033
planetlab1.temple.edu_planetlab1.cs.uiuc.edu_41026 2	104378.079102	104257.972000	0.073000	0.005000	104378.079102	S	1530	1024	s	1357340941119.196045
planetlab1.temple.edu_planetlab1.cs.uiuc.edu_41028 2	104378.846191	104262.470000	0.082000	0.005000	104378.846191	S	1532	1024	s	1357340941120.028076
planetlab1.temple.edu_planetlab1.cs.uiuc.edu_41030 2	104403.406982	104266.425000	0.080000	0.006000	104403.406982	S	1534	1024	s	1357340941144.666016
planetlab1.temple.edu_planetlab1.cs.uiuc.edu_41032 2	104403.591064	104272.901000	0.061000	0.008000	104403.591064	S	1535	1024	s	1357340941144.875977
planetlab4.csail.mit.edu_planetlab1.cs.uiuc.edu_3655 1	104422.123047	104321.269000	0.103000	0.003000	104422.123047	S	1547	1344	s	1357340941167.808105
planetlab1.cs.unc.edu_planetlab1.cs.uiuc.edu_43247 2	104434.433105	104292.778000	0.075000	0.006000	104434.433105	S	1539	512	s	1357340941178.975098
planetlab1.cs.unc.edu_planetlab1.cs.uiuc.edu_43249 2	104436.311035	104295.893000	0.050000	0.006000	104436.311035	S	1541	512	s	1357340941181.687012
planetlab1.cs.unc.edu_planetlab1.cs.uiuc.edu_43251 2	104442.354980	104302.615000	0.053000	0.007000	104442.354980	S	1542	512	s	1357340941187.770020
planetlab1.cs.unc.edu_planetlab1.cs.uiuc.edu_43253 2	104451.178955	104309.633000	0.052000	0.005000	104451.178955	S	1543	512	s	1357340941196.645020
planetlab1.cs.uiuc.edu_planetlab1.cs.uiuc.edu_35924 0	104456.840820	104456.442000	0.027000	0.000000	104456.840820	S	1573	32	s	1357340941208.035889
planetlab1.cs.uiuc.edu_planetlab1.cs.uiuc.edu_35929 0	104466.854980	104466.374000	0.025000	0.000000	104466.854980	S	1577	32	s	1357340941218.177979
planetlab1.cs.unc.edu_planetlab1.cs.uiuc.edu_43255 2	104473.186035	104333.758000	0.062000	0.004000	104473.186035	S	1551	512	s	1357340941220.789062
planetlab-01.bu.edu_planetlab1.cs.uiuc.edu_9232 1	104476.855957	104382.533000	0.071000	0.004000	104476.855957	S	1561	640	s	1357340941226.927002
planetlab1.cs.uiuc.edu_planetlab1.cs.uiuc.edu_35933 0	104481.250977	104480.350000	0.029000	0.000000	104481.250977	S	1580	32	s	1357340941234.404053
planetlab1.cs.uiuc.edu_planetlab1.cs.uiuc.edu_35935 0	104481.412109	104480.893000	0.021000	0.000000	104481.412109	S	1581	32	s	1357340941234.603027
planetlab1.temple.edu_planetlab1.cs.uiuc.edu_41039 2	104485.922852	104360.215000	0.085000	0.006000	104485.922852	S	1558	1024	s	1357340941235.900879
planetlab1.cs.uiuc.edu_planetlab1.cs.uiuc.edu_35938 0	104482.821045	104482.394000	0.023000	0.000000	104482.821045	S	1583	32	s	1357340941236.091064
planetlab1.georgetown.edu_planetlab1.cs.uiuc.edu_12971 3	104505.024902	104184.139000	0.083000	0.007000	104505.024902	S	1511	576	s	1357340941241.659912
planetlab1.temple.edu_planetlab1.cs.uiuc.edu_41041 1	104494.051025	104393.375000	0.067000	0.003000	104494.051025	S	1565	1024	s	1357340941244.960938
planetlab1.cs.unc.edu_planetlab1.cs.uiuc.edu_43257 2	104505.954834	104365.289000	0.063000	0.005000	104505.954834	S	1559	512	s	1357340941255.961914
planetlab1.cs.purdue.edu_planetlab1.cs.uiuc.edu_8066 3	104513.708984	104360.203000	0.109000	0.008000	104513.708984	S	1557	2112	s	1357340941263.645020
planetlab-02.bu.edu_planetlab1.cs.uiuc.edu_18929 1	104523.898926	104427.966000	0.063000	0.003000	104523.898926	S	1569	192	s	1357340941274.938965
planetlab1.cis.upenn.edu_planetlab1.cs.uiuc.edu_7168 3	104539.132080	104262.919000	0.182000	0.027000	104539.132080	S	1531	2560	s	1357340941280.282959
planetlab1.cs.unc.edu_planetlab1.cs.uiuc.edu_43265 2	104604.023926	104460.675000	0.064000	0.006000	104604.023926	S	1575	512	s	1357340941355.284912
planetlab1.temple.edu_planetlab1.cs.uiuc.edu_41059 2	104604.732178	104487.141000	0.084000	0.007000	104604.732178	S	1585	1024	s	1357340941358.070068
planetlab1.cs.uiuc.edu_planetlab1.cs.uiuc.edu_35953 0	104609.769043	104609.297000	0.033000	0.000000	104609.769043	S	1597	32	s	1357340941365.229004
planetlab1.cs.unc.edu_planetlab1.cs.uiuc.edu_43267 1	104617.229980	104527.878000	0.055000	0.004000	104617.229980	S	1588	512	s	1357340941370.665039
planetlab1.poly.edu_planetlab1.cs.uiuc.edu_3796 1	104723.178955	104625.161000	0.116000	0.003000	104723.178955	S	1601	3104	s	1357340941478.773926
planetlab-01.bu.edu_planetlab1.cs.uiuc.edu_9234 1	104762.937988	104669.916000	0.054000	0.002000	104762.937988	S	1609	640	s	1357340941521.684082
planetlab1.temple.edu_planetlab1.cs.uiuc.edu_41080 2	104769.291016	104649.712000	0.113000	0.007000	104769.291016	S	1606	1024	s	1357340941527.885010
planetlab1.cs.uiuc.edu_planetlab1.cs.uiuc.edu_35995 0	104788.386963	104787.709000	0.031000	0.000000	104788.386963	S	1638	32	s	1357340941553.437012
planetlab1.cs.unc.edu_planetlab1.cs.uiuc.edu_43271 2	104795.796875	104655.246000	0.069000	0.006000	104795.796875	S	1607	512	s	1357340941554.452881
planetlab-01.bu.edu_planetlab1.cs.uiuc.edu_9236 1	104799.062012	104703.970000	0.058000	0.002000	104799.062012	S	1617	640	s	1357340941558.728027
planetlab1.cs.uiuc.edu_planetlab1.cs.uiuc.edu_36003 0	104811.035156	104810.635000	0.025000	0.000000	104811.035156	S	1645	32	s	1357340941576.331055
planetlab-01.bu.edu_planetlab1.cs.uiuc.edu_9238 1	104827.416016	104731.590000	0.045000	0.004000	104827.416016	S	1624	640	s	1357340941587.841064
planetlab-01.bu.edu_planetlab1.cs.uiuc.edu_9240 1	104828.618896	104732.850000	0.050000	0.005000	104828.618896	S	1625	640	s	1357340941589.087891
planetlab1.temple.edu_planetlab1.cs.uiuc.edu_41084 2	104833.924805	104711.559000	0.087000	0.008000	104833.924805	S	1618	1024	s	1357340941593.702881
planetlab1.temple.edu_planetlab1.cs.uiuc.edu_41086 2	104839.108887	104721.019000	0.067000	0.005000	104839.108887	S	1620	1024	s	1357340941598.952881
planetlab-01.bu.edu_planetlab1.cs.uiuc.edu_9242 1	104837.688965	104744.042000	0.062000	0.004000	104837.688965	S	1627	640	s	1357340941599.180908
planetlab1.temple.edu_planetlab1.cs.uiuc.edu_41088 2	104847.593018	104726.767000	0.064000	0.007000	104847.593018	S	1622	1024	s	1357340941607.813965
planetlab-01.bu.edu_planetlab1.cs.uiuc.edu_9244 1	104847.712158	104751.206000	2.454000	0.004000	104847.712158	S	1629	640	s	1357340941609.299072
planetlab1.temple.edu_planetlab1.cs.uiuc.edu_41090 2	104850.047119	104728.921000	0.080000	0.006000	104850.047119	S	1623	1024	s	1357340941610.435059
planetlab1.temple.edu_planetlab1.cs.uiuc.edu_41092 2	104874.364990	104755.233000	0.090000	0.007000	104874.364990	S	1630	1024	s	1357340941638.409912
planetlab1.cs.unc.edu_planetlab1.cs.uiuc.edu_43273 2	104899.441895	104759.444000	0.078000	0.012000	104899.441895	S	1632	512	s	1357340941663.584961
planetlab1.temple.edu_planetlab1.cs.uiuc.edu_41099 2	104913.551025	104790.692000	0.085000	0.006000	104913.551025	S	1640	1024	s	1357340941678.687012
plab4.eece.ksu.edu_planetlab1.cs.uiuc.edu_6642 3	104924.697998	104782.794000	0.124000	0.025000	104924.697998	S	1636	2176	s	1357340941689.683105
planetlab-01.bu.edu_planetlab1.cs.uiuc.edu_9246 1	104957.503906	104864.317000	0.108000	0.004000	104957.503906	S	1657	640	s	1357340941731.354004
planetlab1.temple.edu_planetlab1.cs.uiuc.edu_41108 2	104970.143066	104848.691000	0.066000	0.006000	104970.143066	S	1654	1024	s	1357340941739.926025
pl2.eecs.utk.edu_planetlab1.cs.uiuc.edu_7172 9	104975.742920	104895.993000	0.208000	0.015000	104975.742920	S	1663	80	s	1357340941749.908936
planetlab4.eecs.umich.edu_planetlab1.cs.uiuc.edu_6235 9	104977.843994	104937.888000	0.367000	0.015000	104977.843994	S	1670	2336	s	1357340941752.991943
planet6.cs.ucsb.edu_planetlab1.cs.uiuc.edu_10575 9	105001.405029	104811.297000	0.194000	0.024000	105001.405029	S	1646	768	s	1357340941766.736084
planetlab1.temple.edu_planetlab1.cs.uiuc.edu_41121 2	105048.087891	104922.215000	0.086000	0.011000	105048.087891	S	1666	1024	s	1357340941822.354004
planetlab6.flux.utah.edu_planetlab1.cs.uiuc.edu_32695 9	105063.791016	104954.682000	0.177000	0.014000	105063.791016	S	1675	160	s	1357340941839.267090
planet6.cs.ucsb.edu_planetlab1.cs.uiuc.edu_10577 9	105105.762939	104139.996000	0.234000	0.019000	105105.762939	S	1501	768	s	1357340941840.657959
plgmu1.ite.gmu.edu_planetlab1.cs.uiuc.edu_3444 1	105071.871826	104992.853000	0.120000	0.003000	105071.871826	S	1682	208	s	1357340941847.566895
planetlab1.cs.unc.edu_planetlab1.cs.uiuc.edu_43275 2	105078.239014	104938.069000	0.085000	0.005000	105078.239014	S	1671	512	s	1357340941853.590088
planetlab1.cs.unc.edu_planetlab1.cs.uiuc.edu_43277 1	105088.547852	105001.601000	0.167000	0.004000	105088.547852	S	1684	512	s	1357340941864.316895
planetlab1.cs.uiuc.edu_planetlab1.cs.uiuc.edu_36068 0	105092.873047	105092.490000	0.035000	0.000000	105092.873047	S	1709	32	s	1357340941872.728027
planetlab1.cs.unc.edu_planetlab1.cs.uiuc.edu_43279 2	105098.623047	104954.388000	0.060000	0.005000	105098.623047	S	1674	512	s	1357340941874.069092
planetlab6.flux.utah.edu_planetlab1.cs.uiuc.edu_32704 9	105142.083984	104374.992000	0.135000	0.018000	105142.083984	S	1556	160	s	1357340941891.991943
plgmu2.ite.gmu.edu_planetlab1.cs.uiuc.edu_5220 1	105150.205078	105075.928000	0.095000	0.004000	105150.205078	S	1705	1536	s	1357340941929.811035
planetlab1.cs.unc.edu_planetlab1.cs.uiuc.edu_43281 1	105152.074951	105062.899000	0.073000	0.002000	105152.074951	S	1700	512	s	1357340941931.518066
planetlab1.cs.unc.edu_planetlab1.cs.uiuc.edu_43283 1	105186.753906	105098.379000	0.133000	0.003000	105186.753906	S	1712	512	s	1357340941967.219971
planetlab1.cs.unc.edu_planetlab1.cs.uiuc.edu_43285 1	105208.883057	105119.237000	0.053000	0.003000	105208.883057	S	1716	512	s	1357340941989.479004
planetlab1.cs.unc.edu_planetlab1.cs.uiuc.edu_43287 1	105215.742920	105123.423000	0.049000	0.005000	105215.742920	S	1717	512	s	1357340941996.375977
planetlab1.cs.unc.edu_planetlab1.cs.uiuc.edu_43290 1	105216.081055	105127.620000	0.048000	0.004000	105216.081055	S	1718	512	s	1357340941996.747070
planetlab1.cs.unc.edu_planetlab1.cs.uiuc.edu_43292 1	105238.062012	105151.158000	0.064000	0.004000	105238.062012	S	1724	512	s	1357340942019.594971
planetlab2.acis.ufl.edu_planetlab1.cs.uiuc.edu_8584 9	105326.209229	104814.402000	0.342000	0.022000	105326.209229	S	1647	1152	s	1357340942091.662109
planetlab3.williams.edu_planetlab1.cs.uiuc.edu_33426 9	105351.802979	105273.813000	0.171000	0.011000	105351.802979	S	1746	544	s	1357340942136.677979
plab4.eece.ksu.edu_planetlab1.cs.uiuc.edu_6644 1	105353.608154	105298.917000	0.070000	0.005000	105353.608154	S	1751	2176	s	1357340942140.549072
planetlab-01.bu.edu_planetlab1.cs.uiuc.edu_9248 1	105394.833984	105299.356000	0.061000	0.002000	105394.833984	S	1753	640	s	1357340942181.862061
planetlab1.temple.edu_planetlab1.cs.uiuc.edu_41154 2	105414.847900	105289.473000	0.080000	0.005000	105414.847900	S	1710	1024	s	1357340942194.752930
planetlab2.acis.ufl.edu_planetlab1.cs.uiuc.edu_8589 9	105452.135986	104936.910000	0.239000	0.019000	105452.135986	S	1669	1152	s	1357340942227.246094
planetlab1.cs.uiuc.edu_planetlab1.cs.uiuc.edu_36147 0	105454.324951	105453.786000	0.038000	0.000000	105454.324951	S	1785	32	s	1357340942248.753906
planetlab3.wail.wisc.edu_planetlab1.cs.uiuc.edu_2677 1	105498.453125	105468.291000	0.072000	0.003000	105498.453125	S	1789	3328	s	1357340942295.153076
planetlab1.cs.uiuc.edu_planetlab1.cs.uiuc.edu_36158 0	105501.021973	105500.439000	0.033000	0.000000	105501.021973	S	1795	32	s	1357340942299.862061
planetlab2.acis.ufl.edu_planetlab1.cs.uiuc.edu_8599 9	105523.972900	105417.999000	0.315000	0.017000	105523.972900	S	1776	1152	s	1357340942315.386963
planetlab1.cs.unc.edu_planetlab1.cs.uiuc.edu_43296 1	105529.583008	105440.640000	0.064000	0.004000	105529.583008	S	1780	512	s	1357340942323.033936
planetlab1.cs.uiuc.edu_planetlab1.cs.uiuc.edu_36173 0	105556.810059	105555.839000	0.028000	0.000000	105556.810059	S	1809	32	s	1357340942356.156982
planetlab1.cs.uiuc.edu_planetlab1.cs.uiuc.edu_36175 0	105554.447998	105553.831000	0.051000	0.000000	105554.447998	S	1810	32	s	1357340942356.361084
planetlab1.cs.uiuc.edu_planetlab1.cs.uiuc.edu_36177 0	105554.740967	105553.744000	0.022000	0.000000	105554.740967	S	1811	32	s	1357340942356.727051
planetlabpc1.upf.edu_planetlab1.cs.uiuc.edu_10993 9	105576.196045	105127.789000	0.258000	0.017000	105576.196045	S	1719	1120	s	1357340942356.893066
planetlab1.cs.uiuc.edu_planetlab1.cs.uiuc.edu_36182 0	105564.776855	105564.066000	0.025000	0.000000	105564.776855	S	1815	32	s	1357340942366.929932
planetlab5.millennium.berkeley.edu_planetlab1.cs.uiuc.edu_9671 9	105617.435059	104449.925000	0.256000	0.018000	105617.435059	S	1572	1280	s	1357340942368.600098
mtuplanetlab2.cs.mtu.edu_planetlab1.cs.uiuc.edu_11350 1	105570.745850	105508.272000	0.069000	0.002000	105570.745850	S	1800	800	s	1357340942369.773926
planetlab-02.bu.edu_planetlab1.cs.uiuc.edu_18943 1	105571.772949	105476.880000	0.058000	0.004000	105571.772949	S	1793	192	s	1357340942370.541992
planetlab1.cs.uiuc.edu_planetlab1.cs.uiuc.edu_36187 0	105574.075928	105573.560000	0.029000	0.000000	105574.075928	S	1819	32	s	1357340942377.139893
planetlab1.cs.unc.edu_planetlab1.cs.uiuc.edu_43300 2	105616.800049	105475.090000	0.081000	0.005000	105616.800049	S	1791	512	s	1357340942413.570068
planetlab1.cs.uiuc.edu_planetlab1.cs.uiuc.edu_36199 0	105632.524170	105632.094000	0.026000	0.000000	105632.524170	S	1830	32	s	1357340942435.974121
planetlab1.temple.edu_planetlab1.cs.uiuc.edu_41164 1	105639.081055	105529.491000	0.059000	0.003000	105639.081055	S	1805	1024	s	1357340942438.289062
planetlab1.cs.unc.edu_planetlab1.cs.uiuc.edu_43302 1	105643.343018	105554.583000	0.100000	0.003000	105643.343018	S	1812	512	s	1357340942445.361084
planetlab1.cs.unc.edu_planetlab1.cs.uiuc.edu_43304 2	105648.615967	105508.460000	0.175000	0.006000	105648.615967	S	1799	512	s	1357340942447.616943
planetlab1.cs.uiuc.edu_planetlab1.cs.uiuc.edu_36207 0	105649.942871	105649.470000	0.054000	0.000000	105649.942871	S	1837	32	s	1357340942456.160889
planetlab1.temple.edu_planetlab1.cs.uiuc.edu_41167 1	105657.936035	105557.253000	0.046000	0.004000	105657.936035	S	1813	1024	s	1357340942459.995117
planetlab1.temple.edu_planetlab1.cs.uiuc.edu_41170 1	105671.529053	105565.321000	0.048000	0.004000	105671.529053	S	1817	1024	s	1357340942474.521973
planetlab1.temple.edu_planetlab1.cs.uiuc.edu_41174 1	105678.508057	105573.815000	0.049000	0.004000	105678.508057	S	1820	1024	s	1357340942481.623047
planetlab1.cs.uiuc.edu_planetlab1.cs.uiuc.edu_36216 0	105675.937988	105675.162000	0.031000	0.000000	105675.937988	S	1843	32	s	1357340942483.523926
planetlab1.temple.edu_planetlab1.cs.uiuc.edu_41172 1	105681.811035	105574.914000	0.047000	0.004000	105681.811035	S	1821	1024	s	1357340942484.958984
planetlab-02.bu.edu_planetlab1.cs.uiuc.edu_18945 1	105698.468994	105602.634000	0.051000	0.004000	105698.468994	S	1824	192	s	1357340942501.719971
planetlab1.temple.edu_planetlab1.cs.uiuc.edu_41177 1	105699.396973	105588.307000	0.043000	0.004000	105699.396973	S	1823	1024	s	1357340942502.615967
nodea.howard.edu_planetlab1.cs.uiuc.edu_4976 1	105704.462891	105632.332000	0.072000	0.003000	105704.462891	S	1831	3072	s	1357340942507.952881
planetlab-02.bu.edu_planetlab1.cs.uiuc.edu_18947 1	105704.880859	105609.898000	0.046000	0.004000	105704.880859	S	1825	192	s	1357340942508.168945
planetlab1.cs.unc.edu_planetlab1.cs.uiuc.edu_43306 1	105705.373047	105617.109000	0.057000	0.004000	105705.373047	S	1828	512	s	1357340942508.757080
planetlab-02.bu.edu_planetlab1.cs.uiuc.edu_18949 1	105708.369141	105611.200000	0.049000	0.003000	105708.369141	S	1827	192	s	1357340942511.716064
planetlab05.cs.washington.edu_planetlab1.cs.uiuc.edu_14173 9	105715.826904	105563.275000	0.211000	0.108000	105715.826904	S	1814	320	s	1357340942517.918945
planetlab-02.bu.edu_planetlab1.cs.uiuc.edu_18951 1	105715.554932	105620.800000	0.047000	0.003000	105715.554932	S	1829	192	s	1357340942518.971924
planetlab-02.bu.edu_planetlab1.cs.uiuc.edu_18953 1	105738.229004	105641.376000	0.053000	0.002000	105738.229004	S	1833	192	s	1357340942541.791992
planetlab1.cs.unc.edu_planetlab1.cs.uiuc.edu_43308 1	105754.644043	105665.474000	0.058000	0.004000	105754.644043	S	1840	512	s	1357340942560.997070
planetlab-02.bu.edu_planetlab1.cs.uiuc.edu_18955 1	105762.548096	105666.332000	0.049000	0.003000	105762.548096	S	1841	192	s	1357340942568.937012
planetlab1.cs.unc.edu_planetlab1.cs.uiuc.edu_43310 1	105764.239014	105675.997000	0.185000	0.004000	105764.239014	S	1844	512	s	1357340942571.870117
planetlab1.cs.unc.edu_planetlab1.cs.uiuc.edu_43312 1	105772.552002	105684.536000	0.047000	0.004000	105772.552002	S	1845	512	s	1357340942580.218994
planetlab1.cs.unc.edu_planetlab1.cs.uiuc.edu_43314 2	105782.719971	105643.565000	0.071000	0.004000	105782.719971	S	1835	512	s	1357340942586.357910
planetlab1.cs.unc.edu_planetlab1.cs.uiuc.edu_43316 1	105780.906006	105693.528000	0.042000	0.005000	105780.906006	S	1846	512	s	1357340942588.610107
planetlab1.cs.uiuc.edu_planetlab1.cs.uiuc.edu_36236 0	105783.031006	105782.572000	0.026000	0.000000	105783.031006	S	1862	32	s	1357340942591.250000
planetlab1.cs.unc.edu_planetlab1.cs.uiuc.edu_43318 1	105809.755859	105721.997000	0.061000	0.003000	105809.755859	S	1852	512	s	1357340942617.647949
pl2.eecs.utk.edu_planetlab1.cs.uiuc.edu_7187 9	105819.738037	105739.265000	0.194000	0.014000	105819.738037	S	1855	80	s	1357340942627.729004
planetlab1.cs.uiuc.edu_planetlab1.cs.uiuc.edu_36250 0	105821.122803	105820.566000	0.025000	0.000000	105821.122803	S	1875	32	s	1357340942633.076904
planetlab1.temple.edu_planetlab1.cs.uiuc.edu_41181 1	105830.396973	105726.500000	0.046000	0.004000	105830.396973	S	1853	1024	s	1357340942638.322021
earth.cs.brown.edu_planetlab1.cs.uiuc.edu_16366 9	105861.505127	105298.238000	0.223000	0.016000	105861.505127	S	1749	48	s	1357340942646.468018
planetlab1.clemson.edu_planetlab1.cs.uiuc.edu_3609 1	105840.280029	105765.274000	0.074000	0.005000	105840.280029	S	1858	2624	s	1357340942648.363037
planetlab1.cs.uiuc.edu_planetlab1.cs.uiuc.edu_36266 0	105881.812988	105880.134000	0.027000	0.000000	105881.812988	S	1890	32	s	1357340942694.260986
planetlab1.cs.uiuc.edu_planetlab1.cs.uiuc.edu_36269 0	105884.657227	105881.141000	0.024000	0.000000	105884.657227	S	1892	32	s	1357340942697.172119
planetlab1.cs.uiuc.edu_planetlab1.cs.uiuc.edu_36274 0	105887.688965	105885.175000	0.024000	0.000000	105887.688965	S	1895	32	s	1357340942700.451904
planetlab1.cs.uiuc.edu_planetlab1.cs.uiuc.edu_36272 0	105888.040039	105884.186000	0.026000	0.000000	105888.040039	S	1894	32	s	1357340942700.766113
plab4.eece.ksu.edu_planetlab1.cs.uiuc.edu_6646 1	105894.441895	105835.602000	0.070000	0.002000	105894.441895	S	1879	2176	s	1357340942706.532959
planetlab1.cs.uiuc.edu_planetlab1.cs.uiuc.edu_36282 0	105908.605957	105907.948000	0.028000	0.000000	105908.605957	S	1902	32	s	1357340942724.730957
planetlab2.cs.unc.edu_planetlab1.cs.uiuc.edu_17904 1	105943.375000	105851.330000	0.075000	0.002000	105943.375000	S	1884	2080	s	1357340942755.633057
planetlab-01.bu.edu_planetlab1.cs.uiuc.edu_9251 1	105943.670898	105846.448000	0.063000	0.003000	105943.670898	S	1881	640	s	1357340942755.833984
planetlab1.cs.uiuc.edu_planetlab1.cs.uiuc.edu_36291 0	105942.697021	105940.869000	0.025000	0.000000	105942.697021	S	1910	32	s	1357340942759.091064
planetlab1.cs.uiuc.edu_planetlab1.cs.uiuc.edu_36295 0	105950.457031	105950.078000	0.023000	0.000000	105950.457031	S	1913	32	s	1357340942766.950928
planetlab1.temple.edu_planetlab1.cs.uiuc.edu_41186 1	105957.466064	105852.813000	0.127000	0.005000	105957.466064	S	1885	1024	s	1357340942769.751953
pl2.eecs.utk.edu_planetlab1.cs.uiuc.edu_7197 9	105957.604980	105872.398000	0.188000	0.017000	105957.604980	S	1887	80	s	1357340942769.949951
planetlab1.temple.edu_planetlab1.cs.uiuc.edu_41188 2	105989.623047	105869.284000	0.113000	0.006000	105989.623047	S	1750	1024	s	1357340942776.500000
planetlab-02.bu.edu_planetlab1.cs.uiuc.edu_18957 1	105976.229980	105878.427000	0.053000	0.004000	105976.229980	S	1889	192	s	1357340942788.644043
planetlab1.cs.unc.edu_planetlab1.cs.uiuc.edu_43322 2	105995.805908	105855.451000	0.180000	0.006000	105995.805908	S	1886	512	s	1357340942808.125000
pl2.eecs.utk.edu_planetlab1.cs.uiuc.edu_7207 9	105992.285156	105908.513000	0.181000	0.012000	105992.285156	S	1903	80	s	1357340942808.455078
planetlab1.cs.uiuc.edu_planetlab1.cs.uiuc.edu_36308 0	105996.113037	105995.719000	0.033000	0.000000	105996.113037	S	1925	32	s	1357340942813.915039
planetlab-3.cmcl.cs.cmu.edu_planetlab1.cs.uiuc.edu_2838 1	106002.696045	105933.875000	0.088000	0.002000	106002.696045	S	1907	1792	s	1357340942818.995117
pl2.eecs.utk.edu_planetlab1.cs.uiuc.edu_7217 9	106021.946045	105941.768000	0.173000	0.017000	106021.946045	S	1911	80	s	1357340942838.375000
planetlab1.cs.unc.edu_planetlab1.cs.uiuc.edu_43324 1	106026.379883	105938.416000	0.068000	0.002000	106026.379883	S	1908	512	s	1357340942842.710938
pl2.eecs.utk.edu_planetlab1.cs.uiuc.edu_7227 9	106036.285156	105956.769000	0.172000	0.016000	106036.285156	S	1915	80	s	1357340942852.850098
pl2.eecs.utk.edu_planetlab1.cs.uiuc.edu_7237 9	106048.396973	105969.101000	0.192000	0.016000	106048.396973	S	1917	80	s	1357340942865.024902
pl2.eecs.utk.edu_planetlab1.cs.uiuc.edu_7255 9	106050.923828	105971.659000	0.149000	0.016000	106050.923828	S	1918	80	s	1357340942867.587891
pl2.eecs.utk.edu_planetlab1.cs.uiuc.edu_7257 9	106051.072021	105971.692000	0.165000	0.013000	106051.072021	S	1919	80	s	1357340942867.769043
planetlab1.cs.uiuc.edu_planetlab1.cs.uiuc.edu_36323 0	106052.628906	106052.195000	0.032000	0.000000	106052.628906	S	1939	32	s	1357340942874.417969
planetlab1.cs.unc.edu_planetlab1.cs.uiuc.edu_43326 1	106083.842041	105995.810000	0.294000	0.005000	106083.842041	S	1924	512	s	1357340942901.568115
planetlab1.temple.edu_planetlab1.cs.uiuc.edu_41192 2	106126.695068	106005.974000	0.162000	0.010000	106126.695068	S	1755	1024	s	1357340942913.812988
planetlab1.cis.upenn.edu_planetlab1.cs.uiuc.edu_7173 3	106121.318115	105907.627000	0.168000	0.016000	106121.318115	S	1901	2560	s	1357340942937.405029
plab4.eece.ksu.edu_planetlab1.cs.uiuc.edu_6648 1	106118.857178	106064.304000	0.059000	0.004000	106118.857178	S	1943	2176	s	1357340942940.789062
planetlab1.cs.unc.edu_planetlab1.cs.uiuc.edu_43328 1	106133.749023	106044.624000	0.253000	0.003000	106133.749023	S	1936	512	s	1357340942955.443115
planetlab1.cs.unc.edu_planetlab1.cs.uiuc.edu_43330 1	106141.041992	106052.914000	0.051000	0.003000	106141.041992	S	1940	512	s	1357340942962.874023
planetlab1.cs.unc.edu_planetlab1.cs.uiuc.edu_43332 1	106149.329102	106061.511000	0.044000	0.020000	106149.329102	S	1941	512	s	1357340942971.194092
planetlab1.cs.unc.edu_planetlab1.cs.uiuc.edu_43334 1	106150.496094	106062.759000	0.048000	0.003000	106150.496094	S	1942	512	s	1357340942972.395996
planetlab1.cs.unc.edu_planetlab1.cs.uiuc.edu_43336 1	106172.150879	106084.495000	0.407000	0.056000	106172.150879	S	1948	512	s	1357340942995.983887
planetlab4.wail.wisc.edu_planetlab1.cs.uiuc.edu_30301 1	106181.194092	106151.883000	0.056000	0.004000	106181.194092	S	1962	96	s	1357340943007.156982
planetlab1.temple.edu_planetlab1.cs.uiuc.edu_41198 1	106189.489014	106088.830000	0.142000	0.004000	106189.489014	S	1949	1024	s	1357340943013.391113
planetlab1.cs.unc.edu_planetlab1.cs.uiuc.edu_43338 1	106192.386963	106105.034000	0.053000	0.003000	106192.386963	S	1952	512	s	1357340943016.395996
planetlab-02.bu.edu_planetlab1.cs.uiuc.edu_18959 1	106202.857910	106106.404000	0.064000	0.003000	106202.857910	S	1953	192	s	1357340943026.898926
planetlab6.flux.utah.edu_planetlab1.cs.uiuc.edu_32849 9	106238.415039	105470.270000	0.237000	0.024000	106238.415039	S	1790	160	s	1357340943035.158936
planetlab1.cs.unc.edu_planetlab1.cs.uiuc.edu_43342 1	106211.116943	106123.166000	0.062000	0.004000	106211.116943	S	1956	512	s	1357340943036.669922
planetlab1.cs.uiuc.edu_planetlab1.cs.uiuc.edu_36362 0	106210.531006	106210.053000	0.038000	0.000000	106210.531006	S	1977	32	s	1357340943040.947021
planetlab1.cs.unc.edu_planetlab1.cs.uiuc.edu_43344 1	106217.520996	106129.482000	0.050000	0.003000	106217.520996	S	1957	512	s	1357340943043.315918
planetlab1.cs.unc.edu_planetlab1.cs.uiuc.edu_43346 1	106219.566895	106132.141000	0.061000	0.004000	106219.566895	S	1958	512	s	1357340943045.397949
planetlab1.cs.unc.edu_planetlab1.cs.uiuc.edu_43348 1	106247.382080	106159.574000	0.060000	0.005000	106247.382080	S	1964	512	s	1357340943073.978027
planetlab1.cs.unc.edu_planetlab1.cs.uiuc.edu_43350 1	106265.160156	106177.192000	0.056000	0.004000	106265.160156	S	1968	512	s	1357340943091.873047
planetlab1.cs.unc.edu_planetlab1.cs.uiuc.edu_43352 1	106268.505859	106180.413000	0.266000	0.004000	106268.505859	S	1969	512	s	1357340943095.252930
planetlab1.cs.unc.edu_planetlab1.cs.uiuc.edu_43354 1	106270.253906	106183.212000	0.055000	0.003000	106270.253906	S	1970	512	s	1357340943097.033936
planetlab1.cs.unc.edu_planetlab1.cs.uiuc.edu_43356 1	106273.889893	106186.630000	0.092000	0.003000	106273.889893	S	1972	512	s	1357340943102.940918
planetlab1.cs.unc.edu_planetlab1.cs.uiuc.edu_43358 1	106283.951172	106195.340000	0.052000	0.003000	106283.951172	S	1973	512	s	1357340943113.091064
planetlab1.cs.unc.edu_planetlab1.cs.uiuc.edu_43360 1	106294.070068	106205.405000	0.046000	0.004000	106294.070068	S	1974	512	s	1357340943123.245117
planetlab1.cs.unc.edu_planetlab1.cs.uiuc.edu_43362 1	106295.716064	106206.431000	0.056000	0.004000	106295.716064	S	1975	512	s	1357340943126.041992
planetlab1.cs.unc.edu_planetlab1.cs.uiuc.edu_43364 1	106298.613037	106209.153000	0.049000	0.004000	106298.613037	S	1976	512	s	1357340943128.996094
planetlab1.cs.unc.edu_planetlab1.cs.uiuc.edu_43366 1	106312.709961	106223.875000	0.049000	0.004000	106312.709961	S	1980	512	s	1357340943143.242920
planetlab1.cs.unc.edu_planetlab1.cs.uiuc.edu_43368 1	106319.977783	106233.343000	0.043000	0.004000	106319.977783	S	1981	512	s	1357340943150.545898
planetlab1.cs.unc.edu_planetlab1.cs.uiuc.edu_43370 1	106323.890869	106235.610000	0.046000	0.011000	106323.890869	S	1982	512	s	1357340943154.491943
plab4.eece.ksu.edu_planetlab1.cs.uiuc.edu_6650 1	106345.937988	106284.735000	0.067000	0.003000	106345.937988	S	1991	2176	s	1357340943177.540039
planetlab1.cs.uiuc.edu_planetlab1.cs.uiuc.edu_36395 0	106380.179932	106379.739000	0.034000	0.000000	106380.179932	S	2009	32	s	1357340943213.409912
planetlab1.georgetown.edu_planetlab1.cs.uiuc.edu_12982 3	106402.489990	106083.297000	0.096000	0.007000	106402.489990	S	1947	576	s	1357340943224.548096
planetlab1.cs.unc.edu_planetlab1.cs.uiuc.edu_43374 2	106395.435059	106254.103000	0.058000	0.007000	106395.435059	S	1985	512	s	1357340943226.131104
plab4.eece.ksu.edu_planetlab1.cs.uiuc.edu_6652 1	106408.560059	106352.178000	0.057000	0.003000	106408.560059	S	2003	2176	s	1357340943241.574951
plab4.eece.ksu.edu_planetlab1.cs.uiuc.edu_6654 1	106416.330078	106362.445000	0.070000	0.003000	106416.330078	S	2005	2176	s	1357340943249.412109
planetlab2.cs.umass.edu_planetlab1.cs.uiuc.edu_4355 1	106420.939941	106332.265000	0.066000	0.005000	106420.939941	S	1999	1568	s	1357340943253.801025
plab4.eece.ksu.edu_planetlab1.cs.uiuc.edu_6656 1	106421.708008	106367.391000	0.045000	0.006000	106421.708008	S	2006	2176	s	1357340943254.839111
plab4.eece.ksu.edu_planetlab1.cs.uiuc.edu_6658 1	106424.183838	106369.555000	0.040000	0.004000	106424.183838	S	2007	2176	s	1357340943257.345947
planetlab1.cs.unc.edu_planetlab1.cs.uiuc.edu_43376 1	106449.169189	106362.290000	0.056000	0.005000	106449.169189	S	2004	512	s	1357340943282.215088
planetlab-01.cs.princeton.edu_planetlab1.cs.uiuc.edu_12345 9	106464.332031	106341.762000	1.183000	0.031000	106464.332031	S	2001	1088	s	1357340943297.270020
plab4.eece.ksu.edu_planetlab1.cs.uiuc.edu_6660 1	106484.572998	106430.754000	0.055000	0.004000	106484.572998	S	2015	2176	s	1357340943318.010986
nodeb.howard.edu_planetlab1.cs.uiuc.edu_7457 1	106520.501953	106447.812000	0.084000	0.004000	106520.501953	S	2016	2304	s	1357340943353.970947
planetlab1.cs.uiuc.edu_planetlab1.cs.uiuc.edu_36409 0	106589.080078	106588.312000	0.050000	0.000000	106589.080078	S	2022	32	s	1357340943424.193115
planetlab1.cs.uiuc.edu_planetlab1.cs.uiuc.edu_36413 0	106619.250000	106618.686000	0.027000	0.000000	106619.250000	S	2025	32	s	1357340943454.503906
planetlab1.cs.unc.edu_planetlab1.cs.uiuc.edu_43380 1	106646.784180	106559.967000	0.071000	0.004000	106646.784180	S	2020	512	s	1357340943481.580078
planetlab1.cs.uiuc.edu_planetlab1.cs.uiuc.edu_36422 0	106720.154053	106718.985000	0.027000	0.000000	106720.154053	S	2033	32	s	1357340943556.146973
planetlab1.cs.uiuc.edu_planetlab1.cs.uiuc.edu_36430 0	106802.204102	106800.883000	0.028000	0.000000	106802.204102	S	2040	32	s	1357340943638.456055
planetlab1.cs.uiuc.edu_planetlab1.cs.uiuc.edu_36432 0	106804.458008	106802.956000	0.031000	0.000000	106804.458008	S	2041	32	s	1357340943641.396973
planetlab1.cs.uiuc.edu_planetlab1.cs.uiuc.edu_36435 0	106807.699951	106805.984000	0.022000	0.000000	106807.699951	S	2043	32	s	1357340943644.717041
planetlab1.cs.unc.edu_planetlab1.cs.uiuc.edu_43383 1	106809.028809	106717.386000	0.138000	0.004000	106809.028809	S	2032	512	s	1357340943644.900879
planetlab1.cs.uiuc.edu_planetlab1.cs.uiuc.edu_36438 0	106811.142090	106808.714000	0.032000	0.000000	106811.142090	S	2045	32	s	1357340943648.228027
planetlab1.cs.unc.edu_planetlab1.cs.uiuc.edu_43385 1	106838.033936	106748.815000	0.069000	0.007000	106838.033936	S	2036	512	s	1357340943674.145996
plab4.eece.ksu.edu_planetlab1.cs.uiuc.edu_6662 1	106841.947998	106787.483000	0.054000	0.007000	106841.947998	S	2039	2176	s	1357340943678.166016
planetlab1.cs.unc.edu_planetlab1.cs.uiuc.edu_43387 1	106846.375000	106758.675000	0.051000	0.009000	106846.375000	S	2037	512	s	1357340943682.521973
planetlab-01.bu.edu_planetlab1.cs.uiuc.edu_9254 3	106851.701172	106619.307000	0.101000	0.009000	106851.701172	S	2026	640	s	1357340943686.995117
planetlab1.cs.unc.edu_planetlab1.cs.uiuc.edu_43389 1	106868.458008	106778.791000	0.052000	0.011000	106868.458008	S	2038	512	s	1357340943704.639893
planetlab1.cs.unc.edu_planetlab1.cs.uiuc.edu_43391 1	106894.558105	106805.830000	0.058000	0.003000	106894.558105	S	2044	512	s	1357340943731.611084
pl2.eecs.utk.edu_planetlab1.cs.uiuc.edu_7267 9	106915.196045	106836.293000	0.188000	0.018000	106915.196045	S	2047	80	s	1357340943752.355957
planetlab6.flux.utah.edu_planetlab1.cs.uiuc.edu_32912 9	107019.745850	106248.634000	0.163000	0.017000	107019.745850	S	1984	160	s	1357340943850.408936
planetlab2.cs.unc.edu_planetlab1.cs.uiuc.edu_17992 1	107117.979980	107030.998000	0.067000	0.002000	107117.979980	S	2089	2080	s	1357340943959.698975
planetlab1.cs.purdue.edu_planetlab1.cs.uiuc.edu_8071 3	107133.895996	106978.562000	0.123000	0.008000	107133.895996	S	2076	2112	s	1357340943973.568115
nodeb.howard.edu_planetlab1.cs.uiuc.edu_7459 3	107194.405029	107016.287000	0.154000	0.009000	107194.405029	S	2086	2304	s	1357340944036.041992
planetlab1.cs.uiuc.edu_planetlab1.cs.uiuc.edu_36534 0	107228.105957	107227.619000	0.036000	0.000000	107228.105957	S	2136	32	s	1357340944074.023926
planetlab1.cs.uoregon.edu_planetlab1.cs.uiuc.edu_17605 2	107242.851807	107068.653000	0.083000	0.005000	107242.851807	S	2098	224	s	1357340944084.836914
planetlab-01.bu.edu_planetlab1.cs.uiuc.edu_9256 3	107275.156982	107042.258000	0.109000	0.007000	107275.156982	S	2092	640	s	1357340944116.958008
planetlab6.cs.duke.edu_planetlab1.cs.uiuc.edu_10740 9	107337.198975	107248.929000	0.248000	0.019000	107337.198975	S	2142	144	s	1357340944183.319092
planetlab-03.cs.princeton.edu_planetlab1.cs.uiuc.edu_5045 2	107428.439941	107305.513000	0.909000	0.006000	107428.439941	S	2156	112	s	1357340944275.758057
planetlab1.cs.unc.edu_planetlab1.cs.uiuc.edu_43397 2	107435.239014	107295.239000	0.072000	0.006000	107435.239014	S	2153	512	s	1357340944282.458984
planetlab1.cs.unc.edu_planetlab1.cs.uiuc.edu_43399 2	107461.014160	107321.162000	0.079000	0.004000	107461.014160	S	2162	512	s	1357340944308.508057
planetlab1.georgetown.edu_planetlab1.cs.uiuc.edu_12986 3	107469.833984	107148.402000	0.102000	0.009000	107469.833984	S	2118	576	s	1357340944314.033936
planetlab3.williams.edu_planetlab1.cs.uiuc.edu_33459 9	107549.328857	107018.916000	0.213000	0.030000	107549.328857	S	2087	544	s	1357340944390.993896
planetlab1.cs.purdue.edu_planetlab1.cs.uiuc.edu_8073 3	107543.287109	107387.369000	0.105000	0.007000	107543.287109	S	2179	2112	s	1357340944392.362061
planetlab2.cs.unc.edu_planetlab1.cs.uiuc.edu_18049 1	107555.725098	107468.629000	0.048000	0.005000	107555.725098	S	2202	2080	s	1357340944407.016113
nodeb.howard.edu_planetlab1.cs.uiuc.edu_7461 3	107629.254883	107451.771000	0.115000	0.007000	107629.254883	S	2197	2304	s	1357340944480.406982
planetlab6.flux.utah.edu_planetlab1.cs.uiuc.edu_32946 9	107749.577148	106980.355000	0.159000	0.020000	107749.577148	S	2077	160	s	1357340944589.278076
planet6.cs.ucsb.edu_planetlab1.cs.uiuc.edu_10608 9	107872.613037	106905.020000	0.699000	0.028000	107872.613037	S	2059	768	s	1357340944710.821045
nodea.howard.edu_planetlab1.cs.uiuc.edu_4979 5	107888.033936	107198.417000	0.223000	0.024000	107888.033936	S	2130	3072	s	1357340944733.781006
planet6.cs.ucsb.edu_planetlab1.cs.uiuc.edu_10610 9	107902.775879	106937.595000	0.207000	0.024000	107902.775879	S	2067	768	s	1357340944741.920898
planet6.cs.ucsb.edu_planetlab1.cs.uiuc.edu_10612 9	107929.916016	106962.800000	0.436000	0.013000	107929.916016	S	2073	768	s	1357340944769.482910
planet6.cs.ucsb.edu_planetlab1.cs.uiuc.edu_10614 9	107930.234863	106964.109000	0.148000	0.015000	107930.234863	S	2074	768	s	1357340944769.833984
planet6.cs.ucsb.edu_planetlab1.cs.uiuc.edu_10616 9	107936.427002	106971.427000	0.164000	0.015000	107936.427002	S	2075	768	s	1357340944776.070068
planetlab3.williams.edu_planetlab1.cs.uiuc.edu_33466 9	107935.472900	107403.080000	0.207000	0.030000	107935.472900	S	2183	544	s	1357340944784.666016
planet6.cs.ucsb.edu_planetlab1.cs.uiuc.edu_10618 9	107952.072998	106987.544000	0.171000	0.014000	107952.072998	S	2079	768	s	1357340944793.488037
planetlab1.temple.edu_planetlab1.cs.uiuc.edu_41210 2	108069.435791	107952.256000	0.151000	0.007000	108069.435791	S	1794	1024	s	1357340944868.243896
planet6.cs.ucsb.edu_planetlab1.cs.uiuc.edu_10622 9	108075.267822	107106.884000	1.039000	0.016000	108075.267822	S	2107	768	s	1357340944918.025879
planetlab1.temple.edu_planetlab1.cs.uiuc.edu_41227 2	108144.737061	108004.658000	0.075000	0.006000	108144.737061	S	1832	1024	s	1357340944948.272949
planetlab1.temple.edu_planetlab1.cs.uiuc.edu_41236 2	108176.895020	108048.852000	0.069000	0.005000	108176.895020	S	1864	1024	s	1357340944985.339111
planetlab1.temple.edu_planetlab1.cs.uiuc.edu_41241 2	108189.398926	108068.628000	0.082000	0.007000	108189.398926	S	1878	1024	s	1357340945001.458008
planetlab1.temple.edu_planetlab1.cs.uiuc.edu_41246 2	108199.338135	108077.114000	0.051000	0.006000	108199.338135	S	1896	1024	s	1357340945012.134033
planetlab1.temple.edu_planetlab1.cs.uiuc.edu_41245 2	108199.961914	108077.626000	0.149000	0.007000	108199.961914	S	1888	1024	s	1357340945012.347900
planetlab1.temple.edu_planetlab1.cs.uiuc.edu_41248 2	108206.738037	108082.305000	0.090000	0.004000	108206.738037	S	1897	1024	s	1357340945022.686035
planetlab1.temple.edu_planetlab1.cs.uiuc.edu_41251 2	108220.060059	108097.592000	0.068000	0.007000	108220.060059	S	1898	1024	s	1357340945036.062012
planetlab1.temple.edu_planetlab1.cs.uiuc.edu_41255 2	108224.008057	108087.976000	0.064000	0.006000	108224.008057	S	1900	1024	s	1357340945040.068115
planetlab1.temple.edu_planetlab1.cs.uiuc.edu_41257 2	108228.901855	108105.672000	0.122000	0.068000	108228.901855	S	1912	1024	s	1357340945045.367920
planet6.cs.ucsb.edu_planetlab1.cs.uiuc.edu_10624 9	108209.155029	107242.134000	0.236000	0.021000	108209.155029	S	2139	768	s	1357340945055.178955
planetlab1.temple.edu_planetlab1.cs.uiuc.edu_41264 2	108253.184082	108118.418000	0.076000	0.008000	108253.184082	S	1920	1024	s	1357340945069.914062
planetlab1.temple.edu_planetlab1.cs.uiuc.edu_41266 2	108257.189941	108132.953000	0.154000	0.007000	108257.189941	S	1922	1024	s	1357340945073.977051
planetlab1.temple.edu_planetlab1.cs.uiuc.edu_41268 2	108259.678955	108134.003000	0.071000	0.007000	108259.678955	S	1923	1024	s	1357340945076.492920
planetlab1.temple.edu_planetlab1.cs.uiuc.edu_41270 2	108259.029053	108136.172000	0.064000	0.004000	108259.029053	S	1926	1024	s	1357340945076.875977
planetlab1.temple.edu_planetlab1.cs.uiuc.edu_41273 2	108259.085938	108139.996000	0.099000	0.005000	108259.085938	S	1930	1024	s	1357340945079.531006
planetlab1.temple.edu_planetlab1.cs.uiuc.edu_41277 2	108286.740967	108162.985000	0.066000	0.007000	108286.740967	S	1938	1024	s	1357340945108.499023
planetlab1.temple.edu_planetlab1.cs.uiuc.edu_41290 2	108309.873047	108193.851000	0.088000	0.006000	108309.873047	S	1954	1024	s	1357340945135.352051
planetlab1.temple.edu_planetlab1.cs.uiuc.edu_41296 2	108311.274902	108190.462000	0.082000	0.005000	108311.274902	S	1986	1024	s	1357340945142.000000
planetlab1.temple.edu_planetlab1.cs.uiuc.edu_41299 2	108322.394043	108202.221000	0.305000	0.006000	108322.394043	S	2021	1024	s	1357340945157.231934
plgmu2.ite.gmu.edu_planetlab1.cs.uiuc.edu_5224 3	108313.965088	108187.948000	0.131000	0.008000	108313.965088	S	2140	1536	s	1357340945160.020020
plgmu2.ite.gmu.edu_planetlab1.cs.uiuc.edu_5226 3	108310.066162	108192.246000	0.142000	0.008000	108310.066162	S	2204	1536	s	1357340945161.413086
planetlab1.temple.edu_planetlab1.cs.uiuc.edu_41303 2	108335.235840	108213.819000	0.080000	0.006000	108335.235840	S	2024	1024	s	1357340945170.460938
planetlab1.temple.edu_planetlab1.cs.uiuc.edu_41305 2	108334.260986	108214.755000	0.078000	0.005000	108334.260986	S	2046	1024	s	1357340945171.389893
planetlab1.temple.edu_planetlab1.cs.uiuc.edu_41307 2	108335.692139	108211.526000	0.119000	0.006000	108335.692139	S	2083	1024	s	1357340945177.247070
planetlab1.temple.edu_planetlab1.cs.uiuc.edu_41310 2	108345.887939	108223.154000	0.085000	0.006000	108345.887939	S	2104	1024	s	1357340945188.199951
planetlab1.temple.edu_planetlab1.cs.uiuc.edu_41314 2	108354.015869	108233.024000	0.083000	0.006000	108354.015869	S	2187	1024	s	1357340945203.313965
planetlab6.csail.mit.edu_planetlab1.cs.uiuc.edu_30234 9	108461.972900	108177.765000	0.205000	0.018000	108461.972900	S	1688	1056	s	1357340945237.866943
planet6.cs.ucsb.edu_planetlab1.cs.uiuc.edu_10627 9	108449.708984	107478.265000	0.277000	0.019000	108449.708984	S	2203	768	s	1357340945301.028076
planetlab2.acis.ufl.edu_planetlab1.cs.uiuc.edu_8609 9	108692.841064	108169.285000	0.277000	0.018000	108692.841064	S	1979	1152	s	1357340945523.344971
planetlab2.acis.ufl.edu_planetlab1.cs.uiuc.edu_8611 9	108702.684082	108189.730000	0.235000	0.025000	108702.684082	S	2150	1152	s	1357340945549.330078
planetlab5.millennium.berkeley.edu_planetlab1.cs.uiuc.edu_9743 9	109349.349121	108180.981000	0.326000	0.020000	109349.349121	S	2093	1280	s	1357340946191.195068
planetlab-01.cs.princeton.edu_planetlab1.cs.uiuc.edu_12389 9	109769.079834	108182.011000	1.017000	0.120000	109769.079834	S	2071	1088	s	1357340946608.336914
dplanet2.uoc.edu_planetlab1.cs.uiuc.edu_3471 9	109855.783936	107347.621000	0.492000	0.148000	109855.783936	S	2168	2464	s	1357340946704.552002
planetlab6.csail.mit.edu_planetlab1.cs.uiuc.edu_30320 9	111720.855957	111432.082000	0.600000	0.035000	111720.855957	S	2062	1056	s	1357340948559.147949
planetlab6.csail.mit.edu_planetlab1.cs.uiuc.edu_30322 9	111718.572998	111441.815000	0.570000	0.027000	111718.572998	S	2193	1056	s	1357340948568.043945
planetlab6.csail.mit.edu_planetlab1.cs.uiuc.edu_30327 9	111741.713867	111631.108000	0.485000	0.030000	111741.713867	S	2171	1056	s	1357340948590.563965
planetlab2.millennium.berkeley.edu_planetlab1.cs.uiuc.edu_23329 1	125950.863037	125741.846000	0.193000	0.003000	125950.863037	S	1546	2048	s	1357340962696.440918
planetlab2.millennium.berkeley.edu_planetlab1.cs.uiuc.edu_23331 1	125961.459961	125753.637000	0.127000	0.003000	125961.459961	S	1554	2048	s	1357340962709.185059
planetlab2.millennium.berkeley.edu_planetlab1.cs.uiuc.edu_23333 1	125971.401123	125762.707000	0.120000	0.004000	125971.401123	S	1560	2048	s	1357340962721.435059
planetlab2.millennium.berkeley.edu_planetlab1.cs.uiuc.edu_23335 1	125976.275879	125768.475000	0.123000	0.005000	125976.275879	S	1562	2048	s	1357340962726.397949
planetlab2.millennium.berkeley.edu_planetlab1.cs.uiuc.edu_23337 1	125976.921875	125768.515000	0.112000	0.003000	125976.921875	S	1563	2048	s	1357340962727.074951
planetlab2.millennium.berkeley.edu_planetlab1.cs.uiuc.edu_23339 1	125984.897217	125772.508000	0.115000	0.004000	125984.897217	S	1566	2048	s	1357340962735.850098
planetlab2.millennium.berkeley.edu_planetlab1.cs.uiuc.edu_23341 1	126012.350098	125803.779000	0.104000	0.004000	126012.350098	S	1570	2048	s	1357340962763.445068
planetlab2.millennium.berkeley.edu_planetlab1.cs.uiuc.edu_23343 1	126028.259033	125819.635000	0.081000	0.003000	126028.259033	S	1576	2048	s	1357340962779.550049
planetlab2.millennium.berkeley.edu_planetlab1.cs.uiuc.edu_23345 1	126040.476807	125832.155000	0.080000	0.003000	126040.476807	S	1578	2048	s	1357340962791.837891
planetlab2.millennium.berkeley.edu_planetlab1.cs.uiuc.edu_23347 1	126042.164062	125834.237000	0.138000	0.004000	126042.164062	S	1579	2048	s	1357340962795.220947
planetlab2.millennium.berkeley.edu_planetlab1.cs.uiuc.edu_23349 1	126043.294922	125835.786000	0.094000	0.003000	126043.294922	S	1582	2048	s	1357340962796.521973
planetlab2.millennium.berkeley.edu_planetlab1.cs.uiuc.edu_23351 1	126052.020996	125843.831000	0.082000	0.003000	126052.020996	S	1584	2048	s	1357340962805.324951
planetlab2.millennium.berkeley.edu_planetlab1.cs.uiuc.edu_23353 1	126079.277100	125871.695000	0.080000	0.004000	126079.277100	S	1586	2048	s	1357340962832.643066
planetlab2.millennium.berkeley.edu_planetlab1.cs.uiuc.edu_23355 1	126097.845947	125886.852000	0.169000	0.004000	126097.845947	S	1587	2048	s	1357340962851.241943
planetlab2.millennium.berkeley.edu_planetlab1.cs.uiuc.edu_23357 1	126113.293945	125901.570000	0.124000	0.004000	126113.293945	S	1590	2048	s	1357340962866.792969
planetlab2.millennium.berkeley.edu_planetlab1.cs.uiuc.edu_23359 1	126111.708008	125903.411000	0.078000	0.002000	126111.708008	S	1592	2048	s	1357340962866.993896
planetlab2.millennium.berkeley.edu_planetlab1.cs.uiuc.edu_23361 1	126111.857910	125903.649000	0.069000	0.004000	126111.857910	S	1593	2048	s	1357340962867.181885
planetlab2.millennium.berkeley.edu_planetlab1.cs.uiuc.edu_23363 1	126121.875000	125911.901000	0.069000	0.004000	126121.875000	S	1594	2048	s	1357340962877.236084
planetlab2.millennium.berkeley.edu_planetlab1.cs.uiuc.edu_23365 1	126147.454834	125939.041000	0.074000	0.004000	126147.454834	S	1595	2048	s	1357340962902.846924
planetlab2.millennium.berkeley.edu_planetlab1.cs.uiuc.edu_23367 1	126166.397949	125955.465000	0.078000	0.005000	126166.397949	S	1596	2048	s	1357340962921.821045
planetlab2.millennium.berkeley.edu_planetlab1.cs.uiuc.edu_23369 1	126184.944092	125968.499000	0.092000	0.002000	126184.944092	S	1598	2048	s	1357340962940.447021
planetlab2.millennium.berkeley.edu_planetlab1.cs.uiuc.edu_23371 1	126185.132080	125969.955000	0.074000	0.003000	126185.132080	S	1599	2048	s	1357340962940.666016
planetlab2.millennium.berkeley.edu_planetlab1.cs.uiuc.edu_23373 1	126183.755127	125969.405000	0.079000	0.004000	126183.755127	S	1626	2048	s	1357340962944.257080
planetlab2.millennium.berkeley.edu_planetlab1.cs.uiuc.edu_23375 2	126188.307861	125920.262000	0.115000	0.007000	126188.307861	S	1615	2048	s	1357340962947.920898
planetlab2.millennium.berkeley.edu_planetlab1.cs.uiuc.edu_23377 1	126206.383789	125997.748000	0.091000	0.008000	126206.383789	S	1642	2048	s	1357340962971.577881
planetlab2.millennium.berkeley.edu_planetlab1.cs.uiuc.edu_23379 1	126218.192871	126010.499000	0.117000	0.002000	126218.192871	S	1650	2048	s	1357340962987.719971
planetlab2.millennium.berkeley.edu_planetlab1.cs.uiuc.edu_23381 1	126232.780029	126024.430000	0.099000	0.005000	126232.780029	S	1656	2048	s	1357340963002.616943
planetlab2.millennium.berkeley.edu_planetlab1.cs.uiuc.edu_23383 1	126228.909912	126021.341000	0.075000	0.003000	126228.909912	S	1658	2048	s	1357340963002.854004
planetlab2.millennium.berkeley.edu_planetlab1.cs.uiuc.edu_23385 1	126229.209961	126020.661000	0.095000	0.004000	126229.209961	S	1659	2048	s	1357340963003.187988
planetlab2.millennium.berkeley.edu_planetlab1.cs.uiuc.edu_23387 1	126240.386230	126032.739000	0.083000	0.003000	126240.386230	S	1662	2048	s	1357340963014.516113
planetlab2.millennium.berkeley.edu_planetlab1.cs.uiuc.edu_23389 2	126266.125000	126003.146000	0.091000	0.010000	126266.125000	S	1673	2048	s	1357340963041.544922
planetlab2.millennium.berkeley.edu_planetlab1.cs.uiuc.edu_23391 1	126281.206055	126071.509000	0.091000	0.005000	126281.206055	S	1690	2048	s	1357340963057.355957
planetlab2.millennium.berkeley.edu_planetlab1.cs.uiuc.edu_23395 1	126291.142090	126084.121000	0.088000	0.004000	126291.142090	S	1714	2048	s	1357340963071.672119
planetlab2.millennium.berkeley.edu_planetlab1.cs.uiuc.edu_23393 1	126292.233154	126084.706000	0.086000	0.004000	126292.233154	S	1706	2048	s	1357340963071.883057
planetlab2.millennium.berkeley.edu_planetlab1.cs.uiuc.edu_23397 2	126293.578125	126030.297000	0.097000	0.011000	126293.578125	S	1701	2048	s	1357340963073.058105
planetlab2.millennium.berkeley.edu_planetlab1.cs.uiuc.edu_23399 1	126302.782959	126092.375000	0.095000	0.004000	126302.782959	S	1720	2048	s	1357340963083.520020
planetlab2.millennium.berkeley.edu_planetlab1.cs.uiuc.edu_23402 1	126329.942871	126117.313000	0.082000	0.005000	126329.942871	S	1722	2048	s	1357340963110.743896
planetlab2.millennium.berkeley.edu_planetlab1.cs.uiuc.edu_23403 1	126345.044922	126137.346000	0.043000	0.005000	126345.044922	S	1723	2048	s	1357340963126.541016
planetlab2.millennium.berkeley.edu_planetlab1.cs.uiuc.edu_23405 1	126357.681885	126150.164000	0.113000	0.003000	126357.681885	S	1726	2048	s	1357340963141.346924
planetlab2.millennium.berkeley.edu_planetlab1.cs.uiuc.edu_23407 2	126357.666992	126094.803000	0.094000	0.007000	126357.666992	S	1744	2048	s	1357340963142.487061
planetlab2.millennium.berkeley.edu_planetlab1.cs.uiuc.edu_23409 1	126346.135010	126138.093000	0.122000	0.003000	126346.135010	S	1786	2048	s	1357340963142.697021
planetlab2.millennium.berkeley.edu_planetlab1.cs.uiuc.edu_23411 2	126355.405029	126092.404000	0.085000	0.005000	126355.405029	S	1796	2048	s	1357340963154.291016
planetlab2.millennium.berkeley.edu_planetlab1.cs.uiuc.edu_23413 2	126381.041016	126118.611000	0.130000	0.006000	126381.041016	S	1801	2048	s	1357340963180.118896
planetlab2.millennium.berkeley.edu_planetlab1.cs.uiuc.edu_23415 1	126394.360107	126184.659000	0.094000	0.004000	126394.360107	S	1818	2048	s	1357340963197.385986
planetlab2.millennium.berkeley.edu_planetlab1.cs.uiuc.edu_23417 1	126406.826904	126198.385000	0.094000	0.003000	126406.826904	S	1834	2048	s	1357340963210.427002
planetlab2.millennium.berkeley.edu_planetlab1.cs.uiuc.edu_23421 1	126403.666016	126196.401000	0.091000	0.003000	126403.666016	S	1848	2048	s	1357340963211.427979
planetlab2.millennium.berkeley.edu_planetlab1.cs.uiuc.edu_23419 1	126405.219971	126197.444000	0.083000	0.009000	126405.219971	S	1842	2048	s	1357340963211.642090
planetlab2.millennium.berkeley.edu_planetlab1.cs.uiuc.edu_23423 1	126415.243164	126207.513000	0.087000	0.005000	126415.243164	S	1850	2048	s	1357340963223.068115
planetlab2.millennium.berkeley.edu_planetlab1.cs.uiuc.edu_23425 1	126441.110107	126233.382000	0.077000	0.004000	126441.110107	S	1851	2048	s	1357340963248.967041
planetlab2.millennium.berkeley.edu_planetlab1.cs.uiuc.edu_23427 1	126459.519043	126249.271000	0.074000	0.004000	126459.519043	S	1854	2048	s	1357340963267.476074
planetlab2.millennium.berkeley.edu_planetlab1.cs.uiuc.edu_23431 2	126466.248047	126200.442000	0.120000	0.006000	126466.248047	S	1905	2048	s	1357340963282.487061
planetlab2.millennium.berkeley.edu_planetlab1.cs.uiuc.edu_23429 1	126466.168945	126255.962000	0.091000	0.003000	126466.168945	S	1914	2048	s	1357340963282.697998
planetlab2.millennium.berkeley.edu_planetlab1.cs.uiuc.edu_23433 2	126468.542969	126203.412000	0.100000	0.006000	126468.542969	S	1921	2048	s	1357340963285.303955
planetlab2.millennium.berkeley.edu_planetlab1.cs.uiuc.edu_23435 2	126472.536133	126209.541000	0.116000	0.007000	126472.536133	S	1928	2048	s	1357340963292.924072
planetlab2.millennium.berkeley.edu_planetlab1.cs.uiuc.edu_23437 2	126499.577881	126235.624000	0.092000	0.012000	126499.577881	S	1929	2048	s	1357340963319.992920
planetlab2.millennium.berkeley.edu_planetlab1.cs.uiuc.edu_23439 2	126517.516113	126252.190000	0.120000	0.011000	126517.516113	S	1931	2048	s	1357340963337.989014
planetlab2.millennium.berkeley.edu_planetlab1.cs.uiuc.edu_23441 2	126532.711914	126271.011000	0.083000	0.005000	126532.711914	S	1933	2048	s	1357340963353.250000
planetlab2.millennium.berkeley.edu_planetlab1.cs.uiuc.edu_23443 2	126533.629883	126267.660000	0.148000	0.006000	126533.629883	S	1945	2048	s	1357340963355.625000
planetlab2.millennium.berkeley.edu_planetlab1.cs.uiuc.edu_23445 2	126529.913086	126263.749000	0.113000	0.005000	126529.913086	S	1961	2048	s	1357340963355.849121
planetlab2.millennium.berkeley.edu_planetlab1.cs.uiuc.edu_23447 1	126530.881104	126321.957000	0.102000	0.003000	126530.881104	S	1978	2048	s	1357340963361.351074
planetlab2.millennium.berkeley.edu_planetlab1.cs.uiuc.edu_23449 2	126558.974854	126293.432000	0.130000	0.006000	126558.974854	S	1993	2048	s	1357340963391.617920
planetlab2.millennium.berkeley.edu_planetlab1.cs.uiuc.edu_23451 2	126572.188965	126307.238000	0.114000	0.005000	126572.188965	S	2030	2048	s	1357340963407.608887
planetlab2.millennium.berkeley.edu_planetlab1.cs.uiuc.edu_23453 2	126582.352783	126319.705000	0.122000	0.005000	126582.352783	S	2063	2048	s	1357340963420.670898
planetlab2.millennium.berkeley.edu_planetlab1.cs.uiuc.edu_23455 2	126582.547119	126317.806000	0.112000	0.008000	126582.547119	S	2099	2048	s	1357340963424.560059
planetlab2.millennium.berkeley.edu_planetlab1.cs.uiuc.edu_23457 2	126580.299072	126312.947000	0.122000	0.011000	126580.299072	S	2119	2048	s	1357340963424.760010
planetlab2.millennium.berkeley.edu_planetlab1.cs.uiuc.edu_23459 2	126586.913086	126320.991000	0.086000	0.008000	126586.913086	S	2123	2048	s	1357340963432.468994
planetlab2.millennium.berkeley.edu_planetlab1.cs.uiuc.edu_23461 2	126610.930908	126347.717000	0.097000	0.012000	126610.930908	S	2125	2048	s	1357340963456.544922
planetlab2.millennium.berkeley.edu_planetlab1.cs.uiuc.edu_23463 2	126633.278809	126369.299000	0.115000	0.006000	126633.278809	S	2126	2048	s	1357340963478.919922
planetlab2.millennium.berkeley.edu_planetlab1.cs.uiuc.edu_23465 2	126642.479004	126379.499000	0.099000	0.006000	126642.479004	S	2127	2048	s	1357340963488.145020
planetlab2.millennium.berkeley.edu_planetlab1.cs.uiuc.edu_23467 2	126645.114990	126383.812000	0.094000	0.007000	126645.114990	S	2143	2048	s	1357340963491.281006
planetlab2.millennium.berkeley.edu_planetlab1.cs.uiuc.edu_23469 2	126644.299805	126382.769000	0.108000	0.012000	126644.299805	S	2159	2048	s	1357340963491.701904
ricepl-2.cs.rice.edu_planetlab1.cs.uiuc.edu_28457 1	146107.703125	146016.006000	0.058000	0.004000	146107.703125	S	1485	128	s	1357340982840.228027
ricepl-2.cs.rice.edu_planetlab1.cs.uiuc.edu_28482 1	146245.908936	146154.474000	0.053000	0.005000	146245.908936	S	1509	128	s	1357340982981.793945
ricepl-2.cs.rice.edu_planetlab1.cs.uiuc.edu_28484 2	146259.406982	146103.999000	0.057000	0.006000	146259.406982	S	1496	128	s	1357340982994.126953
ricepl-2.cs.rice.edu_planetlab1.cs.uiuc.edu_28488 1	146269.655029	146178.506000	0.081000	0.004000	146269.655029	S	1513	128	s	1357340983008.908936
ricepl-2.cs.rice.edu_planetlab1.cs.uiuc.edu_28495 1	146315.916016	146215.387000	0.050000	0.004000	146315.916016	S	1516	128	s	1357340983055.333984
ricepl-2.cs.rice.edu_planetlab1.cs.uiuc.edu_28497 1	146317.688965	146225.767000	0.046000	0.004000	146317.688965	S	1517	128	s	1357340983057.147949
ricepl-2.cs.rice.edu_planetlab1.cs.uiuc.edu_28499 1	146335.895020	146242.593000	0.051000	0.003000	146335.895020	S	1519	128	s	1357340983075.772949
ricepl-2.cs.rice.edu_planetlab1.cs.uiuc.edu_28505 1	146347.949951	146254.197000	0.060000	0.004000	146347.949951	S	1533	128	s	1357340983089.165039
ricepl-2.cs.rice.edu_planetlab1.cs.uiuc.edu_28507 2	146367.808105	146210.426000	0.069000	0.006000	146367.808105	S	1522	128	s	1357340983107.810059
ricepl-2.cs.rice.edu_planetlab1.cs.uiuc.edu_28517 2	146414.712891	146260.443000	0.061000	0.004000	146414.712891	S	1550	128	s	1357340983162.274902
ricepl-2.cs.rice.edu_planetlab1.cs.uiuc.edu_28631 2	147157.932129	147002.556000	0.066000	0.007000	147157.932129	S	1702	128	s	1357340983937.444092
ricepl-2.cs.rice.edu_planetlab1.cs.uiuc.edu_28689 2	147559.571045	147403.896000	0.079000	0.005000	147559.571045	S	1798	128	s	1357340984358.541992
ricepl-2.cs.rice.edu_planetlab1.cs.uiuc.edu_28691 2	147564.969971	147408.206000	0.063000	0.015000	147564.969971	S	1802	128	s	1357340984364.092041
ricepl-2.cs.rice.edu_planetlab1.cs.uiuc.edu_28693 2	147566.104004	147410.870000	0.054000	0.007000	147566.104004	S	1804	128	s	1357340984365.284912
ricepl-2.cs.rice.edu_planetlab1.cs.uiuc.edu_28696 2	147587.943115	147436.029000	0.064000	0.006000	147587.943115	S	1806	128	s	1357340984387.187012
ricepl-2.cs.rice.edu_planetlab1.cs.uiuc.edu_28699 2	147593.667969	147440.684000	0.054000	0.007000	147593.667969	S	1807	128	s	1357340984392.955078
ricepl-2.cs.rice.edu_planetlab1.cs.uiuc.edu_28706 2	147650.385986	147497.386000	0.066000	0.005000	147650.385986	S	1822	128	s	1357340984453.574951
ricepl-2.cs.rice.edu_planetlab1.cs.uiuc.edu_28726 2	147810.111084	147654.759000	0.069000	0.005000	147810.111084	S	1838	128	s	1357340984616.402100
ricepl-2.cs.rice.edu_planetlab1.cs.uiuc.edu_28752 2	148103.656982	147945.698000	0.067000	0.006000	148103.656982	S	1870	128	s	1357340984915.476074
ricepl-2.cs.rice.edu_planetlab1.cs.uiuc.edu_28765 2	148325.878906	148172.544000	0.062000	0.005000	148325.878906	S	1906	128	s	1357340985142.148926
ricepl-2.cs.rice.edu_planetlab1.cs.uiuc.edu_28773 2	148485.487061	148332.539000	1.110000	0.005000	148485.487061	S	1934	128	s	1357340985306.051025
ricepl-2.cs.rice.edu_planetlab1.cs.uiuc.edu_28780 2	148644.156982	148488.127000	0.064000	0.005000	148644.156982	S	1944	128	s	1357340985466.121094
ricepl-2.cs.rice.edu_planetlab1.cs.uiuc.edu_28806 1	149043.062012	148946.481000	1.149000	0.003000	149043.062012	S	2029	128	s	1357340985878.447998
ricepl-2.cs.rice.edu_planetlab1.cs.uiuc.edu_28819 2	149174.787109	149019.888000	0.085000	0.006000	149174.787109	S	2055	128	s	1357340986012.863037
ricepl-2.cs.rice.edu_planetlab1.cs.uiuc.edu_28834 2	149402.497070	149243.616000	0.070000	0.006000	149402.497070	S	2131	128	s	1357340986248.272949
ricepl-2.cs.rice.edu_planetlab1.cs.uiuc.edu_28848 2	149554.971924	149398.671000	0.088000	0.006000	149554.971924	S	2195	128	s	1357340986406.041016
ricepl-2.cs.rice.edu_planetlab1.cs.uiuc.edu_28850 2	149565.163818	149410.755000	0.063000	0.004000	149565.163818	S	2200	128	s	1357340986416.398926
planetlab6.cs.duke.edu_planetlab1.cs.uiuc.edu_17832 9	191550.506104	191021.354000	0.241000	0.027000	191550.506104	S	1725	144	s	1357341028332.071045
planetlab6.cs.duke.edu_planetlab1.cs.uiuc.edu_17838 9	191536.859863	191008.778000	0.240000	0.022000	191536.859863	S	2091	144	s	1357341028378.628906
planetlab2.umassd.edu_planetlab1.cs.uiuc.edu_69972 1	204002.222900	203901.770000	0.043000	0.003000	204002.222900	S	1471	0	s	1357341040730.596924
planetlab2.umassd.edu_planetlab1.cs.uiuc.edu_69979 1	204046.190918	203945.670000	0.037000	0.003000	204046.190918	S	1475	0	s	1357341040776.406982
planetlab2.umassd.edu_planetlab1.cs.uiuc.edu_69990 1	204115.617920	204012.864000	0.041000	0.002000	204115.617920	S	1481	0	s	1357341040847.989990
planetlab2.umassd.edu_planetlab1.cs.uiuc.edu_69992 1	204115.956055	204014.797000	0.037000	0.004000	204115.956055	S	1482	0	s	1357341040848.354980
planetlab2.umassd.edu_planetlab1.cs.uiuc.edu_69995 1	204128.101807	204024.714000	0.037000	0.004000	204128.101807	S	1483	0	s	1357341040860.535889
planetlab2.umassd.edu_planetlab1.cs.uiuc.edu_70004 1	204174.069092	204071.474000	0.064000	0.003000	204174.069092	S	1487	0	s	1357341040906.672119
planetlab2.umassd.edu_planetlab1.cs.uiuc.edu_70012 1	204206.295166	204105.245000	0.089000	0.004000	204206.295166	S	1492	0	s	1357341040940.830078
planetlab2.umassd.edu_planetlab1.cs.uiuc.edu_70023 1	204252.287109	204150.566000	0.037000	0.003000	204252.287109	S	1499	0	s	1357341040987.121094
planetlab2.umassd.edu_planetlab1.cs.uiuc.edu_70025 1	204262.468994	204160.476000	0.041000	0.002000	204262.468994	S	1503	0	s	1357341040997.426025
planetlab2.umassd.edu_planetlab1.cs.uiuc.edu_70029 1	204263.999023	204161.810000	0.082000	0.004000	204263.999023	S	1507	0	s	1357341040999.788086
planetlab2.umassd.edu_planetlab1.cs.uiuc.edu_70036 1	204289.381104	204188.541000	0.038000	0.003000	204289.381104	S	1515	0	s	1357341041028.758057
planetlab2.umassd.edu_planetlab1.cs.uiuc.edu_70043 1	204321.814941	204218.764000	0.039000	0.003000	204321.814941	S	1525	0	s	1357341041062.754883
planetlab2.umassd.edu_planetlab1.cs.uiuc.edu_70056 1	204375.623047	204273.017000	0.055000	0.003000	204375.623047	S	1536	0	s	1357341041116.937012
planetlab2.umassd.edu_planetlab1.cs.uiuc.edu_70060 1	204381.947998	204281.710000	0.071000	0.004000	204381.947998	S	1537	0	s	1357341041126.343018
planetlab2.umassd.edu_planetlab1.cs.uiuc.edu_70062 1	204393.865967	204289.966000	0.106000	0.003000	204393.865967	S	1538	0	s	1357341041138.368896
planetlab2.umassd.edu_planetlab1.cs.uiuc.edu_70065 1	204405.043945	204298.871000	0.115000	0.002000	204405.043945	S	1540	0	s	1357341041150.375000
planetlab2.umassd.edu_planetlab1.cs.uiuc.edu_70070 1	204410.789062	204310.409000	0.040000	0.004000	204410.789062	S	1544	0	s	1357341041156.291992
planetlab2.umassd.edu_planetlab1.cs.uiuc.edu_70072 1	204412.349854	204311.047000	0.082000	0.003000	204412.349854	S	1545	0	s	1357341041157.887939
planetlab2.umassd.edu_planetlab1.cs.uiuc.edu_70082 1	204434.715088	204333.792000	0.037000	0.004000	204434.715088	S	1552	0	s	1357341041182.352051
planetlab2.umassd.edu_planetlab1.cs.uiuc.edu_70104 1	204471.983887	204370.676000	0.038000	0.003000	204471.983887	S	1567	0	s	1357341041222.972900
planetlab2.umassd.edu_planetlab1.cs.uiuc.edu_70110 1	204480.210205	204377.312000	0.035000	0.003000	204480.210205	S	1568	0	s	1357341041231.225098
planetlab2.umassd.edu_planetlab1.cs.uiuc.edu_70118 1	204500.952148	204400.229000	0.035000	0.004000	204500.952148	S	1571	0	s	1357341041252.091064
planetlab2.umassd.edu_planetlab1.cs.uiuc.edu_70147 1	204556.861084	204455.658000	0.062000	0.004000	204556.861084	S	1589	0	s	1357341041310.333984
planetlab2.umassd.edu_planetlab1.cs.uiuc.edu_70178 1	204620.150879	204517.947000	0.038000	0.005000	204620.150879	S	1600	0	s	1357341041375.719971
planetlab2.umassd.edu_planetlab1.cs.uiuc.edu_70184 1	204635.020996	204533.002000	0.058000	0.004000	204635.020996	S	1603	0	s	1357341041390.689941
planetlab2.umassd.edu_planetlab1.cs.uiuc.edu_70205 1	204661.050049	204559.139000	0.074000	0.003000	204661.050049	S	1611	0	s	1357341041419.855957
planetlab2.umassd.edu_planetlab1.cs.uiuc.edu_70226 1	204688.975830	204588.124000	0.045000	0.004000	204688.975830	S	1621	0	s	1357341041449.149902
planetlab2.umassd.edu_planetlab1.cs.uiuc.edu_70242 1	204706.057861	204604.621000	0.063000	0.004000	204706.057861	S	1633	0	s	1357341041470.231934
planetlab2.umassd.edu_planetlab1.cs.uiuc.edu_70249 1	204715.865967	204613.664000	0.037000	0.004000	204715.865967	S	1634	0	s	1357341041480.065918
planetlab2.umassd.edu_planetlab1.cs.uiuc.edu_70252 1	204716.449951	204614.783000	0.056000	0.003000	204716.449951	S	1635	0	s	1357341041480.676025
planetlab2.umassd.edu_planetlab1.cs.uiuc.edu_70255 1	204724.741943	204623.151000	0.035000	0.003000	204724.741943	S	1637	0	s	1357341041489.758057
planetlab2.umassd.edu_planetlab1.cs.uiuc.edu_70259 1	204730.663086	204629.484000	0.039000	0.003000	204730.663086	S	1639	0	s	1357341041495.770020
planetlab2.umassd.edu_planetlab1.cs.uiuc.edu_70265 1	204742.856934	204642.064000	0.035000	0.005000	204742.856934	S	1643	0	s	1357341041508.084961
planetlab2.umassd.edu_planetlab1.cs.uiuc.edu_70269 1	204740.932861	204640.374000	0.065000	0.004000	204740.932861	S	1649	0	s	1357341041510.431885
planetlab2.umassd.edu_planetlab1.cs.uiuc.edu_70278 1	204755.346924	204654.606000	0.041000	0.004000	204755.346924	S	1651	0	s	1357341041525.003906
planetlab2.umassd.edu_planetlab1.cs.uiuc.edu_70282 1	204761.441895	204660.294000	0.037000	0.003000	204761.441895	S	1652	0	s	1357341041531.169922
planetlab2.umassd.edu_planetlab1.cs.uiuc.edu_70284 1	204764.164062	204663.090000	0.034000	0.003000	204764.164062	S	1653	0	s	1357341041533.917969
planetlab2.umassd.edu_planetlab1.cs.uiuc.edu_70291 1	204770.928955	204668.320000	0.052000	0.004000	204770.928955	S	1655	0	s	1357341041540.739990
planetlab2.umassd.edu_planetlab1.cs.uiuc.edu_70295 1	204778.413086	204676.907000	0.067000	0.005000	204778.413086	S	1660	0	s	1357341041552.475098
planetlab2.umassd.edu_planetlab1.cs.uiuc.edu_70299 1	204780.085938	204680.086000	0.051000	0.004000	204780.085938	S	1661	0	s	1357341041554.175049
planetlab2.umassd.edu_planetlab1.cs.uiuc.edu_70303 1	204790.608887	204689.162000	0.036000	0.004000	204790.608887	S	1664	0	s	1357341041564.816895
planetlab2.umassd.edu_planetlab1.cs.uiuc.edu_70309 1	204796.261963	204695.306000	0.038000	0.004000	204796.261963	S	1667	0	s	1357341041570.554932
planetlab2.umassd.edu_planetlab1.cs.uiuc.edu_70316 1	204825.627930	204722.943000	0.039000	0.002000	204825.627930	S	1679	0	s	1357341041601.239990
planetlab2.umassd.edu_planetlab1.cs.uiuc.edu_70324 1	204849.148193	204747.293000	0.039000	0.002000	204849.148193	S	1687	0	s	1357341041625.016113
planetlab2.umassd.edu_planetlab1.cs.uiuc.edu_70326 1	204849.413086	204747.235000	0.034000	0.003000	204849.413086	S	1686	0	s	1357341041625.250977
planetlab2.umassd.edu_planetlab1.cs.uiuc.edu_70330 1	204851.883057	204749.076000	0.067000	0.004000	204851.883057	S	1691	0	s	1357341041628.071045
planetlab2.umassd.edu_planetlab1.cs.uiuc.edu_70334 1	204855.969971	204755.649000	0.040000	0.005000	204855.969971	S	1693	0	s	1357341041632.440918
planetlab2.umassd.edu_planetlab1.cs.uiuc.edu_70338 1	204865.024170	204763.932000	0.035000	0.005000	204865.024170	S	1694	0	s	1357341041641.528076
planetlab2.umassd.edu_planetlab1.cs.uiuc.edu_70344 1	204871.728027	204769.944000	0.033000	0.003000	204871.728027	S	1695	0	s	1357341041648.257080
planetlab2.umassd.edu_planetlab1.cs.uiuc.edu_70346 1	204874.094971	204773.514000	0.036000	0.006000	204874.094971	S	1697	0	s	1357341041650.686035
planetlab2.umassd.edu_planetlab1.cs.uiuc.edu_70348 1	204875.445068	204774.008000	0.073000	0.004000	204875.445068	S	1698	0	s	1357341041652.062988
planetlab2.umassd.edu_planetlab1.cs.uiuc.edu_70350 1	204875.640869	204773.863000	0.060000	0.004000	204875.640869	S	1699	0	s	1357341041655.022949
planetlab2.umassd.edu_planetlab1.cs.uiuc.edu_70352 1	204875.713867	204774.455000	0.104000	0.005000	204875.713867	S	1703	0	s	1357341041655.253906
planetlab2.umassd.edu_planetlab1.cs.uiuc.edu_70354 1	204877.933105	204775.549000	0.035000	0.003000	204877.933105	S	1707	0	s	1357341041657.614014
planetlab2.umassd.edu_planetlab1.cs.uiuc.edu_70356 1	204881.384033	204780.820000	0.102000	0.004000	204881.384033	S	1715	0	s	1357341041661.947021
planetlab2.umassd.edu_planetlab1.cs.uiuc.edu_70358 1	204887.014893	204786.339000	0.147000	0.004000	204887.014893	S	1727	0	s	1357341041670.750977
planetlab2.umassd.edu_planetlab1.cs.uiuc.edu_70360 1	204895.707031	204793.659000	0.105000	0.005000	204895.707031	S	1729	0	s	1357341041679.520020
planetlab2.umassd.edu_planetlab1.cs.uiuc.edu_70362 1	204898.776855	204795.775000	0.035000	0.005000	204898.776855	S	1730	0	s	1357341041682.616943
planetlab2.umassd.edu_planetlab1.cs.uiuc.edu_70364 1	204899.004150	204796.782000	0.034000	0.003000	204899.004150	S	1731	0	s	1357341041682.870117
planetlab2.umassd.edu_planetlab1.cs.uiuc.edu_70366 1	204903.348145	204796.508000	0.037000	0.005000	204903.348145	S	1735	0	s	1357341041687.349121
planetlab2.umassd.edu_planetlab1.cs.uiuc.edu_70368 1	204903.427002	204798.113000	0.035000	0.004000	204903.427002	S	1739	0	s	1357341041687.568115
planetlab2.umassd.edu_planetlab1.cs.uiuc.edu_70370 1	204902.836914	204801.455000	0.093000	0.004000	204902.836914	S	1747	0	s	1357341041687.741943
planetlab2.umassd.edu_planetlab1.cs.uiuc.edu_70372 1	204906.325928	204804.113000	0.039000	0.002000	204906.325928	S	1759	0	s	1357341041693.574951
planetlab2.umassd.edu_planetlab1.cs.uiuc.edu_70374 1	204913.905029	204812.216000	0.035000	0.011000	204913.905029	S	1760	0	s	1357341041701.179932
planetlab2.umassd.edu_planetlab1.cs.uiuc.edu_70376 1	204928.656982	204819.869000	0.070000	0.004000	204928.656982	S	1761	0	s	1357341041715.962891
planetlab2.umassd.edu_planetlab1.cs.uiuc.edu_70378 1	204930.222168	204824.365000	0.038000	0.005000	204930.222168	S	1762	0	s	1357341041717.558105
planetlab2.umassd.edu_planetlab1.cs.uiuc.edu_70380 1	204930.399902	204824.648000	0.079000	0.003000	204930.399902	S	1763	0	s	1357341041717.762939
planetlab2.umassd.edu_planetlab1.cs.uiuc.edu_70382 1	204930.512939	204826.996000	0.034000	0.004000	204930.512939	S	1765	0	s	1357341041717.937988
planetlab2.umassd.edu_planetlab1.cs.uiuc.edu_70384 1	204931.128174	204827.954000	0.035000	0.004000	204931.128174	S	1766	0	s	1357341041718.579102
planetlab2.umassd.edu_planetlab1.cs.uiuc.edu_70386 1	204933.264893	204828.412000	0.038000	0.004000	204933.264893	S	1767	0	s	1357341041720.740967
planetlab2.umassd.edu_planetlab1.cs.uiuc.edu_70390 1	204942.612061	204840.528000	0.068000	0.004000	204942.612061	S	1769	0	s	1357341041731.946045
planetlab2.umassd.edu_planetlab1.cs.uiuc.edu_70392 1	204948.379883	204845.837000	0.037000	0.005000	204948.379883	S	1770	0	s	1357341041737.743896
planetlab2.umassd.edu_planetlab1.cs.uiuc.edu_70394 1	204954.803955	204849.266000	0.036000	0.002000	204954.803955	S	1771	0	s	1357341041744.198975
planetlab2.umassd.edu_planetlab1.cs.uiuc.edu_70396 1	204951.084961	204847.456000	0.059000	0.003000	204951.084961	S	1777	0	s	1357341041744.399902
planetlab2.umassd.edu_planetlab1.cs.uiuc.edu_70398 1	204953.178955	204847.394000	0.034000	0.004000	204953.178955	S	1775	0	s	1357341041744.566895
planetlab2.umassd.edu_planetlab1.cs.uiuc.edu_70426 1	205013.614014	204909.574000	0.037000	0.004000	205013.614014	S	1866	0	s	1357341041822.116943
planetlab2.umassd.edu_planetlab1.cs.uiuc.edu_70428 1	205011.010986	204908.354000	0.059000	0.004000	205011.010986	S	1867	0	s	1357341041822.688965
planetlab2.umassd.edu_planetlab1.cs.uiuc.edu_70430 1	205024.208984	204917.065000	0.035000	0.007000	205024.208984	S	1871	0	s	1357341041836.056885
planetlab2.umassd.edu_planetlab1.cs.uiuc.edu_70438 1	205040.165039	204936.848000	0.036000	0.002000	205040.165039	S	1883	0	s	1357341041852.396973
planetlab2.umassd.edu_planetlab1.cs.uiuc.edu_70440 1	205048.293945	204947.881000	0.036000	0.003000	205048.293945	S	1891	0	s	1357341041860.781982
planetlab2.umassd.edu_planetlab1.cs.uiuc.edu_70442 1	205062.010986	204959.835000	0.036000	0.004000	205062.010986	S	1899	0	s	1357341041878.041016
planetlab2.umassd.edu_planetlab1.cs.uiuc.edu_70448 1	205070.791992	204969.331000	0.035000	0.003000	205070.791992	S	1909	0	s	1357341041887.159912
planetlab2.umassd.edu_planetlab1.cs.uiuc.edu_70461 1	205128.302979	205026.660000	0.037000	0.004000	205128.302979	S	1951	0	s	1357341041952.284912
planetlab2.umassd.edu_planetlab1.cs.uiuc.edu_70470 1	205159.472168	205058.369000	0.033000	0.004000	205159.472168	S	1955	0	s	1357341041984.998047
planetlab2.umassd.edu_planetlab1.cs.uiuc.edu_70474 1	205189.814941	205088.267000	0.035000	0.004000	205189.814941	S	1960	0	s	1357341042015.722900
planetlab2.umassd.edu_planetlab1.cs.uiuc.edu_70499 1	205312.037842	205208.850000	0.035000	0.004000	205312.037842	S	1987	0	s	1357341042142.793945
planetlab2.umassd.edu_planetlab1.cs.uiuc.edu_70510 1	205367.321045	205264.327000	0.036000	0.005000	205367.321045	S	1995	0	s	1357341042200.037109
planetlab2.umassd.edu_planetlab1.cs.uiuc.edu_70529 1	205463.166992	205363.064000	0.035000	0.004000	205463.166992	S	2013	0	s	1357341042296.543945
planetlab2.umassd.edu_planetlab1.cs.uiuc.edu_70547 1	205555.813965	205454.512000	0.052000	0.003000	205555.813965	S	2017	0	s	1357341042389.773926
planetlab2.umassd.edu_planetlab1.cs.uiuc.edu_70552 1	205577.647949	205476.695000	0.035000	0.004000	205577.647949	S	2018	0	s	1357341042411.691895
planetlab2.umassd.edu_planetlab1.cs.uiuc.edu_70559 1	205610.278076	205508.411000	0.037000	0.004000	205610.278076	S	2019	0	s	1357341042444.350098
planetlab2.umassd.edu_planetlab1.cs.uiuc.edu_70571 1	205671.971924	205570.105000	0.052000	0.003000	205671.971924	S	2023	0	s	1357341042507.155029
planetlab2.umassd.edu_planetlab1.cs.uiuc.edu_70582 1	205720.325928	205618.878000	0.034000	0.004000	205720.325928	S	2027	0	s	1357341042555.647949
planetlab2.umassd.edu_planetlab1.cs.uiuc.edu_70601 1	205818.657959	205715.840000	0.055000	0.010000	205818.657959	S	2035	0	s	1357341042654.727051
planetlab2.umassd.edu_planetlab1.cs.uiuc.edu_70624 1	205929.920898	205829.036000	0.114000	0.005000	205929.920898	S	2048	0	s	1357341042767.114990
planetlab2.umassd.edu_planetlab1.cs.uiuc.edu_70627 1	205935.057861	205834.356000	0.035000	0.004000	205935.057861	S	2049	0	s	1357341042772.292969
planetlab2.umassd.edu_planetlab1.cs.uiuc.edu_70632 1	205962.218994	205861.279000	0.052000	0.004000	205962.218994	S	2050	0	s	1357341042799.482910
planetlab2.umassd.edu_planetlab1.cs.uiuc.edu_70633 1	205966.106934	205863.790000	0.041000	0.003000	205966.106934	S	2051	0	s	1357341042803.593018
planetlab2.umassd.edu_planetlab1.cs.uiuc.edu_70640 1	205995.197998	205894.530000	0.069000	0.003000	205995.197998	S	2053	0	s	1357341042833.216064
planetlab2.umassd.edu_planetlab1.cs.uiuc.edu_70642 1	205997.952881	205894.653000	0.035000	0.004000	205997.952881	S	2052	0	s	1357341042835.480957
planetlab2.umassd.edu_planetlab1.cs.uiuc.edu_70645 1	206004.686035	205901.714000	0.034000	0.004000	206004.686035	S	2054	0	s	1357341042842.735107
planetlab2.umassd.edu_planetlab1.cs.uiuc.edu_70649 1	206017.143066	205916.365000	0.035000	0.004000	206017.143066	S	2056	0	s	1357341042855.269043
planetlab2.umassd.edu_planetlab1.cs.uiuc.edu_70650 1	206017.518066	205917.102000	0.030000	0.002000	206017.518066	S	2057	0	s	1357341042855.672119
planetlab2.umassd.edu_planetlab1.cs.uiuc.edu_70654 1	206028.455078	205927.211000	0.034000	0.005000	206028.455078	S	2058	0	s	1357341042866.634033
planetlab2.umassd.edu_planetlab1.cs.uiuc.edu_70656 1	206034.358887	205933.184000	0.036000	0.004000	206034.358887	S	2060	0	s	1357341042872.595947
planetlab2.umassd.edu_planetlab1.cs.uiuc.edu_70665 1	206070.481934	205969.314000	0.037000	0.003000	206070.481934	S	2064	0	s	1357341042908.842041
planetlab2.umassd.edu_planetlab1.cs.uiuc.edu_70667 1	206071.507812	205968.837000	0.051000	0.005000	206071.507812	S	2065	0	s	1357341042910.587891
planetlab2.umassd.edu_planetlab1.cs.uiuc.edu_70669 1	206081.744141	205980.450000	0.033000	0.003000	206081.744141	S	2066	0	s	1357341042920.863037
planetlab2.umassd.edu_planetlab1.cs.uiuc.edu_70672 1	206091.419922	205989.411000	0.036000	0.004000	206091.419922	S	2068	0	s	1357341042930.596924
planetlab2.umassd.edu_planetlab1.cs.uiuc.edu_70678 1	206102.460938	206001.260000	0.033000	0.003000	206102.460938	S	2070	0	s	1357341042941.688965
planetlab2.umassd.edu_planetlab1.cs.uiuc.edu_70676 1	206102.711182	206000.609000	0.032000	0.004000	206102.711182	S	2069	0	s	1357341042941.914062
planetlab2.umassd.edu_planetlab1.cs.uiuc.edu_70685 1	206136.407959	206033.309000	0.045000	0.004000	206136.407959	S	2072	0	s	1357341042975.935059
planetlab2.umassd.edu_planetlab1.cs.uiuc.edu_70689 1	206153.198975	206050.028000	1.716000	0.004000	206153.198975	S	2078	0	s	1357341042992.937988
planetlab2.umassd.edu_planetlab1.cs.uiuc.edu_70692 1	206164.399902	206063.737000	0.033000	0.004000	206164.399902	S	2080	0	s	1357341043005.856934
planetlab2.umassd.edu_planetlab1.cs.uiuc.edu_70694 1	206166.108154	206063.379000	0.085000	0.005000	206166.108154	S	2081	0	s	1357341043007.592041
planetlab2.umassd.edu_planetlab1.cs.uiuc.edu_70701 1	206195.766113	206093.759000	0.035000	0.004000	206195.766113	S	2082	0	s	1357341043037.291992
planetlab2.umassd.edu_planetlab1.cs.uiuc.edu_70703 1	206195.909912	206095.183000	0.034000	0.003000	206195.909912	S	2084	0	s	1357341043037.492920
planetlab2.umassd.edu_planetlab1.cs.uiuc.edu_70705 1	206200.629150	206099.059000	0.035000	0.004000	206200.629150	S	2085	0	s	1357341043042.237061
planetlab2.umassd.edu_planetlab1.cs.uiuc.edu_70708 1	206223.760986	206119.213000	0.035000	0.004000	206223.760986	S	2088	0	s	1357341043065.450928
planetlab2.umassd.edu_planetlab1.cs.uiuc.edu_70712 1	206229.052002	206126.510000	0.036000	0.004000	206229.052002	S	2090	0	s	1357341043070.795898
planetlab2.umassd.edu_planetlab1.cs.uiuc.edu_70719 1	206267.919922	206165.523000	0.038000	0.003000	206267.919922	S	2094	0	s	1357341043109.793945
planetlab2.umassd.edu_planetlab1.cs.uiuc.edu_70723 1	206271.354004	206168.911000	0.037000	0.003000	206271.354004	S	2096	0	s	1357341043113.284912
planetlab2.umassd.edu_planetlab1.cs.uiuc.edu_70726 1	206276.479004	206173.793000	0.033000	0.004000	206276.479004	S	2097	0	s	1357341043118.435059
planetlab2.umassd.edu_planetlab1.cs.uiuc.edu_70729 1	206280.543945	206177.789000	0.037000	0.003000	206280.543945	S	2100	0	s	1357341043122.583008
planetlab2.umassd.edu_planetlab1.cs.uiuc.edu_70732 1	206297.389893	206194.929000	0.035000	0.004000	206297.389893	S	2101	0	s	1357341043139.458008
planetlab2.umassd.edu_planetlab1.cs.uiuc.edu_70734 1	206300.283936	206199.406000	0.037000	0.002000	206300.283936	S	2102	0	s	1357341043142.376953
planetlab2.umassd.edu_planetlab1.cs.uiuc.edu_70741 1	206326.709961	206225.503000	0.036000	0.004000	206326.709961	S	2103	0	s	1357341043168.846924
planetlab2.umassd.edu_planetlab1.cs.uiuc.edu_70743 1	206331.074951	206228.685000	0.036000	0.003000	206331.074951	S	2106	0	s	1357341043173.447021
planetlab2.umassd.edu_planetlab1.cs.uiuc.edu_70745 1	206339.169922	206238.140000	0.038000	0.002000	206339.169922	S	2108	0	s	1357341043182.732910
planetlab2.umassd.edu_planetlab1.cs.uiuc.edu_70747 1	206347.052979	206245.672000	0.035000	0.002000	206347.052979	S	2109	0	s	1357341043190.647949
planetlab2.umassd.edu_planetlab1.cs.uiuc.edu_70751 1	206354.891113	206254.950000	0.036000	0.004000	206354.891113	S	2110	0	s	1357341043198.516113
planetlab2.umassd.edu_planetlab1.cs.uiuc.edu_70754 1	206359.086182	206258.761000	0.030000	0.002000	206359.086182	S	2111	0	s	1357341043202.737061
planetlab2.umassd.edu_planetlab1.cs.uiuc.edu_70757 1	206368.768066	206267.948000	0.034000	0.004000	206368.768066	S	2112	0	s	1357341043212.446045
planetlab2.umassd.edu_planetlab1.cs.uiuc.edu_70764 1	206397.791016	206295.424000	0.034000	0.003000	206397.791016	S	2114	0	s	1357341043241.522949
planetlab2.umassd.edu_planetlab1.cs.uiuc.edu_70765 1	206399.619873	206296.815000	0.027000	0.004000	206399.619873	S	2113	0	s	1357341043243.325928
planetlab2.umassd.edu_planetlab1.cs.uiuc.edu_70767 1	206402.775146	206301.536000	0.049000	0.003000	206402.775146	S	2116	0	s	1357341043246.902100
planetlab2.umassd.edu_planetlab1.cs.uiuc.edu_70769 1	206409.653809	206305.929000	0.037000	0.004000	206409.653809	S	2117	0	s	1357341043253.827881
planetlab2.umassd.edu_planetlab1.cs.uiuc.edu_70774 1	206429.926025	206322.757000	0.037000	0.004000	206429.926025	S	2120	0	s	1357341043274.417969
planetlab2.umassd.edu_planetlab1.cs.uiuc.edu_70776 1	206431.774170	206327.376000	0.073000	0.004000	206431.774170	S	2122	0	s	1357341043277.299072
planetlab2.umassd.edu_planetlab1.cs.uiuc.edu_70785 1	206470.777832	206368.260000	0.040000	0.003000	206470.777832	S	2128	0	s	1357341043316.472900
planetlab2.umassd.edu_planetlab1.cs.uiuc.edu_70786 1	206473.428955	206371.379000	0.029000	0.002000	206473.428955	S	2129	0	s	1357341043319.150879
planetlab2.umassd.edu_planetlab1.cs.uiuc.edu_70790 1	206482.030029	206379.814000	0.036000	0.004000	206482.030029	S	2132	0	s	1357341043327.833984
planetlab2.umassd.edu_planetlab1.cs.uiuc.edu_70795 1	206505.693848	206404.405000	0.035000	0.004000	206505.693848	S	2133	0	s	1357341043351.523926
planetlab2.umassd.edu_planetlab1.cs.uiuc.edu_70799 1	206520.942871	206419.710000	0.071000	0.002000	206520.942871	S	2135	0	s	1357341043366.827881
planetlab2.umassd.edu_planetlab1.cs.uiuc.edu_70803 1	206545.332031	206444.143000	0.049000	0.006000	206545.332031	S	2141	0	s	1357341043391.415039
planetlab2.umassd.edu_planetlab1.cs.uiuc.edu_70807 1	206549.948975	206450.279000	0.046000	0.004000	206549.948975	S	2144	0	s	1357341043396.251953
planetlab2.umassd.edu_planetlab1.cs.uiuc.edu_70809 1	206553.677002	206453.150000	0.037000	0.002000	206553.677002	S	2145	0	s	1357341043400.020020
planetlab2.umassd.edu_planetlab1.cs.uiuc.edu_70816 1	206583.841064	206481.505000	0.061000	0.004000	206583.841064	S	2146	0	s	1357341043430.215088
planetlab2.umassd.edu_planetlab1.cs.uiuc.edu_70820 1	206591.926025	206490.567000	0.040000	0.004000	206591.926025	S	2149	0	s	1357341043438.539062
planetlab2.umassd.edu_planetlab1.cs.uiuc.edu_70818 1	206592.302002	206491.626000	0.035000	0.004000	206592.302002	S	2148	0	s	1357341043438.740967
planetlab2.umassd.edu_planetlab1.cs.uiuc.edu_70823 1	206614.011963	206512.759000	0.036000	0.004000	206614.011963	S	2151	0	s	1357341043460.686035
planetlab2.umassd.edu_planetlab1.cs.uiuc.edu_70825 1	206613.899902	206512.035000	0.040000	0.004000	206613.899902	S	2152	0	s	1357341043461.085938
planetlab2.umassd.edu_planetlab1.cs.uiuc.edu_70829 1	206623.788086	206521.474000	0.049000	0.003000	206623.788086	S	2154	0	s	1357341043471.037109
planetlab2.umassd.edu_planetlab1.cs.uiuc.edu_70831 1	206627.133057	206522.145000	0.038000	0.004000	206627.133057	S	2155	0	s	1357341043474.424072
planetlab2.umassd.edu_planetlab1.cs.uiuc.edu_70838 1	206657.741943	206554.019000	0.074000	0.004000	206657.741943	S	2157	0	s	1357341043505.087891
planetlab2.umassd.edu_planetlab1.cs.uiuc.edu_70840 1	206664.682861	206563.794000	0.036000	0.003000	206664.682861	S	2158	0	s	1357341043512.056885
planetlab2.umassd.edu_planetlab1.cs.uiuc.edu_70842 1	206669.552979	206564.557000	0.036000	0.003000	206669.552979	S	2161	0	s	1357341043517.010010
planetlab2.umassd.edu_planetlab1.cs.uiuc.edu_70844 1	206669.819092	206566.756000	0.034000	0.003000	206669.819092	S	2160	0	s	1357341043517.247070
planetlab2.umassd.edu_planetlab1.cs.uiuc.edu_70846 1	206686.407959	206582.718000	0.035000	0.004000	206686.407959	S	2163	0	s	1357341043533.929932
planetlab2.umassd.edu_planetlab1.cs.uiuc.edu_70849 1	206687.981934	206584.529000	0.035000	0.003000	206687.981934	S	2164	0	s	1357341043535.532959
planetlab2.umassd.edu_planetlab1.cs.uiuc.edu_70852 1	206696.401855	206594.787000	0.035000	0.005000	206696.401855	S	2165	0	s	1357341043543.980957
planetlab2.umassd.edu_planetlab1.cs.uiuc.edu_70855 1	206697.125000	206595.018000	0.035000	0.004000	206697.125000	S	2166	0	s	1357341043544.729980
planetlab2.umassd.edu_planetlab1.cs.uiuc.edu_70857 1	206699.385010	206595.156000	0.062000	0.004000	206699.385010	S	2167	0	s	1357341043548.121094
planetlab2.umassd.edu_planetlab1.cs.uiuc.edu_70859 1	206713.243164	206611.895000	0.033000	0.004000	206713.243164	S	2169	0	s	1357341043562.038086
planetlab2.umassd.edu_planetlab1.cs.uiuc.edu_70861 1	206717.385986	206613.864000	0.070000	0.002000	206717.385986	S	2170	0	s	1357341043566.209961
planetlab2.umassd.edu_planetlab1.cs.uiuc.edu_70868 1	206740.120117	206638.207000	0.035000	0.005000	206740.120117	S	2172	0	s	1357341043588.996094
planetlab2.umassd.edu_planetlab1.cs.uiuc.edu_70870 1	206742.333008	206641.562000	0.041000	0.004000	206742.333008	S	2173	0	s	1357341043591.237061
planetlab2.umassd.edu_planetlab1.cs.uiuc.edu_70872 1	206745.927002	206644.854000	0.034000	0.004000	206745.927002	S	2174	0	s	1357341043594.857910
planetlab2.umassd.edu_planetlab1.cs.uiuc.edu_70875 1	206769.329834	206669.065000	0.035000	0.004000	206769.329834	S	2175	0	s	1357341043618.285889
planetlab2.umassd.edu_planetlab1.cs.uiuc.edu_70877 1	206769.774170	206669.212000	0.033000	0.003000	206769.774170	S	2176	0	s	1357341043618.758057
planetlab2.umassd.edu_planetlab1.cs.uiuc.edu_70879 1	206770.782959	206669.356000	0.055000	0.011000	206770.782959	S	2177	0	s	1357341043619.792969
planetlab2.umassd.edu_planetlab1.cs.uiuc.edu_70881 1	206770.944824	206669.872000	0.030000	0.004000	206770.944824	S	2178	0	s	1357341043619.991943
planetlab2.umassd.edu_planetlab1.cs.uiuc.edu_70885 1	206778.181885	206677.073000	0.036000	0.002000	206778.181885	S	2180	0	s	1357341043627.293945
planetlab2.umassd.edu_planetlab1.cs.uiuc.edu_70893 1	206818.946045	206718.142000	0.050000	0.004000	206818.946045	S	2182	0	s	1357341043668.114014
planetlab2.umassd.edu_planetlab1.cs.uiuc.edu_70895 1	206820.910889	206718.950000	0.034000	0.004000	206820.910889	S	2184	0	s	1357341043670.129883
planetlab2.umassd.edu_planetlab1.cs.uiuc.edu_70898 1	206844.026123	206741.682000	0.035000	0.004000	206844.026123	S	2186	0	s	1357341043693.299072
planetlab2.umassd.edu_planetlab1.cs.uiuc.edu_70903 1	206850.796875	206749.430000	0.036000	0.004000	206850.796875	S	2192	0	s	1357341043700.233887
planetlab2.umassd.edu_planetlab1.cs.uiuc.edu_70905 1	206852.821045	206750.561000	1.304000	0.015000	206852.821045	S	2194	0	s	1357341043702.581055
planetlab2.umassd.edu_planetlab1.cs.uiuc.edu_70908 1	206855.240967	206753.012000	0.037000	0.004000	206855.240967	S	2196	0	s	1357341043706.362061
planetlab2.umassd.edu_planetlab1.cs.uiuc.edu_70910 1	206871.806152	206771.706000	0.035000	0.004000	206871.806152	S	2198	0	s	1357341043722.986084
planetlab2.umassd.edu_planetlab1.cs.uiuc.edu_70912 1	206878.144043	206776.660000	0.036000	0.004000	206878.144043	S	2199	0	s	1357341043729.350098
pl2.cs.unm.edu_planetlab1.cs.uiuc.edu_4929 9	270507.223877	268941.164000	0.232000	0.022000	270507.223877	S	2121	1248	s	1357341107351.740967
flow.colgate.edu_planetlab1.cs.uiuc.edu_38886 2	271170.260010	271034.206000	0.059000	0.004000	271170.260010	S	1574	64	s	1357341107921.492920
flow.colgate.edu_planetlab1.cs.uiuc.edu_38884 1	271176.086182	271047.499000	0.102000	0.003000	271176.086182	S	1548	64	s	1357341107921.841064
flow.colgate.edu_planetlab1.cs.uiuc.edu_38882 1	271189.657227	271061.759000	0.086000	0.004000	271189.657227	S	1484	64	s	1357341107922.120117
flow.colgate.edu_planetlab1.cs.uiuc.edu_38893 1	271206.634033	271078.275000	0.042000	0.004000	271206.634033	S	1604	64	s	1357341107962.330078
flow.colgate.edu_planetlab1.cs.uiuc.edu_38898 1	271204.696045	271075.955000	0.049000	0.011000	271204.696045	S	1612	64	s	1357341107964.194092
flow.colgate.edu_planetlab1.cs.uiuc.edu_38895 1	271205.708984	271077.389000	0.059000	0.005000	271205.708984	S	1608	64	s	1357341107964.393066
flow.colgate.edu_planetlab1.cs.uiuc.edu_38899 1	271205.073975	271076.473000	0.033000	0.002000	271205.073975	S	1613	64	s	1357341107964.612061
flow.colgate.edu_planetlab1.cs.uiuc.edu_38901 1	271207.020020	271079.013000	0.036000	0.004000	271207.020020	S	1614	64	s	1357341107966.596924
flow.colgate.edu_planetlab1.cs.uiuc.edu_38903 2	271232.879150	271095.392000	0.066000	0.004000	271232.879150	S	1619	64	s	1357341107992.694092
flow.colgate.edu_planetlab1.cs.uiuc.edu_38906 1	271242.478027	271114.806000	0.038000	0.005000	271242.478027	S	1628	64	s	1357341108004.031982
flow.colgate.edu_planetlab1.cs.uiuc.edu_38911 1	271231.716797	271103.784000	0.064000	0.002000	271231.716797	S	1668	64	s	1357341108006.035889
flow.colgate.edu_planetlab1.cs.uiuc.edu_38908 1	271241.006104	271112.952000	0.040000	0.004000	271241.006104	S	1644	64	s	1357341108006.260010
flow.colgate.edu_planetlab1.cs.uiuc.edu_38913 1	271233.746094	271104.978000	0.047000	0.024000	271233.746094	S	1672	64	s	1357341108009.131104
flow.colgate.edu_planetlab1.cs.uiuc.edu_38915 1	271240.177002	271110.682000	0.045000	0.004000	271240.177002	S	1676	64	s	1357341108015.678955
flow.colgate.edu_planetlab1.cs.uiuc.edu_38917 1	271257.605957	271130.255000	0.043000	0.014000	271257.605957	S	1677	64	s	1357341108033.148926
flow.colgate.edu_planetlab1.cs.uiuc.edu_38919 1	271259.096924	271130.720000	0.045000	0.004000	271259.096924	S	1678	64	s	1357341108034.676025
flow.colgate.edu_planetlab1.cs.uiuc.edu_38921 1	271270.207031	271142.616000	0.060000	0.004000	271270.207031	S	1692	64	s	1357341108046.422119
flow.colgate.edu_planetlab1.cs.uiuc.edu_38923 1	271266.906006	271138.878000	0.161000	0.005000	271266.906006	S	1708	64	s	1357341108046.615967
flow.colgate.edu_planetlab1.cs.uiuc.edu_38927 1	271264.218994	271136.773000	0.048000	0.004000	271264.218994	S	1728	64	s	1357341108047.991943
flow.colgate.edu_planetlab1.cs.uiuc.edu_38925 2	271267.447021	271132.535000	0.061000	0.008000	271267.447021	S	1721	64	s	1357341108048.216064
flow.colgate.edu_planetlab1.cs.uiuc.edu_38929 1	271267.100098	271139.407000	0.041000	0.005000	271267.100098	S	1732	64	s	1357341108050.995117
flow.colgate.edu_planetlab1.cs.uiuc.edu_38931 1	271274.443115	271146.075000	0.035000	0.002000	271274.443115	S	1733	64	s	1357341108058.372070
flow.colgate.edu_planetlab1.cs.uiuc.edu_38933 1	271292.687988	271163.789000	0.036000	0.003000	271292.687988	S	1734	64	s	1357341108076.648926
flow.colgate.edu_planetlab1.cs.uiuc.edu_38935 1	271292.805908	271164.660000	0.035000	0.004000	271292.805908	S	1736	64	s	1357341108076.833984
flow.colgate.edu_planetlab1.cs.uiuc.edu_38937 1	271304.947998	271177.103000	0.037000	0.004000	271304.947998	S	1737	64	s	1357341108089.009033
flow.colgate.edu_planetlab1.cs.uiuc.edu_38939 1	271305.160156	271177.742000	0.035000	0.004000	271305.160156	S	1738	64	s	1357341108089.268066
flow.colgate.edu_planetlab1.cs.uiuc.edu_38941 1	271305.693848	271178.262000	0.039000	0.003000	271305.693848	S	1741	64	s	1357341108090.408936
flow.colgate.edu_planetlab1.cs.uiuc.edu_38943 1	271305.834961	271177.930000	0.033000	0.002000	271305.834961	S	1742	64	s	1357341108090.587891
flow.colgate.edu_planetlab1.cs.uiuc.edu_38946 1	271310.601074	271181.216000	0.035000	0.004000	271310.601074	S	1740	64	s	1357341108094.769043
flow.colgate.edu_planetlab1.cs.uiuc.edu_38948 1	271337.281982	271207.874000	0.039000	0.005000	271337.281982	S	1743	64	s	1357341108122.066895
flow.colgate.edu_planetlab1.cs.uiuc.edu_38950 1	271337.354004	271208.065000	0.035000	0.004000	271337.354004	S	1748	64	s	1357341108122.284912
flow.colgate.edu_planetlab1.cs.uiuc.edu_38952 1	271344.332031	271216.943000	0.039000	0.003000	271344.332031	S	1752	64	s	1357341108131.322021
flow.colgate.edu_planetlab1.cs.uiuc.edu_38954 1	271344.359131	271217.207000	0.039000	0.004000	271344.359131	S	1756	64	s	1357341108131.508057
flow.colgate.edu_planetlab1.cs.uiuc.edu_38956 1	271345.000977	271218.018000	0.036000	0.004000	271345.000977	S	1757	64	s	1357341108132.184082
flow.colgate.edu_planetlab1.cs.uiuc.edu_38958 1	271345.156982	271217.750000	0.033000	0.004000	271345.156982	S	1758	64	s	1357341108132.372070
flow.colgate.edu_planetlab1.cs.uiuc.edu_38960 1	271349.786133	271221.937000	0.042000	0.004000	271349.786133	S	1764	64	s	1357341108137.175049
flow.colgate.edu_planetlab1.cs.uiuc.edu_38962 1	271352.189941	271222.106000	0.044000	0.004000	271352.189941	S	1768	64	s	1357341108141.479004
flow.colgate.edu_planetlab1.cs.uiuc.edu_38964 1	271371.863037	271243.079000	0.046000	0.004000	271371.863037	S	1772	64	s	1357341108161.283936
flow.colgate.edu_planetlab1.cs.uiuc.edu_38966 1	271372.015869	271242.899000	0.033000	0.021000	271372.015869	S	1773	64	s	1357341108161.469971
flow.colgate.edu_planetlab1.cs.uiuc.edu_38968 1	271381.630859	271252.696000	0.063000	0.002000	271381.630859	S	1774	64	s	1357341108172.949951
flow.colgate.edu_planetlab1.cs.uiuc.edu_38970 1	271377.687988	271248.930000	0.041000	0.004000	271377.687988	S	1788	64	s	1357341108174.350098
flow.colgate.edu_planetlab1.cs.uiuc.edu_38972 2	271371.677002	271236.459000	0.085000	0.004000	271371.677002	S	1816	64	s	1357341108174.637939
flow.colgate.edu_planetlab1.cs.uiuc.edu_38975 1	271369.080811	271232.938000	0.059000	0.002000	271369.080811	S	1868	64	s	1357341108180.827881
flow.colgate.edu_planetlab1.cs.uiuc.edu_38977 2	271363.123047	271228.431000	0.102000	0.007000	271363.123047	S	1927	64	s	1357341108183.458008
flow.colgate.edu_planetlab1.cs.uiuc.edu_38979 1	271383.204102	271255.565000	0.044000	0.004000	271383.204102	S	1932	64	s	1357341108203.704102
flow.colgate.edu_planetlab1.cs.uiuc.edu_38983 1	271384.248047	271255.413000	0.044000	0.003000	271384.248047	S	1988	64	s	1357341108215.030029
flow.colgate.edu_planetlab1.cs.uiuc.edu_38985 1	271384.797852	271256.590000	0.038000	0.002000	271384.797852	S	1992	64	s	1357341108216.441895
flow.colgate.edu_planetlab1.cs.uiuc.edu_38987 1	271383.864014	271256.305000	0.041000	0.004000	271383.864014	S	1996	64	s	1357341108216.623047
flow.colgate.edu_planetlab1.cs.uiuc.edu_38989 1	271390.415039	271262.258000	0.040000	0.006000	271390.415039	S	1997	64	s	1357341108223.208984
flow.colgate.edu_planetlab1.cs.uiuc.edu_38991 1	271392.926025	271265.955000	0.035000	0.004000	271392.926025	S	1998	64	s	1357341108225.752930
flow.colgate.edu_planetlab1.cs.uiuc.edu_38993 1	271411.444092	271283.672000	0.042000	0.003000	271411.444092	S	2012	64	s	1357341108244.788086
flow.colgate.edu_planetlab1.cs.uiuc.edu_39001 1	271430.565918	271303.452000	0.043000	0.004000	271430.565918	S	2028	64	s	1357341108265.915039
flow.colgate.edu_planetlab1.cs.uiuc.edu_39004 2	271451.593018	271313.642000	0.076000	0.006000	271451.593018	S	2034	64	s	1357341108287.624023
flow.colgate.edu_planetlab1.cs.uiuc.edu_39009 2	271458.652832	271322.532000	0.059000	0.006000	271458.652832	S	2095	64	s	1357341108300.554932
flow.colgate.edu_planetlab1.cs.uiuc.edu_39011 2	271466.931885	271330.270000	0.071000	0.007000	271466.931885	S	2105	64	s	1357341108309.275879
flow.colgate.edu_planetlab1.cs.uiuc.edu_39015 2	271482.788818	271345.812000	0.049000	0.008000	271482.788818	S	2138	64	s	1357341108328.784912
flow.colgate.edu_planetlab1.cs.uiuc.edu_39018 2	271486.122070	271350.551000	0.070000	0.006000	271486.122070	S	2201	64	s	1357341108337.385010
planetlab-2.cmcl.cs.cmu.edu_planetlab1.cs.uiuc.edu_18617 1	302743.245117	302673.604000	0.088000	0.004000	302743.245117	S	1527	288	s	1357341139484.249023
planetlab-2.cmcl.cs.cmu.edu_planetlab1.cs.uiuc.edu_18629 1	304658.017090	304588.963000	0.103000	0.003000	304658.017090	S	1631	288	s	1357341141422.111084
planetlab-2.cmcl.cs.cmu.edu_planetlab1.cs.uiuc.edu_18697 1	311085.586182	311014.676000	0.086000	0.005000	311085.586182	S	2134	288	s	1357341147931.444092
planetlab1.rutgers.edu_planetlab1.cs.uiuc.edu_11749 4	311369.056152	311176.498000	0.189000	0.020000	311369.056152	S	2190	448	s	1357341148218.436035
aguila1.lsi.upc.edu_planetlab1.cs.uiuc.edu_18339 9	378260.505127	377812.896000	0.232000	0.052000	378260.505127	S	1648	352	s	1357341215029.851074
planetlab05.cs.washington.edu_planetlab1.cs.uiuc.edu_18738 9	381233.181152	375822.932000	0.225000	0.042000	381233.181152	S	2147	320	s	1357341218079.581055
earth.cs.brown.edu_planetlab1.cs.uiuc.edu_39359 9	404964.593018	404522.288000	0.272000	0.033000	404964.593018	S	1610	48	s	1357341241723.374023
earth.cs.brown.edu_planetlab1.cs.uiuc.edu_39373 9	405018.026855	404575.296000	0.273000	0.018000	405018.026855	S	1696	48	s	1357341241794.584961
earth.cs.brown.edu_planetlab1.cs.uiuc.edu_39399 9	405084.750977	404448.615000	0.306000	0.029000	405084.750977	S	1950	48	s	1357341241908.686035
earth.cs.brown.edu_planetlab1.cs.uiuc.edu_39415 9	405144.371826	404704.573000	0.310000	0.022000	405144.371826	S	2115	48	s	1357341241988.129883
planetlab2.umassd.edu_planetlab1.cs.uiuc.edu_154954 9	920827.145020	920178.061000	0.229000	0.016000	920827.145020	S	1474	0	s	1357341757557.303955
planetlab2.umassd.edu_planetlab1.cs.uiuc.edu_154956 9	920864.893799	920214.806000	0.153000	0.014000	920864.893799	S	1476	0	s	1357341757595.138916
planetlab2.umassd.edu_planetlab1.cs.uiuc.edu_154958 9	920873.943848	920226.676000	0.150000	0.013000	920873.943848	S	1478	0	s	1357341757604.556885
planetlab2.umassd.edu_planetlab1.cs.uiuc.edu_154960 9	920874.802002	920227.450000	0.147000	0.013000	920874.802002	S	1479	0	s	1357341757605.445068
planetlab2.umassd.edu_planetlab1.cs.uiuc.edu_154962 9	920916.706055	920270.914000	0.204000	0.017000	920916.706055	S	1486	0	s	1357341757649.280029
planetlab2.umassd.edu_planetlab1.cs.uiuc.edu_154964 9	920953.380859	920306.418000	0.173000	0.057000	920953.380859	S	1494	0	s	1357341757688.021973
planetlab2.umassd.edu_planetlab1.cs.uiuc.edu_154966 9	920957.656006	920309.104000	0.155000	0.015000	920957.656006	S	1510	0	s	1357341757694.250977
planetlab2.umassd.edu_planetlab1.cs.uiuc.edu_154970 9	920998.128906	917351.161000	0.182000	0.012000	920998.128906	S	1528	0	s	1357341757739.166016
planetlab2.umassd.edu_planetlab1.cs.uiuc.edu_154972 9	921059.898926	920412.044000	0.183000	0.017000	921059.898926	S	1616	0	s	1357341757819.540039
planetlab2.umassd.edu_planetlab1.cs.uiuc.edu_154974 9	921031.318848	920381.006000	0.179000	0.018000	921031.318848	S	1784	0	s	1357341757825.721924
planetlab2.umassd.edu_planetlab1.cs.uiuc.edu_154976 9	921022.867920	920377.156000	0.148000	0.014000	921022.867920	S	1836	0	s	1357341757826.534912
planetlab2.umassd.edu_planetlab1.cs.uiuc.edu_154978 9	921019.845215	920372.245000	0.153000	0.014000	921019.845215	S	1856	0	s	1357341757827.870117
planetlab2.umassd.edu_planetlab1.cs.uiuc.edu_154980 9	921017.251953	920370.528000	0.150000	0.013000	921017.251953	S	1872	0	s	1357341757829.125977
planetlab2.umassd.edu_planetlab1.cs.uiuc.edu_154982 9	921022.414062	920372.286000	0.144000	0.014000	921022.414062	S	1874	0	s	1357341757834.343018
planetlab2.umassd.edu_planetlab1.cs.uiuc.edu_154986 9	921058.731934	920408.535000	0.152000	0.012000	921058.731934	S	1876	0	s	1357341757870.727051
planetlab2.umassd.edu_planetlab1.cs.uiuc.edu_154990 9	921056.103027	920408.735000	0.145000	0.013000	921056.103027	S	1904	0	s	1357341757872.309082
planetlab2.umassd.edu_planetlab1.cs.uiuc.edu_154989 9	921060.656982	920410.754000	0.233000	0.013000	921060.656982	S	1873	0	s	1357341757872.560059
planetlab2.umassd.edu_planetlab1.cs.uiuc.edu_154992 9	921062.523926	920413.019000	0.182000	0.014000	921062.523926	S	1880	0	s	1357341757874.660889
planetlab2.umassd.edu_planetlab1.cs.uiuc.edu_154995 9	921180.010986	920530.277000	0.927000	0.042000	921180.010986	S	1990	0	s	1357341758010.857910
planetlab2.umassd.edu_planetlab1.cs.uiuc.edu_154997 9	921182.414062	917531.642000	0.165000	0.013000	921182.414062	S	2000	0	s	1357341758015.313965
planetlab2.umassd.edu_planetlab1.cs.uiuc.edu_154999 9	921233.344971	920335.663000	0.164000	0.012000	921233.344971	S	1808	0	s	1357341758032.660889
planetlab2.umassd.edu_planetlab1.cs.uiuc.edu_155003 9	921924.740967	921278.143000	0.207000	0.019000	921924.740967	S	2137	0	s	1357341758770.708984
planetlab2.umassd.edu_planetlab1.cs.uiuc.edu_155005 9	921924.990967	921276.772000	0.220000	0.016000	921924.990967	S	2185	0	s	1357341758774.238037
planetlab2.umassd.edu_planetlab1.cs.uiuc.edu_155007 9	921941.135010	921291.868000	0.184000	0.021000	921941.135010	S	2061	0	s	1357341758779.397949
planetlab2.umassd.edu_planetlab1.cs.uiuc.edu_155009 9	921946.081055	921297.865000	0.159000	0.015000	921946.081055	S	2181	0	s	1357341758795.219971
planetlab2.umassd.edu_planetlab1.cs.uiuc.edu_155011 9	921947.552002	921300.496000	0.151000	0.016000	921947.552002	S	2188	0	s	1357341758796.879883
