planetlab-2.cmcl.cs.cmu.edu_earth.cs.brown.edu_10872 1	152.415771	97.819000	0.193000	0.002000	152.415771	S	2236	288	s	1357340836921.577881
planetlab-2.cmcl.cs.cmu.edu_earth.cs.brown.edu_10876 1	195.657959	141.046000	0.068000	0.001000	195.657959	S	2249	288	s	1357340836965.032959
plgmu2.ite.gmu.edu_earth.cs.brown.edu_2673 3	225.475098	159.756000	0.140000	0.007000	225.475098	S	2252	1536	s	1357340836994.895996
plgmu2.ite.gmu.edu_earth.cs.brown.edu_2675 3	262.824951	195.676000	0.153000	0.004000	262.824951	S	2260	1536	s	1357340837032.368896
planetlab01.sys.virginia.edu_earth.cs.brown.edu_2953 2	265.539062	120.414000	0.241000	0.010000	265.539062	S	2244	2208	s	1357340837034.830078
plgmu2.ite.gmu.edu_earth.cs.brown.edu_2677 3	269.290039	203.915000	0.128000	0.020000	269.290039	S	2264	1536	s	1357340837038.902100
plgmu2.ite.gmu.edu_earth.cs.brown.edu_2679 3	275.298828	208.119000	0.136000	0.005000	275.298828	S	2268	1536	s	1357340837044.970947
plgmu2.ite.gmu.edu_earth.cs.brown.edu_2681 3	282.108154	216.058000	0.125000	0.006000	282.108154	S	2269	1536	s	1357340837051.797119
plgmu2.ite.gmu.edu_earth.cs.brown.edu_2683 3	286.291016	219.308000	0.138000	0.006000	286.291016	S	2270	1536	s	1357340837055.995117
planetlab1.cs.unc.edu_earth.cs.brown.edu_23055 2	286.933105	116.687000	0.064000	0.002000	286.933105	S	2241	512	s	1357340837056.176025
planetlab1.cis.upenn.edu_earth.cs.brown.edu_3593 3	311.696777	50.664000	0.146000	0.020000	311.696777	S	2224	2560	s	1357340837080.670898
planetlab5.millennium.berkeley.edu_earth.cs.brown.edu_4884 9	416.294189	135.705000	0.331000	0.026000	416.294189	S	2247	1280	s	1357340837185.631104
plgmu2.ite.gmu.edu_earth.cs.brown.edu_2685 3	423.067139	355.949000	0.140000	0.010000	423.067139	S	2300	1536	s	1357340837193.298096
kupl1.ittc.ku.edu_earth.cs.brown.edu_1235 4	441.803955	113.549000	0.185000	0.007000	441.803955	S	2239	3200	s	1357340837211.012939
planetlab1.cs.purdue.edu_earth.cs.brown.edu_4146 1	454.930908	325.641000	0.032000	0.002000	454.930908	S	2294	2112	s	1357340837225.063965
planetlab2.cs.unc.edu_earth.cs.brown.edu_9373 1	457.996094	392.663000	0.047000	0.002000	457.996094	S	2313	2080	s	1357340837228.445068
planetlab1.temple.edu_earth.cs.brown.edu_20932 2	490.259033	395.451000	0.075000	0.005000	490.259033	S	2315	1024	s	1357340837260.739014
planetlab1.temple.edu_earth.cs.brown.edu_20935 1	515.278809	455.045000	0.033000	0.002000	515.278809	S	2333	1024	s	1357340837286.056885
planetlab2.cs.unc.edu_earth.cs.brown.edu_9377 1	534.845947	468.632000	0.051000	0.002000	534.845947	S	2337	2080	s	1357340837305.695068
planetlab2.cs.unc.edu_earth.cs.brown.edu_9381 1	556.019043	490.531000	0.027000	0.001000	556.019043	S	2344	2080	s	1357340837326.976074
planetlab2.cs.unc.edu_earth.cs.brown.edu_9385 1	564.541016	499.513000	0.028000	0.001000	564.541016	S	2345	2080	s	1357340837335.516113
planetlab2.cs.unc.edu_earth.cs.brown.edu_9387 1	567.752930	502.247000	0.022000	0.001000	567.752930	S	2347	2080	s	1357340837338.759033
nodeb.howard.edu_earth.cs.brown.edu_3959 3	568.243164	418.968000	0.102000	0.007000	568.243164	S	2325	2304	s	1357340837338.893066
planetlab2.cs.unc.edu_earth.cs.brown.edu_9394 1	577.680908	512.649000	0.026000	0.002000	577.680908	S	2349	2080	s	1357340837348.763916
planetlab2.cs.unc.edu_earth.cs.brown.edu_9402 1	628.661133	563.595000	0.029000	0.001000	628.661133	S	2361	2080	s	1357340837399.936035
planetlab1.cs.unc.edu_earth.cs.brown.edu_23109 2	658.303955	478.460000	0.053000	0.003000	658.303955	S	2338	512	s	1357340837429.167969
planetlab1.georgetown.edu_earth.cs.brown.edu_6928 3	778.557861	401.318000	0.078000	0.008000	778.557861	S	2317	576	s	1357340837549.073975
planetlab1.cs.unc.edu_earth.cs.brown.edu_23148 2	789.844971	597.897000	0.046000	0.002000	789.844971	S	2369	512	s	1357340837561.247070
planetlab1.temple.edu_earth.cs.brown.edu_21014 2	845.743896	767.808000	0.061000	0.003000	845.743896	S	2408	1024	s	1357340837617.761963
planetlab3.williams.edu_earth.cs.brown.edu_17489 9	850.424072	0.666000	0.158000	0.012000	850.424072	S	2211	544	s	1357340837619.030029
planetlab3.williams.edu_earth.cs.brown.edu_17491 9	851.360840	7.380000	0.142000	0.013000	851.360840	S	2214	544	s	1357340837620.106934
planetlab3.williams.edu_earth.cs.brown.edu_17493 9	851.523926	6.921000	0.136000	0.028000	851.523926	S	2213	544	s	1357340837620.251953
plgmu2.ite.gmu.edu_earth.cs.brown.edu_2690 3	857.804199	792.025000	0.132000	0.006000	857.804199	S	2415	1536	s	1357340837629.985107
planetlab3.williams.edu_earth.cs.brown.edu_17497 9	883.761963	22.639000	0.147000	0.016000	883.761963	S	2215	544	s	1357340837652.524902
planetlab1.georgetown.edu_earth.cs.brown.edu_6944 1	884.899902	833.813000	0.055000	0.002000	884.899902	S	2424	576	s	1357340837657.221924
planetlab1.cs.unc.edu_earth.cs.brown.edu_23173 2	889.567139	677.731000	0.060000	0.002000	889.567139	S	2391	512	s	1357340837661.319092
planetlab2.cs.unc.edu_earth.cs.brown.edu_9424 1	909.013916	827.056000	0.035000	0.002000	909.013916	S	2409	2080	s	1357340837681.045898
planetlab-1.cs.colostate.edu_earth.cs.brown.edu_4600 2	916.814941	634.003000	0.056000	0.003000	916.814941	S	2378	672	s	1357340837688.358887
planetlab6.csail.mit.edu_earth.cs.brown.edu_15075 9	919.945068	619.615000	0.262000	0.033000	919.945068	S	2373	1056	s	1357340837691.412109
planetlab3.williams.edu_earth.cs.brown.edu_17502 9	931.840088	51.468000	0.187000	0.014000	931.840088	S	2223	544	s	1357340837700.798096
nodea.howard.edu_earth.cs.brown.edu_2391 5	932.073975	226.130000	0.207000	0.065000	932.073975	S	2273	3072	s	1357340837701.824951
planetlab3.williams.edu_earth.cs.brown.edu_17508 9	957.416992	91.364000	0.145000	0.013000	957.416992	S	2231	544	s	1357340837726.500977
planetlab1.temple.edu_earth.cs.brown.edu_21051 2	955.282959	887.258000	0.037000	0.004000	955.282959	S	2435	1024	s	1357340837727.792969
planetlab1.temple.edu_earth.cs.brown.edu_21057 2	964.928955	908.790000	0.058000	0.004000	964.928955	S	2441	1024	s	1357340837737.540039
planetlab1.temple.edu_earth.cs.brown.edu_21059 2	971.906982	918.657000	0.071000	0.005000	971.906982	S	2442	1024	s	1357340837744.532959
cs-planetlab3.cs.surrey.sfu.ca_earth.cs.brown.edu_1516 9	976.994141	526.153000	0.217000	0.016000	976.994141	F	2353	1696	s	1357340837748.141113
planetlab1.temple.edu_earth.cs.brown.edu_21061 2	979.738770	915.539000	0.113000	0.004000	979.738770	S	2443	1024	s	1357340837752.379883
planetlab1.temple.edu_earth.cs.brown.edu_21063 2	979.863037	916.739000	0.069000	0.004000	979.863037	S	2447	1024	s	1357340837752.570068
planetlab1.cis.upenn.edu_earth.cs.brown.edu_3603 1	1019.535889	913.666000	0.043000	0.002000	1019.535889	S	2446	2560	s	1357340837792.221924
planetlab1.temple.edu_earth.cs.brown.edu_21086 2	1019.615967	961.929000	0.072000	0.006000	1019.615967	S	2459	1024	s	1357340837792.510986
planetlab1.cis.upenn.edu_earth.cs.brown.edu_3609 3	1050.874023	789.704000	0.110000	0.013000	1050.874023	S	2404	2560	s	1357340837822.830078
planetlab1.cs.unc.edu_earth.cs.brown.edu_23240 2	1066.204102	875.767000	0.039000	0.003000	1066.204102	S	2433	512	s	1357340837838.683105
nodeb.howard.edu_earth.cs.brown.edu_3984 3	1089.881104	941.398000	0.069000	0.004000	1089.881104	S	2437	2304	s	1357340837862.422119
nodeb.howard.edu_earth.cs.brown.edu_3986 3	1106.854980	958.812000	0.081000	0.014000	1106.854980	S	2449	2304	s	1357340837879.593994
planetlab1.temple.edu_earth.cs.brown.edu_21100 2	1106.706055	1038.413000	0.059000	0.007000	1106.706055	S	2475	1024	s	1357340837880.059082
nodea.howard.edu_earth.cs.brown.edu_2397 5	1112.185059	405.909000	0.146000	0.093000	1112.185059	S	2322	3072	s	1357340837882.790039
planetlab2.cs.unc.edu_earth.cs.brown.edu_9451 1	1111.637939	1045.959000	0.034000	0.001000	1111.637939	S	2473	2080	s	1357340837884.960938
nodeb.howard.edu_earth.cs.brown.edu_3988 3	1128.126953	979.336000	0.083000	0.005000	1128.126953	S	2452	2304	s	1357340837900.910889
nodeb.howard.edu_earth.cs.brown.edu_3990 3	1144.190918	992.486000	0.071000	0.006000	1144.190918	S	2453	2304	s	1357340837916.989014
nodeb.howard.edu_earth.cs.brown.edu_3992 3	1164.928955	1013.831000	0.068000	0.006000	1164.928955	S	2455	2304	s	1357340837937.761963
planetlab3.williams.edu_earth.cs.brown.edu_17531 9	1181.754883	287.978000	0.166000	0.017000	1181.754883	S	2279	544	s	1357340837951.597900
nodeb.howard.edu_earth.cs.brown.edu_3994 3	1186.462891	1032.023000	0.081000	0.005000	1186.462891	S	2461	2304	s	1357340837959.388916
nodeb.howard.edu_earth.cs.brown.edu_3996 3	1222.498779	1073.201000	0.071000	0.004000	1222.498779	S	2485	2304	s	1357340837996.025879
planetlab1.temple.edu_earth.cs.brown.edu_21136 2	1227.212158	1152.100000	0.049000	0.005000	1227.212158	S	2507	1024	s	1357340838001.101074
planetlab5.millennium.berkeley.edu_earth.cs.brown.edu_4894 9	1239.818115	70.238000	0.284000	0.019000	1239.818115	S	2226	1280	s	1357340838008.822021
planetlab1.cs.unc.edu_earth.cs.brown.edu_23289 2	1287.152100	1084.247000	0.055000	0.003000	1287.152100	S	2493	512	s	1357340838060.812988
plgmu2.ite.gmu.edu_earth.cs.brown.edu_2704 3	1297.031982	1221.679000	0.125000	0.009000	1297.031982	S	2524	1536	s	1357340838071.204102
planetlab1.georgetown.edu_earth.cs.brown.edu_6999 3	1298.880127	921.817000	0.055000	0.003000	1298.880127	S	2450	576	s	1357340838071.633057
nodea.howard.edu_earth.cs.brown.edu_2407 5	1316.066895	602.433000	0.150000	0.025000	1316.066895	S	2370	3072	s	1357340838087.483887
plab4.eece.ksu.edu_earth.cs.brown.edu_3471 3	1335.562012	1038.627000	0.092000	0.011000	1335.562012	S	2466	2176	s	1357340838108.753906
nodea.howard.edu_earth.cs.brown.edu_2417 5	1370.795898	655.231000	0.144000	0.076000	1370.795898	S	2384	3072	s	1357340838142.437988
nodea.howard.edu_earth.cs.brown.edu_2419 5	1376.945068	665.675000	0.123000	0.049000	1376.945068	S	2386	3072	s	1357340838148.621094
nodea.howard.edu_earth.cs.brown.edu_2421 5	1379.476074	667.068000	0.074000	0.011000	1379.476074	S	2387	3072	s	1357340838151.166992
nodea.howard.edu_earth.cs.brown.edu_2423 5	1393.039062	677.569000	0.110000	0.008000	1393.039062	S	2390	3072	s	1357340838164.777100
planetlab3.williams.edu_earth.cs.brown.edu_17560 9	1401.751953	458.389000	0.147000	0.022000	1401.751953	S	2324	544	s	1357340838172.387939
planetlab1.temple.edu_earth.cs.brown.edu_21191 2	1402.351074	1350.126000	0.078000	0.007000	1402.351074	S	2551	1024	s	1357340838177.031982
nodea.howard.edu_earth.cs.brown.edu_2427 5	1425.332764	710.994000	0.133000	0.013000	1425.332764	S	2394	3072	s	1357340838197.129883
nodeb.howard.edu_earth.cs.brown.edu_4000 3	1473.041992	1325.185000	0.084000	0.006000	1473.041992	S	2517	2304	s	1357340838247.093018
planetlab1.temple.edu_earth.cs.brown.edu_21205 2	1473.420898	1397.597000	0.068000	0.003000	1473.420898	S	2563	1024	s	1357340838248.304932
planet6.cs.ucsb.edu_earth.cs.brown.edu_5718 9	1488.914795	442.611000	0.188000	0.031000	1488.914795	S	2331	768	s	1357340838259.659912
nodea.howard.edu_earth.cs.brown.edu_2431 5	1518.868896	808.643000	0.160000	0.012000	1518.868896	S	2418	3072	s	1357340838291.097900
planetlab1.cs.unc.edu_earth.cs.brown.edu_23391 2	1532.869141	1327.391000	0.052000	0.002000	1532.869141	S	2496	512	s	1357340838306.589111
planetlab1.temple.edu_earth.cs.brown.edu_21217 1	1553.038086	1501.489000	0.032000	0.002000	1553.038086	S	2589	1024	s	1357340838328.341064
planetlab1.temple.edu_earth.cs.brown.edu_21227 2	1594.178223	1516.141000	0.076000	0.003000	1594.178223	S	2593	1024	s	1357340838369.599121
planetlab1.temple.edu_earth.cs.brown.edu_21229 2	1608.376953	1518.892000	0.051000	0.003000	1608.376953	S	2594	1024	s	1357340838383.815918
planetlab1.temple.edu_earth.cs.brown.edu_21240 2	1643.213867	1546.012000	0.056000	0.006000	1643.213867	S	2595	1024	s	1357340838418.667969
planetlab1.temple.edu_earth.cs.brown.edu_21242 2	1643.438965	1524.001000	0.059000	0.005000	1643.438965	S	2599	1024	s	1357340838418.956055
planetlab1.temple.edu_earth.cs.brown.edu_21246 2	1656.451172	1586.498000	0.168000	0.003000	1656.451172	S	2603	1024	s	1357340838432.039062
planetlab1.temple.edu_earth.cs.brown.edu_21268 2	1710.132812	1638.911000	0.222000	0.005000	1710.132812	S	2611	1024	s	1357340838485.847900
planetlab1.temple.edu_earth.cs.brown.edu_21300 2	1758.319092	1707.512000	0.056000	0.004000	1758.319092	S	2628	1024	s	1357340838534.322021
nodea.howard.edu_earth.cs.brown.edu_2454 5	1881.319092	1173.697000	0.154000	0.012000	1881.319092	S	2514	3072	s	1357340838655.323975
planetlab1.temple.edu_earth.cs.brown.edu_21369 2	1889.717041	1823.211000	0.148000	0.004000	1889.717041	S	2659	1024	s	1357340838666.260986
planetlab1.temple.edu_earth.cs.brown.edu_21397 2	1928.316162	1843.574000	0.072000	0.008000	1928.316162	S	2664	1024	s	1357340838704.943115
planetlab2.acis.ufl.edu_earth.cs.brown.edu_4508 9	2034.643066	1538.090000	0.178000	0.014000	2034.643066	S	2586	1152	s	1357340838809.895020
planetlab1.cis.upenn.edu_earth.cs.brown.edu_3684 3	2132.329102	1890.090000	0.115000	0.009000	2132.329102	S	2555	2560	s	1357340838907.072021
planetlab-01.cs.princeton.edu_earth.cs.brown.edu_6266 9	2158.106201	457.225000	0.219000	0.022000	2158.106201	S	2212	1088	s	1357340838926.777100
planetlab4.csail.mit.edu_earth.cs.brown.edu_1849 4	2150.546875	1969.881000	0.133000	0.014000	2150.546875	S	2686	1344	s	1357340838927.533936
planetlab1.cs.purdue.edu_earth.cs.brown.edu_4253 3	2298.007080	2011.569000	0.074000	0.005000	2298.007080	S	2504	2112	s	1357340839071.850098
planetlab1.poly.edu_earth.cs.brown.edu_1945 6	2328.413086	1586.874000	0.157000	0.012000	2328.413086	S	2612	3104	s	1357340839104.143066
planetlab1.temple.edu_earth.cs.brown.edu_21610 2	2328.456055	2239.954000	0.061000	0.003000	2328.456055	S	2723	1024	s	1357340839106.103027
planetlab3.wail.wisc.edu_earth.cs.brown.edu_1304 4	2366.302979	2001.855000	0.119000	0.032000	2366.302979	S	2696	3328	s	1357340839143.449951
planetlab1.temple.edu_earth.cs.brown.edu_21635 2	2425.505127	2353.085000	0.068000	0.004000	2425.505127	S	2734	1024	s	1357340839203.332031
planetlab2.acis.ufl.edu_earth.cs.brown.edu_4592 9	2506.585938	2003.277000	0.174000	0.012000	2506.585938	S	2693	1152	s	1357340839283.686035
plgmu2.ite.gmu.edu_earth.cs.brown.edu_2832 3	2625.225098	2543.858000	0.072000	0.005000	2625.225098	S	2780	1536	s	1357340839403.818115
planetlab5.millennium.berkeley.edu_earth.cs.brown.edu_5020 9	2648.447021	1489.080000	0.251000	0.014000	2648.447021	S	2553	1280	s	1357340839423.157959
planetlab1.temple.edu_earth.cs.brown.edu_21734 2	2669.265137	2604.691000	0.071000	0.004000	2669.265137	S	2779	1024	s	1357340839447.842041
planetlab2.acis.ufl.edu_earth.cs.brown.edu_4625 9	2765.252930	2645.261000	0.166000	0.011000	2765.252930	S	2800	1152	s	1357340839544.221924
planetlab1.temple.edu_earth.cs.brown.edu_21803 2	2837.221924	2762.936000	0.075000	0.003000	2837.221924	S	2807	1024	s	1357340839616.313965
planetlab1.temple.edu_earth.cs.brown.edu_21837 1	2930.256836	2877.439000	0.072000	0.001000	2930.256836	S	2829	1024	s	1357340839709.701904
planetlab1.temple.edu_earth.cs.brown.edu_21863 1	2988.245850	2939.125000	0.031000	0.002000	2988.245850	S	2841	1024	s	1357340839767.949951
planetlab-3.cmcl.cs.cmu.edu_earth.cs.brown.edu_1464 4	3014.260010	2811.676000	0.145000	0.008000	3014.260010	S	2822	1792	s	1357340839793.596924
planetlab1.temple.edu_earth.cs.brown.edu_21876 1	3023.031006	2970.328000	0.039000	0.002000	3023.031006	S	2844	1024	s	1357340839802.783936
planetlab1.temple.edu_earth.cs.brown.edu_21878 1	3031.048096	2932.780000	0.031000	0.002000	3031.048096	S	2837	1024	s	1357340839810.687012
planetlab1.temple.edu_earth.cs.brown.edu_21886 1	3039.993164	2988.691000	0.037000	0.002000	3039.993164	S	2845	1024	s	1357340839819.779053
planetlab5.millennium.berkeley.edu_earth.cs.brown.edu_5075 9	3198.259033	2039.406000	0.239000	0.017000	3198.259033	S	2641	1280	s	1357340839974.455078
plab4.eece.ksu.edu_earth.cs.brown.edu_3645 3	3977.782959	3814.858000	0.089000	0.008000	3977.782959	S	2577	2176	s	1357340840752.895020
nodea.howard.edu_earth.cs.brown.edu_2606 5	4008.722900	3294.671000	0.190000	0.014000	4008.722900	S	2898	3072	s	1357340840789.376953
plgmu1.ite.gmu.edu_earth.cs.brown.edu_2852 3	6502.931152	6321.665000	0.125000	0.007000	6502.931152	S	2791	208	s	1357340843281.756104
planetlab1.cs.unc.edu_earth.cs.brown.edu_24076 2	6651.601807	6442.948000	0.053000	0.002000	6651.601807	S	2497	512	s	1357340843425.337891
planetlab1.cs.unc.edu_earth.cs.brown.edu_24080 2	6655.316895	6451.259000	0.040000	0.002000	6655.316895	S	2499	512	s	1357340843429.083008
planetlab1.cs.unc.edu_earth.cs.brown.edu_24083 2	6662.267822	6458.453000	0.049000	0.003000	6662.267822	S	2501	512	s	1357340843436.064941
planetlab1.cs.unc.edu_earth.cs.brown.edu_24091 2	6677.173096	6468.719000	0.048000	0.002000	6677.173096	S	2505	512	s	1357340843451.030029
planetlab1.cs.unc.edu_earth.cs.brown.edu_24097 2	6696.502930	6484.013000	0.050000	0.002000	6696.502930	S	2513	512	s	1357340843470.492920
planetlab1.cs.unc.edu_earth.cs.brown.edu_24122 2	6756.309082	6555.368000	0.052000	0.002000	6756.309082	S	2529	512	s	1357340843530.559082
planetlab-01.cs.princeton.edu_earth.cs.brown.edu_7252 9	7496.457031	5582.407000	0.621000	0.023000	7496.457031	S	2340	1088	s	1357340844267.351074
planetlab1.temple.edu_earth.cs.brown.edu_22582 1	8363.119141	8315.372000	0.069000	0.001000	8363.119141	S	2847	1024	s	1357340845142.946045
planetlab-02.bu.edu_earth.cs.brown.edu_12312 4	8621.993896	8436.712000	0.158000	0.010000	8621.993896	S	2388	192	s	1357340845393.698975
planetlab-02.bu.edu_earth.cs.brown.edu_12316 4	8624.937988	8426.301000	0.202000	0.013000	8624.937988	S	2644	192	s	1357340845401.191895
planetlab-02.bu.edu_earth.cs.brown.edu_12323 4	8647.302002	8451.233000	0.112000	0.018000	8647.302002	S	2836	192	s	1357340845426.923096
planetlab-02.bu.edu_earth.cs.brown.edu_12326 4	8648.908936	8455.110000	0.118000	0.012000	8648.908936	S	2884	192	s	1357340845429.335938
planetlab-02.bu.edu_earth.cs.brown.edu_12327 4	8651.031982	8464.895000	0.096000	0.008000	8651.031982	S	2896	192	s	1357340845431.656006
planetlab-02.bu.edu_earth.cs.brown.edu_12329 4	8651.115967	8469.813000	0.124000	0.009000	8651.115967	S	2900	192	s	1357340845431.809082
planetlab-02.bu.edu_earth.cs.brown.edu_12332 4	8652.262939	8464.377000	0.105000	0.010000	8652.262939	S	2901	192	s	1357340845432.970947
planetlab-02.bu.edu_earth.cs.brown.edu_12335 4	8655.137939	8478.983000	0.100000	0.011000	8655.137939	S	2908	192	s	1357340845436.009033
planetlab-02.bu.edu_earth.cs.brown.edu_12337 4	8655.944092	8494.518000	0.149000	0.007000	8655.944092	S	2932	192	s	1357340845437.205078
earth.cs.brown.edu_earth.cs.brown.edu_8853 9	8716.059082	8699.957000	0.205000	0.011000	8716.059082	S	2773	48	s	1357340845494.520996
planetlab-02.bu.edu_earth.cs.brown.edu_12380 4	8777.566895	5586.111000	0.137000	0.011000	8777.566895	S	2902	192	s	1357340845558.291992
planetlab4.wail.wisc.edu_earth.cs.brown.edu_17857 2	9972.125000	9848.454000	0.063000	0.005000	9972.125000	S	2271	96	s	1357340846741.843994
planetlab4.wail.wisc.edu_earth.cs.brown.edu_17875 2	10033.031006	9887.318000	0.070000	0.004000	10033.031006	S	2399	96	s	1357340846804.908936
planetlab4.wail.wisc.edu_earth.cs.brown.edu_17890 2	10063.268066	9922.830000	0.068000	0.004000	10063.268066	S	2463	96	s	1357340846836.406006
planetlab4.wail.wisc.edu_earth.cs.brown.edu_17900 2	10087.641113	9938.306000	0.059000	0.002000	10087.641113	S	2511	96	s	1357340846861.599121
planetlab4.wail.wisc.edu_earth.cs.brown.edu_17903 2	10098.094971	9943.267000	0.074000	0.004000	10098.094971	S	2519	96	s	1357340846872.177002
planetlab4.wail.wisc.edu_earth.cs.brown.edu_17908 2	10101.628906	9948.835000	0.063000	0.004000	10101.628906	S	2523	96	s	1357340846875.783936
planetlab4.wail.wisc.edu_earth.cs.brown.edu_17911 2	10109.974121	9959.657000	0.062000	0.008000	10109.974121	S	2525	96	s	1357340846884.162109
planetlab4.wail.wisc.edu_earth.cs.brown.edu_17913 2	10111.383057	9959.176000	0.053000	0.004000	10111.383057	S	2527	96	s	1357340846885.603027
planetlab4.wail.wisc.edu_earth.cs.brown.edu_17915 2	10119.054199	9967.784000	0.052000	0.003000	10119.054199	S	2526	96	s	1357340846893.257080
planetlab4.wail.wisc.edu_earth.cs.brown.edu_17927 2	10150.662109	9981.432000	0.062000	0.003000	10150.662109	S	2559	96	s	1357340846925.468018
planetlab1.cs.unc.edu_earth.cs.brown.edu_25927 2	13853.848877	13659.953000	0.437000	0.003000	13853.848877	S	2581	512	s	1357340850629.022949
planetlab1.cs.unc.edu_earth.cs.brown.edu_25949 2	14017.047119	13838.058000	0.057000	0.006000	14017.047119	S	2610	512	s	1357340850792.746094
planetlab1.cs.unc.edu_earth.cs.brown.edu_25956 2	14124.631104	13953.060000	0.116000	0.003000	14124.631104	S	2625	512	s	1357340850900.583984
planetlab1.cs.unc.edu_earth.cs.brown.edu_25967 2	14259.688965	14090.363000	0.061000	0.003000	14259.688965	S	2642	512	s	1357340851035.909912
planetlab2.cs.unc.edu_earth.cs.brown.edu_9754 1	14286.309814	14220.895000	0.030000	0.002000	14286.309814	S	2857	2080	s	1357340851066.294922
planetlab1.cs.unc.edu_earth.cs.brown.edu_25984 2	14526.956055	14363.625000	0.049000	0.002000	14526.956055	S	2658	512	s	1357340851303.481934
planetlab1.clemson.edu_earth.cs.brown.edu_2041 4	14636.443115	14343.260000	0.110000	0.699000	14636.443115	S	2871	2624	s	1357340851416.652100
planetlab1.cs.unc.edu_earth.cs.brown.edu_25995 2	14686.781982	14524.609000	0.215000	0.003000	14686.781982	S	2672	512	s	1357340851463.539062
planetlab1.cs.unc.edu_earth.cs.brown.edu_25997 2	14694.391846	14535.047000	0.039000	0.002000	14694.391846	S	2674	512	s	1357340851471.179932
planetlab1.cs.unc.edu_earth.cs.brown.edu_26001 2	14715.987061	14553.401000	0.067000	0.002000	14715.987061	S	2675	512	s	1357340851492.791016
planetlab1.cs.unc.edu_earth.cs.brown.edu_26005 2	14753.356934	14599.124000	0.154000	0.002000	14753.356934	S	2678	512	s	1357340851530.207031
planetlab1.cis.upenn.edu_earth.cs.brown.edu_4435 3	14784.836914	14527.074000	0.113000	0.013000	14784.836914	S	2840	2560	s	1357340851564.525879
planetlab1.cs.unc.edu_earth.cs.brown.edu_26013 2	14910.460938	14747.452000	0.055000	0.002000	14910.460938	S	2682	512	s	1357340851687.373047
planetlab1.cs.unc.edu_earth.cs.brown.edu_26017 2	14954.900879	14796.025000	0.053000	0.003000	14954.900879	S	2689	512	s	1357340851731.938965
planetlab1.cs.unc.edu_earth.cs.brown.edu_26025 2	15057.656982	14896.980000	0.048000	0.004000	15057.656982	S	2698	512	s	1357340851834.843018
planetlab6.csail.mit.edu_earth.cs.brown.edu_16676 9	15602.885986	15342.770000	0.319000	0.103000	15602.885986	S	2797	1056	s	1357340852381.810059
planetlab1.cs.unc.edu_earth.cs.brown.edu_26068 2	15675.391113	15516.174000	0.121000	0.002000	15675.391113	S	2752	512	s	1357340852453.517090
planetlab1.cs.unc.edu_earth.cs.brown.edu_26072 2	15697.255859	15540.251000	0.040000	0.011000	15697.255859	S	2753	512	s	1357340852475.396973
planetlab1.cs.unc.edu_earth.cs.brown.edu_26080 2	15728.380859	15573.899000	0.046000	0.003000	15728.380859	S	2755	512	s	1357340852506.552979
planetlab1.temple.edu_earth.cs.brown.edu_22723 2	15749.056885	15690.563000	0.052000	0.003000	15749.056885	S	2851	1024	s	1357340852528.949951
planetlab1.cs.unc.edu_earth.cs.brown.edu_26086 2	15751.000000	15596.102000	0.042000	0.003000	15751.000000	S	2757	512	s	1357340852529.201904
planetlab1.cs.unc.edu_earth.cs.brown.edu_26096 2	15776.922119	15620.532000	0.047000	0.006000	15776.922119	S	2761	512	s	1357340852555.187012
planetlab1.cs.unc.edu_earth.cs.brown.edu_26098 2	15793.983154	15638.247000	0.125000	0.003000	15793.983154	S	2769	512	s	1357340852572.381104
planetlab1.temple.edu_earth.cs.brown.edu_22735 2	15809.914062	15752.301000	0.073000	0.004000	15809.914062	S	2856	1024	s	1357340852589.883057
planetlab1.cs.unc.edu_earth.cs.brown.edu_26105 2	15815.594971	15655.041000	0.065000	0.004000	15815.594971	S	2785	512	s	1357340852594.314941
planetlab1.cs.unc.edu_earth.cs.brown.edu_26106 2	15815.750977	15651.692000	0.039000	0.003000	15815.750977	S	2802	512	s	1357340852594.757080
planetlab1.cs.unc.edu_earth.cs.brown.edu_26116 2	15837.250977	15659.907000	0.078000	0.002000	15837.250977	S	2815	512	s	1357340852616.468018
planetlab1.cs.unc.edu_earth.cs.brown.edu_26117 2	15841.658936	15659.518000	0.242000	0.002000	15841.658936	S	2817	512	s	1357340852620.909912
planetlab1.cs.unc.edu_earth.cs.brown.edu_26140 2	15904.869141	15733.849000	0.052000	0.003000	15904.869141	S	2859	512	s	1357340852684.883057
planetlab1.cs.unc.edu_earth.cs.brown.edu_26144 2	15913.834961	15743.256000	0.089000	0.002000	15913.834961	S	2880	512	s	1357340852694.199951
planetlab1.cs.unc.edu_earth.cs.brown.edu_26146 2	15926.156982	15752.819000	0.063000	0.002000	15926.156982	S	2881	512	s	1357340852706.538086
planetlab1.cs.unc.edu_earth.cs.brown.edu_26150 2	15945.614014	15775.470000	0.042000	0.002000	15945.614014	S	2883	512	s	1357340852726.024902
planetlab1.cs.unc.edu_earth.cs.brown.edu_26152 2	15948.163818	15774.342000	0.064000	0.003000	15948.163818	S	2885	512	s	1357340852728.606934
planetlab1.cs.unc.edu_earth.cs.brown.edu_26161 2	15967.411133	15802.801000	0.050000	0.003000	15967.411133	S	2897	512	s	1357340852748.051025
planetlab1.cs.unc.edu_earth.cs.brown.edu_26182 2	16064.677002	15892.379000	0.053000	0.003000	16064.677002	S	2910	512	s	1357340852845.582031
planetlab1.cs.unc.edu_earth.cs.brown.edu_26185 2	16078.919922	15882.329000	0.111000	0.003000	16078.919922	S	2913	512	s	1357340852859.877930
planetlab1.cs.unc.edu_earth.cs.brown.edu_26202 2	16127.595947	15933.608000	0.052000	0.004000	16127.595947	S	2930	512	s	1357340852908.825928
planetlab1.temple.edu_earth.cs.brown.edu_22843 1	16210.491943	16062.946000	0.037000	0.002000	16210.491943	S	2909	1024	s	1357340852991.378906
planetlab1.temple.edu_earth.cs.brown.edu_22841 1	16211.307129	15828.790000	0.040000	0.001000	16211.307129	S	2877	1024	s	1357340852991.622070
planetlab-2.cmcl.cs.cmu.edu_earth.cs.brown.edu_11678 1	17501.576904	17203.977000	0.050000	0.001000	17501.576904	S	2434	288	s	1357340854274.072021
planetlab1.temple.edu_earth.cs.brown.edu_23532 2	17598.677979	17540.188000	0.151000	0.006000	17598.677979	S	2888	1024	s	1357340854379.175049
planetlab1.temple.edu_earth.cs.brown.edu_23542 2	17664.238037	17612.382000	0.240000	0.007000	17664.238037	S	2912	1024	s	1357340854445.175049
planetlab1.temple.edu_earth.cs.brown.edu_23560 2	17773.510986	17702.609000	0.080000	0.007000	17773.510986	S	2920	1024	s	1357340854554.579102
planetlab1.temple.edu_earth.cs.brown.edu_23564 2	17787.528076	17724.262000	0.075000	0.004000	17787.528076	S	2921	1024	s	1357340854568.612061
planetlab1.temple.edu_earth.cs.brown.edu_23585 2	17834.782227	17783.587000	0.074000	0.007000	17834.782227	S	2924	1024	s	1357340854615.912109
planetlab1.temple.edu_earth.cs.brown.edu_23580 2	17837.039062	17755.696000	0.061000	0.005000	17837.039062	S	2922	1024	s	1357340854618.136963
planetlab1.temple.edu_earth.cs.brown.edu_23601 2	17874.321777	17811.481000	0.139000	0.006000	17874.321777	S	2935	1024	s	1357340854655.629883
planetlab1.cs.unc.edu_earth.cs.brown.edu_26646 2	17882.845947	14714.644000	0.050000	0.002000	17882.845947	S	2889	512	s	1357340854663.357910
planetlab1.temple.edu_earth.cs.brown.edu_23603 2	17882.922119	17830.878000	0.086000	0.014000	17882.922119	S	2936	1024	s	1357340854664.245117
plab4.eece.ksu.edu_earth.cs.brown.edu_4893 3	17969.121826	17506.347000	0.108000	0.008000	17969.121826	S	2722	2176	s	1357340854746.753906
planetlab-2.cmcl.cs.cmu.edu_earth.cs.brown.edu_11732 1	20096.689941	20039.765000	0.108000	0.002000	20096.689941	S	2602	288	s	1357340856872.260986
planetlab-01.cs.princeton.edu_earth.cs.brown.edu_8664 9	22726.733154	20815.549000	0.213000	0.018000	22726.733154	S	2436	1088	s	1357340859499.258057
planetlab1.cs.purdue.edu_earth.cs.brown.edu_5277 3	22971.915039	22688.825000	0.068000	0.004000	22971.915039	S	2656	2112	s	1357340859748.356934
planetlab-01.cs.princeton.edu_earth.cs.brown.edu_8748 9	23867.201904	22057.990000	0.246000	0.021000	23867.201904	S	2468	1088	s	1357340860640.441895
planetlab-01.bu.edu_earth.cs.brown.edu_7928 3	24150.418945	23892.296000	0.068000	0.005000	24150.418945	S	2572	640	s	1357340860925.448975
planetlab-01.bu.edu_earth.cs.brown.edu_7930 3	24162.662109	23910.973000	0.111000	0.004000	24162.662109	S	2596	640	s	1357340860938.132080
planetlab-01.bu.edu_earth.cs.brown.edu_7933 3	24190.704102	23938.274000	0.061000	0.006000	24190.704102	S	2600	640	s	1357340860966.236084
planetlab-01.bu.edu_earth.cs.brown.edu_7935 3	24195.217041	23954.228000	0.080000	0.005000	24195.217041	S	2604	640	s	1357340860970.821045
planetlab-01.bu.edu_earth.cs.brown.edu_7937 3	24197.787842	23957.468000	0.063000	0.004000	24197.787842	S	2605	640	s	1357340860973.408936
planetlab-01.bu.edu_earth.cs.brown.edu_7939 3	24212.754150	23971.872000	0.066000	0.005000	24212.754150	S	2606	640	s	1357340860988.391113
planetlab-01.bu.edu_earth.cs.brown.edu_7943 3	24243.791016	24007.747000	0.061000	0.007000	24243.791016	S	2620	640	s	1357340861019.663086
planetlab-01.bu.edu_earth.cs.brown.edu_7945 3	24275.302002	24051.463000	0.063000	0.006000	24275.302002	S	2668	640	s	1357340861051.990967
planetlab-01.bu.edu_earth.cs.brown.edu_7947 3	24338.178223	24098.782000	0.092000	0.004000	24338.178223	S	2732	640	s	1357340861115.974121
planetlab-01.bu.edu_earth.cs.brown.edu_7949 3	24425.462891	24186.547000	0.093000	0.005000	24425.462891	S	2860	640	s	1357340861205.500977
ricepl-2.cs.rice.edu_earth.cs.brown.edu_14226 3	27315.979004	27133.834000	0.091000	0.010000	27315.979004	S	2243	128	s	1357340864085.253906
ricepl-2.cs.rice.edu_earth.cs.brown.edu_14228 3	27321.251953	27136.930000	0.102000	0.013000	27321.251953	S	2257	128	s	1357340864090.749023
ricepl-2.cs.rice.edu_earth.cs.brown.edu_14231 3	27348.456055	27167.561000	0.067000	0.009000	27348.456055	S	2258	128	s	1357340864117.968994
ricepl-2.cs.rice.edu_earth.cs.brown.edu_14233 3	27350.025879	27168.065000	0.075000	0.006000	27350.025879	S	2259	128	s	1357340864119.553955
ricepl-2.cs.rice.edu_earth.cs.brown.edu_14370 3	29469.479980	29288.767000	0.073000	0.007000	29469.479980	S	2263	128	s	1357340866239.075928
planetlab2.millennium.berkeley.edu_earth.cs.brown.edu_12066 2	31050.985107	30768.985000	0.101000	0.003000	31050.985107	S	2220	2048	s	1357340867819.894043
planetlab2.millennium.berkeley.edu_earth.cs.brown.edu_12070 2	31086.541016	30804.710000	0.101000	0.009000	31086.541016	S	2255	2048	s	1357340867856.008057
planetlab2.millennium.berkeley.edu_earth.cs.brown.edu_12072 2	31141.434082	30859.361000	0.091000	0.008000	31141.434082	S	2265	2048	s	1357340867911.061035
planetlab2.millennium.berkeley.edu_earth.cs.brown.edu_12104 2	31578.844971	31296.100000	0.199000	0.006000	31578.844971	S	2383	2048	s	1357340868350.472900
planetlab-01.cs.princeton.edu_earth.cs.brown.edu_9149 9	32276.186035	30505.493000	0.469000	0.039000	32276.186035	S	2470	1088	s	1357340869049.460938
planetlab-01.cs.princeton.edu_earth.cs.brown.edu_9153 9	32409.659912	30613.150000	0.226000	0.035000	32409.659912	S	2469	1088	s	1357340869182.917969
planetlab-01.cs.princeton.edu_earth.cs.brown.edu_9170 9	32909.211914	31136.301000	1.024000	0.021000	32909.211914	S	2476	1088	s	1357340869682.582031
planetlab-01.cs.princeton.edu_earth.cs.brown.edu_9177 9	33170.797119	31238.711000	0.888000	0.016000	33170.797119	S	2464	1088	s	1357340869943.957031
planetlab-1.usask.ca_earth.cs.brown.edu_4289 4	33413.989014	33124.139000	0.176000	0.006000	33413.989014	S	2550	896	s	1357340870188.654053
planetlab-01.cs.princeton.edu_earth.cs.brown.edu_9186 9	33480.248047	31733.003000	2.012000	0.019000	33480.248047	S	2484	1088	s	1357340870253.759033
planetlab2.millennium.berkeley.edu_earth.cs.brown.edu_12267 2	33525.593994	33242.837000	0.384000	0.002000	33525.593994	S	2535	2048	s	1357340870299.997070
planetlab2.millennium.berkeley.edu_earth.cs.brown.edu_12350 2	34171.091797	33888.106000	0.086000	0.122000	34171.091797	S	2556	2048	s	1357340870945.847900
planetlab2.millennium.berkeley.edu_earth.cs.brown.edu_12385 2	34396.721924	34114.599000	0.080000	0.002000	34396.721924	S	2567	2048	s	1357340871171.670898
ricepl-2.cs.rice.edu_earth.cs.brown.edu_14872 3	35146.413086	34961.655000	0.080000	0.006000	35146.413086	S	2267	128	s	1357340871916.070068
planetlab2.millennium.berkeley.edu_earth.cs.brown.edu_12510 2	35252.864990	34970.139000	0.082000	0.003000	35252.864990	S	2573	2048	s	1357340872027.909912
planetlab2.millennium.berkeley.edu_earth.cs.brown.edu_12517 2	35326.830811	35044.406000	0.084000	0.003000	35326.830811	S	2574	2048	s	1357340872101.889893
planetlab-01.cs.princeton.edu_earth.cs.brown.edu_9267 9	35343.759033	33584.807000	0.222000	0.039000	35343.759033	S	2532	1088	s	1357340872118.112061
planetlab2.millennium.berkeley.edu_earth.cs.brown.edu_12523 2	35350.664062	35067.754000	0.076000	0.005000	35350.664062	S	2575	2048	s	1357340872125.741943
planetlab2.millennium.berkeley.edu_earth.cs.brown.edu_12547 2	35511.502930	35224.511000	0.073000	0.004000	35511.502930	S	2591	2048	s	1357340872286.842041
planetlab2.millennium.berkeley.edu_earth.cs.brown.edu_12585 2	35753.222900	35470.630000	0.080000	0.004000	35753.222900	S	2607	2048	s	1357340872528.875000
plab4.eece.ksu.edu_earth.cs.brown.edu_5807 3	36039.667969	35329.282000	0.098000	0.007000	36039.667969	S	2850	2176	s	1357340872819.544922
ricepl-2.cs.rice.edu_earth.cs.brown.edu_15042 1	36251.083984	36093.936000	0.049000	0.002000	36251.083984	S	2285	128	s	1357340873021.018066
ricepl-2.cs.rice.edu_earth.cs.brown.edu_15072 1	36399.224121	36231.491000	0.074000	0.001000	36399.224121	S	2413	128	s	1357340873171.321045
ricepl-2.cs.rice.edu_earth.cs.brown.edu_15087 1	36455.538086	36297.543000	0.055000	0.001000	36455.538086	S	2477	128	s	1357340873228.924072
planetlab2.millennium.berkeley.edu_earth.cs.brown.edu_12694 2	36469.471191	33187.697000	0.080000	0.004000	36469.471191	S	2571	2048	s	1357340873244.485107
ricepl-2.cs.rice.edu_earth.cs.brown.edu_15096 1	36484.263916	36329.615000	0.043000	0.001000	36484.263916	S	2509	128	s	1357340873258.187988
ricepl-2.cs.rice.edu_earth.cs.brown.edu_15103 1	36519.440918	36360.428000	0.051000	0.001000	36519.440918	S	2533	128	s	1357340873293.811035
ricepl-2.cs.rice.edu_earth.cs.brown.edu_15108 1	36548.323975	36391.705000	0.033000	0.001000	36548.323975	S	2537	128	s	1357340873322.763916
ricepl-2.cs.rice.edu_earth.cs.brown.edu_15116 1	36569.075928	36413.542000	0.041000	0.002000	36569.075928	S	2540	128	s	1357340873343.566895
ricepl-2.cs.rice.edu_earth.cs.brown.edu_15118 1	36583.916016	36428.122000	0.059000	0.001000	36583.916016	S	2541	128	s	1357340873358.425049
ricepl-2.cs.rice.edu_earth.cs.brown.edu_15122 1	36592.989990	36438.747000	0.057000	0.002000	36592.989990	S	2543	128	s	1357340873367.534912
ricepl-2.cs.rice.edu_earth.cs.brown.edu_15126 1	36614.429932	36460.483000	0.050000	0.001000	36614.429932	S	2557	128	s	1357340873389.201904
planetlab2.millennium.berkeley.edu_earth.cs.brown.edu_12742 2	36723.375977	36440.682000	0.084000	0.005000	36723.375977	S	2627	2048	s	1357340873499.361084
planetlab2.millennium.berkeley.edu_earth.cs.brown.edu_12756 2	36811.411865	36529.553000	0.086000	0.004000	36811.411865	S	2629	2048	s	1357340873587.431885
planetlab2.millennium.berkeley.edu_earth.cs.brown.edu_12764 2	36887.025146	36604.904000	0.152000	0.005000	36887.025146	S	2630	2048	s	1357340873663.060059
planetlab2.millennium.berkeley.edu_earth.cs.brown.edu_12774 2	36956.586914	36661.666000	0.085000	0.004000	36956.586914	S	2631	2048	s	1357340873732.635986
planetlab2.millennium.berkeley.edu_earth.cs.brown.edu_12781 2	37012.666016	36730.026000	0.092000	0.003000	37012.666016	S	2633	2048	s	1357340873788.745117
planetlab2.millennium.berkeley.edu_earth.cs.brown.edu_12790 2	37081.194092	36798.704000	0.082000	0.003000	37081.194092	S	2634	2048	s	1357340873857.287109
planetlab2.millennium.berkeley.edu_earth.cs.brown.edu_12792 2	37097.594971	36813.627000	0.096000	0.004000	37097.594971	S	2635	2048	s	1357340873873.702881
planetlab2.millennium.berkeley.edu_earth.cs.brown.edu_12804 2	37174.520996	36890.539000	0.082000	0.003000	37174.520996	S	2636	2048	s	1357340873950.644043
planetlab2.millennium.berkeley.edu_earth.cs.brown.edu_12813 2	37204.699951	36921.951000	0.081000	0.005000	37204.699951	S	2637	2048	s	1357340873980.836914
planetlab2.millennium.berkeley.edu_earth.cs.brown.edu_12820 2	37276.338867	36992.862000	0.114000	0.003000	37276.338867	S	2638	2048	s	1357340874052.490967
planetlab2.millennium.berkeley.edu_earth.cs.brown.edu_12825 2	37295.816895	37013.743000	0.087000	0.003000	37295.816895	S	2639	2048	s	1357340874071.982910
planetlab2.millennium.berkeley.edu_earth.cs.brown.edu_12855 2	37472.398926	37190.513000	0.108000	0.002000	37472.398926	S	2647	2048	s	1357340874248.700928
planetlab2.millennium.berkeley.edu_earth.cs.brown.edu_12871 2	37565.625977	37283.992000	0.184000	0.003000	37565.625977	S	2651	2048	s	1357340874341.989014
planetlab2.millennium.berkeley.edu_earth.cs.brown.edu_12989 2	38328.895020	38046.125000	0.081000	0.005000	38328.895020	S	2653	2048	s	1357340875105.288086
planetlab2.millennium.berkeley.edu_earth.cs.brown.edu_12999 2	38379.354004	38097.266000	0.098000	0.004000	38379.354004	S	2654	2048	s	1357340875155.760986
planetlab2.millennium.berkeley.edu_earth.cs.brown.edu_13029 2	38565.431152	38282.936000	0.090000	0.005000	38565.431152	S	2655	2048	s	1357340875341.852051
planetlab2.millennium.berkeley.edu_earth.cs.brown.edu_13080 2	38825.386963	38539.768000	0.079000	0.004000	38825.386963	S	2663	2048	s	1357340875602.000000
planetlab3.williams.edu_earth.cs.brown.edu_23223 9	39283.096924	38374.617000	0.146000	0.029000	39283.096924	S	2471	544	s	1357340876056.387939
planetlab2.millennium.berkeley.edu_earth.cs.brown.edu_13130 2	39346.398926	39059.515000	0.096000	0.004000	39346.398926	S	2667	2048	s	1357340876123.072998
planetlab2.millennium.berkeley.edu_earth.cs.brown.edu_13137 2	39389.256836	39106.138000	0.094000	0.004000	39389.256836	S	2669	2048	s	1357340876165.961914
planetlab2.millennium.berkeley.edu_earth.cs.brown.edu_13147 2	39443.849854	39161.918000	0.129000	0.003000	39443.849854	S	2670	2048	s	1357340876220.573975
planetlab2.millennium.berkeley.edu_earth.cs.brown.edu_13176 2	39641.933105	39360.176000	0.094000	0.005000	39641.933105	S	2671	2048	s	1357340876418.675049
planetlab2.millennium.berkeley.edu_earth.cs.brown.edu_13256 2	40240.517090	39957.654000	0.091000	0.005000	40240.517090	S	2687	2048	s	1357340877017.520020
planetlab2.millennium.berkeley.edu_earth.cs.brown.edu_13288 2	40410.456055	40123.494000	0.084000	0.005000	40410.456055	S	2703	2048	s	1357340877187.726074
planet6.cs.ucsb.edu_earth.cs.brown.edu_7176 9	40792.849121	39713.660000	0.124000	0.011000	40792.849121	S	2472	768	s	1357340877566.155029
planetlab2.umassd.edu_earth.cs.brown.edu_39724 1	44387.688965	44362.095000	0.039000	0.001000	44387.688965	S	2208	0	s	1357340881156.077881
planetlab2.umassd.edu_earth.cs.brown.edu_39760 1	44565.109863	44540.072000	0.032000	0.002000	44565.109863	S	2240	0	s	1357340881334.333984
planetlab2.umassd.edu_earth.cs.brown.edu_39861 1	45045.795898	45019.865000	0.059000	0.001000	45045.795898	S	2305	0	s	1357340881816.107910
planetlab2.umassd.edu_earth.cs.brown.edu_39862 1	45049.385010	45024.161000	0.026000	0.002000	45049.385010	S	2304	0	s	1357340881819.677002
planetlab2.umassd.edu_earth.cs.brown.edu_39871 1	45060.918945	45034.729000	0.074000	0.002000	45060.918945	S	2306	0	s	1357340881831.250000
planetlab2.umassd.edu_earth.cs.brown.edu_39873 1	45068.009033	45042.092000	0.029000	0.002000	45068.009033	S	2308	0	s	1357340881838.374023
planetlab2.umassd.edu_earth.cs.brown.edu_39881 1	45100.351074	45074.695000	0.032000	0.002000	45100.351074	S	2312	0	s	1357340881870.781982
planetlab2.umassd.edu_earth.cs.brown.edu_39894 1	45149.921875	45124.493000	0.036000	0.002000	45149.921875	S	2320	0	s	1357340881920.491943
planetlab2.umassd.edu_earth.cs.brown.edu_39927 1	45342.979980	45316.684000	0.032000	0.001000	45342.979980	S	2336	0	s	1357340882113.811035
planetlab2.umassd.edu_earth.cs.brown.edu_39984 1	45573.613037	45548.270000	0.054000	0.002000	45573.613037	S	2368	0	s	1357340882344.996094
planetlab2.umassd.edu_earth.cs.brown.edu_40077 1	45983.988037	45959.391000	0.061000	0.003000	45983.988037	S	2432	0	s	1357340882756.448975
planetlab2.umassd.edu_earth.cs.brown.edu_40316 1	46903.807861	46877.789000	0.125000	0.003000	46903.807861	S	2560	0	s	1357340883678.629883
planetlab2.umassd.edu_earth.cs.brown.edu_40320 1	46964.635986	46937.875000	0.031000	0.002000	46964.635986	S	2561	0	s	1357340883739.477051
planetlab2.umassd.edu_earth.cs.brown.edu_40322 1	46969.831055	46943.810000	0.029000	0.001000	46969.831055	S	2562	0	s	1357340883744.694092
planetlab2.umassd.edu_earth.cs.brown.edu_40324 1	46975.828125	46950.693000	0.029000	0.001000	46975.828125	S	2564	0	s	1357340883750.727051
planetlab2.umassd.edu_earth.cs.brown.edu_40330 1	47015.720947	46990.625000	0.032000	0.001000	47015.720947	S	2568	0	s	1357340883790.685059
planetlab2.umassd.edu_earth.cs.brown.edu_40352 1	47620.450928	47593.963000	0.078000	0.002000	47620.450928	S	2576	0	s	1357340884395.543945
planetlab2.umassd.edu_earth.cs.brown.edu_40397 1	48771.092041	48745.469000	0.032000	0.001000	48771.092041	S	2592	0	s	1357340885546.445068
ricepl-2.cs.rice.edu_earth.cs.brown.edu_16192 3	49604.206055	49420.579000	0.067000	0.006000	49604.206055	S	2291	128	s	1357340886374.292969
ricepl-2.cs.rice.edu_earth.cs.brown.edu_16206 3	49777.939209	49595.952000	0.071000	0.005000	49777.939209	S	2307	128	s	1357340886548.287109
ricepl-2.cs.rice.edu_earth.cs.brown.edu_16209 3	49788.435059	49606.667000	0.315000	0.005000	49788.435059	S	2310	128	s	1357340886558.833984
ricepl-2.cs.rice.edu_earth.cs.brown.edu_16217 3	49891.295898	49706.447000	0.083000	0.005000	49891.295898	S	2309	128	s	1357340886661.678955
ricepl-2.cs.rice.edu_earth.cs.brown.edu_16219 3	49892.255859	49712.258000	0.056000	0.004000	49892.255859	S	2311	128	s	1357340886662.670898
planetlab2.umassd.edu_earth.cs.brown.edu_40486 1	50169.908936	50144.480000	0.031000	0.002000	50169.908936	S	2624	0	s	1357340886945.843994
planetlab2.millennium.berkeley.edu_earth.cs.brown.edu_14194 2	51303.427002	51021.630000	0.079000	0.004000	51303.427002	S	2725	2048	s	1357340888081.111084
planetlab2.umassd.edu_earth.cs.brown.edu_40633 1	51693.617920	51663.382000	0.033000	0.002000	51693.617920	S	2688	0	s	1357340888470.635010
planetlab2.millennium.berkeley.edu_earth.cs.brown.edu_14407 2	52317.730225	52036.118000	0.092000	0.004000	52317.730225	S	2759	2048	s	1357340889095.964111
planetlab2.millennium.berkeley.edu_earth.cs.brown.edu_14415 2	52353.911133	52072.640000	0.090000	0.003000	52353.911133	S	2763	2048	s	1357340889132.206055
planetlab2.millennium.berkeley.edu_earth.cs.brown.edu_14425 2	52414.358887	52132.793000	0.096000	0.003000	52414.358887	S	2765	2048	s	1357340889192.697998
planetlab2.millennium.berkeley.edu_earth.cs.brown.edu_14429 2	52447.742920	52165.526000	0.106000	0.002000	52447.742920	S	2766	2048	s	1357340889226.096924
planetlab2.millennium.berkeley.edu_earth.cs.brown.edu_14437 2	52479.645996	52197.851000	0.075000	0.009000	52479.645996	S	2767	2048	s	1357340889258.016113
planetlab2.millennium.berkeley.edu_earth.cs.brown.edu_14445 2	52520.854004	52238.561000	0.066000	0.005000	52520.854004	S	2768	2048	s	1357340889299.238037
planetlab2.millennium.berkeley.edu_earth.cs.brown.edu_14468 2	52639.522949	52358.010000	0.070000	0.003000	52639.522949	S	2783	2048	s	1357340889418.164062
planetlab2.millennium.berkeley.edu_earth.cs.brown.edu_14532 2	53070.398193	52788.480000	0.082000	0.004000	53070.398193	S	2799	2048	s	1357340889849.351074
planetlab2.umassd.edu_earth.cs.brown.edu_40943 1	53476.911133	53451.067000	0.033000	0.002000	53476.911133	S	2816	0	s	1357340890256.144043
planetlab2.millennium.berkeley.edu_earth.cs.brown.edu_14603 2	53575.028076	53293.283000	0.083000	0.004000	53575.028076	S	2812	2048	s	1357340890354.198975
planetlab2.millennium.berkeley.edu_earth.cs.brown.edu_14621 2	53665.697021	53383.550000	0.079000	0.005000	53665.697021	S	2820	2048	s	1357340890445.002930
ricepl-2.cs.rice.edu_earth.cs.brown.edu_16575 3	53845.677002	53659.357000	0.073000	0.005000	53845.677002	S	2319	128	s	1357340890616.224121
planetlab2.millennium.berkeley.edu_earth.cs.brown.edu_14666 2	54039.908936	53758.352000	0.094000	0.003000	54039.908936	S	2831	2048	s	1357340890819.388916
ricepl-2.cs.rice.edu_earth.cs.brown.edu_16647 3	54590.068115	54406.225000	0.065000	0.009000	54590.068115	S	2327	128	s	1357340891360.748047
ricepl-2.cs.rice.edu_earth.cs.brown.edu_16655 3	54666.671875	54483.422000	0.075000	0.006000	54666.671875	S	2328	128	s	1357340891437.366943
ricepl-2.cs.rice.edu_earth.cs.brown.edu_16657 3	54666.744141	54486.338000	0.069000	0.005000	54666.744141	S	2343	128	s	1357340891437.685059
ricepl-2.cs.rice.edu_earth.cs.brown.edu_16673 3	54823.867920	54642.848000	0.064000	0.005000	54823.867920	S	2375	128	s	1357340891595.364990
planetlab2.millennium.berkeley.edu_earth.cs.brown.edu_14765 2	54815.353027	54534.055000	0.094000	0.003000	54815.353027	S	2887	2048	s	1357340891595.834961
ricepl-2.cs.rice.edu_earth.cs.brown.edu_16681 3	54897.302002	54706.441000	0.082000	0.007000	54897.302002	S	2427	128	s	1357340891669.684082
ricepl-2.cs.rice.edu_earth.cs.brown.edu_16684 3	54935.528076	54745.108000	0.061000	0.008000	54935.528076	S	2439	128	s	1357340891708.102051
ricepl-2.cs.rice.edu_earth.cs.brown.edu_16690 3	55011.383057	54828.935000	0.067000	0.003000	55011.383057	S	2448	128	s	1357340891784.104980
ricepl-2.cs.rice.edu_earth.cs.brown.edu_16692 3	55033.526123	54850.485000	0.061000	0.003000	55033.526123	S	2440	128	s	1357340891806.121094
ricepl-2.cs.rice.edu_earth.cs.brown.edu_16695 3	55063.257080	54880.087000	0.093000	0.005000	55063.257080	S	2456	128	s	1357340891836.104004
ricepl-2.cs.rice.edu_earth.cs.brown.edu_16698 3	55109.497070	54923.380000	0.076000	0.006000	55109.497070	S	2457	128	s	1357340891882.360107
planetlab2.millennium.berkeley.edu_earth.cs.brown.edu_14808 2	55127.314941	54845.525000	0.056000	0.004000	55127.314941	S	2891	2048	s	1357340891907.858887
ricepl-2.cs.rice.edu_earth.cs.brown.edu_16702 3	55161.912109	54976.696000	0.091000	0.006000	55161.912109	S	2460	128	s	1357340891934.821045
ricepl-2.cs.rice.edu_earth.cs.brown.edu_16707 3	55214.946045	55027.401000	0.067000	0.005000	55214.946045	S	2458	128	s	1357340891987.824951
planetlab2.millennium.berkeley.edu_earth.cs.brown.edu_14826 2	55218.314941	54935.533000	0.072000	0.004000	55218.314941	S	2893	2048	s	1357340891998.894043
planetlab2.millennium.berkeley.edu_earth.cs.brown.edu_14828 2	55231.222900	54949.351000	0.083000	0.002000	55231.222900	S	2894	2048	s	1357340892011.816895
planetlab2.millennium.berkeley.edu_earth.cs.brown.edu_14830 2	55234.617188	54952.710000	0.073000	0.012000	55234.617188	S	2895	2048	s	1357340892015.225098
ricepl-2.cs.rice.edu_earth.cs.brown.edu_16711 3	55267.281982	55083.617000	0.086000	0.007000	55267.281982	S	2488	128	s	1357340892040.864014
ricepl-2.cs.rice.edu_earth.cs.brown.edu_16714 3	55298.385010	55115.070000	0.109000	0.006000	55298.385010	S	2515	128	s	1357340892072.406006
ricepl-2.cs.rice.edu_earth.cs.brown.edu_16718 3	55351.194092	55167.790000	0.078000	0.006000	55351.194092	S	2520	128	s	1357340892125.291016
ricepl-2.cs.rice.edu_earth.cs.brown.edu_16732 3	55477.843018	55293.145000	0.086000	0.007000	55477.843018	S	2683	128	s	1357340892254.770996
planetlab2.millennium.berkeley.edu_earth.cs.brown.edu_14879 2	55508.635986	55226.866000	0.084000	0.005000	55508.635986	S	2911	2048	s	1357340892289.558105
ricepl-2.cs.rice.edu_earth.cs.brown.edu_16740 3	55544.549072	55363.639000	0.080000	0.007000	55544.549072	S	2771	128	s	1357340892322.979004
ricepl-2.cs.rice.edu_earth.cs.brown.edu_16754 3	55712.000977	55531.292000	0.082000	0.005000	55712.000977	S	2823	128	s	1357340892491.352051
planetlab2.millennium.berkeley.edu_earth.cs.brown.edu_14922 2	55753.226074	55471.382000	0.077000	0.004000	55753.226074	S	2927	2048	s	1357340892534.407959
planetlab2.millennium.berkeley.edu_earth.cs.brown.edu_14926 2	55790.151855	55508.348000	0.110000	0.005000	55790.151855	S	2929	2048	s	1357340892571.366943
ricepl-2.cs.rice.edu_earth.cs.brown.edu_16764 3	55793.250000	55609.954000	0.081000	0.005000	55793.250000	S	2875	128	s	1357340892573.533936
ricepl-2.cs.rice.edu_earth.cs.brown.edu_16787 3	55951.412109	55771.217000	0.138000	0.006000	55951.412109	S	2907	128	s	1357340892732.217041
ricepl-2.cs.rice.edu_earth.cs.brown.edu_16799 3	56039.372070	55857.859000	0.075000	0.006000	56039.372070	S	2923	128	s	1357340892820.486084
ricepl-2.cs.rice.edu_earth.cs.brown.edu_16802 3	56074.864990	55893.505000	0.087000	0.003000	56074.864990	S	2931	128	s	1357340892856.110107
ricepl-2.cs.rice.edu_earth.cs.brown.edu_16804 3	56085.296143	55902.115000	0.075000	0.006000	56085.296143	S	2937	128	s	1357340892866.634033
ricepl-2.cs.rice.edu_earth.cs.brown.edu_16806 3	56088.257080	55905.219000	0.063000	0.003000	56088.257080	S	2938	128	s	1357340892869.611084
ricepl-2.cs.rice.edu_earth.cs.brown.edu_16810 3	56126.102783	55945.993000	0.063000	0.005000	56126.102783	S	2939	128	s	1357340892907.472900
planetlab3.williams.edu_earth.cs.brown.edu_27023 9	58031.282959	57278.581000	0.283000	0.016000	58031.282959	S	2727	544	s	1357340894809.000000
planetlab-01.cs.princeton.edu_earth.cs.brown.edu_10273 9	60015.715088	58447.942000	0.280000	0.018000	60015.715088	F	2754	1088	s	1357340896793.871094
planetlab2.cs.pitt.edu_earth.cs.brown.edu_11549 9	67417.528076	66701.608000	0.187000	0.014000	67417.528076	S	2657	176	s	1357340904193.986084
planetlab2.cs.pitt.edu_earth.cs.brown.edu_11597 9	67680.644043	66964.038000	0.169000	0.018000	67680.644043	S	2814	176	s	1357340904459.844971
planetlab2.millennium.berkeley.edu_earth.cs.brown.edu_17288 1	71872.612061	50596.776000	0.067000	0.001000	71872.612061	S	2618	2048	s	1357340908648.447021
nodeb.howard.edu_earth.cs.brown.edu_6998 9	72501.548096	72088.153000	0.218000	0.018000	72501.548096	S	2803	2304	s	1357340909280.570068
planetlab6.flux.utah.edu_earth.cs.brown.edu_31178 9	83302.005127	83127.925000	0.211000	0.017000	83302.005127	S	2699	160	s	1357340920079.206055
planet6.cs.ucsb.edu_earth.cs.brown.edu_9827 9	85072.588867	84004.189000	0.541000	0.016000	85072.588867	S	2587	768	s	1357340921847.856934
flow.colgate.edu_earth.cs.brown.edu_21748 1	99628.362061	99556.295000	0.035000	0.002000	99628.362061	S	2764	64	s	1357340936406.673096
planetlab1.cs.uiuc.edu_earth.cs.brown.edu_36632 1	107692.377930	107604.639000	0.075000	0.002000	107692.377930	S	2288	32	s	1357340944462.418945
planetlab1.cs.uiuc.edu_earth.cs.brown.edu_36650 1	107749.324951	107660.205000	0.203000	0.002000	107749.324951	S	2323	32	s	1357340944519.946045
planetlab1.cs.uiuc.edu_earth.cs.brown.edu_36741 1	108045.320801	107955.450000	0.071000	0.001000	108045.320801	S	2406	32	s	1357340944817.306885
planetlab1.cs.uiuc.edu_earth.cs.brown.edu_36762 1	111110.707031	111021.166000	0.047000	0.001000	111110.707031	S	2416	32	s	1357340947882.906006
planetlab1.cs.uiuc.edu_earth.cs.brown.edu_36810 1	111267.189941	111179.579000	0.066000	0.002000	111267.189941	S	2444	32	s	1357340948039.845947
planetlab1.cs.uiuc.edu_earth.cs.brown.edu_36840 1	111354.129883	111261.615000	0.046000	0.002000	111354.129883	S	2480	32	s	1357340948127.577881
planetlab1.cs.uiuc.edu_earth.cs.brown.edu_36890 1	111517.919922	111429.863000	0.052000	0.001000	111517.919922	S	2512	32	s	1357340948291.895020
planetlab1.cs.uiuc.edu_earth.cs.brown.edu_36912 1	111583.671875	111495.164000	0.064000	0.001000	111583.671875	S	2528	32	s	1357340948357.906982
planetlab1.cs.uiuc.edu_earth.cs.brown.edu_36951 1	111702.322998	111612.756000	0.062000	0.001000	111702.322998	S	2544	32	s	1357340948476.885986
planetlab1.cs.uiuc.edu_earth.cs.brown.edu_36953 1	111707.158936	111619.916000	0.080000	0.001000	111707.158936	S	2545	32	s	1357340948481.742920
planetlab1.cs.uiuc.edu_earth.cs.brown.edu_36960 1	111720.285889	111632.242000	0.070000	0.002000	111720.285889	S	2546	32	s	1357340948494.885010
planetlab1.cs.uiuc.edu_earth.cs.brown.edu_36970 1	111750.765137	111662.640000	0.052000	0.003000	111750.765137	S	2548	32	s	1357340948525.395020
planetlab1.cs.uiuc.edu_earth.cs.brown.edu_36975 1	111768.568848	111678.613000	0.046000	0.001000	111768.568848	S	2552	32	s	1357340948543.264893
planetlab1.cs.uiuc.edu_earth.cs.brown.edu_37008 1	111879.297852	111791.370000	0.067000	0.001000	111879.297852	S	2579	32	s	1357340948654.440918
planetlab1.cs.uiuc.edu_earth.cs.brown.edu_37015 1	111920.875977	111816.772000	0.079000	0.002000	111920.875977	S	2584	32	s	1357340948696.096924
planetlab1.cs.uiuc.edu_earth.cs.brown.edu_37109 1	112234.798096	112145.409000	0.067000	0.001000	112234.798096	S	2632	32	s	1357340949010.862061
planetlab1.cs.uiuc.edu_earth.cs.brown.edu_37118 1	112268.369141	112179.264000	0.067000	0.001000	112268.369141	S	2640	32	s	1357340949044.549072
planetlab1.cs.uiuc.edu_earth.cs.brown.edu_37130 1	112327.357178	112222.170000	0.071000	0.001000	112327.357178	S	2648	32	s	1357340949103.674072
planetlab1.cs.uiuc.edu_earth.cs.brown.edu_37139 1	112327.813965	112239.474000	0.083000	0.001000	112327.813965	S	2649	32	s	1357340949104.145996
planetlab1.cs.uiuc.edu_earth.cs.brown.edu_37142 1	112341.572021	112251.994000	0.062000	0.001000	112341.572021	S	2650	32	s	1357340949117.919922
planetlab1.cs.uiuc.edu_earth.cs.brown.edu_37143 1	112346.797119	112258.477000	0.040000	0.001000	112346.797119	S	2652	32	s	1357340949123.174072
planetlab1.cs.uiuc.edu_earth.cs.brown.edu_37166 1	112406.433105	112313.211000	0.074000	0.001000	112406.433105	S	2662	32	s	1357340949183.031006
planetlab1.cs.uiuc.edu_earth.cs.brown.edu_37208 1	112562.267822	112473.749000	0.081000	0.001000	112562.267822	S	2680	32	s	1357340949339.148926
flow.colgate.edu_earth.cs.brown.edu_23267 3	114580.172119	114381.716000	0.063000	0.006000	114580.172119	S	2217	64	s	1357340951348.965088
flow.colgate.edu_earth.cs.brown.edu_23269 3	114589.598877	114392.047000	0.058000	0.004000	114589.598877	S	2225	64	s	1357340951358.587891
flow.colgate.edu_earth.cs.brown.edu_23276 3	114597.062012	114393.419000	0.052000	0.006000	114597.062012	S	2233	64	s	1357340951366.177002
flow.colgate.edu_earth.cs.brown.edu_23278 3	114602.725098	114399.637000	0.051000	0.004000	114602.725098	S	2232	64	s	1357340951371.822998
flow.colgate.edu_earth.cs.brown.edu_23290 3	114645.916992	114443.655000	0.052000	0.005000	114645.916992	S	2235	64	s	1357340951415.062012
flow.colgate.edu_earth.cs.brown.edu_23294 3	114657.540039	114457.821000	0.048000	0.005000	114657.540039	S	2237	64	s	1357340951426.717041
flow.colgate.edu_earth.cs.brown.edu_23302 3	114691.938232	114493.098000	0.061000	0.007000	114691.938232	S	2245	64	s	1357340951461.245117
planetlab1.cs.uiuc.edu_earth.cs.brown.edu_37263 1	115733.704102	115640.302000	0.061000	0.001000	115733.704102	S	2700	32	s	1357340952510.927002
planetlab1.cs.uiuc.edu_earth.cs.brown.edu_37448 1	116228.336182	116136.441000	0.087000	0.001000	116228.336182	S	2776	32	s	1357340953006.850098
planetlab1.cs.uiuc.edu_earth.cs.brown.edu_37485 1	116338.893066	116250.596000	0.061000	0.001000	116338.893066	S	2819	32	s	1357340953118.184082
planetlab1.cs.uiuc.edu_earth.cs.brown.edu_37493 1	116366.906006	116277.971000	0.054000	0.002000	116366.906006	S	2828	32	s	1357340953146.335938
planetlab1.cs.uiuc.edu_earth.cs.brown.edu_37499 1	116380.713867	116293.326000	0.064000	0.002000	116380.713867	S	2833	32	s	1357340953160.232910
planetlab1.cs.uiuc.edu_earth.cs.brown.edu_37501 1	116382.838135	116295.806000	0.048000	0.001000	116382.838135	S	2834	32	s	1357340953162.372070
planetlab1.cs.uiuc.edu_earth.cs.brown.edu_37507 1	116400.202881	116312.188000	0.072000	0.001000	116400.202881	S	2835	32	s	1357340953179.751953
planetlab1.cs.uiuc.edu_earth.cs.brown.edu_37510 1	116408.084961	116320.674000	0.067000	0.002000	116408.084961	S	2839	32	s	1357340953187.759033
planetlab1.cs.uiuc.edu_earth.cs.brown.edu_37514 1	116412.434082	116324.592000	0.071000	0.001000	116412.434082	S	2843	32	s	1357340953192.173096
planetlab1.cs.uiuc.edu_earth.cs.brown.edu_37522 1	116436.979980	116349.594000	0.073000	0.001000	116436.979980	S	2854	32	s	1357340953216.918945
planetlab1.cs.uiuc.edu_earth.cs.brown.edu_37547 1	116530.482910	116440.137000	0.071000	0.001000	116530.482910	S	2867	32	s	1357340953310.629883
planetlab1.cs.uiuc.edu_earth.cs.brown.edu_37604 1	116698.044922	116609.618000	0.085000	0.002000	116698.044922	S	2886	32	s	1357340953478.510986
planetlab1.cs.uiuc.edu_earth.cs.brown.edu_37628 1	116763.855957	116675.140000	0.064000	0.001000	116763.855957	S	2899	32	s	1357340953544.531982
planetlab1.cs.uiuc.edu_earth.cs.brown.edu_37645 1	116809.308105	116721.672000	0.069000	0.001000	116809.308105	S	2904	32	s	1357340953590.062988
planetlab1.cs.uiuc.edu_earth.cs.brown.edu_37665 1	116872.087891	116783.328000	0.072000	0.002000	116872.087891	S	2914	32	s	1357340953653.063965
planetlab1.cs.uiuc.edu_earth.cs.brown.edu_37675 1	116903.558838	116815.858000	0.068000	0.002000	116903.558838	S	2916	32	s	1357340953684.565918
planetlab1.cs.uiuc.edu_earth.cs.brown.edu_37684 1	116928.933838	116841.508000	0.069000	0.002000	116928.933838	S	2918	32	s	1357340953709.971924
planetlab1.cs.uiuc.edu_earth.cs.brown.edu_37690 1	116935.597900	116847.874000	0.038000	0.002000	116935.597900	S	2919	32	s	1357340953716.649902
planetlab1.cs.uiuc.edu_earth.cs.brown.edu_37694 1	116950.953125	116863.438000	0.081000	0.014000	116950.953125	S	2926	32	s	1357340953732.114014
planetlab1.cs.uiuc.edu_earth.cs.brown.edu_37709 1	116993.999023	116905.923000	0.164000	0.002000	116993.999023	S	2934	32	s	1357340953775.291016
flow.colgate.edu_earth.cs.brown.edu_24962 3	133083.026855	132881.834000	0.075000	0.141000	133083.026855	S	2297	64	s	1357340969853.210938
flow.colgate.edu_earth.cs.brown.edu_24965 3	133092.834961	132894.963000	0.066000	0.005000	133092.834961	S	2321	64	s	1357340969863.425049
flow.colgate.edu_earth.cs.brown.edu_24992 3	133183.583008	132960.320000	0.082000	0.005000	133183.583008	S	2489	64	s	1357340969957.180908
flow.colgate.edu_earth.cs.brown.edu_25059 3	133413.468994	133167.708000	0.110000	0.004000	133413.468994	S	2585	64	s	1357340970188.706055
flow.colgate.edu_earth.cs.brown.edu_25081 3	133487.708984	133236.642000	0.072000	0.004000	133487.708984	S	2598	64	s	1357340970263.208984
flow.colgate.edu_earth.cs.brown.edu_25088 3	133511.391846	133260.067000	0.079000	0.005000	133511.391846	S	2601	64	s	1357340970286.938965
flow.colgate.edu_earth.cs.brown.edu_25104 3	133566.068848	133310.238000	0.387000	0.005000	133566.068848	S	2609	64	s	1357340970341.752930
flow.colgate.edu_earth.cs.brown.edu_25112 3	133593.697998	133337.418000	0.056000	0.005000	133593.697998	S	2616	64	s	1357340970369.500000
flow.colgate.edu_earth.cs.brown.edu_25114 3	133594.822998	133332.595000	0.059000	0.005000	133594.822998	S	2617	64	s	1357340970370.643066
flow.colgate.edu_earth.cs.brown.edu_25121 3	133755.576904	133361.252000	0.058000	0.004000	133755.576904	S	2619	64	s	1357340970531.431885
flow.colgate.edu_earth.cs.brown.edu_25137 3	136669.600098	136409.697000	0.058000	0.005000	136669.600098	S	2621	64	s	1357340973445.487061
flow.colgate.edu_earth.cs.brown.edu_25167 3	136787.707031	136519.219000	0.065000	0.021000	136787.707031	S	2643	64	s	1357340973563.944092
flow.colgate.edu_earth.cs.brown.edu_25199 3	136890.860107	136606.774000	0.068000	0.005000	136890.860107	S	2681	64	s	1357340973667.757080
flow.colgate.edu_earth.cs.brown.edu_25213 3	136948.284912	136653.000000	0.058000	0.005000	136948.284912	S	2697	64	s	1357340973725.447998
flow.colgate.edu_earth.cs.brown.edu_25221 3	136976.231934	136671.241000	0.089000	0.005000	136976.231934	S	2705	64	s	1357340973753.532959
flow.colgate.edu_earth.cs.brown.edu_25236 3	137030.865967	136735.576000	0.071000	0.003000	137030.865967	S	2712	64	s	1357340973808.284912
flow.colgate.edu_earth.cs.brown.edu_25243 3	137054.464844	136746.249000	0.084000	0.006000	137054.464844	S	2713	64	s	1357340973831.899902
flow.colgate.edu_earth.cs.brown.edu_25247 3	137079.548828	136771.221000	0.067000	0.005000	137079.548828	S	2715	64	s	1357340973857.014893
flow.colgate.edu_earth.cs.brown.edu_25253 3	137100.039062	136797.414000	0.066000	0.004000	137100.039062	S	2717	64	s	1357340973877.537109
flow.colgate.edu_earth.cs.brown.edu_25269 3	137162.812988	136858.669000	0.174000	0.005000	137162.812988	S	2721	64	s	1357340973940.375000
flow.colgate.edu_earth.cs.brown.edu_25278 3	137193.447998	136884.504000	0.056000	0.028000	137193.447998	S	2729	64	s	1357340973971.196045
flow.colgate.edu_earth.cs.brown.edu_25281 3	137202.507080	136885.704000	0.066000	0.006000	137202.507080	S	2731	64	s	1357340973980.287109
flow.colgate.edu_earth.cs.brown.edu_25284 3	137209.873047	136898.922000	0.057000	0.004000	137209.873047	S	2733	64	s	1357340973987.684082
flow.colgate.edu_earth.cs.brown.edu_25286 3	137217.236084	136897.229000	0.054000	0.004000	137217.236084	S	2728	64	s	1357340973994.968018
flow.colgate.edu_earth.cs.brown.edu_25299 3	137263.683105	136952.438000	0.071000	0.005000	137263.683105	S	2736	64	s	1357340974041.540039
flow.colgate.edu_earth.cs.brown.edu_25313 3	137321.971191	137006.236000	0.063000	0.004000	137321.971191	S	2737	64	s	1357340974099.850098
flow.colgate.edu_earth.cs.brown.edu_25318 3	137328.052979	137012.478000	0.052000	0.005000	137328.052979	S	2739	64	s	1357340974105.965088
flow.colgate.edu_earth.cs.brown.edu_25331 3	137376.694824	137059.791000	0.054000	0.004000	137376.694824	S	2741	64	s	1357340974154.639893
flow.colgate.edu_earth.cs.brown.edu_25358 3	137494.095947	137175.480000	0.062000	0.005000	137494.095947	S	2744	64	s	1357340974272.087891
flow.colgate.edu_earth.cs.brown.edu_25362 3	137518.606934	137198.832000	0.077000	0.004000	137518.606934	S	2745	64	s	1357340974296.614014
flow.colgate.edu_earth.cs.brown.edu_25373 3	137560.485840	137239.529000	0.054000	0.005000	137560.485840	S	2747	64	s	1357340974338.524902
flow.colgate.edu_earth.cs.brown.edu_25382 3	137597.572998	137275.730000	0.063000	0.004000	137597.572998	S	2746	64	s	1357340974375.596924
flow.colgate.edu_earth.cs.brown.edu_25395 3	137636.184082	137313.936000	0.077000	0.005000	137636.184082	S	2748	64	s	1357340974414.238037
flow.colgate.edu_earth.cs.brown.edu_25404 3	137659.114014	137335.281000	0.068000	0.004000	137659.114014	S	2749	64	s	1357340974437.185059
flow.colgate.edu_earth.cs.brown.edu_25414 3	137689.822021	137368.681000	0.070000	0.005000	137689.822021	S	2751	64	s	1357340974467.928955
flow.colgate.edu_earth.cs.brown.edu_25430 3	137774.578857	137439.626000	0.052000	0.005000	137774.578857	S	2777	64	s	1357340974553.107910
flow.colgate.edu_earth.cs.brown.edu_25446 3	137845.246094	137507.254000	0.066000	0.005000	137845.246094	S	2793	64	s	1357340974624.104980
flow.colgate.edu_earth.cs.brown.edu_25452 3	137866.976074	137526.301000	0.060000	0.005000	137866.976074	S	2801	64	s	1357340974645.966064
flow.colgate.edu_earth.cs.brown.edu_25459 3	137890.666016	137545.401000	0.060000	0.005000	137890.666016	S	2808	64	s	1357340974669.772949
flow.colgate.edu_earth.cs.brown.edu_25468 3	137917.178955	137572.363000	0.059000	0.009000	137917.178955	S	2809	64	s	1357340974696.302002
flow.colgate.edu_earth.cs.brown.edu_25471 3	137934.058838	137586.540000	0.062000	0.004000	137934.058838	S	2811	64	s	1357340974713.212891
flow.colgate.edu_earth.cs.brown.edu_25480 3	137969.543945	137623.724000	0.062000	0.005000	137969.543945	S	2813	64	s	1357340974748.729004
flow.colgate.edu_earth.cs.brown.edu_25566 3	138345.168945	137957.251000	0.074000	0.007000	138345.168945	S	2873	64	s	1357340975125.419922
flow.colgate.edu_earth.cs.brown.edu_25591 3	138445.935059	138237.932000	0.074000	0.004000	138445.935059	S	2925	64	s	1357340975227.079102
planetlab2.umassd.edu_earth.cs.brown.edu_56073 2	150849.226074	150696.380000	0.056000	0.006000	150849.226074	S	2206	0	s	1357340987617.424072
planetlab2.umassd.edu_earth.cs.brown.edu_56090 2	150990.890137	150837.213000	0.044000	0.006000	150990.890137	S	2207	0	s	1357340987759.205078
planetlab2.umassd.edu_earth.cs.brown.edu_56093 2	151006.733887	150852.515000	0.043000	0.005000	151006.733887	S	2210	0	s	1357340987775.270996
planetlab2.umassd.edu_earth.cs.brown.edu_56096 2	151027.243896	150873.491000	0.090000	0.003000	151027.243896	S	2216	0	s	1357340987796.021973
planetlab2.umassd.edu_earth.cs.brown.edu_56098 2	151030.156982	150877.137000	0.052000	0.005000	151030.156982	S	2218	0	s	1357340987798.967041
planetlab2.umassd.edu_earth.cs.brown.edu_56107 2	151065.232178	150911.192000	0.047000	0.005000	151065.232178	S	2219	0	s	1357340987834.058105
planetlab2.umassd.edu_earth.cs.brown.edu_56120 2	151150.292969	150996.851000	0.041000	0.006000	151150.292969	S	2222	0	s	1357340987919.236084
planetlab2.umassd.edu_earth.cs.brown.edu_56129 2	151200.846924	151047.202000	0.052000	0.003000	151200.846924	S	2229	0	s	1357340987969.897949
planetlab2.umassd.edu_earth.cs.brown.edu_56132 2	151208.501953	151054.908000	0.052000	0.005000	151208.501953	S	2230	0	s	1357340987977.570068
planetlab2.umassd.edu_earth.cs.brown.edu_56141 2	151273.361084	151120.149000	0.046000	0.004000	151273.361084	S	2234	0	s	1357340988042.490967
planetlab2.umassd.edu_earth.cs.brown.edu_56154 2	151356.763184	151203.271000	0.050000	0.006000	151356.763184	S	2238	0	s	1357340988125.955078
planetlab2.umassd.edu_earth.cs.brown.edu_56176 2	151482.954102	151329.974000	0.045000	0.006000	151482.954102	S	2242	0	s	1357340988252.214111
planetlab2.umassd.edu_earth.cs.brown.edu_56192 2	151569.309082	151415.933000	0.047000	0.007000	151569.309082	S	2248	0	s	1357340988338.667969
planetlab2.umassd.edu_earth.cs.brown.edu_56204 2	151620.444092	151466.941000	0.057000	0.004000	151620.444092	S	2250	0	s	1357340988389.833008
planetlab2.umassd.edu_earth.cs.brown.edu_56210 2	151628.733887	151475.263000	0.043000	0.002000	151628.733887	S	2251	0	s	1357340988398.138916
planetlab2.umassd.edu_earth.cs.brown.edu_56224 2	151669.881104	151516.859000	0.081000	0.002000	151669.881104	S	2254	0	s	1357340988439.333008
planetlab2.umassd.edu_earth.cs.brown.edu_56247 2	151744.152832	151591.058000	0.055000	0.002000	151744.152832	S	2261	0	s	1357340988513.712891
planetlab2.umassd.edu_earth.cs.brown.edu_56252 2	151753.656982	151600.596000	0.079000	0.002000	151753.656982	S	2262	0	s	1357340988523.237061
planetlab2.umassd.edu_earth.cs.brown.edu_56281 2	151863.541016	151709.987000	0.044000	0.003000	151863.541016	S	2266	0	s	1357340988633.183105
planetlab2.umassd.edu_earth.cs.brown.edu_56291 2	151900.215820	151746.978000	0.045000	0.008000	151900.215820	S	2272	0	s	1357340988669.950928
planetlab2.umassd.edu_earth.cs.brown.edu_56308 2	151964.805176	151810.941000	0.045000	0.006000	151964.805176	S	2274	0	s	1357340988734.570068
planetlab2.umassd.edu_earth.cs.brown.edu_56312 2	151985.468994	151831.843000	0.042000	0.003000	151985.468994	S	2275	0	s	1357340988755.250977
planetlab2.umassd.edu_earth.cs.brown.edu_56314 2	151987.153076	151832.366000	0.069000	0.005000	151987.153076	S	2277	0	s	1357340988756.965088
planetlab2.umassd.edu_earth.cs.brown.edu_56320 2	151999.588135	151846.061000	0.048000	0.003000	151999.588135	S	2278	0	s	1357340988769.416016
planetlab2.umassd.edu_earth.cs.brown.edu_56342 2	152102.433105	151946.059000	0.054000	0.003000	152102.433105	S	2280	0	s	1357340988872.290039
planetlab2.umassd.edu_earth.cs.brown.edu_56350 2	152114.703857	151960.664000	0.048000	0.002000	152114.703857	S	2281	0	s	1357340988884.576904
planetlab2.umassd.edu_earth.cs.brown.edu_56363 2	152169.652100	152016.215000	0.040000	0.006000	152169.652100	S	2282	0	s	1357340988939.540039
planetlab2.umassd.edu_earth.cs.brown.edu_56377 2	152222.301025	152068.033000	0.043000	0.005000	152222.301025	S	2283	0	s	1357340988992.204102
planetlab2.umassd.edu_earth.cs.brown.edu_56383 2	152244.093994	152090.483000	0.073000	0.006000	152244.093994	S	2284	0	s	1357340989014.012939
planetlab2.umassd.edu_earth.cs.brown.edu_56387 2	152251.046143	152097.871000	0.078000	0.003000	152251.046143	S	2287	0	s	1357340989021.071045
planetlab2.umassd.edu_earth.cs.brown.edu_56389 2	152258.325928	152103.147000	0.040000	0.003000	152258.325928	S	2286	0	s	1357340989028.333984
planetlab2.umassd.edu_earth.cs.brown.edu_56397 2	152272.830078	152119.520000	0.042000	0.003000	152272.830078	S	2289	0	s	1357340989042.885010
planetlab2.umassd.edu_earth.cs.brown.edu_56404 2	152295.780029	152142.597000	0.050000	0.003000	152295.780029	S	2290	0	s	1357340989065.852051
planetlab2.umassd.edu_earth.cs.brown.edu_56423 2	152394.664062	152241.504000	0.045000	0.005000	152394.664062	S	2292	0	s	1357340989164.766113
planetlab2.umassd.edu_earth.cs.brown.edu_56426 2	152407.763184	152252.830000	0.046000	0.004000	152407.763184	S	2293	0	s	1357340989177.881104
planetlab2.umassd.edu_earth.cs.brown.edu_56429 2	152414.043945	152260.874000	0.047000	0.004000	152414.043945	S	2295	0	s	1357340989184.196045
planetlab2.umassd.edu_earth.cs.brown.edu_56436 2	152446.854980	152292.464000	0.045000	0.004000	152446.854980	S	2296	0	s	1357340989217.023926
planetlab2.umassd.edu_earth.cs.brown.edu_56454 2	152503.300049	152350.043000	0.098000	0.004000	152503.300049	S	2298	0	s	1357340989273.499023
planetlab2.umassd.edu_earth.cs.brown.edu_56470 2	152560.359863	152406.554000	0.043000	0.007000	152560.359863	S	2299	0	s	1357340989330.574951
planetlab2.umassd.edu_earth.cs.brown.edu_56495 2	152636.052979	152481.355000	0.052000	0.003000	152636.052979	S	2301	0	s	1357340989406.299072
planetlab2.umassd.edu_earth.cs.brown.edu_56498 2	152642.477051	152488.994000	0.071000	0.003000	152642.477051	S	2302	0	s	1357340989412.739014
planetlab2.umassd.edu_earth.cs.brown.edu_56543 2	152807.266113	152654.087000	0.048000	0.003000	152807.266113	S	2318	0	s	1357340989577.798096
planetlab2.umassd.edu_earth.cs.brown.edu_56573 2	152931.416016	152778.086000	0.048000	0.003000	152931.416016	S	2326	0	s	1357340989702.081055
planetlab2.umassd.edu_earth.cs.brown.edu_56600 2	153010.989014	152857.754000	0.051000	0.003000	153010.989014	S	2330	0	s	1357340989781.716064
planetlab2.umassd.edu_earth.cs.brown.edu_56609 2	153039.792969	152886.057000	0.044000	0.002000	153039.792969	S	2332	0	s	1357340989810.555908
planetlab2.umassd.edu_earth.cs.brown.edu_56641 2	153171.472168	153011.873000	0.050000	0.003000	153171.472168	S	2335	0	s	1357340989942.287109
planetlab2.umassd.edu_earth.cs.brown.edu_56639 2	153171.756836	153012.214000	0.043000	0.005000	153171.756836	S	2334	0	s	1357340989942.554932
planetlab2.umassd.edu_earth.cs.brown.edu_56670 2	153247.540039	153094.165000	0.052000	0.002000	153247.540039	S	2342	0	s	1357340990018.466064
planetlab2.umassd.edu_earth.cs.brown.edu_56701 2	153362.383057	153207.923000	0.051000	0.005000	153362.383057	S	2346	0	s	1357340990133.372070
planetlab2.umassd.edu_earth.cs.brown.edu_56707 2	153371.187988	153217.071000	0.089000	0.003000	153371.187988	S	2348	0	s	1357340990142.208008
planetlab2.umassd.edu_earth.cs.brown.edu_56711 2	153377.708984	153223.860000	0.052000	0.004000	153377.708984	S	2350	0	s	1357340990148.809082
planetlab2.umassd.edu_earth.cs.brown.edu_56716 2	153423.436035	153245.355000	0.051000	0.006000	153423.436035	S	2351	0	s	1357340990194.552002
planetlab2.umassd.edu_earth.cs.brown.edu_56724 2	153429.168945	153275.630000	0.046000	0.002000	153429.168945	S	2354	0	s	1357340990200.331055
planetlab2.umassd.edu_earth.cs.brown.edu_56752 2	153533.939941	153380.064000	0.042000	0.006000	153533.939941	S	2356	0	s	1357340990305.133057
planetlab2.umassd.edu_earth.cs.brown.edu_56775 2	153611.908936	153458.509000	0.045000	0.002000	153611.908936	S	2358	0	s	1357340990383.136963
planetlab2.umassd.edu_earth.cs.brown.edu_56777 2	153614.017090	153459.928000	0.042000	0.003000	153614.017090	S	2357	0	s	1357340990385.229004
planetlab2.umassd.edu_earth.cs.brown.edu_56779 2	153617.801025	153463.087000	0.053000	0.002000	153617.801025	S	2360	0	s	1357340990389.061035
planetlab2.umassd.edu_earth.cs.brown.edu_56781 2	153618.531982	153465.378000	0.045000	0.003000	153618.531982	S	2359	0	s	1357340990389.777100
planetlab2.umassd.edu_earth.cs.brown.edu_56787 2	153636.682861	153482.359000	0.083000	0.039000	153636.682861	S	2362	0	s	1357340990407.972900
planetlab2.umassd.edu_earth.cs.brown.edu_56798 2	153683.928955	153529.453000	0.079000	0.002000	153683.928955	S	2363	0	s	1357340990455.233887
planetlab2.umassd.edu_earth.cs.brown.edu_56813 2	153731.479980	153577.580000	0.041000	0.002000	153731.479980	S	2364	0	s	1357340990502.800049
planetlab2.umassd.edu_earth.cs.brown.edu_56818 2	153739.221191	153585.414000	0.048000	0.002000	153739.221191	S	2365	0	s	1357340990510.558105
planetlab2.umassd.edu_earth.cs.brown.edu_56823 2	153747.673828	153594.638000	0.043000	0.006000	153747.673828	S	2366	0	s	1357340990519.025879
planetlab2.umassd.edu_earth.cs.brown.edu_56825 2	153754.654053	153601.693000	0.046000	0.002000	153754.654053	S	2367	0	s	1357340990526.020996
planetlab2.umassd.edu_earth.cs.brown.edu_56866 2	153888.388916	153732.933000	0.055000	0.003000	153888.388916	S	2379	0	s	1357340990659.947998
planetlab2.umassd.edu_earth.cs.brown.edu_56886 2	153971.255127	153817.962000	0.039000	0.005000	153971.255127	S	2389	0	s	1357340990742.977051
planetlab2.umassd.edu_earth.cs.brown.edu_56909 2	154056.166992	153901.977000	0.044000	0.005000	154056.166992	S	2398	0	s	1357340990828.025879
planetlab2.umassd.edu_earth.cs.brown.edu_56921 2	154091.633057	153937.368000	0.122000	0.003000	154091.633057	S	2405	0	s	1357340990863.604004
planetlab2.umassd.edu_earth.cs.brown.edu_56950 2	154207.810059	154053.532000	0.047000	0.004000	154207.810059	S	2421	0	s	1357340990980.084961
planetlab2.umassd.edu_earth.cs.brown.edu_56958 2	154241.983887	154088.051000	0.047000	0.002000	154241.983887	S	2422	0	s	1357340991014.274902
planetlab2.umassd.edu_earth.cs.brown.edu_56980 2	154310.406006	154157.075000	0.046000	0.003000	154310.406006	S	2423	0	s	1357340991082.712891
planetlab2.umassd.edu_earth.cs.brown.edu_57010 2	154423.022949	154269.266000	0.088000	0.003000	154423.022949	S	2426	0	s	1357340991195.387939
planetlab2.umassd.edu_earth.cs.brown.edu_57048 2	154565.084961	154411.774000	0.057000	0.004000	154565.084961	S	2428	0	s	1357340991337.482910
planetlab2.umassd.edu_earth.cs.brown.edu_57055 2	154591.833984	154436.303000	0.074000	0.005000	154591.833984	S	2429	0	s	1357340991364.248047
planetlab2.umassd.edu_earth.cs.brown.edu_57062 2	154599.907959	154446.585000	0.077000	0.004000	154599.907959	S	2430	0	s	1357340991372.336914
planetlab2.umassd.edu_earth.cs.brown.edu_57065 2	154606.461914	154453.561000	0.055000	0.003000	154606.461914	S	2431	0	s	1357340991378.906982
planetlab2.umassd.edu_earth.cs.brown.edu_57136 2	155018.615967	154865.266000	0.110000	0.007000	155018.615967	S	2454	0	s	1357340991791.431885
planetlab2.umassd.edu_earth.cs.brown.edu_57173 2	155216.592041	155059.029000	0.082000	0.003000	155216.592041	S	2462	0	s	1357340991989.531982
planetlab2.umassd.edu_earth.cs.brown.edu_57182 2	155272.391113	155116.578000	0.080000	0.008000	155272.391113	S	2465	0	s	1357340992045.568115
planetlab2.umassd.edu_earth.cs.brown.edu_57203 2	155396.021973	155239.102000	0.075000	0.004000	155396.021973	S	2474	0	s	1357340992169.358887
planetlab2.umassd.edu_earth.cs.brown.edu_57207 2	155402.423096	155248.666000	0.052000	0.008000	155402.423096	S	2478	0	s	1357340992175.829102
planetlab2.umassd.edu_earth.cs.brown.edu_57228 2	155495.060059	155341.408000	0.049000	0.004000	155495.060059	S	2486	0	s	1357340992268.602051
planetlab2.umassd.edu_earth.cs.brown.edu_57241 2	155551.681885	155398.227000	0.052000	0.004000	155551.681885	S	2490	0	s	1357340992325.294922
planetlab2.umassd.edu_earth.cs.brown.edu_57253 2	155598.716064	155444.971000	0.049000	0.004000	155598.716064	S	2492	0	s	1357340992372.362061
planetlab2.umassd.edu_earth.cs.brown.edu_57264 2	155626.533936	155472.471000	0.057000	0.041000	155626.533936	S	2494	0	s	1357340992400.220947
planetlab2.umassd.edu_earth.cs.brown.edu_57266 2	155632.899902	155479.333000	0.040000	0.002000	155632.899902	S	2495	0	s	1357340992406.604004
planetlab2.umassd.edu_earth.cs.brown.edu_57340 2	155924.939941	152759.805000	0.050000	0.003000	155924.939941	S	2410	0	s	1357340992696.987061
planetlab2.umassd.edu_earth.cs.brown.edu_57349 2	155965.333008	152803.219000	0.120000	0.003000	155965.333008	S	2414	0	s	1357340992737.449951
planetlab2.umassd.edu_earth.cs.brown.edu_57353 2	155968.194824	152813.666000	0.045000	0.003000	155968.194824	S	2417	0	s	1357340992740.408936
planetlab2.umassd.edu_earth.cs.brown.edu_57357 2	155975.004883	152821.035000	0.051000	0.006000	155975.004883	S	2420	0	s	1357340992747.264893
planetlab2.umassd.edu_earth.cs.brown.edu_57375 2	156032.959961	155879.493000	0.067000	0.002000	156032.959961	S	2506	0	s	1357340992806.833984
planetlab2.umassd.edu_earth.cs.brown.edu_57411 2	156152.797119	155997.469000	0.037000	0.003000	156152.797119	S	2516	0	s	1357340992926.833008
planetlab2.umassd.edu_earth.cs.brown.edu_57441 2	156233.504883	156079.755000	0.153000	0.003000	156233.504883	S	2530	0	s	1357340993007.770996
planetlab2.umassd.edu_earth.cs.brown.edu_57453 2	156261.495850	156107.822000	0.052000	0.003000	156261.495850	S	2536	0	s	1357340993035.919922
planetlab2.umassd.edu_earth.cs.brown.edu_57476 2	156319.774902	156166.195000	0.087000	0.003000	156319.774902	S	2538	0	s	1357340993094.232910
planetlab2.umassd.edu_earth.cs.brown.edu_57490 2	156354.483887	156200.521000	0.046000	0.003000	156354.483887	S	2539	0	s	1357340993128.958984
planetlab2.umassd.edu_earth.cs.brown.edu_57493 2	156364.688965	156211.152000	0.047000	0.002000	156364.688965	S	2542	0	s	1357340993139.218018
planetlab2.umassd.edu_earth.cs.brown.edu_57507 2	156416.385010	156263.204000	0.053000	0.002000	156416.385010	S	2549	0	s	1357340993191.033936
planetlab2.umassd.edu_earth.cs.brown.edu_57513 2	156422.245850	156268.813000	0.046000	0.004000	156422.245850	S	2554	0	s	1357340993196.972900
planetlab2.umassd.edu_earth.cs.brown.edu_57531 2	156491.801025	156336.627000	0.085000	0.002000	156491.801025	S	2558	0	s	1357340993266.591064
planetlab2.umassd.edu_earth.cs.brown.edu_57533 2	156494.470947	156341.271000	0.062000	0.002000	156494.470947	S	2566	0	s	1357340993269.405029
planetlab2.umassd.edu_earth.cs.brown.edu_57542 2	156521.864014	156365.044000	0.082000	0.003000	156521.864014	S	2569	0	s	1357340993296.846924
planetlab2.umassd.edu_earth.cs.brown.edu_57557 2	156574.852051	156420.947000	0.102000	0.002000	156574.852051	S	2578	0	s	1357340993349.979004
planetlab2.umassd.edu_earth.cs.brown.edu_57559 2	156577.625000	156424.458000	0.046000	0.002000	156577.625000	S	2580	0	s	1357340993352.782959
planetlab2.umassd.edu_earth.cs.brown.edu_57564 2	156584.139160	156430.844000	0.072000	0.003000	156584.139160	S	2582	0	s	1357340993359.329102
planetlab2.umassd.edu_earth.cs.brown.edu_57566 2	156590.721924	156437.749000	0.087000	0.003000	156590.721924	S	2583	0	s	1357340993365.927002
planetlab2.umassd.edu_earth.cs.brown.edu_57578 2	156620.472900	156466.546000	0.078000	0.003000	156620.472900	S	2590	0	s	1357340993395.795898
planetlab2.umassd.edu_earth.cs.brown.edu_57616 2	156747.039062	156592.303000	0.078000	0.004000	156747.039062	S	2613	0	s	1357340993522.782959
planetlab2.umassd.edu_earth.cs.brown.edu_57619 2	156753.175049	156599.714000	0.047000	0.002000	156753.175049	S	2614	0	s	1357340993528.936035
planetlab2.umassd.edu_earth.cs.brown.edu_57644 2	156820.871826	156667.338000	0.042000	0.002000	156820.871826	S	2622	0	s	1357340993596.773926
planetlab2.umassd.edu_earth.cs.brown.edu_57678 2	156919.741943	156766.263000	0.054000	0.002000	156919.741943	S	2645	0	s	1357340993696.011963
planetlab2.umassd.edu_earth.cs.brown.edu_57683 2	156932.002197	156779.377000	0.049000	0.003000	156932.002197	S	2646	0	s	1357340993708.288086
planetlab2.umassd.edu_earth.cs.brown.edu_57726 2	157079.319824	156925.148000	0.080000	0.002000	157079.319824	S	2661	0	s	1357340993855.899902
planetlab2.umassd.edu_earth.cs.brown.edu_57728 2	157085.468994	156931.655000	0.048000	0.002000	157085.468994	S	2666	0	s	1357340993862.127930
planetlab2.umassd.edu_earth.cs.brown.edu_57748 2	157140.812988	156986.980000	0.044000	0.003000	157140.812988	S	2673	0	s	1357340993917.584961
planetlab2.umassd.edu_earth.cs.brown.edu_57750 2	157148.691895	156994.703000	0.058000	0.004000	157148.691895	S	2676	0	s	1357340993925.510010
planetlab2.umassd.edu_earth.cs.brown.edu_57764 2	157193.236084	157040.023000	0.046000	0.002000	157193.236084	S	2677	0	s	1357340993970.071045
planetlab2.umassd.edu_earth.cs.brown.edu_57769 2	157199.843018	157046.478000	0.052000	0.002000	157199.843018	S	2679	0	s	1357340993976.708008
planetlab2.umassd.edu_earth.cs.brown.edu_57786 2	157233.915039	157080.459000	0.104000	0.003000	157233.915039	S	2684	0	s	1357340994010.866943
planetlab2.umassd.edu_earth.cs.brown.edu_57788 2	157239.755127	157086.924000	0.047000	0.006000	157239.755127	S	2685	0	s	1357340994016.725098
planetlab2.umassd.edu_earth.cs.brown.edu_57797 2	157247.187988	157094.225000	0.043000	0.003000	157247.187988	S	2690	0	s	1357340994024.240967
planetlab2.umassd.edu_earth.cs.brown.edu_57803 2	157269.581055	157115.970000	0.042000	0.002000	157269.581055	S	2692	0	s	1357340994046.665039
planetlab2.umassd.edu_earth.cs.brown.edu_57822 2	157311.400879	157138.596000	0.039000	0.003000	157311.400879	S	2694	0	s	1357340994088.514893
planetlab2.umassd.edu_earth.cs.brown.edu_57824 2	157317.989014	157145.487000	0.038000	0.002000	157317.989014	S	2695	0	s	1357340994095.120117
planetlab2.umassd.edu_earth.cs.brown.edu_57852 2	157409.555176	157237.665000	0.043000	0.003000	157409.555176	S	2702	0	s	1357340994186.810059
planetlab2.umassd.edu_earth.cs.brown.edu_57855 2	157416.858154	157255.720000	0.047000	0.005000	157416.858154	S	2704	0	s	1357340994194.144043
planetlab2.umassd.edu_earth.cs.brown.edu_57859 2	157419.487061	157262.544000	0.041000	0.003000	157419.487061	S	2706	0	s	1357340994196.802979
planetlab2.umassd.edu_earth.cs.brown.edu_57874 2	157452.596924	157287.880000	0.083000	0.004000	157452.596924	S	2707	0	s	1357340994229.929932
planetlab2.umassd.edu_earth.cs.brown.edu_57883 2	157490.435791	157326.100000	0.040000	0.002000	157490.435791	S	2708	0	s	1357340994267.784912
planetlab2.umassd.edu_earth.cs.brown.edu_57890 2	157498.960205	157342.201000	0.112000	0.002000	157498.960205	S	2710	0	s	1357340994276.340088
planetlab2.umassd.edu_earth.cs.brown.edu_57893 2	157499.522949	157343.106000	0.064000	0.005000	157499.522949	S	2709	0	s	1357340994276.886963
planetlab2.umassd.edu_earth.cs.brown.edu_57897 2	157506.285156	157351.901000	0.049000	0.003000	157506.285156	S	2711	0	s	1357340994283.686035
planetlab2.umassd.edu_earth.cs.brown.edu_57924 2	157586.159180	157421.807000	0.057000	0.002000	157586.159180	S	2714	0	s	1357340994363.610107
planetlab2.umassd.edu_earth.cs.brown.edu_57936 2	157616.806152	157460.824000	0.042000	0.004000	157616.806152	S	2716	0	s	1357340994394.289062
planetlab2.umassd.edu_earth.cs.brown.edu_57940 2	157639.453125	157485.314000	0.081000	0.002000	157639.453125	S	2718	0	s	1357340994416.967041
planetlab2.umassd.edu_earth.cs.brown.edu_57949 2	157669.385986	157513.606000	0.040000	0.003000	157669.385986	S	2719	0	s	1357340994446.916016
planetlab2.umassd.edu_earth.cs.brown.edu_57959 2	157701.763184	157548.465000	0.043000	0.004000	157701.763184	S	2726	0	s	1357340994479.464111
planetlab2.umassd.edu_earth.cs.brown.edu_57966 2	157712.842041	157558.982000	0.044000	0.004000	157712.842041	S	2730	0	s	1357340994490.604980
planetlab2.umassd.edu_earth.cs.brown.edu_57985 2	157775.642090	157622.374000	0.050000	0.002000	157775.642090	S	2738	0	s	1357340994553.539062
planetlab2.umassd.edu_earth.cs.brown.edu_57988 2	157783.031982	157625.530000	0.046000	0.005000	157783.031982	S	2740	0	s	1357340994560.960938
planetlab2.umassd.edu_earth.cs.brown.edu_57999 2	157827.599121	157674.149000	0.044000	0.003000	157827.599121	S	2742	0	s	1357340994605.559082
planetlab2.umassd.edu_earth.cs.brown.edu_58001 2	157833.952881	157680.981000	0.045000	0.003000	157833.952881	S	2743	0	s	1357340994611.928955
planetlab2.umassd.edu_earth.cs.brown.edu_58014 2	157859.247070	157700.808000	0.044000	0.003000	157859.247070	S	2750	0	s	1357340994637.333008
planetlab2.umassd.edu_earth.cs.brown.edu_58071 2	158044.216064	157891.219000	0.046000	0.002000	158044.216064	S	2758	0	s	1357340994822.434082
planetlab2.umassd.edu_earth.cs.brown.edu_58088 2	158101.438965	157947.331000	0.045000	0.003000	158101.438965	S	2762	0	s	1357340994879.718994
planetlab2.umassd.edu_earth.cs.brown.edu_58101 2	158147.615967	157995.127000	0.042000	0.002000	158147.615967	S	2770	0	s	1357340994926.031006
planetlab2.umassd.edu_earth.cs.brown.edu_58119 2	158218.368896	158064.942000	0.040000	0.002000	158218.368896	S	2772	0	s	1357340994996.814941
planetlab2.umassd.edu_earth.cs.brown.edu_58124 2	158233.386963	158079.095000	0.044000	0.002000	158233.386963	S	2774	0	s	1357340995011.868896
planetlab2.umassd.edu_earth.cs.brown.edu_58136 2	158275.182861	158121.366000	0.093000	0.006000	158275.182861	S	2775	0	s	1357340995053.679932
planetlab2.umassd.edu_earth.cs.brown.edu_58148 2	158332.114990	158178.765000	0.085000	0.002000	158332.114990	S	2782	0	s	1357340995110.739990
planetlab2.umassd.edu_earth.cs.brown.edu_58168 2	158386.218994	158232.991000	0.041000	0.002000	158386.218994	S	2786	0	s	1357340995164.955078
planetlab2.umassd.edu_earth.cs.brown.edu_58487 2	159730.171143	156577.691000	0.081000	0.002000	159730.171143	S	2787	0	s	1357340996508.923096
planetlab2.umassd.edu_earth.cs.brown.edu_58496 2	159772.336914	156619.909000	0.093000	0.002000	159772.336914	S	2792	0	s	1357340996551.180908
planetlab2.umassd.edu_earth.cs.brown.edu_58499 2	159777.633057	159623.069000	0.065000	0.002000	159777.633057	S	2798	0	s	1357340996556.571045
planetlab2.umassd.edu_earth.cs.brown.edu_58502 2	159781.843018	156629.421000	0.051000	0.002000	159781.843018	S	2794	0	s	1357340996560.718994
planetlab2.umassd.edu_earth.cs.brown.edu_58512 2	159829.197021	156676.691000	0.044000	0.004000	159829.197021	S	2795	0	s	1357340996608.089111
planetlab2.umassd.edu_earth.cs.brown.edu_58517 2	159839.976074	159685.968000	0.105000	0.002000	159839.976074	S	2805	0	s	1357340996619.032959
planetlab2.umassd.edu_earth.cs.brown.edu_58522 2	159865.728027	159712.300000	0.048000	0.002000	159865.728027	S	2806	0	s	1357340996644.803955
planetlab2.umassd.edu_earth.cs.brown.edu_58538 2	159922.325195	159769.419000	0.058000	0.004000	159922.325195	S	2810	0	s	1357340996701.464111
planetlab2.umassd.edu_earth.cs.brown.edu_58652 2	160448.101074	160294.374000	0.050000	0.002000	160448.101074	S	2838	0	s	1357340997227.758057
planetlab2.umassd.edu_earth.cs.brown.edu_58695 2	160592.526855	160439.398000	0.045000	0.002000	160592.526855	S	2846	0	s	1357340997372.337891
planetlab2.umassd.edu_earth.cs.brown.edu_58740 2	160805.481934	160651.795000	0.074000	0.002000	160805.481934	S	2862	0	s	1357340997585.551025
planetlab2.umassd.edu_earth.cs.brown.edu_58773 2	160971.828857	160819.307000	0.046000	0.002000	160971.828857	S	2870	0	s	1357340997752.021973
planetlab2.umassd.edu_earth.cs.brown.edu_58790 2	161033.117920	160880.106000	0.044000	0.003000	161033.117920	S	2874	0	s	1357340997813.385010
planetlab2.umassd.edu_earth.cs.brown.edu_58795 2	161043.120850	160889.923000	0.040000	0.002000	161043.120850	S	2876	0	s	1357340997823.419922
planetlab2.umassd.edu_earth.cs.brown.edu_58815 2	161129.894043	160975.223000	0.077000	0.002000	161129.894043	S	2878	0	s	1357340997910.228027
planetlab2.umassd.edu_earth.cs.brown.edu_58817 2	161130.724854	160977.066000	0.040000	0.002000	161130.724854	S	2879	0	s	1357340997911.073975
planetlab2.umassd.edu_earth.cs.brown.edu_58847 2	161264.565918	161110.258000	0.045000	0.003000	161264.565918	S	2882	0	s	1357340998044.961914
planetlab2.umassd.edu_earth.cs.brown.edu_59017 2	162114.192871	161961.375000	0.115000	0.004000	162114.192871	S	2933	0	s	1357340998895.469971
ricepl-2.cs.rice.edu_earth.cs.brown.edu_31859 9	168422.044189	167914.652000	0.189000	0.024000	168422.044189	F	2228	128	s	1357341005191.080078
ricepl-2.cs.rice.edu_earth.cs.brown.edu_32629 9	172030.970947	171515.038000	0.193000	0.023000	172030.970947	S	2400	128	s	1357341008802.864990
ricepl-2.cs.rice.edu_earth.cs.brown.edu_32641 9	172104.081055	171597.174000	0.226000	0.032000	172104.081055	S	2760	128	s	1357341008882.329102
flow.colgate.edu_earth.cs.brown.edu_48607 9	319057.641846	318483.827000	0.164000	0.015000	319057.641846	S	2314	64	s	1357341155828.105957
flow.colgate.edu_earth.cs.brown.edu_48622 9	319138.960938	318514.280000	0.159000	0.014000	319138.960938	S	2570	64	s	1357341155913.959961
flow.colgate.edu_earth.cs.brown.edu_48725 9	319736.416992	319016.521000	0.160000	0.013000	319736.416992	S	2818	64	s	1357341156515.689941
flow.colgate.edu_earth.cs.brown.edu_48727 9	319751.164062	319024.996000	0.155000	0.013000	319751.164062	S	2827	64	s	1357341156530.579102
flow.colgate.edu_earth.cs.brown.edu_48729 9	319755.000977	319030.810000	0.198000	0.024000	319755.000977	S	2824	64	s	1357341156534.368896
flow.colgate.edu_earth.cs.brown.edu_48731 9	319755.081055	319026.855000	0.133000	0.014000	319755.081055	S	2826	64	s	1357341156534.479004
flow.colgate.edu_earth.cs.brown.edu_48733 9	319759.908936	319028.094000	0.168000	0.012000	319759.908936	S	2830	64	s	1357341156539.374023
flow.colgate.edu_earth.cs.brown.edu_48735 9	319774.572021	319040.363000	0.161000	0.012000	319774.572021	S	2842	64	s	1357341156554.294922
flow.colgate.edu_earth.cs.brown.edu_48739 9	319779.758057	319036.689000	0.150000	0.013000	319779.758057	S	2858	64	s	1357341156559.757080
flow.colgate.edu_earth.cs.brown.edu_48747 9	319821.476807	319052.596000	0.149000	0.010000	319821.476807	S	2890	64	s	1357341156602.004883
planetlab05.cs.washington.edu_earth.cs.brown.edu_18047 9	349385.728027	346972.103000	0.177000	0.095000	349385.728027	S	2339	320	s	1357341186156.606934
planetlab05.cs.washington.edu_earth.cs.brown.edu_18049 9	349397.869873	346953.156000	0.190000	0.054000	349397.869873	S	2371	320	s	1357341186169.305908
planetlab05.cs.washington.edu_earth.cs.brown.edu_18057 9	349581.554932	343596.415000	0.210000	0.025000	349581.554932	S	2256	320	s	1357341186351.035889
planetlab05.cs.washington.edu_earth.cs.brown.edu_18237 9	353237.561035	350762.911000	0.171000	0.027000	353237.561035	S	2402	320	s	1357341190009.487061
planetlab05.cs.washington.edu_earth.cs.brown.edu_18243 9	353297.082031	350849.503000	0.207000	0.025000	353297.082031	S	2401	320	s	1357341190068.991943
planetlab05.cs.washington.edu_earth.cs.brown.edu_18251 9	353445.258057	350999.628000	0.140000	0.032000	353445.258057	S	2407	320	s	1357341190217.260010
planetlab05.cs.washington.edu_earth.cs.brown.edu_18256 9	353504.573975	351055.680000	0.187000	0.023000	353504.573975	S	2419	320	s	1357341190276.819092
planetlab05.cs.washington.edu_earth.cs.brown.edu_18267 9	353672.775146	348247.528000	0.162000	0.032000	353672.775146	S	2403	320	s	1357341190444.716064
planetlab05.cs.washington.edu_earth.cs.brown.edu_18290 9	354125.759033	348674.963000	0.207000	0.069000	354125.759033	S	2411	320	s	1357341190897.822021
planetlab05.cs.washington.edu_earth.cs.brown.edu_18294 9	354237.558105	351802.240000	0.170000	0.026000	354237.558105	S	2565	320	s	1357341191012.475098
planetlab05.cs.washington.edu_earth.cs.brown.edu_18332 9	355160.294189	346652.330000	0.179000	0.056000	355160.294189	S	2531	320	s	1357341191934.631104
planetlab05.cs.washington.edu_earth.cs.brown.edu_18389 9	358354.584961	355930.400000	0.214000	0.028000	358354.584961	S	2915	320	s	1357341195135.575928
planetlab1.cs.uiuc.edu_earth.cs.brown.edu_101919 9	404449.355957	404005.892000	0.302000	0.022000	404449.355957	F	2623	32	s	1357341241225.274902
planetlab1.cs.uiuc.edu_earth.cs.brown.edu_101968 9	404554.218994	404111.558000	0.251000	0.030000	404554.218994	F	2720	32	s	1357341241331.764893
aguila2.lsi.upc.edu_earth.cs.brown.edu_6593 3	737541.618164	737131.599000	0.112000	0.006000	737541.618164	S	2209	384	s	1357341574310.089111
aguila2.lsi.upc.edu_earth.cs.brown.edu_7379 1	825984.657959	825595.158000	0.046000	0.001000	825984.657959	S	2615	384	s	1357341662760.437988
roam2.cs.ou.edu_earth.cs.brown.edu_79457 9	898095.102051	897405.787000	0.224000	0.012000	898095.102051	S	2205	16	s	1357341734863.175049
roam2.cs.ou.edu_earth.cs.brown.edu_79459 9	898116.557129	897427.488000	0.189000	0.017000	898116.557129	S	2221	16	s	1357341734885.485107
roam2.cs.ou.edu_earth.cs.brown.edu_79467 9	898136.581055	897446.953000	0.147000	0.013000	898136.581055	S	2246	16	s	1357341734905.903076
roam2.cs.ou.edu_earth.cs.brown.edu_79473 9	898163.575928	897475.934000	0.147000	0.018000	898163.575928	S	2253	16	s	1357341734933.011963
roam2.cs.ou.edu_earth.cs.brown.edu_79517 9	898349.743164	897659.436000	0.156000	0.017000	898349.743164	S	2329	16	s	1357341735120.455078
roam2.cs.ou.edu_earth.cs.brown.edu_79680 9	898975.349121	898287.022000	0.158000	0.014000	898975.349121	S	2341	16	s	1357341735746.260010
roam2.cs.ou.edu_earth.cs.brown.edu_79685 9	899013.525146	898325.504000	0.194000	0.014000	899013.525146	S	2374	16	s	1357341735785.007080
roam2.cs.ou.edu_earth.cs.brown.edu_79687 9	899014.369873	898325.972000	0.150000	0.015000	899014.369873	S	2377	16	s	1357341735785.898926
roam2.cs.ou.edu_earth.cs.brown.edu_79690 9	899021.040039	898333.991000	0.174000	0.017000	899021.040039	S	2385	16	s	1357341735792.699951
roam2.cs.ou.edu_earth.cs.brown.edu_79692 9	899023.211914	898334.357000	0.178000	0.013000	899023.211914	S	2392	16	s	1357341735794.979980
roam2.cs.ou.edu_earth.cs.brown.edu_79695 9	899026.666992	898324.971000	0.186000	0.015000	899026.666992	S	2393	16	s	1357341735798.449951
roam2.cs.ou.edu_earth.cs.brown.edu_79697 9	899056.937012	898364.404000	0.144000	0.014000	899056.937012	S	2395	16	s	1357341735828.750000
roam2.cs.ou.edu_earth.cs.brown.edu_79699 9	899057.122070	898366.687000	0.146000	0.011000	899057.122070	S	2397	16	s	1357341735828.965088
roam2.cs.ou.edu_earth.cs.brown.edu_79719 9	899113.555176	898425.749000	0.162000	0.018000	899113.555176	S	2425	16	s	1357341735885.902100
roam2.cs.ou.edu_earth.cs.brown.edu_79738 9	899192.890137	898501.571000	0.209000	0.012000	899192.890137	S	2438	16	s	1357341735965.445068
roam2.cs.ou.edu_earth.cs.brown.edu_79741 9	899195.937012	898505.847000	0.177000	0.017000	899195.937012	S	2445	16	s	1357341735968.607910
roam2.cs.ou.edu_earth.cs.brown.edu_79767 9	899291.335938	898603.495000	0.273000	0.017000	899291.335938	S	2498	16	s	1357341736065.086914
roam2.cs.ou.edu_earth.cs.brown.edu_79772 9	899309.498047	898621.361000	0.157000	0.011000	899309.498047	S	2500	16	s	1357341736083.280029
roam2.cs.ou.edu_earth.cs.brown.edu_79775 9	899328.303955	898639.883000	0.147000	0.012000	899328.303955	S	2502	16	s	1357341736102.115967
roam2.cs.ou.edu_earth.cs.brown.edu_79778 9	899332.072021	898643.548000	0.202000	0.014000	899332.072021	S	2503	16	s	1357341736105.899902
roam2.cs.ou.edu_earth.cs.brown.edu_79780 9	899333.350830	898645.441000	0.153000	0.009000	899333.350830	S	2510	16	s	1357341736107.293945
roam2.cs.ou.edu_earth.cs.brown.edu_79783 9	899344.135986	898653.817000	0.149000	0.011000	899344.135986	S	2518	16	s	1357341736118.202881
roam2.cs.ou.edu_earth.cs.brown.edu_79785 9	899351.737061	898664.207000	0.168000	0.010000	899351.737061	S	2521	16	s	1357341736125.851074
roam2.cs.ou.edu_earth.cs.brown.edu_79787 9	899366.569092	898679.772000	0.152000	0.013000	899366.569092	S	2534	16	s	1357341736140.958008
roam2.cs.ou.edu_earth.cs.brown.edu_79805 9	899419.584961	898731.632000	0.159000	0.045000	899419.584961	S	2597	16	s	1357341736195.070068
roam2.cs.ou.edu_earth.cs.brown.edu_80016 9	900187.424072	896480.144000	0.192000	0.009000	900187.424072	S	2701	16	s	1357341736964.664062
roam2.cs.ou.edu_earth.cs.brown.edu_80336 9	901320.157959	897631.925000	0.152000	0.012000	901320.157959	S	2821	16	s	1357341738099.479004
roam2.cs.ou.edu_earth.cs.brown.edu_80355 9	901372.446045	900684.332000	0.167000	0.010000	901372.446045	S	2849	16	s	1357341738152.308105
roam2.cs.ou.edu_earth.cs.brown.edu_80359 9	901384.699951	900694.462000	0.164000	0.014000	901384.699951	S	2852	16	s	1357341738164.607910
roam2.cs.ou.edu_earth.cs.brown.edu_80361 9	901395.354980	900706.375000	0.180000	0.014000	901395.354980	S	2853	16	s	1357341738175.278076
roam2.cs.ou.edu_earth.cs.brown.edu_80365 9	901410.267090	900719.968000	0.144000	0.011000	901410.267090	S	2861	16	s	1357341738190.321045
roam2.cs.ou.edu_earth.cs.brown.edu_80363 9	901411.154785	900719.991000	0.173000	0.011000	901411.154785	S	2855	16	s	1357341738191.108887
roam2.cs.ou.edu_earth.cs.brown.edu_80372 9	901427.177979	900737.929000	0.199000	0.130000	901427.177979	S	2869	16	s	1357341738207.355957
roam2.cs.ou.edu_earth.cs.brown.edu_80380 9	901457.924072	900768.923000	0.174000	0.012000	901457.924072	S	2917	16	s	1357341738238.947021
roam2.cs.ou.edu_earth.cs.brown.edu_80384 9	901469.393066	897781.034000	0.151000	0.012000	901469.393066	S	2905	16	s	1357341738250.165039
roam2.cs.ou.edu_earth.cs.brown.edu_88627 9	933380.317871	933233.234000	0.203000	0.011000	933380.317871	S	2451	16	s	1357341770153.085938
roam2.cs.ou.edu_earth.cs.brown.edu_88623 9	933384.195068	933243.317000	0.227000	0.016000	933384.195068	S	2227	16	s	1357341770153.216064
roam2.cs.ou.edu_earth.cs.brown.edu_88625 9	933382.132080	933241.339000	0.206000	0.012000	933382.132080	S	2355	16	s	1357341770153.309082
roam2.cs.ou.edu_earth.cs.brown.edu_88631 9	933419.508057	933275.564000	0.329000	0.012000	933419.508057	S	2467	16	s	1357341770192.716064
roam2.cs.ou.edu_earth.cs.brown.edu_88633 9	933422.310791	933278.348000	0.205000	0.010000	933422.310791	S	2481	16	s	1357341770195.774902
roam2.cs.ou.edu_earth.cs.brown.edu_88637 9	933422.376953	933277.122000	0.155000	0.009000	933422.376953	S	2483	16	s	1357341770195.873047
roam2.cs.ou.edu_earth.cs.brown.edu_88635 9	933422.484131	933277.839000	0.182000	0.011000	933422.484131	S	2482	16	s	1357341770195.964111
roam2.cs.ou.edu_earth.cs.brown.edu_88639 9	933427.798096	933287.049000	0.169000	0.013000	933427.798096	S	2487	16	s	1357341770201.354980
roam2.cs.ou.edu_earth.cs.brown.edu_88641 9	933435.837158	933298.961000	0.218000	0.025000	933435.837158	S	2491	16	s	1357341770209.467041
