planetlab-02.ece.uprm.edu 0.000000	0.000000	0	188	0	822
planetlab-02.ece.uprm.edu 0.000000	0.000000	5	270	0	1330
planetlab-02.ece.uprm.edu 0.000000	0.000000	8	332	0	1568
planetlab-02.ece.uprm.edu 0.000000	0.000000	8	355	0	1782
planetlab-02.ece.uprm.edu 0.000000	0.000000	9	377	0	1873
planetlab-02.ece.uprm.edu 0.000000	0.000000	9	387	0	1908
planetlab-02.ece.uprm.edu 0.000000	0.000000	8	387	0	1909
planetlab-02.ece.uprm.edu 0.000000	0.000000	9	393	0	1927
planetlab-02.ece.uprm.edu 0.000000	0.000000	9	394	0	1929
planetlab-02.ece.uprm.edu 0.000000	0.000000	9	394	0	1939
planetlab-02.ece.uprm.edu 0.000000	0.000000	9	395	0	1941
planetlab-02.ece.uprm.edu 0.000000	0.000000	9	403	0	1972
planetlab-02.ece.uprm.edu 0.000000	0.000000	8	405	0	1978
planetlab-02.ece.uprm.edu 0.000000	0.000000	8	406	0	1980
planetlab-02.ece.uprm.edu 0.000000	0.000000	8	407	0	1998
planetlab-02.ece.uprm.edu 0.000000	0.000000	9	407	0	2007
planetlab-02.ece.uprm.edu 0.000000	0.000000	9	408	0	2009
planetlab-02.ece.uprm.edu 0.000000	0.000000	8	533	0	4494
planetlab-02.ece.uprm.edu 0.000000	0.000000	9	582	0	10709
planetlab-02.ece.uprm.edu 0.000000	0.000000	8	599	0	13687
planetlab-02.ece.uprm.edu 0.000000	0.000000	9	613	0	14405
planetlab-02.ece.uprm.edu 0.000000	0.000000	9	621	0	14524
planetlab-02.ece.uprm.edu 0.000000	0.000000	9	621	0	14534
planetlab-02.ece.uprm.edu 0.000000	0.000000	9	623	0	14541
planetlab-02.ece.uprm.edu 0.000000	0.000000	8	623	0	14543
planetlab-02.ece.uprm.edu 0.000000	0.000000	9	623	0	14543
planetlab-02.ece.uprm.edu 0.000000	0.000000	9	625	0	14558
planetlab-02.ece.uprm.edu 0.000000	0.000000	9	625	0	14569
planetlab-02.ece.uprm.edu 0.000000	0.000000	9	625	0	14571
planetlab-02.ece.uprm.edu 0.000000	0.000000	9	625	0	14587
planetlab-02.ece.uprm.edu 0.000000	0.000000	9	627	0	14603
planetlab-02.ece.uprm.edu 0.000000	0.000000	9	629	0	14610
planetlab-02.ece.uprm.edu 0.000000	0.000000	9	631	0	14627
planetlab-02.ece.uprm.edu 0.000000	0.000000	9	632	0	14636
planetlab-02.ece.uprm.edu 0.000000	0.000000	8	632	0	14640
planetlab-02.ece.uprm.edu 0.000000	0.000000	8	635	0	14678
planetlab-02.ece.uprm.edu 0.000000	0.000000	8	636	0	14697
planetlab-02.ece.uprm.edu 0.000000	0.000000	8	636	0	14699
planetlab-02.ece.uprm.edu 0.000000	0.000000	9	636	0	14699
planetlab-02.ece.uprm.edu 0.000000	0.000000	9	636	0	14703
planetlab-02.ece.uprm.edu 0.000000	0.000000	9	638	0	14712
planetlab-02.ece.uprm.edu 0.000000	0.000000	9	639	0	14737
planetlab-02.ece.uprm.edu 0.000000	0.000000	9	639	0	14738
planetlab-02.ece.uprm.edu 0.000000	0.000000	9	639	0	14805
planetlab-02.ece.uprm.edu 0.000000	0.000000	9	640	0	14820
planetlab-02.ece.uprm.edu 0.000000	0.000000	9	640	0	14822
planetlab-02.ece.uprm.edu 0.000000	0.000000	9	640	0	14827
planetlab-02.ece.uprm.edu 0.000000	0.000000	8	642	0	14838
planetlab-02.ece.uprm.edu 0.000000	0.000000	8	642	0	14841
planetlab-02.ece.uprm.edu 0.000000	0.000000	8	645	0	14856
planetlab-02.ece.uprm.edu 0.000000	0.000000	8	645	0	14858
planetlab-02.ece.uprm.edu 0.000000	0.000000	8	645	0	14860
planetlab-02.ece.uprm.edu 0.000000	0.000000	8	646	0	14875
planetlab-02.ece.uprm.edu 0.000000	0.000000	8	647	0	14885
planetlab-02.ece.uprm.edu 0.000000	0.000000	8	647	0	14886
planetlab-02.ece.uprm.edu 0.000000	0.000000	8	648	0	14898
planetlab-02.ece.uprm.edu 0.000000	0.000000	8	649	0	14900
planetlab-02.ece.uprm.edu 0.000000	0.000000	8	649	0	14904
planetlab-02.ece.uprm.edu 0.000000	0.000000	8	650	0	14916
planetlab-02.ece.uprm.edu 0.000000	0.000000	8	650	0	14918
planetlab-02.ece.uprm.edu 0.000000	0.000000	8	650	0	14919
planetlab-02.ece.uprm.edu 0.000000	0.000000	8	651	0	14940
planetlab-02.ece.uprm.edu 0.000000	0.000000	8	651	0	14945
planetlab-02.ece.uprm.edu 0.000000	0.000000	8	651	0	14947
planetlab-02.ece.uprm.edu 0.000000	0.000000	8	651	0	14956
planetlab-02.ece.uprm.edu 0.000000	0.000000	8	651	0	14960
planetlab-02.ece.uprm.edu 0.000000	0.000000	8	651	0	14961
planetlab-02.ece.uprm.edu 0.000000	0.000000	8	651	0	14965
planetlab-02.ece.uprm.edu 0.000000	0.000000	8	651	0	14969
planetlab-02.ece.uprm.edu 0.000000	0.000000	8	651	0	14973
planetlab-02.ece.uprm.edu 0.000000	0.000000	8	651	0	14981
planetlab-02.ece.uprm.edu 0.000000	0.000000	8	652	0	14986
planetlab-02.ece.uprm.edu 0.000000	0.000000	8	652	0	14993
planetlab-02.ece.uprm.edu 0.000000	0.000000	8	652	0	14998
planetlab-02.ece.uprm.edu 0.000000	0.000000	8	652	0	15007
planetlab-02.ece.uprm.edu 0.000000	0.000000	9	652	0	15014
planetlab-02.ece.uprm.edu 0.000000	0.000000	9	652	0	15022
planetlab-02.ece.uprm.edu 0.000000	0.000000	8	652	0	15022
planetlab-02.ece.uprm.edu 0.000000	0.000000	8	652	0	15024
planetlab-02.ece.uprm.edu 0.000000	0.000000	8	652	0	15028
planetlab-02.ece.uprm.edu 0.000000	0.000000	9	652	0	15028
planetlab-02.ece.uprm.edu 0.000000	0.000000	9	652	0	15030
planetlab-02.ece.uprm.edu 0.000000	0.000000	9	652	0	15032
planetlab-02.ece.uprm.edu 0.000000	0.000000	9	652	0	15037
planetlab-02.ece.uprm.edu 0.000000	0.000000	9	652	0	15040
planetlab-02.ece.uprm.edu 0.000000	0.000000	9	653	0	15042
planetlab-02.ece.uprm.edu 0.000000	0.000000	8	654	0	15049
planetlab-02.ece.uprm.edu 0.000000	0.000000	8	654	0	15054
planetlab-02.ece.uprm.edu 0.000000	0.000000	8	654	0	15057
planetlab-02.ece.uprm.edu 0.000000	0.000000	8	654	0	15059
planetlab-02.ece.uprm.edu 0.000000	0.000000	8	654	0	15061
planetlab-02.ece.uprm.edu 0.000000	0.000000	8	654	0	15065
planetlab-02.ece.uprm.edu 0.000000	0.000000	8	654	0	15068
planetlab-02.ece.uprm.edu 0.000000	0.000000	8	654	0	15071
planetlab-02.ece.uprm.edu 0.000000	0.000000	8	655	0	15075
planetlab-02.ece.uprm.edu 0.000000	0.000000	8	655	0	15077
planetlab-02.ece.uprm.edu 0.000000	0.000000	9	655	0	15078
planetlab-02.ece.uprm.edu 0.000000	0.000000	9	655	0	15080
planetlab-02.ece.uprm.edu 0.000000	0.000000	9	655	0	15083
planetlab-02.ece.uprm.edu 0.000000	0.000000	9	655	0	15086
planetlab-02.ece.uprm.edu 0.000000	0.000000	9	656	0	15087
planetlab-02.ece.uprm.edu 0.000000	0.000000	9	657	0	15092
planetlab-02.ece.uprm.edu 0.000000	0.000000	9	660	0	15104
planetlab-02.ece.uprm.edu 0.000000	0.000000	9	660	0	15106
planetlab-02.ece.uprm.edu 0.000000	0.000000	9	660	0	15109
planetlab-02.ece.uprm.edu 0.000000	0.000000	9	660	0	15112
planetlab-02.ece.uprm.edu 0.000000	0.000000	9	660	0	15115
planetlab-02.ece.uprm.edu 0.000000	0.000000	9	660	0	15119
planetlab-02.ece.uprm.edu 0.000000	0.000000	9	661	0	15138
planetlab-02.ece.uprm.edu 0.000000	0.000000	9	661	0	15147
planetlab-02.ece.uprm.edu 0.000000	0.000000	9	661	0	15157
planetlab-02.ece.uprm.edu 0.000000	0.000000	9	661	0	15158
planetlab-02.ece.uprm.edu 0.000000	0.000000	9	661	0	15159
planetlab-02.ece.uprm.edu 0.000000	0.000000	9	662	0	15162
planetlab-02.ece.uprm.edu 0.000000	0.000000	9	662	0	15163
planetlab-02.ece.uprm.edu 0.000000	0.000000	9	662	0	15165
planetlab-02.ece.uprm.edu 0.000000	0.000000	9	662	0	15166
planetlab-02.ece.uprm.edu 0.000000	0.000000	9	662	0	15178
planetlab-02.ece.uprm.edu 0.000000	0.000000	9	662	0	15179
planetlab-02.ece.uprm.edu 0.000000	0.000000	9	662	0	15180
planetlab-02.ece.uprm.edu 0.000000	0.000000	9	662	0	15185
planetlab-02.ece.uprm.edu 0.000000	0.000000	9	662	0	15187
planetlab-02.ece.uprm.edu 0.000000	0.000000	9	662	0	15189
planetlab-02.ece.uprm.edu 0.000000	0.000000	8	662	0	15190
planetlab-02.ece.uprm.edu 0.000000	0.000000	8	662	0	15198
planetlab-02.ece.uprm.edu 0.000000	0.000000	8	662	0	15200
planetlab-02.ece.uprm.edu 0.000000	0.000000	8	663	0	15207
planetlab-02.ece.uprm.edu 0.000000	0.000000	8	663	0	15208
planetlab-02.ece.uprm.edu 0.000000	0.000000	8	665	0	15216
planetlab-02.ece.uprm.edu 0.000000	0.000000	8	665	0	15220
planetlab-02.ece.uprm.edu 0.000000	0.000000	8	665	0	15221
planetlab-02.ece.uprm.edu 0.000000	0.000000	8	665	0	15222
planetlab-02.ece.uprm.edu 0.000000	0.000000	8	665	0	15223
planetlab-02.ece.uprm.edu 0.000000	0.000000	9	665	0	15225
planetlab-02.ece.uprm.edu 0.000000	0.000000	9	665	0	15227
planetlab-02.ece.uprm.edu 0.000000	0.000000	9	665	0	15230
planetlab-02.ece.uprm.edu 0.000000	0.000000	8	665	0	15233
planetlab-02.ece.uprm.edu 0.000000	0.000000	8	666	0	15237
planetlab-02.ece.uprm.edu 0.000000	0.000000	8	666	0	15238
planetlab-02.ece.uprm.edu 0.000000	0.000000	8	667	0	15245
planetlab-02.ece.uprm.edu 0.000000	0.000000	8	667	0	15247
planetlab-02.ece.uprm.edu 0.000000	0.000000	8	667	0	15250
planetlab-02.ece.uprm.edu 0.000000	0.000000	8	667	0	15253
planetlab-02.ece.uprm.edu 0.000000	0.000000	8	667	0	15254
planetlab-02.ece.uprm.edu 0.000000	0.000000	8	667	0	15256
planetlab-02.ece.uprm.edu 0.000000	0.000000	8	667	0	15268
planetlab-02.ece.uprm.edu 0.000000	0.000000	9	679	0	15330
planetlab-02.ece.uprm.edu 0.000000	0.000000	8	679	0	15330
planetlab-02.ece.uprm.edu 0.000000	0.000000	8	680	0	15331
planetlab-02.ece.uprm.edu 0.000000	0.000000	8	680	0	15334
planetlab-02.ece.uprm.edu 0.000000	0.000000	9	680	0	15334
planetlab-02.ece.uprm.edu 0.000000	0.000000	8	680	0	15341
planetlab-02.ece.uprm.edu 0.000000	0.000000	9	680	0	15342
planetlab-02.ece.uprm.edu 0.000000	0.000000	8	680	0	15343
planetlab-02.ece.uprm.edu 0.000000	0.000000	9	680	0	15343
planetlab-02.ece.uprm.edu 0.000000	0.000000	9	681	0	15347
planetlab-02.ece.uprm.edu 0.000000	0.000000	8	681	0	15347
planetlab-02.ece.uprm.edu 0.000000	0.000000	9	681	0	15347
planetlab-02.ece.uprm.edu 0.000000	0.000000	8	681	0	15347
planetlab-02.ece.uprm.edu 0.000000	0.000000	9	681	0	15347
planetlab-02.ece.uprm.edu 0.000000	0.000000	9	681	0	15351
planetlab-02.ece.uprm.edu 0.000000	0.000000	8	681	0	15351
planetlab-02.ece.uprm.edu 0.000000	0.000000	9	681	0	15351
planetlab-02.ece.uprm.edu 0.000000	0.000000	9	682	0	15353
planetlab-02.ece.uprm.edu 0.000000	0.000000	8	682	0	15353
planetlab-02.ece.uprm.edu 0.000000	0.000000	9	682	0	15353
planetlab-02.ece.uprm.edu 0.000000	0.000000	8	682	0	15353
planetlab-02.ece.uprm.edu 0.000000	0.000000	9	682	0	15353
planetlab-02.ece.uprm.edu 0.000000	0.000000	8	682	0	15353
planetlab-02.ece.uprm.edu 0.000000	0.000000	9	682	0	15353
planetlab-02.ece.uprm.edu 0.000000	0.000000	8	682	0	15353
planetlab-02.ece.uprm.edu 0.000000	0.000000	9	682	0	15353
planetlab-02.ece.uprm.edu 0.000000	0.000000	8	688	0	15370
planetlab-02.ece.uprm.edu 0.000000	0.000000	8	690	0	15374
planetlab-02.ece.uprm.edu 0.000000	0.000000	9	690	0	15374
planetlab-02.ece.uprm.edu 0.388919	0.000000	8	690	1859	15374
planetlab-02.ece.uprm.edu 0.116538	0.000000	8	690	6204	15374
planetlab-02.ece.uprm.edu 0.091426	0.000000	8	690	7908	15374
planetlab-02.ece.uprm.edu 0.084667	0.000000	9	690	9059	15374
planetlab-02.ece.uprm.edu 0.077750	0.000000	9	690	9865	15374
planetlab-02.ece.uprm.edu 0.073616	0.000000	9	690	10419	15374
planetlab-02.ece.uprm.edu 0.070894	0.000000	9	690	10819	15374
planetlab-02.ece.uprm.edu 0.069673	0.000000	9	690	11023	15374
planetlab-02.ece.uprm.edu 0.069673	0.000000	9	690	11070	15374
planetlab-02.ece.uprm.edu 0.069673	0.000000	8	690	11078	15374
planetlab-02.ece.uprm.edu 0.069673	0.000000	8	690	11102	15374
planetlab-02.ece.uprm.edu 0.069673	0.000000	9	690	11153	15374
planetlab-02.ece.uprm.edu 0.069673	0.000000	8	690	11153	15374
planetlab-02.ece.uprm.edu 0.067885	0.000000	8	690	11328	15374
planetlab-02.ece.uprm.edu 0.062520	0.000000	8	690	12300	15374
planetlab-02.ece.uprm.edu 0.068937	0.000000	9	690	14274	15374
planetlab-02.ece.uprm.edu 0.068937	0.000000	8	690	14415	15374
