planetlabpc1.upf.edu 0.000000	2.179513	19	57	0	986
planetlabpc1.upf.edu 0.000000	0.667115	19	214	0	4458
planetlabpc1.upf.edu 0.000000	0.427521	20	264	0	7209
planetlabpc1.upf.edu 0.000000	0.327817	20	278	0	9426
planetlabpc1.upf.edu 0.000000	0.277903	20	290	0	11119
planetlabpc1.upf.edu 0.000000	0.246336	19	302	0	12556
planetlabpc1.upf.edu 0.000000	0.224668	20	314	0	13767
planetlabpc1.upf.edu 0.000000	0.212242	20	338	0	14573
planetlabpc1.upf.edu 0.000000	0.210824	20	352	0	14671
planetlabpc1.upf.edu 0.000000	0.209794	20	358	0	14743
planetlabpc1.upf.edu 0.000000	0.209794	19	358	0	14746
planetlabpc1.upf.edu 0.000000	0.209794	19	359	0	14747
planetlabpc1.upf.edu 0.000000	0.209794	20	359	0	14747
planetlabpc1.upf.edu 1.823037	0.209794	19	359	955	14747
planetlabpc1.upf.edu 0.534767	0.209794	19	359	4602	14747
planetlabpc1.upf.edu 0.356117	0.209794	19	359	7520	14747
planetlabpc1.upf.edu 0.295219	0.209794	20	359	9078	14747
planetlabpc1.upf.edu 0.265531	0.209794	20	359	10093	14747
planetlabpc1.upf.edu 0.254995	0.209794	19	359	10510	14747
planetlabpc1.upf.edu 0.251313	0.209794	20	359	10664	14747
planetlabpc1.upf.edu 0.237210	0.209794	20	359	11298	14747
planetlabpc1.upf.edu 0.229432	0.209794	20	359	11681	14747
planetlabpc1.upf.edu 0.219151	0.209794	20	359	12229	14747
planetlabpc1.upf.edu 0.208723	0.209794	20	359	12840	14747
planetlabpc1.upf.edu 0.208723	0.209794	19	359	12840	14747
planetlabpc1.upf.edu 0.208723	0.209794	20	359	12840	14747
planetlabpc1.upf.edu 0.208723	0.209794	19	359	12840	14747
planetlabpc1.upf.edu 0.208723	0.209794	20	359	12840	14747
planetlabpc1.upf.edu 0.208723	0.209794	20	359	12871	14747
planetlabpc1.upf.edu 0.208723	0.209794	20	359	12879	14747
planetlabpc1.upf.edu 0.204956	0.209794	20	359	13076	14747
planetlabpc1.upf.edu 0.202570	0.209794	20	359	13230	14747
planetlabpc1.upf.edu 0.202570	0.209794	20	359	13262	14747
