planetlab3.rutgers.edu 0.000000	0.173913	1	114	0	2231
planetlab3.rutgers.edu 0.000000	0.044834	19	278	0	10037
planetlab3.rutgers.edu 0.000000	0.039922	20	338	0	11272
planetlab3.rutgers.edu 0.000000	0.036523	19	431	0	12321
planetlab3.rutgers.edu 0.000000	0.030919	20	652	0	14554
planetlab3.rutgers.edu 0.000000	0.029452	20	728	0	15279
planetlab3.rutgers.edu 0.000000	0.029452	20	729	0	15283
planetlab3.rutgers.edu 0.000000	0.029452	20	729	0	15286
planetlab3.rutgers.edu 0.000000	0.029452	20	729	0	15294
planetlab3.rutgers.edu 0.000000	0.029452	20	729	0	15299
planetlab3.rutgers.edu 0.000000	0.029452	19	729	0	15299
planetlab3.rutgers.edu 0.000000	0.029452	20	729	0	15301
planetlab3.rutgers.edu 0.000000	0.029452	20	729	0	15302
planetlab3.rutgers.edu 0.000000	0.029452	20	729	0	15304
planetlab3.rutgers.edu 0.000000	0.029452	20	729	0	15316
planetlab3.rutgers.edu 0.000000	0.029452	20	729	0	15322
planetlab3.rutgers.edu 1.652764	0.029452	20	729	1031	15322
planetlab3.rutgers.edu 0.233202	0.029452	20	729	7873	15322
planetlab3.rutgers.edu 0.139923	0.029452	19	729	14751	15322
planetlab3.rutgers.edu 0.122948	0.029452	20	729	16877	15322
planetlab3.rutgers.edu 0.122948	0.029452	19	729	16888	15322
planetlab3.rutgers.edu 0.122948	0.029452	20	729	16890	15322
planetlab3.rutgers.edu 0.122948	0.029452	20	729	16946	15322
planetlab3.rutgers.edu 0.122948	0.029452	20	729	16958	15322
planetlab3.rutgers.edu 0.122948	0.029452	20	729	16998	15322
planetlab3.rutgers.edu 0.122948	0.029452	19	729	17022	15322
planetlab3.rutgers.edu 0.121826	0.029452	20	729	17090	15322
planetlab3.rutgers.edu 0.120731	0.029452	19	729	17245	15322
planetlab3.rutgers.edu 0.120731	0.029452	20	729	17245	15322
planetlab3.rutgers.edu 0.120731	0.029452	20	729	17270	15322
planetlab3.rutgers.edu 0.115770	0.029452	20	729	17984	15322
planetlab3.rutgers.edu 0.115770	0.029452	20	729	18075	15322
planetlab3.rutgers.edu 0.115770	0.029452	19	729	18075	15322
planetlab3.rutgers.edu 0.115770	0.029452	20	729	18075	15322
planetlab3.rutgers.edu 0.115770	0.029452	20	729	18078	15322
