planetlab1.cnis.nyit.edu 0.000000	0.308851	3	78	0	1593
planetlab1.cnis.nyit.edu 0.000000	0.074433	19	375	0	8679
planetlab1.cnis.nyit.edu 0.000000	0.090410	20	425	0	12023
planetlab1.cnis.nyit.edu 0.000000	0.094522	19	461	0	12505
planetlab1.cnis.nyit.edu 0.000000	0.094522	20	481	0	12624
planetlab1.cnis.nyit.edu 0.000000	0.093049	20	498	0	12703
planetlab1.cnis.nyit.edu 0.000000	0.093049	20	511	0	12799
planetlab1.cnis.nyit.edu 0.000000	0.091685	20	530	0	12892
planetlab1.cnis.nyit.edu 0.000000	0.091685	20	544	0	13008
planetlab1.cnis.nyit.edu 0.000000	0.090250	20	560	0	13097
planetlab1.cnis.nyit.edu 0.000000	0.090250	20	581	0	13206
planetlab1.cnis.nyit.edu 0.000000	0.088413	20	607	0	13369
planetlab1.cnis.nyit.edu 0.000000	0.086164	20	666	0	13718
planetlab1.cnis.nyit.edu 0.000000	0.086164	20	682	0	13800
planetlab1.cnis.nyit.edu 0.000000	0.086164	20	683	0	13802
planetlab1.cnis.nyit.edu 0.000000	0.086164	20	684	0	13807
planetlab1.cnis.nyit.edu 0.000000	0.086164	20	685	0	13830
planetlab1.cnis.nyit.edu 0.000000	0.086164	20	685	0	13833
planetlab1.cnis.nyit.edu 0.000000	0.086164	20	685	0	13835
planetlab1.cnis.nyit.edu 0.000000	0.086164	20	686	0	13836
planetlab1.cnis.nyit.edu 0.000000	0.086164	20	687	0	13838
planetlab1.cnis.nyit.edu 0.000000	0.086164	20	687	0	13839
planetlab1.cnis.nyit.edu 0.000000	0.084290	20	722	0	14023
planetlab1.cnis.nyit.edu 4.325175	0.084290	20	722	572	14023
planetlab1.cnis.nyit.edu 0.450445	0.084290	19	722	6185	14023
planetlab1.cnis.nyit.edu 0.331099	0.084290	20	722	8801	14023
planetlab1.cnis.nyit.edu 0.328301	0.084290	20	722	8876	14023
planetlab1.cnis.nyit.edu 0.325587	0.084290	19	722	8950	14023
planetlab1.cnis.nyit.edu 0.325587	0.084290	19	722	8974	14023
planetlab1.cnis.nyit.edu 0.325587	0.084290	19	722	8976	14023
planetlab1.cnis.nyit.edu 0.325587	0.084290	20	722	8976	14023
planetlab1.cnis.nyit.edu 0.325587	0.084290	19	722	8976	14023
planetlab1.cnis.nyit.edu 0.325587	0.084290	19	722	8977	14023
planetlab1.cnis.nyit.edu 0.324535	0.084290	19	722	8979	14023
planetlab1.cnis.nyit.edu 0.324535	0.084290	19	722	8980	14023
planetlab1.cnis.nyit.edu 0.324535	0.084290	20	722	8980	14023
planetlab1.cnis.nyit.edu 0.323203	0.084290	19	722	9016	14023
planetlab1.cnis.nyit.edu 0.321067	0.084290	19	722	9076	14023
planetlab1.cnis.nyit.edu 0.319903	0.084290	19	722	9109	14023
planetlab1.cnis.nyit.edu 0.319903	0.084290	19	722	9123	14023
planetlab1.cnis.nyit.edu 0.318505	0.084290	20	722	9149	14023
planetlab1.cnis.nyit.edu 0.316911	0.084290	19	722	9195	14023
planetlab1.cnis.nyit.edu 0.314517	0.084290	20	722	9265	14023
planetlab1.cnis.nyit.edu 0.314517	0.084290	19	722	9285	14023
planetlab1.cnis.nyit.edu 0.313333	0.084290	19	722	9300	14023
planetlab1.cnis.nyit.edu 0.313333	0.084290	19	722	9317	14023
planetlab1.cnis.nyit.edu 0.311458	0.084290	19	722	9356	14023
planetlab1.cnis.nyit.edu 0.309703	0.084290	19	722	9409	14023
planetlab1.cnis.nyit.edu 0.308523	0.084290	19	722	9445	14023
planetlab1.cnis.nyit.edu 0.306769	0.084290	20	722	9499	14023
planetlab1.cnis.nyit.edu 0.305131	0.084290	20	722	9550	14023
planetlab1.cnis.nyit.edu 0.302848	0.084290	19	722	9622	14023
planetlab1.cnis.nyit.edu 0.300134	0.084290	19	722	9709	14023
planetlab1.cnis.nyit.edu 0.300134	0.084290	20	722	9720	14023
planetlab1.cnis.nyit.edu 0.300134	0.084290	20	722	9726	14023
planetlab1.cnis.nyit.edu 0.297742	0.084290	19	722	9787	14023
planetlab1.cnis.nyit.edu 0.296198	0.084290	19	722	9838	14023
planetlab1.cnis.nyit.edu 0.296198	0.084290	20	722	9838	14023
planetlab1.cnis.nyit.edu 0.296198	0.084290	20	722	9841	14023
planetlab1.cnis.nyit.edu 0.296198	0.084290	20	722	9858	14023
planetlab1.cnis.nyit.edu 0.296198	0.084290	20	722	9866	14023
planetlab1.cnis.nyit.edu 0.296198	0.084290	19	722	9871	14023
planetlab1.cnis.nyit.edu 0.294820	0.084290	19	722	9884	14023
planetlab1.cnis.nyit.edu 0.294820	0.084290	19	722	9886	14023
planetlab1.cnis.nyit.edu 0.294820	0.084290	19	722	9888	14023
planetlab1.cnis.nyit.edu 0.294820	0.084290	19	722	9899	14023
planetlab1.cnis.nyit.edu 0.294820	0.084290	20	722	9899	14023
planetlab1.cnis.nyit.edu 0.294820	0.084290	19	722	9907	14023
planetlab1.cnis.nyit.edu 0.292629	0.084290	20	722	9958	14023
planetlab1.cnis.nyit.edu 0.288973	0.084290	20	722	10084	14023
planetlab1.cnis.nyit.edu 0.286755	0.084290	19	722	10162	14023
planetlab1.cnis.nyit.edu 0.281464	0.084290	20	722	10353	14023
planetlab1.cnis.nyit.edu 0.274130	0.084290	20	722	10630	14023
planetlab1.cnis.nyit.edu 0.263639	0.084290	20	722	11053	14023
