planetlab1.uta.edu 0.000000	0.008101	3	317	0	6172
planetlab1.uta.edu 0.000000	0.026130	9	502	0	10333
planetlab1.uta.edu 0.000000	0.024527	8	559	0	11375
planetlab1.uta.edu 0.000000	0.024527	8	570	0	11784
planetlab1.uta.edu 0.000000	0.024527	9	586	0	11947
planetlab1.uta.edu 0.000000	0.024527	9	589	0	12053
planetlab1.uta.edu 0.000000	0.024527	8	592	0	12177
planetlab1.uta.edu 0.000000	0.024527	9	594	0	12238
planetlab1.uta.edu 0.000000	0.024527	8	596	0	12256
planetlab1.uta.edu 0.000000	0.024527	9	596	0	12264
planetlab1.uta.edu 0.000000	0.024527	8	600	0	12347
planetlab1.uta.edu 0.000000	0.024527	8	600	0	12362
planetlab1.uta.edu 0.000000	0.024527	8	605	0	12395
planetlab1.uta.edu 0.000000	0.024527	8	605	0	12400
planetlab1.uta.edu 0.000000	0.024527	8	606	0	12421
planetlab1.uta.edu 0.000000	0.024527	9	607	0	12435
planetlab1.uta.edu 0.000000	0.024527	9	607	0	12440
planetlab1.uta.edu 0.000000	0.024527	8	612	0	12534
planetlab1.uta.edu 0.000000	0.024527	8	619	0	12656
planetlab1.uta.edu 0.000000	0.023305	9	619	0	12830
planetlab1.uta.edu 0.000000	0.023305	9	619	0	12868
planetlab1.uta.edu 0.000000	0.023305	9	619	0	12870
planetlab1.uta.edu 0.000000	0.023305	9	621	0	12884
planetlab1.uta.edu 0.000000	0.023305	9	621	0	12897
planetlab1.uta.edu 0.000000	0.023305	8	621	0	12897
planetlab1.uta.edu 0.000000	0.023305	9	622	0	12909
planetlab1.uta.edu 0.000000	0.023305	8	622	0	12909
planetlab1.uta.edu 0.000000	0.023305	8	624	0	12934
planetlab1.uta.edu 0.000000	0.023305	8	624	0	12937
planetlab1.uta.edu 0.000000	0.023305	9	625	0	12951
planetlab1.uta.edu 0.000000	0.023305	8	625	0	12951
planetlab1.uta.edu 0.000000	0.023305	9	625	0	12961
planetlab1.uta.edu 0.000000	0.023305	8	625	0	12969
planetlab1.uta.edu 0.000000	0.023305	9	626	0	12986
planetlab1.uta.edu 0.000000	0.023305	9	627	0	12991
planetlab1.uta.edu 0.000000	0.023305	9	629	0	12998
planetlab1.uta.edu 0.000000	0.023305	8	631	0	13055
planetlab1.uta.edu 0.000000	0.024798	9	631	0	13106
planetlab1.uta.edu 0.000000	0.024798	9	631	0	13121
planetlab1.uta.edu 0.000000	0.024798	8	631	0	13121
planetlab1.uta.edu 0.000000	0.024798	8	631	0	13176
planetlab1.uta.edu 0.000000	0.024798	9	631	0	13176
planetlab1.uta.edu 0.000000	0.026132	8	631	0	13202
planetlab1.uta.edu 0.000000	0.026132	8	631	0	13207
planetlab1.uta.edu 0.000000	0.027345	9	632	0	13275
planetlab1.uta.edu 0.000000	0.027345	9	632	0	13294
planetlab1.uta.edu 0.000000	0.027345	9	632	0	13333
planetlab1.uta.edu 0.000000	0.029278	8	634	0	13423
planetlab1.uta.edu 0.000000	0.030607	8	634	0	13461
planetlab1.uta.edu 0.000000	0.030607	8	634	0	13493
planetlab1.uta.edu 0.000000	0.030607	9	635	0	13538
planetlab1.uta.edu 0.000000	0.030607	9	637	0	13563
planetlab1.uta.edu 0.000000	0.030607	9	637	0	13587
planetlab1.uta.edu 0.000000	0.032539	8	637	0	13645
planetlab1.uta.edu 0.000000	0.032539	8	638	0	13661
planetlab1.uta.edu 0.000000	0.032539	8	638	0	13710
planetlab1.uta.edu 0.000000	0.034212	8	638	0	13767
planetlab1.uta.edu 0.000000	0.034212	8	638	0	13772
planetlab1.uta.edu 0.000000	0.034212	9	638	0	13818
planetlab1.uta.edu 0.000000	0.034212	9	638	0	13858
planetlab1.uta.edu 0.000000	0.035328	9	638	0	13870
planetlab1.uta.edu 0.000000	0.035328	8	638	0	13879
planetlab1.uta.edu 0.000000	0.035328	8	638	0	13880
planetlab1.uta.edu 0.000000	0.035328	8	638	0	13906
planetlab1.uta.edu 0.000000	0.035328	8	640	0	13952
planetlab1.uta.edu 0.000000	0.035328	8	641	0	13953
planetlab1.uta.edu 0.000000	0.035328	9	641	0	13955
planetlab1.uta.edu 0.000000	0.035328	9	641	0	13960
planetlab1.uta.edu 0.000000	0.035328	9	641	0	13961
planetlab1.uta.edu 0.000000	0.035328	9	641	0	13965
planetlab1.uta.edu 0.000000	0.035328	9	641	0	13974
planetlab1.uta.edu 0.000000	0.035328	8	641	0	13979
planetlab1.uta.edu 0.000000	0.035328	9	641	0	13982
planetlab1.uta.edu 0.000000	0.035328	9	641	0	13983
planetlab1.uta.edu 0.000000	0.035328	9	642	0	13988
planetlab1.uta.edu 0.000000	0.035328	8	644	0	13994
planetlab1.uta.edu 0.000000	0.035328	8	645	0	13999
planetlab1.uta.edu 0.000000	0.035328	9	645	0	14001
planetlab1.uta.edu 0.000000	0.035328	8	645	0	14010
planetlab1.uta.edu 0.000000	0.035328	9	647	0	14016
planetlab1.uta.edu 0.000000	0.035328	9	647	0	14019
planetlab1.uta.edu 0.000000	0.035328	9	647	0	14021
planetlab1.uta.edu 0.000000	0.035328	9	647	0	14025
planetlab1.uta.edu 0.000000	0.035328	9	647	0	14028
planetlab1.uta.edu 0.000000	0.035328	9	647	0	14030
planetlab1.uta.edu 0.000000	0.035328	8	647	0	14035
planetlab1.uta.edu 0.000000	0.035328	9	649	0	14043
planetlab1.uta.edu 0.000000	0.035328	9	649	0	14047
planetlab1.uta.edu 0.000000	0.035328	9	649	0	14048
planetlab1.uta.edu 0.000000	0.035328	9	649	0	14050
planetlab1.uta.edu 0.000000	0.035328	9	649	0	14053
planetlab1.uta.edu 0.000000	0.035328	9	649	0	14054
planetlab1.uta.edu 0.000000	0.035328	9	649	0	14055
planetlab1.uta.edu 0.000000	0.035328	8	649	0	14059
planetlab1.uta.edu 0.000000	0.035328	8	650	0	14063
planetlab1.uta.edu 0.000000	0.035328	9	650	0	14066
planetlab1.uta.edu 0.000000	0.035328	8	650	0	14066
planetlab1.uta.edu 0.000000	0.035328	9	651	0	14070
planetlab1.uta.edu 0.000000	0.035328	9	653	0	14076
planetlab1.uta.edu 0.000000	0.035328	9	653	0	14081
planetlab1.uta.edu 0.000000	0.035328	9	654	0	14098
planetlab1.uta.edu 0.000000	0.035328	9	655	0	14101
planetlab1.uta.edu 0.000000	0.035328	8	655	0	14103
planetlab1.uta.edu 0.000000	0.035328	9	655	0	14106
planetlab1.uta.edu 0.000000	0.035328	9	655	0	14107
planetlab1.uta.edu 0.000000	0.035328	9	656	0	14118
planetlab1.uta.edu 0.000000	0.035328	9	656	0	14120
planetlab1.uta.edu 0.000000	0.035328	9	656	0	14122
planetlab1.uta.edu 0.000000	0.035328	9	656	0	14124
planetlab1.uta.edu 0.000000	0.035328	9	656	0	14125
planetlab1.uta.edu 0.000000	0.035328	8	656	0	14128
planetlab1.uta.edu 0.000000	0.035328	8	657	0	14130
planetlab1.uta.edu 0.000000	0.035328	9	658	0	14133
planetlab1.uta.edu 0.000000	0.035328	9	658	0	14134
planetlab1.uta.edu 0.000000	0.035328	9	658	0	14135
planetlab1.uta.edu 0.000000	0.035328	8	658	0	14137
planetlab1.uta.edu 0.000000	0.035328	9	658	0	14137
planetlab1.uta.edu 0.000000	0.035328	9	659	0	14141
planetlab1.uta.edu 0.000000	0.035328	8	659	0	14145
planetlab1.uta.edu 0.000000	0.035328	9	659	0	14148
planetlab1.uta.edu 0.000000	0.035328	9	660	0	14154
planetlab1.uta.edu 0.000000	0.035328	9	661	0	14157
planetlab1.uta.edu 0.000000	0.035328	8	661	0	14164
planetlab1.uta.edu 0.000000	0.035328	9	661	0	14169
planetlab1.uta.edu 0.000000	0.035328	9	661	0	14170
planetlab1.uta.edu 0.000000	0.035328	9	661	0	14171
planetlab1.uta.edu 0.000000	0.035328	9	662	0	14174
planetlab1.uta.edu 0.000000	0.035328	9	662	0	14175
planetlab1.uta.edu 0.000000	0.035328	8	662	0	14175
planetlab1.uta.edu 0.000000	0.035328	9	662	0	14183
planetlab1.uta.edu 0.000000	0.035328	9	662	0	14184
planetlab1.uta.edu 0.000000	0.035328	9	662	0	14186
planetlab1.uta.edu 0.000000	0.035328	8	662	0	14186
planetlab1.uta.edu 0.000000	0.035328	9	664	0	14233
planetlab1.uta.edu 0.000000	0.035328	9	666	0	14255
planetlab1.uta.edu 0.000000	0.035328	9	666	0	14257
planetlab1.uta.edu 0.000000	0.035328	9	666	0	14259
planetlab1.uta.edu 0.000000	0.035328	9	666	0	14264
planetlab1.uta.edu 0.000000	0.035328	9	666	0	14275
planetlab1.uta.edu 0.000000	0.035328	9	666	0	14278
planetlab1.uta.edu 0.000000	0.035328	8	666	0	14278
planetlab1.uta.edu 0.000000	0.035328	8	667	0	14296
planetlab1.uta.edu 0.000000	0.035328	9	667	0	14296
planetlab1.uta.edu 0.000000	0.035328	8	667	0	14304
planetlab1.uta.edu 0.000000	0.035328	9	667	0	14304
planetlab1.uta.edu 0.000000	0.035328	8	667	0	14307
planetlab1.uta.edu 0.000000	0.035328	9	667	0	14309
planetlab1.uta.edu 0.000000	0.035328	9	667	0	14313
planetlab1.uta.edu 0.000000	0.035328	9	667	0	14326
planetlab1.uta.edu 0.000000	0.035328	8	668	0	14338
planetlab1.uta.edu 0.000000	0.035328	8	668	0	14340
planetlab1.uta.edu 0.000000	0.035328	8	668	0	14341
planetlab1.uta.edu 0.000000	0.035328	8	668	0	14342
planetlab1.uta.edu 0.000000	0.035328	8	668	0	14344
planetlab1.uta.edu 0.000000	0.035328	8	668	0	14349
planetlab1.uta.edu 0.000000	0.035328	8	670	0	14380
planetlab1.uta.edu 0.000000	0.035328	9	670	0	14380
planetlab1.uta.edu 0.000000	0.033990	8	687	0	14828
planetlab1.uta.edu 0.000000	0.033990	9	687	0	14828
planetlab1.uta.edu 0.000000	0.033990	8	687	0	14846
planetlab1.uta.edu 0.000000	0.033990	8	687	0	14866
planetlab1.uta.edu 0.000000	0.033990	9	687	0	14900
planetlab1.uta.edu 0.000000	0.033990	8	687	0	14905
planetlab1.uta.edu 0.000000	0.033990	8	687	0	14919
planetlab1.uta.edu 0.000000	0.033990	8	687	0	14921
planetlab1.uta.edu 0.000000	0.033990	8	687	0	14935
planetlab1.uta.edu 0.000000	0.033990	8	687	0	14955
planetlab1.uta.edu 0.000000	0.033990	8	687	0	14958
planetlab1.uta.edu 0.000000	0.033990	8	688	0	14961
planetlab1.uta.edu 0.000000	0.033990	8	689	0	14977
planetlab1.uta.edu 0.000000	0.033990	8	689	0	14980
planetlab1.uta.edu 0.000000	0.033990	8	689	0	14981
planetlab1.uta.edu 0.000000	0.033990	8	689	0	14986
planetlab1.uta.edu 0.000000	0.033990	8	689	0	14988
planetlab1.uta.edu 0.000000	0.033990	8	689	0	14997
planetlab1.uta.edu 0.000000	0.033990	8	689	0	15022
planetlab1.uta.edu 0.000000	0.033990	8	690	0	15048
planetlab1.uta.edu 0.000000	0.033990	8	690	0	15063
planetlab1.uta.edu 0.000000	0.033990	8	690	0	15065
planetlab1.uta.edu 0.000000	0.033990	8	690	0	15070
planetlab1.uta.edu 0.000000	0.033990	8	690	0	15072
planetlab1.uta.edu 0.000000	0.033990	8	690	0	15079
planetlab1.uta.edu 0.000000	0.033990	8	690	0	15104
planetlab1.uta.edu 0.000000	0.033990	9	690	0	15104
planetlab1.uta.edu 0.000000	0.033990	8	690	0	15106
planetlab1.uta.edu 0.000000	0.033990	9	690	0	15106
planetlab1.uta.edu 0.000000	0.033990	8	690	0	15114
planetlab1.uta.edu 0.000000	0.033990	8	690	0	15121
planetlab1.uta.edu 0.000000	0.033990	8	690	0	15122
planetlab1.uta.edu 0.000000	0.033990	8	690	0	15125
planetlab1.uta.edu 0.000000	0.033990	8	693	0	15151
planetlab1.uta.edu 0.000000	0.033990	9	693	0	15151
planetlab1.uta.edu 0.000000	0.033990	9	693	0	15155
planetlab1.uta.edu 0.000000	0.033990	8	693	0	15155
planetlab1.uta.edu 0.000000	0.033990	9	693	0	15155
planetlab1.uta.edu 0.000000	0.033990	8	693	0	15155
planetlab1.uta.edu 0.000000	0.033990	9	693	0	15155
planetlab1.uta.edu 0.000000	0.033990	8	693	0	15155
planetlab1.uta.edu 0.000000	0.033990	9	693	0	15155
planetlab1.uta.edu 0.000000	0.033990	8	693	0	15155
planetlab1.uta.edu 0.000000	0.033990	9	693	0	15155
planetlab1.uta.edu 0.000000	0.033990	8	693	0	15155
planetlab1.uta.edu 0.000000	0.033990	9	693	0	15155
planetlab1.uta.edu 0.000000	0.033990	8	693	0	15155
planetlab1.uta.edu 0.000000	0.033990	9	693	0	15155
planetlab1.uta.edu 0.000000	0.033990	8	693	0	15155
planetlab1.uta.edu 0.000000	0.033990	8	695	0	15186
planetlab1.uta.edu 0.000000	0.033990	8	695	0	15193
planetlab1.uta.edu 0.000000	0.033990	8	695	0	15198
planetlab1.uta.edu 0.000000	0.033990	8	696	0	15199
planetlab1.uta.edu 0.000000	0.033990	8	696	0	15200
planetlab1.uta.edu 0.000000	0.033990	8	696	0	15201
planetlab1.uta.edu 0.000000	0.033990	8	697	0	15204
planetlab1.uta.edu 0.000000	0.033990	9	697	0	15206
planetlab1.uta.edu 0.000000	0.033990	9	699	0	15249
planetlab1.uta.edu 0.000000	0.033990	8	699	0	15249
planetlab1.uta.edu 0.000000	0.033990	8	700	0	15265
planetlab1.uta.edu 0.000000	0.032978	9	701	0	15283
planetlab1.uta.edu 0.000000	0.032978	9	706	0	15397
planetlab1.uta.edu 0.000000	0.032978	9	706	0	15402
planetlab1.uta.edu 0.000000	0.032978	8	706	0	15407
planetlab1.uta.edu 0.000000	0.032978	9	708	0	15424
planetlab1.uta.edu 0.000000	0.032978	9	709	0	15431
planetlab1.uta.edu 0.000000	0.032978	9	723	0	15658
planetlab1.uta.edu 0.000000	0.032978	8	726	0	15703
planetlab1.uta.edu 0.000000	0.032978	9	726	0	15703
planetlab1.uta.edu 0.507353	0.032978	9	726	1904	15703
planetlab1.uta.edu 0.126812	0.032978	8	726	8761	15703
planetlab1.uta.edu 0.096192	0.032978	9	726	11633	15703
planetlab1.uta.edu 0.098652	0.032978	9	726	12762	15703
planetlab1.uta.edu 0.101334	0.032978	9	726	14171	15703
planetlab1.uta.edu 0.098170	0.032978	9	726	14699	15703
planetlab1.uta.edu 0.096828	0.032978	9	726	14944	15703
planetlab1.uta.edu 0.096828	0.032978	9	726	15004	15703
planetlab1.uta.edu 0.096828	0.032978	9	726	15014	15703
planetlab1.uta.edu 0.096828	0.032978	9	726	15020	15703
planetlab1.uta.edu 0.096828	0.032978	9	726	15024	15703
planetlab1.uta.edu 0.096828	0.032978	9	726	15061	15703
planetlab1.uta.edu 0.094087	0.032978	8	726	15390	15703
planetlab1.uta.edu 0.091692	0.032978	9	726	15792	15703
planetlab1.uta.edu 0.091692	0.032978	8	726	15913	15703
