planetlab2.dtc.umn.edu 0.000000	0.148886	4	133	0	2559
planetlab2.dtc.umn.edu 0.000000	0.103673	20	351	0	7813
planetlab2.dtc.umn.edu 0.000000	0.082192	20	413	0	9855
planetlab2.dtc.umn.edu 0.000000	0.082192	19	422	0	9916
planetlab2.dtc.umn.edu 0.000000	0.082192	20	424	0	9918
planetlab2.dtc.umn.edu 0.000000	0.082192	19	424	0	9918
planetlab2.dtc.umn.edu 0.000000	0.082192	20	424	0	9918
planetlab2.dtc.umn.edu 0.000000	0.082192	19	424	0	9918
planetlab2.dtc.umn.edu 0.000000	0.082192	20	424	0	9918
planetlab2.dtc.umn.edu 0.000000	0.082192	19	424	0	9918
planetlab2.dtc.umn.edu 0.000000	0.082192	20	424	0	9918
planetlab2.dtc.umn.edu 0.922551	0.082192	19	424	1756	9918
planetlab2.dtc.umn.edu 0.322324	0.082192	19	424	5026	9918
planetlab2.dtc.umn.edu 0.299520	0.082192	19	424	5422	9918
planetlab2.dtc.umn.edu 0.297927	0.082192	19	424	5451	9918
planetlab2.dtc.umn.edu 0.297927	0.082192	19	424	5457	9918
planetlab2.dtc.umn.edu 0.296675	0.082192	20	424	5474	9918
planetlab2.dtc.umn.edu 0.296675	0.082192	19	424	5474	9918
planetlab2.dtc.umn.edu 0.294523	0.082192	19	424	5514	9918
planetlab2.dtc.umn.edu 0.294523	0.082192	19	424	5517	9918
planetlab2.dtc.umn.edu 0.294523	0.082192	20	424	5517	9918
planetlab2.dtc.umn.edu 0.292455	0.082192	20	424	5553	9918
planetlab2.dtc.umn.edu 0.292455	0.082192	19	424	5553	9918
planetlab2.dtc.umn.edu 0.292455	0.082192	20	424	5554	9918
planetlab2.dtc.umn.edu 0.292455	0.082192	19	424	5562	9918
planetlab2.dtc.umn.edu 0.292455	0.082192	20	424	5562	9918
planetlab2.dtc.umn.edu 0.291300	0.082192	20	424	5575	9918
planetlab2.dtc.umn.edu 0.291300	0.082192	20	424	5589	9918
planetlab2.dtc.umn.edu 0.289793	0.082192	20	424	5604	9918
planetlab2.dtc.umn.edu 0.289793	0.082192	19	424	5604	9918
planetlab2.dtc.umn.edu 0.288301	0.082192	20	424	5633	9918
planetlab2.dtc.umn.edu 0.288301	0.082192	20	424	5643	9918
planetlab2.dtc.umn.edu 0.287179	0.082192	20	424	5655	9918
planetlab2.dtc.umn.edu 0.287179	0.082192	19	424	5655	9918
planetlab2.dtc.umn.edu 0.287179	0.082192	20	424	5655	9918
planetlab2.dtc.umn.edu 0.287179	0.082192	19	424	5655	9918
planetlab2.dtc.umn.edu 0.287179	0.082192	20	424	5655	9918
planetlab2.dtc.umn.edu 0.287179	0.082192	19	424	5655	9918
