planetlab6.csail.mit.edu 0.000000	5.756014	19	35	0	291
planetlab6.csail.mit.edu 0.000000	0.303125	20	199	0	6367
planetlab6.csail.mit.edu 0.000000	0.226990	20	244	0	9322
planetlab6.csail.mit.edu 0.000000	0.190802	19	289	0	11546
planetlab6.csail.mit.edu 0.000000	0.168337	20	306	0	13271
planetlab6.csail.mit.edu 0.000000	0.148925	19	329	0	15115
planetlab6.csail.mit.edu 0.000000	0.139089	20	356	0	16342
planetlab6.csail.mit.edu 0.000000	0.136066	20	361	0	17271
planetlab6.csail.mit.edu 0.000000	0.133768	19	362	0	18091
planetlab6.csail.mit.edu 0.000000	0.129274	20	362	0	19099
planetlab6.csail.mit.edu 0.000000	0.129274	19	362	0	19220
planetlab6.csail.mit.edu 0.000000	0.127855	20	362	0	19311
planetlab6.csail.mit.edu 0.000000	0.127855	19	362	0	19311
planetlab6.csail.mit.edu 0.000000	0.127855	20	362	0	19311
planetlab6.csail.mit.edu 2.916923	0.127855	19	362	650	19311
planetlab6.csail.mit.edu 0.374366	0.127855	19	362	7100	19311
planetlab6.csail.mit.edu 0.268288	0.127855	20	362	10977	19311
planetlab6.csail.mit.edu 0.200942	0.127855	20	362	14865	19311
planetlab6.csail.mit.edu 0.176177	0.127855	20	362	17420	19311
planetlab6.csail.mit.edu 0.173000	0.127855	20	362	17896	19311
planetlab6.csail.mit.edu 0.173000	0.127855	19	362	17970	19311
planetlab6.csail.mit.edu 0.170121	0.127855	20	362	18334	19311
planetlab6.csail.mit.edu 0.169080	0.127855	20	362	18506	19311
planetlab6.csail.mit.edu 0.168065	0.127855	19	362	18707	19311
planetlab6.csail.mit.edu 0.168065	0.127855	20	362	18756	19311
planetlab6.csail.mit.edu 0.168065	0.127855	19	362	18772	19311
planetlab6.csail.mit.edu 0.168065	0.127855	20	362	18772	19311
planetlab6.csail.mit.edu 0.168065	0.127855	19	362	18772	19311
planetlab6.csail.mit.edu 0.168065	0.127855	20	362	18772	19311
planetlab6.csail.mit.edu 0.168065	0.127855	20	362	18780	19311
planetlab6.csail.mit.edu 0.168065	0.127855	19	362	18780	19311
planetlab6.csail.mit.edu 0.168065	0.127855	20	362	18780	19311
planetlab6.csail.mit.edu 0.168065	0.127855	20	362	18793	19311
planetlab6.csail.mit.edu 0.168065	0.127855	20	362	18809	19311
planetlab6.csail.mit.edu 0.168065	0.127855	20	362	18811	19311
planetlab6.csail.mit.edu 0.163741	0.127855	20	362	19201	19311
planetlab6.csail.mit.edu 0.160835	0.127855	20	362	19548	19311
planetlab6.csail.mit.edu 0.155030	0.127855	20	362	20280	19311
