planetlab-2.cs.uh.edu 0.000000	0.403361	8	114	0	952
planetlab-2.cs.uh.edu 0.000000	0.208582	8	205	0	1841
planetlab-2.cs.uh.edu 0.000000	0.210843	9	219	0	1992
planetlab-2.cs.uh.edu 0.000000	0.206612	8	224	0	2057
planetlab-2.cs.uh.edu 0.000000	0.203058	9	228	0	2093
planetlab-2.cs.uh.edu 0.000000	0.200188	8	231	0	2123
planetlab-2.cs.uh.edu 0.000000	0.200188	9	232	0	2132
planetlab-2.cs.uh.edu 0.000000	0.197583	8	234	0	2151
planetlab-2.cs.uh.edu 0.000000	0.197583	8	234	0	2158
planetlab-2.cs.uh.edu 0.000000	0.196305	8	234	0	2165
planetlab-2.cs.uh.edu 0.000000	0.194775	9	234	0	2182
planetlab-2.cs.uh.edu 0.000000	0.194775	8	234	0	2185
planetlab-2.cs.uh.edu 0.000000	0.193710	8	234	0	2194
planetlab-2.cs.uh.edu 0.000000	0.193710	8	234	0	2196
planetlab-2.cs.uh.edu 0.000000	0.190668	9	235	0	2229
planetlab-2.cs.uh.edu 0.000000	0.190668	9	235	0	2230
planetlab-2.cs.uh.edu 0.000000	0.190668	9	235	0	2239
planetlab-2.cs.uh.edu 0.000000	0.189394	8	237	0	2244
planetlab-2.cs.uh.edu 0.000000	0.183427	8	247	0	2317
planetlab-2.cs.uh.edu 0.000000	0.174538	8	260	0	2435
planetlab-2.cs.uh.edu 0.000000	0.172694	8	263	0	2461
planetlab-2.cs.uh.edu 0.000000	0.152988	9	265	0	2778
planetlab-2.cs.uh.edu 0.000000	0.152988	9	266	0	2790
planetlab-2.cs.uh.edu 0.000000	0.152988	8	266	0	2794
planetlab-2.cs.uh.edu 0.000000	0.151949	8	266	0	2797
planetlab-2.cs.uh.edu 0.000000	0.151949	9	266	0	2798
planetlab-2.cs.uh.edu 0.000000	0.151949	8	267	0	2799
planetlab-2.cs.uh.edu 0.000000	0.151949	8	267	0	2801
planetlab-2.cs.uh.edu 0.000000	0.151949	8	267	0	2803
planetlab-2.cs.uh.edu 0.000000	0.151949	8	267	0	2807
planetlab-2.cs.uh.edu 0.000000	0.151949	8	267	0	2809
planetlab-2.cs.uh.edu 0.000000	0.151949	8	267	0	2812
planetlab-2.cs.uh.edu 0.000000	0.151949	8	267	0	2813
planetlab-2.cs.uh.edu 0.000000	0.151949	8	268	0	2814
planetlab-2.cs.uh.edu 0.000000	0.150870	8	268	0	2817
planetlab-2.cs.uh.edu 0.000000	0.150870	8	268	0	2821
planetlab-2.cs.uh.edu 0.000000	0.142522	8	268	0	2982
planetlab-2.cs.uh.edu 0.000000	0.142522	8	268	0	2986
planetlab-2.cs.uh.edu 0.000000	0.142522	8	268	0	2989
planetlab-2.cs.uh.edu 0.000000	0.142522	8	268	0	2994
planetlab-2.cs.uh.edu 0.000000	0.142522	8	268	0	2997
planetlab-2.cs.uh.edu 0.000000	0.141243	9	269	0	3009
planetlab-2.cs.uh.edu 0.000000	0.141243	9	270	0	3010
planetlab-2.cs.uh.edu 0.000000	0.141243	8	270	0	3010
planetlab-2.cs.uh.edu 0.000000	0.141243	8	270	0	3011
planetlab-2.cs.uh.edu 0.000000	0.141243	8	270	0	3013
planetlab-2.cs.uh.edu 0.000000	0.141243	8	270	0	3020
planetlab-2.cs.uh.edu 0.000000	0.141243	8	270	0	3023
planetlab-2.cs.uh.edu 0.000000	0.141243	8	270	0	3024
planetlab-2.cs.uh.edu 0.000000	0.141243	8	270	0	3025
planetlab-2.cs.uh.edu 0.000000	0.141243	8	270	0	3026
planetlab-2.cs.uh.edu 0.000000	0.141243	8	270	0	3028
planetlab-2.cs.uh.edu 0.000000	0.141243	8	270	0	3030
planetlab-2.cs.uh.edu 0.000000	0.120056	9	270	0	3540
planetlab-2.cs.uh.edu 0.000000	0.120056	8	271	0	3547
planetlab-2.cs.uh.edu 0.000000	0.120056	8	271	0	3553
planetlab-2.cs.uh.edu 0.000000	0.120056	8	271	0	3555
planetlab-2.cs.uh.edu 0.000000	0.120056	8	272	0	3558
planetlab-2.cs.uh.edu 0.000000	0.120056	8	272	0	3559
planetlab-2.cs.uh.edu 0.000000	0.120056	8	274	0	3565
planetlab-2.cs.uh.edu 0.000000	0.120056	8	274	0	3568
planetlab-2.cs.uh.edu 0.000000	0.120056	8	274	0	3569
planetlab-2.cs.uh.edu 0.000000	0.118848	9	276	0	3576
planetlab-2.cs.uh.edu 0.000000	0.118848	8	276	0	3584
planetlab-2.cs.uh.edu 0.000000	0.118848	8	276	0	3586
planetlab-2.cs.uh.edu 0.000000	0.110619	9	276	0	3842
planetlab-2.cs.uh.edu 0.000000	0.110619	8	276	0	3847
planetlab-2.cs.uh.edu 0.000000	0.110619	8	277	0	3848
planetlab-2.cs.uh.edu 0.000000	0.110619	9	277	0	3852
planetlab-2.cs.uh.edu 0.000000	0.110619	9	277	0	3854
planetlab-2.cs.uh.edu 0.000000	0.110619	9	277	0	3856
planetlab-2.cs.uh.edu 0.000000	0.110619	8	277	0	3856
planetlab-2.cs.uh.edu 0.000000	0.110619	8	277	0	3857
planetlab-2.cs.uh.edu 0.000000	0.110619	8	278	0	3859
planetlab-2.cs.uh.edu 0.000000	0.102213	9	278	0	4158
planetlab-2.cs.uh.edu 0.000000	0.100259	9	278	0	4239
planetlab-2.cs.uh.edu 0.000000	0.100259	9	278	0	4242
planetlab-2.cs.uh.edu 0.000000	0.100259	9	278	0	4243
planetlab-2.cs.uh.edu 0.000000	0.100259	9	278	0	4247
planetlab-2.cs.uh.edu 0.000000	0.100259	8	278	0	4247
planetlab-2.cs.uh.edu 0.000000	0.100259	9	278	0	4248
planetlab-2.cs.uh.edu 0.000000	0.100259	9	278	0	4249
planetlab-2.cs.uh.edu 0.000000	0.100259	8	278	0	4249
planetlab-2.cs.uh.edu 0.000000	0.100259	8	278	0	4250
planetlab-2.cs.uh.edu 0.000000	0.100259	8	278	0	4252
planetlab-2.cs.uh.edu 0.000000	0.095185	8	278	0	4465
planetlab-2.cs.uh.edu 0.000000	0.095185	8	278	0	4466
planetlab-2.cs.uh.edu 0.000000	0.095185	8	278	0	4467
planetlab-2.cs.uh.edu 0.000000	0.095185	8	278	0	4469
planetlab-2.cs.uh.edu 0.000000	0.095185	8	278	0	4470
planetlab-2.cs.uh.edu 0.000000	0.095185	9	278	0	4470
planetlab-2.cs.uh.edu 0.000000	0.095185	9	279	0	4471
planetlab-2.cs.uh.edu 0.000000	0.095185	9	281	0	4474
planetlab-2.cs.uh.edu 0.000000	0.095185	9	281	0	4480
planetlab-2.cs.uh.edu 0.000000	0.095185	9	281	0	4482
planetlab-2.cs.uh.edu 0.000000	0.095185	9	281	0	4484
planetlab-2.cs.uh.edu 0.000000	0.095185	9	281	0	4487
planetlab-2.cs.uh.edu 0.000000	0.092532	9	281	0	4593
planetlab-2.cs.uh.edu 0.000000	0.088083	8	281	0	4825
planetlab-2.cs.uh.edu 0.000000	0.088083	8	281	0	4827
planetlab-2.cs.uh.edu 0.000000	0.088083	8	282	0	4830
planetlab-2.cs.uh.edu 0.000000	0.088083	8	282	0	4832
planetlab-2.cs.uh.edu 0.000000	0.088083	9	282	0	4833
planetlab-2.cs.uh.edu 0.000000	0.088083	9	283	0	4839
planetlab-2.cs.uh.edu 0.000000	0.088083	9	283	0	4841
planetlab-2.cs.uh.edu 0.000000	0.088083	8	283	0	4841
planetlab-2.cs.uh.edu 0.000000	0.088083	8	283	0	4847
planetlab-2.cs.uh.edu 0.000000	0.088083	8	283	0	4848
planetlab-2.cs.uh.edu 0.000000	0.088083	8	283	0	4849
planetlab-2.cs.uh.edu 0.000000	0.088083	8	283	0	4851
planetlab-2.cs.uh.edu 0.000000	0.088083	8	283	0	4852
planetlab-2.cs.uh.edu 0.000000	0.088083	8	283	0	4854
planetlab-2.cs.uh.edu 0.000000	0.088083	8	283	0	4855
planetlab-2.cs.uh.edu 0.000000	0.083711	9	283	0	5077
planetlab-2.cs.uh.edu 0.000000	0.083711	9	283	0	5080
planetlab-2.cs.uh.edu 0.000000	0.083711	9	283	0	5081
planetlab-2.cs.uh.edu 0.000000	0.083711	8	283	0	5081
planetlab-2.cs.uh.edu 0.000000	0.083711	8	283	0	5082
planetlab-2.cs.uh.edu 0.000000	0.083711	8	283	0	5086
planetlab-2.cs.uh.edu 0.000000	0.083711	8	284	0	5090
planetlab-2.cs.uh.edu 0.000000	0.083711	9	285	0	5092
planetlab-2.cs.uh.edu 0.000000	0.083711	9	285	0	5095
planetlab-2.cs.uh.edu 0.000000	0.081936	9	285	0	5187
planetlab-2.cs.uh.edu 0.000000	0.074042	9	285	0	5740
planetlab-2.cs.uh.edu 0.000000	0.074042	9	285	0	5741
planetlab-2.cs.uh.edu 0.000000	0.074042	9	285	0	5742
planetlab-2.cs.uh.edu 0.000000	0.074042	9	285	0	5744
planetlab-2.cs.uh.edu 0.000000	0.074042	9	285	0	5745
planetlab-2.cs.uh.edu 0.000000	0.074042	9	285	0	5747
planetlab-2.cs.uh.edu 0.000000	0.074042	9	285	0	5748
planetlab-2.cs.uh.edu 0.000000	0.074042	8	285	0	5748
planetlab-2.cs.uh.edu 0.000000	0.074042	8	285	0	5749
planetlab-2.cs.uh.edu 0.000000	0.074042	8	285	0	5752
planetlab-2.cs.uh.edu 0.000000	0.074042	9	285	0	5787
planetlab-2.cs.uh.edu 0.000000	0.074042	9	285	0	5789
planetlab-2.cs.uh.edu 0.000000	0.074042	9	285	0	5790
planetlab-2.cs.uh.edu 0.000000	0.074042	8	285	0	5792
planetlab-2.cs.uh.edu 0.000000	0.074042	8	286	0	5795
planetlab-2.cs.uh.edu 0.000000	0.074042	9	286	0	5795
planetlab-2.cs.uh.edu 0.000000	0.074042	9	287	0	5797
planetlab-2.cs.uh.edu 0.000000	0.074042	9	287	0	5798
planetlab-2.cs.uh.edu 0.000000	0.074042	9	287	0	5806
planetlab-2.cs.uh.edu 0.000000	0.074042	9	287	0	5807
planetlab-2.cs.uh.edu 0.000000	0.074042	9	288	0	5808
planetlab-2.cs.uh.edu 0.000000	0.074042	9	288	0	5810
planetlab-2.cs.uh.edu 0.000000	0.074042	9	288	0	5811
planetlab-2.cs.uh.edu 0.000000	0.074042	9	288	0	5812
planetlab-2.cs.uh.edu 0.000000	0.074042	9	288	0	5813
planetlab-2.cs.uh.edu 0.000000	0.074042	9	289	0	5814
planetlab-2.cs.uh.edu 0.000000	0.074042	9	289	0	5815
planetlab-2.cs.uh.edu 0.000000	0.074042	8	289	0	5815
planetlab-2.cs.uh.edu 0.000000	0.074042	8	289	0	5817
planetlab-2.cs.uh.edu 0.000000	0.074042	8	289	0	5818
planetlab-2.cs.uh.edu 0.000000	0.074042	9	289	0	5818
planetlab-2.cs.uh.edu 0.000000	0.073037	9	289	0	5819
planetlab-2.cs.uh.edu 0.000000	0.073037	9	289	0	5822
planetlab-2.cs.uh.edu 0.000000	0.073037	9	289	0	5824
planetlab-2.cs.uh.edu 0.000000	0.073037	9	290	0	5828
planetlab-2.cs.uh.edu 0.000000	0.073037	9	290	0	5829
planetlab-2.cs.uh.edu 0.000000	0.073037	9	290	0	5830
planetlab-2.cs.uh.edu 0.000000	0.073037	9	290	0	5832
planetlab-2.cs.uh.edu 0.000000	0.073037	8	290	0	5833
planetlab-2.cs.uh.edu 0.000000	0.073037	8	290	0	5834
planetlab-2.cs.uh.edu 0.000000	0.073037	9	290	0	5834
planetlab-2.cs.uh.edu 0.000000	0.073037	9	290	0	5850
planetlab-2.cs.uh.edu 0.000000	0.073037	9	290	0	5851
planetlab-2.cs.uh.edu 0.000000	0.073037	9	290	0	5852
planetlab-2.cs.uh.edu 0.000000	0.073037	9	291	0	5856
planetlab-2.cs.uh.edu 0.000000	0.073037	9	291	0	5857
planetlab-2.cs.uh.edu 0.000000	0.073037	9	291	0	5858
planetlab-2.cs.uh.edu 0.000000	0.073037	9	291	0	5871
planetlab-2.cs.uh.edu 0.000000	0.073037	9	291	0	5873
planetlab-2.cs.uh.edu 0.000000	0.073037	9	291	0	5874
planetlab-2.cs.uh.edu 0.000000	0.073037	9	291	0	5875
planetlab-2.cs.uh.edu 0.000000	0.073037	8	291	0	5875
planetlab-2.cs.uh.edu 0.000000	0.073037	8	291	0	5878
planetlab-2.cs.uh.edu 0.000000	0.073037	8	291	0	5879
planetlab-2.cs.uh.edu 0.000000	0.073037	8	291	0	5880
planetlab-2.cs.uh.edu 0.000000	0.073037	9	291	0	5880
planetlab-2.cs.uh.edu 0.000000	0.073037	8	291	0	5880
planetlab-2.cs.uh.edu 0.000000	0.073037	8	291	0	5882
planetlab-2.cs.uh.edu 0.000000	0.073037	8	291	0	5897
planetlab-2.cs.uh.edu 0.000000	0.072034	8	291	0	5900
planetlab-2.cs.uh.edu 0.000000	0.072034	9	291	0	5900
planetlab-2.cs.uh.edu 0.000000	0.072034	8	291	0	5900
planetlab-2.cs.uh.edu 0.000000	0.072034	8	291	0	5902
planetlab-2.cs.uh.edu 0.000000	0.072034	9	291	0	5905
planetlab-2.cs.uh.edu 0.000000	0.072034	9	291	0	5906
planetlab-2.cs.uh.edu 0.000000	0.072034	8	291	0	5907
planetlab-2.cs.uh.edu 0.000000	0.072034	8	291	0	5908
planetlab-2.cs.uh.edu 0.000000	0.072034	8	291	0	5910
planetlab-2.cs.uh.edu 0.000000	0.072034	8	291	0	5912
planetlab-2.cs.uh.edu 0.000000	0.072034	8	291	0	5913
planetlab-2.cs.uh.edu 0.000000	0.072034	8	291	0	5915
planetlab-2.cs.uh.edu 0.000000	0.072034	9	291	0	5915
planetlab-2.cs.uh.edu 0.000000	0.072034	9	291	0	5916
planetlab-2.cs.uh.edu 0.000000	0.072034	9	292	0	5917
planetlab-2.cs.uh.edu 0.000000	0.072034	9	292	0	5919
planetlab-2.cs.uh.edu 0.000000	0.072034	8	292	0	5919
planetlab-2.cs.uh.edu 0.000000	0.072034	8	292	0	5920
planetlab-2.cs.uh.edu 0.000000	0.072034	8	292	0	5922
planetlab-2.cs.uh.edu 0.000000	0.072034	8	292	0	5928
planetlab-2.cs.uh.edu 0.000000	0.072034	9	292	0	5928
planetlab-2.cs.uh.edu 0.000000	0.072034	9	293	0	5929
planetlab-2.cs.uh.edu 0.000000	0.072034	8	293	0	5931
planetlab-2.cs.uh.edu 0.000000	0.072034	8	293	0	5932
planetlab-2.cs.uh.edu 0.000000	0.072034	8	293	0	5933
planetlab-2.cs.uh.edu 0.000000	0.072034	9	294	0	5934
planetlab-2.cs.uh.edu 0.000000	0.072034	8	294	0	5934
planetlab-2.cs.uh.edu 0.000000	0.072034	8	294	0	5936
planetlab-2.cs.uh.edu 0.000000	0.072034	9	294	0	5936
planetlab-2.cs.uh.edu 0.000000	0.072034	8	294	0	5943
planetlab-2.cs.uh.edu 0.000000	0.072034	8	294	0	5944
planetlab-2.cs.uh.edu 0.000000	0.072034	8	294	0	5945
planetlab-2.cs.uh.edu 0.000000	0.072034	8	294	0	5946
planetlab-2.cs.uh.edu 0.000000	0.072034	8	294	0	5948
planetlab-2.cs.uh.edu 0.000000	0.072034	9	294	0	5948
planetlab-2.cs.uh.edu 0.000000	0.072034	9	294	0	5949
planetlab-2.cs.uh.edu 0.000000	0.072034	8	294	0	5949
planetlab-2.cs.uh.edu 0.000000	0.072034	9	295	0	5952
planetlab-2.cs.uh.edu 0.000000	0.072034	8	295	0	5952
planetlab-2.cs.uh.edu 0.000000	0.072034	8	295	0	5955
planetlab-2.cs.uh.edu 0.000000	0.072034	9	295	0	5955
planetlab-2.cs.uh.edu 0.000000	0.072034	9	295	0	5956
planetlab-2.cs.uh.edu 0.000000	0.072034	8	295	0	5956
planetlab-2.cs.uh.edu 0.000000	0.072034	8	295	0	5975
planetlab-2.cs.uh.edu 0.000000	0.072034	8	295	0	5977
planetlab-2.cs.uh.edu 0.000000	0.072034	8	296	0	5978
planetlab-2.cs.uh.edu 0.000000	0.072034	8	296	0	5981
planetlab-2.cs.uh.edu 0.000000	0.072034	8	296	0	5983
planetlab-2.cs.uh.edu 0.000000	0.071011	9	296	0	5985
planetlab-2.cs.uh.edu 0.000000	0.071011	8	297	0	5987
planetlab-2.cs.uh.edu 0.000000	0.071011	8	297	0	5990
planetlab-2.cs.uh.edu 0.000000	0.071011	8	297	0	5991
planetlab-2.cs.uh.edu 0.000000	0.071011	8	297	0	5992
planetlab-2.cs.uh.edu 0.000000	0.071011	8	297	0	6013
planetlab-2.cs.uh.edu 0.000000	0.071011	8	298	0	6015
planetlab-2.cs.uh.edu 0.000000	0.071011	8	298	0	6018
planetlab-2.cs.uh.edu 0.000000	0.071011	9	298	0	6018
planetlab-2.cs.uh.edu 0.000000	0.071011	9	298	0	6021
planetlab-2.cs.uh.edu 0.000000	0.071011	9	299	0	6022
planetlab-2.cs.uh.edu 0.000000	0.071011	9	299	0	6023
planetlab-2.cs.uh.edu 0.000000	0.071011	9	299	0	6024
planetlab-2.cs.uh.edu 0.000000	0.071011	9	299	0	6031
planetlab-2.cs.uh.edu 0.000000	0.071011	9	300	0	6032
planetlab-2.cs.uh.edu 0.000000	0.071011	9	300	0	6036
planetlab-2.cs.uh.edu 0.000000	0.071011	9	301	0	6037
planetlab-2.cs.uh.edu 0.000000	0.071011	9	301	0	6039
planetlab-2.cs.uh.edu 0.000000	0.071011	9	301	0	6041
planetlab-2.cs.uh.edu 0.000000	0.071011	9	301	0	6050
planetlab-2.cs.uh.edu 0.000000	0.071011	9	301	0	6052
planetlab-2.cs.uh.edu 0.000000	0.071011	9	301	0	6054
planetlab-2.cs.uh.edu 0.000000	0.071011	9	301	0	6055
planetlab-2.cs.uh.edu 0.000000	0.071011	9	301	0	6056
planetlab-2.cs.uh.edu 0.000000	0.071011	9	301	0	6060
planetlab-2.cs.uh.edu 0.000000	0.059316	9	320	0	7165
planetlab-2.cs.uh.edu 0.000000	0.043021	9	347	0	9879
planetlab-2.cs.uh.edu 0.000000	0.034862	9	349	0	12191
planetlab-2.cs.uh.edu 0.000000	0.032221	9	349	0	13190
planetlab-2.cs.uh.edu 0.000000	0.032221	9	349	0	13524
planetlab-2.cs.uh.edu 0.929329	0.032221	9	349	1698	13524
planetlab-2.cs.uh.edu 0.383381	0.032221	8	349	6234	13524
planetlab-2.cs.uh.edu 0.266096	0.032221	9	349	9117	13524
planetlab-2.cs.uh.edu 0.201360	0.032221	9	349	12058	13524
planetlab-2.cs.uh.edu 0.178736	0.032221	8	349	13657	13524
planetlab-2.cs.uh.edu 0.174258	0.032221	8	349	14008	13524
planetlab-2.cs.uh.edu 0.171571	0.032221	9	349	14239	13524
planetlab-2.cs.uh.edu 0.171571	0.032221	9	349	14280	13524
planetlab-2.cs.uh.edu 0.171571	0.032221	8	349	14287	13524
planetlab-2.cs.uh.edu 0.171571	0.032221	9	349	14293	13524
planetlab-2.cs.uh.edu 0.171571	0.032221	9	349	14299	13524
planetlab-2.cs.uh.edu 0.171571	0.032221	8	349	14311	13524
planetlab-2.cs.uh.edu 0.171571	0.032221	9	349	14311	13524
planetlab-2.cs.uh.edu 0.170441	0.032221	9	349	14351	13524
planetlab-2.cs.uh.edu 0.168744	0.032221	9	349	14679	13524
planetlab-2.cs.uh.edu 0.168744	0.032221	8	349	14761	13524
