planet12.csc.ncsu.edu 0.000000	0.131770	2	139	0	3028
planet12.csc.ncsu.edu 0.000000	0.056878	19	463	0	10373
planet12.csc.ncsu.edu 0.000000	0.075534	19	572	0	11849
planet12.csc.ncsu.edu 0.000000	0.073427	20	657	0	12189
planet12.csc.ncsu.edu 0.000000	0.073427	20	676	0	12282
planet12.csc.ncsu.edu 0.000000	0.073427	19	678	0	12285
planet12.csc.ncsu.edu 0.000000	0.073427	20	679	0	12287
planet12.csc.ncsu.edu 0.000000	0.073427	19	686	0	12298
planet12.csc.ncsu.edu 0.000000	0.073427	20	688	0	12302
planet12.csc.ncsu.edu 0.000000	0.073427	19	688	0	12302
planet12.csc.ncsu.edu 0.000000	0.073427	20	688	0	12302
planet12.csc.ncsu.edu 0.000000	0.073427	19	688	0	12302
planet12.csc.ncsu.edu 0.000000	0.073427	20	688	0	12302
planet12.csc.ncsu.edu 1.465066	0.073427	19	688	1374	12302
planet12.csc.ncsu.edu 0.378675	0.073427	19	688	5918	12302
planet12.csc.ncsu.edu 0.226415	0.073427	19	688	9964	12302
planet12.csc.ncsu.edu 0.217677	0.073427	20	688	10364	12302
planet12.csc.ncsu.edu 0.215329	0.073427	19	688	10477	12302
planet12.csc.ncsu.edu 0.215329	0.073427	20	688	10482	12302
planet12.csc.ncsu.edu 0.215329	0.073427	19	688	10502	12302
planet12.csc.ncsu.edu 0.215329	0.073427	19	688	10512	12302
planet12.csc.ncsu.edu 0.215329	0.073427	20	688	10522	12302
planet12.csc.ncsu.edu 0.214103	0.073427	19	688	10537	12302
planet12.csc.ncsu.edu 0.214103	0.073427	19	688	10553	12302
planet12.csc.ncsu.edu 0.214103	0.073427	20	688	10561	12302
planet12.csc.ncsu.edu 0.214103	0.073427	19	688	10561	12302
planet12.csc.ncsu.edu 0.214103	0.073427	20	688	10573	12302
planet12.csc.ncsu.edu 0.214103	0.073427	20	688	10574	12302
planet12.csc.ncsu.edu 0.214103	0.073427	20	688	10576	12302
planet12.csc.ncsu.edu 0.214103	0.073427	20	688	10582	12302
planet12.csc.ncsu.edu 0.214103	0.073427	20	688	10584	12302
planet12.csc.ncsu.edu 0.214103	0.073427	20	688	10585	12302
planet12.csc.ncsu.edu 0.214103	0.073427	20	688	10586	12302
planet12.csc.ncsu.edu 0.214103	0.073427	19	688	10586	12302
planet12.csc.ncsu.edu 0.212991	0.073427	19	688	10592	12302
planet12.csc.ncsu.edu 0.212991	0.073427	20	688	10596	12302
planet12.csc.ncsu.edu 0.212991	0.073427	20	688	10597	12302
planet12.csc.ncsu.edu 0.212991	0.073427	20	688	10599	12302
planet12.csc.ncsu.edu 0.212991	0.073427	19	688	10599	12302
