pl1.csl.utoronto.ca 0.000000	0.525754	15	102	0	2621
pl1.csl.utoronto.ca 0.000000	0.243507	19	278	0	8086
pl1.csl.utoronto.ca 0.000000	0.219079	19	434	0	11028
pl1.csl.utoronto.ca 0.000000	0.179199	20	607	0	14615
pl1.csl.utoronto.ca 0.000000	0.172257	20	684	0	15204
pl1.csl.utoronto.ca 0.000000	0.172257	20	688	0	15230
pl1.csl.utoronto.ca 0.000000	0.172257	19	689	0	15247
pl1.csl.utoronto.ca 0.000000	0.172257	20	689	0	15247
pl1.csl.utoronto.ca 0.000000	0.172257	20	689	0	15255
pl1.csl.utoronto.ca 0.000000	0.172257	20	690	0	15268
pl1.csl.utoronto.ca 0.000000	0.172257	20	691	0	15273
pl1.csl.utoronto.ca 0.000000	0.172257	19	691	0	15274
pl1.csl.utoronto.ca 0.000000	0.172257	19	692	0	15277
pl1.csl.utoronto.ca 0.000000	0.171132	20	695	0	15304
pl1.csl.utoronto.ca 0.000000	0.171132	20	695	0	15313
pl1.csl.utoronto.ca 0.000000	0.171132	20	695	0	15316
pl1.csl.utoronto.ca 0.000000	0.171132	20	695	0	15321
pl1.csl.utoronto.ca 0.000000	0.171132	20	695	0	15326
pl1.csl.utoronto.ca 0.000000	0.171132	20	696	0	15329
pl1.csl.utoronto.ca 0.000000	0.171132	20	696	0	15330
pl1.csl.utoronto.ca 0.000000	0.171132	20	697	0	15331
pl1.csl.utoronto.ca 0.000000	0.169734	20	703	0	15430
pl1.csl.utoronto.ca 0.000000	0.169734	20	703	0	15433
pl1.csl.utoronto.ca 1.670455	0.169734	19	703	1408	15433
pl1.csl.utoronto.ca 0.477660	0.169734	20	703	4924	15433
pl1.csl.utoronto.ca 0.278617	0.169734	20	703	8535	15433
pl1.csl.utoronto.ca 0.270781	0.169734	19	703	8782	15433
pl1.csl.utoronto.ca 0.270781	0.169734	19	703	8805	15433
pl1.csl.utoronto.ca 0.270781	0.169734	20	703	8807	15433
pl1.csl.utoronto.ca 0.267251	0.169734	20	703	8898	15433
pl1.csl.utoronto.ca 0.265996	0.169734	20	703	8940	15433
pl1.csl.utoronto.ca 0.265996	0.169734	20	703	8944	15433
pl1.csl.utoronto.ca 0.265996	0.169734	19	703	8944	15433
pl1.csl.utoronto.ca 0.265996	0.169734	20	703	8967	15433
pl1.csl.utoronto.ca 0.264811	0.169734	20	703	8980	15433
pl1.csl.utoronto.ca 0.264811	0.169734	19	703	8980	15433
pl1.csl.utoronto.ca 0.264811	0.169734	19	703	8994	15433
pl1.csl.utoronto.ca 0.262704	0.169734	20	703	9052	15433
pl1.csl.utoronto.ca 0.261664	0.169734	19	703	9088	15433
pl1.csl.utoronto.ca 0.261664	0.169734	19	703	9096	15433
pl1.csl.utoronto.ca 0.261664	0.169734	19	703	9108	15433
pl1.csl.utoronto.ca 0.257974	0.169734	20	703	9218	15433
pl1.csl.utoronto.ca 0.257974	0.169734	20	703	9219	15433
pl1.csl.utoronto.ca 0.256388	0.169734	19	703	9275	15433
pl1.csl.utoronto.ca 0.253491	0.169734	20	703	9381	15433
pl1.csl.utoronto.ca 0.251534	0.169734	20	703	9454	15433
pl1.csl.utoronto.ca 0.251534	0.169734	20	703	9489	15433
pl1.csl.utoronto.ca 0.251534	0.169734	19	703	9489	15433
pl1.csl.utoronto.ca 0.251534	0.169734	20	703	9489	15433
pl1.csl.utoronto.ca 0.251534	0.169734	19	703	9489	15433
pl1.csl.utoronto.ca 0.251534	0.169734	20	703	9489	15433
