planetlab2.cs.umass.edu 0.000000	0.186114	14	117	0	4148
planetlab2.cs.umass.edu 0.000000	0.121178	19	254	0	9878
planetlab2.cs.umass.edu 0.000000	0.104290	20	298	0	12379
planetlab2.cs.umass.edu 0.000000	0.099284	19	335	0	13124
planetlab2.cs.umass.edu 0.000000	0.099284	20	345	0	13389
planetlab2.cs.umass.edu 0.000000	0.098065	20	347	0	13491
planetlab2.cs.umass.edu 0.000000	0.098065	19	347	0	13507
planetlab2.cs.umass.edu 0.000000	0.098065	20	348	0	13581
planetlab2.cs.umass.edu 0.000000	0.096767	20	352	0	13672
planetlab2.cs.umass.edu 0.000000	0.096767	20	352	0	13712
planetlab2.cs.umass.edu 0.000000	0.096767	20	352	0	13731
planetlab2.cs.umass.edu 0.000000	0.096767	20	354	0	13743
planetlab2.cs.umass.edu 0.627290	0.096767	19	354	3166	13743
planetlab2.cs.umass.edu 0.248408	0.096767	19	354	8478	13743
planetlab2.cs.umass.edu 0.220599	0.096767	19	354	9719	13743
planetlab2.cs.umass.edu 0.214744	0.096767	19	354	9984	13743
planetlab2.cs.umass.edu 0.213482	0.096767	19	354	10043	13743
planetlab2.cs.umass.edu 0.213482	0.096767	19	354	10059	13743
planetlab2.cs.umass.edu 0.213482	0.096767	19	354	10088	13743
planetlab2.cs.umass.edu 0.211669	0.096767	20	354	10129	13743
planetlab2.cs.umass.edu 0.210568	0.096767	20	354	10182	13743
planetlab2.cs.umass.edu 0.205462	0.096767	20	354	10435	13743
planetlab2.cs.umass.edu 0.201542	0.096767	20	354	10638	13743
planetlab2.cs.umass.edu 0.201542	0.096767	20	354	10642	13743
planetlab2.cs.umass.edu 0.201542	0.096767	20	354	10644	13743
planetlab2.cs.umass.edu 0.201542	0.096767	20	354	10645	13743
planetlab2.cs.umass.edu 0.201542	0.096767	19	354	10645	13743
planetlab2.cs.umass.edu 0.201542	0.096767	20	354	10645	13743
planetlab2.cs.umass.edu 0.201542	0.096767	20	354	10667	13743
planetlab2.cs.umass.edu 0.201542	0.096767	20	354	10668	13743
planetlab2.cs.umass.edu 0.201542	0.096767	20	354	10670	13743
planetlab2.cs.umass.edu 0.200393	0.096767	20	354	10699	13743
planetlab2.cs.umass.edu 0.200393	0.096767	20	354	10728	13743
