planetlabpc2.upf.edu 0.000000	0.334695	9	428	0	3427
planetlabpc2.upf.edu 0.000000	0.212407	9	459	0	5400
planetlabpc2.upf.edu 0.000000	0.174025	8	502	0	6591
planetlabpc2.upf.edu 0.000000	0.137993	9	529	0	8312
planetlabpc2.upf.edu 0.000000	0.116541	9	549	0	9842
planetlabpc2.upf.edu 0.000000	0.109103	9	555	0	10513
planetlabpc2.upf.edu 0.000000	0.109103	8	556	0	10521
planetlabpc2.upf.edu 0.000000	0.109103	9	556	0	10521
planetlabpc2.upf.edu 0.000000	0.109103	9	557	0	10524
planetlabpc2.upf.edu 0.000000	0.109103	9	564	0	10547
planetlabpc2.upf.edu 0.000000	0.109103	9	565	0	10570
planetlabpc2.upf.edu 0.000000	0.109103	9	565	0	10572
planetlabpc2.upf.edu 0.000000	0.109103	9	567	0	10593
planetlabpc2.upf.edu 0.000000	0.107933	8	569	0	10627
planetlabpc2.upf.edu 0.000000	0.107933	8	569	0	10628
planetlabpc2.upf.edu 0.000000	0.106391	8	587	0	10781
planetlabpc2.upf.edu 0.000000	0.097508	9	623	0	11917
planetlabpc2.upf.edu 0.000000	0.106335	9	627	0	12423
planetlabpc2.upf.edu 0.000000	0.106335	8	627	0	12467
planetlabpc2.upf.edu 0.000000	0.106335	9	628	0	12474
planetlabpc2.upf.edu 0.000000	0.106335	9	628	0	12482
planetlabpc2.upf.edu 0.000000	0.106335	9	629	0	12487
planetlabpc2.upf.edu 0.000000	0.106335	8	630	0	12504
planetlabpc2.upf.edu 0.000000	0.106335	9	630	0	12517
planetlabpc2.upf.edu 0.000000	0.106335	8	634	0	12531
planetlabpc2.upf.edu 0.000000	0.105301	8	635	0	12545
planetlabpc2.upf.edu 0.000000	0.105301	8	636	0	12548
planetlabpc2.upf.edu 0.000000	0.105301	8	637	0	12551
planetlabpc2.upf.edu 0.000000	0.105301	8	641	0	12565
planetlabpc2.upf.edu 0.000000	0.105301	8	642	0	12586
planetlabpc2.upf.edu 0.000000	0.105301	9	642	0	12586
planetlabpc2.upf.edu 0.000000	0.105301	8	642	0	12586
planetlabpc2.upf.edu 0.000000	0.105301	9	642	0	12586
planetlabpc2.upf.edu 0.000000	0.105301	9	643	0	12618
planetlabpc2.upf.edu 0.000000	0.105301	9	643	0	12637
planetlabpc2.upf.edu 0.000000	0.105301	9	643	0	12638
planetlabpc2.upf.edu 0.000000	0.105301	9	644	0	12660
planetlabpc2.upf.edu 0.000000	0.104204	9	646	0	12677
planetlabpc2.upf.edu 0.000000	0.104204	9	646	0	12679
planetlabpc2.upf.edu 0.000000	0.104204	8	647	0	12694
planetlabpc2.upf.edu 0.000000	0.104204	9	647	0	12706
planetlabpc2.upf.edu 0.000000	0.104204	9	647	0	12708
planetlabpc2.upf.edu 0.000000	0.104204	8	647	0	12727
planetlabpc2.upf.edu 0.000000	0.104204	8	650	0	12753
planetlabpc2.upf.edu 0.000000	0.104204	8	651	0	12772
planetlabpc2.upf.edu 0.000000	0.104204	8	652	0	12798
planetlabpc2.upf.edu 0.000000	0.103187	8	652	0	12802
planetlabpc2.upf.edu 0.000000	0.103187	8	653	0	12815
planetlabpc2.upf.edu 0.000000	0.103187	8	653	0	12832
planetlabpc2.upf.edu 0.000000	0.103187	8	654	0	12835
planetlabpc2.upf.edu 0.000000	0.103187	8	654	0	12855
planetlabpc2.upf.edu 0.000000	0.103187	8	654	0	12861
planetlabpc2.upf.edu 0.000000	0.103187	8	655	0	12870
planetlabpc2.upf.edu 0.000000	0.103187	8	656	0	12889
planetlabpc2.upf.edu 0.000000	0.103187	8	656	0	12890
planetlabpc2.upf.edu 0.000000	0.103187	8	657	0	12909
planetlabpc2.upf.edu 0.000000	0.103187	8	657	0	12918
planetlabpc2.upf.edu 0.000000	0.103187	8	657	0	12921
planetlabpc2.upf.edu 0.000000	0.102173	8	658	0	12929
planetlabpc2.upf.edu 0.000000	0.102173	8	660	0	12935
planetlabpc2.upf.edu 0.000000	0.102173	8	660	0	12937
planetlabpc2.upf.edu 0.000000	0.102173	8	660	0	12949
planetlabpc2.upf.edu 0.000000	0.102173	8	661	0	12954
planetlabpc2.upf.edu 0.000000	0.102173	9	661	0	12964
planetlabpc2.upf.edu 0.000000	0.102173	8	662	0	12987
planetlabpc2.upf.edu 0.000000	0.102173	8	662	0	12998
planetlabpc2.upf.edu 0.000000	0.102173	8	663	0	13016
planetlabpc2.upf.edu 0.000000	0.102173	9	663	0	13018
planetlabpc2.upf.edu 0.000000	0.102173	8	663	0	13023
planetlabpc2.upf.edu 0.000000	0.102173	9	663	0	13024
planetlabpc2.upf.edu 0.000000	0.102173	8	664	0	13026
planetlabpc2.upf.edu 0.000000	0.102173	8	664	0	13027
planetlabpc2.upf.edu 0.000000	0.102173	8	664	0	13029
planetlabpc2.upf.edu 0.000000	0.102173	8	664	0	13033
planetlabpc2.upf.edu 0.000000	0.102173	8	664	0	13034
planetlabpc2.upf.edu 0.000000	0.102173	8	664	0	13041
planetlabpc2.upf.edu 0.000000	0.102173	8	665	0	13044
planetlabpc2.upf.edu 0.000000	0.102173	8	666	0	13048
planetlabpc2.upf.edu 0.000000	0.102173	8	667	0	13053
planetlabpc2.upf.edu 0.000000	0.102173	8	667	0	13055
planetlabpc2.upf.edu 0.000000	0.101156	8	667	0	13059
planetlabpc2.upf.edu 0.000000	0.101156	8	667	0	13060
planetlabpc2.upf.edu 0.000000	0.101156	9	667	0	13060
planetlabpc2.upf.edu 0.000000	0.101156	8	669	0	13072
planetlabpc2.upf.edu 0.000000	0.101156	8	672	0	13079
planetlabpc2.upf.edu 0.000000	0.101156	8	674	0	13082
planetlabpc2.upf.edu 0.000000	0.101156	8	674	0	13083
planetlabpc2.upf.edu 0.000000	0.101156	9	674	0	13083
planetlabpc2.upf.edu 0.000000	0.101156	8	674	0	13083
planetlabpc2.upf.edu 0.000000	0.101156	8	679	0	13095
planetlabpc2.upf.edu 0.000000	0.101156	8	679	0	13101
planetlabpc2.upf.edu 0.000000	0.101156	8	680	0	13103
planetlabpc2.upf.edu 0.000000	0.101156	8	680	0	13106
planetlabpc2.upf.edu 0.000000	0.101156	8	681	0	13108
planetlabpc2.upf.edu 0.000000	0.101156	8	682	0	13110
planetlabpc2.upf.edu 0.000000	0.101156	8	682	0	13111
planetlabpc2.upf.edu 0.000000	0.101156	8	683	0	13117
planetlabpc2.upf.edu 0.000000	0.101156	8	684	0	13118
planetlabpc2.upf.edu 0.000000	0.101156	8	684	0	13122
planetlabpc2.upf.edu 0.000000	0.101156	8	684	0	13124
planetlabpc2.upf.edu 0.000000	0.101156	8	684	0	13131
planetlabpc2.upf.edu 0.000000	0.101156	8	684	0	13133
planetlabpc2.upf.edu 0.000000	0.101156	8	685	0	13135
planetlabpc2.upf.edu 0.000000	0.101156	8	685	0	13137
planetlabpc2.upf.edu 0.000000	0.101156	8	686	0	13154
planetlabpc2.upf.edu 0.000000	0.101156	8	686	0	13155
planetlabpc2.upf.edu 0.000000	0.101156	8	687	0	13158
planetlabpc2.upf.edu 0.000000	0.101156	8	688	0	13160
planetlabpc2.upf.edu 0.000000	0.101156	8	689	0	13162
planetlabpc2.upf.edu 0.000000	0.101156	9	689	0	13162
planetlabpc2.upf.edu 0.000000	0.101156	8	689	0	13162
planetlabpc2.upf.edu 0.000000	0.101156	8	689	0	13163
planetlabpc2.upf.edu 0.000000	0.101156	8	689	0	13164
planetlabpc2.upf.edu 0.000000	0.099841	8	692	0	13231
planetlabpc2.upf.edu 0.000000	0.099841	8	693	0	13235
planetlabpc2.upf.edu 0.000000	0.099841	8	695	0	13253
planetlabpc2.upf.edu 0.000000	0.099841	8	695	0	13255
planetlabpc2.upf.edu 0.000000	0.099841	8	695	0	13258
planetlabpc2.upf.edu 0.000000	0.099841	8	695	0	13265
planetlabpc2.upf.edu 0.000000	0.099841	8	699	0	13280
planetlabpc2.upf.edu 0.000000	0.099841	8	701	0	13307
planetlabpc2.upf.edu 0.000000	0.099841	9	702	0	13327
planetlabpc2.upf.edu 0.000000	0.099841	9	703	0	13331
planetlabpc2.upf.edu 0.000000	0.099841	9	703	0	13338
planetlabpc2.upf.edu 0.000000	0.099841	9	705	0	13356
planetlabpc2.upf.edu 0.000000	0.099841	9	705	0	13360
planetlabpc2.upf.edu 0.000000	0.099841	9	705	0	13362
planetlabpc2.upf.edu 0.000000	0.099841	9	705	0	13364
planetlabpc2.upf.edu 0.000000	0.098840	9	705	0	13365
planetlabpc2.upf.edu 0.000000	0.098840	9	706	0	13393
planetlabpc2.upf.edu 0.000000	0.098840	9	706	0	13394
planetlabpc2.upf.edu 0.000000	0.098840	9	706	0	13395
planetlabpc2.upf.edu 0.000000	0.098840	9	707	0	13402
planetlabpc2.upf.edu 0.000000	0.098840	8	707	0	13402
planetlabpc2.upf.edu 0.000000	0.098840	9	707	0	13402
planetlabpc2.upf.edu 0.000000	0.098840	8	709	0	13451
planetlabpc2.upf.edu 0.000000	0.098840	8	709	0	13453
planetlabpc2.upf.edu 0.000000	0.098840	8	710	0	13467
planetlabpc2.upf.edu 0.000000	0.098840	9	712	0	13479
planetlabpc2.upf.edu 0.000000	0.098840	9	712	0	13486
planetlabpc2.upf.edu 0.000000	0.098840	9	712	0	13487
planetlabpc2.upf.edu 0.000000	0.098840	9	713	0	13495
planetlabpc2.upf.edu 0.000000	0.098840	9	713	0	13498
planetlabpc2.upf.edu 0.000000	0.097816	9	713	0	13505
planetlabpc2.upf.edu 0.000000	0.097816	8	713	0	13505
planetlabpc2.upf.edu 0.000000	0.097816	9	713	0	13505
planetlabpc2.upf.edu 0.000000	0.097816	9	713	0	13506
planetlabpc2.upf.edu 0.000000	0.097816	9	713	0	13507
planetlabpc2.upf.edu 0.000000	0.097816	9	713	0	13509
planetlabpc2.upf.edu 0.000000	0.097816	8	713	0	13509
planetlabpc2.upf.edu 0.000000	0.097816	9	713	0	13509
planetlabpc2.upf.edu 0.000000	0.097816	8	713	0	13509
planetlabpc2.upf.edu 0.000000	0.097816	9	714	0	13516
planetlabpc2.upf.edu 0.000000	0.097816	8	714	0	13518
planetlabpc2.upf.edu 0.000000	0.097816	8	714	0	13523
planetlabpc2.upf.edu 0.000000	0.097816	8	716	0	13582
planetlabpc2.upf.edu 0.000000	0.097816	8	716	0	13590
planetlabpc2.upf.edu 0.000000	0.097816	8	718	0	13618
planetlabpc2.upf.edu 0.000000	0.097816	9	718	0	13618
planetlabpc2.upf.edu 0.000000	0.097816	8	718	0	13618
planetlabpc2.upf.edu 0.000000	0.097816	8	718	0	13619
planetlabpc2.upf.edu 0.000000	0.097816	9	718	0	13619
planetlabpc2.upf.edu 0.000000	0.096402	9	725	0	13703
planetlabpc2.upf.edu 0.000000	0.096402	9	728	0	13767
planetlabpc2.upf.edu 0.586845	0.096402	9	728	973	13767
planetlabpc2.upf.edu 0.174439	0.096402	8	728	3474	13767
planetlabpc2.upf.edu 0.119986	0.096402	8	728	5609	13767
planetlabpc2.upf.edu 0.084891	0.096402	8	728	8293	13767
planetlabpc2.upf.edu 0.068600	0.096402	9	728	10554	13767
planetlabpc2.upf.edu 0.062842	0.096402	9	728	11680	13767
planetlabpc2.upf.edu 0.056722	0.096402	8	728	12958	13767
planetlabpc2.upf.edu 0.053311	0.096402	8	728	13787	13767
planetlabpc2.upf.edu 0.053311	0.096402	9	728	13805	13767
planetlabpc2.upf.edu 0.053311	0.096402	9	728	13849	13767
planetlabpc2.upf.edu 0.053311	0.096402	9	728	13871	13767
planetlabpc2.upf.edu 0.053311	0.096402	9	728	13877	13767
planetlabpc2.upf.edu 0.053311	0.096402	9	728	13878	13767
planetlabpc2.upf.edu 0.053311	0.096402	9	728	13917	13767
planetlabpc2.upf.edu 0.051837	0.096402	8	728	14179	13767
planetlabpc2.upf.edu 0.051837	0.096402	8	728	14316	13767
planetlabpc2.upf.edu 0.051837	0.096402	9	728	14345	13767
