vn5.cse.wustl.edu 0.000000	0.000000	2	51	0	3836
vn5.cse.wustl.edu 0.000000	0.006873	19	195	0	5383
vn5.cse.wustl.edu 0.000000	0.010410	20	283	0	6148
vn5.cse.wustl.edu 0.000000	0.010410	20	313	0	6379
vn5.cse.wustl.edu 0.000000	0.010410	20	321	0	6446
vn5.cse.wustl.edu 0.000000	0.010410	20	323	0	6458
vn5.cse.wustl.edu 0.000000	0.010410	19	323	0	6463
vn5.cse.wustl.edu 0.000000	0.010410	20	327	0	6520
vn5.cse.wustl.edu 0.000000	0.010410	20	331	0	6569
vn5.cse.wustl.edu 0.000000	0.010410	20	333	0	6580
vn5.cse.wustl.edu 0.000000	0.010410	20	334	0	6589
vn5.cse.wustl.edu 0.000000	0.010410	20	336	0	6595
vn5.cse.wustl.edu 0.773157	0.010410	19	336	2116	6595
vn5.cse.wustl.edu 0.319539	0.010410	19	336	5292	6595
vn5.cse.wustl.edu 0.289177	0.010410	20	336	5858	6595
vn5.cse.wustl.edu 0.287802	0.010410	19	336	5886	6595
vn5.cse.wustl.edu 0.287802	0.010410	20	336	5886	6595
vn5.cse.wustl.edu 0.287802	0.010410	20	336	5896	6595
vn5.cse.wustl.edu 0.286584	0.010410	20	336	5911	6595
vn5.cse.wustl.edu 0.286584	0.010410	20	336	5913	6595
vn5.cse.wustl.edu 0.278986	0.010410	19	336	6072	6595
vn5.cse.wustl.edu 0.273977	0.010410	20	336	6183	6595
vn5.cse.wustl.edu 0.273977	0.010410	20	336	6190	6595
vn5.cse.wustl.edu 0.273977	0.010410	20	336	6192	6595
vn5.cse.wustl.edu 0.273977	0.010410	20	336	6193	6595
vn5.cse.wustl.edu 0.273977	0.010410	19	336	6193	6595
vn5.cse.wustl.edu 0.273977	0.010410	20	336	6193	6595
vn5.cse.wustl.edu 0.273977	0.010410	19	336	6193	6595
vn5.cse.wustl.edu 0.273977	0.010410	20	336	6193	6595
vn5.cse.wustl.edu 0.273977	0.010410	20	336	6194	6595
vn5.cse.wustl.edu 0.273977	0.010410	20	336	6198	6595
vn5.cse.wustl.edu 0.272610	0.010410	20	336	6214	6595
vn5.cse.wustl.edu 0.272610	0.010410	20	336	6227	6595
