planetlab-01.bu.edu 0.000000	0.000000	16	18	0	913
planetlab-01.bu.edu 0.000000	0.023835	19	94	0	2811
planetlab-01.bu.edu 0.000000	0.025665	20	127	0	5377
planetlab-01.bu.edu 0.000000	0.022874	20	274	0	6033
planetlab-01.bu.edu 0.000000	0.022874	20	301	0	6158
planetlab-01.bu.edu 0.000000	0.022874	20	313	0	6208
planetlab-01.bu.edu 0.000000	0.022874	19	314	0	6224
planetlab-01.bu.edu 0.000000	0.022874	20	317	0	6229
planetlab-01.bu.edu 0.000000	0.022874	20	321	0	6253
planetlab-01.bu.edu 0.000000	0.022874	20	327	0	6270
planetlab-01.bu.edu 0.000000	0.022874	20	327	0	6285
planetlab-01.bu.edu 0.000000	0.021856	20	331	0	6314
planetlab-01.bu.edu 0.000000	0.021856	20	343	0	6370
planetlab-01.bu.edu 0.000000	0.021856	20	346	0	6378
planetlab-01.bu.edu 5.911765	0.021856	19	346	68	6378
planetlab-01.bu.edu 0.349800	0.021856	19	346	5749	6378
planetlab-01.bu.edu 0.300562	0.021856	20	346	7120	6378
planetlab-01.bu.edu 0.295154	0.021856	20	346	7264	6378
planetlab-01.bu.edu 0.295154	0.021856	20	346	7283	6378
planetlab-01.bu.edu 0.295154	0.021856	19	346	7285	6378
planetlab-01.bu.edu 0.293940	0.021856	20	346	7294	6378
planetlab-01.bu.edu 0.293940	0.021856	19	346	7311	6378
planetlab-01.bu.edu 0.292776	0.021856	20	346	7323	6378
planetlab-01.bu.edu 0.292776	0.021856	20	346	7326	6378
planetlab-01.bu.edu 0.292776	0.021856	20	346	7327	6378
planetlab-01.bu.edu 0.292776	0.021856	20	346	7331	6378
planetlab-01.bu.edu 0.291701	0.021856	20	346	7350	6378
planetlab-01.bu.edu 0.291701	0.021856	20	346	7356	6378
planetlab-01.bu.edu 0.290476	0.021856	20	346	7381	6378
planetlab-01.bu.edu 0.290476	0.021856	20	346	7401	6378
planetlab-01.bu.edu 0.288599	0.021856	20	346	7429	6378
planetlab-01.bu.edu 0.287477	0.021856	20	346	7458	6378
planetlab-01.bu.edu 0.287477	0.021856	19	346	7458	6378
planetlab-01.bu.edu 0.287477	0.021856	20	346	7458	6378
planetlab-01.bu.edu 0.285258	0.021856	20	346	7516	6378
planetlab-01.bu.edu 0.285258	0.021856	20	346	7538	6378
planetlab-01.bu.edu 0.285258	0.021856	19	346	7538	6378
