planetlab-01.bu.edu 0.000000	0.397579	3	30	0	1074
planetlab-01.bu.edu 0.000000	0.093188	9	144	0	4947
planetlab-01.bu.edu 0.000000	0.080432	9	211	0	5744
planetlab-01.bu.edu 0.000000	0.075085	9	240	0	6153
planetlab-01.bu.edu 0.000000	0.073837	9	252	0	6257
planetlab-01.bu.edu 0.000000	0.072267	9	269	0	6393
planetlab-01.bu.edu 0.000000	0.072267	9	272	0	6423
planetlab-01.bu.edu 0.000000	0.070761	9	279	0	6529
planetlab-01.bu.edu 0.000000	0.070761	8	283	0	6557
planetlab-01.bu.edu 0.000000	0.068597	9	295	0	6735
planetlab-01.bu.edu 0.000000	0.068597	9	298	0	6754
planetlab-01.bu.edu 0.000000	0.068597	9	299	0	6770
planetlab-01.bu.edu 0.000000	0.068597	9	299	0	6771
planetlab-01.bu.edu 0.000000	0.068597	9	299	0	6774
planetlab-01.bu.edu 0.000000	0.068597	9	300	0	6791
planetlab-01.bu.edu 0.000000	0.068597	9	300	0	6800
planetlab-01.bu.edu 0.000000	0.068597	9	300	0	6803
planetlab-01.bu.edu 0.000000	0.068597	9	301	0	6808
planetlab-01.bu.edu 0.000000	0.068597	8	302	0	6819
planetlab-01.bu.edu 0.000000	0.068597	9	303	0	6831
planetlab-01.bu.edu 0.000000	0.067034	9	308	0	6892
planetlab-01.bu.edu 0.000000	0.067034	9	309	0	6950
planetlab-01.bu.edu 0.000000	0.067034	9	309	0	6951
planetlab-01.bu.edu 0.000000	0.067034	9	309	0	6961
planetlab-01.bu.edu 0.000000	0.067034	8	309	0	6962
planetlab-01.bu.edu 0.000000	0.067034	8	310	0	6963
planetlab-01.bu.edu 0.000000	0.067034	8	311	0	6967
planetlab-01.bu.edu 0.000000	0.067034	8	311	0	6968
planetlab-01.bu.edu 0.000000	0.067034	8	312	0	6970
planetlab-01.bu.edu 0.000000	0.067034	9	313	0	6979
planetlab-01.bu.edu 0.000000	0.067034	9	313	0	6981
planetlab-01.bu.edu 0.000000	0.067034	9	314	0	6987
planetlab-01.bu.edu 0.000000	0.067034	9	314	0	6988
planetlab-01.bu.edu 0.000000	0.067034	9	314	0	6989
planetlab-01.bu.edu 0.000000	0.067034	8	314	0	6992
planetlab-01.bu.edu 0.000000	0.067034	8	314	0	6993
planetlab-01.bu.edu 0.000000	0.067034	8	314	0	6996
planetlab-01.bu.edu 0.000000	0.066019	8	314	0	6998
planetlab-01.bu.edu 0.000000	0.066019	8	314	0	7000
planetlab-01.bu.edu 0.000000	0.066019	8	314	0	7015
planetlab-01.bu.edu 0.000000	0.066019	8	317	0	7044
planetlab-01.bu.edu 0.000000	0.066019	9	319	0	7058
planetlab-01.bu.edu 0.000000	0.066019	9	323	0	7100
planetlab-01.bu.edu 0.000000	0.064924	9	325	0	7116
planetlab-01.bu.edu 0.000000	0.064924	9	325	0	7118
planetlab-01.bu.edu 0.000000	0.064924	8	325	0	7120
planetlab-01.bu.edu 0.000000	0.064924	8	325	0	7121
planetlab-01.bu.edu 0.000000	0.064924	8	325	0	7124
planetlab-01.bu.edu 0.000000	0.064924	9	325	0	7124
planetlab-01.bu.edu 0.000000	0.064924	9	325	0	7126
planetlab-01.bu.edu 0.000000	0.064924	9	325	0	7127
planetlab-01.bu.edu 0.000000	0.064924	9	325	0	7135
planetlab-01.bu.edu 0.000000	0.064924	9	325	0	7136
planetlab-01.bu.edu 0.000000	0.064924	9	325	0	7137
planetlab-01.bu.edu 0.000000	0.064924	9	326	0	7141
planetlab-01.bu.edu 0.000000	0.064924	9	326	0	7142
planetlab-01.bu.edu 0.000000	0.064924	9	326	0	7145
planetlab-01.bu.edu 0.000000	0.064924	9	327	0	7147
planetlab-01.bu.edu 0.000000	0.064924	8	328	0	7152
planetlab-01.bu.edu 0.000000	0.064924	8	328	0	7153
planetlab-01.bu.edu 0.000000	0.064924	8	329	0	7155
planetlab-01.bu.edu 0.000000	0.064924	8	329	0	7157
planetlab-01.bu.edu 0.000000	0.064924	8	329	0	7159
planetlab-01.bu.edu 0.000000	0.064924	8	329	0	7165
planetlab-01.bu.edu 0.000000	0.064924	8	329	0	7168
planetlab-01.bu.edu 0.000000	0.064924	8	329	0	7169
planetlab-01.bu.edu 0.000000	0.064924	8	329	0	7170
planetlab-01.bu.edu 0.000000	0.064924	9	329	0	7187
planetlab-01.bu.edu 0.000000	0.064924	9	329	0	7188
planetlab-01.bu.edu 0.000000	0.064924	9	330	0	7190
planetlab-01.bu.edu 0.000000	0.064924	9	330	0	7191
planetlab-01.bu.edu 0.000000	0.064924	9	331	0	7203
planetlab-01.bu.edu 0.000000	0.064924	9	331	0	7205
planetlab-01.bu.edu 0.000000	0.064924	9	331	0	7206
planetlab-01.bu.edu 0.000000	0.064924	9	332	0	7211
planetlab-01.bu.edu 0.000000	0.064924	9	332	0	7213
planetlab-01.bu.edu 0.000000	0.064924	9	332	0	7215
planetlab-01.bu.edu 0.000000	0.064924	9	332	0	7218
planetlab-01.bu.edu 0.000000	0.064924	9	332	0	7219
planetlab-01.bu.edu 0.000000	0.064924	9	332	0	7220
planetlab-01.bu.edu 0.000000	0.064924	9	332	0	7221
planetlab-01.bu.edu 0.000000	0.064924	9	332	0	7222
planetlab-01.bu.edu 0.000000	0.064924	9	332	0	7224
planetlab-01.bu.edu 0.000000	0.064924	9	332	0	7227
planetlab-01.bu.edu 0.000000	0.063724	9	333	0	7250
planetlab-01.bu.edu 0.000000	0.063724	9	334	0	7259
planetlab-01.bu.edu 0.000000	0.063724	9	335	0	7266
planetlab-01.bu.edu 0.000000	0.063724	9	336	0	7269
planetlab-01.bu.edu 0.000000	0.063724	9	336	0	7270
planetlab-01.bu.edu 0.000000	0.063724	9	336	0	7271
planetlab-01.bu.edu 0.000000	0.063724	9	336	0	7273
planetlab-01.bu.edu 0.000000	0.063724	9	336	0	7278
planetlab-01.bu.edu 0.000000	0.063724	9	340	0	7297
planetlab-01.bu.edu 0.000000	0.063724	9	342	0	7312
planetlab-01.bu.edu 0.000000	0.063724	9	342	0	7315
planetlab-01.bu.edu 0.000000	0.063724	9	342	0	7316
planetlab-01.bu.edu 0.000000	0.063724	9	342	0	7317
planetlab-01.bu.edu 0.000000	0.063724	9	343	0	7322
planetlab-01.bu.edu 0.000000	0.063724	9	343	0	7323
planetlab-01.bu.edu 0.000000	0.063724	9	343	0	7325
planetlab-01.bu.edu 0.000000	0.063724	9	343	0	7329
planetlab-01.bu.edu 0.000000	0.063724	9	343	0	7334
planetlab-01.bu.edu 0.000000	0.063724	9	343	0	7336
planetlab-01.bu.edu 0.000000	0.063724	9	343	0	7338
planetlab-01.bu.edu 0.000000	0.063724	9	345	0	7340
planetlab-01.bu.edu 0.000000	0.063724	9	345	0	7341
planetlab-01.bu.edu 0.000000	0.063724	9	345	0	7342
planetlab-01.bu.edu 0.000000	0.063724	9	345	0	7344
planetlab-01.bu.edu 0.000000	0.063724	9	345	0	7345
planetlab-01.bu.edu 0.000000	0.062636	9	348	0	7376
planetlab-01.bu.edu 0.000000	0.062636	9	348	0	7389
planetlab-01.bu.edu 0.000000	0.062636	9	348	0	7391
planetlab-01.bu.edu 0.000000	0.062636	9	348	0	7398
planetlab-01.bu.edu 0.000000	0.062636	9	349	0	7404
planetlab-01.bu.edu 0.000000	0.062636	9	350	0	7410
planetlab-01.bu.edu 0.000000	0.062636	9	351	0	7413
planetlab-01.bu.edu 0.000000	0.062636	9	352	0	7418
planetlab-01.bu.edu 0.000000	0.062636	9	353	0	7420
planetlab-01.bu.edu 0.000000	0.062636	9	354	0	7424
planetlab-01.bu.edu 0.000000	0.062636	9	355	0	7431
planetlab-01.bu.edu 0.000000	0.062636	9	358	0	7447
planetlab-01.bu.edu 0.000000	0.062636	9	359	0	7448
planetlab-01.bu.edu 0.000000	0.062636	9	364	0	7466
planetlab-01.bu.edu 0.000000	0.062636	9	367	0	7476
planetlab-01.bu.edu 0.000000	0.062636	8	367	0	7477
planetlab-01.bu.edu 0.000000	0.062636	9	367	0	7477
planetlab-01.bu.edu 0.000000	0.062636	9	367	0	7479
planetlab-01.bu.edu 0.000000	0.062636	9	367	0	7480
planetlab-01.bu.edu 0.000000	0.061567	9	374	0	7504
planetlab-01.bu.edu 0.000000	0.061567	9	374	0	7506
planetlab-01.bu.edu 0.148099	0.061567	8	374	4497	7506
planetlab-01.bu.edu 0.117254	0.061567	9	374	5680	7506
planetlab-01.bu.edu 0.094719	0.061567	9	374	7063	7506
planetlab-01.bu.edu 0.092123	0.061567	9	374	7262	7506
planetlab-01.bu.edu 0.092123	0.061567	9	374	7338	7506
planetlab-01.bu.edu 0.087927	0.061567	9	374	7620	7506
planetlab-01.bu.edu 0.087927	0.061567	8	374	7653	7506
planetlab-01.bu.edu 0.087927	0.061567	9	374	7656	7506
planetlab-01.bu.edu 0.087927	0.061567	9	374	7659	7506
planetlab-01.bu.edu 0.087927	0.061567	9	374	7668	7506
planetlab-01.bu.edu 0.087927	0.061567	9	374	7678	7506
planetlab-01.bu.edu 0.087927	0.061567	9	374	7680	7506
planetlab-01.bu.edu 0.087927	0.061567	9	374	7688	7506
planetlab-01.bu.edu 0.086821	0.061567	8	374	7717	7506
planetlab-01.bu.edu 0.078399	0.061567	9	374	8546	7506
planetlab-01.bu.edu 0.078399	0.061567	8	374	8628	7506
planetlab-01.bu.edu 0.076994	0.061567	9	374	8702	7506
