planetlab4.csail.mit.edu 0.000000	0.129569	10	61	0	2763
planetlab4.csail.mit.edu 0.000000	0.114710	20	215	0	5588
planetlab4.csail.mit.edu 0.000000	0.105723	20	272	0	6063
planetlab4.csail.mit.edu 0.000000	0.101328	20	307	0	6326
planetlab4.csail.mit.edu 0.000000	0.099057	19	323	0	6471
planetlab4.csail.mit.edu 0.000000	0.097372	20	332	0	6583
planetlab4.csail.mit.edu 0.000000	0.097372	20	334	0	6610
planetlab4.csail.mit.edu 0.000000	0.097372	20	341	0	6650
planetlab4.csail.mit.edu 0.000000	0.096044	20	347	0	6674
planetlab4.csail.mit.edu 0.000000	0.096044	20	351	0	6698
planetlab4.csail.mit.edu 0.000000	0.096044	20	352	0	6701
planetlab4.csail.mit.edu 0.577001	0.096044	19	352	1487	6701
planetlab4.csail.mit.edu 0.279876	0.096044	19	352	6142	6701
planetlab4.csail.mit.edu 0.260929	0.096044	20	352	6634	6701
planetlab4.csail.mit.edu 0.252002	0.096044	20	352	6869	6701
planetlab4.csail.mit.edu 0.247462	0.096044	20	352	6995	6701
planetlab4.csail.mit.edu 0.247462	0.096044	20	352	7001	6701
planetlab4.csail.mit.edu 0.247462	0.096044	20	352	7005	6701
planetlab4.csail.mit.edu 0.246371	0.096044	20	352	7026	6701
planetlab4.csail.mit.edu 0.246371	0.096044	20	352	7039	6701
planetlab4.csail.mit.edu 0.246371	0.096044	20	352	7040	6701
planetlab4.csail.mit.edu 0.246371	0.096044	20	352	7044	6701
planetlab4.csail.mit.edu 0.246371	0.096044	20	352	7054	6701
planetlab4.csail.mit.edu 0.246371	0.096044	19	352	7054	6701
planetlab4.csail.mit.edu 0.246371	0.096044	20	352	7054	6701
planetlab4.csail.mit.edu 0.245184	0.096044	20	352	7060	6701
planetlab4.csail.mit.edu 0.244181	0.096044	20	352	7089	6701
planetlab4.csail.mit.edu 0.244181	0.096044	20	352	7101	6701
planetlab4.csail.mit.edu 0.244181	0.096044	20	352	7118	6701
