plab3.eece.ksu.edu 0.000000	0.124590	8	126	0	5787
plab3.eece.ksu.edu 0.000000	0.121334	8	341	0	11151
plab3.eece.ksu.edu 0.000000	0.112985	9	399	0	11975
plab3.eece.ksu.edu 0.000000	0.111193	9	425	0	12168
plab3.eece.ksu.edu 0.000000	0.111193	8	439	0	12260
plab3.eece.ksu.edu 0.000000	0.108745	9	452	0	12442
plab3.eece.ksu.edu 0.000000	0.108745	8	455	0	12453
plab3.eece.ksu.edu 0.000000	0.108745	8	457	0	12458
plab3.eece.ksu.edu 0.000000	0.108745	8	458	0	12467
plab3.eece.ksu.edu 0.000000	0.108745	8	459	0	12492
plab3.eece.ksu.edu 0.000000	0.108745	8	463	0	12534
plab3.eece.ksu.edu 0.000000	0.107714	9	463	0	12561
plab3.eece.ksu.edu 0.000000	0.107714	9	463	0	12563
plab3.eece.ksu.edu 0.000000	0.107714	8	463	0	12565
plab3.eece.ksu.edu 0.000000	0.107714	9	464	0	12571
plab3.eece.ksu.edu 0.000000	0.107714	9	464	0	12573
plab3.eece.ksu.edu 0.000000	0.107714	8	465	0	12576
plab3.eece.ksu.edu 0.000000	0.107714	8	465	0	12582
plab3.eece.ksu.edu 0.000000	0.106209	8	471	0	12739
plab3.eece.ksu.edu 0.000000	0.100557	8	490	0	13455
plab3.eece.ksu.edu 0.000000	0.098486	9	500	0	13738
plab3.eece.ksu.edu 0.000000	0.098486	9	504	0	13788
plab3.eece.ksu.edu 0.000000	0.098486	9	504	0	13797
plab3.eece.ksu.edu 0.000000	0.098486	8	504	0	13803
plab3.eece.ksu.edu 0.000000	0.098486	9	504	0	13806
plab3.eece.ksu.edu 0.000000	0.098486	9	504	0	13807
plab3.eece.ksu.edu 0.000000	0.098486	9	504	0	13810
plab3.eece.ksu.edu 0.000000	0.098486	9	505	0	13816
plab3.eece.ksu.edu 0.000000	0.098486	9	505	0	13822
plab3.eece.ksu.edu 0.000000	0.098486	9	505	0	13826
plab3.eece.ksu.edu 0.000000	0.098486	8	505	0	13828
plab3.eece.ksu.edu 0.000000	0.098486	9	505	0	13828
plab3.eece.ksu.edu 0.000000	0.098486	9	505	0	13839
plab3.eece.ksu.edu 0.000000	0.098486	8	505	0	13842
plab3.eece.ksu.edu 0.000000	0.098486	8	506	0	13853
plab3.eece.ksu.edu 0.000000	0.098486	8	507	0	13857
plab3.eece.ksu.edu 0.000000	0.098486	8	508	0	13861
plab3.eece.ksu.edu 0.000000	0.098486	8	508	0	13870
plab3.eece.ksu.edu 0.000000	0.097450	8	508	0	13884
plab3.eece.ksu.edu 0.000000	0.097450	8	508	0	13888
plab3.eece.ksu.edu 0.000000	0.097450	9	508	0	13907
plab3.eece.ksu.edu 0.000000	0.097450	9	508	0	13915
plab3.eece.ksu.edu 0.000000	0.097450	8	510	0	13925
plab3.eece.ksu.edu 0.000000	0.097450	8	511	0	13938
plab3.eece.ksu.edu 0.000000	0.097450	9	511	0	13938
plab3.eece.ksu.edu 0.000000	0.097450	9	512	0	13948
plab3.eece.ksu.edu 0.000000	0.097450	9	512	0	13952
plab3.eece.ksu.edu 0.000000	0.097450	9	513	0	13960
plab3.eece.ksu.edu 0.000000	0.097450	9	513	0	13965
plab3.eece.ksu.edu 0.000000	0.097450	9	513	0	13966
plab3.eece.ksu.edu 0.000000	0.097450	8	514	0	13974
plab3.eece.ksu.edu 0.000000	0.097450	8	514	0	13975
plab3.eece.ksu.edu 0.000000	0.097450	9	514	0	13975
plab3.eece.ksu.edu 0.000000	0.097450	8	515	0	13981
plab3.eece.ksu.edu 0.000000	0.097450	8	515	0	13983
plab3.eece.ksu.edu 0.000000	0.097450	9	516	0	13987
plab3.eece.ksu.edu 0.000000	0.097450	9	516	0	13989
plab3.eece.ksu.edu 0.000000	0.097450	8	516	0	13993
plab3.eece.ksu.edu 0.000000	0.097450	8	516	0	13996
plab3.eece.ksu.edu 0.000000	0.097450	8	518	0	14002
plab3.eece.ksu.edu 0.000000	0.097450	8	518	0	14006
plab3.eece.ksu.edu 0.000000	0.097450	8	518	0	14009
plab3.eece.ksu.edu 0.000000	0.097450	8	518	0	14013
plab3.eece.ksu.edu 0.000000	0.097450	8	518	0	14014
plab3.eece.ksu.edu 0.000000	0.097450	8	518	0	14021
plab3.eece.ksu.edu 0.000000	0.097450	8	519	0	14025
plab3.eece.ksu.edu 0.000000	0.097450	8	519	0	14026
plab3.eece.ksu.edu 0.000000	0.096443	8	519	0	14029
plab3.eece.ksu.edu 0.000000	0.096443	8	519	0	14032
plab3.eece.ksu.edu 0.000000	0.096443	8	519	0	14034
plab3.eece.ksu.edu 0.000000	0.096443	8	519	0	14035
plab3.eece.ksu.edu 0.000000	0.096443	8	519	0	14042
plab3.eece.ksu.edu 0.000000	0.096443	8	519	0	14043
plab3.eece.ksu.edu 0.000000	0.096443	8	519	0	14047
plab3.eece.ksu.edu 0.000000	0.096443	8	519	0	14049
plab3.eece.ksu.edu 0.000000	0.096443	8	519	0	14063
plab3.eece.ksu.edu 0.000000	0.096443	8	519	0	14066
plab3.eece.ksu.edu 0.000000	0.096443	9	519	0	14069
plab3.eece.ksu.edu 0.000000	0.096443	9	519	0	14078
plab3.eece.ksu.edu 0.000000	0.096443	9	520	0	14082
plab3.eece.ksu.edu 0.000000	0.096443	8	520	0	14083
plab3.eece.ksu.edu 0.000000	0.096443	8	520	0	14086
plab3.eece.ksu.edu 0.000000	0.096443	9	520	0	14090
plab3.eece.ksu.edu 0.000000	0.096443	9	520	0	14091
plab3.eece.ksu.edu 0.000000	0.096443	9	521	0	14095
plab3.eece.ksu.edu 0.000000	0.096443	9	521	0	14097
plab3.eece.ksu.edu 0.000000	0.096443	8	522	0	14101
plab3.eece.ksu.edu 0.000000	0.096443	9	522	0	14101
plab3.eece.ksu.edu 0.000000	0.096443	8	522	0	14105
plab3.eece.ksu.edu 0.000000	0.096443	9	522	0	14106
plab3.eece.ksu.edu 0.000000	0.096443	8	522	0	14109
plab3.eece.ksu.edu 0.000000	0.096443	8	522	0	14113
plab3.eece.ksu.edu 0.000000	0.096443	9	523	0	14119
plab3.eece.ksu.edu 0.000000	0.096443	9	523	0	14131
plab3.eece.ksu.edu 0.000000	0.096443	8	524	0	14133
plab3.eece.ksu.edu 0.000000	0.096443	9	524	0	14141
plab3.eece.ksu.edu 0.000000	0.096443	9	525	0	14143
plab3.eece.ksu.edu 0.000000	0.096443	9	525	0	14144
plab3.eece.ksu.edu 0.000000	0.096443	9	526	0	14147
plab3.eece.ksu.edu 0.000000	0.096443	9	526	0	14148
plab3.eece.ksu.edu 0.000000	0.096443	9	526	0	14150
plab3.eece.ksu.edu 0.000000	0.096443	8	526	0	14150
plab3.eece.ksu.edu 0.000000	0.096443	9	526	0	14156
plab3.eece.ksu.edu 0.000000	0.096443	8	526	0	14157
plab3.eece.ksu.edu 0.000000	0.096443	9	526	0	14160
plab3.eece.ksu.edu 0.000000	0.096443	8	526	0	14160
plab3.eece.ksu.edu 0.000000	0.096443	9	526	0	14162
plab3.eece.ksu.edu 0.000000	0.096443	9	527	0	14163
plab3.eece.ksu.edu 0.000000	0.096443	9	527	0	14166
plab3.eece.ksu.edu 0.000000	0.095443	9	527	0	14176
plab3.eece.ksu.edu 0.000000	0.095443	9	528	0	14180
plab3.eece.ksu.edu 0.000000	0.095443	9	528	0	14181
plab3.eece.ksu.edu 0.000000	0.095443	9	528	0	14182
plab3.eece.ksu.edu 0.000000	0.095443	9	529	0	14188
plab3.eece.ksu.edu 0.000000	0.095443	9	529	0	14189
plab3.eece.ksu.edu 0.000000	0.095443	9	530	0	14194
plab3.eece.ksu.edu 0.000000	0.095443	9	530	0	14196
plab3.eece.ksu.edu 0.000000	0.095443	9	530	0	14200
plab3.eece.ksu.edu 0.000000	0.095443	9	530	0	14201
plab3.eece.ksu.edu 0.000000	0.095443	9	531	0	14208
plab3.eece.ksu.edu 0.000000	0.095443	8	534	0	14215
plab3.eece.ksu.edu 0.000000	0.095443	8	534	0	14216
plab3.eece.ksu.edu 0.000000	0.095443	8	534	0	14218
plab3.eece.ksu.edu 0.000000	0.095443	8	536	0	14232
plab3.eece.ksu.edu 0.000000	0.095443	8	536	0	14248
plab3.eece.ksu.edu 0.000000	0.095443	8	536	0	14252
plab3.eece.ksu.edu 0.000000	0.095443	8	536	0	14255
plab3.eece.ksu.edu 0.000000	0.095443	8	537	0	14259
plab3.eece.ksu.edu 0.000000	0.095443	8	538	0	14268
plab3.eece.ksu.edu 0.000000	0.095443	8	539	0	14269
plab3.eece.ksu.edu 0.000000	0.095443	8	539	0	14276
plab3.eece.ksu.edu 0.000000	0.095443	9	539	0	14277
plab3.eece.ksu.edu 0.000000	0.095443	8	539	0	14284
plab3.eece.ksu.edu 0.000000	0.095443	8	539	0	14285
plab3.eece.ksu.edu 0.000000	0.095443	8	539	0	14288
plab3.eece.ksu.edu 0.000000	0.095443	8	539	0	14298
plab3.eece.ksu.edu 0.000000	0.095443	8	539	0	14304
plab3.eece.ksu.edu 0.000000	0.095443	9	539	0	14307
plab3.eece.ksu.edu 0.000000	0.095443	9	539	0	14308
plab3.eece.ksu.edu 0.000000	0.095443	9	539	0	14309
plab3.eece.ksu.edu 0.000000	0.095443	8	539	0	14318
plab3.eece.ksu.edu 0.000000	0.095443	8	539	0	14323
plab3.eece.ksu.edu 0.000000	0.095443	8	539	0	14326
plab3.eece.ksu.edu 0.000000	0.094437	8	539	0	14327
plab3.eece.ksu.edu 0.000000	0.094437	8	540	0	14336
plab3.eece.ksu.edu 0.000000	0.094437	8	541	0	14337
plab3.eece.ksu.edu 0.000000	0.094437	8	541	0	14339
plab3.eece.ksu.edu 0.000000	0.094437	8	541	0	14341
plab3.eece.ksu.edu 0.000000	0.094437	8	541	0	14342
plab3.eece.ksu.edu 0.000000	0.094437	8	541	0	14344
plab3.eece.ksu.edu 0.000000	0.094437	8	542	0	14346
plab3.eece.ksu.edu 0.000000	0.094437	8	542	0	14347
plab3.eece.ksu.edu 0.000000	0.094437	8	542	0	14349
plab3.eece.ksu.edu 0.000000	0.094437	8	542	0	14351
plab3.eece.ksu.edu 0.000000	0.094437	8	543	0	14352
plab3.eece.ksu.edu 0.000000	0.094437	8	543	0	14359
plab3.eece.ksu.edu 0.000000	0.094437	8	543	0	14360
plab3.eece.ksu.edu 0.000000	0.094437	8	543	0	14362
plab3.eece.ksu.edu 0.000000	0.094437	8	544	0	14369
plab3.eece.ksu.edu 0.000000	0.094437	8	544	0	14370
plab3.eece.ksu.edu 0.000000	0.094437	8	544	0	14371
plab3.eece.ksu.edu 0.000000	0.094437	8	544	0	14372
plab3.eece.ksu.edu 0.000000	0.094437	8	544	0	14373
plab3.eece.ksu.edu 0.000000	0.094437	8	546	0	14377
plab3.eece.ksu.edu 0.000000	0.094437	8	546	0	14378
plab3.eece.ksu.edu 0.000000	0.094437	8	546	0	14379
plab3.eece.ksu.edu 0.000000	0.094437	8	547	0	14381
plab3.eece.ksu.edu 0.000000	0.094437	8	547	0	14382
plab3.eece.ksu.edu 0.000000	0.094437	8	547	0	14384
plab3.eece.ksu.edu 0.000000	0.094437	8	547	0	14391
plab3.eece.ksu.edu 0.000000	0.094437	8	547	0	14397
plab3.eece.ksu.edu 0.000000	0.094437	8	547	0	14398
plab3.eece.ksu.edu 0.000000	0.094437	8	548	0	14400
plab3.eece.ksu.edu 0.000000	0.094437	8	548	0	14403
plab3.eece.ksu.edu 0.000000	0.094437	8	548	0	14405
plab3.eece.ksu.edu 0.000000	0.094437	8	549	0	14411
plab3.eece.ksu.edu 0.000000	0.094437	8	550	0	14424
plab3.eece.ksu.edu 0.000000	0.094437	8	550	0	14425
plab3.eece.ksu.edu 0.000000	0.094437	8	550	0	14426
plab3.eece.ksu.edu 0.000000	0.094437	8	550	0	14428
plab3.eece.ksu.edu 0.000000	0.094437	8	550	0	14429
plab3.eece.ksu.edu 0.000000	0.094437	8	550	0	14432
plab3.eece.ksu.edu 0.000000	0.094437	8	551	0	14437
plab3.eece.ksu.edu 0.000000	0.094437	8	552	0	14438
plab3.eece.ksu.edu 0.000000	0.094437	8	552	0	14439
plab3.eece.ksu.edu 0.000000	0.094437	8	553	0	14444
plab3.eece.ksu.edu 0.000000	0.094437	8	554	0	14449
plab3.eece.ksu.edu 0.000000	0.094437	8	554	0	14453
plab3.eece.ksu.edu 0.000000	0.094437	8	554	0	14454
plab3.eece.ksu.edu 0.000000	0.094437	8	554	0	14456
plab3.eece.ksu.edu 0.000000	0.094437	8	554	0	14457
plab3.eece.ksu.edu 0.000000	0.094437	8	554	0	14462
plab3.eece.ksu.edu 0.000000	0.094437	8	554	0	14464
plab3.eece.ksu.edu 0.000000	0.094437	8	554	0	14468
plab3.eece.ksu.edu 0.000000	0.094437	8	555	0	14469
plab3.eece.ksu.edu 0.000000	0.094437	9	555	0	14469
plab3.eece.ksu.edu 0.000000	0.094437	9	555	0	14471
plab3.eece.ksu.edu 0.000000	0.094437	9	555	0	14473
plab3.eece.ksu.edu 0.000000	0.094437	9	555	0	14474
plab3.eece.ksu.edu 0.000000	0.094437	9	555	0	14475
plab3.eece.ksu.edu 0.000000	0.094437	9	555	0	14476
plab3.eece.ksu.edu 0.000000	0.094437	8	555	0	14476
plab3.eece.ksu.edu 0.000000	0.094437	9	555	0	14477
plab3.eece.ksu.edu 0.000000	0.094437	9	555	0	14478
plab3.eece.ksu.edu 0.000000	0.094437	9	555	0	14479
plab3.eece.ksu.edu 0.000000	0.093368	9	555	0	14491
plab3.eece.ksu.edu 0.000000	0.093368	9	555	0	14496
plab3.eece.ksu.edu 0.000000	0.093368	9	555	0	14498
plab3.eece.ksu.edu 0.000000	0.093368	9	555	0	14500
plab3.eece.ksu.edu 0.000000	0.093368	9	555	0	14501
plab3.eece.ksu.edu 0.000000	0.093368	9	555	0	14504
plab3.eece.ksu.edu 0.000000	0.093368	9	555	0	14506
plab3.eece.ksu.edu 0.000000	0.093368	9	555	0	14509
plab3.eece.ksu.edu 0.000000	0.093368	9	555	0	14520
plab3.eece.ksu.edu 0.000000	0.093368	9	555	0	14522
plab3.eece.ksu.edu 0.000000	0.093368	9	556	0	14525
plab3.eece.ksu.edu 0.000000	0.093368	9	556	0	14529
plab3.eece.ksu.edu 0.000000	0.093368	8	556	0	14533
plab3.eece.ksu.edu 0.000000	0.093368	9	556	0	14533
plab3.eece.ksu.edu 0.000000	0.093368	9	556	0	14534
plab3.eece.ksu.edu 0.000000	0.093368	9	556	0	14536
plab3.eece.ksu.edu 0.000000	0.093368	9	556	0	14538
plab3.eece.ksu.edu 0.000000	0.093368	9	557	0	14546
plab3.eece.ksu.edu 0.000000	0.093368	9	558	0	14552
plab3.eece.ksu.edu 0.000000	0.093368	9	558	0	14559
plab3.eece.ksu.edu 0.000000	0.093368	9	558	0	14567
plab3.eece.ksu.edu 0.000000	0.093368	9	558	0	14571
plab3.eece.ksu.edu 0.000000	0.093368	9	559	0	14577
plab3.eece.ksu.edu 0.000000	0.093368	9	559	0	14578
plab3.eece.ksu.edu 0.000000	0.093368	9	559	0	14583
plab3.eece.ksu.edu 0.000000	0.093368	9	559	0	14588
plab3.eece.ksu.edu 0.000000	0.093368	9	559	0	14590
plab3.eece.ksu.edu 0.000000	0.093368	9	559	0	14591
plab3.eece.ksu.edu 0.000000	0.093368	9	560	0	14592
plab3.eece.ksu.edu 0.000000	0.093368	9	560	0	14593
plab3.eece.ksu.edu 0.000000	0.093368	8	560	0	14596
plab3.eece.ksu.edu 0.000000	0.093368	9	560	0	14596
plab3.eece.ksu.edu 0.000000	0.093368	9	561	0	14598
plab3.eece.ksu.edu 0.000000	0.093368	9	562	0	14599
plab3.eece.ksu.edu 0.000000	0.093368	9	563	0	14603
plab3.eece.ksu.edu 0.000000	0.093368	9	563	0	14610
plab3.eece.ksu.edu 0.000000	0.093368	9	563	0	14612
plab3.eece.ksu.edu 0.000000	0.093368	9	563	0	14613
plab3.eece.ksu.edu 0.000000	0.093368	9	564	0	14614
plab3.eece.ksu.edu 0.000000	0.093368	9	564	0	14615
plab3.eece.ksu.edu 0.000000	0.093368	9	564	0	14619
plab3.eece.ksu.edu 0.000000	0.093368	9	564	0	14620
plab3.eece.ksu.edu 0.000000	0.093368	9	564	0	14621
plab3.eece.ksu.edu 0.000000	0.093368	9	564	0	14623
plab3.eece.ksu.edu 0.000000	0.093368	9	564	0	14627
plab3.eece.ksu.edu 0.000000	0.093368	9	564	0	14628
plab3.eece.ksu.edu 0.000000	0.093368	9	564	0	14632
plab3.eece.ksu.edu 0.000000	0.093368	9	564	0	14639
plab3.eece.ksu.edu 0.000000	0.093368	9	564	0	14644
plab3.eece.ksu.edu 0.000000	0.093368	9	564	0	14645
plab3.eece.ksu.edu 0.000000	0.093368	9	564	0	14646
plab3.eece.ksu.edu 0.000000	0.093368	9	564	0	14647
plab3.eece.ksu.edu 0.000000	0.092368	9	564	0	14648
plab3.eece.ksu.edu 0.000000	0.092368	8	567	0	14652
plab3.eece.ksu.edu 0.000000	0.092368	8	568	0	14659
plab3.eece.ksu.edu 0.000000	0.092368	8	568	0	14665
plab3.eece.ksu.edu 0.000000	0.092368	8	568	0	14667
plab3.eece.ksu.edu 0.000000	0.092368	9	568	0	14668
plab3.eece.ksu.edu 0.000000	0.092368	9	569	0	14670
plab3.eece.ksu.edu 0.000000	0.092368	9	569	0	14672
plab3.eece.ksu.edu 0.000000	0.092368	9	569	0	14673
plab3.eece.ksu.edu 0.000000	0.092368	9	569	0	14675
plab3.eece.ksu.edu 0.000000	0.092368	9	569	0	14676
plab3.eece.ksu.edu 0.000000	0.092368	9	569	0	14678
plab3.eece.ksu.edu 0.000000	0.092368	8	569	0	14678
plab3.eece.ksu.edu 0.000000	0.092368	8	569	0	14679
plab3.eece.ksu.edu 0.000000	0.092368	9	570	0	14685
plab3.eece.ksu.edu 0.000000	0.092368	9	572	0	14692
plab3.eece.ksu.edu 0.000000	0.092368	9	572	0	14697
plab3.eece.ksu.edu 0.000000	0.092368	9	572	0	14708
plab3.eece.ksu.edu 0.000000	0.092368	9	572	0	14710
plab3.eece.ksu.edu 0.000000	0.092368	9	572	0	14717
plab3.eece.ksu.edu 0.000000	0.092368	9	572	0	14724
plab3.eece.ksu.edu 0.000000	0.092368	9	573	0	14725
plab3.eece.ksu.edu 0.000000	0.092368	9	574	0	14730
plab3.eece.ksu.edu 0.000000	0.092368	9	574	0	14731
plab3.eece.ksu.edu 0.000000	0.092368	9	575	0	14735
plab3.eece.ksu.edu 0.000000	0.092368	9	576	0	14736
plab3.eece.ksu.edu 0.000000	0.092368	9	577	0	14752
plab3.eece.ksu.edu 0.000000	0.092368	9	578	0	14762
plab3.eece.ksu.edu 0.000000	0.092368	9	579	0	14769
plab3.eece.ksu.edu 0.000000	0.092368	9	579	0	14770
plab3.eece.ksu.edu 0.000000	0.092368	9	579	0	14776
plab3.eece.ksu.edu 0.000000	0.092368	9	581	0	14783
plab3.eece.ksu.edu 0.000000	0.092368	9	582	0	14787
plab3.eece.ksu.edu 0.000000	0.092368	9	582	0	14792
plab3.eece.ksu.edu 0.000000	0.092368	9	582	0	14793
plab3.eece.ksu.edu 0.000000	0.092368	9	582	0	14796
plab3.eece.ksu.edu 0.000000	0.092368	9	582	0	14798
plab3.eece.ksu.edu 0.000000	0.092368	9	582	0	14799
plab3.eece.ksu.edu 0.000000	0.092368	9	582	0	14800
plab3.eece.ksu.edu 0.000000	0.092368	9	582	0	14802
plab3.eece.ksu.edu 0.000000	0.092368	9	583	0	14806
plab3.eece.ksu.edu 0.000000	0.092368	9	583	0	14807
plab3.eece.ksu.edu 0.000000	0.091345	9	583	0	14812
plab3.eece.ksu.edu 0.000000	0.091345	9	583	0	14815
plab3.eece.ksu.edu 0.000000	0.091345	9	584	0	14821
plab3.eece.ksu.edu 0.000000	0.091345	9	584	0	14824
plab3.eece.ksu.edu 0.000000	0.091345	9	584	0	14830
plab3.eece.ksu.edu 0.000000	0.091345	9	584	0	14834
plab3.eece.ksu.edu 0.000000	0.091345	9	584	0	14835
plab3.eece.ksu.edu 0.000000	0.091345	9	584	0	14836
plab3.eece.ksu.edu 0.000000	0.091345	9	584	0	14838
plab3.eece.ksu.edu 0.000000	0.091345	9	584	0	14839
plab3.eece.ksu.edu 0.000000	0.091345	9	585	0	14841
plab3.eece.ksu.edu 0.000000	0.091345	9	585	0	14842
plab3.eece.ksu.edu 0.000000	0.091345	9	585	0	14844
plab3.eece.ksu.edu 0.000000	0.091345	9	588	0	14856
plab3.eece.ksu.edu 0.000000	0.091345	9	588	0	14860
plab3.eece.ksu.edu 0.000000	0.091345	9	589	0	14864
plab3.eece.ksu.edu 0.000000	0.091345	9	589	0	14867
plab3.eece.ksu.edu 0.000000	0.091345	9	589	0	14868
plab3.eece.ksu.edu 0.000000	0.091345	9	589	0	14870
plab3.eece.ksu.edu 0.000000	0.091345	9	589	0	14871
plab3.eece.ksu.edu 0.000000	0.091345	9	589	0	14876
plab3.eece.ksu.edu 0.000000	0.091345	9	589	0	14882
plab3.eece.ksu.edu 0.000000	0.091345	9	589	0	14888
plab3.eece.ksu.edu 0.000000	0.091345	9	589	0	14898
plab3.eece.ksu.edu 0.000000	0.091345	9	589	0	14901
plab3.eece.ksu.edu 0.000000	0.089573	9	600	0	15105
plab3.eece.ksu.edu 0.000000	0.087488	9	631	0	15465
plab3.eece.ksu.edu 0.000000	0.085568	9	682	0	15812
plab3.eece.ksu.edu 0.000000	0.085568	8	687	0	15845
plab3.eece.ksu.edu 0.000000	0.085568	9	687	0	15845
plab3.eece.ksu.edu 0.630028	0.085568	8	687	1765	15845
plab3.eece.ksu.edu 0.189012	0.085568	9	687	5952	15845
plab3.eece.ksu.edu 0.145875	0.085568	9	687	7952	15845
plab3.eece.ksu.edu 0.127026	0.085568	9	687	9132	15845
plab3.eece.ksu.edu 0.123365	0.085568	8	687	9403	15845
plab3.eece.ksu.edu 0.120796	0.085568	8	687	9603	15845
plab3.eece.ksu.edu 0.118174	0.085568	8	687	9816	15845
plab3.eece.ksu.edu 0.115331	0.085568	8	687	10058	15845
plab3.eece.ksu.edu 0.113182	0.085568	9	687	10249	15845
plab3.eece.ksu.edu 0.110371	0.085568	9	687	10510	15845
plab3.eece.ksu.edu 0.107031	0.085568	9	687	10838	15845
plab3.eece.ksu.edu 0.105474	0.085568	9	687	10998	15845
plab3.eece.ksu.edu 0.105474	0.085568	9	687	11085	15845
plab3.eece.ksu.edu 0.105474	0.085568	9	687	11097	15845
plab3.eece.ksu.edu 0.099290	0.085568	9	687	11834	15845
plab3.eece.ksu.edu 0.089918	0.085568	8	687	13112	15845
plab3.eece.ksu.edu 0.089918	0.085568	9	687	13200	15845
