planetlab2.umassd.edu 0.000000	0.227596	14	44	0	2957
planetlab2.umassd.edu 0.000000	0.136011	20	173	0	5279
planetlab2.umassd.edu 0.000000	0.127690	20	224	0	5623
planetlab2.umassd.edu 0.000000	0.125087	20	237	0	5740
planetlab2.umassd.edu 0.000000	0.120490	20	267	0	5959
planetlab2.umassd.edu 0.000000	0.112822	20	318	0	6364
planetlab2.umassd.edu 0.000000	0.112822	20	324	0	6384
planetlab2.umassd.edu 0.000000	0.112822	20	328	0	6394
planetlab2.umassd.edu 0.000000	0.112822	19	331	0	6404
planetlab2.umassd.edu 0.000000	0.112822	19	333	0	6414
planetlab2.umassd.edu 0.000000	0.111543	19	333	0	6437
planetlab2.umassd.edu 0.000000	0.111543	20	334	0	6438
planetlab2.umassd.edu 0.000000	0.111543	19	335	0	6444
planetlab2.umassd.edu 0.000000	0.111543	19	335	0	6445
planetlab2.umassd.edu 0.000000	0.111543	20	335	0	6445
planetlab2.umassd.edu 1.099445	0.111543	19	335	1981	6445
planetlab2.umassd.edu 0.436665	0.111543	20	335	5242	6445
planetlab2.umassd.edu 0.355925	0.111543	19	335	6625	6445
planetlab2.umassd.edu 0.349540	0.111543	20	335	6746	6445
planetlab2.umassd.edu 0.349540	0.111543	20	335	6748	6445
planetlab2.umassd.edu 0.348198	0.111543	19	335	6772	6445
planetlab2.umassd.edu 0.346103	0.111543	20	335	6813	6445
planetlab2.umassd.edu 0.346103	0.111543	19	335	6828	6445
planetlab2.umassd.edu 0.346103	0.111543	20	335	6832	6445
planetlab2.umassd.edu 0.345040	0.111543	20	335	6834	6445
planetlab2.umassd.edu 0.345040	0.111543	20	335	6835	6445
planetlab2.umassd.edu 0.345040	0.111543	20	335	6839	6445
planetlab2.umassd.edu 0.345040	0.111543	20	335	6840	6445
planetlab2.umassd.edu 0.345040	0.111543	20	335	6841	6445
planetlab2.umassd.edu 0.345040	0.111543	20	335	6846	6445
planetlab2.umassd.edu 0.345040	0.111543	20	335	6847	6445
planetlab2.umassd.edu 0.345040	0.111543	20	335	6848	6445
