dplanet2.uoc.edu 0.000000	0.342574	9	176	0	2020
dplanet2.uoc.edu 0.000000	0.175230	20	524	0	6403
dplanet2.uoc.edu 0.000000	0.131756	19	607	0	9214
dplanet2.uoc.edu 0.000000	0.124254	19	661	0	11227
dplanet2.uoc.edu 0.000000	0.130579	19	671	0	11472
dplanet2.uoc.edu 0.000000	0.130579	19	674	0	11511
dplanet2.uoc.edu 0.000000	0.130579	19	677	0	11557
dplanet2.uoc.edu 0.000000	0.129049	20	682	0	11608
dplanet2.uoc.edu 0.000000	0.129049	19	687	0	11629
dplanet2.uoc.edu 0.000000	0.129049	20	689	0	11641
dplanet2.uoc.edu 0.000000	0.129049	20	693	0	11659
dplanet2.uoc.edu 0.000000	0.127457	20	694	0	11753
dplanet2.uoc.edu 0.000000	0.127457	20	695	0	11785
dplanet2.uoc.edu 0.000000	0.124698	20	695	0	12013
dplanet2.uoc.edu 0.000000	0.124698	20	695	0	12023
dplanet2.uoc.edu 0.000000	0.122978	19	695	0	12181
dplanet2.uoc.edu 0.000000	0.118729	19	695	0	12617
dplanet2.uoc.edu 0.000000	0.112336	19	695	0	13335
dplanet2.uoc.edu 0.000000	0.108089	20	695	0	13859
dplanet2.uoc.edu 0.000000	0.108089	19	695	0	13859
dplanet2.uoc.edu 0.000000	0.108089	20	695	0	13859
dplanet2.uoc.edu 0.825946	0.108089	20	695	1850	13859
dplanet2.uoc.edu 0.286647	0.108089	20	695	5512	13859
dplanet2.uoc.edu 0.200329	0.108089	20	695	7902	13859
dplanet2.uoc.edu 0.155623	0.108089	19	695	10172	13859
dplanet2.uoc.edu 0.132480	0.108089	19	695	11949	13859
dplanet2.uoc.edu 0.126934	0.108089	20	695	12471	13859
dplanet2.uoc.edu 0.126934	0.108089	20	695	12476	13859
dplanet2.uoc.edu 0.126934	0.108089	20	695	12483	13859
dplanet2.uoc.edu 0.126934	0.108089	20	695	12487	13859
dplanet2.uoc.edu 0.126934	0.108089	20	695	12491	13859
dplanet2.uoc.edu 0.126934	0.108089	20	695	12503	13859
dplanet2.uoc.edu 0.126934	0.108089	20	695	12504	13859
dplanet2.uoc.edu 0.126934	0.108089	19	695	12504	13859
dplanet2.uoc.edu 0.126934	0.108089	20	695	12522	13859
dplanet2.uoc.edu 0.125416	0.108089	19	695	12622	13859
dplanet2.uoc.edu 0.125416	0.108089	20	695	12708	13859
dplanet2.uoc.edu 0.124196	0.108089	20	695	12746	13859
dplanet2.uoc.edu 0.124196	0.108089	19	695	12778	13859
dplanet2.uoc.edu 0.124196	0.108089	19	695	12821	13859
dplanet2.uoc.edu 0.122789	0.108089	19	695	12892	13859
dplanet2.uoc.edu 0.122789	0.108089	20	695	12959	13859
dplanet2.uoc.edu 0.121713	0.108089	20	695	13006	13859
dplanet2.uoc.edu 0.121713	0.108089	20	695	13077	13859
dplanet2.uoc.edu 0.120454	0.108089	19	695	13142	13859
dplanet2.uoc.edu 0.120454	0.108089	20	695	13192	13859
dplanet2.uoc.edu 0.120454	0.108089	20	695	13246	13859
dplanet2.uoc.edu 0.119193	0.108089	19	695	13281	13859
dplanet2.uoc.edu 0.119193	0.108089	20	695	13336	13859
dplanet2.uoc.edu 0.117906	0.108089	19	695	13426	13859
dplanet2.uoc.edu 0.116680	0.108089	20	695	13567	13859
dplanet2.uoc.edu 0.116680	0.108089	20	695	13630	13859
dplanet2.uoc.edu 0.116680	0.108089	20	695	13633	13859
dplanet2.uoc.edu 0.115295	0.108089	19	695	13730	13859
dplanet2.uoc.edu 0.114230	0.108089	19	695	13858	13859
dplanet2.uoc.edu 0.114230	0.108089	19	695	13881	13859
dplanet2.uoc.edu 0.114230	0.108089	19	695	13885	13859
dplanet2.uoc.edu 0.114230	0.108089	19	695	13900	13859
dplanet2.uoc.edu 0.114230	0.108089	19	695	13911	13859
dplanet2.uoc.edu 0.114230	0.108089	19	695	13918	13859
dplanet2.uoc.edu 0.114230	0.108089	20	695	13954	13859
dplanet2.uoc.edu 0.114230	0.108089	19	695	13967	13859
dplanet2.uoc.edu 0.114230	0.108089	19	695	13970	13859
dplanet2.uoc.edu 0.114230	0.108089	19	695	13972	13859
dplanet2.uoc.edu 0.113168	0.108089	20	695	13988	13859
dplanet2.uoc.edu 0.113168	0.108089	20	695	13989	13859
dplanet2.uoc.edu 0.113168	0.108089	19	695	14025	13859
dplanet2.uoc.edu 0.113168	0.108089	19	695	14099	13859
dplanet2.uoc.edu 0.112007	0.108089	19	695	14133	13859
dplanet2.uoc.edu 0.112007	0.108089	19	695	14154	13859
dplanet2.uoc.edu 0.112007	0.108089	20	695	14189	13859
dplanet2.uoc.edu 0.110599	0.108089	20	695	14313	13859
