localhost_cn104.cs.uwaterloo.ca_944 1	0	0.000000	S	401291535	503316480
localhost_cn104.cs.uwaterloo.ca_919 1	0	0.000000	S	1017792282	834666496
localhost_cn104.cs.uwaterloo.ca_945 1	0	0.000000	S	446512501	503316480
localhost_cn104.cs.uwaterloo.ca_922 1	0	0.000000	S	644451576	775946240
localhost_cn104.cs.uwaterloo.ca_1093 1	0	0.000000	S	139721566	171966464
localhost_cn104.cs.uwaterloo.ca_927 1	0	0.000000	S	782154923	775946240
localhost_cn104.cs.uwaterloo.ca_928 1	0	0.000000	S	698735726	780140544
localhost_cn104.cs.uwaterloo.ca_929 1	0	0.000000	S	1052965036	826277888
localhost_cn104.cs.uwaterloo.ca_930 1	0	0.000000	S	849972615	826277888
localhost_cn104.cs.uwaterloo.ca_931 1	0	0.000000	S	1046000459	822083584
localhost_cn104.cs.uwaterloo.ca_947 1	0	0.000000	S	435643248	515899392
localhost_cn104.cs.uwaterloo.ca_949 1	0	0.000000	S	525643703	515899392
localhost_cn104.cs.uwaterloo.ca_933 1	0	0.000000	S	540730559	788529152
localhost_cn104.cs.uwaterloo.ca_951 1	0	0.000000	S	443433740	520093696
localhost_cn104.cs.uwaterloo.ca_953 1	0	0.000000	S	350169972	520093696
localhost_cn104.cs.uwaterloo.ca_935 1	0	0.000000	S	624828762	792723456
localhost_cn104.cs.uwaterloo.ca_955 1	0	0.000000	S	280313466	524288000
localhost_cn104.cs.uwaterloo.ca_937 1	0	0.000000	S	689432187	792723456
localhost_cn104.cs.uwaterloo.ca_939 1	0	0.000000	S	934588709	809500672
localhost_cn104.cs.uwaterloo.ca_941 1	0	0.000000	S	1066115143	809500672
localhost_cn104.cs.uwaterloo.ca_943 1	0	0.000000	S	984394328	809500672
localhost_cn104.cs.uwaterloo.ca_1095 1	0	0.000000	S	159156007	197132288
localhost_cn104.cs.uwaterloo.ca_958 1	0	0.000000	S	322141295	532676608
localhost_cn104.cs.uwaterloo.ca_945 1	0	0.000000	S	573730784	801112064
localhost_cn104.cs.uwaterloo.ca_1097 1	0	0.000000	S	112322702	130023424
localhost_cn104.cs.uwaterloo.ca_947 1	0	0.000000	S	1043444144	805306368
localhost_cn104.cs.uwaterloo.ca_1018 1	0	0.000000	S	457907751	402653184
localhost_cn104.cs.uwaterloo.ca_949 1	0	0.000000	S	609105255	796917760
localhost_cn104.cs.uwaterloo.ca_1219 1	0	0.000000	S	84135522	4194304
localhost_cn104.cs.uwaterloo.ca_951 1	0	0.000000	S	637407376	796917760
localhost_cn104.cs.uwaterloo.ca_953 1	0	0.000000	S	643762962	792723456
localhost_cn104.cs.uwaterloo.ca_955 1	0	0.000000	S	855610590	817889280
localhost_cn104.cs.uwaterloo.ca_1033 1	0	0.000000	S	395495291	343932928
localhost_cn104.cs.uwaterloo.ca_1036 1	0	0.000000	S	351375803	343932928
localhost_cn104.cs.uwaterloo.ca_1221 1	0	0.000000	S	229777123	12582912
localhost_cn104.cs.uwaterloo.ca_957 1	0	0.000000	S	1044991302	817889280
localhost_cn104.cs.uwaterloo.ca_959 1	0	0.000000	S	815798652	822083584
localhost_cn104.cs.uwaterloo.ca_1223 1	0	0.000000	S	113279408	16777216
localhost_cn104.cs.uwaterloo.ca_961 1	0	0.000000	S	925234076	822083584
localhost_cn104.cs.uwaterloo.ca_963 1	0	0.000000	S	1044991302	826277888
localhost_cn104.cs.uwaterloo.ca_965 1	0	0.000000	S	925234076	826277888
localhost_cn104.cs.uwaterloo.ca_967 1	0	0.000000	S	556273520	780140544
localhost_cn104.cs.uwaterloo.ca_969 1	0	0.000000	S	556273520	775946240
localhost_cn104.cs.uwaterloo.ca_971 1	0	0.000000	S	711992394	775946240
localhost_cn104.cs.uwaterloo.ca_973 1	0	0.000000	S	1067379276	834666496
localhost_cn104.cs.uwaterloo.ca_975 1	0	0.000000	S	618345816	771751936
localhost_cn104.cs.uwaterloo.ca_1064 1	0	0.000000	S	365501036	360710144
localhost_cn104.cs.uwaterloo.ca_977 1	0	0.000000	S	618345816	771751936
localhost_cn104.cs.uwaterloo.ca_979 1	0	0.000000	S	727519862	767557632
localhost_cn104.cs.uwaterloo.ca_1075 1	0	0.000000	S	409202953	436207616
localhost_cn104.cs.uwaterloo.ca_981 1	0	0.000000	S	727519862	763363328
localhost_cn104.cs.uwaterloo.ca_983 1	0	0.000000	S	698735726	763363328
localhost_cn104.cs.uwaterloo.ca_985 1	0	0.000000	S	1052965036	843055104
localhost_cn104.cs.uwaterloo.ca_987 1	0	0.000000	S	639298893	759169024
localhost_cn104.cs.uwaterloo.ca_1082 1	0	0.000000	S	409202953	436207616
localhost_cn104.cs.uwaterloo.ca_989 1	0	0.000000	S	748511855	759169024
localhost_cn104.cs.uwaterloo.ca_991 1	0	0.000000	S	748511855	754974720
localhost_cn104.cs.uwaterloo.ca_1225 1	0	0.000000	S	91343444	41943040
localhost_cn104.cs.uwaterloo.ca_963 1	0	0.000000	S	500693641	448790528
localhost_cn104.cs.uwaterloo.ca_965 1	0	0.000000	S	434069699	448790528
localhost_cn104.cs.uwaterloo.ca_993 1	0	0.000000	S	789084131	750780416
localhost_cn104.cs.uwaterloo.ca_968 1	0	0.000000	S	500693641	452984832
localhost_cn104.cs.uwaterloo.ca_970 1	0	0.000000	S	434069699	452984832
localhost_cn104.cs.uwaterloo.ca_995 1	0	0.000000	S	789084131	746586112
localhost_cn104.cs.uwaterloo.ca_1227 1	0	0.000000	S	98006616	54525952
localhost_cn104.cs.uwaterloo.ca_997 1	0	0.000000	S	733669971	746586112
localhost_cn104.cs.uwaterloo.ca_999 1	0	0.000000	S	649166849	742391808
localhost_cn104.cs.uwaterloo.ca_1341 1	0	0.000000	S	922673777	864026624
localhost_cn104.cs.uwaterloo.ca_1115 1	0	0.000000	S	276472972	293601280
localhost_cn104.cs.uwaterloo.ca_1001 1	0	0.000000	S	573280457	738197504
localhost_cn104.cs.uwaterloo.ca_1343 1	0	0.000000	S	936753030	868220928
localhost_cn104.cs.uwaterloo.ca_1345 1	0	0.000000	S	936753030	868220928
localhost_cn104.cs.uwaterloo.ca_1003 1	0	0.000000	S	573280457	734003200
localhost_cn104.cs.uwaterloo.ca_1347 1	0	0.000000	S	950971845	872415232
localhost_cn104.cs.uwaterloo.ca_1349 1	0	0.000000	S	995092175	876609536
localhost_cn104.cs.uwaterloo.ca_1005 1	0	0.000000	S	690206365	729808896
localhost_cn104.cs.uwaterloo.ca_1130 1	0	0.000000	S	276472972	268435456
localhost_cn104.cs.uwaterloo.ca_973 1	0	0.000000	S	437625931	473956352
localhost_cn104.cs.uwaterloo.ca_1007 1	0	0.000000	S	706492487	725614592
localhost_cn104.cs.uwaterloo.ca_975 1	0	0.000000	S	437625931	478150656
localhost_cn104.cs.uwaterloo.ca_1009 1	0	0.000000	S	706492487	725614592
localhost_cn104.cs.uwaterloo.ca_1229 1	0	0.000000	S	146655209	79691776
localhost_cn104.cs.uwaterloo.ca_1011 1	0	0.000000	S	706492487	721420288
localhost_cn104.cs.uwaterloo.ca_1351 1	0	0.000000	S	1048140293	884998144
localhost_cn104.cs.uwaterloo.ca_977 1	0	0.000000	S	437625931	486539264
localhost_cn104.cs.uwaterloo.ca_1013 1	0	0.000000	S	706492487	717225984
localhost_cn104.cs.uwaterloo.ca_979 1	0	0.000000	S	437625931	486539264
localhost_cn104.cs.uwaterloo.ca_1231 1	0	0.000000	S	190762816	88080384
localhost_cn104.cs.uwaterloo.ca_981 1	0	0.000000	S	442640588	490733568
localhost_cn104.cs.uwaterloo.ca_1015 1	0	0.000000	S	690206365	713031680
localhost_cn104.cs.uwaterloo.ca_1017 1	0	0.000000	S	667005373	708837376
localhost_cn104.cs.uwaterloo.ca_1233 1	0	0.000000	S	112322702	92274688
localhost_cn104.cs.uwaterloo.ca_1353 1	0	0.000000	S	891889851	897581056
localhost_cn104.cs.uwaterloo.ca_1019 1	0	0.000000	S	599254959	704643072
localhost_cn104.cs.uwaterloo.ca_1021 1	0	0.000000	S	541060504	704643072
localhost_cn104.cs.uwaterloo.ca_1355 1	0	0.000000	S	1001107660	901775360
localhost_cn104.cs.uwaterloo.ca_1023 1	0	0.000000	S	540730559	700448768
localhost_cn104.cs.uwaterloo.ca_1235 1	0	0.000000	S	185105942	100663296
localhost_cn104.cs.uwaterloo.ca_1237 1	0	0.000000	S	75807658	100663296
localhost_cn104.cs.uwaterloo.ca_1025 1	0	0.000000	S	660527191	696254464
localhost_cn104.cs.uwaterloo.ca_984 1	0	0.000000	S	534357411	507510784
localhost_cn104.cs.uwaterloo.ca_986 1	0	0.000000	S	534357411	507510784
localhost_cn104.cs.uwaterloo.ca_988 1	0	0.000000	S	534357411	511705088
localhost_cn104.cs.uwaterloo.ca_990 1	0	0.000000	S	534357411	511705088
localhost_cn104.cs.uwaterloo.ca_1099 1	0	0.000000	S	160236935	109051904
localhost_cn104.cs.uwaterloo.ca_1102 1	0	0.000000	S	160236935	113246208
localhost_cn104.cs.uwaterloo.ca_1103 1	0	0.000000	S	160236935	113246208
localhost_cn104.cs.uwaterloo.ca_993 1	0	0.000000	S	534357411	520093696
localhost_cn104.cs.uwaterloo.ca_1105 1	0	0.000000	S	160236935	113246208
localhost_cn104.cs.uwaterloo.ca_995 1	0	0.000000	S	534357411	520093696
localhost_cn104.cs.uwaterloo.ca_1107 1	0	0.000000	S	160236935	117440512
localhost_cn104.cs.uwaterloo.ca_1109 1	0	0.000000	S	160236935	121634816
localhost_cn104.cs.uwaterloo.ca_1357 1	0	0.000000	S	812817073	926941184
localhost_cn104.cs.uwaterloo.ca_1111 1	0	0.000000	S	169352986	121634816
localhost_cn104.cs.uwaterloo.ca_1359 1	0	0.000000	S	849972615	931135488
localhost_cn104.cs.uwaterloo.ca_1113 1	0	0.000000	S	103078056	125829120
localhost_cn104.cs.uwaterloo.ca_1115 1	0	0.000000	S	3636469	125829120
localhost_cn104.cs.uwaterloo.ca_1117 1	0	0.000000	S	3636469	130023424
localhost_cn104.cs.uwaterloo.ca_1119 1	0	0.000000	S	55091045	134217728
localhost_cn104.cs.uwaterloo.ca_1361 1	0	0.000000	S	1062795734	939524096
localhost_cn104.cs.uwaterloo.ca_1224 1	0	0.000000	S	402458566	394264576
localhost_cn104.cs.uwaterloo.ca_1121 1	0	0.000000	S	55091045	134217728
localhost_cn104.cs.uwaterloo.ca_1363 1	0	0.000000	S	1062795734	943718400
localhost_cn104.cs.uwaterloo.ca_1226 1	0	0.000000	S	402458566	394264576
localhost_cn104.cs.uwaterloo.ca_1365 1	0	0.000000	S	1062795734	943718400
localhost_cn104.cs.uwaterloo.ca_1123 1	0	0.000000	S	55091045	138412032
localhost_cn104.cs.uwaterloo.ca_1367 1	0	0.000000	S	1062795734	947912704
localhost_cn104.cs.uwaterloo.ca_1125 1	0	0.000000	S	55091045	142606336
localhost_cn104.cs.uwaterloo.ca_1127 1	0	0.000000	S	73402387	142606336
localhost_cn104.cs.uwaterloo.ca_998 1	0	0.000000	S	526209706	482344960
localhost_cn104.cs.uwaterloo.ca_1369 1	0	0.000000	S	808520393	952107008
localhost_cn104.cs.uwaterloo.ca_1371 1	0	0.000000	S	808520393	956301312
localhost_cn104.cs.uwaterloo.ca_1373 1	0	0.000000	S	814945526	956301312
localhost_cn104.cs.uwaterloo.ca_1253 1	0	0.000000	S	382528620	281018368
localhost_cn104.cs.uwaterloo.ca_1129 1	0	0.000000	S	125949335	155189248
localhost_cn104.cs.uwaterloo.ca_1375 1	0	0.000000	S	940034494	960495616
localhost_cn104.cs.uwaterloo.ca_1262 1	0	0.000000	S	284340867	285212672
localhost_cn104.cs.uwaterloo.ca_1000 1	0	0.000000	S	616295416	641728512
localhost_cn104.cs.uwaterloo.ca_1377 1	0	0.000000	S	1056654676	964689920
localhost_cn104.cs.uwaterloo.ca_1379 1	0	0.000000	S	806011493	964689920
localhost_cn104.cs.uwaterloo.ca_1276 1	0	0.000000	S	382528620	289406976
localhost_cn104.cs.uwaterloo.ca_1132 1	0	0.000000	S	205114930	163577856
localhost_cn104.cs.uwaterloo.ca_1003 1	0	0.000000	S	613617321	633339904
localhost_cn104.cs.uwaterloo.ca_1133 1	0	0.000000	S	161147655	163577856
localhost_cn104.cs.uwaterloo.ca_1005 1	0	0.000000	S	741199274	633339904
localhost_cn104.cs.uwaterloo.ca_1007 1	0	0.000000	S	741199274	633339904
localhost_cn104.cs.uwaterloo.ca_1009 1	0	0.000000	S	803244984	629145600
localhost_cn104.cs.uwaterloo.ca_1288 1	0	0.000000	S	281500128	297795584
localhost_cn104.cs.uwaterloo.ca_1381 1	0	0.000000	S	837000334	977272832
localhost_cn104.cs.uwaterloo.ca_1292 1	0	0.000000	S	369053766	306184192
