cn104.cs.uwaterloo.ca_cn104.cs.uwaterloo.ca_1013 0	0.164109	0.000000	0.001187	0.000000	0.165296	S	228	512
cn105.cs.uwaterloo.ca_cn104.cs.uwaterloo.ca_774 2	0.157194	0.000131	0.002984	0.000005	0.160314	S	231	1024
cn107.cs.uwaterloo.ca_cn104.cs.uwaterloo.ca_637 2	0.160013	0.000461	0.002067	0.000004	0.162545	S	230	2048
cn104.cs.uwaterloo.ca_cn104.cs.uwaterloo.ca_1056 0	0.143091	0.000000	0.001095	0.000000	0.144186	S	241	512
cn101.cs.uwaterloo.ca_cn104.cs.uwaterloo.ca_2741 1	0.092580	0.138791	0.002607	0.000003	0.233981	S	222	0
cn101.cs.uwaterloo.ca_cn104.cs.uwaterloo.ca_2745 1	0.094577	0.138586	0.001263	0.000003	0.234429	S	223	0
cn101.cs.uwaterloo.ca_cn104.cs.uwaterloo.ca_2748 1	0.094028	0.137508	0.001706	0.000003	0.233245	S	224	0
cn101.cs.uwaterloo.ca_cn104.cs.uwaterloo.ca_2751 1	0.094438	0.136477	0.001484	0.000003	0.232402	S	225	0
cn101.cs.uwaterloo.ca_cn104.cs.uwaterloo.ca_2754 1	0.096653	0.135552	0.000810	0.000004	0.233019	S	226	0
cn101.cs.uwaterloo.ca_cn104.cs.uwaterloo.ca_2757 1	0.097350	0.134511	0.001232	0.000003	0.233096	S	227	0
cn101.cs.uwaterloo.ca_cn104.cs.uwaterloo.ca_2779 1	0.105780	0.125813	0.001745	0.000004	0.233342	S	233	0
cn101.cs.uwaterloo.ca_cn104.cs.uwaterloo.ca_2782 1	0.106627	0.125049	0.001478	0.000003	0.233157	S	234	0
cn101.cs.uwaterloo.ca_cn104.cs.uwaterloo.ca_2785 1	0.108846	0.122006	0.001506	0.000003	0.232361	S	236	0
cn101.cs.uwaterloo.ca_cn104.cs.uwaterloo.ca_2792 1	0.107321	0.119138	0.001949	0.000002	0.228410	S	239	0
cn101.cs.uwaterloo.ca_cn104.cs.uwaterloo.ca_2797 1	0.217766	0.050208	0.001712	0.000004	0.269690	S	229	0
cn105.cs.uwaterloo.ca_cn104.cs.uwaterloo.ca_809 2	2.989760	0.000124	0.001983	0.000008	2.991875	S	240	1024
cn107.cs.uwaterloo.ca_cn104.cs.uwaterloo.ca_677 2	2.986140	0.000146	0.002846	0.000006	2.989138	S	242	2048
cn101.cs.uwaterloo.ca_cn104.cs.uwaterloo.ca_2815 1	3.007636	0.000474	0.001668	0.000003	3.009781	S	232	0
cn104.cs.uwaterloo.ca_cn104.cs.uwaterloo.ca_1106 0	2.966148	0.000000	0.001915	0.000000	2.968063	S	255	512
cn107.cs.uwaterloo.ca_cn104.cs.uwaterloo.ca_764 2	0.004738	2.979558	0.001997	0.000025	2.986318	S	246	2048
cn107.cs.uwaterloo.ca_cn104.cs.uwaterloo.ca_765 2	0.004065	2.978519	0.002504	0.000005	2.985093	S	247	2048
cn107.cs.uwaterloo.ca_cn104.cs.uwaterloo.ca_768 2	0.007012	2.974671	0.001657	0.000006	2.983346	S	249	2048
cn101.cs.uwaterloo.ca_cn104.cs.uwaterloo.ca_2835 1	0.010953	2.979317	0.001151	0.000003	2.991424	S	245	0
cn107.cs.uwaterloo.ca_cn104.cs.uwaterloo.ca_774 2	0.006442	2.967876	0.002899	0.000005	2.977222	S	254	2048
cn108.cs.uwaterloo.ca_cn104.cs.uwaterloo.ca_510 1	0.003657	2.941482	0.002380	0.000002	2.947521	S	270	2560
cn104.cs.uwaterloo.ca_cn104.cs.uwaterloo.ca_1181 0	2.934539	0.000000	0.001069	0.000000	2.935608	S	279	512
cn107.cs.uwaterloo.ca_cn104.cs.uwaterloo.ca_779 2	0.000587	2.927466	0.002135	0.000005	2.930193	F	283	2048
cn101.cs.uwaterloo.ca_cn104.cs.uwaterloo.ca_2859 1	0.015819	2.976122	0.002289	0.000002	2.994232	S	248	0
cn101.cs.uwaterloo.ca_cn104.cs.uwaterloo.ca_2866 1	0.018500	2.973847	0.001553	0.000012	2.993912	S	250	0
cn104.cs.uwaterloo.ca_cn104.cs.uwaterloo.ca_1216 0	2.924897	0.000000	0.000402	0.000000	2.925299	S	293	512
cn104.cs.uwaterloo.ca_cn104.cs.uwaterloo.ca_1224 0	2.921315	0.000000	0.000661	0.000000	2.921976	S	299	512
cn109.cs.uwaterloo.ca_cn104.cs.uwaterloo.ca_430 1	0.001347	2.922859	0.000637	0.000002	2.924845	S	295	3072
cn107.cs.uwaterloo.ca_cn104.cs.uwaterloo.ca_784 2	0.001870	2.921883	0.000933	0.000005	2.924691	S	297	2048
cn102.cs.uwaterloo.ca_cn104.cs.uwaterloo.ca_818 2	0.022585	2.980196	0.003207	0.000005	3.005993	S	252	256
cn101.cs.uwaterloo.ca_cn104.cs.uwaterloo.ca_2935 1	0.022949	2.980168	0.001812	0.000003	3.004932	S	253	0
cn101.cs.uwaterloo.ca_cn104.cs.uwaterloo.ca_2975 1	0.027712	2.987548	0.001884	0.000003	3.017147	S	257	0
cn101.cs.uwaterloo.ca_cn104.cs.uwaterloo.ca_2984 1	0.027733	2.988936	0.002006	0.000003	3.018678	S	258	0
cn101.cs.uwaterloo.ca_cn104.cs.uwaterloo.ca_3005 1	0.034035	2.987855	0.001996	0.000002	3.023888	S	259	0
cn101.cs.uwaterloo.ca_cn104.cs.uwaterloo.ca_3013 1	3.037201	0.028637	0.002025	0.000003	3.067866	S	237	0
cn101.cs.uwaterloo.ca_cn104.cs.uwaterloo.ca_3020 1	3.043469	0.028623	0.001612	0.000003	3.073707	S	235	0
cn101.cs.uwaterloo.ca_cn104.cs.uwaterloo.ca_3022 1	0.036340	2.985636	0.002680	0.000002	3.024658	S	260	0
cn101.cs.uwaterloo.ca_cn104.cs.uwaterloo.ca_3042 1	0.040540	2.983120	0.002879	0.000002	3.026541	F	261	0
cn101.cs.uwaterloo.ca_cn104.cs.uwaterloo.ca_3047 1	0.042959	2.981489	0.001426	0.000002	3.025876	S	262	0
cn101.cs.uwaterloo.ca_cn104.cs.uwaterloo.ca_3049 1	0.042581	2.979903	0.002201	0.000002	3.024687	S	263	0
cn101.cs.uwaterloo.ca_cn104.cs.uwaterloo.ca_3052 1	0.042812	2.977848	0.002355	0.000002	3.023017	S	264	0
cn101.cs.uwaterloo.ca_cn104.cs.uwaterloo.ca_3057 1	0.044696	2.975617	0.001864	0.000003	3.022180	S	265	0
cn101.cs.uwaterloo.ca_cn104.cs.uwaterloo.ca_3060 1	0.048696	2.972569	0.001370	0.000002	3.022637	S	266	0
cn101.cs.uwaterloo.ca_cn104.cs.uwaterloo.ca_3064 1	0.052174	2.967659	0.001333	0.000002	3.021168	S	268	0
cn101.cs.uwaterloo.ca_cn104.cs.uwaterloo.ca_3065 1	0.052883	2.968239	0.001571	0.000002	3.022695	S	267	0
cn101.cs.uwaterloo.ca_cn104.cs.uwaterloo.ca_3071 1	0.056604	2.955672	0.001769	0.000003	3.014048	S	272	0
cn102.cs.uwaterloo.ca_cn104.cs.uwaterloo.ca_836 2	0.057198	2.956969	0.003012	0.000005	3.017184	F	271	256
cn101.cs.uwaterloo.ca_cn104.cs.uwaterloo.ca_3076 1	0.060466	2.951617	0.000941	0.000002	3.013026	S	274	0
cn101.cs.uwaterloo.ca_cn104.cs.uwaterloo.ca_3080 1	3.062907	0.017512	0.002726	0.000003	3.083148	S	238	0
cn101.cs.uwaterloo.ca_cn104.cs.uwaterloo.ca_3084 1	0.058032	2.947776	0.001780	0.000005	3.007593	S	280	0
cn101.cs.uwaterloo.ca_cn104.cs.uwaterloo.ca_3085 1	0.059015	2.945799	0.001041	0.000002	3.005857	F	282	0
cn101.cs.uwaterloo.ca_cn104.cs.uwaterloo.ca_3088 1	3.057930	0.016619	0.002015	0.000004	3.076568	S	243	0
cn101.cs.uwaterloo.ca_cn104.cs.uwaterloo.ca_3089 1	0.053043	2.943372	0.001497	0.000002	2.997914	S	288	0
cn101.cs.uwaterloo.ca_cn104.cs.uwaterloo.ca_3090 1	0.054154	2.942742	0.000585	0.000002	2.997483	S	289	0
cn101.cs.uwaterloo.ca_cn104.cs.uwaterloo.ca_3091 1	0.054169	2.942093	0.000802	0.000003	2.997067	S	290	0
cn101.cs.uwaterloo.ca_cn104.cs.uwaterloo.ca_3092 1	0.054400	2.941583	0.000622	0.000003	2.996608	S	291	0
cn101.cs.uwaterloo.ca_cn104.cs.uwaterloo.ca_3094 1	0.055820	2.940627	0.000958	0.000002	2.997407	F	292	0
cn101.cs.uwaterloo.ca_cn104.cs.uwaterloo.ca_3096 1	0.055815	2.940555	0.000809	0.000002	2.997181	S	294	0
cn101.cs.uwaterloo.ca_cn104.cs.uwaterloo.ca_3099 1	0.055848	2.936448	0.000622	0.000002	2.992920	S	300	0
cn101.cs.uwaterloo.ca_cn104.cs.uwaterloo.ca_3102 1	0.217802	2.934120	0.001781	0.000002	3.153705	S	273	0
cn105.cs.uwaterloo.ca_cn104.cs.uwaterloo.ca_919 2	3.007922	2.942052	0.002313	0.000006	5.952293	S	269	1024
cn101.cs.uwaterloo.ca_cn104.cs.uwaterloo.ca_3109 1	3.010663	2.931207	0.001911	0.000002	5.943783	S	276	0
cn105.cs.uwaterloo.ca_cn104.cs.uwaterloo.ca_908 2	3.016266	2.972513	0.003439	0.000007	5.992225	S	251	1024
cn105.cs.uwaterloo.ca_cn104.cs.uwaterloo.ca_930 2	3.008463	2.926801	0.001612	0.000006	5.936882	S	284	1024
cn105.cs.uwaterloo.ca_cn104.cs.uwaterloo.ca_938 2	3.001672	2.921361	0.001092	0.000005	5.924130	S	298	1024
cn105.cs.uwaterloo.ca_cn104.cs.uwaterloo.ca_934 2	3.009915	2.926461	0.002086	0.000012	5.938474	S	285	1024
cn105.cs.uwaterloo.ca_cn104.cs.uwaterloo.ca_928 2	3.013609	2.930228	0.001858	0.000008	5.945703	S	281	1024
cn104.cs.uwaterloo.ca_cn104.cs.uwaterloo.ca_1239 0	5.916669	0.000000	0.000658	0.000000	5.917327	S	312	512
cn101.cs.uwaterloo.ca_cn104.cs.uwaterloo.ca_3111 1	3.021014	2.932082	0.001264	0.000002	5.954362	S	275	0
cn102.cs.uwaterloo.ca_cn104.cs.uwaterloo.ca_847 2	3.021447	2.929024	0.000945	0.000078	5.951494	S	278	256
cn104.cs.uwaterloo.ca_cn104.cs.uwaterloo.ca_1256 0	5.902589	0.000000	0.001248	0.000000	5.903837	S	327	512
cn107.cs.uwaterloo.ca_cn104.cs.uwaterloo.ca_806 2	0.015271	5.904636	0.001495	0.000071	5.921473	F	308	2048
cn105.cs.uwaterloo.ca_cn104.cs.uwaterloo.ca_971 2	0.013512	5.898839	0.001412	0.000007	5.913770	S	317	1024
cn107.cs.uwaterloo.ca_cn104.cs.uwaterloo.ca_808 2	0.012186	5.892491	0.001236	0.000006	5.905919	S	325	2048
cn101.cs.uwaterloo.ca_cn104.cs.uwaterloo.ca_3125 1	0.014776	5.909910	0.001537	0.000006	5.926229	S	303	0
cn101.cs.uwaterloo.ca_cn104.cs.uwaterloo.ca_3129 1	0.014409	5.909604	0.001200	0.000002	5.925215	S	305	0
cn101.cs.uwaterloo.ca_cn104.cs.uwaterloo.ca_3131 1	0.014398	5.910407	0.001306	0.000022	5.926133	S	304	0
cn101.cs.uwaterloo.ca_cn104.cs.uwaterloo.ca_3149 1	0.013347	5.910153	0.000831	0.000003	5.924334	S	307	0
cn101.cs.uwaterloo.ca_cn104.cs.uwaterloo.ca_3152 1	0.014176	5.910609	0.001229	0.000014	5.926028	S	306	0
cn101.cs.uwaterloo.ca_cn104.cs.uwaterloo.ca_3159 1	0.015312	5.909956	0.001266	0.000008	5.926542	S	309	0
cn101.cs.uwaterloo.ca_cn104.cs.uwaterloo.ca_3162 1	0.015467	5.909237	0.001323	0.000003	5.926030	S	311	0
cn101.cs.uwaterloo.ca_cn104.cs.uwaterloo.ca_3165 1	0.016041	5.910337	0.001700	0.000003	5.928081	S	310	0
cn101.cs.uwaterloo.ca_cn104.cs.uwaterloo.ca_3173 1	0.018297	5.908157	0.001711	0.000003	5.928168	S	314	0
cn102.cs.uwaterloo.ca_cn104.cs.uwaterloo.ca_851 2	0.020107	5.909477	0.001366	0.000005	5.930955	S	313	256
cn101.cs.uwaterloo.ca_cn104.cs.uwaterloo.ca_3178 1	0.019716	5.908523	0.001450	0.000002	5.929691	S	315	0
cn101.cs.uwaterloo.ca_cn104.cs.uwaterloo.ca_3183 1	0.020434	5.908742	0.001433	0.000003	5.930612	S	316	0
cn101.cs.uwaterloo.ca_cn104.cs.uwaterloo.ca_3197 1	0.022722	5.909382	0.001519	0.000003	5.933626	S	318	0
cn101.cs.uwaterloo.ca_cn104.cs.uwaterloo.ca_3206 1	0.024952	5.909013	0.001932	0.000002	5.935899	S	320	0
cn101.cs.uwaterloo.ca_cn104.cs.uwaterloo.ca_3209 1	0.024390	5.909601	0.001833	0.000001	5.935825	S	321	0
cn101.cs.uwaterloo.ca_cn104.cs.uwaterloo.ca_3219 1	0.027866	5.913976	0.001849	0.000002	5.943693	S	319	0
cn101.cs.uwaterloo.ca_cn104.cs.uwaterloo.ca_3222 1	0.026613	5.911865	0.001677	0.000003	5.940158	S	323	0
cn101.cs.uwaterloo.ca_cn104.cs.uwaterloo.ca_3228 1	0.027803	5.912674	0.001698	0.000002	5.942177	S	324	0
cn101.cs.uwaterloo.ca_cn104.cs.uwaterloo.ca_3232 1	0.028659	5.915056	0.001790	0.000002	5.945507	S	322	0
cn101.cs.uwaterloo.ca_cn104.cs.uwaterloo.ca_3234 1	0.028491	5.912837	0.001582	0.000002	5.942912	F	326	0
cn101.cs.uwaterloo.ca_cn104.cs.uwaterloo.ca_3244 1	0.029649	5.912110	0.001875	0.000003	5.943637	S	328	0
cn101.cs.uwaterloo.ca_cn104.cs.uwaterloo.ca_3251 1	0.031130	5.912535	0.001890	0.000002	5.945557	S	329	0
