cn107.cs.uwaterloo.ca_cn107.cs.uwaterloo.ca_506 0	0.005388	0.000000	0.000773	0.000000	0.006161	S	562	2048
cn105.cs.uwaterloo.ca_cn107.cs.uwaterloo.ca_660 2	0.008290	0.001237	0.002510	0.000004	0.012041	S	558	1024
cn107.cs.uwaterloo.ca_cn107.cs.uwaterloo.ca_525 0	0.000943	0.000000	0.001173	0.000000	0.002116	S	568	2048
cn107.cs.uwaterloo.ca_cn107.cs.uwaterloo.ca_530 0	0.001209	0.000000	0.000621	0.000000	0.001830	S	570	2048
cn107.cs.uwaterloo.ca_cn107.cs.uwaterloo.ca_534 0	0.000888	0.000000	0.000466	0.000000	0.001354	S	571	2048
cn107.cs.uwaterloo.ca_cn107.cs.uwaterloo.ca_542 0	0.004650	0.000000	0.000894	0.000000	0.005544	S	574	2048
cn105.cs.uwaterloo.ca_cn107.cs.uwaterloo.ca_697 2	0.009249	0.000029	0.003330	0.000005	0.012613	S	573	1024
cn107.cs.uwaterloo.ca_cn107.cs.uwaterloo.ca_578 0	0.003843	0.000000	0.000933	0.000000	0.004776	S	583	2048
cn107.cs.uwaterloo.ca_cn107.cs.uwaterloo.ca_589 0	0.000901	0.000000	0.000768	0.000000	0.001669	S	587	2048
cn106.cs.uwaterloo.ca_cn107.cs.uwaterloo.ca_449 1	0.005458	0.000017	0.001737	0.000003	0.007215	S	586	1536
cn107.cs.uwaterloo.ca_cn107.cs.uwaterloo.ca_596 0	0.003542	0.000000	0.001354	0.000000	0.004896	S	589	2048
cn107.cs.uwaterloo.ca_cn107.cs.uwaterloo.ca_602 0	0.004017	0.000000	0.000884	0.000000	0.004901	S	590	2048
cn107.cs.uwaterloo.ca_cn107.cs.uwaterloo.ca_606 0	0.001797	0.000000	0.002118	0.000000	0.003915	S	591	2048
cn108.cs.uwaterloo.ca_cn107.cs.uwaterloo.ca_461 1	0.007377	0.000016	0.000842	0.000003	0.008238	S	596	2560
cn105.cs.uwaterloo.ca_cn107.cs.uwaterloo.ca_764 2	0.006726	0.000151	0.001627	0.000006	0.008510	S	598	1024
cn107.cs.uwaterloo.ca_cn107.cs.uwaterloo.ca_629 0	0.004147	0.000000	0.001018	0.000000	0.005165	S	607	2048
cn105.cs.uwaterloo.ca_cn107.cs.uwaterloo.ca_777 2	0.005977	0.000731	0.001186	0.000006	0.007900	S	605	1024
cn106.cs.uwaterloo.ca_cn107.cs.uwaterloo.ca_461 1	0.001922	0.000118	0.000649	0.000003	0.002692	S	613	1536
cn101.cs.uwaterloo.ca_cn107.cs.uwaterloo.ca_2330 1	0.040494	0.076691	0.002866	0.000001	0.120052	S	557	0
cn101.cs.uwaterloo.ca_cn107.cs.uwaterloo.ca_2358 1	0.042947	0.084543	0.001292	0.000003	0.128785	S	559	0
cn101.cs.uwaterloo.ca_cn107.cs.uwaterloo.ca_2386 1	0.045964	0.090305	0.002195	0.000003	0.138467	S	560	0
cn102.cs.uwaterloo.ca_cn107.cs.uwaterloo.ca_723 2	0.047208	0.103044	0.001825	0.000006	0.152083	F	563	256
cn101.cs.uwaterloo.ca_cn107.cs.uwaterloo.ca_2442 1	0.048167	0.105928	0.001422	0.000003	0.155520	S	564	0
cn102.cs.uwaterloo.ca_cn107.cs.uwaterloo.ca_730 2	0.052058	0.112365	0.002793	0.000006	0.167222	S	565	256
cn102.cs.uwaterloo.ca_cn107.cs.uwaterloo.ca_740 2	0.056123	0.120107	0.001906	0.000006	0.178142	S	566	256
cn102.cs.uwaterloo.ca_cn107.cs.uwaterloo.ca_745 2	0.055042	0.123723	0.002019	0.000005	0.180789	S	567	256
cn101.cs.uwaterloo.ca_cn107.cs.uwaterloo.ca_2558 1	0.060331	0.129387	0.002043	0.000002	0.191763	S	569	0
cn101.cs.uwaterloo.ca_cn107.cs.uwaterloo.ca_2602 1	0.067745	0.134611	0.000900	0.000003	0.203259	S	572	0
cn102.cs.uwaterloo.ca_cn107.cs.uwaterloo.ca_784 2	0.074440	0.139226	0.001501	0.000005	0.215172	S	575	256
cn101.cs.uwaterloo.ca_cn107.cs.uwaterloo.ca_2665 1	0.078559	0.139976	0.002283	0.000003	0.220821	S	576	0
cn101.cs.uwaterloo.ca_cn107.cs.uwaterloo.ca_2685 1	0.081558	0.142448	0.002086	0.000003	0.226095	S	577	0
cn101.cs.uwaterloo.ca_cn107.cs.uwaterloo.ca_2705 1	0.085181	0.144645	0.001701	0.000002	0.231529	S	578	0
cn101.cs.uwaterloo.ca_cn107.cs.uwaterloo.ca_2713 1	0.083813	0.146412	0.002273	0.000003	0.232501	S	579	0
cn101.cs.uwaterloo.ca_cn107.cs.uwaterloo.ca_2721 1	0.085079	0.146780	0.002360	0.000003	0.234222	S	580	0
cn101.cs.uwaterloo.ca_cn107.cs.uwaterloo.ca_2725 1	0.088015	0.145168	0.001364	0.000004	0.234551	S	581	0
cn101.cs.uwaterloo.ca_cn107.cs.uwaterloo.ca_2728 1	0.089322	0.143532	0.001385	0.000003	0.234242	S	582	0
cn101.cs.uwaterloo.ca_cn107.cs.uwaterloo.ca_2732 1	0.090804	0.141766	0.001273	0.000004	0.233847	S	584	0
cn102.cs.uwaterloo.ca_cn107.cs.uwaterloo.ca_796 2	0.091843	0.140944	0.001002	0.000066	0.233855	S	585	256
cn101.cs.uwaterloo.ca_cn107.cs.uwaterloo.ca_2738 1	0.092906	0.139189	0.001313	0.000002	0.233410	S	588	0
cn101.cs.uwaterloo.ca_cn107.cs.uwaterloo.ca_2753 1	0.096149	0.135642	0.001253	0.000003	0.233047	S	592	0
cn101.cs.uwaterloo.ca_cn107.cs.uwaterloo.ca_2755 1	0.097358	0.134908	0.000683	0.000008	0.232957	S	593	0
cn101.cs.uwaterloo.ca_cn107.cs.uwaterloo.ca_2758 1	0.098735	0.134324	0.000659	0.000003	0.233721	S	594	0
cn101.cs.uwaterloo.ca_cn107.cs.uwaterloo.ca_2762 1	0.101218	0.132553	0.000775	0.000003	0.234549	S	595	0
cn101.cs.uwaterloo.ca_cn107.cs.uwaterloo.ca_2765 1	0.102079	0.131925	0.000713	0.000003	0.234720	S	597	0
cn101.cs.uwaterloo.ca_cn107.cs.uwaterloo.ca_2768 1	0.104253	0.130123	0.000769	0.000002	0.235147	S	599	0
cn101.cs.uwaterloo.ca_cn107.cs.uwaterloo.ca_2770 1	0.105406	0.129154	0.000733	0.000003	0.235296	S	600	0
cn101.cs.uwaterloo.ca_cn107.cs.uwaterloo.ca_2773 1	0.106945	0.127772	0.000712	0.000002	0.235431	S	603	0
cn101.cs.uwaterloo.ca_cn107.cs.uwaterloo.ca_2781 1	0.106067	0.125105	0.001875	0.000004	0.233051	S	608	0
cn102.cs.uwaterloo.ca_cn107.cs.uwaterloo.ca_804 2	0.107280	0.124830	0.001336	0.000006	0.233452	S	609	256
cn101.cs.uwaterloo.ca_cn107.cs.uwaterloo.ca_2787 1	0.109449	0.121559	0.000725	0.000003	0.231736	S	614	0
cn102.cs.uwaterloo.ca_cn107.cs.uwaterloo.ca_806 2	0.109106	0.121289	0.000758	0.000006	0.231159	S	616	256
cn101.cs.uwaterloo.ca_cn107.cs.uwaterloo.ca_2790 1	0.108709	0.120233	0.000705	0.000003	0.229650	S	620	0
cn102.cs.uwaterloo.ca_cn107.cs.uwaterloo.ca_809 2	0.220775	0.047576	0.000841	0.000005	0.269197	S	602	256
cn107.cs.uwaterloo.ca_cn107.cs.uwaterloo.ca_656 0	2.986302	0.000000	0.000282	0.000000	2.986584	S	623	2048
cn101.cs.uwaterloo.ca_cn107.cs.uwaterloo.ca_2802 1	3.003692	0.000154	0.000617	0.000002	3.004465	S	604	0
cn107.cs.uwaterloo.ca_cn107.cs.uwaterloo.ca_661 0	2.987309	0.000000	0.000465	0.000000	2.987774	S	625	2048
cn101.cs.uwaterloo.ca_cn107.cs.uwaterloo.ca_2807 1	0.001541	2.985879	0.000662	0.000003	2.988085	S	627	0
cn101.cs.uwaterloo.ca_cn107.cs.uwaterloo.ca_2809 1	0.002092	2.986273	0.000552	0.000002	2.988919	S	628	0
cn107.cs.uwaterloo.ca_cn107.cs.uwaterloo.ca_671 0	2.986413	0.000000	0.000280	0.000000	2.986693	S	634	2048
cn101.cs.uwaterloo.ca_cn107.cs.uwaterloo.ca_2813 1	0.004095	2.985554	0.001095	0.000003	2.990747	S	629	0
cn101.cs.uwaterloo.ca_cn107.cs.uwaterloo.ca_2816 1	0.004932	2.985294	0.000423	0.000002	2.990651	S	630	0
cn101.cs.uwaterloo.ca_cn107.cs.uwaterloo.ca_2819 1	0.006594	2.984689	0.000705	0.000003	2.991991	S	632	0
cn102.cs.uwaterloo.ca_cn107.cs.uwaterloo.ca_812 2	0.007452	2.985036	0.001017	0.000006	2.993511	S	631	256
cn110.cs.uwaterloo.ca_cn107.cs.uwaterloo.ca_437 2	0.002916	2.975408	0.001052	0.000007	2.979383	S	659	3584
cn102.cs.uwaterloo.ca_cn107.cs.uwaterloo.ca_815 2	0.007685	2.984453	0.001941	0.000007	2.994086	F	633	256
cn101.cs.uwaterloo.ca_cn107.cs.uwaterloo.ca_2834 1	0.011002	2.983289	0.001422	0.000002	2.995715	S	636	0
cn101.cs.uwaterloo.ca_cn107.cs.uwaterloo.ca_2838 1	0.012560	2.982802	0.000756	0.000002	2.996120	S	637	0
cn101.cs.uwaterloo.ca_cn107.cs.uwaterloo.ca_2844 1	0.012627	2.983517	0.000774	0.000002	2.996920	S	638	0
cn101.cs.uwaterloo.ca_cn107.cs.uwaterloo.ca_2845 1	3.013501	0.000689	0.001030	0.000002	3.015222	S	610	0
cn101.cs.uwaterloo.ca_cn107.cs.uwaterloo.ca_2846 1	3.021822	0.000455	0.000817	0.000002	3.023096	F	606	0
cn101.cs.uwaterloo.ca_cn107.cs.uwaterloo.ca_2856 1	0.016311	2.982570	0.001519	0.000003	3.000403	F	640	0
cn101.cs.uwaterloo.ca_cn107.cs.uwaterloo.ca_2862 1	0.017737	2.982697	0.000761	0.000002	3.001197	S	642	0
cn101.cs.uwaterloo.ca_cn107.cs.uwaterloo.ca_2873 1	0.020258	2.982317	0.001636	0.000002	3.004213	S	643	0
cn101.cs.uwaterloo.ca_cn107.cs.uwaterloo.ca_2901 1	0.022367	2.987554	0.001050	0.000002	3.010973	S	641	0
cn101.cs.uwaterloo.ca_cn107.cs.uwaterloo.ca_2907 1	0.022789	2.987125	0.001439	0.000002	3.011355	S	644	0
cn101.cs.uwaterloo.ca_cn107.cs.uwaterloo.ca_2915 1	0.022659	2.988485	0.002394	0.000002	3.013540	S	646	0
cn101.cs.uwaterloo.ca_cn107.cs.uwaterloo.ca_2920 1	0.023538	2.990261	0.000417	0.000003	3.014219	S	647	0
cn101.cs.uwaterloo.ca_cn107.cs.uwaterloo.ca_2921 1	0.023835	2.990107	0.000399	0.000001	3.014342	F	648	0
cn101.cs.uwaterloo.ca_cn107.cs.uwaterloo.ca_2922 1	0.024809	2.989726	0.000398	0.000002	3.014935	S	649	0
cn101.cs.uwaterloo.ca_cn107.cs.uwaterloo.ca_2923 1	0.025508	2.989132	0.000381	0.000002	3.015023	S	650	0
cn101.cs.uwaterloo.ca_cn107.cs.uwaterloo.ca_2924 1	0.025579	2.988785	0.000387	0.000003	3.014754	S	651	0
cn101.cs.uwaterloo.ca_cn107.cs.uwaterloo.ca_2928 1	0.025560	2.988481	0.000444	0.000002	3.014487	S	652	0
cn101.cs.uwaterloo.ca_cn107.cs.uwaterloo.ca_2933 1	0.024000	2.988049	0.001452	0.000002	3.013503	S	655	0
cn101.cs.uwaterloo.ca_cn107.cs.uwaterloo.ca_2943 1	0.024227	2.991114	0.001010	0.000002	3.016353	S	656	0
cn102.cs.uwaterloo.ca_cn107.cs.uwaterloo.ca_822 2	0.025656	2.992716	0.001580	0.000005	3.019957	S	657	256
cn101.cs.uwaterloo.ca_cn107.cs.uwaterloo.ca_2961 1	0.025449	2.996315	0.000760	0.000002	3.022526	S	661	0
cn101.cs.uwaterloo.ca_cn107.cs.uwaterloo.ca_2967 1	0.027633	2.998705	0.001013	0.000003	3.027354	S	658	0
cn101.cs.uwaterloo.ca_cn107.cs.uwaterloo.ca_2970 1	0.027340	2.998295	0.001307	0.000002	3.026944	S	660	0
cn101.cs.uwaterloo.ca_cn107.cs.uwaterloo.ca_2978 1	0.027982	3.000564	0.001188	0.000003	3.029737	S	662	0
cn101.cs.uwaterloo.ca_cn107.cs.uwaterloo.ca_2985 1	0.029540	3.001285	0.000529	0.000003	3.031357	S	665	0
cn105.cs.uwaterloo.ca_cn107.cs.uwaterloo.ca_900 2	3.022484	2.984612	0.001369	0.000041	6.008506	S	624	1024
cn105.cs.uwaterloo.ca_cn107.cs.uwaterloo.ca_904 2	3.018324	2.984156	0.002049	0.000049	6.004578	F	635	1024
cn105.cs.uwaterloo.ca_cn107.cs.uwaterloo.ca_914 2	3.015862	2.977176	0.001627	0.000073	5.994738	S	654	1024
cn104.cs.uwaterloo.ca_cn107.cs.uwaterloo.ca_1279 2	5.951304	0.139470	0.001747	0.000042	6.092563	S	556	512
cn104.cs.uwaterloo.ca_cn107.cs.uwaterloo.ca_1278 2	5.956258	0.135506	0.002008	0.000007	6.093779	S	555	512
cn104.cs.uwaterloo.ca_cn107.cs.uwaterloo.ca_1285 2	5.926004	0.159089	0.002793	0.000007	6.087893	S	561	512
cn104.cs.uwaterloo.ca_cn107.cs.uwaterloo.ca_1316 2	5.908698	0.128543	0.001064	0.000006	6.038311	S	601	512
cn104.cs.uwaterloo.ca_cn107.cs.uwaterloo.ca_1344 2	3.025778	2.984210	0.000752	0.000006	6.010746	S	639	512
cn104.cs.uwaterloo.ca_cn107.cs.uwaterloo.ca_1352 2	3.015257	2.988187	0.000974	0.000006	6.004424	S	653	512
cn104.cs.uwaterloo.ca_cn107.cs.uwaterloo.ca_1358 2	2.997787	3.000042	0.001769	0.000006	5.999604	S	664	512
