cn104.cs.uwaterloo.ca_cn106.cs.uwaterloo.ca_860 1	0.000755	0.000043	0.000687	0.000003	0.001488	S	449	512
cn107.cs.uwaterloo.ca_cn106.cs.uwaterloo.ca_459 1	0.001295	0.000043	0.000513	0.000002	0.001853	S	451	2048
cn105.cs.uwaterloo.ca_cn106.cs.uwaterloo.ca_583 1	0.002407	0.000017	0.001039	0.000002	0.003465	S	455	1024
cn105.cs.uwaterloo.ca_cn106.cs.uwaterloo.ca_587 1	0.002772	0.000065	0.000945	0.000003	0.003785	S	456	1024
cn102.cs.uwaterloo.ca_cn106.cs.uwaterloo.ca_532 3	0.007328	0.011359	0.002498	0.000075	0.021260	S	444	256
cn108.cs.uwaterloo.ca_cn106.cs.uwaterloo.ca_321 2	0.005808	0.000129	0.001410	0.000008	0.007355	S	462	2560
cn105.cs.uwaterloo.ca_cn106.cs.uwaterloo.ca_621 1	0.002334	0.002288	0.001724	0.000004	0.006350	F	465	1024
cn101.cs.uwaterloo.ca_cn106.cs.uwaterloo.ca_2009 2	0.012848	0.012329	0.001363	0.000006	0.026546	S	446	0
cn107.cs.uwaterloo.ca_cn106.cs.uwaterloo.ca_480 1	0.001988	0.000288	0.001052	0.000003	0.003331	S	473	2048
cn101.cs.uwaterloo.ca_cn106.cs.uwaterloo.ca_2051 2	0.003174	0.024245	0.001571	0.000008	0.028998	S	447	0
cn101.cs.uwaterloo.ca_cn106.cs.uwaterloo.ca_2057 2	0.002676	0.026423	0.001248	0.000008	0.030355	S	448	0
cn107.cs.uwaterloo.ca_cn106.cs.uwaterloo.ca_487 1	0.000312	0.000028	0.001218	0.000004	0.001562	S	480	2048
cn106.cs.uwaterloo.ca_cn106.cs.uwaterloo.ca_351 0	0.001100	0.000000	0.001203	0.000000	0.002303	S	482	1536
cn101.cs.uwaterloo.ca_cn106.cs.uwaterloo.ca_2063 2	0.003496	0.027231	0.001288	0.000008	0.032023	S	450	0
cn104.cs.uwaterloo.ca_cn106.cs.uwaterloo.ca_905 1	0.007143	0.004786	0.000956	0.000002	0.012887	S	471	512
cn101.cs.uwaterloo.ca_cn106.cs.uwaterloo.ca_2076 2	0.004079	0.029951	0.001483	0.000027	0.035540	S	452	0
cn101.cs.uwaterloo.ca_cn106.cs.uwaterloo.ca_2083 2	0.004623	0.031976	0.001748	0.000006	0.038353	S	453	0
cn107.cs.uwaterloo.ca_cn106.cs.uwaterloo.ca_522 1	0.001201	0.000018	0.002959	0.000003	0.004181	S	502	2048
cn105.cs.uwaterloo.ca_cn106.cs.uwaterloo.ca_675 1	0.001220	0.000059	0.000412	0.000002	0.001693	S	510	1024
cn101.cs.uwaterloo.ca_cn106.cs.uwaterloo.ca_2108 2	0.008280	0.040576	0.001897	0.000007	0.050760	S	454	0
cn101.cs.uwaterloo.ca_cn106.cs.uwaterloo.ca_2115 2	0.006224	0.043479	0.001841	0.000006	0.051550	S	457	0
cn101.cs.uwaterloo.ca_cn106.cs.uwaterloo.ca_2134 2	0.007177	0.051162	0.001351	0.000005	0.059695	S	459	0
cn105.cs.uwaterloo.ca_cn106.cs.uwaterloo.ca_708 1	0.004082	0.003630	0.001284	0.000003	0.008999	S	525	1024
cn102.cs.uwaterloo.ca_cn106.cs.uwaterloo.ca_647 3	0.009432	0.048890	0.009896	0.000009	0.068227	S	458	256
cn107.cs.uwaterloo.ca_cn106.cs.uwaterloo.ca_584 1	0.002194	0.000016	0.002345	0.000002	0.004557	S	538	2048
cn101.cs.uwaterloo.ca_cn106.cs.uwaterloo.ca_2160 2	0.007585	0.059047	0.002487	0.000005	0.069124	S	460	0
cn105.cs.uwaterloo.ca_cn106.cs.uwaterloo.ca_727 1	0.004320	0.006580	0.001309	0.000002	0.012211	S	533	1024
cn107.cs.uwaterloo.ca_cn106.cs.uwaterloo.ca_609 1	0.003250	0.000207	0.001751	0.000003	0.005211	S	549	2048
cn101.cs.uwaterloo.ca_cn106.cs.uwaterloo.ca_2184 2	0.007496	0.066721	0.002727	0.000006	0.076950	S	461	0
cn105.cs.uwaterloo.ca_cn106.cs.uwaterloo.ca_746 1	0.006396	0.009201	0.001130	0.000002	0.016729	S	537	1024
cn107.cs.uwaterloo.ca_cn106.cs.uwaterloo.ca_616 1	0.003464	0.000340	0.000749	0.000003	0.004556	S	554	2048
cn105.cs.uwaterloo.ca_cn106.cs.uwaterloo.ca_759 1	0.006095	0.010001	0.002519	0.000003	0.018618	S	540	1024
cn105.cs.uwaterloo.ca_cn106.cs.uwaterloo.ca_761 1	0.006785	0.010814	0.000899	0.000003	0.018501	S	541	1024
cn105.cs.uwaterloo.ca_cn106.cs.uwaterloo.ca_765 1	0.007666	0.010890	0.001170	0.000003	0.019729	S	543	1024
cn105.cs.uwaterloo.ca_cn106.cs.uwaterloo.ca_769 1	0.006381	0.010979	0.001224	0.000002	0.018586	S	547	1024
cn101.cs.uwaterloo.ca_cn106.cs.uwaterloo.ca_2238 2	0.010241	0.083949	0.002741	0.000027	0.096958	S	463	0
cn101.cs.uwaterloo.ca_cn106.cs.uwaterloo.ca_2260 2	0.010065	0.091084	0.002964	0.000005	0.104118	S	464	0
cn102.cs.uwaterloo.ca_cn106.cs.uwaterloo.ca_699 3	0.011416	0.093914	0.003501	0.000010	0.108841	S	466	256
cn101.cs.uwaterloo.ca_cn106.cs.uwaterloo.ca_2301 2	0.010365	0.104232	0.002094	0.000005	0.116696	S	467	0
cn101.cs.uwaterloo.ca_cn106.cs.uwaterloo.ca_2340 2	0.011367	0.107387	0.008501	0.000005	0.127260	S	468	0
cn101.cs.uwaterloo.ca_cn106.cs.uwaterloo.ca_2353 2	0.014778	0.113940	0.001441	0.000006	0.130165	S	469	0
cn101.cs.uwaterloo.ca_cn106.cs.uwaterloo.ca_2387 2	0.021367	0.118865	0.003048	0.000006	0.143286	S	470	0
cn102.cs.uwaterloo.ca_cn106.cs.uwaterloo.ca_714 3	0.025334	0.135707	0.001501	0.000060	0.162602	S	472	256
cn102.cs.uwaterloo.ca_cn106.cs.uwaterloo.ca_720 3	0.033447	0.157528	0.001454	0.000051	0.192480	S	474	256
cn102.cs.uwaterloo.ca_cn106.cs.uwaterloo.ca_723 3	0.035077	0.160026	0.002938	0.000008	0.198049	S	475	256
cn101.cs.uwaterloo.ca_cn106.cs.uwaterloo.ca_2539 2	0.039643	0.173789	0.003632	0.000006	0.217070	S	476	0
cn101.cs.uwaterloo.ca_cn106.cs.uwaterloo.ca_2645 2	0.046393	0.203614	0.002732	0.000007	0.252746	S	477	0
cn102.cs.uwaterloo.ca_cn106.cs.uwaterloo.ca_754 3	0.049148	0.213788	0.002008	0.000008	0.264952	S	478	256
cn101.cs.uwaterloo.ca_cn106.cs.uwaterloo.ca_2739 2	0.053163	0.228229	0.002006	0.000005	0.283403	S	479	0
cn101.cs.uwaterloo.ca_cn106.cs.uwaterloo.ca_2776 2	0.053217	0.244023	0.001941	0.000006	0.299187	F	481	0
cn101.cs.uwaterloo.ca_cn106.cs.uwaterloo.ca_2799 2	0.069918	0.237465	0.001764	0.000007	0.309154	S	483	0
cn101.cs.uwaterloo.ca_cn106.cs.uwaterloo.ca_2806 2	0.073658	0.235447	0.001568	0.000007	0.310680	S	484	0
cn101.cs.uwaterloo.ca_cn106.cs.uwaterloo.ca_2814 2	0.080291	0.228903	0.002154	0.000006	0.311354	S	485	0
cn101.cs.uwaterloo.ca_cn106.cs.uwaterloo.ca_2819 2	0.081160	0.228814	0.001291	0.000005	0.311270	S	486	0
cn101.cs.uwaterloo.ca_cn106.cs.uwaterloo.ca_2826 2	0.084044	0.227283	0.001634	0.000005	0.312966	S	487	0
cn101.cs.uwaterloo.ca_cn106.cs.uwaterloo.ca_2833 2	0.084107	0.229279	0.001885	0.000005	0.315276	S	488	0
cn101.cs.uwaterloo.ca_cn106.cs.uwaterloo.ca_2839 2	0.084800	0.228879	0.001835	0.000007	0.315521	S	490	0
cn101.cs.uwaterloo.ca_cn106.cs.uwaterloo.ca_2857 2	0.097421	0.218406	0.002438	0.000006	0.318271	S	491	0
cn101.cs.uwaterloo.ca_cn106.cs.uwaterloo.ca_2864 2	0.100456	0.215147	0.003390	0.000005	0.318998	S	492	0
cn101.cs.uwaterloo.ca_cn106.cs.uwaterloo.ca_2877 2	0.110300	0.210467	0.001697	0.000007	0.322471	S	493	0
cn101.cs.uwaterloo.ca_cn106.cs.uwaterloo.ca_2883 2	0.121845	0.199951	0.001924	0.000006	0.323726	S	494	0
cn101.cs.uwaterloo.ca_cn106.cs.uwaterloo.ca_2888 2	0.126556	0.196285	0.001778	0.000006	0.324625	S	495	0
cn101.cs.uwaterloo.ca_cn106.cs.uwaterloo.ca_2900 2	0.145928	0.179607	0.002628	0.000007	0.328170	S	496	0
cn101.cs.uwaterloo.ca_cn106.cs.uwaterloo.ca_2910 2	0.150229	0.175051	0.002584	0.000005	0.327869	S	499	0
cn101.cs.uwaterloo.ca_cn106.cs.uwaterloo.ca_2946 2	0.334880	0.060109	0.002037	0.000005	0.397031	S	501	0
cn101.cs.uwaterloo.ca_cn106.cs.uwaterloo.ca_2950 2	0.349893	0.058167	0.002051	0.000006	0.410117	S	500	0
cn101.cs.uwaterloo.ca_cn106.cs.uwaterloo.ca_2952 2	0.363725	0.052639	0.001453	0.000005	0.417822	F	497	0
cn104.cs.uwaterloo.ca_cn106.cs.uwaterloo.ca_1113 1	3.017924	0.064064	0.001545	0.000003	3.083536	S	504	512
cn104.cs.uwaterloo.ca_cn106.cs.uwaterloo.ca_1226 1	2.993335	0.087602	0.001758	0.000003	3.082698	S	519	512
cn101.cs.uwaterloo.ca_cn106.cs.uwaterloo.ca_2993 2	3.039410	0.061847	0.001743	0.000006	3.103006	S	498	0
cn101.cs.uwaterloo.ca_cn106.cs.uwaterloo.ca_3015 2	0.054157	3.045777	0.002188	0.000005	3.102127	S	503	0
cn101.cs.uwaterloo.ca_cn106.cs.uwaterloo.ca_3021 2	0.059332	3.042145	0.001689	0.000005	3.103171	S	505	0
cn102.cs.uwaterloo.ca_cn106.cs.uwaterloo.ca_845 3	0.066787	3.037526	0.002967	0.000006	3.107286	S	506	256
cn104.cs.uwaterloo.ca_cn106.cs.uwaterloo.ca_1268 1	2.995948	0.085634	0.000615	0.000002	3.082199	S	542	512
cn101.cs.uwaterloo.ca_cn106.cs.uwaterloo.ca_3050 2	0.070436	3.037838	0.001393	0.000005	3.109672	S	507	0
cn101.cs.uwaterloo.ca_cn106.cs.uwaterloo.ca_3069 2	0.071658	3.038752	0.003232	0.000005	3.113647	S	508	0
cn101.cs.uwaterloo.ca_cn106.cs.uwaterloo.ca_3075 2	0.073474	3.038706	0.002067	0.000005	3.114252	S	509	0
cn101.cs.uwaterloo.ca_cn106.cs.uwaterloo.ca_3098 2	0.080615	3.038029	0.001668	0.000004	3.120316	S	511	0
cn101.cs.uwaterloo.ca_cn106.cs.uwaterloo.ca_3104 2	0.085756	3.034812	0.001557	0.000005	3.122130	S	512	0
cn101.cs.uwaterloo.ca_cn106.cs.uwaterloo.ca_3111 2	0.087351	3.032857	0.002769	0.000004	3.122981	S	513	0
cn101.cs.uwaterloo.ca_cn106.cs.uwaterloo.ca_3129 2	0.090704	3.033362	0.002192	0.000003	3.126261	S	514	0
cn101.cs.uwaterloo.ca_cn106.cs.uwaterloo.ca_3150 2	0.098863	3.031503	0.001888	0.000006	3.132260	S	516	0
cn101.cs.uwaterloo.ca_cn106.cs.uwaterloo.ca_3161 2	0.096971	3.036492	0.002800	0.000004	3.136267	S	515	0
cn101.cs.uwaterloo.ca_cn106.cs.uwaterloo.ca_3227 2	0.104853	3.045446	0.003444	0.000005	3.153748	F	517	0
cn101.cs.uwaterloo.ca_cn106.cs.uwaterloo.ca_3233 2	0.107571	3.045588	0.001816	0.000005	3.154980	S	518	0
cn101.cs.uwaterloo.ca_cn106.cs.uwaterloo.ca_3244 2	0.116781	3.038833	0.001740	0.000003	3.157357	F	520	0
cn101.cs.uwaterloo.ca_cn106.cs.uwaterloo.ca_3246 2	0.118406	3.037400	0.001317	0.000005	3.157128	S	521	0
cn101.cs.uwaterloo.ca_cn106.cs.uwaterloo.ca_3248 2	0.120351	3.034662	0.001690	0.000005	3.156708	S	522	0
cn101.cs.uwaterloo.ca_cn106.cs.uwaterloo.ca_3250 2	0.122780	3.032133	0.001828	0.000005	3.156746	S	523	0
cn101.cs.uwaterloo.ca_cn106.cs.uwaterloo.ca_3251 2	0.123652	3.031546	0.001362	0.000006	3.156566	S	524	0
cn101.cs.uwaterloo.ca_cn106.cs.uwaterloo.ca_3260 2	0.130926	3.024109	0.001059	0.000004	3.156098	S	528	0
cn101.cs.uwaterloo.ca_cn106.cs.uwaterloo.ca_3271 2	0.137896	3.019921	0.001584	0.000006	3.159407	F	531	0
cn101.cs.uwaterloo.ca_cn106.cs.uwaterloo.ca_3279 2	0.133107	3.025391	0.000987	0.000010	3.159495	S	534	0
cn102.cs.uwaterloo.ca_cn106.cs.uwaterloo.ca_881 3	0.136169	3.022972	0.001874	0.000012	3.161027	S	535	256
cn101.cs.uwaterloo.ca_cn106.cs.uwaterloo.ca_3283 2	0.136539	3.023333	0.000991	0.000005	3.160868	S	536	0
cn101.cs.uwaterloo.ca_cn106.cs.uwaterloo.ca_3287 2	0.137374	3.021144	0.000979	0.000005	3.159502	S	539	0
cn101.cs.uwaterloo.ca_cn106.cs.uwaterloo.ca_3295 2	0.143285	3.013762	0.001349	0.000005	3.158401	S	544	0
cn101.cs.uwaterloo.ca_cn106.cs.uwaterloo.ca_3297 2	0.144838	3.012498	0.000776	0.000005	3.158117	S	545	0
cn101.cs.uwaterloo.ca_cn106.cs.uwaterloo.ca_3298 2	0.146270	3.011296	0.000796	0.000005	3.158367	S	546	0
cn101.cs.uwaterloo.ca_cn106.cs.uwaterloo.ca_3300 2	0.148180	3.009243	0.000844	0.000007	3.158274	F	548	0
