cn101.cs.uwaterloo.ca_cn101.cs.uwaterloo.ca_2220 0	0.253109	0.000000	0.001673	0.000000	0.254782	S	0	0
cn101.cs.uwaterloo.ca_cn101.cs.uwaterloo.ca_2226 0	0.252720	0.000000	0.001631	0.000000	0.254351	S	1	0
cn101.cs.uwaterloo.ca_cn101.cs.uwaterloo.ca_2232 0	0.252578	0.000000	0.001663	0.000000	0.254241	S	2	0
cn101.cs.uwaterloo.ca_cn101.cs.uwaterloo.ca_2248 0	0.250228	0.000000	0.002418	0.000000	0.252646	S	4	0
cn101.cs.uwaterloo.ca_cn101.cs.uwaterloo.ca_2252 0	0.249753	0.000000	0.001373	0.000000	0.251126	S	5	0
cn101.cs.uwaterloo.ca_cn101.cs.uwaterloo.ca_2258 0	0.248427	0.000000	0.002014	0.000000	0.250441	S	6	0
cn101.cs.uwaterloo.ca_cn101.cs.uwaterloo.ca_2261 0	0.247428	0.000000	0.000921	0.000000	0.248349	S	7	0
cn101.cs.uwaterloo.ca_cn101.cs.uwaterloo.ca_2267 0	0.246898	0.000000	0.001556	0.000000	0.248454	S	8	0
cn101.cs.uwaterloo.ca_cn101.cs.uwaterloo.ca_2272 0	0.246453	0.000000	0.001083	0.000000	0.247536	S	9	0
cn101.cs.uwaterloo.ca_cn101.cs.uwaterloo.ca_2284 0	0.243570	0.000000	0.001098	0.000000	0.244668	S	12	0
cn101.cs.uwaterloo.ca_cn101.cs.uwaterloo.ca_2295 0	0.240344	0.000000	0.001748	0.000000	0.242092	S	14	0
cn101.cs.uwaterloo.ca_cn101.cs.uwaterloo.ca_2303 0	0.237168	0.000000	0.002599	0.000000	0.239767	S	15	0
cn101.cs.uwaterloo.ca_cn101.cs.uwaterloo.ca_2321 0	0.232414	0.000000	0.000981	0.000000	0.233395	S	18	0
cn101.cs.uwaterloo.ca_cn101.cs.uwaterloo.ca_2324 0	0.231475	0.000000	0.000667	0.000000	0.232142	S	19	0
cn101.cs.uwaterloo.ca_cn101.cs.uwaterloo.ca_2329 0	0.233976	0.000000	0.000873	0.000000	0.234849	S	20	0
cn101.cs.uwaterloo.ca_cn101.cs.uwaterloo.ca_2334 0	0.232764	0.000000	0.001180	0.000000	0.233944	S	21	0
cn101.cs.uwaterloo.ca_cn101.cs.uwaterloo.ca_2354 0	0.228813	0.000000	0.001670	0.000000	0.230483	S	24	0
cn101.cs.uwaterloo.ca_cn101.cs.uwaterloo.ca_2371 0	0.227571	0.000000	0.003698	0.000000	0.231269	S	25	0
cn101.cs.uwaterloo.ca_cn101.cs.uwaterloo.ca_2373 0	0.223842	0.000000	0.000437	0.000000	0.224279	S	26	0
cn101.cs.uwaterloo.ca_cn101.cs.uwaterloo.ca_2379 0	0.221878	0.000000	0.000488	0.000000	0.222366	S	28	0
cn101.cs.uwaterloo.ca_cn101.cs.uwaterloo.ca_2392 0	0.216806	0.000000	0.003197	0.000000	0.220003	S	30	0
cn101.cs.uwaterloo.ca_cn101.cs.uwaterloo.ca_2395 0	0.215532	0.000000	0.000298	0.000000	0.215830	S	31	0
cn101.cs.uwaterloo.ca_cn101.cs.uwaterloo.ca_2399 0	0.212275	0.000000	0.001782	0.000000	0.214057	S	32	0
cn101.cs.uwaterloo.ca_cn101.cs.uwaterloo.ca_2403 0	0.210977	0.000000	0.000981	0.000000	0.211958	S	33	0
cn101.cs.uwaterloo.ca_cn101.cs.uwaterloo.ca_2407 0	0.209814	0.000000	0.000811	0.000000	0.210625	S	34	0
cn101.cs.uwaterloo.ca_cn101.cs.uwaterloo.ca_2415 0	0.206062	0.000000	0.003085	0.000000	0.209147	S	35	0
cn101.cs.uwaterloo.ca_cn101.cs.uwaterloo.ca_2424 0	0.203375	0.000000	0.000335	0.000000	0.203710	S	36	0
cn101.cs.uwaterloo.ca_cn101.cs.uwaterloo.ca_2428 0	0.198595	0.000000	0.003697	0.000000	0.202292	S	37	0
cn101.cs.uwaterloo.ca_cn101.cs.uwaterloo.ca_2436 0	0.195606	0.000000	0.002683	0.000000	0.198289	S	38	0
cn101.cs.uwaterloo.ca_cn101.cs.uwaterloo.ca_2449 0	0.189736	0.000000	0.004957	0.000000	0.194693	S	39	0
cn101.cs.uwaterloo.ca_cn101.cs.uwaterloo.ca_2452 0	0.188162	0.000000	0.000319	0.000000	0.188481	S	40	0
cn101.cs.uwaterloo.ca_cn101.cs.uwaterloo.ca_2454 0	0.187348	0.000000	0.000377	0.000000	0.187725	S	41	0
cn101.cs.uwaterloo.ca_cn101.cs.uwaterloo.ca_2456 0	0.184976	0.000000	0.002083	0.000000	0.187059	S	42	0
cn101.cs.uwaterloo.ca_cn101.cs.uwaterloo.ca_2460 0	0.183903	0.000000	0.000417	0.000000	0.184320	S	43	0
cn101.cs.uwaterloo.ca_cn101.cs.uwaterloo.ca_2465 0	0.181201	0.000000	0.000951	0.000000	0.182152	S	44	0
cn101.cs.uwaterloo.ca_cn101.cs.uwaterloo.ca_2470 0	0.179129	0.000000	0.001177	0.000000	0.180306	S	45	0
cn101.cs.uwaterloo.ca_cn101.cs.uwaterloo.ca_2478 0	0.175649	0.000000	0.003061	0.000000	0.178710	S	46	0
cn101.cs.uwaterloo.ca_cn101.cs.uwaterloo.ca_2482 0	0.174323	0.000000	0.000359	0.000000	0.174682	S	48	0
cn101.cs.uwaterloo.ca_cn101.cs.uwaterloo.ca_2480 0	0.175247	0.000000	0.000315	0.000000	0.175562	S	47	0
cn101.cs.uwaterloo.ca_cn101.cs.uwaterloo.ca_2494 0	0.167583	0.000000	0.004402	0.000000	0.171985	S	49	0
cn101.cs.uwaterloo.ca_cn101.cs.uwaterloo.ca_2497 0	0.166628	0.000000	0.000574	0.000000	0.167202	S	50	0
cn101.cs.uwaterloo.ca_cn101.cs.uwaterloo.ca_2499 0	0.165804	0.000000	0.000392	0.000000	0.166196	S	51	0
cn101.cs.uwaterloo.ca_cn101.cs.uwaterloo.ca_2501 0	0.164515	0.000000	0.000438	0.000000	0.164953	S	52	0
cn101.cs.uwaterloo.ca_cn101.cs.uwaterloo.ca_2509 0	0.161764	0.000000	0.000392	0.000000	0.162156	S	53	0
cn102.cs.uwaterloo.ca_cn101.cs.uwaterloo.ca_726 1	0.157001	0.000066	0.000867	0.000004	0.157938	S	55	256
cn101.cs.uwaterloo.ca_cn101.cs.uwaterloo.ca_2522 0	0.155793	0.000000	0.002183	0.000000	0.157976	S	56	0
cn102.cs.uwaterloo.ca_cn101.cs.uwaterloo.ca_731 1	0.142383	0.000076	0.000172	0.000002	0.142633	S	60	256
cn101.cs.uwaterloo.ca_cn101.cs.uwaterloo.ca_2546 0	0.141493	0.000000	0.000389	0.000000	0.141882	S	62	0
cn101.cs.uwaterloo.ca_cn101.cs.uwaterloo.ca_2548 0	0.140663	0.000000	0.000389	0.000000	0.141052	S	63	0
cn101.cs.uwaterloo.ca_cn101.cs.uwaterloo.ca_2556 0	0.137699	0.000000	0.000408	0.000000	0.138107	S	64	0
cn101.cs.uwaterloo.ca_cn101.cs.uwaterloo.ca_2559 0	0.137051	0.000000	0.000400	0.000000	0.137451	S	65	0
cn101.cs.uwaterloo.ca_cn101.cs.uwaterloo.ca_2561 0	0.134045	0.000000	0.000085	0.000000	0.134130	S	66	0
cn101.cs.uwaterloo.ca_cn101.cs.uwaterloo.ca_2583 0	0.128593	0.000000	0.002743	0.000000	0.131336	S	67	0
cn101.cs.uwaterloo.ca_cn101.cs.uwaterloo.ca_2586 0	0.127758	0.000000	0.000424	0.000000	0.128182	S	68	0
cn101.cs.uwaterloo.ca_cn101.cs.uwaterloo.ca_2590 0	0.126014	0.000000	0.001644	0.000000	0.127658	S	69	0
cn101.cs.uwaterloo.ca_cn101.cs.uwaterloo.ca_2613 0	0.122548	0.000000	0.002206	0.000000	0.124754	S	70	0
cn101.cs.uwaterloo.ca_cn101.cs.uwaterloo.ca_2616 0	0.121124	0.000000	0.000326	0.000000	0.121450	S	72	0
cn101.cs.uwaterloo.ca_cn101.cs.uwaterloo.ca_2622 0	0.118575	0.000000	0.001261	0.000000	0.119836	S	73	0
cn101.cs.uwaterloo.ca_cn101.cs.uwaterloo.ca_2624 0	0.117504	0.000000	0.000327	0.000000	0.117831	S	74	0
cn101.cs.uwaterloo.ca_cn101.cs.uwaterloo.ca_2626 0	0.117074	0.000000	0.000294	0.000000	0.117368	S	75	0
cn101.cs.uwaterloo.ca_cn101.cs.uwaterloo.ca_2629 0	0.115935	0.000000	0.000312	0.000000	0.116247	S	76	0
cn101.cs.uwaterloo.ca_cn101.cs.uwaterloo.ca_2632 0	0.114890	0.000000	0.000313	0.000000	0.115203	S	78	0
cn101.cs.uwaterloo.ca_cn101.cs.uwaterloo.ca_2636 0	0.111428	0.000000	0.000402	0.000000	0.111830	S	80	0
cn101.cs.uwaterloo.ca_cn101.cs.uwaterloo.ca_2641 0	0.109102	0.000000	0.000669	0.000000	0.109771	S	81	0
cn101.cs.uwaterloo.ca_cn101.cs.uwaterloo.ca_2654 0	0.106921	0.000000	0.001922	0.000000	0.108843	S	82	0
cn101.cs.uwaterloo.ca_cn101.cs.uwaterloo.ca_2656 0	0.103977	0.000000	0.000303	0.000000	0.104280	S	83	0
cn101.cs.uwaterloo.ca_cn101.cs.uwaterloo.ca_2658 0	0.103310	0.000000	0.000403	0.000000	0.103713	S	84	0
cn101.cs.uwaterloo.ca_cn101.cs.uwaterloo.ca_2668 0	0.100988	0.000000	0.001941	0.000000	0.102929	S	85	0
cn101.cs.uwaterloo.ca_cn101.cs.uwaterloo.ca_2677 0	0.100264	0.000000	0.000384	0.000000	0.100648	S	86	0
cn101.cs.uwaterloo.ca_cn101.cs.uwaterloo.ca_2698 0	0.096059	0.000000	0.001520	0.000000	0.097579	S	88	0
cn101.cs.uwaterloo.ca_cn101.cs.uwaterloo.ca_2705 0	0.092431	0.000000	0.000393	0.000000	0.092824	S	90	0
cn101.cs.uwaterloo.ca_cn101.cs.uwaterloo.ca_2711 0	0.089268	0.000000	0.001538	0.000000	0.090806	S	92	0
cn101.cs.uwaterloo.ca_cn101.cs.uwaterloo.ca_2717 0	0.086777	0.000000	0.000465	0.000000	0.087242	S	94	0
cn102.cs.uwaterloo.ca_cn101.cs.uwaterloo.ca_758 1	0.086970	0.000034	0.000401	0.000005	0.087410	S	93	256
cn101.cs.uwaterloo.ca_cn101.cs.uwaterloo.ca_2725 0	0.082171	0.000000	0.003520	0.000000	0.085691	S	95	0
cn101.cs.uwaterloo.ca_cn101.cs.uwaterloo.ca_2729 0	0.080182	0.000000	0.000562	0.000000	0.080744	S	96	0
cn101.cs.uwaterloo.ca_cn101.cs.uwaterloo.ca_2735 0	0.078942	0.000000	0.000326	0.000000	0.079268	S	97	0
cn101.cs.uwaterloo.ca_cn101.cs.uwaterloo.ca_2738 0	0.078025	0.000000	0.000762	0.000000	0.078787	S	98	0
cn101.cs.uwaterloo.ca_cn101.cs.uwaterloo.ca_2744 0	0.075609	0.000000	0.000639	0.000000	0.076248	S	100	0
cn101.cs.uwaterloo.ca_cn101.cs.uwaterloo.ca_2750 0	0.074040	0.000000	0.001312	0.000000	0.075352	S	101	0
cn101.cs.uwaterloo.ca_cn101.cs.uwaterloo.ca_2752 0	0.073548	0.000000	0.000343	0.000000	0.073891	S	102	0
cn101.cs.uwaterloo.ca_cn101.cs.uwaterloo.ca_2754 0	0.071992	0.000000	0.000808	0.000000	0.072800	S	103	0
cn101.cs.uwaterloo.ca_cn101.cs.uwaterloo.ca_2758 0	0.071372	0.000000	0.000086	0.000000	0.071458	S	104	0
cn102.cs.uwaterloo.ca_cn101.cs.uwaterloo.ca_778 1	0.069256	0.000021	0.000607	0.000003	0.069887	S	105	256
cn101.cs.uwaterloo.ca_cn101.cs.uwaterloo.ca_2765 0	0.068249	0.000000	0.001505	0.000000	0.069754	S	106	0
cn101.cs.uwaterloo.ca_cn101.cs.uwaterloo.ca_2769 0	0.066007	0.000000	0.000394	0.000000	0.066401	S	109	0
cn109.cs.uwaterloo.ca_cn101.cs.uwaterloo.ca_409 2	0.065740	0.000456	0.000996	0.000005	0.067197	S	108	3072
cn105.cs.uwaterloo.ca_cn101.cs.uwaterloo.ca_892 1	2.968816	0.000091	0.001112	0.000004	2.970023	S	29	1024
cn105.cs.uwaterloo.ca_cn101.cs.uwaterloo.ca_895 1	2.891818	0.000097	0.002231	0.000002	2.894148	S	59	1024
cn105.cs.uwaterloo.ca_cn101.cs.uwaterloo.ca_897 1	2.873181	0.000103	0.000625	0.000005	2.873914	S	71	1024
cn105.cs.uwaterloo.ca_cn101.cs.uwaterloo.ca_899 1	2.841061	0.000064	0.000682	0.000002	2.841809	S	91	1024
cn105.cs.uwaterloo.ca_cn101.cs.uwaterloo.ca_902 1	2.817761	0.000099	0.000375	0.000003	2.818238	S	107	1024
cn106.cs.uwaterloo.ca_cn101.cs.uwaterloo.ca_500 2	0.019040	2.902890	0.001141	0.000005	2.923076	S	54	1536
cn107.cs.uwaterloo.ca_cn101.cs.uwaterloo.ca_733 1	2.999712	0.000077	0.002835	0.000004	3.002628	S	23	2048
cn107.cs.uwaterloo.ca_cn101.cs.uwaterloo.ca_744 1	2.874695	0.000098	0.000855	0.000005	2.875653	S	79	2048
cn107.cs.uwaterloo.ca_cn101.cs.uwaterloo.ca_749 1	2.854358	0.000126	0.001735	0.000002	2.856221	S	89	2048
cn101.cs.uwaterloo.ca_cn101.cs.uwaterloo.ca_2289 0	3.022041	0.000000	0.000945	0.000000	3.022986	S	13	0
cn101.cs.uwaterloo.ca_cn101.cs.uwaterloo.ca_2276 0	3.026601	0.000000	0.001403	0.000000	3.028004	S	10	0
cn101.cs.uwaterloo.ca_cn101.cs.uwaterloo.ca_2278 0	3.026108	0.000000	0.000328	0.000000	3.026436	S	11	0
cn108.cs.uwaterloo.ca_cn101.cs.uwaterloo.ca_515 2	0.027103	2.886994	0.000587	0.000006	2.914690	S	61	2560
