cn106_cn106_5591 0	0	0.000000	S	6671	2048
cn106_cn106_5606 0	0	0.000000	S	6684	2048
cn106_cn106_5617 0	0	0.000000	S	6693	2048
cn106_cn106_5622 0	0	0.000000	S	6696	2048
cn106_cn106_5635 0	0	0.000000	S	6707	2048
cn106_cn106_5657 0	0	0.000000	S	6727	2048
cn106_cn106_5663 0	0	0.000000	S	6731	2048
cn106_cn106_5667 0	0	0.000000	S	6733	2048
cn106_cn106_5669 0	0	0.000000	S	6734	2048
cn106_cn106_5672 0	0	0.000000	S	6735	2048
cn106_cn106_5674 0	0	0.000000	S	6736	2048
cn106_cn106_5693 0	0	0.000000	S	6751	2048
cn106_cn106_5713 0	0	0.000000	S	6767	2048
cn106_cn106_5721 0	0	0.000000	S	6774	2048
cn106_cn106_5737 0	0	0.000000	S	6789	2048
cn106_cn106_5749 0	0	0.000000	S	6800	2048
cn106_cn106_5761 0	0	0.000000	S	6811	2048
cn106_cn106_5768 0	0	0.000000	S	6817	2048
cn106_cn106_5772 0	0	0.000000	S	6820	2048
cn106_cn106_5774 0	0	0.000000	S	6821	2048
cn106_cn106_5777 0	0	0.000000	S	6823	2048
cn106_cn106_5784 0	0	0.000000	S	6829	2048
cn101_cn106_17238 1	0	0.024000	S	6664	0
cn101_cn106_17239 1	0	0.024000	S	6665	0
cn101_cn106_17240 1	0	0.024000	S	6667	0
cn101_cn106_17241 1	0	0.024000	S	6668	0
cn101_cn106_17242 1	0	0.024000	S	6669	0
cn101_cn106_17243 1	0	0.024000	S	6670	0
cn101_cn106_17244 1	0	0.024000	S	6672	0
cn101_cn106_17245 1	0	0.024000	S	6675	0
cn101_cn106_17260 1	0	0.024000	S	6678	0
cn101_cn106_17268 1	0	0.024000	S	6681	0
cn106_cn106_5793 0	0	0.000000	S	6837	2048
cn106_cn106_5803 0	0	0.000000	S	6846	2048
cn101_cn106_17278 1	0	0.024000	S	6687	0
cn101_cn106_17281 1	0	0.024000	S	6688	0
cn106_cn106_5806 0	0	0.000000	S	6848	2048
cn101_cn106_17284 1	0	0.024000	S	6689	0
cn101_cn106_17287 1	0	0.024000	S	6690	0
cn101_cn106_17290 1	0	0.024000	S	6692	0
cn101_cn106_17294 1	0	0.024000	S	6694	0
cn101_cn106_17295 1	0	0.024000	S	6695	0
cn101_cn106_17297 1	0	0.024000	S	6697	0
cn101_cn106_17298 1	0	0.024000	S	6698	0
cn106_cn106_5824 0	0	0.000000	S	6864	2048
cn106_cn106_5826 0	0	0.000000	S	6865	2048
cn106_cn106_5822 0	0	0.000000	S	6863	2048
cn101_cn106_17302 1	0	0.024000	S	6702	0
cn101_cn106_17304 1	0	0.024000	S	6703	0
cn101_cn106_17307 1	0	0.024000	S	6704	0
cn106_cn106_5828 0	0	0.000000	S	6866	2048
cn101_cn106_17315 1	0	0.024000	S	6706	0
cn101_cn106_17312 1	0	0.024000	S	6705	0
cn106_cn106_5831 0	0	0.000000	S	6868	2048
cn101_cn106_17319 1	0	0.024000	S	6708	0
cn101_cn106_17323 1	0	0.024000	S	6710	0
cn101_cn106_17329 1	0	0.024000	S	6711	0
cn106_cn106_5836 0	0	0.000000	S	6872	2048
cn101_cn106_17337 1	0	0.024000	S	6712	0
cn101_cn106_17340 1	0	0.024000	S	6713	0
cn106_cn106_5850 0	0	0.000000	S	6885	2048
cn101_cn106_17343 1	0	0.024000	S	6715	0
cn101_cn106_17347 1	0	0.024000	S	6716	0
cn101_cn106_17350 1	0	0.024000	S	6717	0
cn101_cn106_17355 1	0	0.024000	S	6718	0
cn106_cn106_5862 0	0	0.000000	S	6896	2048
cn101_cn106_17358 1	0	0.024000	S	6719	0
cn101_cn106_17365 1	0	0.024000	S	6721	0
cn101_cn106_17369 1	0	0.024000	S	6722	0
cn101_cn106_17375 1	0	0.024000	S	6723	0
cn101_cn106_17379 1	0	0.024000	S	6729	0
cn101_cn106_17382 1	0	0.024000	S	6730	0
cn101_cn106_17405 1	0	0.024000	S	6737	0
cn101_cn106_17409 1	0	0.024000	S	6738	0
cn101_cn106_17413 1	0	0.024000	S	6739	0
cn101_cn106_17415 1	0	0.024000	S	6742	0
cn101_cn106_17416 1	0	0.024000	S	6743	0
cn106_cn106_5901 0	0	0.000000	S	6934	2048
cn101_cn106_17418 1	0	0.024000	S	6744	0
cn101_cn106_17425 1	0	0.024000	S	6745	0
cn101_cn106_17428 1	0	0.024000	S	6747	0
cn106_cn106_5907 0	0	0.000000	S	6939	2048
cn101_cn106_17433 1	0	0.024000	S	6748	0
cn101_cn106_17438 1	0	0.024000	S	6749	0
cn101_cn106_17441 1	0	0.024000	S	6752	0
cn101_cn106_17448 1	0	0.024000	S	6753	0
cn101_cn106_17450 1	0	0.024000	S	6758	0
cn101_cn106_17454 1	0	0.024000	S	6760	0
cn106_cn106_5942 0	0	0.000000	S	6973	2048
cn106_cn106_5954 0	0	0.000000	S	6984	2048
cn106_cn106_5962 0	0	0.000000	S	6991	2048
cn106_cn106_5969 0	0	0.000000	S	6997	2048
cn106_cn106_5986 0	0	0.000000	S	7012	2048
cn106_cn106_5984 0	0	0.000000	S	7011	2048
cn106_cn106_6009 0	0	0.000000	S	7034	2048
cn106_cn106_6027 0	0	0.000000	S	7051	2048
cn106_cn106_6036 0	0	0.000000	S	7059	2048
cn106_cn106_6045 0	0	0.000000	S	7065	2048
cn106_cn106_6047 0	0	0.000000	S	7066	2048
cn106_cn106_6049 0	0	0.000000	S	7067	2048
cn106_cn106_6054 0	0	0.000000	S	7071	2048
cn106_cn106_6058 0	0	0.000000	S	7074	2048
cn106_cn106_6062 0	0	0.000000	S	7077	2048
cn106_cn106_6091 0	0	0.000000	S	7099	2048
cn106_cn106_6115 0	0	0.000000	S	7110	2048
cn106_cn106_6130 0	0	0.000000	S	7120	2048
cn106_cn106_6142 0	0	0.000000	S	7131	2048
cn106_cn106_6159 0	0	0.000000	S	7145	2048
cn106_cn106_6182 0	0	0.000000	S	7164	2048
cn106_cn106_6193 0	0	0.000000	S	7173	2048
cn106_cn106_6199 0	0	0.000000	S	7178	2048
cn106_cn106_6220 0	0	0.000000	S	7196	2048
cn106_cn106_6244 0	0	0.000000	S	7215	2048
cn106_cn106_6249 0	0	0.000000	S	7219	2048
cn106_cn106_6269 0	0	0.000000	S	7238	2048
cn106_cn106_6280 0	0	0.000000	S	7248	2048
cn106_cn106_6292 0	0	0.000000	S	7259	2048
cn106_cn106_6307 0	0	0.000000	S	7273	2048
cn106_cn106_6334 0	0	0.000000	S	7299	2048
cn106_cn106_6348 0	0	0.000000	S	7312	2048
cn106_cn106_6377 0	0	0.000000	S	7340	2048
cn106_cn106_6388 0	0	0.000000	S	7350	2048
cn106_cn106_6392 0	0	0.000000	S	7353	2048
cn106_cn106_6400 0	0	0.000000	S	7360	2048
cn106_cn106_6417 0	0	0.000000	S	7376	2048
cn106_cn106_6419 0	0	0.000000	S	7377	2048
cn106_cn106_6421 0	0	0.000000	S	7378	2048
cn106_cn106_6424 0	0	0.000000	S	7380	2048
cn106_cn106_6429 0	0	0.000000	S	7384	2048
cn106_cn106_6445 0	0	0.000000	S	7399	2048
cn106_cn106_6455 0	0	0.000000	S	7408	2048
cn106_cn106_6474 0	0	0.000000	S	7426	2048
cn106_cn106_6481 0	0	0.000000	S	7432	2048
cn106_cn106_6484 0	0	0.000000	S	7434	2048
cn106_cn106_6486 0	0	0.000000	S	7435	2048
cn106_cn106_6490 0	0	0.000000	S	7438	2048
cn106_cn106_6494 0	0	0.000000	S	7441	2048
cn106_cn106_6504 0	0	0.000000	S	7450	2048
cn106_cn106_6521 0	0	0.000000	S	7466	2048
cn106_cn106_6534 0	0	0.000000	S	7478	2048
cn106_cn106_6542 0	0	0.000000	S	7485	2048
cn106_cn106_6556 0	0	0.000000	S	7498	2048
cn106_cn106_6570 0	0	0.000000	S	7511	2048
cn106_cn106_6583 0	0	0.000000	S	7523	2048
cn106_cn106_6585 0	0	0.000000	S	7524	2048
cn106_cn106_6606 0	0	0.000000	S	7544	2048
cn106_cn106_6625 0	0	0.000000	S	7562	2048
cn106_cn106_6638 0	0	0.000000	S	7574	2048
cn106_cn106_6655 0	0	0.000000	S	7590	2048
cn106_cn106_6668 0	0	0.000000	S	7602	2048
cn106_cn106_6671 0	0	0.000000	S	7604	2048
cn106_cn106_6674 0	0	0.000000	S	7606	2048
cn106_cn106_6676 0	0	0.000000	S	7607	2048
cn106_cn106_6684 0	0	0.000000	S	7614	2048
cn106_cn106_6703 0	0	0.000000	S	7632	2048
cn106_cn106_6742 0	0	0.000000	S	7670	2048
cn106_cn106_6748 0	0	0.000000	S	7675	2048
cn106_cn106_6770 0	0	0.000000	S	7696	2048
cn106_cn106_6813 0	0	0.000000	S	7738	2048
cn106_cn106_6817 0	0	0.000000	S	7741	2048
cn106_cn106_6821 0	0	0.000000	S	7744	2048
cn106_cn106_6837 0	0	0.000000	S	7759	2048
cn106_cn106_6841 0	0	0.000000	S	7761	2048
cn106_cn106_6839 0	0	0.000000	S	7760	2048
cn106_cn106_6843 0	0	0.000000	S	7762	2048
cn106_cn106_6846 0	0	0.000000	S	7764	2048
cn106_cn106_6851 0	0	0.000000	S	7768	2048
cn106_cn106_6863 0	0	0.000000	S	7779	2048
cn106_cn106_6873 0	0	0.000000	S	7788	2048
cn106_cn106_6878 0	0	0.000000	S	7792	2048
cn106_cn106_6895 0	0	0.000000	S	7808	2048
cn106_cn106_6910 0	0	0.000000	S	7822	2048
cn106_cn106_6913 0	0	0.000000	S	7824	2048
cn106_cn106_6915 0	0	0.000000	S	7825	2048
cn106_cn106_6917 0	0	0.000000	S	7826	2048
cn106_cn106_6920 0	0	0.000000	S	7828	2048
cn106_cn106_6925 0	0	0.000000	S	7832	2048
cn106_cn106_6939 0	0	0.000000	S	7845	2048
cn106_cn106_6951 0	0	0.000000	S	7856	2048
cn106_cn106_6968 0	0	0.000000	S	7872	2048
cn106_cn106_6970 0	0	0.000000	S	7873	2048
cn106_cn106_6972 0	0	0.000000	S	7874	2048
cn106_cn106_6975 0	0	0.000000	S	7876	2048
cn106_cn106_6980 0	0	0.000000	S	7880	2048
cn106_cn106_6989 0	0	0.000000	S	7888	2048
cn106_cn106_6991 0	0	0.000000	S	7889	2048
cn106_cn106_6993 0	0	0.000000	S	7890	2048
cn106_cn106_6995 0	0	0.000000	S	7891	2048
cn106_cn106_6997 0	0	0.000000	S	7892	2048
cn106_cn106_6999 0	0	0.000000	S	7893	2048
cn106_cn106_7004 0	0	0.000000	S	7896	2048
cn106_cn106_7006 0	0	0.000000	S	7897	2048
cn106_cn106_7008 0	0	0.000000	S	7898	2048
cn106_cn106_7001 0	0	0.000000	S	7894	2048
cn106_cn106_7011 0	0	0.000000	S	7900	2048
cn106_cn106_7016 0	0	0.000000	S	7904	2048
cn106_cn106_7033 0	0	0.000000	S	7920	2048
cn106_cn106_7035 0	0	0.000000	S	7921	2048
cn106_cn106_7037 0	0	0.000000	S	7922	2048
cn106_cn106_7040 0	0	0.000000	S	7924	2048
cn106_cn106_7045 0	0	0.000000	S	7928	2048
cn102_cn106_7320 1	0	0.020000	S	6673	512
cn102_cn106_7360 1	0	0.020000	S	6679	512
cn106_cn106_7053 0	0	0.000000	S	7935	2048
cn102_cn106_7358 1	0	0.020000	S	6677	512
cn102_cn106_7356 1	0	0.020000	S	6676	512
cn102_cn106_7362 1	0	0.020000	S	6685	512
cn102_cn106_7369 1	0	0.020000	S	6700	512
cn102_cn106_7373 1	0	0.020000	S	6709	512
cn102_cn106_7374 1	0	0.020000	S	6728	512
cn102_cn106_7375 1	0	0.020000	S	6741	512
cn102_cn106_7376 1	0	0.020000	S	6750	512
cn106_cn106_7059 0	0	0.000000	S	7940	2048
cn102_cn106_7377 1	0	0.020000	S	6759	512
cn106_cn106_7066 0	0	0.000000	S	7946	2048
cn106_cn106_7086 0	0	0.000000	S	7965	2048
cn106_cn106_7093 0	0	0.000000	S	7971	2048
cn106_cn106_7104 0	0	0.000000	S	7981	2048
cn106_cn106_7113 0	0	0.000000	S	7989	2048
cn106_cn106_7118 0	0	0.000000	S	7993	2048
cn106_cn106_7124 0	0	0.000000	S	7997	2048
cn106_cn106_7127 0	0	0.000000	S	7999	2048
cn106_cn106_7132 0	0	0.000000	S	8003	2048
cn106_cn106_7122 0	0	0.000000	S	7996	2048
cn106_cn106_7146 0	0	0.000000	S	8016	2048
cn106_cn106_7166 0	0	0.000000	S	8034	2048
cn106_cn106_7168 0	0	0.000000	S	8035	2048
cn106_cn106_7164 0	0	0.000000	S	8033	2048
cn106_cn106_7173 0	0	0.000000	S	8039	2048
cn106_cn106_7178 0	0	0.000000	S	8043	2048
cn106_cn106_7187 0	0	0.000000	S	8051	2048
cn106_cn106_7198 0	0	0.000000	S	8061	2048
cn106_cn106_7209 0	0	0.000000	S	8071	2048
cn106_cn106_7219 0	0	0.000000	S	8080	2048
cn106_cn106_7231 0	0	0.000000	S	8091	2048
cn106_cn106_7245 0	0	0.000000	S	8104	2048
cn106_cn106_7260 0	0	0.000000	S	8118	2048
cn106_cn106_7268 0	0	0.000000	S	8125	2048
cn106_cn106_7272 0	0	0.000000	S	8128	2048
cn106_cn106_7289 0	0	0.000000	S	8144	2048
cn106_cn106_7291 0	0	0.000000	S	8145	2048
cn106_cn106_7293 0	0	0.000000	S	8146	2048
cn106_cn106_7296 0	0	0.000000	S	8148	2048
cn106_cn106_7301 0	0	0.000000	S	8152	2048
cn106_cn106_7313 0	0	0.000000	S	8163	2048
cn106_cn106_7325 0	0	0.000000	S	8174	2048
cn106_cn106_7328 0	0	0.000000	S	8176	2048
cn106_cn106_7352 0	0	0.000000	S	8199	2048
cn106_cn106_7365 0	0	0.000000	S	8211	2048
cn104_cn106_6149 1	0	0.055000	S	6666	1024
cn106_cn106_7368 0	0	0.000000	S	8213	2048
cn104_cn106_6168 1	0	0.055000	S	6680	1024
cn104_cn106_6163 1	0	0.055000	S	6674	1024
cn106_cn106_7370 0	0	0.000000	S	8214	2048
cn104_cn106_6175 1	0	0.055000	S	6683	1024
cn106_cn106_7372 0	0	0.000000	S	8215	2048
cn104_cn106_6169 1	0	0.055000	S	6682	1024
cn104_cn106_6181 1	0	0.055000	S	6686	1024
cn104_cn106_6192 1	0	0.055000	S	6701	1024
cn104_cn106_6195 1	0	0.055000	S	6714	1024
cn104_cn106_6204 1	0	0.055000	S	6725	1024
cn104_cn106_6201 1	0	0.055000	S	6724	1024
cn104_cn106_6206 1	0	0.055000	S	6726	1024
cn104_cn106_6210 1	0	0.055000	S	6732	1024
cn104_cn106_6198 1	0	0.055000	S	6720	1024
cn104_cn106_6187 1	0	0.055000	S	6691	1024
cn106_cn106_7381 0	0	0.000000	S	8223	2048
cn104_cn106_6220 1	0	0.055000	S	6740	1024
cn104_cn106_6225 1	0	0.055000	S	6746	1024
cn104_cn106_6231 1	0	0.055000	S	6756	1024
cn106_cn106_7394 0	0	0.000000	S	8235	2048
cn106_cn106_7407 0	0	0.000000	S	8247	2048
cn106_cn106_7440 0	0	0.000000	S	8279	2048
cn106_cn106_7444 0	0	0.000000	S	8282	2048
cn106_cn106_7468 0	0	0.000000	S	8305	2048
cn101_cn106_19763 1	0	0.024000	S	6763	0
cn101_cn106_19764 1	0	0.024000	S	6762	0
cn101_cn106_19773 1	0	0.024000	S	6765	0
cn101_cn106_19776 1	0	0.024000	S	6764	0
cn101_cn106_19784 1	0	0.024000	S	6766	0
cn101_cn106_19786 1	0	0.024000	S	6768	0
cn101_cn106_19793 1	0	0.024000	S	6769	0
cn101_cn106_19809 1	0	0.024000	S	6771	0
cn101_cn106_19817 1	0	0.024000	S	6772	0
cn101_cn106_19829 1	0	0.024000	S	6773	0
cn101_cn106_19847 1	0	0.024000	S	6776	0
cn101_cn106_19862 1	0	0.024000	S	6778	0
cn101_cn106_19872 1	0	0.024000	S	6779	0
cn101_cn106_19876 1	0	0.024000	S	6780	0
cn101_cn106_19883 1	0	0.024000	S	6781	0
cn101_cn106_19905 1	0	0.024000	S	6785	0
cn101_cn106_19907 1	0	0.024000	S	6786	0
cn101_cn106_19910 1	0	0.024000	S	6787	0
cn101_cn106_19911 1	0	0.024000	S	6788	0
cn101_cn106_19914 1	0	0.024000	S	6790	0
cn101_cn106_19918 1	0	0.024000	S	6792	0
cn101_cn106_19916 1	0	0.024000	S	6791	0
cn101_cn106_19921 1	0	0.024000	S	6794	0
cn101_cn106_19919 1	0	0.024000	S	6793	0
cn101_cn106_19941 1	0	0.024000	S	6795	0
cn101_cn106_19945 1	0	0.024000	S	6796	0
cn101_cn106_19951 1	0	0.024000	S	6797	0
cn101_cn106_19955 1	0	0.024000	S	6798	0
cn101_cn106_19971 1	0	0.024000	S	6802	0
cn101_cn106_19974 1	0	0.024000	S	6803	0
cn101_cn106_19978 1	0	0.024000	S	6804	0
cn101_cn106_19988 1	0	0.024000	S	6806	0
cn101_cn106_19992 1	0	0.024000	S	6807	0
cn101_cn106_19995 1	0	0.024000	S	6809	0
cn101_cn106_20004 1	0	0.024000	S	6812	0
cn101_cn106_20010 1	0	0.024000	S	6813	0
cn101_cn106_20020 1	0	0.024000	S	6815	0
cn101_cn106_20026 1	0	0.024000	S	6819	0
cn101_cn106_20023 1	0	0.024000	S	6818	0
cn101_cn106_20028 1	0	0.024000	S	6822	0
cn101_cn106_20029 1	0	0.024000	S	6824	0
cn101_cn106_20031 1	0	0.024000	S	6825	0
cn101_cn106_20033 1	0	0.024000	S	6826	0
cn101_cn106_20035 1	0	0.024000	S	6827	0
cn101_cn106_20036 1	0	0.024000	S	6828	0
cn101_cn106_20042 1	0	0.024000	S	6830	0
cn101_cn106_20043 1	0	0.024000	S	6831	0
cn101_cn106_20045 1	0	0.024000	S	6832	0
cn101_cn106_20047 1	0	0.024000	S	6833	0
cn101_cn106_20057 1	0	0.024000	S	6836	0
cn101_cn106_20058 1	0	0.024000	S	6838	0
cn101_cn106_20061 1	0	0.024000	S	6754	0
cn101_cn106_20063 1	0	0.024000	S	6755	0
cn101_cn106_20049 1	0	0.024000	S	6834	0
cn101_cn106_20066 1	0	0.024000	S	6761	0
cn101_cn106_20064 1	0	0.024000	S	6757	0
cn101_cn106_20071 1	0	0.024000	S	6840	0
cn101_cn106_20069 1	0	0.024000	S	6841	0
cn101_cn106_20076 1	0	0.024000	S	6843	0
cn101_cn106_20077 1	0	0.024000	S	6845	0
cn101_cn106_20075 1	0	0.024000	S	6842	0
cn101_cn106_20081 1	0	0.024000	S	6850	0
cn101_cn106_20087 1	0	0.024000	S	6851	0
cn101_cn106_20084 1	0	0.024000	S	6853	0
cn101_cn106_20089 1	0	0.024000	S	6855	0
cn101_cn106_20092 1	0	0.024000	S	6847	0
cn101_cn106_20094 1	0	0.024000	S	6861	0
cn101_cn106_20093 1	0	0.024000	S	6859	0
cn101_cn106_20096 1	0	0.024000	S	6860	0
cn101_cn106_20099 1	0	0.024000	S	6862	0
cn101_cn106_20113 1	0	0.024000	S	6858	0
cn101_cn106_20101 1	0	0.024000	S	6867	0
cn101_cn106_20114 1	0	0.024000	S	6870	0
cn101_cn106_20115 1	0	0.024000	S	6856	0
cn101_cn106_20118 1	0	0.024000	S	6873	0
cn101_cn106_20116 1	0	0.024000	S	6869	0
cn101_cn106_20138 1	0	0.024000	S	6878	0
cn101_cn106_20136 1	0	0.024000	S	6876	0
cn101_cn106_20145 1	0	0.024000	S	6880	0
cn101_cn106_20142 1	0	0.024000	S	6879	0
cn101_cn106_20152 1	0	0.024000	S	6882	0
cn101_cn106_20165 1	0	0.024000	S	6877	0
cn101_cn106_20159 1	0	0.024000	S	6881	0
cn101_cn106_20170 1	0	0.024000	S	6874	0
cn101_cn106_20171 1	0	0.024000	S	6883	0
cn101_cn106_20177 1	0	0.024000	S	6884	0
cn101_cn106_20175 1	0	0.024000	S	6886	0
cn101_cn106_20180 1	0	0.024000	S	6888	0
cn101_cn106_20182 1	0	0.024000	S	6889	0
cn101_cn106_20185 1	0	0.024000	S	6891	0
cn101_cn106_20186 1	0	0.024000	S	6892	0
cn101_cn106_20191 1	0	0.024000	S	6890	0
cn101_cn106_20188 1	0	0.024000	S	6894	0
cn101_cn106_20193 1	0	0.024000	S	6898	0
cn101_cn106_20195 1	0	0.024000	S	6895	0
cn101_cn106_20204 1	0	0.024000	S	6897	0
cn101_cn106_20207 1	0	0.024000	S	6904	0
cn101_cn106_20209 1	0	0.024000	S	6905	0
cn101_cn106_20213 1	0	0.024000	S	6906	0
cn101_cn106_20216 1	0	0.024000	S	6908	0
cn101_cn106_20217 1	0	0.024000	S	6910	0
cn101_cn106_20220 1	0	0.024000	S	6909	0
cn101_cn106_20218 1	0	0.024000	S	6907	0
cn101_cn106_20221 1	0	0.024000	S	6912	0
cn101_cn106_20222 1	0	0.024000	S	6914	0
cn101_cn106_20223 1	0	0.024000	S	6917	0
cn101_cn106_20224 1	0	0.024000	S	6915	0
cn101_cn106_20225 1	0	0.024000	S	6918	0
cn101_cn106_20226 1	0	0.024000	S	6921	0
cn101_cn106_20227 1	0	0.024000	S	6920	0
cn101_cn106_20228 1	0	0.024000	S	6919	0
cn101_cn106_20229 1	0	0.024000	S	6924	0
cn101_cn106_20230 1	0	0.024000	S	6925	0
cn101_cn106_20231 1	0	0.024000	S	6916	0
cn101_cn106_20232 1	0	0.024000	S	6928	0
cn101_cn106_20234 1	0	0.024000	S	6926	0
cn101_cn106_20233 1	0	0.024000	S	6929	0
cn101_cn106_20236 1	0	0.024000	S	6932	0
cn101_cn106_20235 1	0	0.024000	S	6922	0
cn101_cn106_20238 1	0	0.024000	S	6931	0
cn101_cn106_20239 1	0	0.024000	S	6935	0
cn101_cn106_20242 1	0	0.024000	S	6936	0
cn101_cn106_20244 1	0	0.024000	S	6927	0
cn101_cn106_20248 1	0	0.024000	S	6930	0
cn101_cn106_20250 1	0	0.024000	S	6937	0
cn101_cn106_20252 1	0	0.024000	S	6940	0
cn101_cn106_20256 1	0	0.024000	S	6945	0
cn101_cn106_20254 1	0	0.024000	S	6943	0
cn101_cn106_20258 1	0	0.024000	S	6944	0
cn101_cn106_20259 1	0	0.024000	S	6946	0
cn101_cn106_20273 1	0	0.024000	S	6948	0
cn101_cn106_20275 1	0	0.024000	S	6949	0
cn101_cn106_20279 1	0	0.024000	S	6951	0
cn101_cn106_20277 1	0	0.024000	S	6952	0
cn101_cn106_20280 1	0	0.024000	S	6950	0
cn101_cn106_20282 1	0	0.024000	S	6957	0
cn101_cn106_20283 1	0	0.024000	S	6960	0
cn101_cn106_20284 1	0	0.024000	S	6956	0
cn101_cn106_20286 1	0	0.024000	S	6962	0
cn101_cn106_20287 1	0	0.024000	S	6961	0
cn101_cn106_20288 1	0	0.024000	S	6963	0
cn101_cn106_20290 1	0	0.024000	S	6964	0
cn101_cn106_20289 1	0	0.024000	S	6965	0
cn101_cn106_20291 1	0	0.024000	S	6969	0
cn101_cn106_20293 1	0	0.024000	S	6966	0
cn101_cn106_20294 1	0	0.024000	S	6970	0
cn101_cn106_20296 1	0	0.024000	S	6972	0
cn101_cn106_20297 1	0	0.024000	S	6968	0
cn101_cn106_20298 1	0	0.024000	S	6976	0
cn101_cn106_20300 1	0	0.024000	S	6974	0
cn101_cn106_20302 1	0	0.024000	S	6978	0
cn101_cn106_20303 1	0	0.024000	S	6975	0
cn101_cn106_20304 1	0	0.024000	S	6979	0
cn101_cn106_20305 1	0	0.024000	S	6983	0
cn101_cn106_20307 1	0	0.024000	S	6981	0
cn101_cn106_20309 1	0	0.024000	S	6985	0
cn101_cn106_20308 1	0	0.024000	S	6986	0
cn101_cn106_20310 1	0	0.024000	S	6988	0
cn101_cn106_20312 1	0	0.024000	S	6989	0
cn101_cn106_20313 1	0	0.024000	S	6994	0
cn101_cn106_20316 1	0	0.024000	S	6993	0
cn101_cn106_20314 1	0	0.024000	S	6995	0
cn101_cn106_20317 1	0	0.024000	S	6992	0
cn101_cn106_20319 1	0	0.024000	S	7000	0
cn101_cn106_20323 1	0	0.024000	S	7001	0
cn101_cn106_20325 1	0	0.024000	S	6982	0
cn101_cn106_20321 1	0	0.024000	S	6996	0
cn101_cn106_20330 1	0	0.024000	S	7010	0
cn101_cn106_20433 1	0	0.024000	S	6782	0
cn101_cn106_20435 1	0	0.024000	S	7009	0
cn101_cn106_20446 1	0	0.024000	S	6783	0
cn101_cn106_20449 1	0	0.024000	S	7017	0
cn101_cn106_20453 1	0	0.024000	S	7018	0
cn101_cn106_20447 1	0	0.024000	S	6784	0
cn101_cn106_20454 1	0	0.024000	S	7020	0
cn101_cn106_20456 1	0	0.024000	S	7021	0
cn101_cn106_20457 1	0	0.024000	S	7022	0
cn101_cn106_20459 1	0	0.024000	S	7023	0
cn101_cn106_20462 1	0	0.024000	S	7025	0
cn101_cn106_20465 1	0	0.024000	S	7024	0
cn101_cn106_20466 1	0	0.024000	S	7026	0
cn101_cn106_20478 1	0	0.024000	S	7028	0
cn101_cn106_20499 1	0	0.024000	S	7032	0
cn101_cn106_20501 1	0	0.024000	S	7033	0
cn101_cn106_20511 1	0	0.024000	S	7035	0
cn101_cn106_20517 1	0	0.024000	S	7036	0
cn101_cn106_20525 1	0	0.024000	S	7037	0
cn101_cn106_20563 1	0	0.024000	S	7040	0
cn101_cn106_20575 1	0	0.024000	S	7043	0
cn101_cn106_20589 1	0	0.024000	S	7044	0
cn101_cn106_20598 1	0	0.024000	S	7045	0
cn101_cn106_20599 1	0	0.024000	S	7046	0
cn101_cn106_20608 1	0	0.024000	S	7048	0
cn101_cn106_20616 1	0	0.024000	S	7047	0
cn101_cn106_20621 1	0	0.024000	S	7049	0
cn101_cn106_20630 1	0	0.024000	S	7050	0
cn101_cn106_20639 1	0	0.024000	S	7052	0
cn101_cn106_20644 1	0	0.024000	S	7053	0
cn101_cn106_20657 1	0	0.024000	S	7055	0
cn101_cn106_20662 1	0	0.024000	S	7054	0
cn101_cn106_20674 1	0	0.024000	S	7057	0
cn101_cn106_20694 1	0	0.024000	S	7056	0
cn101_cn106_20703 1	0	0.024000	S	7061	0
cn101_cn106_20714 1	0	0.024000	S	6814	0
cn101_cn106_20716 1	0	0.024000	S	7068	0
cn101_cn106_20717 1	0	0.024000	S	7069	0
cn101_cn106_20719 1	0	0.024000	S	7070	0
cn101_cn106_20729 1	0	0.024000	S	7072	0
cn101_cn106_20738 1	0	0.024000	S	7073	0
cn101_cn106_20772 1	0	0.024000	S	7075	0
cn101_cn106_20778 1	0	0.024000	S	7076	0
cn101_cn106_20787 1	0	0.024000	S	7080	0
cn101_cn106_20797 1	0	0.024000	S	7005	0
cn101_cn106_20800 1	0	0.024000	S	7003	0
cn101_cn106_20803 1	0	0.024000	S	7013	0
cn101_cn106_20804 1	0	0.024000	S	7008	0
cn101_cn106_20807 1	0	0.024000	S	7014	0
cn101_cn106_20810 1	0	0.024000	S	7085	0
cn101_cn106_20812 1	0	0.024000	S	7086	0
cn101_cn106_20814 1	0	0.024000	S	7084	0
cn101_cn106_20815 1	0	0.024000	S	7087	0
cn101_cn106_20818 1	0	0.024000	S	7088	0
cn101_cn106_20819 1	0	0.024000	S	7089	0
cn101_cn106_20821 1	0	0.024000	S	7090	0
cn101_cn106_20823 1	0	0.024000	S	7096	0
cn101_cn106_20824 1	0	0.024000	S	7092	0
cn101_cn106_20825 1	0	0.024000	S	7098	0
cn101_cn106_20827 1	0	0.024000	S	7097	0
cn101_cn106_20829 1	0	0.024000	S	7100	0
cn101_cn106_20832 1	0	0.024000	S	7102	0
cn101_cn106_20834 1	0	0.024000	S	7106	0
cn101_cn106_20836 1	0	0.024000	S	7108	0
cn101_cn106_20837 1	0	0.024000	S	7112	0
cn101_cn106_20840 1	0	0.024000	S	7114	0
cn101_cn106_20843 1	0	0.024000	S	7115	0
cn101_cn106_20845 1	0	0.024000	S	7116	0
cn101_cn106_20848 1	0	0.024000	S	7117	0
cn101_cn106_20851 1	0	0.024000	S	7118	0
cn101_cn106_20855 1	0	0.024000	S	7119	0
cn101_cn106_20859 1	0	0.024000	S	7122	0
cn101_cn106_20860 1	0	0.024000	S	7129	0
cn101_cn106_20864 1	0	0.024000	S	7130	0
cn101_cn106_20868 1	0	0.024000	S	7124	0
cn101_cn106_20870 1	0	0.024000	S	7133	0
cn101_cn106_20872 1	0	0.024000	S	7132	0
cn101_cn106_20874 1	0	0.024000	S	7136	0
cn101_cn106_20877 1	0	0.024000	S	7138	0
cn101_cn106_20879 1	0	0.024000	S	7140	0
cn101_cn106_20880 1	0	0.024000	S	7144	0
cn101_cn106_20883 1	0	0.024000	S	7148	0
cn101_cn106_20882 1	0	0.024000	S	7147	0
cn101_cn106_20885 1	0	0.024000	S	7149	0
cn101_cn106_20893 1	0	0.024000	S	7146	0
cn101_cn106_20894 1	0	0.024000	S	7150	0
cn101_cn106_20895 1	0	0.024000	S	7152	0
cn101_cn106_20896 1	0	0.024000	S	7162	0
cn101_cn106_20897 1	0	0.024000	S	7161	0
cn101_cn106_20901 1	0	0.024000	S	7168	0
cn101_cn106_20903 1	0	0.024000	S	7169	0
cn101_cn106_20906 1	0	0.024000	S	7170	0
cn101_cn106_20909 1	0	0.024000	S	7175	0
cn101_cn106_20915 1	0	0.024000	S	7176	0
cn101_cn106_20913 1	0	0.024000	S	7174	0
cn101_cn106_20928 1	0	0.024000	S	7181	0
cn101_cn106_20922 1	0	0.024000	S	7180	0
cn101_cn106_20929 1	0	0.024000	S	7183	0
cn101_cn106_20938 1	0	0.024000	S	7184	0
cn101_cn106_20939 1	0	0.024000	S	7185	0
cn101_cn106_20940 1	0	0.024000	S	7187	0
cn101_cn106_20941 1	0	0.024000	S	7186	0
cn101_cn106_20942 1	0	0.024000	S	7189	0
cn101_cn106_20947 1	0	0.024000	S	7190	0
cn101_cn106_20951 1	0	0.024000	S	7191	0
cn101_cn106_20952 1	0	0.024000	S	7194	0
cn101_cn106_20957 1	0	0.024000	S	7193	0
cn101_cn106_20955 1	0	0.024000	S	7195	0
cn101_cn106_20958 1	0	0.024000	S	7197	0
cn101_cn106_20961 1	0	0.024000	S	7198	0
cn101_cn106_20962 1	0	0.024000	S	7199	0
cn101_cn106_20966 1	0	0.024000	S	7201	0
cn101_cn106_20969 1	0	0.024000	S	7203	0
cn101_cn106_20974 1	0	0.024000	S	7206	0
cn101_cn106_20971 1	0	0.024000	S	7204	0
cn101_cn106_20973 1	0	0.024000	S	7205	0
cn101_cn106_20968 1	0	0.024000	S	7202	0
cn101_cn106_20975 1	0	0.024000	S	7207	0
cn101_cn106_20978 1	0	0.024000	S	7209	0
cn101_cn106_20982 1	0	0.024000	S	7211	0
cn101_cn106_20996 1	0	0.024000	S	7212	0
cn101_cn106_20995 1	0	0.024000	S	7210	0
cn101_cn106_21003 1	0	0.024000	S	7218	0
cn101_cn106_21001 1	0	0.024000	S	7214	0
cn101_cn106_21002 1	0	0.024000	S	7217	0
cn101_cn106_21005 1	0	0.024000	S	7222	0
cn101_cn106_21006 1	0	0.024000	S	7221	0
cn101_cn106_21004 1	0	0.024000	S	7220	0
cn101_cn106_21028 1	0	0.024000	S	7230	0
cn101_cn106_21034 1	0	0.024000	S	7232	0
cn101_cn106_21035 1	0	0.024000	S	7229	0
cn101_cn106_21032 1	0	0.024000	S	7231	0
cn101_cn106_21037 1	0	0.024000	S	7236	0
cn101_cn106_21010 1	0	0.024000	S	7223	0
cn101_cn106_21047 1	0	0.024000	S	7240	0
cn101_cn106_21041 1	0	0.024000	S	7237	0
cn101_cn106_21045 1	0	0.024000	S	7241	0
cn101_cn106_21056 1	0	0.024000	S	7246	0
cn101_cn106_21054 1	0	0.024000	S	7242	0
cn101_cn106_21057 1	0	0.024000	S	7245	0
cn101_cn106_21059 1	0	0.024000	S	7244	0
cn101_cn106_21060 1	0	0.024000	S	7249	0
cn101_cn106_21062 1	0	0.024000	S	7247	0
cn101_cn106_21063 1	0	0.024000	S	7253	0
cn101_cn106_21068 1	0	0.024000	S	7252	0
cn101_cn106_21067 1	0	0.024000	S	7250	0
cn101_cn106_21069 1	0	0.024000	S	7255	0
cn101_cn106_21072 1	0	0.024000	S	7260	0
cn101_cn106_21073 1	0	0.024000	S	7261	0
cn101_cn106_21074 1	0	0.024000	S	7263	0
cn101_cn106_21070 1	0	0.024000	S	7254	0
cn101_cn106_21071 1	0	0.024000	S	7258	0
cn101_cn106_21076 1	0	0.024000	S	7265	0
cn101_cn106_21088 1	0	0.024000	S	7268	0
cn101_cn106_21091 1	0	0.024000	S	7272	0
cn101_cn106_21075 1	0	0.024000	S	7264	0
cn101_cn106_21077 1	0	0.024000	S	7266	0
cn101_cn106_21080 1	0	0.024000	S	7270	0
cn101_cn106_21085 1	0	0.024000	S	7269	0
cn101_cn106_21094 1	0	0.024000	S	7275	0
cn101_cn106_21096 1	0	0.024000	S	7278	0
cn101_cn106_21093 1	0	0.024000	S	7274	0
cn101_cn106_21095 1	0	0.024000	S	7277	0
cn101_cn106_21079 1	0	0.024000	S	7257	0
cn101_cn106_21102 1	0	0.024000	S	7282	0
cn101_cn106_21101 1	0	0.024000	S	7279	0
cn101_cn106_21103 1	0	0.024000	S	7280	0
cn101_cn106_21114 1	0	0.024000	S	7284	0
cn101_cn106_21092 1	0	0.024000	S	7271	0
cn101_cn106_21115 1	0	0.024000	S	7286	0
cn101_cn106_21097 1	0	0.024000	S	7276	0
cn101_cn106_21109 1	0	0.024000	S	7281	0
cn101_cn106_21142 1	0	0.024000	S	7290	0
cn101_cn106_21143 1	0	0.024000	S	7289	0
cn101_cn106_21121 1	0	0.024000	S	7287	0
cn101_cn106_21116 1	0	0.024000	S	7285	0
cn101_cn106_21145 1	0	0.024000	S	7293	0
cn101_cn106_21107 1	0	0.024000	S	7283	0
cn101_cn106_21144 1	0	0.024000	S	7291	0
cn101_cn106_21147 1	0	0.024000	S	7295	0
cn101_cn106_21150 1	0	0.024000	S	7306	0
cn101_cn106_21149 1	0	0.024000	S	7305	0
cn101_cn106_21146 1	0	0.024000	S	7292	0
cn101_cn106_21152 1	0	0.024000	S	7307	0
cn101_cn106_21153 1	0	0.024000	S	7309	0
cn101_cn106_21154 1	0	0.024000	S	7310	0
cn101_cn106_21148 1	0	0.024000	S	7297	0
cn101_cn106_21157 1	0	0.024000	S	7315	0
cn101_cn106_21161 1	0	0.024000	S	7319	0
cn101_cn106_21156 1	0	0.024000	S	7314	0
cn101_cn106_21163 1	0	0.024000	S	7320	0
cn101_cn106_21165 1	0	0.024000	S	7321	0
cn101_cn106_21155 1	0	0.024000	S	7311	0
cn101_cn106_21168 1	0	0.024000	S	7060	0
cn101_cn106_21159 1	0	0.024000	S	7318	0
cn101_cn106_21158 1	0	0.024000	S	7317	0
cn101_cn106_21166 1	0	0.024000	S	7322	0
cn101_cn106_21316 1	0	0.024000	S	7064	0
cn101_cn106_21314 1	0	0.024000	S	7062	0
cn101_cn106_21338 1	0	0.024000	S	7324	0
cn101_cn106_21354 1	0	0.024000	S	7326	0
cn101_cn106_21359 1	0	0.024000	S	7325	0
cn101_cn106_21363 1	0	0.024000	S	7328	0
cn101_cn106_21370 1	0	0.024000	S	7329	0
cn101_cn106_21371 1	0	0.024000	S	7327	0
cn101_cn106_21422 1	0	0.024000	S	7334	0
cn101_cn106_21437 1	0	0.024000	S	7337	0
cn101_cn106_21420 1	0	0.024000	S	7082	0
cn101_cn106_21441 1	0	0.024000	S	7338	0
cn101_cn106_21445 1	0	0.024000	S	7342	0
cn101_cn106_21440 1	0	0.024000	S	7339	0
cn101_cn106_21444 1	0	0.024000	S	7341	0
cn101_cn106_21457 1	0	0.024000	S	7351	0
cn101_cn106_21447 1	0	0.024000	S	7343	0
cn101_cn106_21452 1	0	0.024000	S	7348	0
cn101_cn106_21454 1	0	0.024000	S	7345	0
cn101_cn106_21471 1	0	0.024000	S	7358	0
cn101_cn106_21460 1	0	0.024000	S	7355	0
cn101_cn106_21472 1	0	0.024000	S	7359	0
cn101_cn106_21467 1	0	0.024000	S	7354	0
cn101_cn106_21474 1	0	0.024000	S	7361	0
cn101_cn106_21476 1	0	0.024000	S	7365	0
cn101_cn106_21478 1	0	0.024000	S	7366	0
cn101_cn106_21455 1	0	0.024000	S	7349	0
cn101_cn106_21473 1	0	0.024000	S	7357	0
cn101_cn106_21479 1	0	0.024000	S	7367	0
cn101_cn106_21475 1	0	0.024000	S	7362	0
cn101_cn106_21480 1	0	0.024000	S	7368	0
cn101_cn106_21449 1	0	0.024000	S	7344	0
cn101_cn106_21494 1	0	0.024000	S	7371	0
cn101_cn106_21485 1	0	0.024000	S	7369	0
cn101_cn106_21497 1	0	0.024000	S	7370	0
cn101_cn106_21498 1	0	0.024000	S	7372	0
cn101_cn106_21500 1	0	0.024000	S	7374	0
cn101_cn106_21509 1	0	0.024000	S	7379	0
cn101_cn106_21511 1	0	0.024000	S	7381	0
cn101_cn106_21513 1	0	0.024000	S	7383	0
cn101_cn106_21514 1	0	0.024000	S	7386	0
cn101_cn106_21520 1	0	0.024000	S	7389	0
cn101_cn106_21522 1	0	0.024000	S	7390	0
cn101_cn106_21523 1	0	0.024000	S	7391	0
cn101_cn106_21516 1	0	0.024000	S	7388	0
cn101_cn106_21525 1	0	0.024000	S	7392	0
cn101_cn106_21527 1	0	0.024000	S	7393	0
cn101_cn106_21507 1	0	0.024000	S	7375	0
cn101_cn106_21529 1	0	0.024000	S	7395	0
cn101_cn106_21530 1	0	0.024000	S	7397	0
cn101_cn106_21519 1	0	0.024000	S	7387	0
cn101_cn106_21532 1	0	0.024000	S	7400	0
cn101_cn106_21535 1	0	0.024000	S	7401	0
cn101_cn106_21536 1	0	0.024000	S	7403	0
cn101_cn106_21563 1	0	0.024000	S	7402	0
cn101_cn106_21568 1	0	0.024000	S	7404	0
cn101_cn106_21569 1	0	0.024000	S	7409	0
cn101_cn106_21572 1	0	0.024000	S	7407	0
cn101_cn106_21604 1	0	0.024000	S	7410	0
cn101_cn106_21573 1	0	0.024000	S	7411	0
cn101_cn106_21533 1	0	0.024000	S	7398	0
cn101_cn106_21566 1	0	0.024000	S	7406	0
cn101_cn106_21605 1	0	0.024000	S	7413	0
cn101_cn106_21609 1	0	0.024000	S	7416	0
cn101_cn106_21610 1	0	0.024000	S	7418	0
cn101_cn106_21613 1	0	0.024000	S	7419	0
cn101_cn106_21615 1	0	0.024000	S	7421	0
cn101_cn106_21616 1	0	0.024000	S	7420	0
cn101_cn106_21618 1	0	0.024000	S	7422	0
cn101_cn106_21528 1	0	0.024000	S	7394	0
cn101_cn106_21607 1	0	0.024000	S	7415	0
cn101_cn106_21620 1	0	0.024000	S	7423	0
cn101_cn106_21622 1	0	0.024000	S	7424	0
cn101_cn106_21625 1	0	0.024000	S	7427	0
cn101_cn106_21627 1	0	0.024000	S	7430	0
cn101_cn106_21631 1	0	0.024000	S	7433	0
cn101_cn106_21633 1	0	0.024000	S	7436	0
cn101_cn106_21606 1	0	0.024000	S	7412	0
cn101_cn106_21624 1	0	0.024000	S	7425	0
cn101_cn106_21634 1	0	0.024000	S	7439	0
cn101_cn106_21637 1	0	0.024000	S	7443	0
cn101_cn106_21638 1	0	0.024000	S	7447	0
cn101_cn106_21636 1	0	0.024000	S	7442	0
cn101_cn106_21641 1	0	0.024000	S	7449	0
cn101_cn106_21642 1	0	0.024000	S	7453	0
cn101_cn106_21630 1	0	0.024000	S	7431	0
cn101_cn106_21648 1	0	0.024000	S	7459	0
cn101_cn106_21644 1	0	0.024000	S	7455	0
cn101_cn106_21647 1	0	0.024000	S	7457	0
cn101_cn106_21628 1	0	0.024000	S	7429	0
cn101_cn106_21645 1	0	0.024000	S	7456	0
cn101_cn106_21650 1	0	0.024000	S	7460	0
cn101_cn106_21639 1	0	0.024000	S	7448	0
cn101_cn106_21660 1	0	0.024000	S	7463	0
cn101_cn106_21663 1	0	0.024000	S	7469	0
cn101_cn106_21665 1	0	0.024000	S	7472	0
cn101_cn106_20919 1	0	0.024000	S	7177	0
cn101_cn106_20920 1	0	0.024000	S	7179	0
cn101_cn106_21669 1	0	0.024000	S	7474	0
cn101_cn106_21670 1	0	0.024000	S	7473	0
cn101_cn106_21673 1	0	0.024000	S	7484	0
cn101_cn106_21672 1	0	0.024000	S	7477	0
cn101_cn106_21679 1	0	0.024000	S	7488	0
cn101_cn106_21675 1	0	0.024000	S	7486	0
cn101_cn106_21680 1	0	0.024000	S	7490	0
cn101_cn106_21682 1	0	0.024000	S	7489	0
cn101_cn106_21684 1	0	0.024000	S	7493	0
cn101_cn106_21687 1	0	0.024000	S	7494	0
cn101_cn106_21688 1	0	0.024000	S	7492	0
cn101_cn106_21691 1	0	0.024000	S	7496	0
cn101_cn106_21693 1	0	0.024000	S	7495	0
cn101_cn106_21695 1	0	0.024000	S	7497	0
cn101_cn106_21697 1	0	0.024000	S	7500	0
cn101_cn106_21696 1	0	0.024000	S	7499	0
cn101_cn106_21701 1	0	0.024000	S	7503	0
cn101_cn106_21703 1	0	0.024000	S	7504	0
cn101_cn106_21705 1	0	0.024000	S	7505	0
cn101_cn106_21706 1	0	0.024000	S	7507	0
cn101_cn106_21708 1	0	0.024000	S	7506	0
cn101_cn106_21711 1	0	0.024000	S	7512	0
cn101_cn106_21710 1	0	0.024000	S	7509	0
cn101_cn106_21712 1	0	0.024000	S	7515	0
cn101_cn106_21715 1	0	0.024000	S	7517	0
cn101_cn106_21713 1	0	0.024000	S	7513	0
cn101_cn106_21716 1	0	0.024000	S	7323	0
cn101_cn106_21717 1	0	0.024000	S	7520	0
cn101_cn106_21719 1	0	0.024000	S	7522	0
cn101_cn106_21720 1	0	0.024000	S	7525	0
cn101_cn106_21722 1	0	0.024000	S	7530	0
cn101_cn106_21723 1	0	0.024000	S	7521	0
cn101_cn106_21724 1	0	0.024000	S	7527	0
cn101_cn106_21725 1	0	0.024000	S	7532	0
cn101_cn106_21727 1	0	0.024000	S	7533	0
cn101_cn106_21729 1	0	0.024000	S	7536	0
cn101_cn106_21731 1	0	0.024000	S	7537	0
cn101_cn106_21728 1	0	0.024000	S	7534	0
cn101_cn106_21732 1	0	0.024000	S	7535	0
cn101_cn106_21733 1	0	0.024000	S	7538	0
cn101_cn106_21734 1	0	0.024000	S	7540	0
cn101_cn106_21736 1	0	0.024000	S	7539	0
cn101_cn106_21737 1	0	0.024000	S	7541	0
cn101_cn106_21738 1	0	0.024000	S	7531	0
cn101_cn106_21739 1	0	0.024000	S	7542	0
cn101_cn106_21740 1	0	0.024000	S	7543	0
cn101_cn106_21742 1	0	0.024000	S	7545	0
cn101_cn106_21743 1	0	0.024000	S	7548	0
cn101_cn106_21745 1	0	0.024000	S	7546	0
cn101_cn106_21746 1	0	0.024000	S	7549	0
cn101_cn106_21747 1	0	0.024000	S	7551	0
cn101_cn106_21749 1	0	0.024000	S	7555	0
cn101_cn106_21753 1	0	0.024000	S	7552	0
cn101_cn106_21759 1	0	0.024000	S	7558	0
cn101_cn106_21755 1	0	0.024000	S	7557	0
cn101_cn106_21762 1	0	0.024000	S	7553	0
cn101_cn106_21767 1	0	0.024000	S	7561	0
cn101_cn106_21764 1	0	0.024000	S	7559	0
cn101_cn106_21769 1	0	0.024000	S	7560	0
cn101_cn106_21776 1	0	0.024000	S	7564	0
cn101_cn106_21777 1	0	0.024000	S	7567	0
cn101_cn106_21779 1	0	0.024000	S	7568	0
cn101_cn106_21783 1	0	0.024000	S	7569	0
cn101_cn106_21785 1	0	0.024000	S	7566	0
cn101_cn106_21788 1	0	0.024000	S	7573	0
cn101_cn106_21792 1	0	0.024000	S	7576	0
cn101_cn106_21798 1	0	0.024000	S	7578	0
cn101_cn106_21801 1	0	0.024000	S	7571	0
cn101_cn106_21807 1	0	0.024000	S	7580	0
cn101_cn106_21809 1	0	0.024000	S	7579	0
cn101_cn106_21812 1	0	0.024000	S	7575	0
cn101_cn106_21815 1	0	0.024000	S	7577	0
cn101_cn106_21817 1	0	0.024000	S	7583	0
cn101_cn106_21821 1	0	0.024000	S	7584	0
cn101_cn106_21824 1	0	0.024000	S	7585	0
cn101_cn106_21829 1	0	0.024000	S	7582	0
cn101_cn106_21831 1	0	0.024000	S	7581	0
cn101_cn106_21833 1	0	0.024000	S	7586	0
cn101_cn106_21839 1	0	0.024000	S	7587	0
cn101_cn106_21844 1	0	0.024000	S	7591	0
cn101_cn106_21846 1	0	0.024000	S	7589	0
cn101_cn106_21850 1	0	0.024000	S	7592	0
cn101_cn106_21853 1	0	0.024000	S	7593	0
cn101_cn106_21858 1	0	0.024000	S	7588	0
cn101_cn106_21861 1	0	0.024000	S	7594	0
cn101_cn106_21865 1	0	0.024000	S	7596	0
cn101_cn106_21868 1	0	0.024000	S	7599	0
cn101_cn106_21872 1	0	0.024000	S	7597	0
cn101_cn106_21876 1	0	0.024000	S	7608	0
cn101_cn106_21875 1	0	0.024000	S	7603	0
cn101_cn106_21878 1	0	0.024000	S	7609	0
cn101_cn106_21882 1	0	0.024000	S	7330	0
cn101_cn106_21886 1	0	0.024000	S	7601	0
cn101_cn106_21654 1	0	0.024000	S	7461	0
cn101_cn106_21658 1	0	0.024000	S	7465	0
cn101_cn106_21656 1	0	0.024000	S	7462	0
cn101_cn106_22030 1	0	0.024000	S	7333	0
cn101_cn106_22035 1	0	0.024000	S	7331	0
cn101_cn106_22052 1	0	0.024000	S	7612	0
cn101_cn106_22075 1	0	0.024000	S	7615	0
cn101_cn106_22080 1	0	0.024000	S	7616	0
cn101_cn106_22096 1	0	0.024000	S	7617	0
cn101_cn106_22108 1	0	0.024000	S	7618	0
cn101_cn106_22109 1	0	0.024000	S	7619	0
cn101_cn106_22123 1	0	0.024000	S	7623	0
cn101_cn106_22125 1	0	0.024000	S	7626	0
cn101_cn106_22127 1	0	0.024000	S	7627	0
cn101_cn106_22128 1	0	0.024000	S	7630	0
cn101_cn106_22131 1	0	0.024000	S	7633	0
cn101_cn106_22133 1	0	0.024000	S	7634	0
cn101_cn106_22135 1	0	0.024000	S	7635	0
cn101_cn106_22136 1	0	0.024000	S	7636	0
cn101_cn106_22139 1	0	0.024000	S	7638	0
cn101_cn106_22141 1	0	0.024000	S	7639	0
cn101_cn106_22144 1	0	0.024000	S	7640	0
cn101_cn106_22145 1	0	0.024000	S	7641	0
cn101_cn106_22146 1	0	0.024000	S	7643	0
cn101_cn106_22148 1	0	0.024000	S	7644	0
cn101_cn106_22150 1	0	0.024000	S	7647	0
cn101_cn106_22153 1	0	0.024000	S	7648	0
cn101_cn106_22154 1	0	0.024000	S	7649	0
cn101_cn106_22157 1	0	0.024000	S	7650	0
cn101_cn106_22158 1	0	0.024000	S	7651	0
cn101_cn106_22161 1	0	0.024000	S	7652	0
cn101_cn106_22163 1	0	0.024000	S	7653	0
cn101_cn106_22168 1	0	0.024000	S	7656	0
cn101_cn106_22173 1	0	0.024000	S	7336	0
cn101_cn106_22167 1	0	0.024000	S	7654	0
cn101_cn106_22177 1	0	0.024000	S	7659	0
cn101_cn106_22179 1	0	0.024000	S	7660	0
cn101_cn106_22175 1	0	0.024000	S	7658	0
cn101_cn106_22183 1	0	0.024000	S	7663	0
cn101_cn106_22181 1	0	0.024000	S	7662	0
cn101_cn106_22185 1	0	0.024000	S	7665	0
cn101_cn106_22187 1	0	0.024000	S	7666	0
cn101_cn106_22189 1	0	0.024000	S	7667	0
cn101_cn106_22192 1	0	0.024000	S	7668	0
cn101_cn106_22194 1	0	0.024000	S	7669	0
cn101_cn106_22198 1	0	0.024000	S	7672	0
cn101_cn106_22200 1	0	0.024000	S	7673	0
cn101_cn106_22202 1	0	0.024000	S	7674	0
cn101_cn106_22215 1	0	0.024000	S	7676	0
cn101_cn106_22225 1	0	0.024000	S	7677	0
cn101_cn106_22229 1	0	0.024000	S	7678	0
cn101_cn106_22230 1	0	0.024000	S	7679	0
cn101_cn106_22232 1	0	0.024000	S	7680	0
cn101_cn106_22234 1	0	0.024000	S	7681	0
cn101_cn106_22242 1	0	0.024000	S	7682	0
cn101_cn106_22244 1	0	0.024000	S	7683	0
cn101_cn106_22246 1	0	0.024000	S	7684	0
cn101_cn106_22256 1	0	0.024000	S	7686	0
cn101_cn106_22259 1	0	0.024000	S	7687	0
cn101_cn106_22262 1	0	0.024000	S	7689	0
cn101_cn106_22260 1	0	0.024000	S	7688	0
cn101_cn106_22266 1	0	0.024000	S	7691	0
cn101_cn106_22264 1	0	0.024000	S	7690	0
cn101_cn106_22268 1	0	0.024000	S	7692	0
cn101_cn106_22271 1	0	0.024000	S	7693	0
cn101_cn106_22272 1	0	0.024000	S	7694	0
cn101_cn106_22275 1	0	0.024000	S	7695	0
cn101_cn106_22278 1	0	0.024000	S	7698	0
cn101_cn106_22280 1	0	0.024000	S	7699	0
cn101_cn106_22283 1	0	0.024000	S	7700	0
cn101_cn106_22285 1	0	0.024000	S	7702	0
cn101_cn106_22286 1	0	0.024000	S	7704	0
cn101_cn106_22288 1	0	0.024000	S	7705	0
cn101_cn106_22290 1	0	0.024000	S	7707	0
cn101_cn106_22292 1	0	0.024000	S	7708	0
cn101_cn106_22294 1	0	0.024000	S	7709	0
cn101_cn106_22296 1	0	0.024000	S	7711	0
cn101_cn106_22298 1	0	0.024000	S	7712	0
cn101_cn106_22300 1	0	0.024000	S	7713	0
cn101_cn106_22304 1	0	0.024000	S	7714	0
cn101_cn106_22307 1	0	0.024000	S	7715	0
cn101_cn106_22276 1	0	0.024000	S	7697	0
cn101_cn106_22309 1	0	0.024000	S	7716	0
cn101_cn106_22311 1	0	0.024000	S	7717	0
cn101_cn106_22315 1	0	0.024000	S	7719	0
cn101_cn106_22314 1	0	0.024000	S	7718	0
cn101_cn106_22316 1	0	0.024000	S	7720	0
cn101_cn106_22326 1	0	0.024000	S	7721	0
cn101_cn106_22327 1	0	0.024000	S	7722	0
cn101_cn106_22328 1	0	0.024000	S	7723	0
cn101_cn106_22329 1	0	0.024000	S	7724	0
cn101_cn106_22330 1	0	0.024000	S	7725	0
cn101_cn106_22331 1	0	0.024000	S	7726	0
cn101_cn106_22333 1	0	0.024000	S	7728	0
cn101_cn106_22332 1	0	0.024000	S	7727	0
cn101_cn106_22335 1	0	0.024000	S	7732	0
cn101_cn106_22334 1	0	0.024000	S	7730	0
cn101_cn106_22337 1	0	0.024000	S	7733	0
cn101_cn106_22338 1	0	0.024000	S	7734	0
cn101_cn106_22340 1	0	0.024000	S	7735	0
cn101_cn106_22343 1	0	0.024000	S	7737	0
cn101_cn106_22346 1	0	0.024000	S	7739	0
cn101_cn106_22368 1	0	0.024000	S	7742	0
cn101_cn106_22372 1	0	0.024000	S	7743	0
cn101_cn106_22396 1	0	0.024000	S	7745	0
cn101_cn106_22404 1	0	0.024000	S	7746	0
cn101_cn106_22414 1	0	0.024000	S	7749	0
cn101_cn106_22424 1	0	0.024000	S	7750	0
cn101_cn106_22443 1	0	0.024000	S	7751	0
cn101_cn106_22454 1	0	0.024000	S	7752	0
cn101_cn106_22464 1	0	0.024000	S	7753	0
cn101_cn106_22469 1	0	0.024000	S	7754	0
cn101_cn106_22474 1	0	0.024000	S	7755	0
cn101_cn106_22480 1	0	0.024000	S	7756	0
cn101_cn106_22493 1	0	0.024000	S	7757	0
cn101_cn106_22511 1	0	0.024000	S	7595	0
cn101_cn106_22514 1	0	0.024000	S	7600	0
cn101_cn106_22516 1	0	0.024000	S	7610	0
cn101_cn106_22517 1	0	0.024000	S	7605	0
cn101_cn106_22536 1	0	0.024000	S	7765	0
cn101_cn106_22546 1	0	0.024000	S	7769	0
cn101_cn106_22541 1	0	0.024000	S	7763	0
cn101_cn106_22554 1	0	0.024000	S	7777	0
cn101_cn106_22561 1	0	0.024000	S	7782	0
cn101_cn106_22563 1	0	0.024000	S	7781	0
cn101_cn106_22564 1	0	0.024000	S	7783	0
cn101_cn106_22568 1	0	0.024000	S	7786	0
cn101_cn106_22573 1	0	0.024000	S	7771	0
cn101_cn106_22575 1	0	0.024000	S	7767	0
cn101_cn106_22571 1	0	0.024000	S	7620	0
cn101_cn106_22711 1	0	0.024000	S	7622	0
cn101_cn106_22730 1	0	0.024000	S	7790	0
cn101_cn106_22757 1	0	0.024000	S	7793	0
cn101_cn106_22780 1	0	0.024000	S	7795	0
cn101_cn106_22791 1	0	0.024000	S	7796	0
cn101_cn106_22800 1	0	0.024000	S	7797	0
cn101_cn106_22807 1	0	0.024000	S	7798	0
cn101_cn106_22833 1	0	0.024000	S	7657	0
cn101_cn106_22835 1	0	0.024000	S	7801	0
cn101_cn106_22836 1	0	0.024000	S	7802	0
cn101_cn106_22838 1	0	0.024000	S	7803	0
cn101_cn106_22839 1	0	0.024000	S	7804	0
cn101_cn106_22841 1	0	0.024000	S	7805	0
cn101_cn106_22842 1	0	0.024000	S	7807	0
cn101_cn106_22845 1	0	0.024000	S	7811	0
cn101_cn106_22844 1	0	0.024000	S	7809	0
cn101_cn106_22847 1	0	0.024000	S	7814	0
cn101_cn106_22848 1	0	0.024000	S	7815	0
cn101_cn106_22851 1	0	0.024000	S	7816	0
cn101_cn106_22853 1	0	0.024000	S	7817	0
cn101_cn106_22857 1	0	0.024000	S	7819	0
cn101_cn106_22858 1	0	0.024000	S	7820	0
cn101_cn106_22860 1	0	0.024000	S	7821	0
cn101_cn106_22863 1	0	0.024000	S	7823	0
cn101_cn106_22864 1	0	0.024000	S	7829	0
cn101_cn106_22865 1	0	0.024000	S	7830	0
cn101_cn106_22867 1	0	0.024000	S	7831	0
cn101_cn106_22869 1	0	0.024000	S	7833	0
cn101_cn106_22870 1	0	0.024000	S	7685	0
cn101_cn106_22872 1	0	0.024000	S	7835	0
cn101_cn106_22874 1	0	0.024000	S	7834	0
cn101_cn106_22875 1	0	0.024000	S	7837	0
cn101_cn106_22877 1	0	0.024000	S	7838	0
cn101_cn106_22878 1	0	0.024000	S	7839	0
cn101_cn106_22880 1	0	0.024000	S	7841	0
cn101_cn106_22882 1	0	0.024000	S	7842	0
cn101_cn106_22884 1	0	0.024000	S	7840	0
cn101_cn106_22887 1	0	0.024000	S	7844	0
cn101_cn106_22888 1	0	0.024000	S	7846	0
cn101_cn106_22891 1	0	0.024000	S	7849	0
cn101_cn106_23026 1	0	0.024000	S	7780	0
cn101_cn106_23028 1	0	0.024000	S	7778	0
cn101_cn106_23029 1	0	0.024000	S	7785	0
cn101_cn106_23032 1	0	0.024000	S	7787	0
cn101_cn106_23042 1	0	0.024000	S	7854	0
cn101_cn106_23052 1	0	0.024000	S	7855	0
cn101_cn106_23056 1	0	0.024000	S	7861	0
cn101_cn106_23063 1	0	0.024000	S	7862	0
cn101_cn106_23070 1	0	0.024000	S	7865	0
cn101_cn106_23072 1	0	0.024000	S	7866	0
cn101_cn106_23085 1	0	0.024000	S	7871	0
cn101_cn106_23095 1	0	0.024000	S	7878	0
cn101_cn106_23097 1	0	0.024000	S	7877	0
cn101_cn106_23101 1	0	0.024000	S	7875	0
cn101_cn106_23105 1	0	0.024000	S	7879	0
cn101_cn106_23108 1	0	0.024000	S	7881	0
cn101_cn106_23112 1	0	0.024000	S	7882	0
cn101_cn106_23120 1	0	0.024000	S	7884	0
cn101_cn106_23121 1	0	0.024000	S	7883	0
cn101_cn106_23129 1	0	0.024000	S	7887	0
cn101_cn106_23134 1	0	0.024000	S	7895	0
cn101_cn106_23139 1	0	0.024000	S	7903	0
cn101_cn106_23144 1	0	0.024000	S	7901	0
cn101_cn106_23156 1	0	0.024000	S	7907	0
cn101_cn106_23165 1	0	0.024000	S	7799	0
cn101_cn106_23171 1	0	0.024000	S	7847	0
cn101_cn106_23208 1	0	0.024000	S	7800	0
cn101_cn106_23212 1	0	0.024000	S	7912	0
cn101_cn106_23223 1	0	0.024000	S	7914	0
cn101_cn106_23228 1	0	0.024000	S	7915	0
cn101_cn106_23238 1	0	0.024000	S	7918	0
cn101_cn106_23282 1	0	0.024000	S	7925	0
cn101_cn106_23295 1	0	0.024000	S	7926	0
cn101_cn106_23324 1	0	0.024000	S	7929	0
cn101_cn106_23338 1	0	0.024000	S	7930	0
cn101_cn106_23357 1	0	0.024000	S	7931	0
cn101_cn106_23379 1	0	0.024000	S	7934	0
cn101_cn106_23413 1	0	0.024000	S	7937	0
cn101_cn106_23429 1	0	0.024000	S	7939	0
cn101_cn106_23431 1	0	0.024000	S	7941	0
cn101_cn106_23438 1	0	0.024000	S	7848	0
cn101_cn106_23439 1	0	0.024000	S	7850	0
cn101_cn106_23441 1	0	0.024000	S	7944	0
cn101_cn106_23443 1	0	0.024000	S	7943	0
cn101_cn106_23446 1	0	0.024000	S	7945	0
cn101_cn106_23447 1	0	0.024000	S	7948	0
cn101_cn106_23449 1	0	0.024000	S	7949	0
cn101_cn106_23451 1	0	0.024000	S	7952	0
cn101_cn106_23453 1	0	0.024000	S	7953	0
cn101_cn106_23455 1	0	0.024000	S	7954	0
cn101_cn106_23457 1	0	0.024000	S	7955	0
cn101_cn106_23459 1	0	0.024000	S	7957	0
cn101_cn106_23462 1	0	0.024000	S	7906	0
cn101_cn106_23463 1	0	0.024000	S	7910	0
cn101_cn106_23466 1	0	0.024000	S	7908	0
cn101_cn106_23467 1	0	0.024000	S	7911	0
cn101_cn106_23469 1	0	0.024000	S	7960	0
cn101_cn106_23472 1	0	0.024000	S	7963	0
cn101_cn106_23481 1	0	0.024000	S	7969	0
cn101_cn106_23482 1	0	0.024000	S	7961	0
cn101_cn106_23483 1	0	0.024000	S	7970	0
cn101_cn106_23495 1	0	0.024000	S	7974	0
cn101_cn106_23499 1	0	0.024000	S	7975	0
cn101_cn106_23508 1	0	0.024000	S	7972	0
cn101_cn106_23511 1	0	0.024000	S	7978	0
cn101_cn106_23516 1	0	0.024000	S	7968	0
cn101_cn106_23519 1	0	0.024000	S	7980	0
cn101_cn106_23524 1	0	0.024000	S	7977	0
cn101_cn106_23530 1	0	0.024000	S	7984	0
cn101_cn106_23534 1	0	0.024000	S	7983	0
cn101_cn106_23536 1	0	0.024000	S	7987	0
cn101_cn106_23537 1	0	0.024000	S	7986	0
cn101_cn106_23539 1	0	0.024000	S	7988	0
cn101_cn106_23547 1	0	0.024000	S	7990	0
cn101_cn106_23549 1	0	0.024000	S	7985	0
cn101_cn106_23553 1	0	0.024000	S	7982	0
cn101_cn106_23556 1	0	0.024000	S	7992	0
cn101_cn106_23561 1	0	0.024000	S	7994	0
cn101_cn106_23567 1	0	0.024000	S	8000	0
cn101_cn106_23569 1	0	0.024000	S	8001	0
cn101_cn106_23573 1	0	0.024000	S	8002	0
cn101_cn106_23575 1	0	0.024000	S	8005	0
cn101_cn106_23578 1	0	0.024000	S	8004	0
cn101_cn106_23585 1	0	0.024000	S	7991	0
cn101_cn106_23589 1	0	0.024000	S	8009	0
cn101_cn106_23595 1	0	0.024000	S	8013	0
cn101_cn106_23594 1	0	0.024000	S	8007	0
cn101_cn106_23603 1	0	0.024000	S	8011	0
cn101_cn106_23604 1	0	0.024000	S	8019	0
cn101_cn106_23613 1	0	0.024000	S	8021	0
cn101_cn106_23621 1	0	0.024000	S	8025	0
cn101_cn106_23650 1	0	0.024000	S	8036	0
cn101_cn106_23654 1	0	0.024000	S	8038	0
cn101_cn106_23658 1	0	0.024000	S	8037	0
cn101_cn106_23665 1	0	0.024000	S	8045	0
cn101_cn106_23679 1	0	0.024000	S	8048	0
cn101_cn106_23682 1	0	0.024000	S	8052	0
cn101_cn106_23687 1	0	0.024000	S	8050	0
cn101_cn106_23690 1	0	0.024000	S	8053	0
cn101_cn106_23703 1	0	0.024000	S	8057	0
cn101_cn106_23707 1	0	0.024000	S	8047	0
cn101_cn106_23728 1	0	0.024000	S	8059	0
cn101_cn106_23736 1	0	0.024000	S	8065	0
cn101_cn106_23744 1	0	0.024000	S	8068	0
cn101_cn106_23745 1	0	0.024000	S	8073	0
cn101_cn106_23871 1	0	0.024000	S	7942	0
cn101_cn106_23877 1	0	0.024000	S	8076	0
cn101_cn106_23896 1	0	0.024000	S	8077	0
cn101_cn106_23905 1	0	0.024000	S	8078	0
cn101_cn106_23916 1	0	0.024000	S	8079	0
cn101_cn106_23931 1	0	0.024000	S	8081	0
cn101_cn106_23956 1	0	0.024000	S	8083	0
cn101_cn106_23968 1	0	0.024000	S	8084	0
cn101_cn106_23982 1	0	0.024000	S	7947	0
cn101_cn106_23985 1	0	0.024000	S	7959	0
cn101_cn106_23987 1	0	0.024000	S	8086	0
cn101_cn106_23990 1	0	0.024000	S	8087	0
cn101_cn106_23991 1	0	0.024000	S	8090	0
cn101_cn106_24061 1	0	0.024000	S	8069	0
cn101_cn106_24062 1	0	0.024000	S	8075	0
cn101_cn106_24063 1	0	0.024000	S	8072	0
cn101_cn106_24064 1	0	0.024000	S	8095	0
cn101_cn106_24065 1	0	0.024000	S	8093	0
cn101_cn106_24067 1	0	0.024000	S	8099	0
cn101_cn106_24073 1	0	0.024000	S	8100	0
cn101_cn106_24082 1	0	0.024000	S	8102	0
cn101_cn106_24085 1	0	0.024000	S	8103	0
cn101_cn106_24086 1	0	0.024000	S	8096	0
cn101_cn106_24087 1	0	0.024000	S	8105	0
cn101_cn106_24088 1	0	0.024000	S	8097	0
cn101_cn106_24090 1	0	0.024000	S	8109	0
cn101_cn106_24091 1	0	0.024000	S	8108	0
cn101_cn106_24092 1	0	0.024000	S	8101	0
cn101_cn106_24093 1	0	0.024000	S	8107	0
cn101_cn106_24095 1	0	0.024000	S	8112	0
cn101_cn106_24103 1	0	0.024000	S	8114	0
cn101_cn106_24104 1	0	0.024000	S	8110	0
cn101_cn106_24105 1	0	0.024000	S	8113	0
cn101_cn106_24106 1	0	0.024000	S	8106	0
cn101_cn106_24111 1	0	0.024000	S	8117	0
cn101_cn106_24112 1	0	0.024000	S	8111	0
cn101_cn106_24114 1	0	0.024000	S	8121	0
cn101_cn106_24115 1	0	0.024000	S	8120	0
cn101_cn106_24118 1	0	0.024000	S	8123	0
cn101_cn106_24119 1	0	0.024000	S	8122	0
cn101_cn106_24122 1	0	0.024000	S	8127	0
cn101_cn106_24124 1	0	0.024000	S	8131	0
cn101_cn106_24127 1	0	0.024000	S	8126	0
cn101_cn106_24137 1	0	0.024000	S	8135	0
cn101_cn106_24141 1	0	0.024000	S	8136	0
cn101_cn106_24153 1	0	0.024000	S	8134	0
cn101_cn106_24157 1	0	0.024000	S	8137	0
cn101_cn106_24159 1	0	0.024000	S	8132	0
cn101_cn106_24160 1	0	0.024000	S	8133	0
cn101_cn106_24162 1	0	0.024000	S	8138	0
cn101_cn106_24165 1	0	0.024000	S	8140	0
cn101_cn106_24166 1	0	0.024000	S	8139	0
cn101_cn106_24168 1	0	0.024000	S	8143	0
cn101_cn106_24170 1	0	0.024000	S	8147	0
cn101_cn106_24171 1	0	0.024000	S	8149	0
cn101_cn106_24182 1	0	0.024000	S	8153	0
cn101_cn106_24188 1	0	0.024000	S	8155	0
cn101_cn106_24191 1	0	0.024000	S	8157	0
cn101_cn106_24196 1	0	0.024000	S	8161	0
cn101_cn106_24201 1	0	0.024000	S	8160	0
cn101_cn106_24206 1	0	0.024000	S	8164	0
cn101_cn106_24211 1	0	0.024000	S	8166	0
cn101_cn106_24227 1	0	0.024000	S	8170	0
cn101_cn106_24230 1	0	0.024000	S	8172	0
cn101_cn106_24243 1	0	0.024000	S	8165	0
cn101_cn106_24247 1	0	0.024000	S	8169	0
cn101_cn106_24253 1	0	0.024000	S	8175	0
cn101_cn106_24256 1	0	0.024000	S	8177	0
cn101_cn106_24259 1	0	0.024000	S	8178	0
cn101_cn106_24262 1	0	0.024000	S	8180	0
cn101_cn106_24287 1	0	0.024000	S	8192	0
cn101_cn106_24289 1	0	0.024000	S	8193	0
cn101_cn106_24290 1	0	0.024000	S	8194	0
cn101_cn106_24291 1	0	0.024000	S	8195	0
cn101_cn106_24293 1	0	0.024000	S	8196	0
cn101_cn106_24294 1	0	0.024000	S	8197	0
cn101_cn106_24303 1	0	0.024000	S	8198	0
cn101_cn106_24304 1	0	0.024000	S	8200	0
cn101_cn106_24307 1	0	0.024000	S	8201	0
cn101_cn106_24427 1	0	0.024000	S	8189	0
cn101_cn106_24428 1	0	0.024000	S	8187	0
cn101_cn106_24429 1	0	0.024000	S	8184	0
cn101_cn106_24433 1	0	0.024000	S	8085	0
cn101_cn106_24436 1	0	0.024000	S	8203	0
cn101_cn106_24438 1	0	0.024000	S	8204	0
cn101_cn106_24439 1	0	0.024000	S	8205	0
cn101_cn106_24441 1	0	0.024000	S	8206	0
cn101_cn106_24443 1	0	0.024000	S	8208	0
cn101_cn106_24446 1	0	0.024000	S	8209	0
cn101_cn106_24459 1	0	0.024000	S	8210	0
cn101_cn106_24480 1	0	0.024000	S	8212	0
cn101_cn106_24545 1	0	0.024000	S	8216	0
cn101_cn106_24556 1	0	0.024000	S	8217	0
cn101_cn106_24574 1	0	0.024000	S	8219	0
cn101_cn106_24591 1	0	0.024000	S	8221	0
cn101_cn106_24597 1	0	0.024000	S	8088	0
cn101_cn106_24601 1	0	0.024000	S	8092	0
cn101_cn106_24609 1	0	0.024000	S	8222	0
cn101_cn106_24617 1	0	0.024000	S	8224	0
cn101_cn106_24620 1	0	0.024000	S	8225	0
cn101_cn106_24626 1	0	0.024000	S	8226	0
cn101_cn106_24634 1	0	0.024000	S	8228	0
cn101_cn106_24637 1	0	0.024000	S	8230	0
cn101_cn106_24642 1	0	0.024000	S	8231	0
cn101_cn106_24649 1	0	0.024000	S	8232	0
cn101_cn106_24655 1	0	0.024000	S	8233	0
cn101_cn106_24688 1	0	0.024000	S	8185	0
cn101_cn106_24694 1	0	0.024000	S	8188	0
cn101_cn106_24695 1	0	0.024000	S	8171	0
cn101_cn106_24697 1	0	0.024000	S	8240	0
cn101_cn106_24696 1	0	0.024000	S	8186	0
cn101_cn106_24698 1	0	0.024000	S	8242	0
cn101_cn106_24702 1	0	0.024000	S	8241	0
cn101_cn106_24712 1	0	0.024000	S	8244	0
cn101_cn106_24714 1	0	0.024000	S	8246	0
cn101_cn106_24718 1	0	0.024000	S	8248	0
cn101_cn106_24722 1	0	0.024000	S	8252	0
cn101_cn106_24724 1	0	0.024000	S	8249	0
cn101_cn106_24726 1	0	0.024000	S	8250	0
cn101_cn106_24728 1	0	0.024000	S	8253	0
cn101_cn106_24732 1	0	0.024000	S	8251	0
cn101_cn106_24736 1	0	0.024000	S	8254	0
cn101_cn106_24734 1	0	0.024000	S	8255	0
cn101_cn106_24747 1	0	0.024000	S	8257	0
cn101_cn106_24748 1	0	0.024000	S	8259	0
cn101_cn106_24749 1	0	0.024000	S	8258	0
cn101_cn106_24750 1	0	0.024000	S	8261	0
cn101_cn106_24751 1	0	0.024000	S	8256	0
cn101_cn106_24752 1	0	0.024000	S	8260	0
cn101_cn106_24760 1	0	0.024000	S	8263	0
cn101_cn106_24764 1	0	0.024000	S	8266	0
cn101_cn106_24762 1	0	0.024000	S	8264	0
cn101_cn106_24767 1	0	0.024000	S	8265	0
cn101_cn106_24770 1	0	0.024000	S	8267	0
cn101_cn106_24775 1	0	0.024000	S	8270	0
cn101_cn106_24777 1	0	0.024000	S	8269	0
cn101_cn106_24784 1	0	0.024000	S	8271	0
cn101_cn106_24786 1	0	0.024000	S	8274	0
cn101_cn106_24790 1	0	0.024000	S	8272	0
cn101_cn106_24794 1	0	0.024000	S	8277	0
cn101_cn106_24798 1	0	0.024000	S	8276	0
cn101_cn106_24802 1	0	0.024000	S	8275	0
cn101_cn106_24811 1	0	0.024000	S	8281	0
cn101_cn106_24816 1	0	0.024000	S	8280	0
cn101_cn106_24826 1	0	0.024000	S	8285	0
cn101_cn106_24829 1	0	0.024000	S	8284	0
cn101_cn106_24831 1	0	0.024000	S	8283	0
cn101_cn106_24833 1	0	0.024000	S	8286	0
cn101_cn106_24836 1	0	0.024000	S	8288	0
cn101_cn106_24838 1	0	0.024000	S	8289	0
cn101_cn106_24842 1	0	0.024000	S	8202	0
cn101_cn106_24854 1	0	0.024000	S	8290	0
cn101_cn106_24863 1	0	0.024000	S	8287	0
cn101_cn106_24865 1	0	0.024000	S	8291	0
cn101_cn106_24870 1	0	0.024000	S	8293	0
cn101_cn106_24872 1	0	0.024000	S	8294	0
cn101_cn106_24878 1	0	0.024000	S	8299	0
cn101_cn106_24886 1	0	0.024000	S	8295	0
cn101_cn106_24893 1	0	0.024000	S	8298	0
cn101_cn106_24898 1	0	0.024000	S	8304	0
cn101_cn106_24906 1	0	0.024000	S	8307	0
cn101_cn106_24912 1	0	0.024000	S	8303	0
cn101_cn106_24914 1	0	0.024000	S	8306	0
cn101_cn106_24920 1	0	0.024000	S	8312	0
cn101_cn106_24932 1	0	0.024000	S	8311	0
cn101_cn106_24931 1	0	0.024000	S	8310	0
cn101_cn106_24946 1	0	0.024000	S	8314	0
cn101_cn106_24951 1	0	0.024000	S	8317	0
cn101_cn106_24981 1	0	0.024000	S	8313	0
cn101_cn106_25176 1	0	0.024000	S	8239	0
cn101_cn106_25180 1	0	0.024000	S	8238	0
cn101_cn106_25178 1	0	0.024000	S	8237	0
cn101_cn106_25189 1	0	0.024000	S	8324	0
cn101_cn106_25193 1	0	0.024000	S	8325	0
cn101_cn106_25198 1	0	0.024000	S	8326	0
cn101_cn106_25214 1	0	0.024000	S	8329	0
cn101_cn106_25217 1	0	0.024000	S	8328	0
cn101_cn106_25236 1	0	0.024000	S	8321	0
cn101_cn106_25238 1	0	0.024000	S	8322	0
cn101_cn106_25239 1	0	0.024000	S	8309	0
cn101_cn106_25248 1	0	0.024000	S	8320	0
cn101_cn106_25240 1	0	0.024000	S	8318	0
cn101_cn106_21664 1	0	0.024000	S	7471	0
cn101_cn106_21657 1	0	0.024000	S	7464	0
cn101_cn106_21661 1	0	0.024000	S	7468	0
cn101_cn106_25471 1	0	0.024000	S	8327	0
cn101_cn106_21667 1	0	0.024000	S	7470	0
cn101_cn106_21653 1	0	0.024000	S	7298	0
cn101_cn106_21651 1	0	0.024000	S	7303	0
cn107_cn106_5249 1	0	0.057500	S	6777	3072
cn107_cn106_5263 1	0	0.057500	S	6958	3072
cn107_cn106_5255 1	0	0.057500	S	6913	3072
cn107_cn106_5376 1	0	0.057500	S	7373	3072
cn107_cn106_5370 1	0	0.057500	S	7200	3072
cn107_cn106_5389 1	0	0.057500	S	7628	3072
cn107_cn106_5386 1	0	0.057500	S	7625	3072
cn107_cn106_5374 1	0	0.057500	S	7294	3072
cn107_cn106_5391 1	0	0.057500	S	7629	3072
cn107_cn106_5394 1	0	0.057500	S	7645	3072
cn107_cn106_5380 1	0	0.057500	S	7565	3072
cn107_cn106_5384 1	0	0.057500	S	7621	3072
cn107_cn106_5402 1	0	0.057500	S	7703	3072
cn107_cn106_5396 1	0	0.057500	S	7661	3072
cn107_cn106_5378 1	0	0.057500	S	7501	3072
cn107_cn106_5392 1	0	0.057500	S	7631	3072
cn107_cn106_5416 1	0	0.057500	S	7851	3072
cn107_cn106_5459 1	0	0.057500	S	8141	3072
cn107_cn106_5467 1	0	0.057500	S	8236	3072
cn107_cn106_5479 1	0	0.057500	S	8300	3072
cn107_cn106_5480 1	0	0.057500	S	8296	3072
cn107_cn106_5484 1	0	0.057500	S	8302	3072
cn107_cn106_5477 1	0	0.057500	S	8292	3072
cn107_cn106_5473 1	0	0.057500	S	8268	3072
cn107_cn106_5482 1	0	0.057500	S	8301	3072
cn107_cn106_5486 1	0	0.057500	S	8316	3072
cn102_cn106_8719 1	0	0.020000	S	6770	512
cn102_cn106_8754 1	0	0.020000	S	6808	512
cn102_cn106_8741 1	0	0.020000	S	6805	512
cn102_cn106_8933 1	0	0.020000	S	6699	512
cn102_cn106_9026 1	0	0.020000	S	6835	512
cn102_cn106_9028 1	0	0.020000	S	6854	512
cn102_cn106_9029 1	0	0.020000	S	6875	512
cn102_cn106_9036 1	0	0.020000	S	6893	512
cn102_cn106_9037 1	0	0.020000	S	6900	512
cn102_cn106_9039 1	0	0.020000	S	6933	512
cn102_cn106_9038 1	0	0.020000	S	6923	512
cn102_cn106_9041 1	0	0.020000	S	6947	512
cn102_cn106_9042 1	0	0.020000	S	6954	512
cn102_cn106_9043 1	0	0.020000	S	6953	512
cn102_cn106_9044 1	0	0.020000	S	6942	512
cn102_cn106_9045 1	0	0.020000	S	6959	512
cn102_cn106_9046 1	0	0.020000	S	6955	512
cn102_cn106_9047 1	0	0.020000	S	6971	512
cn102_cn106_9048 1	0	0.020000	S	6977	512
cn102_cn106_9050 1	0	0.020000	S	6998	512
cn102_cn106_9049 1	0	0.020000	S	6990	512
cn102_cn106_9051 1	0	0.020000	S	7002	512
cn102_cn106_9052 1	0	0.020000	S	7006	512
cn102_cn106_9053 1	0	0.020000	S	7007	512
cn102_cn106_9054 1	0	0.020000	S	7004	512
cn102_cn106_9075 1	0	0.020000	S	7019	512
cn102_cn106_9073 1	0	0.020000	S	6849	512
cn102_cn106_9082 1	0	0.020000	S	7038	512
cn102_cn106_9084 1	0	0.020000	S	7041	512
cn102_cn106_9104 1	0	0.020000	S	7058	512
cn102_cn106_9109 1	0	0.020000	S	7078	512
cn102_cn106_9318 1	0	0.020000	S	7083	512
cn102_cn106_9334 1	0	0.020000	S	7109	512
cn102_cn106_9333 1	0	0.020000	S	7107	512
cn102_cn106_9344 1	0	0.020000	S	7121	512
cn102_cn106_9346 1	0	0.020000	S	7137	512
cn102_cn106_9345 1	0	0.020000	S	7134	512
cn102_cn106_9343 1	0	0.020000	S	7113	512
cn102_cn106_9357 1	0	0.020000	S	7216	512
cn102_cn106_9348 1	0	0.020000	S	7172	512
cn102_cn106_9361 1	0	0.020000	S	7224	512
cn102_cn106_9354 1	0	0.020000	S	7208	512
cn102_cn106_9347 1	0	0.020000	S	7160	512
cn102_cn106_9365 1	0	0.020000	S	7226	512
cn102_cn106_9366 1	0	0.020000	S	7228	512
cn102_cn106_9350 1	0	0.020000	S	7192	512
cn102_cn106_9362 1	0	0.020000	S	7225	512
cn102_cn106_9374 1	0	0.020000	S	7262	512
cn102_cn106_9377 1	0	0.020000	S	7288	512
cn102_cn106_9378 1	0	0.020000	S	7296	512
cn102_cn106_9384 1	0	0.020000	S	7301	512
cn102_cn106_9387 1	0	0.020000	S	7302	512
cn102_cn106_9386 1	0	0.020000	S	7300	512
cn102_cn106_9389 1	0	0.020000	S	7308	512
cn102_cn106_9390 1	0	0.020000	S	7316	512
cn102_cn106_9394 1	0	0.020000	S	7105	512
cn102_cn106_9415 1	0	0.020000	S	7332	512
cn102_cn106_9461 1	0	0.020000	S	7101	512
cn102_cn106_9464 1	0	0.020000	S	7104	512
cn102_cn106_9489 1	0	0.020000	S	7347	512
cn102_cn106_9499 1	0	0.020000	S	7352	512
cn102_cn106_9518 1	0	0.020000	S	7364	512
cn102_cn106_9545 1	0	0.020000	S	7385	512
cn102_cn106_9575 1	0	0.020000	S	7405	512
cn102_cn106_9602 1	0	0.020000	S	7414	512
cn102_cn106_9626 1	0	0.020000	S	7454	512
cn102_cn106_9628 1	0	0.020000	S	7458	512
cn102_cn106_9632 1	0	0.020000	S	7480	512
cn102_cn106_9630 1	0	0.020000	S	7479	512
cn102_cn106_9646 1	0	0.020000	S	7502	512
cn102_cn106_9650 1	0	0.020000	S	7510	512
cn102_cn106_9652 1	0	0.020000	S	7514	512
cn102_cn106_9654 1	0	0.020000	S	7516	512
cn102_cn106_9656 1	0	0.020000	S	7518	512
cn102_cn106_9658 1	0	0.020000	S	7519	512
cn102_cn106_9660 1	0	0.020000	S	7529	512
cn102_cn106_9662 1	0	0.020000	S	7550	512
cn102_cn106_9664 1	0	0.020000	S	7556	512
cn102_cn106_9668 1	0	0.020000	S	7563	512
cn102_cn106_9672 1	0	0.020000	S	7570	512
cn102_cn106_9713 1	0	0.020000	S	7613	512
cn102_cn106_9719 1	0	0.020000	S	7624	512
cn102_cn106_9721 1	0	0.020000	S	7637	512
cn102_cn106_9723 1	0	0.020000	S	7646	512
cn102_cn106_9724 1	0	0.020000	S	7655	512
cn102_cn106_9752 1	0	0.020000	S	7437	512
cn102_cn106_9804 1	0	0.020000	S	7701	512
cn102_cn106_9832 1	0	0.020000	S	7710	512
cn102_cn106_9897 1	0	0.020000	S	7731	512
cn102_cn106_9913 1	0	0.020000	S	7736	512
cn102_cn106_9934 1	0	0.020000	S	7758	512
cn102_cn106_9941 1	0	0.020000	S	7770	512
cn102_cn106_9943 1	0	0.020000	S	7766	512
cn102_cn106_9944 1	0	0.020000	S	7775	512
cn102_cn106_9947 1	0	0.020000	S	7774	512
cn102_cn106_9946 1	0	0.020000	S	7776	512
cn102_cn106_9958 1	0	0.020000	S	7789	512
cn102_cn106_9966 1	0	0.020000	S	7806	512
cn102_cn106_9968 1	0	0.020000	S	7812	512
cn102_cn106_9971 1	0	0.020000	S	7818	512
cn102_cn106_9974 1	0	0.020000	S	7827	512
cn102_cn106_9976 1	0	0.020000	S	7843	512
cn102_cn106_10113 1	0	0.020000	S	7772	512
cn102_cn106_10121 1	0	0.020000	S	7853	512
cn102_cn106_10125 1	0	0.020000	S	7857	512
cn102_cn106_10130 1	0	0.020000	S	7859	512
cn102_cn106_10139 1	0	0.020000	S	7858	512
cn102_cn106_10142 1	0	0.020000	S	7867	512
cn102_cn106_10148 1	0	0.020000	S	7863	512
cn102_cn106_10154 1	0	0.020000	S	7885	512
cn102_cn106_10164 1	0	0.020000	S	7902	512
cn102_cn106_10170 1	0	0.020000	S	7913	512
cn102_cn106_10172 1	0	0.020000	S	7916	512
cn102_cn106_10174 1	0	0.020000	S	7917	512
cn102_cn106_10176 1	0	0.020000	S	7919	512
cn102_cn106_10180 1	0	0.020000	S	7923	512
cn102_cn106_10186 1	0	0.020000	S	7933	512
cn102_cn106_10189 1	0	0.020000	S	7936	512
cn102_cn106_10201 1	0	0.020000	S	7950	512
cn102_cn106_10203 1	0	0.020000	S	7958	512
cn102_cn106_10231 1	0	0.020000	S	7909	512
cn102_cn106_10240 1	0	0.020000	S	7962	512
cn102_cn106_10244 1	0	0.020000	S	7964	512
cn102_cn106_10248 1	0	0.020000	S	7967	512
cn102_cn106_10257 1	0	0.020000	S	7966	512
cn102_cn106_10276 1	0	0.020000	S	7979	512
cn102_cn106_10292 1	0	0.020000	S	7998	512
cn102_cn106_10301 1	0	0.020000	S	8006	512
cn102_cn106_10306 1	0	0.020000	S	8010	512
cn102_cn106_10309 1	0	0.020000	S	8012	512
cn102_cn106_10317 1	0	0.020000	S	8015	512
cn102_cn106_10320 1	0	0.020000	S	8018	512
cn102_cn106_10325 1	0	0.020000	S	8020	512
cn102_cn106_10330 1	0	0.020000	S	8022	512
cn102_cn106_10333 1	0	0.020000	S	8014	512
cn102_cn106_10336 1	0	0.020000	S	8024	512
cn102_cn106_10339 1	0	0.020000	S	8027	512
cn102_cn106_10343 1	0	0.020000	S	8028	512
cn102_cn106_10346 1	0	0.020000	S	8026	512
cn102_cn106_10348 1	0	0.020000	S	8029	512
cn102_cn106_10356 1	0	0.020000	S	8030	512
cn102_cn106_10358 1	0	0.020000	S	8031	512
cn102_cn106_10373 1	0	0.020000	S	8023	512
cn102_cn106_10386 1	0	0.020000	S	8054	512
cn102_cn106_10388 1	0	0.020000	S	8058	512
cn102_cn106_10390 1	0	0.020000	S	8060	512
cn102_cn106_10391 1	0	0.020000	S	8062	512
cn102_cn106_10398 1	0	0.020000	S	8046	512
cn102_cn106_10434 1	0	0.020000	S	8063	512
cn102_cn106_10431 1	0	0.020000	S	8049	512
cn102_cn106_10451 1	0	0.020000	S	8094	512
cn102_cn106_10473 1	0	0.020000	S	8116	512
cn102_cn106_10476 1	0	0.020000	S	8115	512
cn102_cn106_10519 1	0	0.020000	S	8129	512
cn102_cn106_10557 1	0	0.020000	S	8150	512
cn102_cn106_10564 1	0	0.020000	S	8142	512
cn102_cn106_10566 1	0	0.020000	S	8154	512
cn102_cn106_10580 1	0	0.020000	S	8156	512
cn102_cn106_10589 1	0	0.020000	S	8158	512
cn102_cn106_10596 1	0	0.020000	S	8159	512
cn102_cn106_10599 1	0	0.020000	S	8162	512
cn102_cn106_10608 1	0	0.020000	S	8173	512
cn102_cn106_10626 1	0	0.020000	S	8190	512
cn102_cn106_10717 1	0	0.020000	S	8229	512
cn102_cn106_10720 1	0	0.020000	S	8234	512
cn102_cn106_10727 1	0	0.020000	S	8243	512
cn102_cn106_10712 1	0	0.020000	S	8220	512
cn102_cn106_10737 1	0	0.020000	S	8262	512
cn102_cn106_10763 1	0	0.020000	S	8297	512
cn102_cn106_10764 1	0	0.020000	S	8308	512
cn102_cn106_10767 1	0	0.020000	S	8319	512
cn102_cn106_10788 1	0	0.020000	S	8323	512
cn104_cn106_7376 1	0	0.055000	S	6775	1024
cn104_cn106_7382 1	0	0.055000	S	6801	1024
cn104_cn106_7387 1	0	0.055000	S	6810	1024
cn105.cs.uwaterloo.ca_cn106_7114 2	0	0.111500	S	6799	1536
cn104_cn106_7445 1	0	0.055000	S	6852	1024
cn104_cn106_7440 1	0	0.055000	S	6839	1024
cn104_cn106_7442 1	0	0.055000	S	6844	1024
cn104_cn106_7446 1	0	0.055000	S	6857	1024
cn104_cn106_7454 1	0	0.055000	S	6887	1024
cn104_cn106_7450 1	0	0.055000	S	6871	1024
cn104_cn106_7466 1	0	0.055000	S	6911	1024
cn104_cn106_7461 1	0	0.055000	S	6902	1024
cn104_cn106_7463 1	0	0.055000	S	6903	1024
cn104_cn106_7459 1	0	0.055000	S	6901	1024
cn104_cn106_7469 1	0	0.055000	S	6938	1024
cn104_cn106_7470 1	0	0.055000	S	6941	1024
cn104_cn106_7465 1	0	0.055000	S	6899	1024
cn104_cn106_7475 1	0	0.055000	S	6980	1024
cn104_cn106_7472 1	0	0.055000	S	6967	1024
cn104_cn106_7476 1	0	0.055000	S	6987	1024
cn104_cn106_7478 1	0	0.055000	S	6999	1024
cn104_cn106_7518 1	0	0.055000	S	7031	1024
cn104_cn106_7513 1	0	0.055000	S	7027	1024
cn104_cn106_7515 1	0	0.055000	S	7029	1024
cn104_cn106_7516 1	0	0.055000	S	7030	1024
cn105.cs.uwaterloo.ca_cn106_7125 2	0	0.111500	S	6816	1536
cn104_cn106_7527 1	0	0.055000	S	7042	1024
cn104_cn106_7510 1	0	0.055000	S	7015	1024
cn104_cn106_7539 1	0	0.055000	S	7079	1024
cn104_cn106_7541 1	0	0.055000	S	7081	1024
cn104_cn106_7523 1	0	0.055000	S	7039	1024
cn104_cn106_7534 1	0	0.055000	S	7063	1024
cn104_cn106_7589 1	0	0.055000	S	7093	1024
cn104_cn106_7591 1	0	0.055000	S	7094	1024
cn104_cn106_7587 1	0	0.055000	S	7091	1024
cn104_cn106_7605 1	0	0.055000	S	7103	1024
cn104_cn106_7509 1	0	0.055000	S	7016	1024
cn104_cn106_7592 1	0	0.055000	S	7095	1024
cn104_cn106_7619 1	0	0.055000	S	7123	1024
cn104_cn106_7615 1	0	0.055000	S	7111	1024
cn104_cn106_7621 1	0	0.055000	S	7125	1024
cn104_cn106_7625 1	0	0.055000	S	7127	1024
cn104_cn106_7631 1	0	0.055000	S	7139	1024
cn104_cn106_7623 1	0	0.055000	S	7126	1024
cn104_cn106_7633 1	0	0.055000	S	7142	1024
cn104_cn106_7635 1	0	0.055000	S	7141	1024
cn104_cn106_7639 1	0	0.055000	S	7151	1024
cn104_cn106_7642 1	0	0.055000	S	7154	1024
cn104_cn106_7627 1	0	0.055000	S	7128	1024
cn104_cn106_7637 1	0	0.055000	S	7143	1024
cn104_cn106_7647 1	0	0.055000	S	7153	1024
cn104_cn106_7651 1	0	0.055000	S	7159	1024
cn104_cn106_7645 1	0	0.055000	S	7156	1024
cn104_cn106_7643 1	0	0.055000	S	7155	1024
cn104_cn106_7649 1	0	0.055000	S	7157	1024
cn104_cn106_7657 1	0	0.055000	S	7165	1024
cn104_cn106_7661 1	0	0.055000	S	7167	1024
cn104_cn106_7655 1	0	0.055000	S	7163	1024
cn104_cn106_7629 1	0	0.055000	S	7135	1024
cn104_cn106_7659 1	0	0.055000	S	7166	1024
cn104_cn106_7673 1	0	0.055000	S	7213	1024
cn104_cn106_7668 1	0	0.055000	S	7188	1024
cn104_cn106_7653 1	0	0.055000	S	7158	1024
cn104_cn106_7665 1	0	0.055000	S	7182	1024
cn104_cn106_7686 1	0	0.055000	S	7256	1024
cn104_cn106_7703 1	0	0.055000	S	7304	1024
cn104_cn106_7704 1	0	0.055000	S	7313	1024
cn104_cn106_7676 1	0	0.055000	S	7227	1024
cn104_cn106_7766 1	0	0.055000	S	7335	1024
cn104_cn106_7778 1	0	0.055000	S	7346	1024
cn104_cn106_7784 1	0	0.055000	S	7356	1024
cn104_cn106_7805 1	0	0.055000	S	7396	1024
cn104_cn106_7791 1	0	0.055000	S	7382	1024
cn104_cn106_7814 1	0	0.055000	S	7417	1024
cn104_cn106_7821 1	0	0.055000	S	7440	1024
cn104_cn106_7826 1	0	0.055000	S	7445	1024
cn104_cn106_7827 1	0	0.055000	S	7446	1024
cn104_cn106_7838 1	0	0.055000	S	7476	1024
cn104_cn106_7831 1	0	0.055000	S	7452	1024
cn104_cn106_7833 1	0	0.055000	S	7467	1024
cn104_cn106_7819 1	0	0.055000	S	7428	1024
cn104_cn106_7823 1	0	0.055000	S	7444	1024
cn104_cn106_7844 1	0	0.055000	S	7482	1024
cn104_cn106_7843 1	0	0.055000	S	7481	1024
cn104_cn106_7836 1	0	0.055000	S	7475	1024
cn104_cn106_7846 1	0	0.055000	S	7487	1024
cn104_cn106_7830 1	0	0.055000	S	7451	1024
cn104_cn106_7841 1	0	0.055000	S	7483	1024
cn104_cn106_7866 1	0	0.055000	S	7508	1024
cn104_cn106_7869 1	0	0.055000	S	7528	1024
cn104_cn106_7874 1	0	0.055000	S	7554	1024
cn104_cn106_7868 1	0	0.055000	S	7526	1024
cn104_cn106_7871 1	0	0.055000	S	7547	1024
cn104_cn106_7885 1	0	0.055000	S	7572	1024
cn104_cn106_7918 1	0	0.055000	S	7611	1024
cn104_cn106_7921 1	0	0.055000	S	7642	1024
cn104_cn106_7926 1	0	0.055000	S	7671	1024
cn104_cn106_7983 1	0	0.055000	S	7706	1024
cn104_cn106_7999 1	0	0.055000	S	7729	1024
cn104_cn106_8023 1	0	0.055000	S	7748	1024
cn105.cs.uwaterloo.ca_cn106_7177 2	0	0.111500	S	7171	1536
cn105.cs.uwaterloo.ca_cn106_7179 2	0	0.111500	S	7234	1536
cn104_cn106_8039 1	0	0.055000	S	7773	1024
cn104_cn106_8017 1	0	0.055000	S	7740	1024
cn104_cn106_8043 1	0	0.055000	S	7784	1024
cn104_cn106_8061 1	0	0.055000	S	7791	1024
cn104_cn106_8076 1	0	0.055000	S	7813	1024
cn104_cn106_8074 1	0	0.055000	S	7810	1024
cn105.cs.uwaterloo.ca_cn106_7184 2	0	0.111500	S	7233	1536
cn104_cn106_8080 1	0	0.055000	S	7836	1024
cn105.cs.uwaterloo.ca_cn106_7185 2	0	0.111500	S	7243	1536
cn104_cn106_8066 1	0	0.055000	S	7794	1024
cn105.cs.uwaterloo.ca_cn106_7188 2	0	0.111500	S	7239	1536
cn105.cs.uwaterloo.ca_cn106_7190 2	0	0.111500	S	7251	1536
cn104_cn106_8123 1	0	0.055000	S	7864	1024
cn104_cn106_8124 1	0	0.055000	S	7868	1024
cn104_cn106_8115 1	0	0.055000	S	7852	1024
cn104_cn106_8126 1	0	0.055000	S	7869	1024
cn104_cn106_8128 1	0	0.055000	S	7870	1024
cn104_cn106_8121 1	0	0.055000	S	7860	1024
cn105.cs.uwaterloo.ca_cn106_7191 2	0	0.111500	S	7235	1536
cn104_cn106_8137 1	0	0.055000	S	7905	1024
cn104_cn106_8134 1	0	0.055000	S	7899	1024
cn105.cs.uwaterloo.ca_cn106_7193 2	0	0.111500	S	7267	1536
cn104_cn106_8165 1	0	0.055000	S	7927	1024
cn104_cn106_8132 1	0	0.055000	S	7886	1024
cn104_cn106_8166 1	0	0.055000	S	7932	1024
cn104_cn106_8169 1	0	0.055000	S	7938	1024
cn104_cn106_8180 1	0	0.055000	S	7976	1024
cn104_cn106_8171 1	0	0.055000	S	7951	1024
cn104_cn106_8173 1	0	0.055000	S	7956	1024
cn104_cn106_8201 1	0	0.055000	S	8017	1024
cn104_cn106_8188 1	0	0.055000	S	7995	1024
cn104_cn106_8198 1	0	0.055000	S	8008	1024
cn105.cs.uwaterloo.ca_cn106_7201 2	0	0.111500	S	7363	1536
cn104_cn106_8206 1	0	0.055000	S	8032	1024
cn104_cn106_8219 1	0	0.055000	S	8044	1024
cn104_cn106_8214 1	0	0.055000	S	8040	1024
cn104_cn106_8225 1	0	0.055000	S	8042	1024
cn104_cn106_8218 1	0	0.055000	S	8041	1024
cn104_cn106_8244 1	0	0.055000	S	8067	1024
cn104_cn106_8246 1	0	0.055000	S	8066	1024
cn104_cn106_8254 1	0	0.055000	S	8074	1024
cn104_cn106_8236 1	0	0.055000	S	8055	1024
cn104_cn106_8242 1	0	0.055000	S	8064	1024
cn104_cn106_8237 1	0	0.055000	S	8056	1024
cn104_cn106_8251 1	0	0.055000	S	8070	1024
cn104_cn106_8276 1	0	0.055000	S	8082	1024
cn104_cn106_8313 1	0	0.055000	S	8124	1024
cn104_cn106_8309 1	0	0.055000	S	8119	1024
cn104_cn106_8301 1	0	0.055000	S	8098	1024
cn104_cn106_8319 1	0	0.055000	S	8130	1024
cn104_cn106_8337 1	0	0.055000	S	8151	1024
cn104_cn106_8345 1	0	0.055000	S	8168	1024
cn104_cn106_8351 1	0	0.055000	S	8167	1024
cn105.cs.uwaterloo.ca_cn106_7218 2	0	0.111500	S	7491	1536
cn104_cn106_8365 1	0	0.055000	S	8179	1024
cn105.cs.uwaterloo.ca_cn106_7219 2	0	0.111500	S	7598	1536
cn104_cn106_8388 1	0	0.055000	S	8182	1024
cn104_cn106_8373 1	0	0.055000	S	8181	1024
cn105.cs.uwaterloo.ca_cn106_7222 2	0	0.111500	S	7664	1536
cn104_cn106_8400 1	0	0.055000	S	8183	1024
cn104_cn106_8423 1	0	0.055000	S	8191	1024
cn104_cn106_8506 1	0	0.055000	S	8227	1024
cn104_cn106_8496 1	0	0.055000	S	8218	1024
cn104_cn106_8515 1	0	0.055000	S	8278	1024
cn104_cn106_8509 1	0	0.055000	S	8245	1024
