cn107_cn107_3659 0	0	0.000000	S	8428	3072
cn101_cn107_17457 1	0	0.025000	S	8332	0
cn101_cn107_17461 1	0	0.025000	S	8334	0
cn101_cn107_17458 1	0	0.025000	S	8333	0
cn101_cn107_17464 1	0	0.025000	S	8336	0
cn101_cn107_17468 1	0	0.025000	S	8335	0
cn101_cn107_17470 1	0	0.025000	S	8337	0
cn101_cn107_17478 1	0	0.025000	S	8340	0
cn101_cn107_17474 1	0	0.025000	S	8339	0
cn101_cn107_17494 1	0	0.025000	S	8349	0
cn101_cn107_17495 1	0	0.025000	S	8351	0
cn101_cn107_17496 1	0	0.025000	S	8352	0
cn101_cn107_17497 1	0	0.025000	S	8353	0
cn101_cn107_17498 1	0	0.025000	S	8354	0
cn101_cn107_17499 1	0	0.025000	S	8356	0
cn101_cn107_17501 1	0	0.025000	S	8359	0
cn101_cn107_17500 1	0	0.025000	S	8358	0
cn101_cn107_17502 1	0	0.025000	S	8360	0
cn101_cn107_17504 1	0	0.025000	S	8366	0
cn101_cn107_17505 1	0	0.025000	S	8370	0
cn101_cn107_17506 1	0	0.025000	S	8371	0
cn101_cn107_17507 1	0	0.025000	S	8374	0
cn101_cn107_17508 1	0	0.025000	S	8376	0
cn101_cn107_17509 1	0	0.025000	S	8377	0
cn101_cn107_17503 1	0	0.025000	S	8365	0
cn101_cn107_17510 1	0	0.025000	S	8380	0
cn101_cn107_17512 1	0	0.025000	S	8384	0
cn101_cn107_17511 1	0	0.025000	S	8382	0
cn101_cn107_17513 1	0	0.025000	S	8385	0
cn101_cn107_17514 1	0	0.025000	S	8387	0
cn101_cn107_17516 1	0	0.025000	S	8390	0
cn101_cn107_17515 1	0	0.025000	S	8388	0
cn101_cn107_17524 1	0	0.025000	S	8394	0
cn101_cn107_17530 1	0	0.025000	S	8395	0
cn101_cn107_17545 1	0	0.025000	S	8396	0
cn101_cn107_17548 1	0	0.025000	S	8397	0
cn101_cn107_17551 1	0	0.025000	S	8398	0
cn101_cn107_17556 1	0	0.025000	S	8399	0
cn101_cn107_17559 1	0	0.025000	S	8400	0
cn101_cn107_17563 1	0	0.025000	S	8401	0
cn101_cn107_17568 1	0	0.025000	S	8402	0
cn101_cn107_17572 1	0	0.025000	S	8403	0
cn101_cn107_17576 1	0	0.025000	S	8404	0
cn101_cn107_17585 1	0	0.025000	S	8405	0
cn101_cn107_17586 1	0	0.025000	S	8406	0
cn101_cn107_17587 1	0	0.025000	S	8407	0
cn101_cn107_17596 1	0	0.025000	S	8408	0
cn101_cn107_17601 1	0	0.025000	S	8411	0
cn101_cn107_17604 1	0	0.025000	S	8412	0
cn101_cn107_17614 1	0	0.025000	S	8413	0
cn101_cn107_17615 1	0	0.025000	S	8414	0
cn101_cn107_17616 1	0	0.025000	S	8416	0
cn101_cn107_17617 1	0	0.025000	S	8417	0
cn101_cn107_17618 1	0	0.025000	S	8419	0
cn101_cn107_17619 1	0	0.025000	S	8420	0
cn101_cn107_17621 1	0	0.025000	S	8421	0
cn101_cn107_17625 1	0	0.025000	S	8422	0
cn101_cn107_17626 1	0	0.025000	S	8423	0
cn101_cn107_17627 1	0	0.025000	S	8424	0
cn101_cn107_17628 1	0	0.025000	S	8425	0
cn101_cn107_17629 1	0	0.025000	S	8426	0
cn101_cn107_17630 1	0	0.025000	S	8429	0
cn101_cn107_17631 1	0	0.025000	S	8430	0
cn101_cn107_17632 1	0	0.025000	S	8432	0
cn101_cn107_17633 1	0	0.025000	S	8433	0
cn101_cn107_17634 1	0	0.025000	S	8434	0
cn101_cn107_17635 1	0	0.025000	S	8435	0
cn101_cn107_17636 1	0	0.025000	S	8436	0
cn101_cn107_17637 1	0	0.025000	S	8440	0
cn101_cn107_17638 1	0	0.025000	S	8441	0
cn101_cn107_17639 1	0	0.025000	S	8442	0
cn101_cn107_17640 1	0	0.025000	S	8444	0
cn101_cn107_17641 1	0	0.025000	S	8448	0
cn101_cn107_17642 1	0	0.025000	S	8449	0
cn101_cn107_17643 1	0	0.025000	S	8450	0
cn101_cn107_17675 1	0	0.025000	S	8451	0
cn101_cn107_17694 1	0	0.025000	S	8452	0
cn101_cn107_17697 1	0	0.025000	S	8455	0
cn101_cn107_17704 1	0	0.025000	S	8462	0
cn101_cn107_17705 1	0	0.025000	S	8464	0
cn101_cn107_17708 1	0	0.025000	S	8468	0
cn101_cn107_17709 1	0	0.025000	S	8469	0
cn101_cn107_17710 1	0	0.025000	S	8470	0
cn101_cn107_17711 1	0	0.025000	S	8474	0
cn106_cn107_6044 1	0	0.055000	S	8331	2048
cn106_cn107_6074 1	0	0.055000	S	8343	2048
cn106_cn107_6087 1	0	0.055000	S	8355	2048
cn106_cn107_6078 1	0	0.055000	S	8348	2048
cn106_cn107_6096 1	0	0.055000	S	8361	2048
cn106_cn107_6101 1	0	0.055000	S	8363	2048
cn106_cn107_6099 1	0	0.055000	S	8362	2048
cn106_cn107_6106 1	0	0.055000	S	8367	2048
cn106_cn107_6107 1	0	0.055000	S	8368	2048
cn106_cn107_6110 1	0	0.055000	S	8379	2048
cn106_cn107_6120 1	0	0.055000	S	8386	2048
cn106_cn107_6124 1	0	0.055000	S	8389	2048
cn106_cn107_6156 1	0	0.055000	S	8409	2048
cn106_cn107_6169 1	0	0.055000	S	8427	2048
cn106_cn107_6186 1	0	0.055000	S	8438	2048
cn106_cn107_6212 1	0	0.055000	S	8461	2048
cn106_cn107_6227 1	0	0.055000	S	8471	2048
cn106_cn107_6229 1	0	0.055000	S	8472	2048
cn107_cn107_3789 0	0	0.000000	S	8556	3072
cn107_cn107_3811 0	0	0.000000	S	8577	3072
cn102_cn107_7379 1	0	0.021500	S	8345	512
cn102_cn107_7378 1	0	0.021500	S	8342	512
cn102_cn107_7383 1	0	0.021500	S	8415	512
cn102_cn107_7382 1	0	0.021500	S	8392	512
cn102_cn107_7380 1	0	0.021500	S	8364	512
cn102_cn107_7381 1	0	0.021500	S	8383	512
cn102_cn107_7386 1	0	0.021500	S	8443	512
cn102_cn107_7384 1	0	0.021500	S	8431	512
cn102_cn107_7385 1	0	0.021500	S	8439	512
cn102_cn107_7387 1	0	0.021500	S	8445	512
cn102_cn107_7388 1	0	0.021500	S	8446	512
cn102_cn107_7392 1	0	0.021500	S	8447	512
cn102_cn107_7393 1	0	0.021500	S	8453	512
cn102_cn107_7394 1	0	0.021500	S	8466	512
cn102_cn107_7395 1	0	0.021500	S	8473	512
cn107_cn107_3906 0	0	0.000000	S	8671	3072
cn107_cn107_4048 0	0	0.000000	S	8812	3072
cn107_cn107_4207 0	0	0.000000	S	8970	3072
cn107_cn107_4380 0	0	0.000000	S	9142	3072
cn106_cn107_7692 1	0	0.055000	S	8482	2048
cn106_cn107_7694 1	0	0.055000	S	8497	2048
cn107_cn107_4480 0	0	0.000000	S	9241	3072
cn101_cn107_20405 1	0	0.025000	S	8460	0
cn101_cn107_20409 1	0	0.025000	S	8456	0
cn101_cn107_20406 1	0	0.025000	S	8457	0
cn101_cn107_20411 1	0	0.025000	S	8458	0
cn101_cn107_20413 1	0	0.025000	S	8465	0
cn101_cn107_20415 1	0	0.025000	S	8476	0
cn101_cn107_20417 1	0	0.025000	S	8483	0
cn101_cn107_20419 1	0	0.025000	S	8492	0
cn101_cn107_20421 1	0	0.025000	S	8490	0
cn101_cn107_20423 1	0	0.025000	S	8498	0
cn101_cn107_20425 1	0	0.025000	S	8499	0
cn101_cn107_20427 1	0	0.025000	S	8500	0
cn101_cn107_20429 1	0	0.025000	S	8502	0
cn101_cn107_20438 1	0	0.025000	S	8463	0
cn101_cn107_20442 1	0	0.025000	S	8459	0
cn101_cn107_20439 1	0	0.025000	S	8480	0
cn101_cn107_20443 1	0	0.025000	S	8475	0
cn106_cn107_8136 1	0	0.055000	S	8518	2048
cn106_cn107_8139 1	0	0.055000	S	8529	2048
cn106_cn107_8143 1	0	0.055000	S	8560	2048
cn106_cn107_8140 1	0	0.055000	S	8545	2048
cn106_cn107_8144 1	0	0.055000	S	8569	2048
cn106_cn107_8145 1	0	0.055000	S	8563	2048
cn106_cn107_8146 1	0	0.055000	S	8565	2048
cn106_cn107_8147 1	0	0.055000	S	8561	2048
cn106_cn107_8217 1	0	0.055000	S	8590	2048
cn106_cn107_8213 1	0	0.055000	S	8594	2048
cn106_cn107_8224 1	0	0.055000	S	8612	2048
cn106_cn107_8226 1	0	0.055000	S	8619	2048
cn106_cn107_8238 1	0	0.055000	S	8637	2048
cn106_cn107_8254 1	0	0.055000	S	8648	2048
cn107_cn107_4564 0	0	0.000000	S	9324	3072
cn106_cn107_8341 1	0	0.055000	S	8689	2048
cn106_cn107_8349 1	0	0.055000	S	8698	2048
cn106_cn107_8337 1	0	0.055000	S	8679	2048
cn106_cn107_8357 1	0	0.055000	S	8713	2048
cn106_cn107_8382 1	0	0.055000	S	8732	2048
cn106_cn107_8375 1	0	0.055000	S	8727	2048
cn106_cn107_8389 1	0	0.055000	S	8762	2048
cn106_cn107_8391 1	0	0.055000	S	8742	2048
cn106_cn107_8384 1	0	0.055000	S	8753	2048
cn106_cn107_8392 1	0	0.055000	S	8770	2048
cn106_cn107_8438 1	0	0.055000	S	8785	2048
cn106_cn107_8445 1	0	0.055000	S	8801	2048
cn106_cn107_8442 1	0	0.055000	S	8783	2048
cn106_cn107_8461 1	0	0.055000	S	8825	2048
cn106_cn107_8457 1	0	0.055000	S	8819	2048
cn106_cn107_8452 1	0	0.055000	S	8816	2048
cn106_cn107_8455 1	0	0.055000	S	8817	2048
cn106_cn107_8463 1	0	0.055000	S	8821	2048
cn106_cn107_8476 1	0	0.055000	S	8844	2048
cn106_cn107_8472 1	0	0.055000	S	8834	2048
cn106_cn107_8485 1	0	0.055000	S	8852	2048
cn106_cn107_8489 1	0	0.055000	S	8860	2048
cn106_cn107_8491 1	0	0.055000	S	8856	2048
cn106_cn107_8497 1	0	0.055000	S	8862	2048
cn106_cn107_8501 1	0	0.055000	S	8861	2048
cn106_cn107_8506 1	0	0.055000	S	8869	2048
cn106_cn107_8507 1	0	0.055000	S	8892	2048
cn106_cn107_8509 1	0	0.055000	S	8896	2048
cn106_cn107_8511 1	0	0.055000	S	8898	2048
cn106_cn107_8513 1	0	0.055000	S	8899	2048
cn106_cn107_8504 1	0	0.055000	S	8875	2048
cn106_cn107_8515 1	0	0.055000	S	8902	2048
cn106_cn107_8519 1	0	0.055000	S	8906	2048
cn106_cn107_8523 1	0	0.055000	S	8924	2048
cn106_cn107_8521 1	0	0.055000	S	8914	2048
cn106_cn107_8527 1	0	0.055000	S	8945	2048
cn106_cn107_8524 1	0	0.055000	S	8930	2048
cn106_cn107_8528 1	0	0.055000	S	8964	2048
cn106_cn107_8533 1	0	0.055000	S	8993	2048
cn106_cn107_8535 1	0	0.055000	S	9007	2048
cn106_cn107_8538 1	0	0.055000	S	9009	2048
cn106_cn107_8536 1	0	0.055000	S	9008	2048
cn106_cn107_8531 1	0	0.055000	S	8977	2048
cn106_cn107_8543 1	0	0.055000	S	9013	2048
cn106_cn107_8546 1	0	0.055000	S	9025	2048
cn106_cn107_8545 1	0	0.055000	S	9017	2048
cn106_cn107_8540 1	0	0.055000	S	9011	2048
cn106_cn107_8602 1	0	0.055000	S	9043	2048
cn106_cn107_8605 1	0	0.055000	S	9040	2048
cn106_cn107_8599 1	0	0.055000	S	9041	2048
cn106_cn107_8601 1	0	0.055000	S	9045	2048
cn106_cn107_8613 1	0	0.055000	S	9056	2048
cn106_cn107_8609 1	0	0.055000	S	9054	2048
cn106_cn107_8611 1	0	0.055000	S	9049	2048
cn106_cn107_8615 1	0	0.055000	S	9057	2048
cn106_cn107_8617 1	0	0.055000	S	9065	2048
cn106_cn107_8619 1	0	0.055000	S	9061	2048
cn106_cn107_8625 1	0	0.055000	S	9073	2048
cn106_cn107_8627 1	0	0.055000	S	9059	2048
cn106_cn107_8623 1	0	0.055000	S	9074	2048
cn106_cn107_8629 1	0	0.055000	S	9077	2048
cn106_cn107_8631 1	0	0.055000	S	9075	2048
cn106_cn107_8633 1	0	0.055000	S	9079	2048
cn106_cn107_8640 1	0	0.055000	S	9076	2048
cn106_cn107_8643 1	0	0.055000	S	9085	2048
cn106_cn107_8634 1	0	0.055000	S	9080	2048
cn106_cn107_8644 1	0	0.055000	S	9083	2048
cn106_cn107_8636 1	0	0.055000	S	9072	2048
cn106_cn107_8639 1	0	0.055000	S	9081	2048
cn106_cn107_8654 1	0	0.055000	S	9115	2048
cn106_cn107_8655 1	0	0.055000	S	9137	2048
cn106_cn107_8652 1	0	0.055000	S	9116	2048
cn107_cn107_4700 0	0	0.000000	S	9459	3072
cn107_cn107_4753 0	0	0.000000	S	9511	3072
cn101_cn107_22347 1	0	0.025000	S	8503	0
cn101_cn107_22349 1	0	0.025000	S	8478	0
cn101_cn107_22352 1	0	0.025000	S	8486	0
cn101_cn107_22354 1	0	0.025000	S	8488	0
cn101_cn107_22357 1	0	0.025000	S	8479	0
cn101_cn107_22362 1	0	0.025000	S	8495	0
cn101_cn107_22360 1	0	0.025000	S	8494	0
cn101_cn107_22364 1	0	0.025000	S	8504	0
cn101_cn107_22363 1	0	0.025000	S	8491	0
cn101_cn107_22365 1	0	0.025000	S	8508	0
cn101_cn107_22371 1	0	0.025000	S	8509	0
cn101_cn107_22367 1	0	0.025000	S	8505	0
cn101_cn107_22374 1	0	0.025000	S	8511	0
cn101_cn107_22376 1	0	0.025000	S	8516	0
cn101_cn107_22403 1	0	0.025000	S	8510	0
cn101_cn107_22400 1	0	0.025000	S	8514	0
cn101_cn107_22405 1	0	0.025000	S	8519	0
cn101_cn107_22407 1	0	0.025000	S	8513	0
cn101_cn107_22408 1	0	0.025000	S	8520	0
cn101_cn107_22409 1	0	0.025000	S	8512	0
cn101_cn107_22411 1	0	0.025000	S	8507	0
cn101_cn107_22410 1	0	0.025000	S	8515	0
cn101_cn107_22413 1	0	0.025000	S	8523	0
cn101_cn107_22417 1	0	0.025000	S	8506	0
cn101_cn107_22418 1	0	0.025000	S	8527	0
cn101_cn107_22421 1	0	0.025000	S	8531	0
cn101_cn107_22415 1	0	0.025000	S	8521	0
cn101_cn107_22426 1	0	0.025000	S	8525	0
cn101_cn107_22430 1	0	0.025000	S	8522	0
cn101_cn107_22434 1	0	0.025000	S	8533	0
cn101_cn107_22440 1	0	0.025000	S	8526	0
cn101_cn107_22442 1	0	0.025000	S	8532	0
cn101_cn107_22448 1	0	0.025000	S	8530	0
cn101_cn107_22452 1	0	0.025000	S	8534	0
cn101_cn107_22457 1	0	0.025000	S	8539	0
cn101_cn107_22459 1	0	0.025000	S	8538	0
cn101_cn107_22462 1	0	0.025000	S	8528	0
cn101_cn107_22467 1	0	0.025000	S	8543	0
cn101_cn107_22475 1	0	0.025000	S	8542	0
cn101_cn107_22478 1	0	0.025000	S	8540	0
cn101_cn107_22472 1	0	0.025000	S	8541	0
cn101_cn107_22482 1	0	0.025000	S	8537	0
cn101_cn107_22487 1	0	0.025000	S	8550	0
cn101_cn107_22495 1	0	0.025000	S	8547	0
cn101_cn107_22499 1	0	0.025000	S	8553	0
cn101_cn107_22502 1	0	0.025000	S	8552	0
cn101_cn107_22506 1	0	0.025000	S	8551	0
cn101_cn107_22510 1	0	0.025000	S	8548	0
cn101_cn107_22522 1	0	0.025000	S	8558	0
cn101_cn107_22525 1	0	0.025000	S	8554	0
cn101_cn107_22529 1	0	0.025000	S	8544	0
cn101_cn107_22528 1	0	0.025000	S	8555	0
cn101_cn107_22533 1	0	0.025000	S	8562	0
cn101_cn107_22539 1	0	0.025000	S	8557	0
cn101_cn107_22545 1	0	0.025000	S	8559	0
cn101_cn107_22556 1	0	0.025000	S	8575	0
cn101_cn107_22558 1	0	0.025000	S	8576	0
cn101_cn107_22566 1	0	0.025000	S	8578	0
cn101_cn107_22577 1	0	0.025000	S	8564	0
cn101_cn107_22933 1	0	0.025000	S	8570	0
cn101_cn107_22935 1	0	0.025000	S	8566	0
cn101_cn107_22938 1	0	0.025000	S	8571	0
cn101_cn107_22941 1	0	0.025000	S	8581	0
cn101_cn107_22940 1	0	0.025000	S	8580	0
cn101_cn107_22943 1	0	0.025000	S	8584	0
cn101_cn107_22947 1	0	0.025000	S	8583	0
cn101_cn107_22951 1	0	0.025000	S	8586	0
cn101_cn107_22950 1	0	0.025000	S	8582	0
cn101_cn107_22956 1	0	0.025000	S	8587	0
cn101_cn107_22954 1	0	0.025000	S	8589	0
cn101_cn107_22964 1	0	0.025000	S	8591	0
cn101_cn107_22966 1	0	0.025000	S	8592	0
cn101_cn107_22969 1	0	0.025000	S	8597	0
cn101_cn107_22974 1	0	0.025000	S	8595	0
cn101_cn107_22977 1	0	0.025000	S	8596	0
cn101_cn107_22979 1	0	0.025000	S	8598	0
cn101_cn107_22982 1	0	0.025000	S	8599	0
cn101_cn107_22986 1	0	0.025000	S	8604	0
cn101_cn107_22989 1	0	0.025000	S	8606	0
cn101_cn107_22996 1	0	0.025000	S	8608	0
cn101_cn107_22998 1	0	0.025000	S	8609	0
cn101_cn107_23000 1	0	0.025000	S	8611	0
cn101_cn107_23004 1	0	0.025000	S	8607	0
cn101_cn107_23008 1	0	0.025000	S	8614	0
cn101_cn107_23014 1	0	0.025000	S	8616	0
cn101_cn107_23018 1	0	0.025000	S	8617	0
cn101_cn107_23024 1	0	0.025000	S	8618	0
cn101_cn107_23027 1	0	0.025000	S	8615	0
cn101_cn107_23033 1	0	0.025000	S	8621	0
cn101_cn107_23036 1	0	0.025000	S	8620	0
cn101_cn107_23038 1	0	0.025000	S	8622	0
cn101_cn107_23044 1	0	0.025000	S	8624	0
cn101_cn107_23053 1	0	0.025000	S	8627	0
cn101_cn107_23055 1	0	0.025000	S	8625	0
cn101_cn107_23058 1	0	0.025000	S	8628	0
cn101_cn107_23057 1	0	0.025000	S	8626	0
cn101_cn107_23062 1	0	0.025000	S	8631	0
cn101_cn107_23071 1	0	0.025000	S	8630	0
cn101_cn107_23074 1	0	0.025000	S	8635	0
cn101_cn107_23077 1	0	0.025000	S	8636	0
cn101_cn107_23080 1	0	0.025000	S	8574	0
cn101_cn107_23082 1	0	0.025000	S	8579	0
cn101_cn107_23087 1	0	0.025000	S	8573	0
cn101_cn107_23089 1	0	0.025000	S	8572	0
cn101_cn107_23091 1	0	0.025000	S	8634	0
cn101_cn107_23094 1	0	0.025000	S	8641	0
cn101_cn107_23100 1	0	0.025000	S	8644	0
cn101_cn107_23106 1	0	0.025000	S	8645	0
cn101_cn107_23114 1	0	0.025000	S	8638	0
cn101_cn107_23116 1	0	0.025000	S	8639	0
cn101_cn107_23117 1	0	0.025000	S	8646	0
cn101_cn107_23123 1	0	0.025000	S	8643	0
cn101_cn107_23127 1	0	0.025000	S	8651	0
cn101_cn107_23131 1	0	0.025000	S	8632	0
cn101_cn107_23132 1	0	0.025000	S	8650	0
cn101_cn107_23136 1	0	0.025000	S	8647	0
cn101_cn107_23142 1	0	0.025000	S	8654	0
cn101_cn107_23145 1	0	0.025000	S	8652	0
cn101_cn107_23151 1	0	0.025000	S	8655	0
cn101_cn107_23153 1	0	0.025000	S	8658	0
cn101_cn107_23155 1	0	0.025000	S	8653	0
cn101_cn107_23157 1	0	0.025000	S	8649	0
cn101_cn107_23158 1	0	0.025000	S	8657	0
cn101_cn107_23163 1	0	0.025000	S	8664	0
cn101_cn107_23484 1	0	0.025000	S	8660	0
cn101_cn107_23485 1	0	0.025000	S	8656	0
cn101_cn107_23486 1	0	0.025000	S	8662	0
cn101_cn107_23487 1	0	0.025000	S	8663	0
cn101_cn107_23491 1	0	0.025000	S	8661	0
cn101_cn107_23488 1	0	0.025000	S	8640	0
cn101_cn107_23493 1	0	0.025000	S	8666	0
cn101_cn107_23492 1	0	0.025000	S	8659	0
cn101_cn107_23498 1	0	0.025000	S	8668	0
cn101_cn107_23506 1	0	0.025000	S	8673	0
cn101_cn107_23509 1	0	0.025000	S	8670	0
cn101_cn107_23512 1	0	0.025000	S	8676	0
cn101_cn107_23514 1	0	0.025000	S	8680	0
cn101_cn107_23515 1	0	0.025000	S	8677	0
cn101_cn107_23520 1	0	0.025000	S	8681	0
cn101_cn107_23532 1	0	0.025000	S	8669	0
cn101_cn107_23533 1	0	0.025000	S	8667	0
cn101_cn107_23535 1	0	0.025000	S	8683	0
cn101_cn107_23541 1	0	0.025000	S	8687	0
cn101_cn107_23543 1	0	0.025000	S	8688	0
cn101_cn107_23545 1	0	0.025000	S	8685	0
cn101_cn107_23554 1	0	0.025000	S	8692	0
cn101_cn107_23558 1	0	0.025000	S	8686	0
cn101_cn107_23559 1	0	0.025000	S	8693	0
cn101_cn107_23565 1	0	0.025000	S	8694	0
cn101_cn107_23563 1	0	0.025000	S	8684	0
cn101_cn107_23571 1	0	0.025000	S	8691	0
cn101_cn107_23580 1	0	0.025000	S	8700	0
cn101_cn107_23583 1	0	0.025000	S	8696	0
cn101_cn107_23587 1	0	0.025000	S	8699	0
cn101_cn107_23591 1	0	0.025000	S	8706	0
cn101_cn107_23599 1	0	0.025000	S	8695	0
cn101_cn107_23600 1	0	0.025000	S	8709	0
cn101_cn107_23606 1	0	0.025000	S	8710	0
cn101_cn107_23608 1	0	0.025000	S	8705	0
cn101_cn107_23612 1	0	0.025000	S	8708	0
cn101_cn107_23616 1	0	0.025000	S	8715	0
cn101_cn107_23618 1	0	0.025000	S	8712	0
cn101_cn107_23624 1	0	0.025000	S	8714	0
cn101_cn107_23626 1	0	0.025000	S	8717	0
cn101_cn107_23628 1	0	0.025000	S	8719	0
cn101_cn107_23622 1	0	0.025000	S	8702	0
cn101_cn107_23631 1	0	0.025000	S	8711	0
cn101_cn107_23635 1	0	0.025000	S	8718	0
cn101_cn107_23636 1	0	0.025000	S	8704	0
cn101_cn107_23638 1	0	0.025000	S	8716	0
cn101_cn107_23641 1	0	0.025000	S	8724	0
cn101_cn107_23648 1	0	0.025000	S	8721	0
cn101_cn107_23652 1	0	0.025000	S	8720	0
cn101_cn107_23656 1	0	0.025000	S	8723	0
cn101_cn107_23660 1	0	0.025000	S	8701	0
cn101_cn107_23662 1	0	0.025000	S	8730	0
cn101_cn107_23667 1	0	0.025000	S	8734	0
cn101_cn107_23669 1	0	0.025000	S	8731	0
cn101_cn107_23671 1	0	0.025000	S	8728	0
cn101_cn107_23678 1	0	0.025000	S	8735	0
cn101_cn107_23680 1	0	0.025000	S	8744	0
cn101_cn107_23681 1	0	0.025000	S	8741	0
cn101_cn107_23686 1	0	0.025000	S	8745	0
cn101_cn107_23688 1	0	0.025000	S	8729	0
cn101_cn107_23692 1	0	0.025000	S	8736	0
cn101_cn107_23695 1	0	0.025000	S	8749	0
cn101_cn107_23698 1	0	0.025000	S	8750	0
cn101_cn107_23700 1	0	0.025000	S	8748	0
cn101_cn107_23705 1	0	0.025000	S	8740	0
cn101_cn107_23711 1	0	0.025000	S	8746	0
cn101_cn107_23710 1	0	0.025000	S	8751	0
cn101_cn107_23721 1	0	0.025000	S	8752	0
cn101_cn107_23722 1	0	0.025000	S	8757	0
cn101_cn107_23723 1	0	0.025000	S	8759	0
cn101_cn107_23724 1	0	0.025000	S	8764	0
cn101_cn107_23725 1	0	0.025000	S	8756	0
cn101_cn107_23726 1	0	0.025000	S	8766	0
cn101_cn107_23730 1	0	0.025000	S	8761	0
cn101_cn107_23732 1	0	0.025000	S	8769	0
cn101_cn107_23734 1	0	0.025000	S	8754	0
cn101_cn107_23738 1	0	0.025000	S	8758	0
cn101_cn107_23740 1	0	0.025000	S	8772	0
cn101_cn107_24076 1	0	0.025000	S	8778	0
cn101_cn107_24075 1	0	0.025000	S	8765	0
cn101_cn107_24077 1	0	0.025000	S	8773	0
cn101_cn107_24078 1	0	0.025000	S	8776	0
cn101_cn107_24079 1	0	0.025000	S	8768	0
cn101_cn107_24080 1	0	0.025000	S	8763	0
cn101_cn107_24081 1	0	0.025000	S	8779	0
cn101_cn107_24083 1	0	0.025000	S	8775	0
cn101_cn107_24089 1	0	0.025000	S	8781	0
cn101_cn107_24094 1	0	0.025000	S	8789	0
cn101_cn107_24107 1	0	0.025000	S	8782	0
cn101_cn107_24109 1	0	0.025000	S	8784	0
cn101_cn107_24113 1	0	0.025000	S	8792	0
cn101_cn107_24116 1	0	0.025000	S	8794	0
cn101_cn107_24117 1	0	0.025000	S	8797	0
cn101_cn107_24120 1	0	0.025000	S	8787	0
cn101_cn107_24121 1	0	0.025000	S	8796	0
cn101_cn107_24123 1	0	0.025000	S	8793	0
cn101_cn107_24128 1	0	0.025000	S	8806	0
cn101_cn107_24130 1	0	0.025000	S	8802	0
cn101_cn107_24132 1	0	0.025000	S	8805	0
cn101_cn107_24135 1	0	0.025000	S	8808	0
cn101_cn107_24136 1	0	0.025000	S	8809	0
cn101_cn107_24138 1	0	0.025000	S	8810	0
cn101_cn107_24139 1	0	0.025000	S	8804	0
cn101_cn107_24150 1	0	0.025000	S	8807	0
cn101_cn107_24152 1	0	0.025000	S	8795	0
cn101_cn107_24154 1	0	0.025000	S	8814	0
cn101_cn107_24158 1	0	0.025000	S	8811	0
cn101_cn107_24161 1	0	0.025000	S	8813	0
cn101_cn107_24163 1	0	0.025000	S	8818	0
cn101_cn107_24164 1	0	0.025000	S	8820	0
cn101_cn107_24167 1	0	0.025000	S	8826	0
cn101_cn107_24169 1	0	0.025000	S	8828	0
cn101_cn107_24172 1	0	0.025000	S	8824	0
cn101_cn107_24173 1	0	0.025000	S	8835	0
cn101_cn107_24183 1	0	0.025000	S	8833	0
cn101_cn107_24185 1	0	0.025000	S	8839	0
cn101_cn107_24189 1	0	0.025000	S	8838	0
cn101_cn107_24190 1	0	0.025000	S	8832	0
cn101_cn107_24193 1	0	0.025000	S	8840	0
cn101_cn107_24198 1	0	0.025000	S	8837	0
cn101_cn107_24202 1	0	0.025000	S	8847	0
cn101_cn107_24204 1	0	0.025000	S	8845	0
cn101_cn107_24208 1	0	0.025000	S	8851	0
cn101_cn107_24213 1	0	0.025000	S	8848	0
cn101_cn107_24218 1	0	0.025000	S	8843	0
cn101_cn107_24215 1	0	0.025000	S	8846	0
cn101_cn107_24221 1	0	0.025000	S	8854	0
cn101_cn107_24222 1	0	0.025000	S	8853	0
cn101_cn107_24224 1	0	0.025000	S	8855	0
cn101_cn107_24229 1	0	0.025000	S	8859	0
cn101_cn107_24242 1	0	0.025000	S	8849	0
cn101_cn107_24246 1	0	0.025000	S	8864	0
cn101_cn107_24248 1	0	0.025000	S	8866	0
cn101_cn107_24250 1	0	0.025000	S	8857	0
cn101_cn107_24255 1	0	0.025000	S	8850	0
cn101_cn107_24257 1	0	0.025000	S	8871	0
cn101_cn107_24260 1	0	0.025000	S	8872	0
cn101_cn107_24267 1	0	0.025000	S	8873	0
cn101_cn107_24269 1	0	0.025000	S	8880	0
cn101_cn107_24276 1	0	0.025000	S	8884	0
cn101_cn107_24279 1	0	0.025000	S	8882	0
cn101_cn107_24282 1	0	0.025000	S	8886	0
cn101_cn107_24283 1	0	0.025000	S	8888	0
cn101_cn107_24284 1	0	0.025000	S	8883	0
cn101_cn107_24285 1	0	0.025000	S	8889	0
cn101_cn107_24288 1	0	0.025000	S	8890	0
cn101_cn107_24295 1	0	0.025000	S	8900	0
cn101_cn107_24300 1	0	0.025000	S	8901	0
cn101_cn107_24301 1	0	0.025000	S	8903	0
cn101_cn107_24306 1	0	0.025000	S	8908	0
cn101_cn107_24309 1	0	0.025000	S	8913	0
cn101_cn107_24312 1	0	0.025000	S	8915	0
cn101_cn107_24313 1	0	0.025000	S	8917	0
cn101_cn107_24318 1	0	0.025000	S	8920	0
cn101_cn107_24319 1	0	0.025000	S	8922	0
cn101_cn107_24320 1	0	0.025000	S	8928	0
cn101_cn107_24321 1	0	0.025000	S	8929	0
cn101_cn107_24323 1	0	0.025000	S	8931	0
cn101_cn107_24328 1	0	0.025000	S	8932	0
cn101_cn107_24329 1	0	0.025000	S	8933	0
cn101_cn107_24330 1	0	0.025000	S	8934	0
cn101_cn107_24332 1	0	0.025000	S	8936	0
cn101_cn107_24334 1	0	0.025000	S	8938	0
cn101_cn107_24338 1	0	0.025000	S	8940	0
cn101_cn107_24339 1	0	0.025000	S	8946	0
cn101_cn107_24340 1	0	0.025000	S	8948	0
cn101_cn107_24341 1	0	0.025000	S	8952	0
cn101_cn107_24343 1	0	0.025000	S	8960	0
cn101_cn107_24345 1	0	0.025000	S	8961	0
cn101_cn107_24347 1	0	0.025000	S	8963	0
cn101_cn107_24350 1	0	0.025000	S	8965	0
cn101_cn107_24351 1	0	0.025000	S	8966	0
cn101_cn107_24355 1	0	0.025000	S	8967	0
cn101_cn107_24359 1	0	0.025000	S	8968	0
cn101_cn107_24365 1	0	0.025000	S	8969	0
cn101_cn107_24367 1	0	0.025000	S	8971	0
cn101_cn107_24369 1	0	0.025000	S	8974	0
cn101_cn107_24371 1	0	0.025000	S	8975	0
cn101_cn107_24373 1	0	0.025000	S	8980	0
cn101_cn107_24374 1	0	0.025000	S	8983	0
cn101_cn107_24375 1	0	0.025000	S	8984	0
cn101_cn107_24376 1	0	0.025000	S	8987	0
cn101_cn107_24377 1	0	0.025000	S	8990	0
cn101_cn107_24378 1	0	0.025000	S	8992	0
cn101_cn107_24379 1	0	0.025000	S	8994	0
cn101_cn107_24380 1	0	0.025000	S	8998	0
cn101_cn107_24381 1	0	0.025000	S	8999	0
cn101_cn107_24383 1	0	0.025000	S	9000	0
cn101_cn107_24385 1	0	0.025000	S	9001	0
cn101_cn107_24388 1	0	0.025000	S	9002	0
cn101_cn107_24390 1	0	0.025000	S	9004	0
cn101_cn107_24391 1	0	0.025000	S	9005	0
cn101_cn107_24393 1	0	0.025000	S	9012	0
cn101_cn107_24398 1	0	0.025000	S	9015	0
cn101_cn107_24395 1	0	0.025000	S	9014	0
cn101_cn107_24399 1	0	0.025000	S	9016	0
cn101_cn107_24401 1	0	0.025000	S	9018	0
cn101_cn107_24406 1	0	0.025000	S	9019	0
cn101_cn107_24409 1	0	0.025000	S	9020	0
cn101_cn107_24412 1	0	0.025000	S	9022	0
cn101_cn107_24415 1	0	0.025000	S	9023	0
cn101_cn107_24416 1	0	0.025000	S	9026	0
cn101_cn107_24417 1	0	0.025000	S	9027	0
cn101_cn107_24418 1	0	0.025000	S	9029	0
cn101_cn107_24419 1	0	0.025000	S	9030	0
cn101_cn107_24423 1	0	0.025000	S	8876	0
cn101_cn107_24431 1	0	0.025000	S	8910	0
cn101_cn107_24699 1	0	0.025000	S	8870	0
cn101_cn107_24700 1	0	0.025000	S	8916	0
cn101_cn107_24701 1	0	0.025000	S	8874	0
cn101_cn107_24704 1	0	0.025000	S	8881	0
cn101_cn107_24706 1	0	0.025000	S	8877	0
cn101_cn107_24708 1	0	0.025000	S	8868	0
cn101_cn107_24710 1	0	0.025000	S	9033	0
cn101_cn107_24719 1	0	0.025000	S	9034	0
cn101_cn107_24720 1	0	0.025000	S	9039	0
cn101_cn107_24730 1	0	0.025000	S	9035	0
cn101_cn107_24738 1	0	0.025000	S	9044	0
cn101_cn107_24754 1	0	0.025000	S	9048	0
cn101_cn107_24756 1	0	0.025000	S	9047	0
cn101_cn107_24758 1	0	0.025000	S	9050	0
cn101_cn107_24773 1	0	0.025000	S	9055	0
cn101_cn107_24779 1	0	0.025000	S	9051	0
cn101_cn107_24782 1	0	0.025000	S	9058	0
cn101_cn107_24788 1	0	0.025000	S	9062	0
cn101_cn107_24792 1	0	0.025000	S	9060	0
cn101_cn107_24796 1	0	0.025000	S	9063	0
cn101_cn107_24800 1	0	0.025000	S	9067	0
cn101_cn107_24804 1	0	0.025000	S	9066	0
cn101_cn107_24806 1	0	0.025000	S	9064	0
cn101_cn107_24808 1	0	0.025000	S	9070	0
cn101_cn107_24813 1	0	0.025000	S	9069	0
cn101_cn107_24840 1	0	0.025000	S	9078	0
cn101_cn107_24847 1	0	0.025000	S	9084	0
cn101_cn107_24849 1	0	0.025000	S	9089	0
cn101_cn107_24852 1	0	0.025000	S	9088	0
cn101_cn107_24856 1	0	0.025000	S	9091	0
cn101_cn107_24858 1	0	0.025000	S	9092	0
cn101_cn107_24864 1	0	0.025000	S	9090	0
cn101_cn107_24866 1	0	0.025000	S	9093	0
cn101_cn107_24869 1	0	0.025000	S	9086	0
cn101_cn107_24874 1	0	0.025000	S	9097	0
cn101_cn107_24876 1	0	0.025000	S	9094	0
cn101_cn107_24882 1	0	0.025000	S	9101	0
cn101_cn107_24880 1	0	0.025000	S	9099	0
cn101_cn107_24884 1	0	0.025000	S	9102	0
cn101_cn107_24888 1	0	0.025000	S	9096	0
cn101_cn107_24894 1	0	0.025000	S	9105	0
cn101_cn107_24899 1	0	0.025000	S	9095	0
cn101_cn107_24900 1	0	0.025000	S	9103	0
cn101_cn107_24902 1	0	0.025000	S	9098	0
cn101_cn107_24904 1	0	0.025000	S	9107	0
cn101_cn107_24908 1	0	0.025000	S	9100	0
cn101_cn107_24910 1	0	0.025000	S	9110	0
cn101_cn107_24916 1	0	0.025000	S	9108	0
cn101_cn107_24918 1	0	0.025000	S	9111	0
cn101_cn107_24936 1	0	0.025000	S	9114	0
cn101_cn107_24947 1	0	0.025000	S	9112	0
cn101_cn107_24949 1	0	0.025000	S	9109	0
cn101_cn107_24952 1	0	0.025000	S	9118	0
cn101_cn107_24956 1	0	0.025000	S	9124	0
cn101_cn107_24957 1	0	0.025000	S	9006	0
cn101_cn107_24958 1	0	0.025000	S	9031	0
cn101_cn107_24959 1	0	0.025000	S	9126	0
cn101_cn107_24960 1	0	0.025000	S	9127	0
cn101_cn107_24961 1	0	0.025000	S	9128	0
cn101_cn107_24962 1	0	0.025000	S	9129	0
cn101_cn107_24964 1	0	0.025000	S	9131	0
cn101_cn107_24963 1	0	0.025000	S	9130	0
cn101_cn107_24965 1	0	0.025000	S	9132	0
cn101_cn107_24966 1	0	0.025000	S	9133	0
cn101_cn107_24967 1	0	0.025000	S	9134	0
cn101_cn107_24968 1	0	0.025000	S	9135	0
cn101_cn107_24969 1	0	0.025000	S	9136	0
cn101_cn107_24970 1	0	0.025000	S	9138	0
cn101_cn107_24971 1	0	0.025000	S	9139	0
cn101_cn107_25332 1	0	0.025000	S	9125	0
cn101_cn107_25334 1	0	0.025000	S	9121	0
cn101_cn107_25336 1	0	0.025000	S	9122	0
cn101_cn107_25338 1	0	0.025000	S	9120	0
cn101_cn107_25342 1	0	0.025000	S	9119	0
cn101_cn107_25339 1	0	0.025000	S	9123	0
cn101_cn107_25344 1	0	0.025000	S	9149	0
cn101_cn107_25346 1	0	0.025000	S	9144	0
cn101_cn107_25348 1	0	0.025000	S	9146	0
cn101_cn107_25349 1	0	0.025000	S	9150	0
cn101_cn107_25350 1	0	0.025000	S	9156	0
cn101_cn107_25354 1	0	0.025000	S	9152	0
cn101_cn107_25356 1	0	0.025000	S	9157	0
cn101_cn107_25359 1	0	0.025000	S	9158	0
cn101_cn107_25362 1	0	0.025000	S	9159	0
cn101_cn107_25365 1	0	0.025000	S	9160	0
cn101_cn107_25368 1	0	0.025000	S	9155	0
cn101_cn107_25373 1	0	0.025000	S	9148	0
cn101_cn107_25380 1	0	0.025000	S	9145	0
cn101_cn107_25391 1	0	0.025000	S	9167	0
cn101_cn107_25393 1	0	0.025000	S	9162	0
cn101_cn107_25400 1	0	0.025000	S	9163	0
cn101_cn107_25403 1	0	0.025000	S	9172	0
cn101_cn107_25404 1	0	0.025000	S	9170	0
cn101_cn107_25407 1	0	0.025000	S	9175	0
cn101_cn107_25409 1	0	0.025000	S	9176	0
cn101_cn107_25412 1	0	0.025000	S	9177	0
cn101_cn107_25418 1	0	0.025000	S	9174	0
cn101_cn107_25420 1	0	0.025000	S	9180	0
cn101_cn107_25423 1	0	0.025000	S	9173	0
cn101_cn107_25425 1	0	0.025000	S	9168	0
cn101_cn107_25427 1	0	0.025000	S	9178	0
cn101_cn107_25428 1	0	0.025000	S	9181	0
cn101_cn107_25429 1	0	0.025000	S	9179	0
cn101_cn107_25430 1	0	0.025000	S	9182	0
cn101_cn107_25434 1	0	0.025000	S	9190	0
cn101_cn107_25431 1	0	0.025000	S	9188	0
cn101_cn107_25436 1	0	0.025000	S	9184	0
cn101_cn107_25435 1	0	0.025000	S	9191	0
cn101_cn107_25437 1	0	0.025000	S	9192	0
cn101_cn107_25438 1	0	0.025000	S	9187	0
cn101_cn107_25439 1	0	0.025000	S	9194	0
cn101_cn107_25440 1	0	0.025000	S	9195	0
cn101_cn107_25441 1	0	0.025000	S	9196	0
cn101_cn107_25442 1	0	0.025000	S	9193	0
cn101_cn107_25443 1	0	0.025000	S	9197	0
cn101_cn107_25444 1	0	0.025000	S	9202	0
cn101_cn107_25445 1	0	0.025000	S	9204	0
cn101_cn107_25446 1	0	0.025000	S	9206	0
cn101_cn107_25447 1	0	0.025000	S	9210	0
cn101_cn107_25449 1	0	0.025000	S	9143	0
cn101_cn107_25448 1	0	0.025000	S	9141	0
cn101_cn107_25450 1	0	0.025000	S	9216	0
cn101_cn107_25451 1	0	0.025000	S	9217	0
cn101_cn107_25452 1	0	0.025000	S	9218	0
cn101_cn107_25453 1	0	0.025000	S	9224	0
cn101_cn107_25455 1	0	0.025000	S	9219	0
cn101_cn107_25456 1	0	0.025000	S	9227	0
cn101_cn107_25457 1	0	0.025000	S	9231	0
cn101_cn107_25458 1	0	0.025000	S	9223	0
cn101_cn107_25454 1	0	0.025000	S	9208	0
cn101_cn107_25459 1	0	0.025000	S	9222	0
cn101_cn107_25461 1	0	0.025000	S	9220	0
cn101_cn107_25460 1	0	0.025000	S	9234	0
cn101_cn107_25462 1	0	0.025000	S	9229	0
cn101_cn107_25463 1	0	0.025000	S	9232	0
cn101_cn107_25464 1	0	0.025000	S	9242	0
cn101_cn107_25465 1	0	0.025000	S	9247	0
cn101_cn107_25466 1	0	0.025000	S	9250	0
cn106_cn107_8736 1	0	0.055000	S	9154	2048
cn106_cn107_8739 1	0	0.055000	S	9169	2048
cn106_cn107_8741 1	0	0.055000	S	9165	2048
cn106_cn107_8745 1	0	0.055000	S	9185	2048
cn106_cn107_8752 1	0	0.055000	S	9198	2048
cn106_cn107_8753 1	0	0.055000	S	9200	2048
cn106_cn107_8755 1	0	0.055000	S	9203	2048
cn106_cn107_8758 1	0	0.055000	S	9205	2048
cn106_cn107_8760 1	0	0.055000	S	9201	2048
cn106_cn107_8764 1	0	0.055000	S	9209	2048
cn106_cn107_8770 1	0	0.055000	S	9230	2048
cn106_cn107_8776 1	0	0.055000	S	9239	2048
cn106_cn107_8777 1	0	0.055000	S	9249	2048
cn106_cn107_9271 1	0	0.055000	S	9268	2048
cn106_cn107_9274 1	0	0.055000	S	9296	2048
cn106_cn107_9273 1	0	0.055000	S	9274	2048
cn106_cn107_9277 1	0	0.055000	S	9285	2048
cn106_cn107_9278 1	0	0.055000	S	9314	2048
cn106_cn107_9281 1	0	0.055000	S	9352	2048
cn106_cn107_9285 1	0	0.055000	S	9343	2048
cn106_cn107_9283 1	0	0.055000	S	9349	2048
cn106_cn107_9289 1	0	0.055000	S	9387	2048
cn106_cn107_9291 1	0	0.055000	S	9405	2048
cn106_cn107_9294 1	0	0.055000	S	9412	2048
cn106_cn107_9286 1	0	0.055000	S	9362	2048
cn106_cn107_9292 1	0	0.055000	S	9409	2048
cn106_cn107_9299 1	0	0.055000	S	9415	2048
cn106_cn107_9296 1	0	0.055000	S	9413	2048
cn106_cn107_9301 1	0	0.055000	S	9421	2048
cn106_cn107_9303 1	0	0.055000	S	9429	2048
cn106_cn107_9306 1	0	0.055000	S	9445	2048
cn106_cn107_9305 1	0	0.055000	S	9438	2048
cn106_cn107_9308 1	0	0.055000	S	9476	2048
cn106_cn107_9310 1	0	0.055000	S	9490	2048
cn106_cn107_9312 1	0	0.055000	S	9512	2048
cn106_cn107_9314 1	0	0.055000	S	9533	2048
cn106_cn107_9316 1	0	0.055000	S	9564	2048
cn106_cn107_9318 1	0	0.055000	S	9585	2048
cn106_cn107_9320 1	0	0.055000	S	9590	2048
cn101_cn107_25469 1	0	0.025000	S	9254	0
cn101_cn107_25760 1	0	0.025000	S	9248	0
cn101_cn107_25763 1	0	0.025000	S	9233	0
cn101_cn107_25744 1	0	0.025000	S	9237	0
cn101_cn107_25765 1	0	0.025000	S	9255	0
cn101_cn107_25766 1	0	0.025000	S	9226	0
cn101_cn107_25764 1	0	0.025000	S	9256	0
cn101_cn107_25770 1	0	0.025000	S	9263	0
cn101_cn107_25767 1	0	0.025000	S	9243	0
cn101_cn107_25773 1	0	0.025000	S	9272	0
cn101_cn107_25771 1	0	0.025000	S	9257	0
cn101_cn107_25768 1	0	0.025000	S	9225	0
cn101_cn107_25772 1	0	0.025000	S	9270	0
cn101_cn107_25769 1	0	0.025000	S	9259	0
cn101_cn107_25777 1	0	0.025000	S	9260	0
cn101_cn107_25782 1	0	0.025000	S	9278	0
cn101_cn107_25774 1	0	0.025000	S	9273	0
cn101_cn107_25775 1	0	0.025000	S	9261	0
cn101_cn107_25776 1	0	0.025000	S	9262	0
cn101_cn107_25786 1	0	0.025000	S	9269	0
cn101_cn107_25790 1	0	0.025000	S	9281	0
cn101_cn107_25791 1	0	0.025000	S	9277	0
cn101_cn107_25799 1	0	0.025000	S	9288	0
cn101_cn107_25810 1	0	0.025000	S	9292	0
cn101_cn107_25804 1	0	0.025000	S	9290	0
cn101_cn107_25795 1	0	0.025000	S	9282	0
cn101_cn107_25809 1	0	0.025000	S	9280	0
cn101_cn107_25802 1	0	0.025000	S	9287	0
cn101_cn107_25815 1	0	0.025000	S	9284	0
cn101_cn107_25814 1	0	0.025000	S	9283	0
cn101_cn107_25821 1	0	0.025000	S	9299	0
cn101_cn107_25819 1	0	0.025000	S	9295	0
cn101_cn107_25826 1	0	0.025000	S	9297	0
cn101_cn107_25828 1	0	0.025000	S	9301	0
cn101_cn107_25811 1	0	0.025000	S	9293	0
cn101_cn107_25843 1	0	0.025000	S	9311	0
cn101_cn107_25833 1	0	0.025000	S	9289	0
cn101_cn107_25830 1	0	0.025000	S	9304	0
cn101_cn107_25839 1	0	0.025000	S	9305	0
cn101_cn107_25844 1	0	0.025000	S	9291	0
cn101_cn107_25822 1	0	0.025000	S	9294	0
cn101_cn107_25846 1	0	0.025000	S	9306	0
cn101_cn107_25848 1	0	0.025000	S	9309	0
cn101_cn107_25851 1	0	0.025000	S	9315	0
cn101_cn107_25845 1	0	0.025000	S	9307	0
cn101_cn107_25852 1	0	0.025000	S	9320	0
cn101_cn107_25854 1	0	0.025000	S	9321	0
cn101_cn107_25855 1	0	0.025000	S	9322	0
cn101_cn107_25847 1	0	0.025000	S	9317	0
cn101_cn107_25858 1	0	0.025000	S	9323	0
cn101_cn107_25863 1	0	0.025000	S	9327	0
cn101_cn107_25876 1	0	0.025000	S	9329	0
cn101_cn107_25869 1	0	0.025000	S	9325	0
cn101_cn107_25880 1	0	0.025000	S	9337	0
cn101_cn107_25878 1	0	0.025000	S	9316	0
cn101_cn107_25882 1	0	0.025000	S	9330	0
cn101_cn107_25883 1	0	0.025000	S	9339	0
cn101_cn107_25885 1	0	0.025000	S	9333	0
cn101_cn107_25879 1	0	0.025000	S	9332	0
cn101_cn107_25866 1	0	0.025000	S	9319	0
cn101_cn107_25887 1	0	0.025000	S	9336	0
cn101_cn107_25888 1	0	0.025000	S	9338	0
cn101_cn107_25865 1	0	0.025000	S	9328	0
cn101_cn107_25889 1	0	0.025000	S	9344	0
cn101_cn107_25893 1	0	0.025000	S	9342	0
cn101_cn107_25899 1	0	0.025000	S	9346	0
cn101_cn107_25901 1	0	0.025000	S	9345	0
cn101_cn107_25910 1	0	0.025000	S	9348	0
cn101_cn107_25904 1	0	0.025000	S	9341	0
cn101_cn107_25895 1	0	0.025000	S	9318	0
cn101_cn107_25897 1	0	0.025000	S	9340	0
cn101_cn107_25912 1	0	0.025000	S	9335	0
cn101_cn107_25911 1	0	0.025000	S	9353	0
cn101_cn107_25923 1	0	0.025000	S	9359	0
cn101_cn107_25919 1	0	0.025000	S	9355	0
cn101_cn107_25924 1	0	0.025000	S	9360	0
cn101_cn107_25925 1	0	0.025000	S	9361	0
cn101_cn107_25927 1	0	0.025000	S	9363	0
cn101_cn107_25930 1	0	0.025000	S	9365	0
cn101_cn107_25922 1	0	0.025000	S	9357	0
cn101_cn107_25908 1	0	0.025000	S	9350	0
cn101_cn107_25935 1	0	0.025000	S	9371	0
cn101_cn107_25940 1	0	0.025000	S	9367	0
cn101_cn107_25936 1	0	0.025000	S	9366	0
cn101_cn107_25933 1	0	0.025000	S	9351	0
cn101_cn107_25945 1	0	0.025000	S	9364	0
cn101_cn107_25938 1	0	0.025000	S	9358	0
cn101_cn107_25943 1	0	0.025000	S	9373	0
cn101_cn107_25946 1	0	0.025000	S	9369	0
cn101_cn107_25948 1	0	0.025000	S	9377	0
cn101_cn107_25951 1	0	0.025000	S	9374	0
cn101_cn107_25956 1	0	0.025000	S	9368	0
cn101_cn107_25959 1	0	0.025000	S	9378	0
cn101_cn107_25963 1	0	0.025000	S	9382	0
cn101_cn107_25965 1	0	0.025000	S	9375	0
cn101_cn107_25968 1	0	0.025000	S	9381	0
cn101_cn107_25969 1	0	0.025000	S	9386	0
cn101_cn107_25953 1	0	0.025000	S	9379	0
cn101_cn107_25972 1	0	0.025000	S	9388	0
cn101_cn107_25978 1	0	0.025000	S	9391	0
cn101_cn107_25976 1	0	0.025000	S	9392	0
cn101_cn107_25983 1	0	0.025000	S	9383	0
cn101_cn107_25974 1	0	0.025000	S	9390	0
cn101_cn107_25986 1	0	0.025000	S	9396	0
cn101_cn107_25980 1	0	0.025000	S	9389	0
cn101_cn107_25984 1	0	0.025000	S	9393	0
cn101_cn107_25990 1	0	0.025000	S	9384	0
cn101_cn107_25989 1	0	0.025000	S	9376	0
cn101_cn107_25996 1	0	0.025000	S	9398	0
cn101_cn107_25997 1	0	0.025000	S	9380	0
cn101_cn107_25994 1	0	0.025000	S	9401	0
cn101_cn107_25998 1	0	0.025000	S	9400	0
cn101_cn107_26002 1	0	0.025000	S	9406	0
cn101_cn107_26007 1	0	0.025000	S	9402	0
cn101_cn107_26010 1	0	0.025000	S	9399	0
cn101_cn107_26013 1	0	0.025000	S	9394	0
cn101_cn107_26003 1	0	0.025000	S	9404	0
cn101_cn107_26020 1	0	0.025000	S	9411	0
cn101_cn107_26018 1	0	0.025000	S	9414	0
cn101_cn107_26022 1	0	0.025000	S	9407	0
cn101_cn107_26024 1	0	0.025000	S	9417	0
cn101_cn107_26025 1	0	0.025000	S	9410	0
cn101_cn107_26016 1	0	0.025000	S	9416	0
cn101_cn107_26027 1	0	0.025000	S	9418	0
cn101_cn107_26029 1	0	0.025000	S	9424	0
cn101_cn107_26037 1	0	0.025000	S	9403	0
cn101_cn107_26034 1	0	0.025000	S	9425	0
cn101_cn107_26040 1	0	0.025000	S	9419	0
cn101_cn107_26035 1	0	0.025000	S	9427	0
cn101_cn107_26049 1	0	0.025000	S	9428	0
cn101_cn107_26043 1	0	0.025000	S	9420	0
cn101_cn107_26046 1	0	0.025000	S	9433	0
cn101_cn107_26051 1	0	0.025000	S	9439	0
cn101_cn107_26056 1	0	0.025000	S	9442	0
cn101_cn107_26054 1	0	0.025000	S	9440	0
cn101_cn107_26057 1	0	0.025000	S	9441	0
cn101_cn107_26061 1	0	0.025000	S	9444	0
cn101_cn107_26072 1	0	0.025000	S	9450	0
cn101_cn107_26047 1	0	0.025000	S	9434	0
cn101_cn107_26065 1	0	0.025000	S	9447	0
cn101_cn107_26067 1	0	0.025000	S	9448	0
cn101_cn107_26073 1	0	0.025000	S	9451	0
cn101_cn107_26084 1	0	0.025000	S	9458	0
cn101_cn107_26086 1	0	0.025000	S	9460	0
cn101_cn107_26089 1	0	0.025000	S	9461	0
cn106_cn107_10051 1	0	0.055000	S	9602	2048
cn106_cn107_10054 1	0	0.055000	S	9616	2048
cn106_cn107_10056 1	0	0.055000	S	9619	2048
cn106_cn107_10058 1	0	0.055000	S	9618	2048
cn106_cn107_10061 1	0	0.055000	S	9622	2048
cn106_cn107_10063 1	0	0.055000	S	9626	2048
cn106_cn107_10065 1	0	0.055000	S	9629	2048
cn106_cn107_10067 1	0	0.055000	S	9645	2048
cn106_cn107_10068 1	0	0.055000	S	9653	2048
cn106_cn107_10070 1	0	0.055000	S	9657	2048
cn106_cn107_10072 1	0	0.055000	S	9663	2048
cn106_cn107_10074 1	0	0.055000	S	9661	2048
cn106_cn107_10076 1	0	0.055000	S	9650	2048
cn106_cn107_10078 1	0	0.055000	S	9669	2048
cn106_cn107_10079 1	0	0.055000	S	9682	2048
cn106_cn107_10081 1	0	0.055000	S	9696	2048
cn106_cn107_10083 1	0	0.055000	S	9660	2048
cn106_cn107_10085 1	0	0.055000	S	9710	2048
cn106_cn107_10087 1	0	0.055000	S	9725	2048
cn106_cn107_10089 1	0	0.055000	S	9732	2048
cn106_cn107_10091 1	0	0.055000	S	9731	2048
cn106_cn107_10093 1	0	0.055000	S	9754	2048
cn106_cn107_10095 1	0	0.055000	S	9770	2048
cn106_cn107_10097 1	0	0.055000	S	9786	2048
cn106_cn107_10100 1	0	0.055000	S	9787	2048
cn106_cn107_10102 1	0	0.055000	S	9778	2048
cn106_cn107_10104 1	0	0.055000	S	9784	2048
cn106_cn107_10106 1	0	0.055000	S	9790	2048
cn106_cn107_10107 1	0	0.055000	S	9800	2048
cn106_cn107_10109 1	0	0.055000	S	9821	2048
cn106_cn107_10111 1	0	0.055000	S	9831	2048
cn106_cn107_10113 1	0	0.055000	S	9841	2048
cn106_cn107_10115 1	0	0.055000	S	9850	2048
cn107_cn107_5114 0	0	0.000000	S	9871	3072
cn107_cn107_5132 0	0	0.000000	S	9888	3072
cn106_cn107_10117 1	0	0.055000	S	9884	2048
cn106_cn107_10119 1	0	0.055000	S	9914	2048
cn106_cn107_10121 1	0	0.055000	S	9911	2048
cn106_cn107_10123 1	0	0.055000	S	9922	2048
cn106_cn107_10125 1	0	0.055000	S	9925	2048
cn106_cn107_10127 1	0	0.055000	S	9947	2048
cn106_cn107_10130 1	0	0.055000	S	9961	2048
cn106_cn107_10131 1	0	0.055000	S	9966	2048
cn106_cn107_10133 1	0	0.055000	S	9972	2048
cn106_cn107_10135 1	0	0.055000	S	9984	2048
cn106_cn107_10138 1	0	0.055000	S	9988	2048
cn106_cn107_10140 1	0	0.055000	S	9989	2048
cn106_cn107_10142 1	0	0.055000	S	9990	2048
cn106_cn107_10146 1	0	0.055000	S	9996	2048
cn101_cn107_26068 1	0	0.025000	S	9449	0
cn101_cn107_26076 1	0	0.025000	S	9452	0
cn101_cn107_25467 1	0	0.025000	S	9252	0
cn101_cn107_26092 1	0	0.025000	S	9463	0
cn101_cn107_26094 1	0	0.025000	S	9464	0
cn101_cn107_26096 1	0	0.025000	S	9465	0
cn101_cn107_26097 1	0	0.025000	S	9466	0
cn101_cn107_26100 1	0	0.025000	S	9467	0
cn101_cn107_26101 1	0	0.025000	S	9468	0
cn101_cn107_26104 1	0	0.025000	S	9469	0
cn101_cn107_26107 1	0	0.025000	S	9470	0
cn101_cn107_26109 1	0	0.025000	S	9472	0
cn101_cn107_26111 1	0	0.025000	S	9473	0
cn101_cn107_26112 1	0	0.025000	S	9474	0
cn101_cn107_26114 1	0	0.025000	S	9475	0
cn101_cn107_26116 1	0	0.025000	S	9477	0
cn101_cn107_26117 1	0	0.025000	S	9479	0
cn101_cn107_26119 1	0	0.025000	S	9480	0
cn101_cn107_26122 1	0	0.025000	S	9481	0
cn101_cn107_26125 1	0	0.025000	S	9482	0
cn101_cn107_26127 1	0	0.025000	S	9483	0
cn101_cn107_26128 1	0	0.025000	S	9485	0
cn101_cn107_26130 1	0	0.025000	S	9486	0
cn101_cn107_25468 1	0	0.025000	S	9253	0
cn101_cn107_26132 1	0	0.025000	S	9487	0
cn101_cn107_26134 1	0	0.025000	S	9489	0
cn101_cn107_26136 1	0	0.025000	S	9491	0
cn101_cn107_26138 1	0	0.025000	S	9492	0
cn101_cn107_26141 1	0	0.025000	S	9493	0
cn101_cn107_26142 1	0	0.025000	S	9494	0
cn101_cn107_26144 1	0	0.025000	S	9495	0
cn101_cn107_26148 1	0	0.025000	S	9496	0
cn101_cn107_26154 1	0	0.025000	S	9497	0
cn101_cn107_26157 1	0	0.025000	S	9498	0
cn101_cn107_26158 1	0	0.025000	S	9499	0
cn101_cn107_26159 1	0	0.025000	S	9501	0
cn101_cn107_26160 1	0	0.025000	S	9502	0
cn101_cn107_26161 1	0	0.025000	S	9503	0
cn101_cn107_26163 1	0	0.025000	S	9505	0
cn101_cn107_26165 1	0	0.025000	S	9506	0
cn101_cn107_26167 1	0	0.025000	S	9507	0
cn101_cn107_26169 1	0	0.025000	S	9510	0
cn101_cn107_26168 1	0	0.025000	S	9508	0
cn101_cn107_26171 1	0	0.025000	S	9514	0
cn101_cn107_26170 1	0	0.025000	S	9513	0
cn101_cn107_26175 1	0	0.025000	S	9516	0
cn101_cn107_26173 1	0	0.025000	S	9515	0
cn101_cn107_26178 1	0	0.025000	S	9517	0
cn101_cn107_26179 1	0	0.025000	S	9518	0
cn101_cn107_26182 1	0	0.025000	S	9519	0
cn101_cn107_26183 1	0	0.025000	S	9525	0
cn101_cn107_26186 1	0	0.025000	S	9526	0
cn101_cn107_26194 1	0	0.025000	S	9527	0
cn101_cn107_26197 1	0	0.025000	S	9530	0
cn101_cn107_26195 1	0	0.025000	S	9529	0
cn101_cn107_26201 1	0	0.025000	S	9532	0
cn101_cn107_26198 1	0	0.025000	S	9531	0
cn101_cn107_26205 1	0	0.025000	S	9535	0
cn101_cn107_26202 1	0	0.025000	S	9534	0
cn101_cn107_26217 1	0	0.025000	S	9537	0
cn101_cn107_26216 1	0	0.025000	S	9536	0
cn101_cn107_26219 1	0	0.025000	S	9538	0
cn101_cn107_26221 1	0	0.025000	S	9539	0
cn101_cn107_26222 1	0	0.025000	S	9540	0
cn101_cn107_26223 1	0	0.025000	S	9541	0
cn101_cn107_26224 1	0	0.025000	S	9542	0
cn101_cn107_26225 1	0	0.025000	S	9543	0
cn101_cn107_26226 1	0	0.025000	S	9544	0
cn101_cn107_26227 1	0	0.025000	S	9545	0
cn101_cn107_26228 1	0	0.025000	S	9546	0
cn101_cn107_26229 1	0	0.025000	S	9547	0
cn101_cn107_26230 1	0	0.025000	S	9548	0
cn101_cn107_26232 1	0	0.025000	S	9550	0
cn101_cn107_26231 1	0	0.025000	S	9549	0
cn101_cn107_26234 1	0	0.025000	S	9553	0
cn101_cn107_26233 1	0	0.025000	S	9551	0
cn101_cn107_26236 1	0	0.025000	S	9554	0
cn101_cn107_26238 1	0	0.025000	S	9555	0
cn101_cn107_26239 1	0	0.025000	S	9556	0
cn101_cn107_26241 1	0	0.025000	S	9557	0
cn101_cn107_26243 1	0	0.025000	S	9559	0
cn101_cn107_26245 1	0	0.025000	S	9560	0
cn101_cn107_26248 1	0	0.025000	S	9561	0
cn101_cn107_26252 1	0	0.025000	S	9563	0
cn101_cn107_26250 1	0	0.025000	S	9562	0
cn101_cn107_26253 1	0	0.025000	S	9565	0
cn101_cn107_26257 1	0	0.025000	S	9566	0
cn101_cn107_26262 1	0	0.025000	S	9568	0
cn101_cn107_26259 1	0	0.025000	S	9567	0
cn101_cn107_26263 1	0	0.025000	S	9569	0
cn101_cn107_26264 1	0	0.025000	S	9570	0
cn101_cn107_26268 1	0	0.025000	S	9572	0
cn101_cn107_26265 1	0	0.025000	S	9571	0
cn101_cn107_26269 1	0	0.025000	S	9573	0
cn101_cn107_26272 1	0	0.025000	S	9574	0
cn101_cn107_26273 1	0	0.025000	S	9575	0
cn101_cn107_26276 1	0	0.025000	S	9576	0
cn101_cn107_26277 1	0	0.025000	S	9577	0
cn101_cn107_26283 1	0	0.025000	S	9578	0
cn101_cn107_26284 1	0	0.025000	S	9579	0
cn101_cn107_26285 1	0	0.025000	S	9580	0
cn101_cn107_26288 1	0	0.025000	S	9581	0
cn101_cn107_26292 1	0	0.025000	S	9582	0
cn101_cn107_26293 1	0	0.025000	S	9583	0
cn101_cn107_26295 1	0	0.025000	S	9586	0
cn101_cn107_26296 1	0	0.025000	S	9587	0
cn101_cn107_26297 1	0	0.025000	S	9588	0
cn101_cn107_26300 1	0	0.025000	S	9589	0
cn101_cn107_26305 1	0	0.025000	S	9591	0
cn101_cn107_26306 1	0	0.025000	S	9592	0
cn101_cn107_26308 1	0	0.025000	S	9593	0
cn101_cn107_26310 1	0	0.025000	S	9594	0
cn101_cn107_26312 1	0	0.025000	S	9595	0
cn101_cn107_26313 1	0	0.025000	S	9596	0
cn101_cn107_26314 1	0	0.025000	S	9598	0
cn101_cn107_26315 1	0	0.025000	S	9599	0
cn101_cn107_27192 1	0	0.025000	S	9431	0
cn101_cn107_27195 1	0	0.025000	S	9435	0
cn101_cn107_27196 1	0	0.025000	S	9422	0
cn101_cn107_27198 1	0	0.025000	S	9432	0
cn101_cn107_27201 1	0	0.025000	S	9436	0
cn101_cn107_27203 1	0	0.025000	S	9423	0
cn101_cn107_27204 1	0	0.025000	S	9443	0
cn101_cn107_27206 1	0	0.025000	S	9606	0
cn101_cn107_27209 1	0	0.025000	S	9603	0
cn101_cn107_27211 1	0	0.025000	S	9609	0
cn101_cn107_27212 1	0	0.025000	S	9610	0
cn101_cn107_27214 1	0	0.025000	S	9605	0
cn101_cn107_27216 1	0	0.025000	S	9615	0
cn101_cn107_27220 1	0	0.025000	S	9607	0
cn101_cn107_27221 1	0	0.025000	S	9611	0
cn101_cn107_27223 1	0	0.025000	S	9617	0
cn101_cn107_27224 1	0	0.025000	S	9621	0
cn101_cn107_27227 1	0	0.025000	S	9620	0
cn101_cn107_27232 1	0	0.025000	S	9630	0
cn101_cn107_27234 1	0	0.025000	S	9624	0
cn101_cn107_27235 1	0	0.025000	S	9632	0
cn101_cn107_27237 1	0	0.025000	S	9635	0
cn101_cn107_27241 1	0	0.025000	S	9636	0
cn101_cn107_27243 1	0	0.025000	S	9631	0
cn101_cn107_27246 1	0	0.025000	S	9637	0
cn101_cn107_27249 1	0	0.025000	S	9627	0
cn101_cn107_27254 1	0	0.025000	S	9634	0
cn101_cn107_27257 1	0	0.025000	S	9638	0
cn101_cn107_27259 1	0	0.025000	S	9633	0
cn101_cn107_27261 1	0	0.025000	S	9642	0
cn101_cn107_27263 1	0	0.025000	S	9643	0
cn101_cn107_27265 1	0	0.025000	S	9639	0
cn101_cn107_27267 1	0	0.025000	S	9640	0
cn101_cn107_27268 1	0	0.025000	S	9649	0
cn101_cn107_27271 1	0	0.025000	S	9646	0
cn101_cn107_27273 1	0	0.025000	S	9654	0
cn101_cn107_27276 1	0	0.025000	S	9656	0
cn101_cn107_27279 1	0	0.025000	S	9641	0
cn101_cn107_27282 1	0	0.025000	S	9655	0
cn101_cn107_27283 1	0	0.025000	S	9651	0
cn101_cn107_27286 1	0	0.025000	S	9666	0
cn101_cn107_27289 1	0	0.025000	S	9664	0
cn101_cn107_27291 1	0	0.025000	S	9665	0
cn101_cn107_27294 1	0	0.025000	S	9667	0
cn101_cn107_27296 1	0	0.025000	S	9671	0
cn101_cn107_27298 1	0	0.025000	S	9662	0
cn101_cn107_27299 1	0	0.025000	S	9672	0
cn101_cn107_27300 1	0	0.025000	S	9670	0
cn101_cn107_27302 1	0	0.025000	S	9668	0
cn101_cn107_27304 1	0	0.025000	S	9675	0
cn101_cn107_27306 1	0	0.025000	S	9677	0
cn101_cn107_27308 1	0	0.025000	S	9679	0
cn101_cn107_27310 1	0	0.025000	S	9678	0
cn101_cn107_27312 1	0	0.025000	S	9680	0
cn101_cn107_27313 1	0	0.025000	S	9673	0
cn101_cn107_27316 1	0	0.025000	S	9674	0
cn101_cn107_27318 1	0	0.025000	S	9686	0
cn101_cn107_27320 1	0	0.025000	S	9684	0
cn101_cn107_27321 1	0	0.025000	S	9685	0
cn101_cn107_27323 1	0	0.025000	S	9689	0
cn101_cn107_27324 1	0	0.025000	S	9683	0
cn101_cn107_27326 1	0	0.025000	S	9688	0
cn101_cn107_27327 1	0	0.025000	S	9692	0
cn101_cn107_27328 1	0	0.025000	S	9690	0
cn101_cn107_27330 1	0	0.025000	S	9687	0
cn101_cn107_27331 1	0	0.025000	S	9691	0
cn101_cn107_27333 1	0	0.025000	S	9695	0
cn101_cn107_27334 1	0	0.025000	S	9697	0
cn101_cn107_27336 1	0	0.025000	S	9693	0
cn101_cn107_27337 1	0	0.025000	S	9702	0
cn101_cn107_27339 1	0	0.025000	S	9700	0
cn101_cn107_27341 1	0	0.025000	S	9703	0
cn101_cn107_27343 1	0	0.025000	S	9705	0
cn101_cn107_27344 1	0	0.025000	S	9706	0
cn101_cn107_27346 1	0	0.025000	S	9712	0
cn101_cn107_27347 1	0	0.025000	S	9699	0
cn101_cn107_27349 1	0	0.025000	S	9709	0
cn101_cn107_27351 1	0	0.025000	S	9715	0
cn101_cn107_27353 1	0	0.025000	S	9711	0
cn101_cn107_27355 1	0	0.025000	S	9717	0
cn101_cn107_27357 1	0	0.025000	S	9707	0
cn101_cn107_27359 1	0	0.025000	S	9718	0
cn101_cn107_27360 1	0	0.025000	S	9716	0
cn101_cn107_27362 1	0	0.025000	S	9714	0
cn101_cn107_27364 1	0	0.025000	S	9723	0
cn101_cn107_27366 1	0	0.025000	S	9704	0
cn101_cn107_27368 1	0	0.025000	S	9724	0
cn101_cn107_27369 1	0	0.025000	S	9722	0
cn101_cn107_27370 1	0	0.025000	S	9719	0
cn101_cn107_27371 1	0	0.025000	S	9720	0
cn101_cn107_27372 1	0	0.025000	S	9730	0
cn101_cn107_27374 1	0	0.025000	S	9727	0
cn101_cn107_27377 1	0	0.025000	S	9733	0
cn101_cn107_27378 1	0	0.025000	S	9728	0
cn101_cn107_27381 1	0	0.025000	S	9729	0
cn101_cn107_27383 1	0	0.025000	S	9737	0
cn101_cn107_27385 1	0	0.025000	S	9740	0
cn101_cn107_27387 1	0	0.025000	S	9739	0
cn101_cn107_27388 1	0	0.025000	S	9741	0
cn101_cn107_27390 1	0	0.025000	S	9743	0
cn101_cn107_27393 1	0	0.025000	S	9721	0
cn101_cn107_27394 1	0	0.025000	S	9742	0
cn101_cn107_27397 1	0	0.025000	S	9747	0
cn101_cn107_27398 1	0	0.025000	S	9744	0
cn101_cn107_27401 1	0	0.025000	S	9749	0
cn101_cn107_27403 1	0	0.025000	S	9745	0
cn101_cn107_27405 1	0	0.025000	S	9753	0
cn101_cn107_27406 1	0	0.025000	S	9752	0
cn101_cn107_27408 1	0	0.025000	S	9755	0
cn101_cn107_27410 1	0	0.025000	S	9757	0
cn101_cn107_27412 1	0	0.025000	S	9759	0
cn101_cn107_27414 1	0	0.025000	S	9761	0
cn101_cn107_27416 1	0	0.025000	S	9764	0
cn101_cn107_27418 1	0	0.025000	S	9767	0
cn101_cn107_27420 1	0	0.025000	S	9768	0
cn101_cn107_27422 1	0	0.025000	S	9765	0
cn101_cn107_27424 1	0	0.025000	S	9766	0
cn101_cn107_27426 1	0	0.025000	S	9762	0
cn101_cn107_27428 1	0	0.025000	S	9773	0
cn101_cn107_27461 1	0	0.025000	S	9775	0
cn101_cn107_27462 1	0	0.025000	S	9769	0
cn101_cn107_27463 1	0	0.025000	S	9774	0
cn101_cn107_27464 1	0	0.025000	S	9772	0
cn101_cn107_27465 1	0	0.025000	S	9780	0
cn101_cn107_27466 1	0	0.025000	S	9771	0
cn101_cn107_27467 1	0	0.025000	S	9776	0
cn101_cn107_27468 1	0	0.025000	S	9777	0
cn101_cn107_27469 1	0	0.025000	S	9781	0
cn101_cn107_27470 1	0	0.025000	S	9788	0
cn101_cn107_27471 1	0	0.025000	S	9783	0
cn101_cn107_27472 1	0	0.025000	S	9785	0
cn101_cn107_27473 1	0	0.025000	S	9791	0
cn101_cn107_27474 1	0	0.025000	S	9795	0
cn101_cn107_27475 1	0	0.025000	S	9793	0
cn101_cn107_27476 1	0	0.025000	S	9803	0
cn101_cn107_27477 1	0	0.025000	S	9804	0
cn101_cn107_27478 1	0	0.025000	S	9797	0
cn101_cn107_27479 1	0	0.025000	S	9809	0
cn101_cn107_27480 1	0	0.025000	S	9807	0
cn101_cn107_27481 1	0	0.025000	S	9801	0
cn101_cn107_27482 1	0	0.025000	S	9805	0
cn101_cn107_27483 1	0	0.025000	S	9802	0
cn101_cn107_27484 1	0	0.025000	S	9816	0
cn101_cn107_27485 1	0	0.025000	S	9819	0
cn101_cn107_27486 1	0	0.025000	S	9829	0
cn101_cn107_27487 1	0	0.025000	S	9836	0
cn101_cn107_27488 1	0	0.025000	S	9835	0
cn101_cn107_27489 1	0	0.025000	S	9789	0
cn101_cn107_27490 1	0	0.025000	S	9827	0
cn101_cn107_27491 1	0	0.025000	S	9834	0
cn101_cn107_27492 1	0	0.025000	S	9839	0
cn101_cn107_27495 1	0	0.025000	S	9837	0
cn101_cn107_27496 1	0	0.025000	S	9845	0
cn101_cn107_27499 1	0	0.025000	S	9838	0
cn101_cn107_27502 1	0	0.025000	S	9843	0
cn101_cn107_27504 1	0	0.025000	S	9833	0
cn101_cn107_27505 1	0	0.025000	S	9852	0
cn101_cn107_27506 1	0	0.025000	S	9853	0
cn101_cn107_27509 1	0	0.025000	S	9851	0
cn101_cn107_27511 1	0	0.025000	S	9859	0
cn101_cn107_27514 1	0	0.025000	S	9856	0
cn101_cn107_27515 1	0	0.025000	S	9857	0
cn101_cn107_27517 1	0	0.025000	S	9863	0
cn101_cn107_27518 1	0	0.025000	S	9862	0
cn101_cn107_27521 1	0	0.025000	S	9848	0
cn101_cn107_27523 1	0	0.025000	S	9865	0
cn101_cn107_27524 1	0	0.025000	S	9869	0
cn101_cn107_27527 1	0	0.025000	S	9861	0
cn101_cn107_27529 1	0	0.025000	S	9868	0
cn101_cn107_27530 1	0	0.025000	S	9860	0
cn101_cn107_27533 1	0	0.025000	S	9873	0
cn101_cn107_27535 1	0	0.025000	S	9872	0
cn101_cn107_27536 1	0	0.025000	S	9877	0
cn101_cn107_27538 1	0	0.025000	S	9880	0
cn101_cn107_27541 1	0	0.025000	S	9875	0
cn101_cn107_27546 1	0	0.025000	S	9876	0
cn101_cn107_27549 1	0	0.025000	S	9881	0
cn101_cn107_27550 1	0	0.025000	S	9885	0
cn101_cn107_27551 1	0	0.025000	S	9886	0
cn101_cn107_27552 1	0	0.025000	S	9874	0
cn101_cn107_27553 1	0	0.025000	S	9879	0
cn101_cn107_27558 1	0	0.025000	S	9883	0
cn101_cn107_27560 1	0	0.025000	S	9890	0
cn101_cn107_27561 1	0	0.025000	S	9894	0
cn101_cn107_27563 1	0	0.025000	S	9887	0
cn101_cn107_27564 1	0	0.025000	S	9896	0
cn101_cn107_27566 1	0	0.025000	S	9892	0
cn101_cn107_27567 1	0	0.025000	S	9891	0
cn101_cn107_27568 1	0	0.025000	S	9893	0
cn101_cn107_27572 1	0	0.025000	S	9897	0
cn101_cn107_27573 1	0	0.025000	S	9889	0
cn101_cn107_27575 1	0	0.025000	S	9895	0
cn101_cn107_27576 1	0	0.025000	S	9899	0
cn104_cn107_6551 1	0	0.053500	S	8330	1024
cn104_cn107_6564 1	0	0.053500	S	8338	1024
cn104_cn107_6574 1	0	0.053500	S	8341	1024
cn104_cn107_6576 1	0	0.053500	S	8344	1024
cn104_cn107_6585 1	0	0.053500	S	8350	1024
cn104_cn107_6581 1	0	0.053500	S	8347	1024
cn104_cn107_6578 1	0	0.053500	S	8346	1024
cn104_cn107_6587 1	0	0.053500	S	8357	1024
cn104_cn107_6610 1	0	0.053500	S	8369	1024
cn104_cn107_6616 1	0	0.053500	S	8373	1024
cn104_cn107_6615 1	0	0.053500	S	8372	1024
cn104_cn107_6621 1	0	0.053500	S	8378	1024
cn104_cn107_6627 1	0	0.053500	S	8391	1024
cn104_cn107_6625 1	0	0.053500	S	8381	1024
cn104_cn107_6631 1	0	0.053500	S	8393	1024
cn104_cn107_6618 1	0	0.053500	S	8375	1024
cn104_cn107_6647 1	0	0.053500	S	8410	1024
cn105.cs.uwaterloo.ca_cn107_5952 2	0	0.110000	S	8418	1536
cn104_cn107_6681 1	0	0.053500	S	8437	1024
cn101_cn107_26082 1	0	0.025000	S	9457	0
cn101_cn107_26063 1	0	0.025000	S	9446	0
cn101_cn107_26077 1	0	0.025000	S	9453	0
cn101_cn107_26078 1	0	0.025000	S	9454	0
cn101_cn107_26081 1	0	0.025000	S	9456	0
cn101_cn107_27581 1	0	0.025000	S	9901	0
cn101_cn107_27582 1	0	0.025000	S	9905	0
cn101_cn107_27588 1	0	0.025000	S	9907	0
cn101_cn107_27592 1	0	0.025000	S	9909	0
cn101_cn107_27595 1	0	0.025000	S	9913	0
cn101_cn107_27593 1	0	0.025000	S	9904	0
cn101_cn107_27585 1	0	0.025000	S	9906	0
cn101_cn107_27600 1	0	0.025000	S	9902	0
cn101_cn107_27605 1	0	0.025000	S	9903	0
cn101_cn107_27598 1	0	0.025000	S	9910	0
cn101_cn107_27603 1	0	0.025000	S	9912	0
cn101_cn107_27609 1	0	0.025000	S	9917	0
cn101_cn107_27612 1	0	0.025000	S	9918	0
cn101_cn107_27614 1	0	0.025000	S	9924	0
cn101_cn107_27617 1	0	0.025000	S	9921	0
cn101_cn107_27615 1	0	0.025000	S	9923	0
cn101_cn107_27618 1	0	0.025000	S	9928	0
cn101_cn107_27619 1	0	0.025000	S	9932	0
cn101_cn107_27620 1	0	0.025000	S	9933	0
cn101_cn107_27622 1	0	0.025000	S	9927	0
cn101_cn107_27621 1	0	0.025000	S	9931	0
cn101_cn107_27636 1	0	0.025000	S	9937	0
cn101_cn107_27631 1	0	0.025000	S	9934	0
cn101_cn107_27641 1	0	0.025000	S	9939	0
cn101_cn107_27639 1	0	0.025000	S	9936	0
cn101_cn107_27643 1	0	0.025000	S	9935	0
cn101_cn107_27650 1	0	0.025000	S	9920	0
cn101_cn107_27656 1	0	0.025000	S	9941	0
cn101_cn107_27653 1	0	0.025000	S	9946	0
cn101_cn107_27659 1	0	0.025000	S	9944	0
cn101_cn107_27658 1	0	0.025000	S	9948	0
cn101_cn107_27662 1	0	0.025000	S	9953	0
cn101_cn107_27665 1	0	0.025000	S	9954	0
cn101_cn107_27663 1	0	0.025000	S	9945	0
cn101_cn107_27684 1	0	0.025000	S	9956	0
cn101_cn107_27688 1	0	0.025000	S	9960	0
cn101_cn107_27686 1	0	0.025000	S	9959	0
cn101_cn107_27700 1	0	0.025000	S	9955	0
cn101_cn107_27690 1	0	0.025000	S	9949	0
cn101_cn107_27701 1	0	0.025000	S	9963	0
cn101_cn107_27702 1	0	0.025000	S	9965	0
cn101_cn107_27703 1	0	0.025000	S	9970	0
cn101_cn107_27704 1	0	0.025000	S	9964	0
cn101_cn107_27705 1	0	0.025000	S	9971	0
cn101_cn107_27706 1	0	0.025000	S	9973	0
cn101_cn107_27708 1	0	0.025000	S	9968	0
cn101_cn107_27707 1	0	0.025000	S	9976	0
cn101_cn107_27710 1	0	0.025000	S	9977	0
cn101_cn107_27711 1	0	0.025000	S	9986	0
cn101_cn107_27712 1	0	0.025000	S	9978	0
cn101_cn107_27713 1	0	0.025000	S	9992	0
cn101_cn107_27714 1	0	0.025000	S	9980	0
cn101_cn107_27709 1	0	0.025000	S	9969	0
cn101_cn107_27716 1	0	0.025000	S	9995	0
cn101_cn107_27718 1	0	0.025000	S	9987	0
cn101_cn107_27715 1	0	0.025000	S	9991	0
cn101_cn107_27717 1	0	0.025000	S	9993	0
cn101_cn107_27721 1	0	0.025000	S	9601	0
cn101_cn107_27720 1	0	0.025000	S	9998	0
cn101_cn107_27722 1	0	0.025000	S	9999	0
cn101_cn107_27719 1	0	0.025000	S	9997	0
cn101_cn107_27723 1	0	0.025000	S	9994	0
cn101_cn107_27724 1	0	0.025000	S	9958	0
cn101_cn107_26091 1	0	0.025000	S	9462	0
cn102_cn107_9060 1	0	0.021500	S	8485	512
cn102_cn107_9062 1	0	0.021500	S	8487	512
cn102_cn107_9063 1	0	0.021500	S	8484	512
cn102_cn107_9064 1	0	0.021500	S	8481	512
cn102_cn107_9067 1	0	0.021500	S	8493	512
cn102_cn107_9068 1	0	0.021500	S	8501	512
cn101_cn107_27579 1	0	0.025000	S	9900	0
cn104_cn107_6695 1	0	0.053500	S	8454	1024
cn104_cn107_6707 1	0	0.053500	S	8467	1024
cn102_cn107_9927 1	0	0.021500	S	8524	512
cn102_cn107_9932 1	0	0.021500	S	8535	512
cn102_cn107_9935 1	0	0.021500	S	8549	512
cn102_cn107_10027 1	0	0.021500	S	8568	512
cn102_cn107_10042 1	0	0.021500	S	8585	512
cn102_cn107_10068 1	0	0.021500	S	8593	512
cn102_cn107_10082 1	0	0.021500	S	8601	512
cn102_cn107_10083 1	0	0.021500	S	8603	512
cn102_cn107_10091 1	0	0.021500	S	8600	512
cn102_cn107_10101 1	0	0.021500	S	8605	512
cn102_cn107_10115 1	0	0.021500	S	8613	512
cn102_cn107_10134 1	0	0.021500	S	8633	512
cn102_cn107_10254 1	0	0.021500	S	8665	512
cn102_cn107_10314 1	0	0.021500	S	8703	512
cn102_cn107_10370 1	0	0.021500	S	8725	512
cn102_cn107_10376 1	0	0.021500	S	8722	512
cn102_cn107_10394 1	0	0.021500	S	8771	512
cn102_cn107_10395 1	0	0.021500	S	8767	512
cn102_cn107_10459 1	0	0.021500	S	8780	512
cn102_cn107_10506 1	0	0.021500	S	8799	512
cn102_cn107_10521 1	0	0.021500	S	8800	512
cn102_cn107_10530 1	0	0.021500	S	8815	512
cn102_cn107_10546 1	0	0.021500	S	8829	512
cn102_cn107_10554 1	0	0.021500	S	8827	512
cn102_cn107_10568 1	0	0.021500	S	8830	512
cn102_cn107_10560 1	0	0.021500	S	8831	512
cn102_cn107_10574 1	0	0.021500	S	8823	512
cn102_cn107_10584 1	0	0.021500	S	8842	512
cn102_cn107_10616 1	0	0.021500	S	8863	512
cn102_cn107_10624 1	0	0.021500	S	8879	512
cn102_cn107_10625 1	0	0.021500	S	8887	512
cn102_cn107_10622 1	0	0.021500	S	8865	512
cn102_cn107_10627 1	0	0.021500	S	8891	512
cn102_cn107_10628 1	0	0.021500	S	8894	512
cn102_cn107_10629 1	0	0.021500	S	8893	512
cn102_cn107_10630 1	0	0.021500	S	8895	512
cn102_cn107_10631 1	0	0.021500	S	8911	512
cn102_cn107_10636 1	0	0.021500	S	8919	512
cn102_cn107_10634 1	0	0.021500	S	8912	512
cn102_cn107_10638 1	0	0.021500	S	8923	512
cn102_cn107_10641 1	0	0.021500	S	8925	512
cn102_cn107_10642 1	0	0.021500	S	8926	512
cn102_cn107_10644 1	0	0.021500	S	8927	512
cn102_cn107_10645 1	0	0.021500	S	8935	512
cn102_cn107_10648 1	0	0.021500	S	8939	512
cn102_cn107_10650 1	0	0.021500	S	8941	512
cn102_cn107_10652 1	0	0.021500	S	8942	512
cn102_cn107_10654 1	0	0.021500	S	8943	512
cn102_cn107_10656 1	0	0.021500	S	8947	512
cn102_cn107_10657 1	0	0.021500	S	8949	512
cn102_cn107_10661 1	0	0.021500	S	8950	512
cn102_cn107_10663 1	0	0.021500	S	8951	512
cn102_cn107_10665 1	0	0.021500	S	8953	512
cn102_cn107_10666 1	0	0.021500	S	8954	512
cn102_cn107_10668 1	0	0.021500	S	8955	512
cn102_cn107_10671 1	0	0.021500	S	8956	512
cn102_cn107_10673 1	0	0.021500	S	8957	512
cn102_cn107_10676 1	0	0.021500	S	8958	512
cn102_cn107_10677 1	0	0.021500	S	8959	512
cn102_cn107_10678 1	0	0.021500	S	8962	512
cn102_cn107_10680 1	0	0.021500	S	8972	512
cn102_cn107_10682 1	0	0.021500	S	8976	512
cn102_cn107_10684 1	0	0.021500	S	8978	512
cn102_cn107_10687 1	0	0.021500	S	8979	512
cn102_cn107_10689 1	0	0.021500	S	8982	512
cn102_cn107_10691 1	0	0.021500	S	8986	512
cn102_cn107_10694 1	0	0.021500	S	8997	512
cn102_cn107_10695 1	0	0.021500	S	9003	512
cn102_cn107_10696 1	0	0.021500	S	9010	512
cn102_cn107_10697 1	0	0.021500	S	9028	512
cn102_cn107_10729 1	0	0.021500	S	9032	512
cn102_cn107_10731 1	0	0.021500	S	9036	512
cn102_cn107_10733 1	0	0.021500	S	9037	512
cn102_cn107_10736 1	0	0.021500	S	9042	512
cn102_cn107_10740 1	0	0.021500	S	9038	512
cn102_cn107_10744 1	0	0.021500	S	9052	512
cn102_cn107_10749 1	0	0.021500	S	9068	512
cn102_cn107_10757 1	0	0.021500	S	9087	512
cn102_cn107_10765 1	0	0.021500	S	9106	512
cn102_cn107_10766 1	0	0.021500	S	9113	512
cn102_cn107_10769 1	0	0.021500	S	9140	512
cn102_cn107_10820 1	0	0.021500	S	9151	512
cn102_cn107_10822 1	0	0.021500	S	9153	512
cn102_cn107_10827 1	0	0.021500	S	9164	512
cn102_cn107_10837 1	0	0.021500	S	9183	512
cn102_cn107_10858 1	0	0.021500	S	9207	512
cn102_cn107_10860 1	0	0.021500	S	9211	512
cn102_cn107_10861 1	0	0.021500	S	9214	512
cn102_cn107_10862 1	0	0.021500	S	9213	512
cn102_cn107_10864 1	0	0.021500	S	9215	512
cn102_cn107_10868 1	0	0.021500	S	9228	512
cn102_cn107_10871 1	0	0.021500	S	9236	512
cn102_cn107_10872 1	0	0.021500	S	9235	512
cn102_cn107_10875 1	0	0.021500	S	9240	512
cn102_cn107_10878 1	0	0.021500	S	9244	512
cn102_cn107_10880 1	0	0.021500	S	9245	512
cn102_cn107_10882 1	0	0.021500	S	9246	512
cn102_cn107_10883 1	0	0.021500	S	9251	512
cn102_cn107_10854 1	0	0.021500	S	9199	512
cn102_cn107_11025 1	0	0.021500	S	9266	512
cn102_cn107_11027 1	0	0.021500	S	9267	512
cn102_cn107_11029 1	0	0.021500	S	9271	512
cn102_cn107_11031 1	0	0.021500	S	9276	512
cn102_cn107_11033 1	0	0.021500	S	9265	512
cn102_cn107_11047 1	0	0.021500	S	9275	512
cn102_cn107_11048 1	0	0.021500	S	9308	512
cn102_cn107_11049 1	0	0.021500	S	9312	512
cn102_cn107_11050 1	0	0.021500	S	9326	512
cn102_cn107_11051 1	0	0.021500	S	9331	512
cn102_cn107_11057 1	0	0.021500	S	9354	512
cn102_cn107_11059 1	0	0.021500	S	9372	512
cn102_cn107_11061 1	0	0.021500	S	9395	512
cn102_cn107_11068 1	0	0.021500	S	9426	512
cn102_cn107_11070 1	0	0.021500	S	9471	512
cn102_cn107_11072 1	0	0.021500	S	9478	512
cn102_cn107_11074 1	0	0.021500	S	9500	512
cn102_cn107_11076 1	0	0.021500	S	9509	512
cn102_cn107_11078 1	0	0.021500	S	9523	512
cn102_cn107_11082 1	0	0.021500	S	9600	512
cn102_cn107_11080 1	0	0.021500	S	9552	512
cn102_cn107_11600 1	0	0.021500	S	9625	512
cn102_cn107_11602 1	0	0.021500	S	9647	512
cn102_cn107_11605 1	0	0.021500	S	9652	512
cn102_cn107_11606 1	0	0.021500	S	9658	512
cn102_cn107_11608 1	0	0.021500	S	9694	512
cn102_cn107_11610 1	0	0.021500	S	9708	512
cn102_cn107_11612 1	0	0.021500	S	9713	512
cn102_cn107_11614 1	0	0.021500	S	9738	512
cn102_cn107_11616 1	0	0.021500	S	9735	512
cn102_cn107_11618 1	0	0.021500	S	9760	512
cn102_cn107_11620 1	0	0.021500	S	9756	512
cn102_cn107_11622 1	0	0.021500	S	9779	512
cn102_cn107_11624 1	0	0.021500	S	9792	512
cn102_cn107_11626 1	0	0.021500	S	9817	512
cn102_cn107_11628 1	0	0.021500	S	9824	512
cn102_cn107_11631 1	0	0.021500	S	9826	512
cn102_cn107_11634 1	0	0.021500	S	9828	512
cn102_cn107_11636 1	0	0.021500	S	9832	512
cn102_cn107_11637 1	0	0.021500	S	9825	512
cn102_cn107_11638 1	0	0.021500	S	9840	512
cn102_cn107_11641 1	0	0.021500	S	9855	512
cn102_cn107_11642 1	0	0.021500	S	9858	512
cn102_cn107_11645 1	0	0.021500	S	9866	512
cn102_cn107_11647 1	0	0.021500	S	9870	512
cn102_cn107_11649 1	0	0.021500	S	9867	512
cn102_cn107_11651 1	0	0.021500	S	9864	512
cn102_cn107_11652 1	0	0.021500	S	9882	512
cn102_cn107_11654 1	0	0.021500	S	9898	512
cn102_cn107_11656 1	0	0.021500	S	9908	512
cn102_cn107_11659 1	0	0.021500	S	9930	512
cn102_cn107_11660 1	0	0.021500	S	9919	512
cn102_cn107_11663 1	0	0.021500	S	9952	512
cn102_cn107_11664 1	0	0.021500	S	9951	512
cn102_cn107_11666 1	0	0.021500	S	9967	512
cn102_cn107_11668 1	0	0.021500	S	9975	512
cn102_cn107_11670 1	0	0.021500	S	9979	512
cn102_cn107_11672 1	0	0.021500	S	9981	512
cn102_cn107_11674 1	0	0.021500	S	9982	512
cn102_cn107_11676 1	0	0.021500	S	9983	512
cn104_cn107_7496 1	0	0.053500	S	8477	1024
cn104_cn107_7506 1	0	0.053500	S	8496	1024
cn104_cn107_7504 1	0	0.053500	S	8489	1024
cn104_cn107_8042 1	0	0.053500	S	8567	1024
cn104_cn107_8032 1	0	0.053500	S	8536	1024
cn104_cn107_8026 1	0	0.053500	S	8517	1024
cn104_cn107_8102 1	0	0.053500	S	8602	1024
cn104_cn107_8097 1	0	0.053500	S	8588	1024
cn104_cn107_8117 1	0	0.053500	S	8623	1024
cn104_cn107_8119 1	0	0.053500	S	8629	1024
cn104_cn107_8200 1	0	0.053500	S	8707	1024
cn104_cn107_8197 1	0	0.053500	S	8697	1024
cn104_cn107_8223 1	0	0.053500	S	8733	1024
cn104_cn107_8221 1	0	0.053500	S	8738	1024
cn104_cn107_8215 1	0	0.053500	S	8726	1024
cn104_cn107_8232 1	0	0.053500	S	8743	1024
cn104_cn107_8227 1	0	0.053500	S	8737	1024
cn104_cn107_8239 1	0	0.053500	S	8755	1024
cn104_cn107_8230 1	0	0.053500	S	8739	1024
cn104_cn107_8249 1	0	0.053500	S	8774	1024
cn104_cn107_8233 1	0	0.053500	S	8747	1024
cn104_cn107_8253 1	0	0.053500	S	8777	1024
cn104_cn107_8307 1	0	0.053500	S	8790	1024
cn104_cn107_8311 1	0	0.053500	S	8791	1024
cn104_cn107_8321 1	0	0.053500	S	8798	1024
cn104_cn107_8315 1	0	0.053500	S	8786	1024
cn104_cn107_8327 1	0	0.053500	S	8788	1024
cn104_cn107_8329 1	0	0.053500	S	8803	1024
cn104_cn107_8332 1	0	0.053500	S	8822	1024
cn104_cn107_8342 1	0	0.053500	S	8841	1024
cn104_cn107_8350 1	0	0.053500	S	8858	1024
cn104_cn107_8377 1	0	0.053500	S	8867	1024
cn104_cn107_8395 1	0	0.053500	S	8878	1024
cn104_cn107_8416 1	0	0.053500	S	8885	1024
cn104_cn107_8446 1	0	0.053500	S	8897	1024
cn104_cn107_8448 1	0	0.053500	S	8904	1024
cn104_cn107_8450 1	0	0.053500	S	8905	1024
cn104_cn107_8452 1	0	0.053500	S	8907	1024
cn104_cn107_8456 1	0	0.053500	S	8918	1024
cn104_cn107_8465 1	0	0.053500	S	8973	1024
cn104_cn107_8466 1	0	0.053500	S	8981	1024
cn104_cn107_8454 1	0	0.053500	S	8909	1024
cn104_cn107_8470 1	0	0.053500	S	8988	1024
cn104_cn107_8458 1	0	0.053500	S	8921	1024
cn104_cn107_8469 1	0	0.053500	S	8985	1024
cn104_cn107_8474 1	0	0.053500	S	8991	1024
cn104_cn107_8472 1	0	0.053500	S	8989	1024
cn104_cn107_8476 1	0	0.053500	S	8995	1024
cn104_cn107_8482 1	0	0.053500	S	9024	1024
cn104_cn107_8463 1	0	0.053500	S	8944	1024
cn104_cn107_8461 1	0	0.053500	S	8937	1024
cn104_cn107_8480 1	0	0.053500	S	9021	1024
cn104_cn107_8513 1	0	0.053500	S	9053	1024
cn104_cn107_8511 1	0	0.053500	S	9046	1024
cn104_cn107_8521 1	0	0.053500	S	9082	1024
cn104_cn107_8527 1	0	0.053500	S	9104	1024
cn104_cn107_8519 1	0	0.053500	S	9071	1024
cn104_cn107_8478 1	0	0.053500	S	8996	1024
cn104_cn107_8530 1	0	0.053500	S	9117	1024
cn104_cn107_8581 1	0	0.053500	S	9147	1024
cn104_cn107_8589 1	0	0.053500	S	9166	1024
cn104_cn107_8592 1	0	0.053500	S	9171	1024
cn104_cn107_8586 1	0	0.053500	S	9161	1024
cn104_cn107_8624 1	0	0.053500	S	9238	1024
cn104_cn107_8612 1	0	0.053500	S	9212	1024
cn104_cn107_8608 1	0	0.053500	S	9189	1024
cn104_cn107_8842 1	0	0.053500	S	9286	1024
cn104_cn107_8836 1	0	0.053500	S	9258	1024
cn104_cn107_8616 1	0	0.053500	S	9221	1024
cn104_cn107_8844 1	0	0.053500	S	9279	1024
cn104_cn107_8850 1	0	0.053500	S	9298	1024
cn104_cn107_8838 1	0	0.053500	S	9264	1024
cn104_cn107_8851 1	0	0.053500	S	9302	1024
cn104_cn107_8880 1	0	0.053500	S	9334	1024
cn104_cn107_8854 1	0	0.053500	S	9303	1024
cn104_cn107_8856 1	0	0.053500	S	9300	1024
cn104_cn107_8864 1	0	0.053500	S	9313	1024
cn104_cn107_8866 1	0	0.053500	S	9310	1024
cn104_cn107_8903 1	0	0.053500	S	9430	1024
cn104_cn107_8887 1	0	0.053500	S	9356	1024
cn104_cn107_8894 1	0	0.053500	S	9397	1024
cn104_cn107_8896 1	0	0.053500	S	9370	1024
cn104_cn107_8907 1	0	0.053500	S	9455	1024
cn104_cn107_8909 1	0	0.053500	S	9484	1024
cn104_cn107_8913 1	0	0.053500	S	9504	1024
cn104_cn107_8911 1	0	0.053500	S	9488	1024
cn104_cn107_8882 1	0	0.053500	S	9347	1024
cn104_cn107_8915 1	0	0.053500	S	9520	1024
cn104_cn107_8905 1	0	0.053500	S	9437	1024
cn104_cn107_8927 1	0	0.053500	S	9584	1024
cn104_cn107_8917 1	0	0.053500	S	9521	1024
cn104_cn107_8923 1	0	0.053500	S	9528	1024
cn104_cn107_8898 1	0	0.053500	S	9408	1024
cn104_cn107_8920 1	0	0.053500	S	9522	1024
cn104_cn107_8925 1	0	0.053500	S	9558	1024
cn104_cn107_8921 1	0	0.053500	S	9524	1024
cn105.cs.uwaterloo.ca_cn107_7270 2	0	0.110000	S	8546	1536
cn104_cn107_9432 1	0	0.053500	S	9613	1024
cn104_cn107_9429 1	0	0.053500	S	9608	1024
cn104_cn107_9436 1	0	0.053500	S	9614	1024
cn104_cn107_9441 1	0	0.053500	S	9628	1024
cn104_cn107_9443 1	0	0.053500	S	9644	1024
cn104_cn107_9444 1	0	0.053500	S	9648	1024
cn104_cn107_9434 1	0	0.053500	S	9612	1024
cn104_cn107_9446 1	0	0.053500	S	9659	1024
cn104_cn107_9448 1	0	0.053500	S	9676	1024
cn104_cn107_9451 1	0	0.053500	S	9701	1024
cn104_cn107_9459 1	0	0.053500	S	9734	1024
cn104_cn107_9462 1	0	0.053500	S	9751	1024
cn104_cn107_9438 1	0	0.053500	S	9604	1024
cn104_cn107_9455 1	0	0.053500	S	9726	1024
cn104_cn107_9466 1	0	0.053500	S	9750	1024
cn104_cn107_9464 1	0	0.053500	S	9736	1024
cn104_cn107_9468 1	0	0.053500	S	9763	1024
cn104_cn107_9458 1	0	0.053500	S	9746	1024
cn104_cn107_9469 1	0	0.053500	S	9758	1024
cn104_cn107_9477 1	0	0.053500	S	9794	1024
cn104_cn107_9476 1	0	0.053500	S	9796	1024
cn105.cs.uwaterloo.ca_cn107_7280 2	0	0.110000	S	8610	1536
cn104_cn107_9474 1	0	0.053500	S	9782	1024
cn104_cn107_9453 1	0	0.053500	S	9681	1024
cn104_cn107_9489 1	0	0.053500	S	9811	1024
cn104_cn107_9480 1	0	0.053500	S	9798	1024
cn104_cn107_9481 1	0	0.053500	S	9799	1024
cn104_cn107_9484 1	0	0.053500	S	9806	1024
cn104_cn107_9486 1	0	0.053500	S	9808	1024
cn104_cn107_9488 1	0	0.053500	S	9810	1024
cn104_cn107_9502 1	0	0.053500	S	9820	1024
cn104_cn107_9495 1	0	0.053500	S	9813	1024
cn104_cn107_9498 1	0	0.053500	S	9815	1024
cn104_cn107_9500 1	0	0.053500	S	9823	1024
cn104_cn107_9504 1	0	0.053500	S	9822	1024
cn104_cn107_9492 1	0	0.053500	S	9812	1024
cn104_cn107_9514 1	0	0.053500	S	9849	1024
cn104_cn107_9493 1	0	0.053500	S	9814	1024
cn104_cn107_9516 1	0	0.053500	S	9854	1024
cn104_cn107_9508 1	0	0.053500	S	9830	1024
cn104_cn107_9471 1	0	0.053500	S	9748	1024
cn104_cn107_9505 1	0	0.053500	S	9818	1024
cn104_cn107_9518 1	0	0.053500	S	9844	1024
cn104_cn107_9519 1	0	0.053500	S	9847	1024
cn104_cn107_9527 1	0	0.053500	S	9926	1024
cn104_cn107_9521 1	0	0.053500	S	9878	1024
cn104_cn107_9532 1	0	0.053500	S	9940	1024
cn104_cn107_9525 1	0	0.053500	S	9916	1024
cn104_cn107_9534 1	0	0.053500	S	9938	1024
cn104_cn107_9510 1	0	0.053500	S	9842	1024
cn104_cn107_9511 1	0	0.053500	S	9846	1024
cn104_cn107_9535 1	0	0.053500	S	9943	1024
cn104_cn107_9537 1	0	0.053500	S	9942	1024
cn104_cn107_9543 1	0	0.053500	S	9962	1024
cn104_cn107_9540 1	0	0.053500	S	9957	1024
cn104_cn107_9541 1	0	0.053500	S	9950	1024
cn104_cn107_9529 1	0	0.053500	S	9929	1024
cn104_cn107_9546 1	0	0.053500	S	9974	1024
cn104_cn107_9524 1	0	0.053500	S	9915	1024
cn105.cs.uwaterloo.ca_cn107_7296 2	0	0.110000	S	8642	1536
cn105.cs.uwaterloo.ca_cn107_7306 2	0	0.110000	S	8672	1536
cn105.cs.uwaterloo.ca_cn107_7309 2	0	0.110000	S	8690	1536
cn105.cs.uwaterloo.ca_cn107_7312 2	0	0.110000	S	8678	1536
cn105.cs.uwaterloo.ca_cn107_7318 2	0	0.110000	S	8674	1536
