cn106_cn105.cs.uwaterloo.ca_5713 1	0	0.021500	S	5014	2048
cn106_cn105.cs.uwaterloo.ca_5715 1	0	0.021500	S	5019	2048
cn106_cn105.cs.uwaterloo.ca_5717 1	0	0.021500	S	5025	2048
cn106_cn105.cs.uwaterloo.ca_5719 1	0	0.021500	S	5028	2048
cn106_cn105.cs.uwaterloo.ca_5722 1	0	0.021500	S	5029	2048
cn106_cn105.cs.uwaterloo.ca_5723 1	0	0.021500	S	5031	2048
cn106_cn105.cs.uwaterloo.ca_5725 1	0	0.021500	S	5037	2048
cn106_cn105.cs.uwaterloo.ca_5727 1	0	0.021500	S	5045	2048
cn107_cn105.cs.uwaterloo.ca_3574 1	0	0.025000	S	5048	3072
cn106_cn105.cs.uwaterloo.ca_5729 1	0	0.021500	S	5059	2048
cn106_cn105.cs.uwaterloo.ca_5731 1	0	0.021500	S	5064	2048
cn106_cn105.cs.uwaterloo.ca_5733 1	0	0.021500	S	5085	2048
cn106_cn105.cs.uwaterloo.ca_5735 1	0	0.021500	S	5093	2048
cn105.cs.uwaterloo.ca_cn105.cs.uwaterloo.ca_3843 0	0	0.000000	S	5100	1536
cn106_cn105.cs.uwaterloo.ca_5737 1	0	0.021500	S	5102	2048
cn106_cn105.cs.uwaterloo.ca_5739 1	0	0.021500	S	5106	2048
cn106_cn105.cs.uwaterloo.ca_5741 1	0	0.021500	S	5126	2048
cn106_cn105.cs.uwaterloo.ca_5743 1	0	0.021500	S	5137	2048
cn106_cn105.cs.uwaterloo.ca_5745 1	0	0.021500	S	5161	2048
cn105.cs.uwaterloo.ca_cn105.cs.uwaterloo.ca_3924 0	0	0.000000	S	5174	1536
cn106_cn105.cs.uwaterloo.ca_5747 1	0	0.021500	S	5172	2048
cn106_cn105.cs.uwaterloo.ca_5749 1	0	0.021500	S	5178	2048
cn105.cs.uwaterloo.ca_cn105.cs.uwaterloo.ca_3941 0	0	0.000000	S	5187	1536
cn106_cn105.cs.uwaterloo.ca_5752 1	0	0.021500	S	5186	2048
cn106_cn105.cs.uwaterloo.ca_5753 1	0	0.021500	S	5188	2048
cn106_cn105.cs.uwaterloo.ca_5755 1	0	0.021500	S	5190	2048
cn106_cn105.cs.uwaterloo.ca_5757 1	0	0.021500	S	5191	2048
cn106_cn105.cs.uwaterloo.ca_5759 1	0	0.021500	S	5193	2048
cn106_cn105.cs.uwaterloo.ca_5761 1	0	0.021500	S	5198	2048
cn106_cn105.cs.uwaterloo.ca_5763 1	0	0.021500	S	5206	2048
cn106_cn105.cs.uwaterloo.ca_5765 1	0	0.021500	S	5217	2048
cn106_cn105.cs.uwaterloo.ca_5769 1	0	0.021500	S	5224	2048
cn106_cn105.cs.uwaterloo.ca_5767 1	0	0.021500	S	5222	2048
cn106_cn105.cs.uwaterloo.ca_5772 1	0	0.021500	S	5225	2048
cn106_cn105.cs.uwaterloo.ca_5774 1	0	0.021500	S	5227	2048
cn106_cn105.cs.uwaterloo.ca_5775 1	0	0.021500	S	5229	2048
cn106_cn105.cs.uwaterloo.ca_5777 1	0	0.021500	S	5241	2048
cn106_cn105.cs.uwaterloo.ca_5779 1	0	0.021500	S	5256	2048
cn106_cn105.cs.uwaterloo.ca_5781 1	0	0.021500	S	5282	2048
cn106_cn105.cs.uwaterloo.ca_5783 1	0	0.021500	S	5285	2048
cn105.cs.uwaterloo.ca_cn105.cs.uwaterloo.ca_4062 0	0	0.000000	S	5289	1536
cn106_cn105.cs.uwaterloo.ca_5785 1	0	0.021500	S	5318	2048
cn106_cn105.cs.uwaterloo.ca_5787 1	0	0.021500	S	5328	2048
cn106_cn105.cs.uwaterloo.ca_5789 1	0	0.021500	S	5353	2048
cn107_cn105.cs.uwaterloo.ca_3576 1	0	0.025000	S	5363	3072
cn106_cn105.cs.uwaterloo.ca_5791 1	0	0.021500	S	5372	2048
cn106_cn105.cs.uwaterloo.ca_5793 1	0	0.021500	S	5377	2048
cn106_cn105.cs.uwaterloo.ca_5795 1	0	0.021500	S	5386	2048
cn106_cn105.cs.uwaterloo.ca_5797 1	0	0.021500	S	5392	2048
cn106_cn105.cs.uwaterloo.ca_5800 1	0	0.021500	S	5393	2048
cn106_cn105.cs.uwaterloo.ca_5801 1	0	0.021500	S	5395	2048
cn106_cn105.cs.uwaterloo.ca_5803 1	0	0.021500	S	5397	2048
cn106_cn105.cs.uwaterloo.ca_5805 1	0	0.021500	S	5401	2048
cn107_cn105.cs.uwaterloo.ca_3578 1	0	0.025000	S	5415	3072
cn106_cn105.cs.uwaterloo.ca_5807 1	0	0.021500	S	5425	2048
cn106_cn105.cs.uwaterloo.ca_5809 1	0	0.021500	S	5446	2048
cn106_cn105.cs.uwaterloo.ca_5811 1	0	0.021500	S	5457	2048
cn106_cn105.cs.uwaterloo.ca_5813 1	0	0.021500	S	5468	2048
cn106_cn105.cs.uwaterloo.ca_5815 1	0	0.021500	S	5481	2048
cn105.cs.uwaterloo.ca_cn105.cs.uwaterloo.ca_4294 0	0	0.000000	S	5501	1536
cn106_cn105.cs.uwaterloo.ca_5817 1	0	0.021500	S	5503	2048
cn106_cn105.cs.uwaterloo.ca_5819 1	0	0.021500	S	5508	2048
cn106_cn105.cs.uwaterloo.ca_5821 1	0	0.021500	S	5521	2048
cn106_cn105.cs.uwaterloo.ca_5823 1	0	0.021500	S	5547	2048
cn106_cn105.cs.uwaterloo.ca_5825 1	0	0.021500	S	5558	2048
cn107_cn105.cs.uwaterloo.ca_3580 1	0	0.025000	S	5560	3072
cn106_cn105.cs.uwaterloo.ca_5827 1	0	0.021500	S	5571	2048
cn107_cn105.cs.uwaterloo.ca_3582 1	0	0.025000	S	5581	3072
cn106_cn105.cs.uwaterloo.ca_5829 1	0	0.021500	S	5594	2048
cn106_cn105.cs.uwaterloo.ca_5831 1	0	0.021500	S	5600	2048
cn106_cn105.cs.uwaterloo.ca_5833 1	0	0.021500	S	5614	2048
cn106_cn105.cs.uwaterloo.ca_5835 1	0	0.021500	S	5621	2048
cn106_cn105.cs.uwaterloo.ca_5837 1	0	0.021500	S	5635	2048
cn107_cn105.cs.uwaterloo.ca_3584 1	0	0.025000	S	5644	3072
cn106_cn105.cs.uwaterloo.ca_5839 1	0	0.021500	S	5658	2048
cn106_cn105.cs.uwaterloo.ca_5841 1	0	0.021500	S	5669	2048
cn106_cn105.cs.uwaterloo.ca_5843 1	0	0.021500	S	5674	2048
cn106_cn105.cs.uwaterloo.ca_5845 1	0	0.021500	S	5682	2048
cn106_cn105.cs.uwaterloo.ca_5847 1	0	0.021500	S	5688	2048
cn106_cn105.cs.uwaterloo.ca_5850 1	0	0.021500	S	5690	2048
cn106_cn105.cs.uwaterloo.ca_5851 1	0	0.021500	S	5691	2048
cn106_cn105.cs.uwaterloo.ca_5853 1	0	0.021500	S	5694	2048
cn106_cn105.cs.uwaterloo.ca_5855 1	0	0.021500	S	5702	2048
cn106_cn105.cs.uwaterloo.ca_5857 1	0	0.021500	S	5712	2048
cn106_cn105.cs.uwaterloo.ca_5859 1	0	0.021500	S	5725	2048
cn106_cn105.cs.uwaterloo.ca_5861 1	0	0.021500	S	5737	2048
cn106_cn105.cs.uwaterloo.ca_5863 1	0	0.021500	S	5751	2048
cn106_cn105.cs.uwaterloo.ca_5865 1	0	0.021500	S	5754	2048
cn106_cn105.cs.uwaterloo.ca_5867 1	0	0.021500	S	5765	2048
cn106_cn105.cs.uwaterloo.ca_5869 1	0	0.021500	S	5776	2048
cn106_cn105.cs.uwaterloo.ca_5871 1	0	0.021500	S	5793	2048
cn106_cn105.cs.uwaterloo.ca_5873 1	0	0.021500	S	5796	2048
cn106_cn105.cs.uwaterloo.ca_5875 1	0	0.021500	S	5797	2048
cn106_cn105.cs.uwaterloo.ca_5877 1	0	0.021500	S	5799	2048
cn106_cn105.cs.uwaterloo.ca_5879 1	0	0.021500	S	5805	2048
cn106_cn105.cs.uwaterloo.ca_5881 1	0	0.021500	S	5813	2048
cn106_cn105.cs.uwaterloo.ca_5883 1	0	0.021500	S	5818	2048
cn106_cn105.cs.uwaterloo.ca_5885 1	0	0.021500	S	5824	2048
cn106_cn105.cs.uwaterloo.ca_5887 1	0	0.021500	S	5835	2048
cn106_cn105.cs.uwaterloo.ca_5889 1	0	0.021500	S	5840	2048
cn106_cn105.cs.uwaterloo.ca_5891 1	0	0.021500	S	5841	2048
cn105.cs.uwaterloo.ca_cn105.cs.uwaterloo.ca_4679 0	0	0.000000	S	5845	1536
cn106_cn105.cs.uwaterloo.ca_5893 1	0	0.021500	S	5842	2048
cn106_cn105.cs.uwaterloo.ca_5895 1	0	0.021500	S	5844	2048
cn106_cn105.cs.uwaterloo.ca_5897 1	0	0.021500	S	5848	2048
cn106_cn105.cs.uwaterloo.ca_5899 1	0	0.021500	S	5861	2048
cn106_cn105.cs.uwaterloo.ca_5901 1	0	0.021500	S	5870	2048
cn106_cn105.cs.uwaterloo.ca_5903 1	0	0.021500	S	5872	2048
cn105.cs.uwaterloo.ca_cn105.cs.uwaterloo.ca_4726 0	0	0.000000	S	5882	1536
cn106_cn105.cs.uwaterloo.ca_5905 1	0	0.021500	S	5903	2048
cn106_cn105.cs.uwaterloo.ca_5907 1	0	0.021500	S	5905	2048
cn106_cn105.cs.uwaterloo.ca_5909 1	0	0.021500	S	5910	2048
cn106_cn105.cs.uwaterloo.ca_5911 1	0	0.021500	S	5920	2048
cn106_cn105.cs.uwaterloo.ca_5913 1	0	0.021500	S	5946	2048
cn106_cn105.cs.uwaterloo.ca_5915 1	0	0.021500	S	5949	2048
cn106_cn105.cs.uwaterloo.ca_5917 1	0	0.021500	S	5960	2048
cn107_cn105.cs.uwaterloo.ca_3586 1	0	0.025000	S	5979	3072
cn106_cn105.cs.uwaterloo.ca_5919 1	0	0.021500	S	5987	2048
cn106_cn105.cs.uwaterloo.ca_5921 1	0	0.021500	S	5998	2048
cn107_cn105.cs.uwaterloo.ca_3588 1	0	0.025000	S	6004	3072
cn106_cn105.cs.uwaterloo.ca_5923 1	0	0.021500	S	6025	2048
cn106_cn105.cs.uwaterloo.ca_5925 1	0	0.021500	S	6044	2048
cn106_cn105.cs.uwaterloo.ca_5927 1	0	0.021500	S	6053	2048
cn106_cn105.cs.uwaterloo.ca_5929 1	0	0.021500	S	6062	2048
cn106_cn105.cs.uwaterloo.ca_5931 1	0	0.021500	S	6067	2048
cn106_cn105.cs.uwaterloo.ca_5954 1	0	0.021500	S	6096	2048
cn106_cn105.cs.uwaterloo.ca_5951 1	0	0.021500	S	6094	2048
cn106_cn105.cs.uwaterloo.ca_5974 1	0	0.021500	S	6103	2048
cn106_cn105.cs.uwaterloo.ca_6020 1	0	0.021500	S	6118	2048
cn106_cn105.cs.uwaterloo.ca_6033 1	0	0.021500	S	6122	2048
cn106_cn105.cs.uwaterloo.ca_6037 1	0	0.021500	S	6124	2048
cn106_cn105.cs.uwaterloo.ca_6039 1	0	0.021500	S	6126	2048
cn106_cn105.cs.uwaterloo.ca_6041 1	0	0.021500	S	6127	2048
cn106_cn105.cs.uwaterloo.ca_6071 1	0	0.021500	S	6142	2048
cn106_cn105.cs.uwaterloo.ca_6110 1	0	0.021500	S	6156	2048
cn106_cn105.cs.uwaterloo.ca_6130 1	0	0.021500	S	6164	2048
cn106_cn105.cs.uwaterloo.ca_6127 1	0	0.021500	S	6163	2048
cn106_cn105.cs.uwaterloo.ca_6143 1	0	0.021500	S	6168	2048
cn106_cn105.cs.uwaterloo.ca_6154 1	0	0.021500	S	6172	2048
cn106_cn105.cs.uwaterloo.ca_6159 1	0	0.021500	S	6174	2048
cn106_cn105.cs.uwaterloo.ca_6164 1	0	0.021500	S	6179	2048
cn106_cn105.cs.uwaterloo.ca_6156 1	0	0.021500	S	6173	2048
cn105.cs.uwaterloo.ca_cn105.cs.uwaterloo.ca_5060 0	0	0.000000	S	6198	1536
cn105.cs.uwaterloo.ca_cn105.cs.uwaterloo.ca_5074 0	0	0.000000	S	6211	1536
cn105.cs.uwaterloo.ca_cn105.cs.uwaterloo.ca_5228 0	0	0.000000	S	6364	1536
cn105.cs.uwaterloo.ca_cn105.cs.uwaterloo.ca_5273 0	0	0.000000	S	6408	1536
cn104_cn105.cs.uwaterloo.ca_7440 1	0	0.055500	S	5002	1024
cn104_cn105.cs.uwaterloo.ca_7438 1	0	0.055500	S	4998	1024
cn104_cn105.cs.uwaterloo.ca_7442 1	0	0.055500	S	5010	1024
cn104_cn105.cs.uwaterloo.ca_7446 1	0	0.055500	S	5026	1024
cn104_cn105.cs.uwaterloo.ca_7444 1	0	0.055500	S	5021	1024
cn104_cn105.cs.uwaterloo.ca_7454 1	0	0.055500	S	5079	1024
cn104_cn105.cs.uwaterloo.ca_7452 1	0	0.055500	S	5065	1024
cn104_cn105.cs.uwaterloo.ca_7450 1	0	0.055500	S	5058	1024
cn104_cn105.cs.uwaterloo.ca_7459 1	0	0.055500	S	5107	1024
cn104_cn105.cs.uwaterloo.ca_7448 1	0	0.055500	S	5047	1024
cn104_cn105.cs.uwaterloo.ca_7461 1	0	0.055500	S	5109	1024
cn104_cn105.cs.uwaterloo.ca_7463 1	0	0.055500	S	5110	1024
cn104_cn105.cs.uwaterloo.ca_7465 1	0	0.055500	S	5111	1024
cn104_cn105.cs.uwaterloo.ca_7456 1	0	0.055500	S	5095	1024
cn104_cn105.cs.uwaterloo.ca_7474 1	0	0.055500	S	5169	1024
cn104_cn105.cs.uwaterloo.ca_7466 1	0	0.055500	S	5119	1024
cn104_cn105.cs.uwaterloo.ca_7472 1	0	0.055500	S	5162	1024
cn104_cn105.cs.uwaterloo.ca_7468 1	0	0.055500	S	5125	1024
cn104_cn105.cs.uwaterloo.ca_7470 1	0	0.055500	S	5144	1024
cn104_cn105.cs.uwaterloo.ca_7478 1	0	0.055500	S	5200	1024
cn104_cn105.cs.uwaterloo.ca_7476 1	0	0.055500	S	5192	1024
cn104_cn105.cs.uwaterloo.ca_7483 1	0	0.055500	S	5209	1024
cn104_cn105.cs.uwaterloo.ca_7486 1	0	0.055500	S	5212	1024
cn104_cn105.cs.uwaterloo.ca_7481 1	0	0.055500	S	5208	1024
cn104_cn105.cs.uwaterloo.ca_7488 1	0	0.055500	S	5220	1024
cn104_cn105.cs.uwaterloo.ca_7490 1	0	0.055500	S	5231	1024
cn104_cn105.cs.uwaterloo.ca_7494 1	0	0.055500	S	5250	1024
cn104_cn105.cs.uwaterloo.ca_7492 1	0	0.055500	S	5240	1024
cn104_cn105.cs.uwaterloo.ca_7498 1	0	0.055500	S	5316	1024
cn104_cn105.cs.uwaterloo.ca_7496 1	0	0.055500	S	5284	1024
cn104_cn105.cs.uwaterloo.ca_7504 1	0	0.055500	S	5348	1024
cn104_cn105.cs.uwaterloo.ca_7500 1	0	0.055500	S	5336	1024
cn104_cn105.cs.uwaterloo.ca_7502 1	0	0.055500	S	5344	1024
cn104_cn105.cs.uwaterloo.ca_7485 1	0	0.055500	S	5210	1024
cn104_cn105.cs.uwaterloo.ca_7510 1	0	0.055500	S	5356	1024
cn104_cn105.cs.uwaterloo.ca_7507 1	0	0.055500	S	5349	1024
cn104_cn105.cs.uwaterloo.ca_7509 1	0	0.055500	S	5350	1024
cn104_cn105.cs.uwaterloo.ca_7512 1	0	0.055500	S	5364	1024
cn104_cn105.cs.uwaterloo.ca_7516 1	0	0.055500	S	5385	1024
cn104_cn105.cs.uwaterloo.ca_7514 1	0	0.055500	S	5378	1024
cn104_cn105.cs.uwaterloo.ca_7525 1	0	0.055500	S	5463	1024
cn104_cn105.cs.uwaterloo.ca_7520 1	0	0.055500	S	5435	1024
cn104_cn105.cs.uwaterloo.ca_7518 1	0	0.055500	S	5396	1024
cn104_cn105.cs.uwaterloo.ca_7522 1	0	0.055500	S	5454	1024
cn104_cn105.cs.uwaterloo.ca_7531 1	0	0.055500	S	5504	1024
cn104_cn105.cs.uwaterloo.ca_7528 1	0	0.055500	S	5473	1024
cn104_cn105.cs.uwaterloo.ca_7533 1	0	0.055500	S	5506	1024
cn104_cn105.cs.uwaterloo.ca_7536 1	0	0.055500	S	5510	1024
cn104_cn105.cs.uwaterloo.ca_7538 1	0	0.055500	S	5514	1024
cn104_cn105.cs.uwaterloo.ca_7540 1	0	0.055500	S	5522	1024
cn104_cn105.cs.uwaterloo.ca_7534 1	0	0.055500	S	5507	1024
cn104_cn105.cs.uwaterloo.ca_7526 1	0	0.055500	S	5464	1024
cn104_cn105.cs.uwaterloo.ca_7544 1	0	0.055500	S	5557	1024
cn104_cn105.cs.uwaterloo.ca_7542 1	0	0.055500	S	5538	1024
cn104_cn105.cs.uwaterloo.ca_7546 1	0	0.055500	S	5570	1024
cn104_cn105.cs.uwaterloo.ca_7550 1	0	0.055500	S	5604	1024
cn104_cn105.cs.uwaterloo.ca_7548 1	0	0.055500	S	5585	1024
cn104_cn105.cs.uwaterloo.ca_7554 1	0	0.055500	S	5630	1024
cn104_cn105.cs.uwaterloo.ca_7556 1	0	0.055500	S	5634	1024
cn104_cn105.cs.uwaterloo.ca_7552 1	0	0.055500	S	5611	1024
cn104_cn105.cs.uwaterloo.ca_7560 1	0	0.055500	S	5665	1024
cn104_cn105.cs.uwaterloo.ca_7562 1	0	0.055500	S	5679	1024
cn104_cn105.cs.uwaterloo.ca_7566 1	0	0.055500	S	5681	1024
cn104_cn105.cs.uwaterloo.ca_7569 1	0	0.055500	S	5683	1024
cn104_cn105.cs.uwaterloo.ca_7558 1	0	0.055500	S	5649	1024
cn104_cn105.cs.uwaterloo.ca_7570 1	0	0.055500	S	5685	1024
cn104_cn105.cs.uwaterloo.ca_7572 1	0	0.055500	S	5689	1024
cn104_cn105.cs.uwaterloo.ca_7565 1	0	0.055500	S	5680	1024
cn104_cn105.cs.uwaterloo.ca_7578 1	0	0.055500	S	5720	1024
cn104_cn105.cs.uwaterloo.ca_7580 1	0	0.055500	S	5735	1024
cn104_cn105.cs.uwaterloo.ca_7583 1	0	0.055500	S	5739	1024
cn104_cn105.cs.uwaterloo.ca_7576 1	0	0.055500	S	5718	1024
cn104_cn105.cs.uwaterloo.ca_7574 1	0	0.055500	S	5711	1024
cn104_cn105.cs.uwaterloo.ca_7588 1	0	0.055500	S	5743	1024
cn104_cn105.cs.uwaterloo.ca_7584 1	0	0.055500	S	5741	1024
cn104_cn105.cs.uwaterloo.ca_7590 1	0	0.055500	S	5745	1024
cn104_cn105.cs.uwaterloo.ca_7597 1	0	0.055500	S	5762	1024
cn104_cn105.cs.uwaterloo.ca_7592 1	0	0.055500	S	5759	1024
cn104_cn105.cs.uwaterloo.ca_7586 1	0	0.055500	S	5742	1024
cn104_cn105.cs.uwaterloo.ca_7594 1	0	0.055500	S	5760	1024
cn104_cn105.cs.uwaterloo.ca_7598 1	0	0.055500	S	5763	1024
cn104_cn105.cs.uwaterloo.ca_7600 1	0	0.055500	S	5766	1024
cn104_cn105.cs.uwaterloo.ca_7610 1	0	0.055500	S	5820	1024
cn104_cn105.cs.uwaterloo.ca_7608 1	0	0.055500	S	5809	1024
cn104_cn105.cs.uwaterloo.ca_7614 1	0	0.055500	S	5833	1024
cn104_cn105.cs.uwaterloo.ca_7606 1	0	0.055500	S	5794	1024
cn104_cn105.cs.uwaterloo.ca_7618 1	0	0.055500	S	5871	1024
cn104_cn105.cs.uwaterloo.ca_7602 1	0	0.055500	S	5770	1024
cn104_cn105.cs.uwaterloo.ca_7616 1	0	0.055500	S	5860	1024
cn104_cn105.cs.uwaterloo.ca_7620 1	0	0.055500	S	5888	1024
cn104_cn105.cs.uwaterloo.ca_7612 1	0	0.055500	S	5826	1024
cn104_cn105.cs.uwaterloo.ca_7623 1	0	0.055500	S	5890	1024
cn104_cn105.cs.uwaterloo.ca_7604 1	0	0.055500	S	5778	1024
cn104_cn105.cs.uwaterloo.ca_7625 1	0	0.055500	S	5891	1024
cn104_cn105.cs.uwaterloo.ca_7628 1	0	0.055500	S	5898	1024
cn104_cn105.cs.uwaterloo.ca_7630 1	0	0.055500	S	5906	1024
cn104_cn105.cs.uwaterloo.ca_7626 1	0	0.055500	S	5894	1024
cn104_cn105.cs.uwaterloo.ca_7634 1	0	0.055500	S	5922	1024
cn104_cn105.cs.uwaterloo.ca_7640 1	0	0.055500	S	5954	1024
cn104_cn105.cs.uwaterloo.ca_7636 1	0	0.055500	S	5937	1024
cn104_cn105.cs.uwaterloo.ca_7632 1	0	0.055500	S	5917	1024
cn104_cn105.cs.uwaterloo.ca_7638 1	0	0.055500	S	5950	1024
cn104_cn105.cs.uwaterloo.ca_7647 1	0	0.055500	S	6016	1024
cn104_cn105.cs.uwaterloo.ca_7642 1	0	0.055500	S	5992	1024
cn104_cn105.cs.uwaterloo.ca_7644 1	0	0.055500	S	5999	1024
cn104_cn105.cs.uwaterloo.ca_7649 1	0	0.055500	S	6017	1024
cn104_cn105.cs.uwaterloo.ca_7651 1	0	0.055500	S	6018	1024
cn104_cn105.cs.uwaterloo.ca_7658 1	0	0.055500	S	6023	1024
cn104_cn105.cs.uwaterloo.ca_7655 1	0	0.055500	S	6020	1024
cn104_cn105.cs.uwaterloo.ca_7657 1	0	0.055500	S	6022	1024
cn104_cn105.cs.uwaterloo.ca_7653 1	0	0.055500	S	6019	1024
cn104_cn105.cs.uwaterloo.ca_7660 1	0	0.055500	S	6024	1024
cn104_cn105.cs.uwaterloo.ca_7664 1	0	0.055500	S	6027	1024
cn104_cn105.cs.uwaterloo.ca_7662 1	0	0.055500	S	6026	1024
cn104_cn105.cs.uwaterloo.ca_7675 1	0	0.055500	S	6038	1024
cn104_cn105.cs.uwaterloo.ca_7670 1	0	0.055500	S	6034	1024
cn104_cn105.cs.uwaterloo.ca_7667 1	0	0.055500	S	6030	1024
cn104_cn105.cs.uwaterloo.ca_7673 1	0	0.055500	S	6035	1024
cn104_cn105.cs.uwaterloo.ca_7678 1	0	0.055500	S	6048	1024
cn104_cn105.cs.uwaterloo.ca_7668 1	0	0.055500	S	6032	1024
cn104_cn105.cs.uwaterloo.ca_7680 1	0	0.055500	S	6050	1024
cn104_cn105.cs.uwaterloo.ca_7677 1	0	0.055500	S	6042	1024
cn104_cn105.cs.uwaterloo.ca_7683 1	0	0.055500	S	6051	1024
cn104_cn105.cs.uwaterloo.ca_7684 1	0	0.055500	S	6054	1024
cn104_cn105.cs.uwaterloo.ca_7692 1	0	0.055500	S	6080	1024
cn104_cn105.cs.uwaterloo.ca_7688 1	0	0.055500	S	6061	1024
cn104_cn105.cs.uwaterloo.ca_7690 1	0	0.055500	S	6066	1024
cn104_cn105.cs.uwaterloo.ca_7698 1	0	0.055500	S	6086	1024
cn104_cn105.cs.uwaterloo.ca_7695 1	0	0.055500	S	6082	1024
cn104_cn105.cs.uwaterloo.ca_7686 1	0	0.055500	S	6058	1024
cn104_cn105.cs.uwaterloo.ca_7697 1	0	0.055500	S	6083	1024
cn104_cn105.cs.uwaterloo.ca_7701 1	0	0.055500	S	6090	1024
cn104_cn105.cs.uwaterloo.ca_7704 1	0	0.055500	S	6098	1024
cn104_cn105.cs.uwaterloo.ca_7712 1	0	0.055500	S	6157	1024
cn104_cn105.cs.uwaterloo.ca_7714 1	0	0.055500	S	6161	1024
cn104_cn105.cs.uwaterloo.ca_7706 1	0	0.055500	S	6108	1024
cn104_cn105.cs.uwaterloo.ca_7716 1	0	0.055500	S	6170	1024
cn104_cn105.cs.uwaterloo.ca_7710 1	0	0.055500	S	6135	1024
cn104_cn105.cs.uwaterloo.ca_7708 1	0	0.055500	S	6114	1024
cn104_cn105.cs.uwaterloo.ca_7808 1	0	0.055500	S	6188	1024
cn104_cn105.cs.uwaterloo.ca_7807 1	0	0.055500	S	6181	1024
cn104_cn105.cs.uwaterloo.ca_7816 1	0	0.055500	S	6185	1024
cn104_cn105.cs.uwaterloo.ca_7811 1	0	0.055500	S	6189	1024
cn104_cn105.cs.uwaterloo.ca_7824 1	0	0.055500	S	6212	1024
cn104_cn105.cs.uwaterloo.ca_7815 1	0	0.055500	S	6191	1024
cn104_cn105.cs.uwaterloo.ca_7828 1	0	0.055500	S	6239	1024
cn104_cn105.cs.uwaterloo.ca_7834 1	0	0.055500	S	6256	1024
cn104_cn105.cs.uwaterloo.ca_7833 1	0	0.055500	S	6253	1024
cn104_cn105.cs.uwaterloo.ca_7841 1	0	0.055500	S	6291	1024
cn104_cn105.cs.uwaterloo.ca_7838 1	0	0.055500	S	6288	1024
cn104_cn105.cs.uwaterloo.ca_7822 1	0	0.055500	S	6205	1024
cn104_cn105.cs.uwaterloo.ca_7845 1	0	0.055500	S	6289	1024
cn104_cn105.cs.uwaterloo.ca_7850 1	0	0.055500	S	6317	1024
cn104_cn105.cs.uwaterloo.ca_7847 1	0	0.055500	S	6297	1024
cn104_cn105.cs.uwaterloo.ca_7848 1	0	0.055500	S	6321	1024
cn104_cn105.cs.uwaterloo.ca_7836 1	0	0.055500	S	6273	1024
cn104_cn105.cs.uwaterloo.ca_7854 1	0	0.055500	S	6353	1024
cn104_cn105.cs.uwaterloo.ca_7858 1	0	0.055500	S	6391	1024
cn104_cn105.cs.uwaterloo.ca_7862 1	0	0.055500	S	6420	1024
cn104_cn105.cs.uwaterloo.ca_7843 1	0	0.055500	S	6293	1024
cn104_cn105.cs.uwaterloo.ca_7866 1	0	0.055500	S	6434	1024
cn104_cn105.cs.uwaterloo.ca_7868 1	0	0.055500	S	6445	1024
cn104_cn105.cs.uwaterloo.ca_7874 1	0	0.055500	S	6459	1024
cn104_cn105.cs.uwaterloo.ca_7884 1	0	0.055500	S	6478	1024
cn104_cn105.cs.uwaterloo.ca_7890 1	0	0.055500	S	6497	1024
cn104_cn105.cs.uwaterloo.ca_7896 1	0	0.055500	S	6524	1024
cn104_cn105.cs.uwaterloo.ca_7894 1	0	0.055500	S	6519	1024
cn104_cn105.cs.uwaterloo.ca_7902 1	0	0.055500	S	6539	1024
cn104_cn105.cs.uwaterloo.ca_7905 1	0	0.055500	S	6545	1024
cn104_cn105.cs.uwaterloo.ca_7914 1	0	0.055500	S	6558	1024
cn104_cn105.cs.uwaterloo.ca_7923 1	0	0.055500	S	6583	1024
cn104_cn105.cs.uwaterloo.ca_7934 1	0	0.055500	S	6592	1024
cn104_cn105.cs.uwaterloo.ca_7918 1	0	0.055500	S	6564	1024
cn104_cn105.cs.uwaterloo.ca_7970 1	0	0.055500	S	6615	1024
cn104_cn105.cs.uwaterloo.ca_7973 1	0	0.055500	S	6631	1024
cn104_cn105.cs.uwaterloo.ca_7977 1	0	0.055500	S	6643	1024
cn104_cn105.cs.uwaterloo.ca_7980 1	0	0.055500	S	6645	1024
cn104_cn105.cs.uwaterloo.ca_7986 1	0	0.055500	S	6655	1024
cn104_cn105.cs.uwaterloo.ca_7988 1	0	0.055500	S	6660	1024
cn104_cn105.cs.uwaterloo.ca_7984 1	0	0.055500	S	6647	1024
cn104_cn105.cs.uwaterloo.ca_7982 1	0	0.055500	S	6646	1024
cn106_cn105.cs.uwaterloo.ca_7968 1	0	0.021500	S	6195	2048
cn106_cn105.cs.uwaterloo.ca_7971 1	0	0.021500	S	6194	2048
cn106_cn105.cs.uwaterloo.ca_7972 1	0	0.021500	S	6199	2048
cn106_cn105.cs.uwaterloo.ca_7973 1	0	0.021500	S	6203	2048
cn106_cn105.cs.uwaterloo.ca_7975 1	0	0.021500	S	6193	2048
cn106_cn105.cs.uwaterloo.ca_7979 1	0	0.021500	S	6204	2048
cn106_cn105.cs.uwaterloo.ca_7983 1	0	0.021500	S	6209	2048
cn106_cn105.cs.uwaterloo.ca_7984 1	0	0.021500	S	6223	2048
cn106_cn105.cs.uwaterloo.ca_8003 1	0	0.021500	S	6323	2048
cn106_cn105.cs.uwaterloo.ca_7992 1	0	0.021500	S	6236	2048
cn106_cn105.cs.uwaterloo.ca_7995 1	0	0.021500	S	6259	2048
cn106_cn105.cs.uwaterloo.ca_7989 1	0	0.021500	S	6244	2048
cn106_cn105.cs.uwaterloo.ca_8001 1	0	0.021500	S	6309	2048
cn106_cn105.cs.uwaterloo.ca_7996 1	0	0.021500	S	6281	2048
cn106_cn105.cs.uwaterloo.ca_7999 1	0	0.021500	S	6300	2048
cn106_cn105.cs.uwaterloo.ca_8009 1	0	0.021500	S	6397	2048
cn106_cn105.cs.uwaterloo.ca_8010 1	0	0.021500	S	6410	2048
cn106_cn105.cs.uwaterloo.ca_8018 1	0	0.021500	S	6441	2048
cn106_cn105.cs.uwaterloo.ca_8015 1	0	0.021500	S	6436	2048
cn106_cn105.cs.uwaterloo.ca_8022 1	0	0.021500	S	6468	2048
cn106_cn105.cs.uwaterloo.ca_8004 1	0	0.021500	S	6352	2048
cn106_cn105.cs.uwaterloo.ca_8021 1	0	0.021500	S	6451	2048
cn106_cn105.cs.uwaterloo.ca_8033 1	0	0.021500	S	6502	2048
cn106_cn105.cs.uwaterloo.ca_8005 1	0	0.021500	S	6359	2048
cn106_cn105.cs.uwaterloo.ca_8029 1	0	0.021500	S	6500	2048
cn106_cn105.cs.uwaterloo.ca_8026 1	0	0.021500	S	6496	2048
cn106_cn105.cs.uwaterloo.ca_8034 1	0	0.021500	S	6508	2048
cn106_cn105.cs.uwaterloo.ca_8037 1	0	0.021500	S	6516	2048
cn106_cn105.cs.uwaterloo.ca_8030 1	0	0.021500	S	6501	2048
cn106_cn105.cs.uwaterloo.ca_8044 1	0	0.021500	S	6527	2048
cn106_cn105.cs.uwaterloo.ca_8046 1	0	0.021500	S	6528	2048
cn106_cn105.cs.uwaterloo.ca_8013 1	0	0.021500	S	6428	2048
cn106_cn105.cs.uwaterloo.ca_8057 1	0	0.021500	S	6582	2048
cn106_cn105.cs.uwaterloo.ca_8054 1	0	0.021500	S	6575	2048
cn106_cn105.cs.uwaterloo.ca_8070 1	0	0.021500	S	6641	2048
cn106_cn105.cs.uwaterloo.ca_8060 1	0	0.021500	S	6595	2048
cn106_cn105.cs.uwaterloo.ca_8065 1	0	0.021500	S	6622	2048
cn106_cn105.cs.uwaterloo.ca_8051 1	0	0.021500	S	6555	2048
cn106_cn105.cs.uwaterloo.ca_8068 1	0	0.021500	S	6628	2048
cn106_cn105.cs.uwaterloo.ca_8048 1	0	0.021500	S	6549	2048
cn106_cn105.cs.uwaterloo.ca_8073 1	0	0.021500	S	6658	2048
cn102_cn105.cs.uwaterloo.ca_8655 1	0	0.054500	S	5003	512
cn102_cn105.cs.uwaterloo.ca_8665 1	0	0.054500	S	5015	512
cn102_cn105.cs.uwaterloo.ca_8667 1	0	0.054500	S	5016	512
cn102_cn105.cs.uwaterloo.ca_8675 1	0	0.054500	S	5027	512
cn102_cn105.cs.uwaterloo.ca_8679 1	0	0.054500	S	5033	512
cn102_cn105.cs.uwaterloo.ca_8682 1	0	0.054500	S	5034	512
cn102_cn105.cs.uwaterloo.ca_8683 1	0	0.054500	S	5035	512
cn102_cn105.cs.uwaterloo.ca_8687 1	0	0.054500	S	5039	512
cn102_cn105.cs.uwaterloo.ca_8693 1	0	0.054500	S	5044	512
cn102_cn105.cs.uwaterloo.ca_8698 1	0	0.054500	S	5051	512
cn102_cn105.cs.uwaterloo.ca_8705 1	0	0.054500	S	5057	512
cn102_cn105.cs.uwaterloo.ca_8710 1	0	0.054500	S	5062	512
cn102_cn105.cs.uwaterloo.ca_8741 1	0	0.054500	S	5099	512
cn102_cn105.cs.uwaterloo.ca_8764 1	0	0.054500	S	5130	512
cn102_cn105.cs.uwaterloo.ca_8814 1	0	0.054500	S	5157	512
cn101_cn105.cs.uwaterloo.ca_28439 2	0	0.077000	S	5000	0
cn101_cn105.cs.uwaterloo.ca_28438 2	0	0.077000	S	4999	0
cn101_cn105.cs.uwaterloo.ca_28441 2	0	0.077000	S	5001	0
cn101_cn105.cs.uwaterloo.ca_28442 2	0	0.077000	S	5004	0
cn101_cn105.cs.uwaterloo.ca_28449 2	0	0.077000	S	5005	0
cn101_cn105.cs.uwaterloo.ca_28452 2	0	0.077000	S	5006	0
cn101_cn105.cs.uwaterloo.ca_28454 2	0	0.077000	S	5007	0
cn101_cn105.cs.uwaterloo.ca_28458 2	0	0.077000	S	5008	0
cn101_cn105.cs.uwaterloo.ca_28459 2	0	0.077000	S	5009	0
cn101_cn105.cs.uwaterloo.ca_28460 2	0	0.077000	S	5011	0
cn101_cn105.cs.uwaterloo.ca_28461 2	0	0.077000	S	5012	0
cn101_cn105.cs.uwaterloo.ca_28462 2	0	0.077000	S	5013	0
cn101_cn105.cs.uwaterloo.ca_28463 2	0	0.077000	S	5017	0
cn101_cn105.cs.uwaterloo.ca_28464 2	0	0.077000	S	5018	0
cn101_cn105.cs.uwaterloo.ca_28465 2	0	0.077000	S	5020	0
cn101_cn105.cs.uwaterloo.ca_28468 2	0	0.077000	S	5022	0
cn101_cn105.cs.uwaterloo.ca_28469 2	0	0.077000	S	5023	0
cn101_cn105.cs.uwaterloo.ca_28471 2	0	0.077000	S	5024	0
cn101_cn105.cs.uwaterloo.ca_28473 2	0	0.077000	S	5030	0
cn101_cn105.cs.uwaterloo.ca_28474 2	0	0.077000	S	5032	0
cn101_cn105.cs.uwaterloo.ca_28476 2	0	0.077000	S	5036	0
cn101_cn105.cs.uwaterloo.ca_28481 2	0	0.077000	S	5038	0
cn101_cn105.cs.uwaterloo.ca_28482 2	0	0.077000	S	5040	0
cn101_cn105.cs.uwaterloo.ca_28483 2	0	0.077000	S	5041	0
cn101_cn105.cs.uwaterloo.ca_28484 2	0	0.077000	S	5042	0
cn101_cn105.cs.uwaterloo.ca_28493 2	0	0.077000	S	5043	0
cn101_cn105.cs.uwaterloo.ca_28494 2	0	0.077000	S	5046	0
cn101_cn105.cs.uwaterloo.ca_28495 2	0	0.077000	S	5049	0
cn101_cn105.cs.uwaterloo.ca_28496 2	0	0.077000	S	5050	0
cn101_cn105.cs.uwaterloo.ca_28497 2	0	0.077000	S	5052	0
cn101_cn105.cs.uwaterloo.ca_28498 2	0	0.077000	S	5053	0
cn101_cn105.cs.uwaterloo.ca_28499 2	0	0.077000	S	5054	0
cn101_cn105.cs.uwaterloo.ca_28506 2	0	0.077000	S	5055	0
cn101_cn105.cs.uwaterloo.ca_28508 2	0	0.077000	S	5056	0
cn101_cn105.cs.uwaterloo.ca_28510 2	0	0.077000	S	5060	0
cn101_cn105.cs.uwaterloo.ca_28511 2	0	0.077000	S	5061	0
cn101_cn105.cs.uwaterloo.ca_28512 2	0	0.077000	S	5063	0
cn101_cn105.cs.uwaterloo.ca_28513 2	0	0.077000	S	5066	0
cn101_cn105.cs.uwaterloo.ca_28514 2	0	0.077000	S	5067	0
cn101_cn105.cs.uwaterloo.ca_28515 2	0	0.077000	S	5068	0
cn101_cn105.cs.uwaterloo.ca_28516 2	0	0.077000	S	5069	0
cn101_cn105.cs.uwaterloo.ca_28524 2	0	0.077000	S	5070	0
cn101_cn105.cs.uwaterloo.ca_28525 2	0	0.077000	S	5071	0
cn101_cn105.cs.uwaterloo.ca_28527 2	0	0.077000	S	5073	0
cn101_cn105.cs.uwaterloo.ca_28526 2	0	0.077000	S	5072	0
cn101_cn105.cs.uwaterloo.ca_28528 2	0	0.077000	S	5074	0
cn101_cn105.cs.uwaterloo.ca_28529 2	0	0.077000	S	5075	0
cn101_cn105.cs.uwaterloo.ca_28531 2	0	0.077000	S	5076	0
cn101_cn105.cs.uwaterloo.ca_28532 2	0	0.077000	S	5077	0
cn101_cn105.cs.uwaterloo.ca_28536 2	0	0.077000	S	5078	0
cn101_cn105.cs.uwaterloo.ca_28538 2	0	0.077000	S	5081	0
cn101_cn105.cs.uwaterloo.ca_28541 2	0	0.077000	S	5080	0
cn101_cn105.cs.uwaterloo.ca_28542 2	0	0.077000	S	5082	0
cn101_cn105.cs.uwaterloo.ca_28548 2	0	0.077000	S	5083	0
cn101_cn105.cs.uwaterloo.ca_28551 2	0	0.077000	S	5084	0
cn101_cn105.cs.uwaterloo.ca_28553 2	0	0.077000	S	5086	0
cn101_cn105.cs.uwaterloo.ca_28554 2	0	0.077000	S	5087	0
cn101_cn105.cs.uwaterloo.ca_28555 2	0	0.077000	S	5088	0
cn101_cn105.cs.uwaterloo.ca_28556 2	0	0.077000	S	5089	0
cn101_cn105.cs.uwaterloo.ca_28557 2	0	0.077000	S	5091	0
cn101_cn105.cs.uwaterloo.ca_28558 2	0	0.077000	S	5090	0
cn101_cn105.cs.uwaterloo.ca_28559 2	0	0.077000	S	5092	0
cn101_cn105.cs.uwaterloo.ca_28562 2	0	0.077000	S	5097	0
cn101_cn105.cs.uwaterloo.ca_28561 2	0	0.077000	S	5094	0
cn101_cn105.cs.uwaterloo.ca_28565 2	0	0.077000	S	5096	0
cn101_cn105.cs.uwaterloo.ca_28567 2	0	0.077000	S	5098	0
cn101_cn105.cs.uwaterloo.ca_28569 2	0	0.077000	S	5101	0
cn101_cn105.cs.uwaterloo.ca_28573 2	0	0.077000	S	5103	0
cn101_cn105.cs.uwaterloo.ca_28574 2	0	0.077000	S	5104	0
cn101_cn105.cs.uwaterloo.ca_28575 2	0	0.077000	S	5105	0
cn101_cn105.cs.uwaterloo.ca_28576 2	0	0.077000	S	5108	0
cn101_cn105.cs.uwaterloo.ca_28578 2	0	0.077000	S	5112	0
cn101_cn105.cs.uwaterloo.ca_28580 2	0	0.077000	S	5113	0
cn101_cn105.cs.uwaterloo.ca_28582 2	0	0.077000	S	5114	0
cn101_cn105.cs.uwaterloo.ca_28586 2	0	0.077000	S	5116	0
cn101_cn105.cs.uwaterloo.ca_28584 2	0	0.077000	S	5115	0
cn101_cn105.cs.uwaterloo.ca_28588 2	0	0.077000	S	5118	0
cn101_cn105.cs.uwaterloo.ca_28594 2	0	0.077000	S	5117	0
cn101_cn105.cs.uwaterloo.ca_28596 2	0	0.077000	S	5120	0
cn101_cn105.cs.uwaterloo.ca_28597 2	0	0.077000	S	5121	0
cn101_cn105.cs.uwaterloo.ca_28598 2	0	0.077000	S	5122	0
cn101_cn105.cs.uwaterloo.ca_28600 2	0	0.077000	S	5123	0
cn101_cn105.cs.uwaterloo.ca_28601 2	0	0.077000	S	5124	0
cn101_cn105.cs.uwaterloo.ca_28604 2	0	0.077000	S	5127	0
cn101_cn105.cs.uwaterloo.ca_28606 2	0	0.077000	S	5128	0
cn101_cn105.cs.uwaterloo.ca_28607 2	0	0.077000	S	5129	0
cn101_cn105.cs.uwaterloo.ca_28609 2	0	0.077000	S	5131	0
cn101_cn105.cs.uwaterloo.ca_28613 2	0	0.077000	S	5132	0
cn101_cn105.cs.uwaterloo.ca_28614 2	0	0.077000	S	5133	0
cn101_cn105.cs.uwaterloo.ca_28615 2	0	0.077000	S	5134	0
cn101_cn105.cs.uwaterloo.ca_28616 2	0	0.077000	S	5135	0
cn101_cn105.cs.uwaterloo.ca_28621 2	0	0.077000	S	5136	0
cn101_cn105.cs.uwaterloo.ca_28628 2	0	0.077000	S	5142	0
cn101_cn105.cs.uwaterloo.ca_28624 2	0	0.077000	S	5139	0
cn101_cn105.cs.uwaterloo.ca_28625 2	0	0.077000	S	5140	0
cn101_cn105.cs.uwaterloo.ca_28626 2	0	0.077000	S	5141	0
cn101_cn105.cs.uwaterloo.ca_28623 2	0	0.077000	S	5138	0
cn101_cn105.cs.uwaterloo.ca_28637 2	0	0.077000	S	5143	0
cn101_cn105.cs.uwaterloo.ca_28638 2	0	0.077000	S	5145	0
cn101_cn105.cs.uwaterloo.ca_28639 2	0	0.077000	S	5146	0
cn101_cn105.cs.uwaterloo.ca_28640 2	0	0.077000	S	5147	0
cn101_cn105.cs.uwaterloo.ca_28641 2	0	0.077000	S	5148	0
cn101_cn105.cs.uwaterloo.ca_28642 2	0	0.077000	S	5149	0
cn101_cn105.cs.uwaterloo.ca_28643 2	0	0.077000	S	5150	0
cn101_cn105.cs.uwaterloo.ca_28645 2	0	0.077000	S	5151	0
cn101_cn105.cs.uwaterloo.ca_28653 2	0	0.077000	S	5152	0
cn101_cn105.cs.uwaterloo.ca_28654 2	0	0.077000	S	5153	0
cn101_cn105.cs.uwaterloo.ca_28655 2	0	0.077000	S	5154	0
cn101_cn105.cs.uwaterloo.ca_28656 2	0	0.077000	S	5155	0
cn101_cn105.cs.uwaterloo.ca_28657 2	0	0.077000	S	5156	0
cn101_cn105.cs.uwaterloo.ca_28658 2	0	0.077000	S	5158	0
cn101_cn105.cs.uwaterloo.ca_28661 2	0	0.077000	S	5159	0
cn101_cn105.cs.uwaterloo.ca_28662 2	0	0.077000	S	5160	0
cn101_cn105.cs.uwaterloo.ca_28663 2	0	0.077000	S	5163	0
cn101_cn105.cs.uwaterloo.ca_28664 2	0	0.077000	S	5164	0
cn102_cn105.cs.uwaterloo.ca_8822 1	0	0.054500	S	5176	512
cn102_cn105.cs.uwaterloo.ca_8829 1	0	0.054500	S	5197	512
cn102_cn105.cs.uwaterloo.ca_8830 1	0	0.054500	S	5204	512
cn102_cn105.cs.uwaterloo.ca_8832 1	0	0.054500	S	5216	512
cn102_cn105.cs.uwaterloo.ca_8841 1	0	0.054500	S	5230	512
cn102_cn105.cs.uwaterloo.ca_8852 1	0	0.054500	S	5243	512
cn102_cn105.cs.uwaterloo.ca_8860 1	0	0.054500	S	5252	512
cn102_cn105.cs.uwaterloo.ca_8925 1	0	0.054500	S	5320	512
cn102_cn105.cs.uwaterloo.ca_8933 1	0	0.054500	S	5330	512
cn102_cn105.cs.uwaterloo.ca_8950 1	0	0.054500	S	5351	512
cn102_cn105.cs.uwaterloo.ca_8958 1	0	0.054500	S	5361	512
cn101_cn105.cs.uwaterloo.ca_29061 2	0	0.077000	S	5167	0
cn101_cn105.cs.uwaterloo.ca_29062 2	0	0.077000	S	5168	0
cn101_cn105.cs.uwaterloo.ca_29059 2	0	0.077000	S	5166	0
cn101_cn105.cs.uwaterloo.ca_29065 2	0	0.077000	S	5173	0
cn101_cn105.cs.uwaterloo.ca_29064 2	0	0.077000	S	5171	0
cn101_cn105.cs.uwaterloo.ca_29069 2	0	0.077000	S	5180	0
cn101_cn105.cs.uwaterloo.ca_29071 2	0	0.077000	S	5182	0
cn101_cn105.cs.uwaterloo.ca_29066 2	0	0.077000	S	5175	0
cn101_cn105.cs.uwaterloo.ca_29067 2	0	0.077000	S	5179	0
cn101_cn105.cs.uwaterloo.ca_29068 2	0	0.077000	S	5177	0
cn101_cn105.cs.uwaterloo.ca_29070 2	0	0.077000	S	5181	0
cn101_cn105.cs.uwaterloo.ca_29063 2	0	0.077000	S	5170	0
cn101_cn105.cs.uwaterloo.ca_29072 2	0	0.077000	S	5183	0
cn101_cn105.cs.uwaterloo.ca_29083 2	0	0.077000	S	5196	0
cn101_cn105.cs.uwaterloo.ca_29084 2	0	0.077000	S	5195	0
cn101_cn105.cs.uwaterloo.ca_29081 2	0	0.077000	S	5189	0
cn101_cn105.cs.uwaterloo.ca_29080 2	0	0.077000	S	5184	0
cn101_cn105.cs.uwaterloo.ca_29082 2	0	0.077000	S	5194	0
cn101_cn105.cs.uwaterloo.ca_29085 2	0	0.077000	S	5185	0
cn101_cn105.cs.uwaterloo.ca_29094 2	0	0.077000	S	5199	0
cn101_cn105.cs.uwaterloo.ca_29095 2	0	0.077000	S	5202	0
cn101_cn105.cs.uwaterloo.ca_29097 2	0	0.077000	S	5203	0
cn101_cn105.cs.uwaterloo.ca_29096 2	0	0.077000	S	5201	0
cn101_cn105.cs.uwaterloo.ca_29098 2	0	0.077000	S	5211	0
cn101_cn105.cs.uwaterloo.ca_29100 2	0	0.077000	S	5213	0
cn101_cn105.cs.uwaterloo.ca_29099 2	0	0.077000	S	5214	0
cn101_cn105.cs.uwaterloo.ca_29102 2	0	0.077000	S	5215	0
cn101_cn105.cs.uwaterloo.ca_29103 2	0	0.077000	S	5205	0
cn101_cn105.cs.uwaterloo.ca_29105 2	0	0.077000	S	5218	0
cn101_cn105.cs.uwaterloo.ca_29108 2	0	0.077000	S	5207	0
cn101_cn105.cs.uwaterloo.ca_29109 2	0	0.077000	S	5226	0
cn101_cn105.cs.uwaterloo.ca_29131 2	0	0.077000	S	5228	0
cn101_cn105.cs.uwaterloo.ca_29128 2	0	0.077000	S	5233	0
cn101_cn105.cs.uwaterloo.ca_29129 2	0	0.077000	S	5219	0
cn101_cn105.cs.uwaterloo.ca_29135 2	0	0.077000	S	5242	0
cn101_cn105.cs.uwaterloo.ca_29126 2	0	0.077000	S	5223	0
cn101_cn105.cs.uwaterloo.ca_29130 2	0	0.077000	S	5235	0
cn101_cn105.cs.uwaterloo.ca_29136 2	0	0.077000	S	5234	0
cn101_cn105.cs.uwaterloo.ca_29132 2	0	0.077000	S	5232	0
cn101_cn105.cs.uwaterloo.ca_29134 2	0	0.077000	S	5237	0
cn101_cn105.cs.uwaterloo.ca_29133 2	0	0.077000	S	5236	0
cn101_cn105.cs.uwaterloo.ca_29137 2	0	0.077000	S	5245	0
cn101_cn105.cs.uwaterloo.ca_29127 2	0	0.077000	S	5221	0
cn101_cn105.cs.uwaterloo.ca_29138 2	0	0.077000	S	5244	0
cn101_cn105.cs.uwaterloo.ca_29141 2	0	0.077000	S	5239	0
cn101_cn105.cs.uwaterloo.ca_29139 2	0	0.077000	S	5238	0
cn101_cn105.cs.uwaterloo.ca_29140 2	0	0.077000	S	5248	0
cn101_cn105.cs.uwaterloo.ca_29143 2	0	0.077000	S	5247	0
cn101_cn105.cs.uwaterloo.ca_29145 2	0	0.077000	S	5249	0
cn101_cn105.cs.uwaterloo.ca_29148 2	0	0.077000	S	5253	0
cn101_cn105.cs.uwaterloo.ca_29147 2	0	0.077000	S	5254	0
cn101_cn105.cs.uwaterloo.ca_29151 2	0	0.077000	S	5255	0
cn101_cn105.cs.uwaterloo.ca_29154 2	0	0.077000	S	5246	0
cn101_cn105.cs.uwaterloo.ca_29155 2	0	0.077000	S	5257	0
cn101_cn105.cs.uwaterloo.ca_29156 2	0	0.077000	S	5258	0
cn101_cn105.cs.uwaterloo.ca_29159 2	0	0.077000	S	5260	0
cn101_cn105.cs.uwaterloo.ca_29160 2	0	0.077000	S	5261	0
cn101_cn105.cs.uwaterloo.ca_29162 2	0	0.077000	S	5259	0
cn101_cn105.cs.uwaterloo.ca_29164 2	0	0.077000	S	5266	0
cn101_cn105.cs.uwaterloo.ca_29167 2	0	0.077000	S	5251	0
cn101_cn105.cs.uwaterloo.ca_29169 2	0	0.077000	S	5268	0
cn101_cn105.cs.uwaterloo.ca_29171 2	0	0.077000	S	5264	0
cn101_cn105.cs.uwaterloo.ca_29172 2	0	0.077000	S	5270	0
cn101_cn105.cs.uwaterloo.ca_29175 2	0	0.077000	S	5269	0
cn101_cn105.cs.uwaterloo.ca_29177 2	0	0.077000	S	5271	0
cn101_cn105.cs.uwaterloo.ca_29180 2	0	0.077000	S	5267	0
cn101_cn105.cs.uwaterloo.ca_29182 2	0	0.077000	S	5263	0
cn101_cn105.cs.uwaterloo.ca_29183 2	0	0.077000	S	5272	0
cn101_cn105.cs.uwaterloo.ca_29186 2	0	0.077000	S	5265	0
cn101_cn105.cs.uwaterloo.ca_29188 2	0	0.077000	S	5275	0
cn101_cn105.cs.uwaterloo.ca_29190 2	0	0.077000	S	5276	0
cn101_cn105.cs.uwaterloo.ca_29192 2	0	0.077000	S	5262	0
cn101_cn105.cs.uwaterloo.ca_29194 2	0	0.077000	S	5277	0
cn101_cn105.cs.uwaterloo.ca_29196 2	0	0.077000	S	5281	0
cn101_cn105.cs.uwaterloo.ca_29198 2	0	0.077000	S	5279	0
cn101_cn105.cs.uwaterloo.ca_29200 2	0	0.077000	S	5274	0
cn101_cn105.cs.uwaterloo.ca_29202 2	0	0.077000	S	5283	0
cn101_cn105.cs.uwaterloo.ca_29204 2	0	0.077000	S	5286	0
cn101_cn105.cs.uwaterloo.ca_29206 2	0	0.077000	S	5287	0
cn101_cn105.cs.uwaterloo.ca_29208 2	0	0.077000	S	5290	0
cn101_cn105.cs.uwaterloo.ca_29210 2	0	0.077000	S	5291	0
cn101_cn105.cs.uwaterloo.ca_29212 2	0	0.077000	S	5280	0
cn101_cn105.cs.uwaterloo.ca_29214 2	0	0.077000	S	5273	0
cn101_cn105.cs.uwaterloo.ca_29216 2	0	0.077000	S	5288	0
cn101_cn105.cs.uwaterloo.ca_29219 2	0	0.077000	S	5278	0
cn101_cn105.cs.uwaterloo.ca_29220 2	0	0.077000	S	5293	0
cn101_cn105.cs.uwaterloo.ca_29223 2	0	0.077000	S	5292	0
cn101_cn105.cs.uwaterloo.ca_29225 2	0	0.077000	S	5295	0
cn101_cn105.cs.uwaterloo.ca_29227 2	0	0.077000	S	5294	0
cn101_cn105.cs.uwaterloo.ca_29229 2	0	0.077000	S	5296	0
cn101_cn105.cs.uwaterloo.ca_29231 2	0	0.077000	S	5297	0
cn101_cn105.cs.uwaterloo.ca_29233 2	0	0.077000	S	5298	0
cn101_cn105.cs.uwaterloo.ca_29235 2	0	0.077000	S	5300	0
cn101_cn105.cs.uwaterloo.ca_29237 2	0	0.077000	S	5302	0
cn101_cn105.cs.uwaterloo.ca_29239 2	0	0.077000	S	5301	0
cn101_cn105.cs.uwaterloo.ca_29242 2	0	0.077000	S	5299	0
cn101_cn105.cs.uwaterloo.ca_29244 2	0	0.077000	S	5303	0
cn101_cn105.cs.uwaterloo.ca_29246 2	0	0.077000	S	5304	0
cn101_cn105.cs.uwaterloo.ca_29248 2	0	0.077000	S	5305	0
cn101_cn105.cs.uwaterloo.ca_29250 2	0	0.077000	S	5306	0
cn101_cn105.cs.uwaterloo.ca_29252 2	0	0.077000	S	5308	0
cn101_cn105.cs.uwaterloo.ca_29255 2	0	0.077000	S	5309	0
cn101_cn105.cs.uwaterloo.ca_29257 2	0	0.077000	S	5310	0
cn101_cn105.cs.uwaterloo.ca_29259 2	0	0.077000	S	5311	0
cn101_cn105.cs.uwaterloo.ca_29261 2	0	0.077000	S	5307	0
cn101_cn105.cs.uwaterloo.ca_29263 2	0	0.077000	S	5312	0
cn101_cn105.cs.uwaterloo.ca_29265 2	0	0.077000	S	5315	0
cn101_cn105.cs.uwaterloo.ca_29267 2	0	0.077000	S	5314	0
cn101_cn105.cs.uwaterloo.ca_29268 2	0	0.077000	S	5317	0
cn101_cn105.cs.uwaterloo.ca_29270 2	0	0.077000	S	5321	0
cn101_cn105.cs.uwaterloo.ca_29272 2	0	0.077000	S	5319	0
cn101_cn105.cs.uwaterloo.ca_29274 2	0	0.077000	S	5313	0
cn101_cn105.cs.uwaterloo.ca_29275 2	0	0.077000	S	5322	0
cn101_cn105.cs.uwaterloo.ca_29277 2	0	0.077000	S	5323	0
cn101_cn105.cs.uwaterloo.ca_29278 2	0	0.077000	S	5324	0
cn101_cn105.cs.uwaterloo.ca_29280 2	0	0.077000	S	5325	0
cn101_cn105.cs.uwaterloo.ca_29281 2	0	0.077000	S	5326	0
cn101_cn105.cs.uwaterloo.ca_29282 2	0	0.077000	S	5329	0
cn101_cn105.cs.uwaterloo.ca_29285 2	0	0.077000	S	5331	0
cn101_cn105.cs.uwaterloo.ca_29286 2	0	0.077000	S	5332	0
cn101_cn105.cs.uwaterloo.ca_29288 2	0	0.077000	S	5327	0
cn101_cn105.cs.uwaterloo.ca_29290 2	0	0.077000	S	5335	0
cn101_cn105.cs.uwaterloo.ca_29293 2	0	0.077000	S	5334	0
cn101_cn105.cs.uwaterloo.ca_29304 2	0	0.077000	S	5342	0
cn101_cn105.cs.uwaterloo.ca_29301 2	0	0.077000	S	5340	0
cn101_cn105.cs.uwaterloo.ca_29297 2	0	0.077000	S	5337	0
cn101_cn105.cs.uwaterloo.ca_29303 2	0	0.077000	S	5339	0
cn101_cn105.cs.uwaterloo.ca_29310 2	0	0.077000	S	5345	0
cn101_cn105.cs.uwaterloo.ca_29307 2	0	0.077000	S	5343	0
cn101_cn105.cs.uwaterloo.ca_29309 2	0	0.077000	S	5341	0
cn101_cn105.cs.uwaterloo.ca_29299 2	0	0.077000	S	5338	0
cn101_cn105.cs.uwaterloo.ca_29320 2	0	0.077000	S	5354	0
cn101_cn105.cs.uwaterloo.ca_29316 2	0	0.077000	S	5357	0
cn101_cn105.cs.uwaterloo.ca_29314 2	0	0.077000	S	5352	0
cn101_cn105.cs.uwaterloo.ca_29318 2	0	0.077000	S	5359	0
cn101_cn105.cs.uwaterloo.ca_29295 2	0	0.077000	S	5333	0
cn101_cn105.cs.uwaterloo.ca_29312 2	0	0.077000	S	5347	0
cn101_cn105.cs.uwaterloo.ca_29324 2	0	0.077000	S	5346	0
cn101_cn105.cs.uwaterloo.ca_29328 2	0	0.077000	S	5360	0
cn101_cn105.cs.uwaterloo.ca_29329 2	0	0.077000	S	5362	0
cn101_cn105.cs.uwaterloo.ca_29330 2	0	0.077000	S	5358	0
cn101_cn105.cs.uwaterloo.ca_29331 2	0	0.077000	S	5366	0
cn101_cn105.cs.uwaterloo.ca_29332 2	0	0.077000	S	5367	0
cn102_cn105.cs.uwaterloo.ca_8976 1	0	0.054500	S	5382	512
cn101_cn105.cs.uwaterloo.ca_29336 2	0	0.077000	S	5376	0
cn101_cn105.cs.uwaterloo.ca_29335 2	0	0.077000	S	5165	0
cn101_cn105.cs.uwaterloo.ca_29340 2	0	0.077000	S	5379	0
cn101_cn105.cs.uwaterloo.ca_29342 2	0	0.077000	S	5380	0
cn101_cn105.cs.uwaterloo.ca_29343 2	0	0.077000	S	5381	0
cn101_cn105.cs.uwaterloo.ca_29345 2	0	0.077000	S	5383	0
cn102_cn105.cs.uwaterloo.ca_9004 1	0	0.054500	S	5419	512
cn101_cn105.cs.uwaterloo.ca_29349 2	0	0.077000	S	5384	0
cn101_cn105.cs.uwaterloo.ca_29351 2	0	0.077000	S	5387	0
cn101_cn105.cs.uwaterloo.ca_29352 2	0	0.077000	S	5388	0
cn101_cn105.cs.uwaterloo.ca_29354 2	0	0.077000	S	5389	0
cn101_cn105.cs.uwaterloo.ca_29358 2	0	0.077000	S	5390	0
cn101_cn105.cs.uwaterloo.ca_29361 2	0	0.077000	S	5391	0
cn101_cn105.cs.uwaterloo.ca_29362 2	0	0.077000	S	5394	0
cn102_cn105.cs.uwaterloo.ca_9032 1	0	0.054500	S	5448	512
cn101_cn105.cs.uwaterloo.ca_29364 2	0	0.077000	S	5399	0
cn101_cn105.cs.uwaterloo.ca_29366 2	0	0.077000	S	5400	0
cn101_cn105.cs.uwaterloo.ca_29363 2	0	0.077000	S	5398	0
cn101_cn105.cs.uwaterloo.ca_29367 2	0	0.077000	S	5402	0
cn102_cn105.cs.uwaterloo.ca_9051 1	0	0.054500	S	5470	512
cn101_cn105.cs.uwaterloo.ca_29370 2	0	0.077000	S	5404	0
cn101_cn105.cs.uwaterloo.ca_29369 2	0	0.077000	S	5403	0
cn101_cn105.cs.uwaterloo.ca_29373 2	0	0.077000	S	5405	0
cn101_cn105.cs.uwaterloo.ca_29375 2	0	0.077000	S	5406	0
cn102_cn105.cs.uwaterloo.ca_9059 1	0	0.054500	S	5479	512
cn101_cn105.cs.uwaterloo.ca_29381 2	0	0.077000	S	5407	0
cn102_cn105.cs.uwaterloo.ca_9085 1	0	0.054500	S	5512	512
cn101_cn105.cs.uwaterloo.ca_29384 2	0	0.077000	S	5408	0
cn101_cn105.cs.uwaterloo.ca_29386 2	0	0.077000	S	5409	0
cn102_cn105.cs.uwaterloo.ca_9112 1	0	0.054500	S	5543	512
cn101_cn105.cs.uwaterloo.ca_29397 2	0	0.077000	S	5410	0
cn101_cn105.cs.uwaterloo.ca_29398 2	0	0.077000	S	5411	0
cn101_cn105.cs.uwaterloo.ca_29399 2	0	0.077000	S	5412	0
cn101_cn105.cs.uwaterloo.ca_29400 2	0	0.077000	S	5413	0
cn102_cn105.cs.uwaterloo.ca_9125 1	0	0.054500	S	5556	512
cn101_cn105.cs.uwaterloo.ca_29401 2	0	0.077000	S	5414	0
cn102_cn105.cs.uwaterloo.ca_9136 1	0	0.054500	S	5562	512
cn102_cn105.cs.uwaterloo.ca_9137 1	0	0.054500	S	5568	512
cn102_cn105.cs.uwaterloo.ca_9142 1	0	0.054500	S	5575	512
cn102_cn105.cs.uwaterloo.ca_9144 1	0	0.054500	S	5576	512
cn102_cn105.cs.uwaterloo.ca_9147 1	0	0.054500	S	5577	512
cn101_cn105.cs.uwaterloo.ca_29403 2	0	0.077000	S	5417	0
cn101_cn105.cs.uwaterloo.ca_29406 2	0	0.077000	S	5421	0
cn102_cn105.cs.uwaterloo.ca_9148 1	0	0.054500	S	5578	512
cn101_cn105.cs.uwaterloo.ca_29407 2	0	0.077000	S	5422	0
cn101_cn105.cs.uwaterloo.ca_29408 2	0	0.077000	S	5423	0
cn101_cn105.cs.uwaterloo.ca_29405 2	0	0.077000	S	5420	0
cn101_cn105.cs.uwaterloo.ca_29409 2	0	0.077000	S	5424	0
cn102_cn105.cs.uwaterloo.ca_9151 1	0	0.054500	S	5580	512
cn101_cn105.cs.uwaterloo.ca_29402 2	0	0.077000	S	5416	0
cn101_cn105.cs.uwaterloo.ca_29404 2	0	0.077000	S	5418	0
cn101_cn105.cs.uwaterloo.ca_29411 2	0	0.077000	S	5426	0
cn101_cn105.cs.uwaterloo.ca_29413 2	0	0.077000	S	5427	0
cn102_cn105.cs.uwaterloo.ca_9163 1	0	0.054500	S	5592	512
cn101_cn105.cs.uwaterloo.ca_29414 2	0	0.077000	S	5428	0
cn101_cn105.cs.uwaterloo.ca_29416 2	0	0.077000	S	5429	0
cn101_cn105.cs.uwaterloo.ca_29418 2	0	0.077000	S	5430	0
cn101_cn105.cs.uwaterloo.ca_29420 2	0	0.077000	S	5431	0
cn102_cn105.cs.uwaterloo.ca_9172 1	0	0.054500	S	5603	512
cn102_cn105.cs.uwaterloo.ca_9174 1	0	0.054500	S	5605	512
cn102_cn105.cs.uwaterloo.ca_9176 1	0	0.054500	S	5606	512
cn102_cn105.cs.uwaterloo.ca_9178 1	0	0.054500	S	5608	512
cn101_cn105.cs.uwaterloo.ca_29422 2	0	0.077000	S	5432	0
cn102_cn105.cs.uwaterloo.ca_9181 1	0	0.054500	S	5607	512
cn102_cn105.cs.uwaterloo.ca_9187 1	0	0.054500	S	5615	512
cn101_cn105.cs.uwaterloo.ca_29425 2	0	0.077000	S	5433	0
cn101_cn105.cs.uwaterloo.ca_29427 2	0	0.077000	S	5434	0
cn102_cn105.cs.uwaterloo.ca_9194 1	0	0.054500	S	5623	512
cn101_cn105.cs.uwaterloo.ca_29428 2	0	0.077000	S	5436	0
cn101_cn105.cs.uwaterloo.ca_29430 2	0	0.077000	S	5437	0
cn101_cn105.cs.uwaterloo.ca_29432 2	0	0.077000	S	5438	0
cn101_cn105.cs.uwaterloo.ca_29434 2	0	0.077000	S	5439	0
cn101_cn105.cs.uwaterloo.ca_29437 2	0	0.077000	S	5440	0
cn101_cn105.cs.uwaterloo.ca_29445 2	0	0.077000	S	5441	0
cn101_cn105.cs.uwaterloo.ca_29446 2	0	0.077000	S	5442	0
cn101_cn105.cs.uwaterloo.ca_29447 2	0	0.077000	S	5443	0
cn101_cn105.cs.uwaterloo.ca_29448 2	0	0.077000	S	5444	0
cn101_cn105.cs.uwaterloo.ca_29449 2	0	0.077000	S	5445	0
cn101_cn105.cs.uwaterloo.ca_29450 2	0	0.077000	S	5447	0
cn101_cn105.cs.uwaterloo.ca_29451 2	0	0.077000	S	5449	0
cn101_cn105.cs.uwaterloo.ca_29452 2	0	0.077000	S	5450	0
cn101_cn105.cs.uwaterloo.ca_29458 2	0	0.077000	S	5451	0
cn101_cn105.cs.uwaterloo.ca_29461 2	0	0.077000	S	5452	0
cn101_cn105.cs.uwaterloo.ca_29462 2	0	0.077000	S	5453	0
cn101_cn105.cs.uwaterloo.ca_29463 2	0	0.077000	S	5455	0
cn101_cn105.cs.uwaterloo.ca_29465 2	0	0.077000	S	5458	0
cn101_cn105.cs.uwaterloo.ca_29466 2	0	0.077000	S	5459	0
cn101_cn105.cs.uwaterloo.ca_29464 2	0	0.077000	S	5456	0
cn101_cn105.cs.uwaterloo.ca_29468 2	0	0.077000	S	5460	0
cn101_cn105.cs.uwaterloo.ca_29472 2	0	0.077000	S	5465	0
cn101_cn105.cs.uwaterloo.ca_29469 2	0	0.077000	S	5461	0
cn101_cn105.cs.uwaterloo.ca_29470 2	0	0.077000	S	5462	0
cn101_cn105.cs.uwaterloo.ca_29474 2	0	0.077000	S	5466	0
cn101_cn105.cs.uwaterloo.ca_29482 2	0	0.077000	S	5469	0
cn101_cn105.cs.uwaterloo.ca_29481 2	0	0.077000	S	5467	0
cn101_cn105.cs.uwaterloo.ca_29483 2	0	0.077000	S	5471	0
cn101_cn105.cs.uwaterloo.ca_29486 2	0	0.077000	S	5472	0
cn101_cn105.cs.uwaterloo.ca_29487 2	0	0.077000	S	5474	0
cn101_cn105.cs.uwaterloo.ca_29488 2	0	0.077000	S	5475	0
cn101_cn105.cs.uwaterloo.ca_29489 2	0	0.077000	S	5476	0
cn101_cn105.cs.uwaterloo.ca_29490 2	0	0.077000	S	5477	0
cn101_cn105.cs.uwaterloo.ca_29492 2	0	0.077000	S	5478	0
cn101_cn105.cs.uwaterloo.ca_29498 2	0	0.077000	S	5480	0
cn101_cn105.cs.uwaterloo.ca_29503 2	0	0.077000	S	5482	0
cn101_cn105.cs.uwaterloo.ca_29504 2	0	0.077000	S	5483	0
cn101_cn105.cs.uwaterloo.ca_29505 2	0	0.077000	S	5484	0
cn101_cn105.cs.uwaterloo.ca_29506 2	0	0.077000	S	5485	0
cn101_cn105.cs.uwaterloo.ca_29507 2	0	0.077000	S	5486	0
cn101_cn105.cs.uwaterloo.ca_29508 2	0	0.077000	S	5487	0
cn101_cn105.cs.uwaterloo.ca_29509 2	0	0.077000	S	5488	0
cn101_cn105.cs.uwaterloo.ca_29510 2	0	0.077000	S	5489	0
cn101_cn105.cs.uwaterloo.ca_29512 2	0	0.077000	S	5490	0
cn101_cn105.cs.uwaterloo.ca_29517 2	0	0.077000	S	5492	0
cn101_cn105.cs.uwaterloo.ca_29514 2	0	0.077000	S	5491	0
cn101_cn105.cs.uwaterloo.ca_29522 2	0	0.077000	S	5493	0
cn101_cn105.cs.uwaterloo.ca_29524 2	0	0.077000	S	5495	0
cn101_cn105.cs.uwaterloo.ca_29523 2	0	0.077000	S	5494	0
cn101_cn105.cs.uwaterloo.ca_29526 2	0	0.077000	S	5496	0
cn101_cn105.cs.uwaterloo.ca_29527 2	0	0.077000	S	5497	0
cn101_cn105.cs.uwaterloo.ca_29528 2	0	0.077000	S	5498	0
cn101_cn105.cs.uwaterloo.ca_29537 2	0	0.077000	S	5499	0
cn101_cn105.cs.uwaterloo.ca_29539 2	0	0.077000	S	5500	0
cn101_cn105.cs.uwaterloo.ca_29564 2	0	0.077000	S	5502	0
cn101_cn105.cs.uwaterloo.ca_29567 2	0	0.077000	S	5511	0
cn101_cn105.cs.uwaterloo.ca_29566 2	0	0.077000	S	5509	0
cn101_cn105.cs.uwaterloo.ca_29565 2	0	0.077000	S	5505	0
cn101_cn105.cs.uwaterloo.ca_29568 2	0	0.077000	S	5513	0
cn101_cn105.cs.uwaterloo.ca_29569 2	0	0.077000	S	5515	0
cn101_cn105.cs.uwaterloo.ca_29570 2	0	0.077000	S	5516	0
cn101_cn105.cs.uwaterloo.ca_29571 2	0	0.077000	S	5517	0
cn101_cn105.cs.uwaterloo.ca_29572 2	0	0.077000	S	5518	0
cn101_cn105.cs.uwaterloo.ca_29573 2	0	0.077000	S	5519	0
cn101_cn105.cs.uwaterloo.ca_29574 2	0	0.077000	S	5520	0
cn101_cn105.cs.uwaterloo.ca_29575 2	0	0.077000	S	5523	0
cn101_cn105.cs.uwaterloo.ca_29576 2	0	0.077000	S	5524	0
cn101_cn105.cs.uwaterloo.ca_29577 2	0	0.077000	S	5525	0
cn101_cn105.cs.uwaterloo.ca_29578 2	0	0.077000	S	5526	0
cn101_cn105.cs.uwaterloo.ca_29579 2	0	0.077000	S	5527	0
cn101_cn105.cs.uwaterloo.ca_29580 2	0	0.077000	S	5528	0
cn101_cn105.cs.uwaterloo.ca_29581 2	0	0.077000	S	5529	0
cn101_cn105.cs.uwaterloo.ca_29582 2	0	0.077000	S	5530	0
cn101_cn105.cs.uwaterloo.ca_29583 2	0	0.077000	S	5531	0
cn101_cn105.cs.uwaterloo.ca_29584 2	0	0.077000	S	5532	0
cn101_cn105.cs.uwaterloo.ca_29585 2	0	0.077000	S	5533	0
cn101_cn105.cs.uwaterloo.ca_29586 2	0	0.077000	S	5534	0
cn101_cn105.cs.uwaterloo.ca_29587 2	0	0.077000	S	5535	0
cn101_cn105.cs.uwaterloo.ca_29588 2	0	0.077000	S	5536	0
cn101_cn105.cs.uwaterloo.ca_29589 2	0	0.077000	S	5537	0
cn101_cn105.cs.uwaterloo.ca_29590 2	0	0.077000	S	5539	0
cn101_cn105.cs.uwaterloo.ca_29591 2	0	0.077000	S	5540	0
cn101_cn105.cs.uwaterloo.ca_29592 2	0	0.077000	S	5541	0
cn101_cn105.cs.uwaterloo.ca_29593 2	0	0.077000	S	5542	0
cn101_cn105.cs.uwaterloo.ca_29594 2	0	0.077000	S	5544	0
cn101_cn105.cs.uwaterloo.ca_29601 2	0	0.077000	S	5545	0
cn101_cn105.cs.uwaterloo.ca_29603 2	0	0.077000	S	5546	0
cn101_cn105.cs.uwaterloo.ca_29605 2	0	0.077000	S	5548	0
cn101_cn105.cs.uwaterloo.ca_29606 2	0	0.077000	S	5549	0
cn101_cn105.cs.uwaterloo.ca_29616 2	0	0.077000	S	5554	0
cn101_cn105.cs.uwaterloo.ca_29617 2	0	0.077000	S	5555	0
cn101_cn105.cs.uwaterloo.ca_29618 2	0	0.077000	S	5559	0
cn101_cn105.cs.uwaterloo.ca_29619 2	0	0.077000	S	5561	0
cn101_cn105.cs.uwaterloo.ca_29612 2	0	0.077000	S	5550	0
cn101_cn105.cs.uwaterloo.ca_29613 2	0	0.077000	S	5551	0
cn101_cn105.cs.uwaterloo.ca_29614 2	0	0.077000	S	5552	0
cn101_cn105.cs.uwaterloo.ca_29615 2	0	0.077000	S	5553	0
cn101_cn105.cs.uwaterloo.ca_29622 2	0	0.077000	S	5563	0
cn101_cn105.cs.uwaterloo.ca_29623 2	0	0.077000	S	5564	0
cn101_cn105.cs.uwaterloo.ca_29624 2	0	0.077000	S	5565	0
cn101_cn105.cs.uwaterloo.ca_29629 2	0	0.077000	S	5566	0
cn101_cn105.cs.uwaterloo.ca_29630 2	0	0.077000	S	5567	0
cn101_cn105.cs.uwaterloo.ca_29631 2	0	0.077000	S	5569	0
cn101_cn105.cs.uwaterloo.ca_29633 2	0	0.077000	S	5572	0
cn101_cn105.cs.uwaterloo.ca_29642 2	0	0.077000	S	5573	0
cn101_cn105.cs.uwaterloo.ca_29643 2	0	0.077000	S	5574	0
cn101_cn105.cs.uwaterloo.ca_29644 2	0	0.077000	S	5579	0
cn101_cn105.cs.uwaterloo.ca_29650 2	0	0.077000	S	5582	0
cn101_cn105.cs.uwaterloo.ca_29652 2	0	0.077000	S	5583	0
cn101_cn105.cs.uwaterloo.ca_29654 2	0	0.077000	S	5584	0
cn101_cn105.cs.uwaterloo.ca_29655 2	0	0.077000	S	5586	0
cn101_cn105.cs.uwaterloo.ca_29656 2	0	0.077000	S	5587	0
cn101_cn105.cs.uwaterloo.ca_29663 2	0	0.077000	S	5596	0
cn101_cn105.cs.uwaterloo.ca_29657 2	0	0.077000	S	5588	0
cn101_cn105.cs.uwaterloo.ca_29658 2	0	0.077000	S	5589	0
cn101_cn105.cs.uwaterloo.ca_29659 2	0	0.077000	S	5590	0
cn101_cn105.cs.uwaterloo.ca_29660 2	0	0.077000	S	5591	0
cn101_cn105.cs.uwaterloo.ca_29661 2	0	0.077000	S	5593	0
cn101_cn105.cs.uwaterloo.ca_29662 2	0	0.077000	S	5595	0
cn101_cn105.cs.uwaterloo.ca_29664 2	0	0.077000	S	5597	0
cn101_cn105.cs.uwaterloo.ca_29668 2	0	0.077000	S	5598	0
cn101_cn105.cs.uwaterloo.ca_29670 2	0	0.077000	S	5599	0
cn101_cn105.cs.uwaterloo.ca_29671 2	0	0.077000	S	5601	0
cn101_cn105.cs.uwaterloo.ca_29672 2	0	0.077000	S	5602	0
cn101_cn105.cs.uwaterloo.ca_29680 2	0	0.077000	S	5610	0
cn101_cn105.cs.uwaterloo.ca_29681 2	0	0.077000	S	5609	0
cn101_cn105.cs.uwaterloo.ca_29683 2	0	0.077000	S	5612	0
cn101_cn105.cs.uwaterloo.ca_29684 2	0	0.077000	S	5613	0
cn101_cn105.cs.uwaterloo.ca_29685 2	0	0.077000	S	5616	0
cn101_cn105.cs.uwaterloo.ca_29686 2	0	0.077000	S	5617	0
cn101_cn105.cs.uwaterloo.ca_29687 2	0	0.077000	S	5618	0
cn101_cn105.cs.uwaterloo.ca_29688 2	0	0.077000	S	5619	0
cn101_cn105.cs.uwaterloo.ca_29691 2	0	0.077000	S	5622	0
cn101_cn105.cs.uwaterloo.ca_29692 2	0	0.077000	S	5625	0
cn101_cn105.cs.uwaterloo.ca_29694 2	0	0.077000	S	5620	0
cn101_cn105.cs.uwaterloo.ca_29697 2	0	0.077000	S	5365	0
cn101_cn105.cs.uwaterloo.ca_29698 2	0	0.077000	S	5355	0
cn101_cn105.cs.uwaterloo.ca_30057 2	0	0.077000	S	5370	0
cn101_cn105.cs.uwaterloo.ca_30056 2	0	0.077000	S	5374	0
cn101_cn105.cs.uwaterloo.ca_30060 2	0	0.077000	S	5375	0
cn101_cn105.cs.uwaterloo.ca_30058 2	0	0.077000	S	5373	0
cn101_cn105.cs.uwaterloo.ca_30059 2	0	0.077000	S	5368	0
cn102_cn105.cs.uwaterloo.ca_9211 1	0	0.054500	S	5639	512
cn101_cn105.cs.uwaterloo.ca_30063 2	0	0.077000	S	5369	0
cn101_cn105.cs.uwaterloo.ca_30064 2	0	0.077000	S	5371	0
cn102_cn105.cs.uwaterloo.ca_9218 1	0	0.054500	S	5650	512
cn101_cn105.cs.uwaterloo.ca_30067 2	0	0.077000	S	5629	0
cn102_cn105.cs.uwaterloo.ca_9241 1	0	0.054500	S	5675	512
cn102_cn105.cs.uwaterloo.ca_9232 1	0	0.054500	S	5664	512
cn102_cn105.cs.uwaterloo.ca_9253 1	0	0.054500	S	5696	512
cn102_cn105.cs.uwaterloo.ca_9250 1	0	0.054500	S	5693	512
cn101_cn105.cs.uwaterloo.ca_30080 2	0	0.077000	S	5624	0
cn102_cn105.cs.uwaterloo.ca_9274 1	0	0.054500	S	5721	512
cn101_cn105.cs.uwaterloo.ca_30089 2	0	0.077000	S	5628	0
cn102_cn105.cs.uwaterloo.ca_9279 1	0	0.054500	S	5726	512
cn101_cn105.cs.uwaterloo.ca_30090 2	0	0.077000	S	5626	0
cn102_cn105.cs.uwaterloo.ca_9285 1	0	0.054500	S	5729	512
cn102_cn105.cs.uwaterloo.ca_9287 1	0	0.054500	S	5730	512
cn101_cn105.cs.uwaterloo.ca_30091 2	0	0.077000	S	5631	0
cn101_cn105.cs.uwaterloo.ca_30092 2	0	0.077000	S	5633	0
cn101_cn105.cs.uwaterloo.ca_30093 2	0	0.077000	S	5637	0
cn102_cn105.cs.uwaterloo.ca_9283 1	0	0.054500	S	5728	512
cn101_cn105.cs.uwaterloo.ca_30094 2	0	0.077000	S	5632	0
cn102_cn105.cs.uwaterloo.ca_9289 1	0	0.054500	S	5732	512
cn102_cn105.cs.uwaterloo.ca_9297 1	0	0.054500	S	5744	512
cn101_cn105.cs.uwaterloo.ca_30095 2	0	0.077000	S	5638	0
cn101_cn105.cs.uwaterloo.ca_30096 2	0	0.077000	S	5640	0
cn101_cn105.cs.uwaterloo.ca_30100 2	0	0.077000	S	5641	0
cn101_cn105.cs.uwaterloo.ca_30097 2	0	0.077000	S	5645	0
cn101_cn105.cs.uwaterloo.ca_30098 2	0	0.077000	S	5643	0
cn101_cn105.cs.uwaterloo.ca_30101 2	0	0.077000	S	5642	0
cn102_cn105.cs.uwaterloo.ca_9293 1	0	0.054500	S	5736	512
cn102_cn105.cs.uwaterloo.ca_9310 1	0	0.054500	S	5761	512
cn101_cn105.cs.uwaterloo.ca_30102 2	0	0.077000	S	5636	0
cn101_cn105.cs.uwaterloo.ca_30103 2	0	0.077000	S	5651	0
cn101_cn105.cs.uwaterloo.ca_30105 2	0	0.077000	S	5652	0
cn101_cn105.cs.uwaterloo.ca_30099 2	0	0.077000	S	5646	0
cn101_cn105.cs.uwaterloo.ca_30104 2	0	0.077000	S	5647	0
cn101_cn105.cs.uwaterloo.ca_30107 2	0	0.077000	S	5655	0
cn101_cn105.cs.uwaterloo.ca_30106 2	0	0.077000	S	5653	0
cn101_cn105.cs.uwaterloo.ca_30111 2	0	0.077000	S	5648	0
cn101_cn105.cs.uwaterloo.ca_30112 2	0	0.077000	S	5656	0
cn101_cn105.cs.uwaterloo.ca_30110 2	0	0.077000	S	5654	0
cn102_cn105.cs.uwaterloo.ca_9327 1	0	0.054500	S	5784	512
cn101_cn105.cs.uwaterloo.ca_30116 2	0	0.077000	S	5657	0
cn101_cn105.cs.uwaterloo.ca_30115 2	0	0.077000	S	5659	0
cn101_cn105.cs.uwaterloo.ca_30118 2	0	0.077000	S	5663	0
cn101_cn105.cs.uwaterloo.ca_30122 2	0	0.077000	S	5666	0
cn102_cn105.cs.uwaterloo.ca_9344 1	0	0.054500	S	5806	512
cn101_cn105.cs.uwaterloo.ca_30123 2	0	0.077000	S	5662	0
cn102_cn105.cs.uwaterloo.ca_9349 1	0	0.054500	S	5811	512
cn102_cn105.cs.uwaterloo.ca_9351 1	0	0.054500	S	5812	512
cn101_cn105.cs.uwaterloo.ca_30125 2	0	0.077000	S	5660	0
cn101_cn105.cs.uwaterloo.ca_30127 2	0	0.077000	S	5672	0
cn101_cn105.cs.uwaterloo.ca_30129 2	0	0.077000	S	5673	0
cn101_cn105.cs.uwaterloo.ca_30131 2	0	0.077000	S	5676	0
cn101_cn105.cs.uwaterloo.ca_30132 2	0	0.077000	S	5677	0
cn101_cn105.cs.uwaterloo.ca_30134 2	0	0.077000	S	5670	0
cn102_cn105.cs.uwaterloo.ca_9371 1	0	0.054500	S	5830	512
cn101_cn105.cs.uwaterloo.ca_30137 2	0	0.077000	S	5661	0
cn101_cn105.cs.uwaterloo.ca_30139 2	0	0.077000	S	5678	0
cn101_cn105.cs.uwaterloo.ca_30140 2	0	0.077000	S	5668	0
cn101_cn105.cs.uwaterloo.ca_30143 2	0	0.077000	S	5671	0
cn101_cn105.cs.uwaterloo.ca_30144 2	0	0.077000	S	5684	0
cn101_cn105.cs.uwaterloo.ca_30146 2	0	0.077000	S	5687	0
cn101_cn105.cs.uwaterloo.ca_30148 2	0	0.077000	S	5686	0
cn102_cn105.cs.uwaterloo.ca_9393 1	0	0.054500	S	5856	512
cn101_cn105.cs.uwaterloo.ca_30150 2	0	0.077000	S	5667	0
cn102_cn105.cs.uwaterloo.ca_9396 1	0	0.054500	S	5869	512
cn101_cn105.cs.uwaterloo.ca_30152 2	0	0.077000	S	5695	0
cn102_cn105.cs.uwaterloo.ca_9422 1	0	0.054500	S	5899	512
cn101_cn105.cs.uwaterloo.ca_30154 2	0	0.077000	S	5697	0
cn101_cn105.cs.uwaterloo.ca_30160 2	0	0.077000	S	5699	0
cn101_cn105.cs.uwaterloo.ca_30158 2	0	0.077000	S	5692	0
cn101_cn105.cs.uwaterloo.ca_30156 2	0	0.077000	S	5698	0
cn101_cn105.cs.uwaterloo.ca_30162 2	0	0.077000	S	5701	0
cn102_cn105.cs.uwaterloo.ca_9433 1	0	0.054500	S	5918	512
cn102_cn105.cs.uwaterloo.ca_9437 1	0	0.054500	S	5923	512
cn101_cn105.cs.uwaterloo.ca_30164 2	0	0.077000	S	5704	0
cn101_cn105.cs.uwaterloo.ca_30166 2	0	0.077000	S	5706	0
cn101_cn105.cs.uwaterloo.ca_30168 2	0	0.077000	S	5705	0
cn101_cn105.cs.uwaterloo.ca_30170 2	0	0.077000	S	5700	0
cn101_cn105.cs.uwaterloo.ca_30172 2	0	0.077000	S	5703	0
cn101_cn105.cs.uwaterloo.ca_30174 2	0	0.077000	S	5708	0
cn101_cn105.cs.uwaterloo.ca_30176 2	0	0.077000	S	5707	0
cn101_cn105.cs.uwaterloo.ca_30178 2	0	0.077000	S	5709	0
cn101_cn105.cs.uwaterloo.ca_30182 2	0	0.077000	S	5710	0
cn101_cn105.cs.uwaterloo.ca_30180 2	0	0.077000	S	5713	0
cn101_cn105.cs.uwaterloo.ca_30185 2	0	0.077000	S	5714	0
cn101_cn105.cs.uwaterloo.ca_30187 2	0	0.077000	S	5715	0
cn101_cn105.cs.uwaterloo.ca_30188 2	0	0.077000	S	5717	0
cn101_cn105.cs.uwaterloo.ca_30191 2	0	0.077000	S	5716	0
cn101_cn105.cs.uwaterloo.ca_30192 2	0	0.077000	S	5719	0
cn101_cn105.cs.uwaterloo.ca_30194 2	0	0.077000	S	5722	0
cn101_cn105.cs.uwaterloo.ca_30198 2	0	0.077000	S	5727	0
cn101_cn105.cs.uwaterloo.ca_30197 2	0	0.077000	S	5724	0
cn101_cn105.cs.uwaterloo.ca_30201 2	0	0.077000	S	5723	0
cn101_cn105.cs.uwaterloo.ca_30204 2	0	0.077000	S	5731	0
cn101_cn105.cs.uwaterloo.ca_30205 2	0	0.077000	S	5733	0
cn101_cn105.cs.uwaterloo.ca_30206 2	0	0.077000	S	5746	0
cn101_cn105.cs.uwaterloo.ca_30208 2	0	0.077000	S	5747	0
cn101_cn105.cs.uwaterloo.ca_30210 2	0	0.077000	S	5748	0
cn101_cn105.cs.uwaterloo.ca_30213 2	0	0.077000	S	5738	0
cn101_cn105.cs.uwaterloo.ca_30214 2	0	0.077000	S	5740	0
cn101_cn105.cs.uwaterloo.ca_30217 2	0	0.077000	S	5734	0
cn101_cn105.cs.uwaterloo.ca_30219 2	0	0.077000	S	5749	0
cn101_cn105.cs.uwaterloo.ca_30220 2	0	0.077000	S	5752	0
cn101_cn105.cs.uwaterloo.ca_30223 2	0	0.077000	S	5756	0
cn101_cn105.cs.uwaterloo.ca_30224 2	0	0.077000	S	5750	0
cn101_cn105.cs.uwaterloo.ca_30227 2	0	0.077000	S	5757	0
cn101_cn105.cs.uwaterloo.ca_30228 2	0	0.077000	S	5753	0
cn101_cn105.cs.uwaterloo.ca_30230 2	0	0.077000	S	5758	0
cn101_cn105.cs.uwaterloo.ca_30232 2	0	0.077000	S	5767	0
cn101_cn105.cs.uwaterloo.ca_30234 2	0	0.077000	S	5755	0
cn101_cn105.cs.uwaterloo.ca_30237 2	0	0.077000	S	5768	0
cn101_cn105.cs.uwaterloo.ca_30241 2	0	0.077000	S	5769	0
cn101_cn105.cs.uwaterloo.ca_30246 2	0	0.077000	S	5772	0
cn101_cn105.cs.uwaterloo.ca_30248 2	0	0.077000	S	5764	0
cn101_cn105.cs.uwaterloo.ca_30249 2	0	0.077000	S	5774	0
cn101_cn105.cs.uwaterloo.ca_30252 2	0	0.077000	S	5777	0
cn101_cn105.cs.uwaterloo.ca_30251 2	0	0.077000	S	5771	0
cn101_cn105.cs.uwaterloo.ca_30253 2	0	0.077000	S	5773	0
cn101_cn105.cs.uwaterloo.ca_30254 2	0	0.077000	S	5779	0
cn101_cn105.cs.uwaterloo.ca_30255 2	0	0.077000	S	5781	0
cn101_cn105.cs.uwaterloo.ca_30256 2	0	0.077000	S	5782	0
cn101_cn105.cs.uwaterloo.ca_30259 2	0	0.077000	S	5785	0
cn101_cn105.cs.uwaterloo.ca_30261 2	0	0.077000	S	5787	0
cn101_cn105.cs.uwaterloo.ca_30263 2	0	0.077000	S	5788	0
cn101_cn105.cs.uwaterloo.ca_30264 2	0	0.077000	S	5786	0
cn101_cn105.cs.uwaterloo.ca_30271 2	0	0.077000	S	5783	0
cn101_cn105.cs.uwaterloo.ca_30273 2	0	0.077000	S	5792	0
cn101_cn105.cs.uwaterloo.ca_30274 2	0	0.077000	S	5790	0
cn101_cn105.cs.uwaterloo.ca_30275 2	0	0.077000	S	5775	0
cn101_cn105.cs.uwaterloo.ca_30280 2	0	0.077000	S	5780	0
cn101_cn105.cs.uwaterloo.ca_30282 2	0	0.077000	S	5795	0
cn101_cn105.cs.uwaterloo.ca_30283 2	0	0.077000	S	5800	0
cn101_cn105.cs.uwaterloo.ca_30284 2	0	0.077000	S	5789	0
cn101_cn105.cs.uwaterloo.ca_30285 2	0	0.077000	S	5801	0
cn101_cn105.cs.uwaterloo.ca_30286 2	0	0.077000	S	5802	0
cn101_cn105.cs.uwaterloo.ca_30288 2	0	0.077000	S	5803	0
cn101_cn105.cs.uwaterloo.ca_30291 2	0	0.077000	S	5791	0
cn101_cn105.cs.uwaterloo.ca_30293 2	0	0.077000	S	5810	0
cn101_cn105.cs.uwaterloo.ca_30296 2	0	0.077000	S	5808	0
cn101_cn105.cs.uwaterloo.ca_30295 2	0	0.077000	S	5804	0
cn101_cn105.cs.uwaterloo.ca_30298 2	0	0.077000	S	5798	0
cn101_cn105.cs.uwaterloo.ca_30300 2	0	0.077000	S	5814	0
cn101_cn105.cs.uwaterloo.ca_30301 2	0	0.077000	S	5815	0
cn101_cn105.cs.uwaterloo.ca_30303 2	0	0.077000	S	5816	0
cn101_cn105.cs.uwaterloo.ca_30305 2	0	0.077000	S	5817	0
cn101_cn105.cs.uwaterloo.ca_30307 2	0	0.077000	S	5819	0
cn101_cn105.cs.uwaterloo.ca_30309 2	0	0.077000	S	5821	0
cn101_cn105.cs.uwaterloo.ca_30311 2	0	0.077000	S	5822	0
cn101_cn105.cs.uwaterloo.ca_30316 2	0	0.077000	S	5825	0
cn101_cn105.cs.uwaterloo.ca_30319 2	0	0.077000	S	5828	0
cn101_cn105.cs.uwaterloo.ca_30322 2	0	0.077000	S	5829	0
cn101_cn105.cs.uwaterloo.ca_30328 2	0	0.077000	S	5823	0
cn101_cn105.cs.uwaterloo.ca_30332 2	0	0.077000	S	5807	0
cn101_cn105.cs.uwaterloo.ca_30334 2	0	0.077000	S	5827	0
cn101_cn105.cs.uwaterloo.ca_30335 2	0	0.077000	S	5831	0
cn101_cn105.cs.uwaterloo.ca_30336 2	0	0.077000	S	5834	0
cn101_cn105.cs.uwaterloo.ca_30337 2	0	0.077000	S	5846	0
cn101_cn105.cs.uwaterloo.ca_30338 2	0	0.077000	S	5836	0
cn101_cn105.cs.uwaterloo.ca_30339 2	0	0.077000	S	5832	0
cn101_cn105.cs.uwaterloo.ca_30340 2	0	0.077000	S	5838	0
cn101_cn105.cs.uwaterloo.ca_30344 2	0	0.077000	S	5851	0
cn101_cn105.cs.uwaterloo.ca_30350 2	0	0.077000	S	5852	0
cn101_cn105.cs.uwaterloo.ca_30343 2	0	0.077000	S	5843	0
cn101_cn105.cs.uwaterloo.ca_30346 2	0	0.077000	S	5853	0
cn101_cn105.cs.uwaterloo.ca_30341 2	0	0.077000	S	5837	0
cn101_cn105.cs.uwaterloo.ca_30345 2	0	0.077000	S	5854	0
cn101_cn105.cs.uwaterloo.ca_30349 2	0	0.077000	S	5850	0
cn101_cn105.cs.uwaterloo.ca_30342 2	0	0.077000	S	5847	0
cn101_cn105.cs.uwaterloo.ca_30355 2	0	0.077000	S	5839	0
cn101_cn105.cs.uwaterloo.ca_30356 2	0	0.077000	S	5849	0
cn101_cn105.cs.uwaterloo.ca_30357 2	0	0.077000	S	5858	0
cn101_cn105.cs.uwaterloo.ca_30358 2	0	0.077000	S	5855	0
cn101_cn105.cs.uwaterloo.ca_30361 2	0	0.077000	S	5859	0
cn101_cn105.cs.uwaterloo.ca_30362 2	0	0.077000	S	5857	0
cn101_cn105.cs.uwaterloo.ca_30365 2	0	0.077000	S	5862	0
cn101_cn105.cs.uwaterloo.ca_30366 2	0	0.077000	S	5865	0
cn101_cn105.cs.uwaterloo.ca_30368 2	0	0.077000	S	5866	0
cn101_cn105.cs.uwaterloo.ca_30371 2	0	0.077000	S	5863	0
cn101_cn105.cs.uwaterloo.ca_30373 2	0	0.077000	S	5867	0
cn101_cn105.cs.uwaterloo.ca_30374 2	0	0.077000	S	5864	0
cn101_cn105.cs.uwaterloo.ca_30377 2	0	0.077000	S	5873	0
cn101_cn105.cs.uwaterloo.ca_30379 2	0	0.077000	S	5868	0
cn101_cn105.cs.uwaterloo.ca_30380 2	0	0.077000	S	5876	0
cn101_cn105.cs.uwaterloo.ca_30383 2	0	0.077000	S	5875	0
cn101_cn105.cs.uwaterloo.ca_30385 2	0	0.077000	S	5877	0
cn101_cn105.cs.uwaterloo.ca_30389 2	0	0.077000	S	5878	0
cn101_cn105.cs.uwaterloo.ca_30391 2	0	0.077000	S	5880	0
cn101_cn105.cs.uwaterloo.ca_30392 2	0	0.077000	S	5879	0
cn101_cn105.cs.uwaterloo.ca_30393 2	0	0.077000	S	5874	0
cn101_cn105.cs.uwaterloo.ca_30394 2	0	0.077000	S	5883	0
cn101_cn105.cs.uwaterloo.ca_30396 2	0	0.077000	S	5884	0
cn101_cn105.cs.uwaterloo.ca_30399 2	0	0.077000	S	5881	0
cn101_cn105.cs.uwaterloo.ca_30400 2	0	0.077000	S	5885	0
cn101_cn105.cs.uwaterloo.ca_30413 2	0	0.077000	S	5886	0
cn101_cn105.cs.uwaterloo.ca_30415 2	0	0.077000	S	5887	0
cn101_cn105.cs.uwaterloo.ca_30416 2	0	0.077000	S	5889	0
cn101_cn105.cs.uwaterloo.ca_30417 2	0	0.077000	S	5892	0
cn101_cn105.cs.uwaterloo.ca_30418 2	0	0.077000	S	5896	0
cn101_cn105.cs.uwaterloo.ca_30420 2	0	0.077000	S	5895	0
cn101_cn105.cs.uwaterloo.ca_30422 2	0	0.077000	S	5907	0
cn101_cn105.cs.uwaterloo.ca_30421 2	0	0.077000	S	5901	0
cn101_cn105.cs.uwaterloo.ca_30423 2	0	0.077000	S	5908	0
cn101_cn105.cs.uwaterloo.ca_30424 2	0	0.077000	S	5893	0
cn101_cn105.cs.uwaterloo.ca_30419 2	0	0.077000	S	5897	0
cn101_cn105.cs.uwaterloo.ca_30425 2	0	0.077000	S	5914	0
cn101_cn105.cs.uwaterloo.ca_30426 2	0	0.077000	S	5919	0
cn101_cn105.cs.uwaterloo.ca_30429 2	0	0.077000	S	5627	0
cn102_cn105.cs.uwaterloo.ca_9451 1	0	0.054500	S	5929	512
cn102_cn105.cs.uwaterloo.ca_9452 1	0	0.054500	S	5930	512
cn101_cn105.cs.uwaterloo.ca_30431 2	0	0.077000	S	5925	0
cn102_cn105.cs.uwaterloo.ca_9453 1	0	0.054500	S	5931	512
cn101_cn105.cs.uwaterloo.ca_30432 2	0	0.077000	S	5926	0
cn102_cn105.cs.uwaterloo.ca_9458 1	0	0.054500	S	5935	512
cn102_cn105.cs.uwaterloo.ca_9463 1	0	0.054500	S	5940	512
cn101_cn105.cs.uwaterloo.ca_30435 2	0	0.077000	S	5927	0
cn101_cn105.cs.uwaterloo.ca_30437 2	0	0.077000	S	5928	0
cn102_cn105.cs.uwaterloo.ca_9466 1	0	0.054500	S	5947	512
cn101_cn105.cs.uwaterloo.ca_30438 2	0	0.077000	S	5932	0
cn101_cn105.cs.uwaterloo.ca_30440 2	0	0.077000	S	5933	0
cn101_cn105.cs.uwaterloo.ca_30443 2	0	0.077000	S	5934	0
cn102_cn105.cs.uwaterloo.ca_9482 1	0	0.054500	S	5966	512
cn101_cn105.cs.uwaterloo.ca_30445 2	0	0.077000	S	5936	0
cn101_cn105.cs.uwaterloo.ca_30446 2	0	0.077000	S	5938	0
cn102_cn105.cs.uwaterloo.ca_9490 1	0	0.054500	S	5974	512
cn101_cn105.cs.uwaterloo.ca_30448 2	0	0.077000	S	5939	0
cn102_cn105.cs.uwaterloo.ca_9529 1	0	0.054500	S	5978	512
cn102_cn105.cs.uwaterloo.ca_9554 1	0	0.054500	S	5980	512
cn102_cn105.cs.uwaterloo.ca_9556 1	0	0.054500	S	5982	512
cn101_cn105.cs.uwaterloo.ca_30451 2	0	0.077000	S	5941	0
cn101_cn105.cs.uwaterloo.ca_30452 2	0	0.077000	S	5943	0
cn102_cn105.cs.uwaterloo.ca_9559 1	0	0.054500	S	5983	512
cn102_cn105.cs.uwaterloo.ca_9561 1	0	0.054500	S	5984	512
cn101_cn105.cs.uwaterloo.ca_30454 2	0	0.077000	S	5942	0
cn102_cn105.cs.uwaterloo.ca_9569 1	0	0.054500	S	5995	512
cn101_cn105.cs.uwaterloo.ca_30457 2	0	0.077000	S	5945	0
cn101_cn105.cs.uwaterloo.ca_30459 2	0	0.077000	S	5948	0
cn101_cn105.cs.uwaterloo.ca_30462 2	0	0.077000	S	5944	0
cn101_cn105.cs.uwaterloo.ca_30464 2	0	0.077000	S	5951	0
cn101_cn105.cs.uwaterloo.ca_30466 2	0	0.077000	S	5952	0
cn101_cn105.cs.uwaterloo.ca_30467 2	0	0.077000	S	5953	0
cn102_cn105.cs.uwaterloo.ca_9572 1	0	0.054500	S	6014	512
cn101_cn105.cs.uwaterloo.ca_30469 2	0	0.077000	S	5955	0
cn101_cn105.cs.uwaterloo.ca_30470 2	0	0.077000	S	5956	0
cn102_cn105.cs.uwaterloo.ca_9573 1	0	0.054500	S	6029	512
cn101_cn105.cs.uwaterloo.ca_30472 2	0	0.077000	S	5957	0
cn101_cn105.cs.uwaterloo.ca_30475 2	0	0.077000	S	5958	0
cn102_cn105.cs.uwaterloo.ca_9574 1	0	0.054500	S	6036	512
cn101_cn105.cs.uwaterloo.ca_30476 2	0	0.077000	S	5959	0
cn102_cn105.cs.uwaterloo.ca_9575 1	0	0.054500	S	6052	512
cn101_cn105.cs.uwaterloo.ca_30481 2	0	0.077000	S	5962	0
cn101_cn105.cs.uwaterloo.ca_30479 2	0	0.077000	S	5961	0
cn101_cn105.cs.uwaterloo.ca_30482 2	0	0.077000	S	5963	0
cn102_cn105.cs.uwaterloo.ca_9576 1	0	0.054500	S	6059	512
cn101_cn105.cs.uwaterloo.ca_30484 2	0	0.077000	S	5964	0
cn102_cn105.cs.uwaterloo.ca_9577 1	0	0.054500	S	6064	512
cn102_cn105.cs.uwaterloo.ca_9578 1	0	0.054500	S	6068	512
cn102_cn105.cs.uwaterloo.ca_9579 1	0	0.054500	S	6069	512
cn102_cn105.cs.uwaterloo.ca_9580 1	0	0.054500	S	6070	512
cn101_cn105.cs.uwaterloo.ca_30488 2	0	0.077000	S	5965	0
cn101_cn105.cs.uwaterloo.ca_30489 2	0	0.077000	S	5967	0
cn101_cn105.cs.uwaterloo.ca_30491 2	0	0.077000	S	5968	0
cn102_cn105.cs.uwaterloo.ca_9581 1	0	0.054500	S	6076	512
cn101_cn105.cs.uwaterloo.ca_30493 2	0	0.077000	S	5969	0
cn101_cn105.cs.uwaterloo.ca_30494 2	0	0.077000	S	5970	0
cn102_cn105.cs.uwaterloo.ca_9583 1	0	0.054500	S	6088	512
cn101_cn105.cs.uwaterloo.ca_30499 2	0	0.077000	S	5971	0
cn101_cn105.cs.uwaterloo.ca_30501 2	0	0.077000	S	5972	0
cn101_cn105.cs.uwaterloo.ca_30502 2	0	0.077000	S	5973	0
cn101_cn105.cs.uwaterloo.ca_30504 2	0	0.077000	S	5976	0
cn102_cn105.cs.uwaterloo.ca_9591 1	0	0.054500	S	6099	512
cn101_cn105.cs.uwaterloo.ca_30505 2	0	0.077000	S	5975	0
cn101_cn105.cs.uwaterloo.ca_30506 2	0	0.077000	S	5977	0
cn101_cn105.cs.uwaterloo.ca_30510 2	0	0.077000	S	5981	0
cn101_cn105.cs.uwaterloo.ca_30511 2	0	0.077000	S	5985	0
cn101_cn105.cs.uwaterloo.ca_30513 2	0	0.077000	S	5986	0
cn102_cn105.cs.uwaterloo.ca_9601 1	0	0.054500	S	6110	512
cn101_cn105.cs.uwaterloo.ca_30515 2	0	0.077000	S	5988	0
cn101_cn105.cs.uwaterloo.ca_30517 2	0	0.077000	S	5990	0
cn101_cn105.cs.uwaterloo.ca_30518 2	0	0.077000	S	5989	0
cn102_cn105.cs.uwaterloo.ca_9610 1	0	0.054500	S	6119	512
cn101_cn105.cs.uwaterloo.ca_30522 2	0	0.077000	S	5991	0
cn101_cn105.cs.uwaterloo.ca_30525 2	0	0.077000	S	5993	0
cn101_cn105.cs.uwaterloo.ca_30527 2	0	0.077000	S	5994	0
cn102_cn105.cs.uwaterloo.ca_9620 1	0	0.054500	S	6132	512
cn101_cn105.cs.uwaterloo.ca_30529 2	0	0.077000	S	5996	0
cn101_cn105.cs.uwaterloo.ca_30532 2	0	0.077000	S	5997	0
cn101_cn105.cs.uwaterloo.ca_30534 2	0	0.077000	S	6000	0
cn101_cn105.cs.uwaterloo.ca_30535 2	0	0.077000	S	6001	0
cn101_cn105.cs.uwaterloo.ca_30537 2	0	0.077000	S	6002	0
cn101_cn105.cs.uwaterloo.ca_30538 2	0	0.077000	S	6003	0
cn101_cn105.cs.uwaterloo.ca_30539 2	0	0.077000	S	6005	0
cn101_cn105.cs.uwaterloo.ca_30541 2	0	0.077000	S	6006	0
cn101_cn105.cs.uwaterloo.ca_30542 2	0	0.077000	S	6007	0
cn102_cn105.cs.uwaterloo.ca_9645 1	0	0.054500	S	6158	512
cn101_cn105.cs.uwaterloo.ca_30545 2	0	0.077000	S	6008	0
cn101_cn105.cs.uwaterloo.ca_30546 2	0	0.077000	S	6009	0
cn101_cn105.cs.uwaterloo.ca_30548 2	0	0.077000	S	6010	0
cn102_cn105.cs.uwaterloo.ca_9647 1	0	0.054500	S	6165	512
cn101_cn105.cs.uwaterloo.ca_30551 2	0	0.077000	S	6011	0
cn101_cn105.cs.uwaterloo.ca_30552 2	0	0.077000	S	6012	0
cn102_cn105.cs.uwaterloo.ca_9678 1	0	0.054500	S	6171	512
cn102_cn105.cs.uwaterloo.ca_9681 1	0	0.054500	S	6177	512
cn101_cn105.cs.uwaterloo.ca_30555 2	0	0.077000	S	6013	0
cn101_cn105.cs.uwaterloo.ca_30556 2	0	0.077000	S	6015	0
cn101_cn105.cs.uwaterloo.ca_30559 2	0	0.077000	S	6021	0
cn101_cn105.cs.uwaterloo.ca_30576 2	0	0.077000	S	6028	0
cn101_cn105.cs.uwaterloo.ca_30579 2	0	0.077000	S	6031	0
cn101_cn105.cs.uwaterloo.ca_30580 2	0	0.077000	S	6033	0
cn101_cn105.cs.uwaterloo.ca_30581 2	0	0.077000	S	6037	0
cn101_cn105.cs.uwaterloo.ca_30583 2	0	0.077000	S	6040	0
cn101_cn105.cs.uwaterloo.ca_30582 2	0	0.077000	S	6039	0
cn101_cn105.cs.uwaterloo.ca_30584 2	0	0.077000	S	6041	0
cn101_cn105.cs.uwaterloo.ca_30585 2	0	0.077000	S	6043	0
cn101_cn105.cs.uwaterloo.ca_30587 2	0	0.077000	S	6045	0
cn101_cn105.cs.uwaterloo.ca_30588 2	0	0.077000	S	6046	0
cn101_cn105.cs.uwaterloo.ca_30590 2	0	0.077000	S	6047	0
cn101_cn105.cs.uwaterloo.ca_30591 2	0	0.077000	S	6049	0
cn101_cn105.cs.uwaterloo.ca_30593 2	0	0.077000	S	6055	0
cn101_cn105.cs.uwaterloo.ca_30594 2	0	0.077000	S	6056	0
cn102_cn105.cs.uwaterloo.ca_9705 1	0	0.054500	S	6221	512
cn102_cn105.cs.uwaterloo.ca_9709 1	0	0.054500	S	6200	512
cn102_cn105.cs.uwaterloo.ca_9710 1	0	0.054500	S	6224	512
cn101_cn105.cs.uwaterloo.ca_30597 2	0	0.077000	S	6060	0
cn101_cn105.cs.uwaterloo.ca_30595 2	0	0.077000	S	6057	0
cn101_cn105.cs.uwaterloo.ca_30599 2	0	0.077000	S	6063	0
cn101_cn105.cs.uwaterloo.ca_30600 2	0	0.077000	S	6065	0
cn101_cn105.cs.uwaterloo.ca_30602 2	0	0.077000	S	6071	0
cn101_cn105.cs.uwaterloo.ca_30604 2	0	0.077000	S	6072	0
cn101_cn105.cs.uwaterloo.ca_30605 2	0	0.077000	S	6073	0
cn101_cn105.cs.uwaterloo.ca_30606 2	0	0.077000	S	6074	0
cn101_cn105.cs.uwaterloo.ca_30607 2	0	0.077000	S	6075	0
cn101_cn105.cs.uwaterloo.ca_30610 2	0	0.077000	S	6077	0
cn101_cn105.cs.uwaterloo.ca_30611 2	0	0.077000	S	6078	0
cn101_cn105.cs.uwaterloo.ca_30629 2	0	0.077000	S	6079	0
cn101_cn105.cs.uwaterloo.ca_30630 2	0	0.077000	S	6081	0
cn101_cn105.cs.uwaterloo.ca_30631 2	0	0.077000	S	6084	0
cn101_cn105.cs.uwaterloo.ca_30632 2	0	0.077000	S	6085	0
cn101_cn105.cs.uwaterloo.ca_30635 2	0	0.077000	S	6087	0
cn101_cn105.cs.uwaterloo.ca_30637 2	0	0.077000	S	6089	0
cn101_cn105.cs.uwaterloo.ca_30639 2	0	0.077000	S	6091	0
cn101_cn105.cs.uwaterloo.ca_30643 2	0	0.077000	S	6092	0
cn101_cn105.cs.uwaterloo.ca_30645 2	0	0.077000	S	6095	0
cn101_cn105.cs.uwaterloo.ca_30644 2	0	0.077000	S	6093	0
cn101_cn105.cs.uwaterloo.ca_30646 2	0	0.077000	S	6097	0
cn101_cn105.cs.uwaterloo.ca_30647 2	0	0.077000	S	6100	0
cn101_cn105.cs.uwaterloo.ca_30648 2	0	0.077000	S	6101	0
cn101_cn105.cs.uwaterloo.ca_30649 2	0	0.077000	S	6102	0
cn101_cn105.cs.uwaterloo.ca_30651 2	0	0.077000	S	6104	0
cn101_cn105.cs.uwaterloo.ca_30652 2	0	0.077000	S	6106	0
cn101_cn105.cs.uwaterloo.ca_30653 2	0	0.077000	S	6105	0
cn101_cn105.cs.uwaterloo.ca_30655 2	0	0.077000	S	6109	0
cn101_cn105.cs.uwaterloo.ca_30654 2	0	0.077000	S	6107	0
cn101_cn105.cs.uwaterloo.ca_30656 2	0	0.077000	S	6111	0
cn101_cn105.cs.uwaterloo.ca_30660 2	0	0.077000	S	6112	0
cn101_cn105.cs.uwaterloo.ca_30661 2	0	0.077000	S	6113	0
cn101_cn105.cs.uwaterloo.ca_30664 2	0	0.077000	S	6115	0
cn101_cn105.cs.uwaterloo.ca_30666 2	0	0.077000	S	6116	0
cn102_cn105.cs.uwaterloo.ca_9765 1	0	0.054500	S	6271	512
cn101_cn105.cs.uwaterloo.ca_30669 2	0	0.077000	S	6120	0
cn101_cn105.cs.uwaterloo.ca_30667 2	0	0.077000	S	6117	0
cn102_cn105.cs.uwaterloo.ca_9769 1	0	0.054500	S	6290	512
cn101_cn105.cs.uwaterloo.ca_30671 2	0	0.077000	S	6121	0
cn102_cn105.cs.uwaterloo.ca_9774 1	0	0.054500	S	6276	512
cn101_cn105.cs.uwaterloo.ca_30673 2	0	0.077000	S	6123	0
cn101_cn105.cs.uwaterloo.ca_30675 2	0	0.077000	S	6125	0
cn101_cn105.cs.uwaterloo.ca_30677 2	0	0.077000	S	6128	0
cn101_cn105.cs.uwaterloo.ca_30680 2	0	0.077000	S	6130	0
cn101_cn105.cs.uwaterloo.ca_30679 2	0	0.077000	S	6129	0
cn101_cn105.cs.uwaterloo.ca_30681 2	0	0.077000	S	6131	0
cn101_cn105.cs.uwaterloo.ca_30683 2	0	0.077000	S	6133	0
cn101_cn105.cs.uwaterloo.ca_30685 2	0	0.077000	S	6134	0
cn101_cn105.cs.uwaterloo.ca_30688 2	0	0.077000	S	6136	0
cn102_cn105.cs.uwaterloo.ca_9792 1	0	0.054500	S	6311	512
cn101_cn105.cs.uwaterloo.ca_30693 2	0	0.077000	S	6137	0
cn101_cn105.cs.uwaterloo.ca_30694 2	0	0.077000	S	6138	0
cn101_cn105.cs.uwaterloo.ca_30696 2	0	0.077000	S	6139	0
cn101_cn105.cs.uwaterloo.ca_30698 2	0	0.077000	S	6141	0
cn102_cn105.cs.uwaterloo.ca_9807 1	0	0.054500	S	6333	512
cn101_cn105.cs.uwaterloo.ca_30704 2	0	0.077000	S	6140	0
cn101_cn105.cs.uwaterloo.ca_30707 2	0	0.077000	S	6143	0
cn101_cn105.cs.uwaterloo.ca_30713 2	0	0.077000	S	6144	0
cn101_cn105.cs.uwaterloo.ca_30716 2	0	0.077000	S	6145	0
cn101_cn105.cs.uwaterloo.ca_30717 2	0	0.077000	S	6146	0
cn101_cn105.cs.uwaterloo.ca_30718 2	0	0.077000	S	6147	0
cn101_cn105.cs.uwaterloo.ca_30719 2	0	0.077000	S	6148	0
cn101_cn105.cs.uwaterloo.ca_30720 2	0	0.077000	S	6149	0
cn101_cn105.cs.uwaterloo.ca_30721 2	0	0.077000	S	6150	0
cn101_cn105.cs.uwaterloo.ca_30726 2	0	0.077000	S	6155	0
cn101_cn105.cs.uwaterloo.ca_30727 2	0	0.077000	S	6159	0
cn101_cn105.cs.uwaterloo.ca_30723 2	0	0.077000	S	6152	0
cn101_cn105.cs.uwaterloo.ca_30724 2	0	0.077000	S	6153	0
cn101_cn105.cs.uwaterloo.ca_30725 2	0	0.077000	S	6154	0
cn101_cn105.cs.uwaterloo.ca_30728 2	0	0.077000	S	6160	0
cn101_cn105.cs.uwaterloo.ca_30729 2	0	0.077000	S	6162	0
cn101_cn105.cs.uwaterloo.ca_30722 2	0	0.077000	S	6151	0
cn101_cn105.cs.uwaterloo.ca_30730 2	0	0.077000	S	6166	0
cn101_cn105.cs.uwaterloo.ca_30740 2	0	0.077000	S	6169	0
cn101_cn105.cs.uwaterloo.ca_30742 2	0	0.077000	S	6180	0
cn101_cn105.cs.uwaterloo.ca_30741 2	0	0.077000	S	6167	0
cn101_cn105.cs.uwaterloo.ca_30744 2	0	0.077000	S	6175	0
cn101_cn105.cs.uwaterloo.ca_30743 2	0	0.077000	S	6176	0
cn101_cn105.cs.uwaterloo.ca_30745 2	0	0.077000	S	6178	0
cn101_cn105.cs.uwaterloo.ca_30746 2	0	0.077000	S	6182	0
cn101_cn105.cs.uwaterloo.ca_30747 2	0	0.077000	S	6184	0
cn101_cn105.cs.uwaterloo.ca_30748 2	0	0.077000	S	6186	0
cn101_cn105.cs.uwaterloo.ca_30749 2	0	0.077000	S	6187	0
cn101_cn105.cs.uwaterloo.ca_30751 2	0	0.077000	S	6197	0
cn101_cn105.cs.uwaterloo.ca_30752 2	0	0.077000	S	6190	0
cn101_cn105.cs.uwaterloo.ca_30750 2	0	0.077000	S	6183	0
cn101_cn105.cs.uwaterloo.ca_30754 2	0	0.077000	S	6202	0
cn101_cn105.cs.uwaterloo.ca_30756 2	0	0.077000	S	6201	0
cn101_cn105.cs.uwaterloo.ca_30759 2	0	0.077000	S	6192	0
cn101_cn105.cs.uwaterloo.ca_30761 2	0	0.077000	S	6208	0
cn101_cn105.cs.uwaterloo.ca_30764 2	0	0.077000	S	6196	0
cn101_cn105.cs.uwaterloo.ca_30766 2	0	0.077000	S	6213	0
cn101_cn105.cs.uwaterloo.ca_30768 2	0	0.077000	S	6207	0
cn101_cn105.cs.uwaterloo.ca_30770 2	0	0.077000	S	6217	0
cn101_cn105.cs.uwaterloo.ca_30774 2	0	0.077000	S	6210	0
cn101_cn105.cs.uwaterloo.ca_30776 2	0	0.077000	S	6218	0
cn101_cn105.cs.uwaterloo.ca_30777 2	0	0.077000	S	6216	0
cn101_cn105.cs.uwaterloo.ca_30779 2	0	0.077000	S	6220	0
cn101_cn105.cs.uwaterloo.ca_30781 2	0	0.077000	S	6222	0
cn101_cn105.cs.uwaterloo.ca_30783 2	0	0.077000	S	6214	0
cn101_cn105.cs.uwaterloo.ca_30784 2	0	0.077000	S	6215	0
cn101_cn105.cs.uwaterloo.ca_30787 2	0	0.077000	S	6228	0
cn101_cn105.cs.uwaterloo.ca_30789 2	0	0.077000	S	6229	0
cn101_cn105.cs.uwaterloo.ca_30790 2	0	0.077000	S	6231	0
cn101_cn105.cs.uwaterloo.ca_30792 2	0	0.077000	S	6226	0
cn101_cn105.cs.uwaterloo.ca_30794 2	0	0.077000	S	6230	0
cn101_cn105.cs.uwaterloo.ca_30795 2	0	0.077000	S	6232	0
cn101_cn105.cs.uwaterloo.ca_30798 2	0	0.077000	S	6219	0
cn101_cn105.cs.uwaterloo.ca_30800 2	0	0.077000	S	6227	0
cn101_cn105.cs.uwaterloo.ca_30802 2	0	0.077000	S	6206	0
cn101_cn105.cs.uwaterloo.ca_30803 2	0	0.077000	S	6225	0
cn101_cn105.cs.uwaterloo.ca_30805 2	0	0.077000	S	6235	0
cn101_cn105.cs.uwaterloo.ca_30806 2	0	0.077000	S	6238	0
cn101_cn105.cs.uwaterloo.ca_30808 2	0	0.077000	S	6237	0
cn101_cn105.cs.uwaterloo.ca_30810 2	0	0.077000	S	6242	0
cn101_cn105.cs.uwaterloo.ca_30814 2	0	0.077000	S	6241	0
cn101_cn105.cs.uwaterloo.ca_30817 2	0	0.077000	S	6248	0
cn101_cn105.cs.uwaterloo.ca_30819 2	0	0.077000	S	6246	0
cn101_cn105.cs.uwaterloo.ca_30822 2	0	0.077000	S	6234	0
cn101_cn105.cs.uwaterloo.ca_30824 2	0	0.077000	S	6247	0
cn101_cn105.cs.uwaterloo.ca_30825 2	0	0.077000	S	6243	0
cn101_cn105.cs.uwaterloo.ca_30826 2	0	0.077000	S	6233	0
cn101_cn105.cs.uwaterloo.ca_30827 2	0	0.077000	S	6254	0
cn101_cn105.cs.uwaterloo.ca_30828 2	0	0.077000	S	6251	0
cn101_cn105.cs.uwaterloo.ca_30829 2	0	0.077000	S	6255	0
cn101_cn105.cs.uwaterloo.ca_30830 2	0	0.077000	S	6245	0
cn101_cn105.cs.uwaterloo.ca_30834 2	0	0.077000	S	6252	0
cn101_cn105.cs.uwaterloo.ca_30835 2	0	0.077000	S	6250	0
cn101_cn105.cs.uwaterloo.ca_30836 2	0	0.077000	S	6249	0
cn101_cn105.cs.uwaterloo.ca_30842 2	0	0.077000	S	6260	0
cn101_cn105.cs.uwaterloo.ca_30843 2	0	0.077000	S	6258	0
cn101_cn105.cs.uwaterloo.ca_30844 2	0	0.077000	S	6240	0
cn101_cn105.cs.uwaterloo.ca_30845 2	0	0.077000	S	6266	0
cn101_cn105.cs.uwaterloo.ca_30846 2	0	0.077000	S	6264	0
cn101_cn105.cs.uwaterloo.ca_30848 2	0	0.077000	S	6257	0
cn101_cn105.cs.uwaterloo.ca_30851 2	0	0.077000	S	6261	0
cn101_cn105.cs.uwaterloo.ca_30856 2	0	0.077000	S	6267	0
cn101_cn105.cs.uwaterloo.ca_30858 2	0	0.077000	S	6263	0
cn101_cn105.cs.uwaterloo.ca_30859 2	0	0.077000	S	6265	0
cn101_cn105.cs.uwaterloo.ca_30861 2	0	0.077000	S	6274	0
cn101_cn105.cs.uwaterloo.ca_30860 2	0	0.077000	S	6268	0
cn101_cn105.cs.uwaterloo.ca_30864 2	0	0.077000	S	6270	0
cn101_cn105.cs.uwaterloo.ca_30863 2	0	0.077000	S	6275	0
cn101_cn105.cs.uwaterloo.ca_30867 2	0	0.077000	S	6277	0
cn101_cn105.cs.uwaterloo.ca_30868 2	0	0.077000	S	6272	0
cn101_cn105.cs.uwaterloo.ca_30870 2	0	0.077000	S	6262	0
cn101_cn105.cs.uwaterloo.ca_30873 2	0	0.077000	S	6280	0
cn101_cn105.cs.uwaterloo.ca_30874 2	0	0.077000	S	6279	0
cn101_cn105.cs.uwaterloo.ca_30877 2	0	0.077000	S	6284	0
cn101_cn105.cs.uwaterloo.ca_30878 2	0	0.077000	S	6285	0
cn101_cn105.cs.uwaterloo.ca_30881 2	0	0.077000	S	6283	0
cn101_cn105.cs.uwaterloo.ca_30882 2	0	0.077000	S	6269	0
cn101_cn105.cs.uwaterloo.ca_30885 2	0	0.077000	S	6282	0
cn101_cn105.cs.uwaterloo.ca_30889 2	0	0.077000	S	6286	0
cn101_cn105.cs.uwaterloo.ca_30890 2	0	0.077000	S	6287	0
cn101_cn105.cs.uwaterloo.ca_30895 2	0	0.077000	S	6294	0
cn101_cn105.cs.uwaterloo.ca_30896 2	0	0.077000	S	6296	0
cn101_cn105.cs.uwaterloo.ca_30898 2	0	0.077000	S	6298	0
cn101_cn105.cs.uwaterloo.ca_30897 2	0	0.077000	S	6292	0
cn101_cn105.cs.uwaterloo.ca_30899 2	0	0.077000	S	6295	0
cn101_cn105.cs.uwaterloo.ca_30900 2	0	0.077000	S	6299	0
cn101_cn105.cs.uwaterloo.ca_30903 2	0	0.077000	S	6303	0
cn101_cn105.cs.uwaterloo.ca_30904 2	0	0.077000	S	6306	0
cn101_cn105.cs.uwaterloo.ca_30906 2	0	0.077000	S	6307	0
cn101_cn105.cs.uwaterloo.ca_30909 2	0	0.077000	S	6304	0
cn101_cn105.cs.uwaterloo.ca_30910 2	0	0.077000	S	6301	0
cn101_cn105.cs.uwaterloo.ca_30914 2	0	0.077000	S	6310	0
cn101_cn105.cs.uwaterloo.ca_30915 2	0	0.077000	S	6312	0
cn101_cn105.cs.uwaterloo.ca_30918 2	0	0.077000	S	6313	0
cn101_cn105.cs.uwaterloo.ca_30926 2	0	0.077000	S	6308	0
cn101_cn105.cs.uwaterloo.ca_30928 2	0	0.077000	S	6314	0
cn101_cn105.cs.uwaterloo.ca_30930 2	0	0.077000	S	6305	0
cn101_cn105.cs.uwaterloo.ca_30931 2	0	0.077000	S	6320	0
cn101_cn105.cs.uwaterloo.ca_30932 2	0	0.077000	S	6315	0
cn101_cn105.cs.uwaterloo.ca_30933 2	0	0.077000	S	6319	0
cn101_cn105.cs.uwaterloo.ca_30935 2	0	0.077000	S	6316	0
cn101_cn105.cs.uwaterloo.ca_30934 2	0	0.077000	S	6302	0
cn101_cn105.cs.uwaterloo.ca_30936 2	0	0.077000	S	6322	0
cn101_cn105.cs.uwaterloo.ca_30937 2	0	0.077000	S	6324	0
cn101_cn105.cs.uwaterloo.ca_30939 2	0	0.077000	S	6326	0
cn101_cn105.cs.uwaterloo.ca_30941 2	0	0.077000	S	6325	0
cn101_cn105.cs.uwaterloo.ca_30944 2	0	0.077000	S	6327	0
cn101_cn105.cs.uwaterloo.ca_30946 2	0	0.077000	S	6318	0
cn101_cn105.cs.uwaterloo.ca_30947 2	0	0.077000	S	6330	0
cn101_cn105.cs.uwaterloo.ca_30949 2	0	0.077000	S	6335	0
cn101_cn105.cs.uwaterloo.ca_30954 2	0	0.077000	S	6334	0
cn101_cn105.cs.uwaterloo.ca_30957 2	0	0.077000	S	6332	0
cn101_cn105.cs.uwaterloo.ca_30956 2	0	0.077000	S	6331	0
cn101_cn105.cs.uwaterloo.ca_30958 2	0	0.077000	S	6337	0
cn101_cn105.cs.uwaterloo.ca_30959 2	0	0.077000	S	6341	0
cn101_cn105.cs.uwaterloo.ca_30960 2	0	0.077000	S	6339	0
cn101_cn105.cs.uwaterloo.ca_30962 2	0	0.077000	S	6342	0
cn101_cn105.cs.uwaterloo.ca_30964 2	0	0.077000	S	6340	0
cn101_cn105.cs.uwaterloo.ca_30970 2	0	0.077000	S	6343	0
cn101_cn105.cs.uwaterloo.ca_30972 2	0	0.077000	S	6329	0
cn101_cn105.cs.uwaterloo.ca_30973 2	0	0.077000	S	6344	0
cn101_cn105.cs.uwaterloo.ca_30975 2	0	0.077000	S	6338	0
cn101_cn105.cs.uwaterloo.ca_30976 2	0	0.077000	S	6349	0
cn101_cn105.cs.uwaterloo.ca_30978 2	0	0.077000	S	6336	0
cn101_cn105.cs.uwaterloo.ca_30980 2	0	0.077000	S	6345	0
cn101_cn105.cs.uwaterloo.ca_30982 2	0	0.077000	S	6348	0
cn101_cn105.cs.uwaterloo.ca_30985 2	0	0.077000	S	6328	0
cn101_cn105.cs.uwaterloo.ca_30986 2	0	0.077000	S	6346	0
cn101_cn105.cs.uwaterloo.ca_30988 2	0	0.077000	S	6351	0
cn101_cn105.cs.uwaterloo.ca_30989 2	0	0.077000	S	6358	0
cn101_cn105.cs.uwaterloo.ca_30992 2	0	0.077000	S	6354	0
cn101_cn105.cs.uwaterloo.ca_30994 2	0	0.077000	S	6357	0
cn101_cn105.cs.uwaterloo.ca_30995 2	0	0.077000	S	6350	0
cn101_cn105.cs.uwaterloo.ca_30998 2	0	0.077000	S	6363	0
cn101_cn105.cs.uwaterloo.ca_30997 2	0	0.077000	S	6360	0
cn101_cn105.cs.uwaterloo.ca_31001 2	0	0.077000	S	5909	0
cn101_cn105.cs.uwaterloo.ca_31004 2	0	0.077000	S	5911	0
cn101_cn105.cs.uwaterloo.ca_31005 2	0	0.077000	S	5902	0
cn101_cn105.cs.uwaterloo.ca_31006 2	0	0.077000	S	5900	0
cn107_cn105.cs.uwaterloo.ca_5280 1	0	0.025000	S	6278	3072
cn107_cn105.cs.uwaterloo.ca_5288 1	0	0.025000	S	6605	3072
cn107_cn105.cs.uwaterloo.ca_5284 1	0	0.025000	S	6482	3072
cn107_cn105.cs.uwaterloo.ca_5286 1	0	0.025000	S	6584	3072
cn102_cn105.cs.uwaterloo.ca_9869 1	0	0.054500	S	6385	512
cn102_cn105.cs.uwaterloo.ca_9880 1	0	0.054500	S	6418	512
cn102_cn105.cs.uwaterloo.ca_9901 1	0	0.054500	S	6443	512
cn102_cn105.cs.uwaterloo.ca_9929 1	0	0.054500	S	6461	512
cn102_cn105.cs.uwaterloo.ca_9949 1	0	0.054500	S	6494	512
cn102_cn105.cs.uwaterloo.ca_9964 1	0	0.054500	S	6515	512
cn102_cn105.cs.uwaterloo.ca_9974 1	0	0.054500	S	6530	512
cn102_cn105.cs.uwaterloo.ca_9990 1	0	0.054500	S	6546	512
cn102_cn105.cs.uwaterloo.ca_9996 1	0	0.054500	S	6550	512
cn102_cn105.cs.uwaterloo.ca_9993 1	0	0.054500	S	6547	512
cn102_cn105.cs.uwaterloo.ca_9988 1	0	0.054500	S	6544	512
cn102_cn105.cs.uwaterloo.ca_10000 1	0	0.054500	S	6554	512
cn102_cn105.cs.uwaterloo.ca_10003 1	0	0.054500	S	6557	512
cn102_cn105.cs.uwaterloo.ca_10018 1	0	0.054500	S	6573	512
cn102_cn105.cs.uwaterloo.ca_10024 1	0	0.054500	S	6578	512
cn102_cn105.cs.uwaterloo.ca_10027 1	0	0.054500	S	6581	512
cn102_cn105.cs.uwaterloo.ca_10029 1	0	0.054500	S	6585	512
cn102_cn105.cs.uwaterloo.ca_10033 1	0	0.054500	S	6588	512
cn102_cn105.cs.uwaterloo.ca_10036 1	0	0.054500	S	6589	512
cn102_cn105.cs.uwaterloo.ca_10038 1	0	0.054500	S	6591	512
cn102_cn105.cs.uwaterloo.ca_10041 1	0	0.054500	S	6593	512
cn102_cn105.cs.uwaterloo.ca_10054 1	0	0.054500	S	6607	512
cn102_cn105.cs.uwaterloo.ca_10057 1	0	0.054500	S	6610	512
cn102_cn105.cs.uwaterloo.ca_10092 1	0	0.054500	S	6653	512
cn102_cn105.cs.uwaterloo.ca_10099 1	0	0.054500	S	6661	512
cn101_cn105.cs.uwaterloo.ca_31413 2	0	0.077000	S	5924	0
cn101_cn105.cs.uwaterloo.ca_31415 2	0	0.077000	S	5913	0
cn101_cn105.cs.uwaterloo.ca_31414 2	0	0.077000	S	5916	0
cn101_cn105.cs.uwaterloo.ca_31416 2	0	0.077000	S	5904	0
cn101_cn105.cs.uwaterloo.ca_31420 2	0	0.077000	S	6361	0
cn101_cn105.cs.uwaterloo.ca_31422 2	0	0.077000	S	6355	0
cn101_cn105.cs.uwaterloo.ca_31417 2	0	0.077000	S	5915	0
cn101_cn105.cs.uwaterloo.ca_31427 2	0	0.077000	S	6372	0
cn101_cn105.cs.uwaterloo.ca_31421 2	0	0.077000	S	6370	0
cn101_cn105.cs.uwaterloo.ca_31424 2	0	0.077000	S	6356	0
cn101_cn105.cs.uwaterloo.ca_31432 2	0	0.077000	S	6374	0
cn101_cn105.cs.uwaterloo.ca_31436 2	0	0.077000	S	6369	0
cn101_cn105.cs.uwaterloo.ca_31428 2	0	0.077000	S	6373	0
cn101_cn105.cs.uwaterloo.ca_31441 2	0	0.077000	S	6383	0
cn101_cn105.cs.uwaterloo.ca_31419 2	0	0.077000	S	5921	0
cn101_cn105.cs.uwaterloo.ca_31446 2	0	0.077000	S	6365	0
cn101_cn105.cs.uwaterloo.ca_31438 2	0	0.077000	S	6379	0
cn101_cn105.cs.uwaterloo.ca_31448 2	0	0.077000	S	6375	0
cn101_cn105.cs.uwaterloo.ca_31453 2	0	0.077000	S	6384	0
cn101_cn105.cs.uwaterloo.ca_31449 2	0	0.077000	S	6388	0
cn101_cn105.cs.uwaterloo.ca_31418 2	0	0.077000	S	5912	0
cn101_cn105.cs.uwaterloo.ca_31437 2	0	0.077000	S	6366	0
cn101_cn105.cs.uwaterloo.ca_31447 2	0	0.077000	S	6368	0
cn101_cn105.cs.uwaterloo.ca_31454 2	0	0.077000	S	6387	0
cn101_cn105.cs.uwaterloo.ca_31462 2	0	0.077000	S	6381	0
cn101_cn105.cs.uwaterloo.ca_31434 2	0	0.077000	S	6378	0
cn101_cn105.cs.uwaterloo.ca_31457 2	0	0.077000	S	6386	0
cn101_cn105.cs.uwaterloo.ca_31476 2	0	0.077000	S	6389	0
cn101_cn105.cs.uwaterloo.ca_31461 2	0	0.077000	S	6367	0
cn101_cn105.cs.uwaterloo.ca_31455 2	0	0.077000	S	6380	0
cn101_cn105.cs.uwaterloo.ca_31477 2	0	0.077000	S	6382	0
cn101_cn105.cs.uwaterloo.ca_31479 2	0	0.077000	S	6390	0
cn101_cn105.cs.uwaterloo.ca_31482 2	0	0.077000	S	6393	0
cn101_cn105.cs.uwaterloo.ca_31480 2	0	0.077000	S	6402	0
cn101_cn105.cs.uwaterloo.ca_31484 2	0	0.077000	S	6411	0
cn101_cn105.cs.uwaterloo.ca_31458 2	0	0.077000	S	6376	0
cn101_cn105.cs.uwaterloo.ca_31478 2	0	0.077000	S	6347	0
cn101_cn105.cs.uwaterloo.ca_31485 2	0	0.077000	S	6395	0
cn101_cn105.cs.uwaterloo.ca_31468 2	0	0.077000	S	6394	0
cn101_cn105.cs.uwaterloo.ca_31487 2	0	0.077000	S	6398	0
cn101_cn105.cs.uwaterloo.ca_31494 2	0	0.077000	S	6404	0
cn101_cn105.cs.uwaterloo.ca_31466 2	0	0.077000	S	6377	0
cn101_cn105.cs.uwaterloo.ca_31496 2	0	0.077000	S	6417	0
cn101_cn105.cs.uwaterloo.ca_31498 2	0	0.077000	S	6421	0
cn101_cn105.cs.uwaterloo.ca_31492 2	0	0.077000	S	6416	0
cn101_cn105.cs.uwaterloo.ca_31490 2	0	0.077000	S	6414	0
cn101_cn105.cs.uwaterloo.ca_31497 2	0	0.077000	S	6413	0
cn101_cn105.cs.uwaterloo.ca_31501 2	0	0.077000	S	6419	0
cn101_cn105.cs.uwaterloo.ca_31488 2	0	0.077000	S	6396	0
cn101_cn105.cs.uwaterloo.ca_31519 2	0	0.077000	S	6429	0
cn101_cn105.cs.uwaterloo.ca_31522 2	0	0.077000	S	6431	0
cn101_cn105.cs.uwaterloo.ca_31510 2	0	0.077000	S	6422	0
cn101_cn105.cs.uwaterloo.ca_31523 2	0	0.077000	S	6432	0
cn101_cn105.cs.uwaterloo.ca_31524 2	0	0.077000	S	6433	0
cn101_cn105.cs.uwaterloo.ca_31513 2	0	0.077000	S	6427	0
cn101_cn105.cs.uwaterloo.ca_31511 2	0	0.077000	S	6426	0
cn101_cn105.cs.uwaterloo.ca_31521 2	0	0.077000	S	6423	0
cn101_cn105.cs.uwaterloo.ca_31508 2	0	0.077000	S	6371	0
cn101_cn105.cs.uwaterloo.ca_31526 2	0	0.077000	S	6424	0
cn101_cn105.cs.uwaterloo.ca_31531 2	0	0.077000	S	6415	0
cn101_cn105.cs.uwaterloo.ca_31528 2	0	0.077000	S	6430	0
cn101_cn105.cs.uwaterloo.ca_31530 2	0	0.077000	S	6437	0
cn101_cn105.cs.uwaterloo.ca_31535 2	0	0.077000	S	6412	0
cn101_cn105.cs.uwaterloo.ca_31540 2	0	0.077000	S	6425	0
cn101_cn105.cs.uwaterloo.ca_31537 2	0	0.077000	S	6440	0
cn101_cn105.cs.uwaterloo.ca_31538 2	0	0.077000	S	6442	0
cn101_cn105.cs.uwaterloo.ca_31533 2	0	0.077000	S	6439	0
cn101_cn105.cs.uwaterloo.ca_31547 2	0	0.077000	S	6448	0
cn101_cn105.cs.uwaterloo.ca_31544 2	0	0.077000	S	6446	0
cn101_cn105.cs.uwaterloo.ca_31546 2	0	0.077000	S	6435	0
cn101_cn105.cs.uwaterloo.ca_31542 2	0	0.077000	S	6444	0
cn101_cn105.cs.uwaterloo.ca_31569 2	0	0.077000	S	6452	0
cn101_cn105.cs.uwaterloo.ca_31570 2	0	0.077000	S	6449	0
cn101_cn105.cs.uwaterloo.ca_31576 2	0	0.077000	S	6438	0
cn101_cn105.cs.uwaterloo.ca_31572 2	0	0.077000	S	6447	0
cn101_cn105.cs.uwaterloo.ca_31579 2	0	0.077000	S	6456	0
cn101_cn105.cs.uwaterloo.ca_31574 2	0	0.077000	S	6453	0
cn101_cn105.cs.uwaterloo.ca_31575 2	0	0.077000	S	6457	0
cn101_cn105.cs.uwaterloo.ca_31580 2	0	0.077000	S	6458	0
cn101_cn105.cs.uwaterloo.ca_31577 2	0	0.077000	S	6460	0
cn101_cn105.cs.uwaterloo.ca_31582 2	0	0.077000	S	6464	0
cn101_cn105.cs.uwaterloo.ca_31583 2	0	0.077000	S	6463	0
cn101_cn105.cs.uwaterloo.ca_31571 2	0	0.077000	S	6450	0
cn101_cn105.cs.uwaterloo.ca_31584 2	0	0.077000	S	6462	0
cn101_cn105.cs.uwaterloo.ca_31573 2	0	0.077000	S	6455	0
cn101_cn105.cs.uwaterloo.ca_31581 2	0	0.077000	S	6466	0
cn101_cn105.cs.uwaterloo.ca_31588 2	0	0.077000	S	6469	0
cn101_cn105.cs.uwaterloo.ca_31586 2	0	0.077000	S	6471	0
cn101_cn105.cs.uwaterloo.ca_31591 2	0	0.077000	S	6473	0
cn101_cn105.cs.uwaterloo.ca_31587 2	0	0.077000	S	6465	0
cn101_cn105.cs.uwaterloo.ca_31589 2	0	0.077000	S	6472	0
cn101_cn105.cs.uwaterloo.ca_31585 2	0	0.077000	S	6467	0
cn101_cn105.cs.uwaterloo.ca_31590 2	0	0.077000	S	6470	0
cn101_cn105.cs.uwaterloo.ca_31593 2	0	0.077000	S	6474	0
cn101_cn105.cs.uwaterloo.ca_31599 2	0	0.077000	S	6475	0
cn101_cn105.cs.uwaterloo.ca_31596 2	0	0.077000	S	6476	0
cn101_cn105.cs.uwaterloo.ca_31598 2	0	0.077000	S	6479	0
cn101_cn105.cs.uwaterloo.ca_31600 2	0	0.077000	S	6480	0
cn101_cn105.cs.uwaterloo.ca_31578 2	0	0.077000	S	6454	0
cn101_cn105.cs.uwaterloo.ca_31602 2	0	0.077000	S	6477	0
cn101_cn105.cs.uwaterloo.ca_31605 2	0	0.077000	S	6481	0
cn101_cn105.cs.uwaterloo.ca_31607 2	0	0.077000	S	6486	0
cn101_cn105.cs.uwaterloo.ca_31617 2	0	0.077000	S	6485	0
cn101_cn105.cs.uwaterloo.ca_31618 2	0	0.077000	S	6493	0
cn101_cn105.cs.uwaterloo.ca_31612 2	0	0.077000	S	6490	0
cn101_cn105.cs.uwaterloo.ca_31608 2	0	0.077000	S	6487	0
cn101_cn105.cs.uwaterloo.ca_31614 2	0	0.077000	S	6491	0
cn101_cn105.cs.uwaterloo.ca_31626 2	0	0.077000	S	6498	0
cn101_cn105.cs.uwaterloo.ca_31630 2	0	0.077000	S	6505	0
cn101_cn105.cs.uwaterloo.ca_31622 2	0	0.077000	S	6484	0
cn101_cn105.cs.uwaterloo.ca_31625 2	0	0.077000	S	6495	0
cn101_cn105.cs.uwaterloo.ca_31610 2	0	0.077000	S	6488	0
cn101_cn105.cs.uwaterloo.ca_31639 2	0	0.077000	S	6499	0
cn101_cn105.cs.uwaterloo.ca_31628 2	0	0.077000	S	6489	0
cn101_cn105.cs.uwaterloo.ca_31620 2	0	0.077000	S	6483	0
cn101_cn105.cs.uwaterloo.ca_31645 2	0	0.077000	S	6513	0
cn101_cn105.cs.uwaterloo.ca_31646 2	0	0.077000	S	6503	0
cn101_cn105.cs.uwaterloo.ca_31634 2	0	0.077000	S	6506	0
cn101_cn105.cs.uwaterloo.ca_31636 2	0	0.077000	S	6510	0
cn101_cn105.cs.uwaterloo.ca_31642 2	0	0.077000	S	6512	0
cn101_cn105.cs.uwaterloo.ca_31640 2	0	0.077000	S	6509	0
cn101_cn105.cs.uwaterloo.ca_31654 2	0	0.077000	S	6521	0
cn101_cn105.cs.uwaterloo.ca_31648 2	0	0.077000	S	6511	0
cn101_cn105.cs.uwaterloo.ca_31667 2	0	0.077000	S	6507	0
cn101_cn105.cs.uwaterloo.ca_31650 2	0	0.077000	S	6517	0
cn101_cn105.cs.uwaterloo.ca_31652 2	0	0.077000	S	6518	0
cn101_cn105.cs.uwaterloo.ca_31661 2	0	0.077000	S	6520	0
cn101_cn105.cs.uwaterloo.ca_31671 2	0	0.077000	S	6532	0
cn101_cn105.cs.uwaterloo.ca_31670 2	0	0.077000	S	6531	0
cn101_cn105.cs.uwaterloo.ca_31666 2	0	0.077000	S	6522	0
cn101_cn105.cs.uwaterloo.ca_31632 2	0	0.077000	S	6492	0
cn101_cn105.cs.uwaterloo.ca_31668 2	0	0.077000	S	6526	0
cn101_cn105.cs.uwaterloo.ca_31673 2	0	0.077000	S	6525	0
cn101_cn105.cs.uwaterloo.ca_31669 2	0	0.077000	S	6504	0
cn101_cn105.cs.uwaterloo.ca_31672 2	0	0.077000	S	6533	0
cn101_cn105.cs.uwaterloo.ca_31681 2	0	0.077000	S	6534	0
cn101_cn105.cs.uwaterloo.ca_31684 2	0	0.077000	S	6538	0
cn101_cn105.cs.uwaterloo.ca_31693 2	0	0.077000	S	6529	0
cn101_cn105.cs.uwaterloo.ca_31688 2	0	0.077000	S	6541	0
cn101_cn105.cs.uwaterloo.ca_31694 2	0	0.077000	S	6543	0
cn101_cn105.cs.uwaterloo.ca_31691 2	0	0.077000	S	6540	0
cn101_cn105.cs.uwaterloo.ca_31696 2	0	0.077000	S	6552	0
cn101_cn105.cs.uwaterloo.ca_31697 2	0	0.077000	S	6548	0
cn101_cn105.cs.uwaterloo.ca_31698 2	0	0.077000	S	6536	0
cn101_cn105.cs.uwaterloo.ca_31695 2	0	0.077000	S	6542	0
cn101_cn105.cs.uwaterloo.ca_31674 2	0	0.077000	S	6523	0
cn101_cn105.cs.uwaterloo.ca_31676 2	0	0.077000	S	6535	0
cn101_cn105.cs.uwaterloo.ca_31707 2	0	0.077000	S	6562	0
cn101_cn105.cs.uwaterloo.ca_31704 2	0	0.077000	S	6553	0
cn101_cn105.cs.uwaterloo.ca_31703 2	0	0.077000	S	6556	0
cn101_cn105.cs.uwaterloo.ca_31706 2	0	0.077000	S	6551	0
cn101_cn105.cs.uwaterloo.ca_31710 2	0	0.077000	S	6563	0
cn101_cn105.cs.uwaterloo.ca_31709 2	0	0.077000	S	6514	0
cn101_cn105.cs.uwaterloo.ca_31718 2	0	0.077000	S	6571	0
cn101_cn105.cs.uwaterloo.ca_31724 2	0	0.077000	S	6579	0
cn101_cn105.cs.uwaterloo.ca_31714 2	0	0.077000	S	6572	0
cn101_cn105.cs.uwaterloo.ca_31719 2	0	0.077000	S	6574	0
cn101_cn105.cs.uwaterloo.ca_31726 2	0	0.077000	S	6580	0
cn101_cn105.cs.uwaterloo.ca_31720 2	0	0.077000	S	6576	0
cn101_cn105.cs.uwaterloo.ca_31686 2	0	0.077000	S	6537	0
cn101_cn105.cs.uwaterloo.ca_31713 2	0	0.077000	S	6362	0
cn101_cn105.cs.uwaterloo.ca_31722 2	0	0.077000	S	6577	0
cn101_cn105.cs.uwaterloo.ca_31729 2	0	0.077000	S	6586	0
cn101_cn105.cs.uwaterloo.ca_31734 2	0	0.077000	S	6594	0
cn101_cn105.cs.uwaterloo.ca_31737 2	0	0.077000	S	6596	0
cn101_cn105.cs.uwaterloo.ca_31738 2	0	0.077000	S	6597	0
cn101_cn105.cs.uwaterloo.ca_31732 2	0	0.077000	S	6590	0
cn101_cn105.cs.uwaterloo.ca_31730 2	0	0.077000	S	6587	0
cn101_cn105.cs.uwaterloo.ca_31743 2	0	0.077000	S	6599	0
cn101_cn105.cs.uwaterloo.ca_31741 2	0	0.077000	S	6598	0
cn101_cn105.cs.uwaterloo.ca_31744 2	0	0.077000	S	6600	0
cn101_cn105.cs.uwaterloo.ca_31751 2	0	0.077000	S	6603	0
cn101_cn105.cs.uwaterloo.ca_31760 2	0	0.077000	S	6611	0
cn101_cn105.cs.uwaterloo.ca_31752 2	0	0.077000	S	6604	0
cn101_cn105.cs.uwaterloo.ca_31747 2	0	0.077000	S	6601	0
cn101_cn105.cs.uwaterloo.ca_31754 2	0	0.077000	S	6606	0
cn101_cn105.cs.uwaterloo.ca_31764 2	0	0.077000	S	6613	0
cn101_cn105.cs.uwaterloo.ca_31766 2	0	0.077000	S	6614	0
cn101_cn105.cs.uwaterloo.ca_31758 2	0	0.077000	S	6609	0
cn101_cn105.cs.uwaterloo.ca_31772 2	0	0.077000	S	6618	0
cn101_cn105.cs.uwaterloo.ca_31774 2	0	0.077000	S	6619	0
cn101_cn105.cs.uwaterloo.ca_31776 2	0	0.077000	S	6620	0
cn101_cn105.cs.uwaterloo.ca_31778 2	0	0.077000	S	6621	0
cn101_cn105.cs.uwaterloo.ca_31756 2	0	0.077000	S	6608	0
cn101_cn105.cs.uwaterloo.ca_31770 2	0	0.077000	S	6617	0
cn101_cn105.cs.uwaterloo.ca_31748 2	0	0.077000	S	6602	0
cn101_cn105.cs.uwaterloo.ca_31762 2	0	0.077000	S	6612	0
cn101_cn105.cs.uwaterloo.ca_31788 2	0	0.077000	S	6627	0
cn101_cn105.cs.uwaterloo.ca_31780 2	0	0.077000	S	6623	0
cn101_cn105.cs.uwaterloo.ca_31794 2	0	0.077000	S	6632	0
cn101_cn105.cs.uwaterloo.ca_31796 2	0	0.077000	S	6633	0
cn101_cn105.cs.uwaterloo.ca_31786 2	0	0.077000	S	6626	0
cn101_cn105.cs.uwaterloo.ca_31790 2	0	0.077000	S	6629	0
cn101_cn105.cs.uwaterloo.ca_31768 2	0	0.077000	S	6616	0
cn101_cn105.cs.uwaterloo.ca_31792 2	0	0.077000	S	6630	0
cn101_cn105.cs.uwaterloo.ca_31782 2	0	0.077000	S	6624	0
cn101_cn105.cs.uwaterloo.ca_31798 2	0	0.077000	S	6634	0
cn101_cn105.cs.uwaterloo.ca_31784 2	0	0.077000	S	6625	0
cn101_cn105.cs.uwaterloo.ca_31810 2	0	0.077000	S	6640	0
cn101_cn105.cs.uwaterloo.ca_31812 2	0	0.077000	S	6642	0
cn101_cn105.cs.uwaterloo.ca_31803 2	0	0.077000	S	6636	0
cn101_cn105.cs.uwaterloo.ca_31804 2	0	0.077000	S	6637	0
cn101_cn105.cs.uwaterloo.ca_31806 2	0	0.077000	S	6638	0
cn101_cn105.cs.uwaterloo.ca_31818 2	0	0.077000	S	6649	0
cn101_cn105.cs.uwaterloo.ca_31814 2	0	0.077000	S	6644	0
cn101_cn105.cs.uwaterloo.ca_31816 2	0	0.077000	S	6648	0
cn101_cn105.cs.uwaterloo.ca_31802 2	0	0.077000	S	6635	0
cn101_cn105.cs.uwaterloo.ca_31820 2	0	0.077000	S	6650	0
cn101_cn105.cs.uwaterloo.ca_31828 2	0	0.077000	S	6656	0
cn101_cn105.cs.uwaterloo.ca_31822 2	0	0.077000	S	6651	0
cn101_cn105.cs.uwaterloo.ca_31824 2	0	0.077000	S	6652	0
cn101_cn105.cs.uwaterloo.ca_31834 2	0	0.077000	S	6662	0
cn101_cn105.cs.uwaterloo.ca_31830 2	0	0.077000	S	6657	0
cn101_cn105.cs.uwaterloo.ca_31808 2	0	0.077000	S	6639	0
cn101_cn105.cs.uwaterloo.ca_31832 2	0	0.077000	S	6659	0
cn101_cn105.cs.uwaterloo.ca_31836 2	0	0.077000	S	6663	0
cn101_cn105.cs.uwaterloo.ca_31859 2	0	0.077000	S	6400	0
cn101_cn105.cs.uwaterloo.ca_31838 2	0	0.077000	S	6401	0
cn101_cn105.cs.uwaterloo.ca_31857 2	0	0.077000	S	6407	0
cn101_cn105.cs.uwaterloo.ca_31840 2	0	0.077000	S	6392	0
cn101_cn105.cs.uwaterloo.ca_31826 2	0	0.077000	S	6654	0
cn101_cn105.cs.uwaterloo.ca_31861 2	0	0.077000	S	6405	0
cn101_cn105.cs.uwaterloo.ca_31907 2	0	0.077000	S	6567	0
cn101_cn105.cs.uwaterloo.ca_31909 2	0	0.077000	S	6559	0
cn101_cn105.cs.uwaterloo.ca_31867 2	0	0.077000	S	6403	0
cn101_cn105.cs.uwaterloo.ca_31869 2	0	0.077000	S	6409	0
cn101_cn105.cs.uwaterloo.ca_31911 2	0	0.077000	S	6568	0
cn101_cn105.cs.uwaterloo.ca_31864 2	0	0.077000	S	6399	0
cn101_cn105.cs.uwaterloo.ca_31906 2	0	0.077000	S	6566	0
cn101_cn105.cs.uwaterloo.ca_31865 2	0	0.077000	S	6406	0
cn101_cn105.cs.uwaterloo.ca_31916 2	0	0.077000	S	6560	0
cn101_cn105.cs.uwaterloo.ca_31914 2	0	0.077000	S	6569	0
cn101_cn105.cs.uwaterloo.ca_31918 2	0	0.077000	S	6570	0
cn101_cn105.cs.uwaterloo.ca_31921 2	0	0.077000	S	6561	0
cn101_cn105.cs.uwaterloo.ca_31920 2	0	0.077000	S	6565	0
