cn106_cn106_495 0	0	0.000000	S	668	2048
cn106_cn106_502 0	0	0.000000	S	673	2048
cn106_cn106_507 0	0	0.000000	S	676	2048
cn106_cn106_509 0	0	0.000000	S	677	2048
cn106_cn106_514 0	0	0.000000	S	679	2048
cn104_cn106_596 1	0	0.021000	S	669	1024
cn106_cn106_525 0	0	0.000000	S	685	2048
cn104_cn106_616 1	0	0.021000	S	678	1024
cn106_cn106_538 0	0	0.000000	S	693	2048
cn104_cn106_628 1	0	0.021000	S	682	1024
cn104_cn106_635 1	0	0.021000	S	684	1024
cn104_cn106_638 1	0	0.021000	S	686	1024
cn104_cn106_641 1	0	0.021000	S	687	1024
cn104_cn106_642 1	0	0.021000	S	688	1024
cn106_cn106_554 0	0	0.000000	S	698	2048
cn106_cn106_574 0	0	0.000000	S	706	2048
cn104_cn106_683 1	0	0.021000	S	702	1024
cn106_cn106_613 0	0	0.000000	S	719	2048
cn104_cn106_698 1	0	0.021000	S	711	1024
cn104_cn106_708 1	0	0.021000	S	713	1024
cn104_cn106_719 1	0	0.021000	S	720	1024
cn101_cn106_1531 1	0	0.045000	S	665	0
cn101_cn106_1533 1	0	0.045000	S	666	0
cn101_cn106_1554 1	0	0.045000	S	667	0
cn106_cn106_635 0	0	0.000000	S	729	2048
cn101_cn106_1564 1	0	0.045000	S	670	0
cn101_cn106_1579 1	0	0.045000	S	671	0
cn101_cn106_1574 1	0	0.045000	S	672	0
cn101_cn106_1587 1	0	0.045000	S	675	0
cn106_cn106_659 0	0	0.000000	S	741	2048
cn106_cn106_666 0	0	0.000000	S	744	2048
cn106_cn106_689 0	0	0.000000	S	758	2048
cn101_cn106_1617 1	0	0.045000	S	680	0
cn101_cn106_1620 1	0	0.045000	S	681	0
cn101_cn106_1645 1	0	0.045000	S	683	0
cn101_cn106_1663 1	0	0.045000	S	689	0
cn101_cn106_1671 1	0	0.045000	S	690	0
cn106_cn106_709 0	0	0.000000	S	771	2048
cn106_cn106_731 0	0	0.000000	S	790	2048
cn106_cn106_754 0	0	0.000000	S	812	2048
cn106_cn106_760 0	0	0.000000	S	817	2048
cn104_cn106_837 1	0	0.021000	S	736	1024
cn104_cn106_853 1	0	0.021000	S	752	1024
cn104_cn106_850 1	0	0.021000	S	750	1024
cn104_cn106_859 1	0	0.021000	S	760	1024
cn101_cn106_1680 1	0	0.045000	S	691	0
cn104_cn106_860 1	0	0.021000	S	753	1024
cn104_cn106_865 1	0	0.021000	S	754	1024
cn106_cn106_770 0	0	0.000000	S	826	2048
cn104_cn106_875 1	0	0.021000	S	777	1024
cn101_cn106_1702 1	0	0.045000	S	694	0
cn104_cn106_867 1	0	0.021000	S	756	1024
cn104_cn106_877 1	0	0.021000	S	781	1024
cn104_cn106_879 1	0	0.021000	S	780	1024
cn104_cn106_873 1	0	0.021000	S	773	1024
cn104_cn106_882 1	0	0.021000	S	783	1024
cn101_cn106_1745 1	0	0.045000	S	695	0
cn104_cn106_885 1	0	0.021000	S	788	1024
cn104_cn106_887 1	0	0.021000	S	792	1024
cn104_cn106_888 1	0	0.021000	S	785	1024
cn104_cn106_890 1	0	0.021000	S	793	1024
cn104_cn106_891 1	0	0.021000	S	795	1024
cn104_cn106_893 1	0	0.021000	S	789	1024
cn104_cn106_895 1	0	0.021000	S	791	1024
cn104_cn106_898 1	0	0.021000	S	797	1024
cn104_cn106_900 1	0	0.021000	S	799	1024
cn104_cn106_902 1	0	0.021000	S	798	1024
cn104_cn106_905 1	0	0.021000	S	796	1024
cn104_cn106_908 1	0	0.021000	S	813	1024
cn104_cn106_914 1	0	0.021000	S	818	1024
cn104_cn106_919 1	0	0.021000	S	821	1024
cn104_cn106_921 1	0	0.021000	S	828	1024
cn104_cn106_927 1	0	0.021000	S	829	1024
cn104_cn106_929 1	0	0.021000	S	825	1024
cn101_cn106_1870 1	0	0.045000	S	696	0
cn101_cn106_1878 1	0	0.045000	S	697	0
cn101_cn106_1888 1	0	0.045000	S	699	0
cn101_cn106_1895 1	0	0.045000	S	700	0
cn101_cn106_1899 1	0	0.045000	S	701	0
cn101_cn106_1905 1	0	0.045000	S	704	0
cn101_cn106_1919 1	0	0.045000	S	707	0
cn101_cn106_1931 1	0	0.045000	S	718	0
cn101_cn106_1933 1	0	0.045000	S	721	0
cn101_cn106_1956 1	0	0.045000	S	708	0
cn101_cn106_2012 1	0	0.045000	S	712	0
cn101_cn106_2019 1	0	0.045000	S	717	0
cn101_cn106_2011 1	0	0.045000	S	714	0
cn101_cn106_2022 1	0	0.045000	S	716	0
cn101_cn106_2027 1	0	0.045000	S	725	0
cn101_cn106_2024 1	0	0.045000	S	709	0
cn101_cn106_2042 1	0	0.045000	S	728	0
cn101_cn106_2016 1	0	0.045000	S	715	0
cn101_cn106_2038 1	0	0.045000	S	727	0
cn101_cn106_2055 1	0	0.045000	S	730	0
cn101_cn106_2061 1	0	0.045000	S	731	0
cn101_cn106_2063 1	0	0.045000	S	732	0
cn101_cn106_2066 1	0	0.045000	S	724	0
cn101_cn106_2069 1	0	0.045000	S	734	0
cn101_cn106_2065 1	0	0.045000	S	733	0
cn101_cn106_2072 1	0	0.045000	S	723	0
cn101_cn106_2083 1	0	0.045000	S	726	0
cn101_cn106_2103 1	0	0.045000	S	738	0
cn101_cn106_2094 1	0	0.045000	S	737	0
cn101_cn106_2111 1	0	0.045000	S	739	0
cn101_cn106_2136 1	0	0.045000	S	748	0
cn101_cn106_2139 1	0	0.045000	S	746	0
cn101_cn106_2131 1	0	0.045000	S	743	0
cn101_cn106_2147 1	0	0.045000	S	742	0
cn101_cn106_2141 1	0	0.045000	S	747	0
cn101_cn106_2105 1	0	0.045000	S	740	0
cn101_cn106_2145 1	0	0.045000	S	749	0
cn101_cn106_2115 1	0	0.045000	S	745	0
cn101_cn106_2189 1	0	0.045000	S	761	0
cn101_cn106_2176 1	0	0.045000	S	757	0
cn101_cn106_2218 1	0	0.045000	S	762	0
cn101_cn106_2231 1	0	0.045000	S	764	0
cn101_cn106_2228 1	0	0.045000	S	755	0
cn101_cn106_2239 1	0	0.045000	S	770	0
cn101_cn106_2243 1	0	0.045000	S	769	0
cn101_cn106_2236 1	0	0.045000	S	768	0
cn101_cn106_2247 1	0	0.045000	S	782	0
cn101_cn106_2241 1	0	0.045000	S	774	0
cn101_cn106_2245 1	0	0.045000	S	776	0
cn101_cn106_2248 1	0	0.045000	S	775	0
cn101_cn106_2237 1	0	0.045000	S	772	0
cn101_cn106_2264 1	0	0.045000	S	787	0
cn101_cn106_2266 1	0	0.045000	S	778	0
cn101_cn106_2253 1	0	0.045000	S	784	0
cn101_cn106_2277 1	0	0.045000	S	794	0
cn101_cn106_2302 1	0	0.045000	S	801	0
cn101_cn106_2311 1	0	0.045000	S	804	0
cn101_cn106_2314 1	0	0.045000	S	802	0
cn101_cn106_2312 1	0	0.045000	S	800	0
cn101_cn106_2319 1	0	0.045000	S	808	0
cn101_cn106_2338 1	0	0.045000	S	807	0
cn101_cn106_2340 1	0	0.045000	S	806	0
cn101_cn106_2344 1	0	0.045000	S	805	0
cn101_cn106_2373 1	0	0.045000	S	816	0
cn101_cn106_2392 1	0	0.045000	S	824	0
cn101_cn106_2395 1	0	0.045000	S	822	0
