cn106_cn106_10 0	0	0.000000	668	2048
cn106_cn106_17 0	0	0.000000	673	2048
cn104_cn106_26 1	0	0.029000	669	1024
cn106_cn106_26 0	0	0.000000	676	2048
cn106_cn106_30 0	0	0.000000	677	2048
cn106_cn106_36 0	0	0.000000	679	2048
cn101_cn106_81 1	0	0.057000	665	0
cn106_cn106_54 0	0	0.000000	685	2048
cn101_cn106_90 1	0	0.057000	666	0
cn104_cn106_72 1	0	0.029000	678	1024
cn101_cn106_106 1	0	0.057000	670	0
cn101_cn106_113 1	0	0.057000	667	0
cn104_cn106_87 1	0	0.029000	682	1024
cn106_cn106_78 0	0	0.000000	693	2048
cn106_cn106_88 0	0	0.000000	698	2048
cn101_cn106_141 1	0	0.057000	671	0
cn106_cn106_105 0	0	0.000000	706	2048
cn104_cn106_120 1	0	0.029000	684	1024
cn104_cn106_124 1	0	0.029000	686	1024
cn104_cn106_128 1	0	0.029000	687	1024
cn104_cn106_130 1	0	0.029000	688	1024
cn101_cn106_157 1	0	0.057000	672	0
cn104_cn106_147 1	0	0.029000	702	1024
cn101_cn106_184 1	0	0.057000	675	0
cn104_cn106_170 1	0	0.029000	711	1024
cn104_cn106_172 1	0	0.029000	713	1024
cn106_cn106_152 0	0	0.000000	719	2048
cn106_cn106_189 0	0	0.000000	729	2048
cn106_cn106_217 0	0	0.000000	741	2048
cn106_cn106_223 0	0	0.000000	744	2048
cn106_cn106_242 0	0	0.000000	758	2048
cn106_cn106_256 0	0	0.000000	771	2048
cn104_cn106_320 1	0	0.029000	720	1024
cn104_cn106_348 1	0	0.029000	750	1024
cn104_cn106_347 1	0	0.029000	736	1024
cn104_cn106_350 1	0	0.029000	753	1024
cn104_cn106_349 1	0	0.029000	752	1024
cn104_cn106_353 1	0	0.029000	754	1024
cn104_cn106_352 1	0	0.029000	760	1024
cn104_cn106_351 1	0	0.029000	756	1024
cn104_cn106_362 1	0	0.029000	773	1024
cn104_cn106_371 1	0	0.029000	777	1024
cn104_cn106_372 1	0	0.029000	780	1024
cn104_cn106_373 1	0	0.029000	781	1024
cn106_cn106_278 0	0	0.000000	790	2048
cn104_cn106_386 1	0	0.029000	785	1024
cn104_cn106_387 1	0	0.029000	783	1024
cn104_cn106_392 1	0	0.029000	789	1024
cn104_cn106_395 1	0	0.029000	792	1024
cn104_cn106_394 1	0	0.029000	791	1024
cn104_cn106_391 1	0	0.029000	788	1024
cn104_cn106_397 1	0	0.029000	795	1024
cn101_cn106_317 1	0	0.057000	680	0
cn104_cn106_400 1	0	0.029000	796	1024
cn104_cn106_402 1	0	0.029000	799	1024
cn104_cn106_403 1	0	0.029000	797	1024
cn106_cn106_301 0	0	0.000000	812	2048
cn104_cn106_406 1	0	0.029000	793	1024
cn104_cn106_407 1	0	0.029000	798	1024
cn106_cn106_307 0	0	0.000000	817	2048
cn106_cn106_317 0	0	0.000000	826	2048
cn104_cn106_411 1	0	0.029000	813	1024
cn101_cn106_341 1	0	0.057000	681	0
cn104_cn106_413 1	0	0.029000	818	1024
cn104_cn106_415 1	0	0.029000	821	1024
cn104_cn106_416 1	0	0.029000	825	1024
cn104_cn106_420 1	0	0.029000	828	1024
cn104_cn106_421 1	0	0.029000	829	1024
cn101_cn106_373 1	0	0.057000	683	0
cn102_cn106_202 2	0	0.118500	664	512
cn101_cn106_566 1	0	0.057000	689	0
cn101_cn106_571 1	0	0.057000	690	0
cn101_cn106_582 1	0	0.057000	691	0
cn101_cn106_594 1	0	0.057000	697	0
cn101_cn106_604 1	0	0.057000	700	0
cn101_cn106_602 1	0	0.057000	699	0
cn101_cn106_612 1	0	0.057000	701	0
cn101_cn106_657 1	0	0.057000	707	0
cn101_cn106_663 1	0	0.057000	712	0
cn101_cn106_690 1	0	0.057000	704	0
cn101_cn106_725 1	0	0.057000	695	0
cn101_cn106_729 1	0	0.057000	694	0
cn101_cn106_728 1	0	0.057000	696	0
cn101_cn106_745 1	0	0.057000	716	0
cn101_cn106_748 1	0	0.057000	717	0
cn101_cn106_749 1	0	0.057000	715	0
cn101_cn106_751 1	0	0.057000	718	0
cn101_cn106_760 1	0	0.057000	722	0
cn101_cn106_765 1	0	0.057000	723	0
cn101_cn106_770 1	0	0.057000	721	0
cn101_cn106_774 1	0	0.057000	725	0
cn101_cn106_836 1	0	0.057000	724	0
cn101_cn106_842 1	0	0.057000	727	0
cn101_cn106_846 1	0	0.057000	726	0
cn101_cn106_847 1	0	0.057000	728	0
cn101_cn106_852 1	0	0.057000	730	0
cn101_cn106_858 1	0	0.057000	732	0
cn101_cn106_857 1	0	0.057000	733	0
cn101_cn106_860 1	0	0.057000	731	0
cn101_cn106_859 1	0	0.057000	734	0
cn101_cn106_867 1	0	0.057000	737	0
cn101_cn106_869 1	0	0.057000	738	0
cn101_cn106_871 1	0	0.057000	740	0
cn101_cn106_872 1	0	0.057000	739	0
cn101_cn106_875 1	0	0.057000	742	0
cn101_cn106_921 1	0	0.057000	743	0
cn101_cn106_920 1	0	0.057000	745	0
cn101_cn106_924 1	0	0.057000	746	0
cn101_cn106_932 1	0	0.057000	747	0
cn101_cn106_930 1	0	0.057000	749	0
cn101_cn106_949 1	0	0.057000	755	0
cn101_cn106_950 1	0	0.057000	757	0
cn101_cn106_953 1	0	0.057000	748	0
cn101_cn106_968 1	0	0.057000	761	0
cn101_cn106_972 1	0	0.057000	762	0
cn101_cn106_992 1	0	0.057000	769	0
cn101_cn106_1072 1	0	0.057000	714	0
cn101_cn106_1084 1	0	0.057000	772	0
cn101_cn106_1100 1	0	0.057000	774	0
cn101_cn106_1104 1	0	0.057000	775	0
cn101_cn106_1109 1	0	0.057000	778	0
cn101_cn106_1106 1	0	0.057000	776	0
cn101_cn106_1166 1	0	0.057000	764	0
cn101_cn106_1168 1	0	0.057000	770	0
cn101_cn106_1171 1	0	0.057000	768	0
cn101_cn106_1177 1	0	0.057000	784	0
cn101_cn106_1178 1	0	0.057000	787	0
cn101_cn106_1180 1	0	0.057000	794	0
cn101_cn106_1183 1	0	0.057000	801	0
cn101_cn106_1182 1	0	0.057000	800	0
cn101_cn106_1184 1	0	0.057000	802	0
cn101_cn106_1188 1	0	0.057000	806	0
cn101_cn106_1189 1	0	0.057000	804	0
cn101_cn106_1190 1	0	0.057000	808	0
cn101_cn106_1191 1	0	0.057000	807	0
cn101_cn106_1192 1	0	0.057000	805	0
cn101_cn106_1194 1	0	0.057000	816	0
cn101_cn106_1193 1	0	0.057000	814	0
cn101_cn106_1195 1	0	0.057000	822	0
cn101_cn106_1196 1	0	0.057000	819	0
cn101_cn106_1197 1	0	0.057000	823	0
cn101_cn106_1198 1	0	0.057000	824	0
cn101_cn106_1262 1	0	0.057000	782	0
cn101_cn106_1386 1	0	0.057000	708	0
cn101_cn106_1388 1	0	0.057000	709	0
cn102_cn106_250 2	0	0.118500	674	512
cn102_cn106_421 2	0	0.118500	692	512
cn102_cn106_447 2	0	0.118500	705	512
cn102_cn106_465 2	0	0.118500	735	512
cn102_cn106_428 2	0	0.118500	703	512
cn102_cn106_481 2	0	0.118500	751	512
cn102_cn106_487 2	0	0.118500	766	512
cn102_cn106_491 2	0	0.118500	765	512
cn102_cn106_489 2	0	0.118500	763	512
cn102_cn106_485 2	0	0.118500	759	512
cn102_cn106_515 2	0	0.118500	767	512
cn102_cn106_514 2	0	0.118500	779	512
cn102_cn106_524 2	0	0.118500	786	512
cn102_cn106_525 2	0	0.118500	803	512
cn102_cn106_526 2	0	0.118500	809	512
