cn104_cn104_5 0	0	0.000000	334	1024
cn107_cn104_3 1	0	0.048000	338	3072
cn104_cn104_27 0	0	0.000000	349	1024
cn101_cn104_41 1	0	0.021000	332	0
cn101_cn104_46 1	0	0.021000	333	0
cn106_cn104_21 1	0	0.019500	348	2048
cn104_cn104_35 0	0	0.000000	353	1024
cn101_cn104_59 1	0	0.021000	335	0
cn101_cn104_67 1	0	0.021000	336	0
cn101_cn104_72 1	0	0.021000	337	0
cn101_cn104_96 1	0	0.021000	340	0
cn106_cn104_63 1	0	0.019500	362	2048
cn101_cn104_122 1	0	0.021000	345	0
cn101_cn104_134 1	0	0.021000	346	0
cn101_cn104_150 1	0	0.021000	347	0
cn104_cn104_104 0	0	0.000000	372	1024
cn104_cn104_121 0	0	0.000000	379	1024
cn101_cn104_187 1	0	0.021000	350	0
cn101_cn104_191 1	0	0.021000	352	0
cn101_cn104_202 1	0	0.021000	354	0
cn101_cn104_210 1	0	0.021000	355	0
cn101_cn104_214 1	0	0.021000	356	0
cn101_cn104_247 1	0	0.021000	357	0
cn101_cn104_258 1	0	0.021000	358	0
cn101_cn104_267 1	0	0.021000	359	0
cn101_cn104_319 1	0	0.021000	361	0
cn101_cn104_370 1	0	0.021000	363	0
cn101_cn104_393 1	0	0.021000	364	0
cn101_cn104_434 1	0	0.021000	365	0
cn101_cn104_437 1	0	0.021000	366	0
cn101_cn104_461 1	0	0.021000	367	0
cn101_cn104_576 1	0	0.021000	371	0
cn101_cn104_727 1	0	0.021000	370	0
cn106_cn104_122 1	0	0.019500	369	2048
cn104_cn104_166 0	0	0.000000	395	1024
cn104_cn104_183 0	0	0.000000	406	1024
cn104_cn104_194 0	0	0.000000	413	1024
cn104_cn104_203 0	0	0.000000	420	1024
cn101_cn104_803 1	0	0.021000	373	0
cn101_cn104_765 1	0	0.021000	374	0
cn102_cn104_126 2	0	0.063000	339	512
cn102_cn104_130 2	0	0.063000	341	512
cn102_cn104_132 2	0	0.063000	342	512
cn102_cn104_133 2	0	0.063000	343	512
cn102_cn104_134 2	0	0.063000	344	512
cn101_cn104_809 1	0	0.021000	382	0
cn102_cn104_144 2	0	0.063000	351	512
cn101_cn104_819 1	0	0.021000	384	0
cn101_cn104_822 1	0	0.021000	381	0
cn101_cn104_826 1	0	0.021000	387	0
cn104_cn104_250 0	0	0.000000	455	1024
cn101_cn104_827 1	0	0.021000	389	0
cn101_cn104_830 1	0	0.021000	388	0
cn101_cn104_832 1	0	0.021000	385	0
cn104_cn104_252 0	0	0.000000	456	1024
cn101_cn104_838 1	0	0.021000	393	0
cn101_cn104_840 1	0	0.021000	392	0
cn104_cn104_263 0	0	0.000000	465	1024
cn101_cn104_845 1	0	0.021000	397	0
cn101_cn104_854 1	0	0.021000	391	0
cn101_cn104_857 1	0	0.021000	401	0
cn101_cn104_859 1	0	0.021000	386	0
cn101_cn104_862 1	0	0.021000	404	0
cn101_cn104_861 1	0	0.021000	400	0
cn101_cn104_865 1	0	0.021000	402	0
cn101_cn104_872 1	0	0.021000	407	0
cn101_cn104_875 1	0	0.021000	411	0
cn101_cn104_877 1	0	0.021000	408	0
cn101_cn104_879 1	0	0.021000	403	0
cn101_cn104_881 1	0	0.021000	412	0
cn101_cn104_893 1	0	0.021000	410	0
cn101_cn104_899 1	0	0.021000	415	0
cn101_cn104_912 1	0	0.021000	418	0
cn101_cn104_920 1	0	0.021000	416	0
cn101_cn104_943 1	0	0.021000	421	0
cn101_cn104_947 1	0	0.021000	424	0
cn101_cn104_949 1	0	0.021000	425	0
cn101_cn104_955 1	0	0.021000	427	0
cn101_cn104_956 1	0	0.021000	422	0
cn101_cn104_951 1	0	0.021000	426	0
cn101_cn104_959 1	0	0.021000	423	0
cn101_cn104_966 1	0	0.021000	419	0
cn101_cn104_981 1	0	0.021000	428	0
cn101_cn104_992 1	0	0.021000	417	0
cn101_cn104_997 1	0	0.021000	432	0
cn101_cn104_1001 1	0	0.021000	429	0
cn101_cn104_1010 1	0	0.021000	434	0
cn101_cn104_1015 1	0	0.021000	433	0
cn101_cn104_1027 1	0	0.021000	437	0
cn101_cn104_1048 1	0	0.021000	438	0
cn101_cn104_1051 1	0	0.021000	439	0
cn101_cn104_1057 1	0	0.021000	442	0
cn101_cn104_1062 1	0	0.021000	443	0
cn101_cn104_1067 1	0	0.021000	431	0
cn101_cn104_1077 1	0	0.021000	444	0
cn101_cn104_1084 1	0	0.021000	445	0
cn101_cn104_1089 1	0	0.021000	447	0
cn101_cn104_1100 1	0	0.021000	454	0
cn101_cn104_1101 1	0	0.021000	457	0
cn101_cn104_1102 1	0	0.021000	458	0
cn101_cn104_1103 1	0	0.021000	459	0
cn101_cn104_1104 1	0	0.021000	460	0
cn101_cn104_1105 1	0	0.021000	463	0
cn101_cn104_1106 1	0	0.021000	464	0
cn101_cn104_1107 1	0	0.021000	466	0
cn101_cn104_1108 1	0	0.021000	467	0
cn101_cn104_1109 1	0	0.021000	468	0
cn101_cn104_1110 1	0	0.021000	469	0
cn101_cn104_1111 1	0	0.021000	470	0
cn101_cn104_1112 1	0	0.021000	472	0
cn101_cn104_1113 1	0	0.021000	474	0
cn101_cn104_1114 1	0	0.021000	475	0
cn101_cn104_1116 1	0	0.021000	450	0
cn101_cn104_1122 1	0	0.021000	453	0
cn101_cn104_1126 1	0	0.021000	448	0
cn101_cn104_1128 1	0	0.021000	446	0
cn101_cn104_1134 1	0	0.021000	452	0
cn101_cn104_1138 1	0	0.021000	441	0
cn101_cn104_1140 1	0	0.021000	435	0
cn101_cn104_1147 1	0	0.021000	477	0
cn101_cn104_1151 1	0	0.021000	479	0
cn101_cn104_1153 1	0	0.021000	481	0
cn101_cn104_1155 1	0	0.021000	483	0
cn101_cn104_1164 1	0	0.021000	478	0
cn101_cn104_1168 1	0	0.021000	489	0
cn101_cn104_1166 1	0	0.021000	486	0
cn107_cn104_262 1	0	0.048000	440	3072
cn106_cn104_327 1	0	0.019500	383	2048
cn106_cn104_375 1	0	0.019500	405	2048
cn106_cn104_352 1	0	0.019500	394	2048
cn101_cn104_1170 1	0	0.021000	487	0
cn106_cn104_353 1	0	0.019500	396	2048
cn106_cn104_373 1	0	0.019500	398	2048
cn106_cn104_346 1	0	0.019500	390	2048
cn106_cn104_388 1	0	0.019500	462	2048
cn106_cn104_376 1	0	0.019500	399	2048
cn106_cn104_377 1	0	0.019500	414	2048
cn101_cn104_1174 1	0	0.021000	490	0
cn101_cn104_1177 1	0	0.021000	485	0
cn101_cn104_1182 1	0	0.021000	488	0
cn101_cn104_1183 1	0	0.021000	491	0
cn101_cn104_1185 1	0	0.021000	492	0
cn101_cn104_1186 1	0	0.021000	484	0
cn101_cn104_1188 1	0	0.021000	493	0
cn101_cn104_1194 1	0	0.021000	495	0
cn101_cn104_1198 1	0	0.021000	497	0
cn101_cn104_1201 1	0	0.021000	494	0
cn101_cn104_1202 1	0	0.021000	496	0
cn106_cn104_387 1	0	0.019500	451	2048
cn106_cn104_389 1	0	0.019500	473	2048
cn106_cn104_431 1	0	0.019500	480	2048
cn106_cn104_378 1	0	0.019500	430	2048
cn105.cs.uwaterloo.ca_cn104_303 9	0	0.228500	482	1536
cn101_cn104_1387 1	0	0.021000	476	0
cn101_cn104_1393 1	0	0.021000	461	0
cn102_cn104_285 2	0	0.063000	360	512
cn102_cn104_379 2	0	0.063000	368	512
cn102_cn104_413 2	0	0.063000	377	512
cn102_cn104_409 2	0	0.063000	375	512
cn102_cn104_447 2	0	0.063000	436	512
