cn106_cn106_55 0	0	0.000000	668	2048
cn106_cn106_62 0	0	0.000000	673	2048
cn106_cn106_69 0	0	0.000000	676	2048
cn106_cn106_73 0	0	0.000000	677	2048
cn102_cn106.cs.uwaterloo.ca_66 1	0	0.022500	664	512
cn106_cn106_79 0	0	0.000000	679	2048
cn104_cn106.cs.uwaterloo.ca_104 1	0	0.025000	669	1024
cn106_cn106_97 0	0	0.000000	685	2048
cn104_cn106.cs.uwaterloo.ca_123 1	0	0.025000	678	1024
cn106_cn106_119 0	0	0.000000	693	2048
cn106_cn106_129 0	0	0.000000	698	2048
cn102_cn106.cs.uwaterloo.ca_120 1	0	0.022500	674	512
cn101_cn106.cs.uwaterloo.ca_188 1	0	0.046000	665	0
cn104_cn106.cs.uwaterloo.ca_173 1	0	0.025000	682	1024
cn106_cn106_150 0	0	0.000000	706	2048
cn104_cn106.cs.uwaterloo.ca_186 1	0	0.025000	684	1024
cn106_cn106_192 0	0	0.000000	719	2048
cn106_cn106_207 0	0	0.000000	729	2048
cn101_cn106.cs.uwaterloo.ca_210 1	0	0.046000	666	0
cn101_cn106.cs.uwaterloo.ca_228 1	0	0.046000	667	0
cn101_cn106.cs.uwaterloo.ca_278 1	0	0.046000	670	0
cn101_cn106.cs.uwaterloo.ca_287 1	0	0.046000	671	0
cn104_cn106.cs.uwaterloo.ca_203 1	0	0.025000	687	1024
cn101_cn106.cs.uwaterloo.ca_314 1	0	0.046000	672	0
cn104_cn106.cs.uwaterloo.ca_204 1	0	0.025000	688	1024
cn104_cn106.cs.uwaterloo.ca_200 1	0	0.025000	686	1024
cn102_cn106.cs.uwaterloo.ca_208 1	0	0.022500	692	512
cn106_cn106_227 0	0	0.000000	741	2048
cn106_cn106_233 0	0	0.000000	744	2048
cn106_cn106_254 0	0	0.000000	758	2048
cn104_cn106.cs.uwaterloo.ca_237 1	0	0.025000	702	1024
cn106_cn106_268 0	0	0.000000	771	2048
cn106_cn106_288 0	0	0.000000	790	2048
cn106_cn106_311 0	0	0.000000	812	2048
cn106_cn106_317 0	0	0.000000	817	2048
cn106_cn106_327 0	0	0.000000	826	2048
cn101_cn106.cs.uwaterloo.ca_380 1	0	0.046000	675	0
cn101_cn106.cs.uwaterloo.ca_431 1	0	0.046000	680	0
cn101_cn106.cs.uwaterloo.ca_446 1	0	0.046000	681	0
cn101_cn106.cs.uwaterloo.ca_478 1	0	0.046000	683	0
cn104_cn106.cs.uwaterloo.ca_258 1	0	0.025000	713	1024
cn104_cn106.cs.uwaterloo.ca_253 1	0	0.025000	711	1024
cn104_cn106.cs.uwaterloo.ca_267 1	0	0.025000	720	1024
cn101_cn106.cs.uwaterloo.ca_529 1	0	0.046000	689	0
cn101_cn106.cs.uwaterloo.ca_541 1	0	0.046000	690	0
cn101_cn106.cs.uwaterloo.ca_579 1	0	0.046000	691	0
cn102_cn106.cs.uwaterloo.ca_319 1	0	0.022500	703	512
cn102_cn106.cs.uwaterloo.ca_392 1	0	0.022500	710	512
cn102_cn106.cs.uwaterloo.ca_391 1	0	0.022500	705	512
cn104_cn106.cs.uwaterloo.ca_381 1	0	0.025000	736	1024
cn104_cn106.cs.uwaterloo.ca_401 1	0	0.025000	750	1024
cn104_cn106.cs.uwaterloo.ca_409 1	0	0.025000	753	1024
cn104_cn106.cs.uwaterloo.ca_405 1	0	0.025000	752	1024
cn104_cn106.cs.uwaterloo.ca_410 1	0	0.025000	754	1024
cn104_cn106.cs.uwaterloo.ca_412 1	0	0.025000	756	1024
cn104_cn106.cs.uwaterloo.ca_417 1	0	0.025000	777	1024
cn104_cn106.cs.uwaterloo.ca_413 1	0	0.025000	760	1024
cn104_cn106.cs.uwaterloo.ca_422 1	0	0.025000	781	1024
cn104_cn106.cs.uwaterloo.ca_415 1	0	0.025000	773	1024
cn104_cn106.cs.uwaterloo.ca_429 1	0	0.025000	788	1024
cn104_cn106.cs.uwaterloo.ca_427 1	0	0.025000	785	1024
cn104_cn106.cs.uwaterloo.ca_420 1	0	0.025000	780	1024
cn104_cn106.cs.uwaterloo.ca_432 1	0	0.025000	789	1024
cn104_cn106.cs.uwaterloo.ca_434 1	0	0.025000	791	1024
cn104_cn106.cs.uwaterloo.ca_437 1	0	0.025000	793	1024
cn104_cn106.cs.uwaterloo.ca_435 1	0	0.025000	792	1024
cn104_cn106.cs.uwaterloo.ca_443 1	0	0.025000	798	1024
cn104_cn106.cs.uwaterloo.ca_423 1	0	0.025000	783	1024
cn104_cn106.cs.uwaterloo.ca_439 1	0	0.025000	796	1024
cn101_cn106.cs.uwaterloo.ca_639 1	0	0.046000	697	0
cn101_cn106.cs.uwaterloo.ca_631 1	0	0.046000	694	0
cn104_cn106.cs.uwaterloo.ca_445 1	0	0.025000	799	1024
cn104_cn106.cs.uwaterloo.ca_438 1	0	0.025000	795	1024
cn104_cn106.cs.uwaterloo.ca_447 1	0	0.025000	813	1024
cn101_cn106.cs.uwaterloo.ca_638 1	0	0.046000	695	0
cn104_cn106.cs.uwaterloo.ca_441 1	0	0.025000	797	1024
cn104_cn106.cs.uwaterloo.ca_449 1	0	0.025000	818	1024
cn104_cn106.cs.uwaterloo.ca_451 1	0	0.025000	821	1024
cn101_cn106.cs.uwaterloo.ca_660 1	0	0.046000	704	0
cn104_cn106.cs.uwaterloo.ca_455 1	0	0.025000	828	1024
cn101_cn106.cs.uwaterloo.ca_678 1	0	0.046000	709	0
cn101_cn106.cs.uwaterloo.ca_680 1	0	0.046000	716	0
cn104_cn106.cs.uwaterloo.ca_457 1	0	0.025000	829	1024
cn101_cn106.cs.uwaterloo.ca_681 1	0	0.046000	717	0
cn101_cn106.cs.uwaterloo.ca_682 1	0	0.046000	718	0
cn101_cn106.cs.uwaterloo.ca_683 1	0	0.046000	721	0
cn101_cn106.cs.uwaterloo.ca_686 1	0	0.046000	724	0
cn101_cn106.cs.uwaterloo.ca_687 1	0	0.046000	725	0
cn101_cn106.cs.uwaterloo.ca_685 1	0	0.046000	723	0
cn101_cn106.cs.uwaterloo.ca_688 1	0	0.046000	726	0
cn101_cn106.cs.uwaterloo.ca_690 1	0	0.046000	728	0
cn101_cn106.cs.uwaterloo.ca_679 1	0	0.046000	715	0
cn102_cn106.cs.uwaterloo.ca_436 1	0	0.022500	735	512
cn101_cn106.cs.uwaterloo.ca_689 1	0	0.046000	727	0
cn104_cn106.cs.uwaterloo.ca_453 1	0	0.025000	825	1024
cn102_cn106.cs.uwaterloo.ca_443 1	0	0.022500	751	512
cn102_cn106.cs.uwaterloo.ca_450 1	0	0.022500	765	512
cn101_cn106.cs.uwaterloo.ca_694 1	0	0.046000	696	0
cn102_cn106.cs.uwaterloo.ca_446 1	0	0.022500	759	512
cn102_cn106.cs.uwaterloo.ca_454 1	0	0.022500	767	512
cn102_cn106.cs.uwaterloo.ca_456 1	0	0.022500	779	512
cn102_cn106.cs.uwaterloo.ca_452 1	0	0.022500	766	512
cn102_cn106.cs.uwaterloo.ca_458 1	0	0.022500	786	512
cn102_cn106.cs.uwaterloo.ca_466 1	0	0.022500	811	512
cn102_cn106.cs.uwaterloo.ca_460 1	0	0.022500	803	512
cn101_cn106.cs.uwaterloo.ca_684 1	0	0.046000	722	0
cn102_cn106.cs.uwaterloo.ca_470 1	0	0.022500	820	512
cn102_cn106.cs.uwaterloo.ca_448 1	0	0.022500	763	512
cn102_cn106.cs.uwaterloo.ca_465 1	0	0.022500	810	512
cn102_cn106.cs.uwaterloo.ca_472 1	0	0.022500	827	512
cn102_cn106.cs.uwaterloo.ca_468 1	0	0.022500	815	512
cn102_cn106.cs.uwaterloo.ca_463 1	0	0.022500	809	512
cn101_cn106.cs.uwaterloo.ca_894 1	0	0.046000	707	0
cn101_cn106.cs.uwaterloo.ca_898 1	0	0.046000	700	0
cn101_cn106.cs.uwaterloo.ca_896 1	0	0.046000	708	0
cn101_cn106.cs.uwaterloo.ca_890 1	0	0.046000	699	0
cn101_cn106.cs.uwaterloo.ca_902 1	0	0.046000	701	0
cn101_cn106.cs.uwaterloo.ca_909 1	0	0.046000	733	0
cn101_cn106.cs.uwaterloo.ca_933 1	0	0.046000	734	0
cn101_cn106.cs.uwaterloo.ca_921 1	0	0.046000	731	0
cn101_cn106.cs.uwaterloo.ca_951 1	0	0.046000	739	0
cn101_cn106.cs.uwaterloo.ca_937 1	0	0.046000	732	0
cn101_cn106.cs.uwaterloo.ca_973 1	0	0.046000	746	0
cn101_cn106.cs.uwaterloo.ca_961 1	0	0.046000	737	0
cn101_cn106.cs.uwaterloo.ca_949 1	0	0.046000	738	0
cn101_cn106.cs.uwaterloo.ca_987 1	0	0.046000	755	0
cn101_cn106.cs.uwaterloo.ca_989 1	0	0.046000	712	0
cn101_cn106.cs.uwaterloo.ca_991 1	0	0.046000	714	0
cn101_cn106.cs.uwaterloo.ca_971 1	0	0.046000	745	0
cn101_cn106.cs.uwaterloo.ca_975 1	0	0.046000	747	0
cn101_cn106.cs.uwaterloo.ca_977 1	0	0.046000	749	0
cn101_cn106.cs.uwaterloo.ca_1014 1	0	0.046000	768	0
cn101_cn106.cs.uwaterloo.ca_1016 1	0	0.046000	769	0
cn101_cn106.cs.uwaterloo.ca_1018 1	0	0.046000	770	0
cn101_cn106.cs.uwaterloo.ca_1010 1	0	0.046000	730	0
cn101_cn106.cs.uwaterloo.ca_1012 1	0	0.046000	764	0
cn101_cn106.cs.uwaterloo.ca_1022 1	0	0.046000	774	0
cn101_cn106.cs.uwaterloo.ca_1030 1	0	0.046000	782	0
cn101_cn106.cs.uwaterloo.ca_1024 1	0	0.046000	775	0
cn101_cn106.cs.uwaterloo.ca_1026 1	0	0.046000	776	0
cn101_cn106.cs.uwaterloo.ca_1028 1	0	0.046000	778	0
cn101_cn106.cs.uwaterloo.ca_1038 1	0	0.046000	800	0
cn101_cn106.cs.uwaterloo.ca_1020 1	0	0.046000	772	0
cn101_cn106.cs.uwaterloo.ca_1032 1	0	0.046000	784	0
cn101_cn106.cs.uwaterloo.ca_1044 1	0	0.046000	804	0
cn101_cn106.cs.uwaterloo.ca_1040 1	0	0.046000	801	0
cn101_cn106.cs.uwaterloo.ca_1050 1	0	0.046000	807	0
cn101_cn106.cs.uwaterloo.ca_1042 1	0	0.046000	802	0
cn101_cn106.cs.uwaterloo.ca_1046 1	0	0.046000	805	0
cn101_cn106.cs.uwaterloo.ca_1034 1	0	0.046000	787	0
cn101_cn106.cs.uwaterloo.ca_1058 1	0	0.046000	819	0
cn101_cn106.cs.uwaterloo.ca_1060 1	0	0.046000	822	0
cn101_cn106.cs.uwaterloo.ca_1054 1	0	0.046000	814	0
cn101_cn106.cs.uwaterloo.ca_1048 1	0	0.046000	806	0
cn101_cn106.cs.uwaterloo.ca_1056 1	0	0.046000	816	0
cn101_cn106.cs.uwaterloo.ca_1062 1	0	0.046000	823	0
cn101_cn106.cs.uwaterloo.ca_1036 1	0	0.046000	794	0
cn101_cn106.cs.uwaterloo.ca_1052 1	0	0.046000	808	0
cn101_cn106.cs.uwaterloo.ca_1064 1	0	0.046000	824	0
cn101_cn106.cs.uwaterloo.ca_1126 1	0	0.046000	740	0
cn101_cn106.cs.uwaterloo.ca_1133 1	0	0.046000	757	0
cn101_cn106.cs.uwaterloo.ca_1128 1	0	0.046000	743	0
cn101_cn106.cs.uwaterloo.ca_1132 1	0	0.046000	742	0
cn101_cn106.cs.uwaterloo.ca_1134 1	0	0.046000	748	0
cn101_cn106.cs.uwaterloo.ca_1338 1	0	0.046000	762	0
cn101_cn106.cs.uwaterloo.ca_1340 1	0	0.046000	761	0
