cn104_cn104_45 0	0	0.000000	334	1024
cn107_cn104.cs.uwaterloo.ca_43 1	0	0.022000	338	3072
cn104_cn104_63 0	0	0.000000	349	1024
cn106_cn104.cs.uwaterloo.ca_52 1	0	0.021000	348	2048
cn101_cn104.cs.uwaterloo.ca_85 1	0	0.025500	333	0
cn104_cn104_75 0	0	0.000000	353	1024
cn101_cn104.cs.uwaterloo.ca_100 1	0	0.025500	332	0
cn101_cn104.cs.uwaterloo.ca_110 1	0	0.025500	335	0
cn101_cn104.cs.uwaterloo.ca_114 1	0	0.025500	336	0
cn101_cn104.cs.uwaterloo.ca_122 1	0	0.025500	337	0
cn106_cn104.cs.uwaterloo.ca_88 1	0	0.021000	362	2048
cn104_cn104_128 0	0	0.000000	372	1024
cn101_cn104.cs.uwaterloo.ca_142 1	0	0.025500	340	0
cn101_cn104.cs.uwaterloo.ca_162 1	0	0.025500	345	0
cn106_cn104.cs.uwaterloo.ca_128 1	0	0.021000	369	2048
cn101_cn104.cs.uwaterloo.ca_167 1	0	0.025500	347	0
cn104_cn104_160 0	0	0.000000	379	1024
cn101_cn104.cs.uwaterloo.ca_189 1	0	0.025500	346	0
cn101_cn104.cs.uwaterloo.ca_195 1	0	0.025500	350	0
cn106_cn104.cs.uwaterloo.ca_189 1	0	0.021000	383	2048
cn102_cn104.cs.uwaterloo.ca_158 2	0	0.080500	339	512
cn101_cn104.cs.uwaterloo.ca_247 1	0	0.025500	352	0
cn102_cn104.cs.uwaterloo.ca_182 2	0	0.080500	341	512
cn102_cn104.cs.uwaterloo.ca_194 2	0	0.080500	342	512
cn104_cn104_202 0	0	0.000000	395	1024
cn106_cn104.cs.uwaterloo.ca_232 1	0	0.021000	390	2048
cn102_cn104.cs.uwaterloo.ca_216 2	0	0.080500	343	512
cn101_cn104.cs.uwaterloo.ca_338 1	0	0.025500	354	0
cn104_cn104_229 0	0	0.000000	406	1024
cn104_cn104_243 0	0	0.000000	413	1024
cn106_cn104.cs.uwaterloo.ca_368 1	0	0.021000	396	2048
cn106_cn104.cs.uwaterloo.ca_379 1	0	0.021000	399	2048
cn106_cn104.cs.uwaterloo.ca_380 1	0	0.021000	394	2048
cn106_cn104.cs.uwaterloo.ca_384 1	0	0.021000	398	2048
cn106_cn104.cs.uwaterloo.ca_393 1	0	0.021000	405	2048
cn106_cn104.cs.uwaterloo.ca_395 1	0	0.021000	414	2048
cn101_cn104.cs.uwaterloo.ca_367 1	0	0.025500	355	0
cn101_cn104.cs.uwaterloo.ca_375 1	0	0.025500	356	0
cn101_cn104.cs.uwaterloo.ca_383 1	0	0.025500	357	0
cn101_cn104.cs.uwaterloo.ca_384 1	0	0.025500	358	0
cn101_cn104.cs.uwaterloo.ca_391 1	0	0.025500	359	0
cn101_cn104.cs.uwaterloo.ca_411 1	0	0.025500	361	0
cn101_cn104.cs.uwaterloo.ca_428 1	0	0.025500	363	0
cn101_cn104.cs.uwaterloo.ca_441 1	0	0.025500	364	0
cn101_cn104.cs.uwaterloo.ca_455 1	0	0.025500	365	0
cn104_cn104_254 0	0	0.000000	420	1024
cn101_cn104.cs.uwaterloo.ca_506 1	0	0.025500	367	0
cn101_cn104.cs.uwaterloo.ca_489 1	0	0.025500	366	0
cn101_cn104.cs.uwaterloo.ca_527 1	0	0.025500	371	0
cn102_cn104.cs.uwaterloo.ca_225 2	0	0.080500	344	512
cn101_cn104.cs.uwaterloo.ca_526 1	0	0.025500	370	0
cn106_cn104.cs.uwaterloo.ca_414 1	0	0.021000	430	2048
cn101_cn104.cs.uwaterloo.ca_547 1	0	0.025500	373	0
cn107_cn104.cs.uwaterloo.ca_280 1	0	0.022000	440	3072
cn106_cn104.cs.uwaterloo.ca_420 1	0	0.021000	451	2048
cn104_cn104_298 0	0	0.000000	455	1024
cn104_cn104_300 0	0	0.000000	456	1024
cn104_cn104_310 0	0	0.000000	465	1024
cn101_cn104.cs.uwaterloo.ca_576 1	0	0.025500	374	0
cn106_cn104.cs.uwaterloo.ca_427 1	0	0.021000	462	2048
cn106_cn104.cs.uwaterloo.ca_431 1	0	0.021000	473	2048
cn106_cn104.cs.uwaterloo.ca_434 1	0	0.021000	480	2048
cn105.cs.uwaterloo.ca_cn104.cs.uwaterloo.ca_252 1	0	0.020500	482	1536
cn102_cn104.cs.uwaterloo.ca_393 2	0	0.080500	351	512
cn101_cn104.cs.uwaterloo.ca_649 1	0	0.025500	381	0
cn101_cn104.cs.uwaterloo.ca_669 1	0	0.025500	384	0
cn101_cn104.cs.uwaterloo.ca_654 1	0	0.025500	382	0
cn101_cn104.cs.uwaterloo.ca_673 1	0	0.025500	387	0
cn101_cn104.cs.uwaterloo.ca_676 1	0	0.025500	388	0
cn101_cn104.cs.uwaterloo.ca_696 1	0	0.025500	389	0
cn101_cn104.cs.uwaterloo.ca_918 1	0	0.025500	385	0
cn101_cn104.cs.uwaterloo.ca_924 1	0	0.025500	386	0
cn102_cn104.cs.uwaterloo.ca_489 2	0	0.080500	360	512
cn101_cn104.cs.uwaterloo.ca_957 1	0	0.025500	397	0
cn101_cn104.cs.uwaterloo.ca_964 1	0	0.025500	402	0
cn101_cn104.cs.uwaterloo.ca_993 1	0	0.025500	391	0
cn101_cn104.cs.uwaterloo.ca_997 1	0	0.025500	407	0
cn101_cn104.cs.uwaterloo.ca_1001 1	0	0.025500	411	0
cn101_cn104.cs.uwaterloo.ca_1003 1	0	0.025500	412	0
cn101_cn104.cs.uwaterloo.ca_999 1	0	0.025500	410	0
cn101_cn104.cs.uwaterloo.ca_995 1	0	0.025500	393	0
cn101_cn104.cs.uwaterloo.ca_1006 1	0	0.025500	415	0
cn102_cn104.cs.uwaterloo.ca_498 2	0	0.080500	368	512
cn101_cn104.cs.uwaterloo.ca_1008 1	0	0.025500	416	0
cn102_cn104.cs.uwaterloo.ca_513 2	0	0.080500	375	512
cn102_cn104.cs.uwaterloo.ca_522 2	0	0.080500	376	512
cn102_cn104.cs.uwaterloo.ca_524 2	0	0.080500	380	512
cn102_cn104.cs.uwaterloo.ca_526 2	0	0.080500	378	512
cn101_cn104.cs.uwaterloo.ca_1173 1	0	0.025500	404	0
cn101_cn104.cs.uwaterloo.ca_1175 1	0	0.025500	400	0
cn101_cn104.cs.uwaterloo.ca_1178 1	0	0.025500	419	0
cn101_cn104.cs.uwaterloo.ca_1177 1	0	0.025500	418	0
cn101_cn104.cs.uwaterloo.ca_1179 1	0	0.025500	421	0
cn101_cn104.cs.uwaterloo.ca_1174 1	0	0.025500	403	0
cn101_cn104.cs.uwaterloo.ca_1181 1	0	0.025500	423	0
cn101_cn104.cs.uwaterloo.ca_1180 1	0	0.025500	422	0
cn101_cn104.cs.uwaterloo.ca_1073 1	0	0.025500	392	0
cn101_cn104.cs.uwaterloo.ca_1176 1	0	0.025500	401	0
cn101_cn104.cs.uwaterloo.ca_1182 1	0	0.025500	424	0
cn101_cn104.cs.uwaterloo.ca_1193 1	0	0.025500	425	0
cn101_cn104.cs.uwaterloo.ca_1199 1	0	0.025500	427	0
cn101_cn104.cs.uwaterloo.ca_1195 1	0	0.025500	426	0
cn101_cn104.cs.uwaterloo.ca_1234 1	0	0.025500	431	0
cn101_cn104.cs.uwaterloo.ca_1236 1	0	0.025500	428	0
cn101_cn104.cs.uwaterloo.ca_1238 1	0	0.025500	432	0
cn101_cn104.cs.uwaterloo.ca_1202 1	0	0.025500	429	0
cn101_cn104.cs.uwaterloo.ca_1241 1	0	0.025500	433	0
cn101_cn104.cs.uwaterloo.ca_1250 1	0	0.025500	435	0
cn101_cn104.cs.uwaterloo.ca_1244 1	0	0.025500	434	0
cn101_cn104.cs.uwaterloo.ca_1246 1	0	0.025500	438	0
cn101_cn104.cs.uwaterloo.ca_1249 1	0	0.025500	439	0
cn101_cn104.cs.uwaterloo.ca_1253 1	0	0.025500	437	0
cn101_cn104.cs.uwaterloo.ca_1256 1	0	0.025500	443	0
cn101_cn104.cs.uwaterloo.ca_1251 1	0	0.025500	441	0
cn101_cn104.cs.uwaterloo.ca_1257 1	0	0.025500	447	0
cn101_cn104.cs.uwaterloo.ca_1267 1	0	0.025500	444	0
cn101_cn104.cs.uwaterloo.ca_1269 1	0	0.025500	446	0
cn101_cn104.cs.uwaterloo.ca_1254 1	0	0.025500	442	0
cn101_cn104.cs.uwaterloo.ca_1276 1	0	0.025500	448	0
cn101_cn104.cs.uwaterloo.ca_1288 1	0	0.025500	454	0
cn101_cn104.cs.uwaterloo.ca_1274 1	0	0.025500	445	0
cn102_cn104.cs.uwaterloo.ca_549 2	0	0.080500	377	512
cn101_cn104.cs.uwaterloo.ca_1295 1	0	0.025500	457	0
cn101_cn104.cs.uwaterloo.ca_1291 1	0	0.025500	450	0
cn101_cn104.cs.uwaterloo.ca_1296 1	0	0.025500	460	0
cn101_cn104.cs.uwaterloo.ca_1306 1	0	0.025500	452	0
cn101_cn104.cs.uwaterloo.ca_1279 1	0	0.025500	453	0
cn101_cn104.cs.uwaterloo.ca_1309 1	0	0.025500	463	0
cn101_cn104.cs.uwaterloo.ca_1300 1	0	0.025500	461	0
cn101_cn104.cs.uwaterloo.ca_1315 1	0	0.025500	467	0
cn101_cn104.cs.uwaterloo.ca_1302 1	0	0.025500	458	0
cn101_cn104.cs.uwaterloo.ca_1317 1	0	0.025500	466	0
cn101_cn104.cs.uwaterloo.ca_1336 1	0	0.025500	470	0
cn101_cn104.cs.uwaterloo.ca_1331 1	0	0.025500	468	0
cn101_cn104.cs.uwaterloo.ca_1326 1	0	0.025500	464	0
cn101_cn104.cs.uwaterloo.ca_1327 1	0	0.025500	459	0
cn101_cn104.cs.uwaterloo.ca_1345 1	0	0.025500	478	0
cn101_cn104.cs.uwaterloo.ca_1329 1	0	0.025500	469	0
cn101_cn104.cs.uwaterloo.ca_1347 1	0	0.025500	481	0
cn101_cn104.cs.uwaterloo.ca_1343 1	0	0.025500	417	0
cn101_cn104.cs.uwaterloo.ca_1360 1	0	0.025500	475	0
cn101_cn104.cs.uwaterloo.ca_1361 1	0	0.025500	476	0
cn101_cn104.cs.uwaterloo.ca_1353 1	0	0.025500	408	0
cn101_cn104.cs.uwaterloo.ca_1364 1	0	0.025500	474	0
cn101_cn104.cs.uwaterloo.ca_1365 1	0	0.025500	472	0
cn101_cn104.cs.uwaterloo.ca_1373 1	0	0.025500	486	0
cn101_cn104.cs.uwaterloo.ca_1386 1	0	0.025500	491	0
cn101_cn104.cs.uwaterloo.ca_1374 1	0	0.025500	488	0
cn101_cn104.cs.uwaterloo.ca_1370 1	0	0.025500	484	0
cn101_cn104.cs.uwaterloo.ca_1410 1	0	0.025500	492	0
cn101_cn104.cs.uwaterloo.ca_1411 1	0	0.025500	485	0
cn101_cn104.cs.uwaterloo.ca_1368 1	0	0.025500	487	0
cn101_cn104.cs.uwaterloo.ca_1417 1	0	0.025500	490	0
cn101_cn104.cs.uwaterloo.ca_1444 1	0	0.025500	493	0
cn101_cn104.cs.uwaterloo.ca_1447 1	0	0.025500	489	0
cn101_cn104.cs.uwaterloo.ca_1450 1	0	0.025500	495	0
cn102_cn104.cs.uwaterloo.ca_583 2	0	0.080500	436	512
cn101_cn104.cs.uwaterloo.ca_1455 1	0	0.025500	494	0
cn101_cn104.cs.uwaterloo.ca_1483 1	0	0.025500	496	0
cn102_cn104.cs.uwaterloo.ca_604 2	0	0.080500	471	512
cn102_cn104.cs.uwaterloo.ca_603 2	0	0.080500	409	512
cn102_cn104.cs.uwaterloo.ca_602 2	0	0.080500	449	512
cn101_cn104.cs.uwaterloo.ca_1544 1	0	0.025500	497	0
cn101_cn104.cs.uwaterloo.ca_1627 1	0	0.025500	479	0
cn101_cn104.cs.uwaterloo.ca_1628 1	0	0.025500	477	0
cn101_cn104.cs.uwaterloo.ca_1629 1	0	0.025500	483	0
