cn102_cn102_639 0	0	0.000000	S	167	512
cn105.cs.uwaterloo.ca_cn102.cs.uwaterloo.ca_401 1	0	0.021500	S	169	1536
cn106_cn102_562 1	0	0.019500	S	171	2048
cn101_cn102.cs.uwaterloo.ca_1669 1	0	0.024000	S	166	0
cn106_cn102_564 1	0	0.019500	S	182	2048
cn101_cn102.cs.uwaterloo.ca_1673 1	0	0.024000	S	168	0
cn102_cn102_662 0	0	0.000000	S	186	512
cn101_cn102.cs.uwaterloo.ca_1677 1	0	0.024000	S	170	0
cn101_cn102.cs.uwaterloo.ca_1682 1	0	0.024000	S	172	0
cn101_cn102.cs.uwaterloo.ca_1686 1	0	0.024000	S	173	0
cn101_cn102.cs.uwaterloo.ca_1691 1	0	0.024000	S	175	0
cn101_cn102.cs.uwaterloo.ca_1695 1	0	0.024000	S	177	0
cn101_cn102.cs.uwaterloo.ca_1698 1	0	0.024000	S	176	0
cn101_cn102.cs.uwaterloo.ca_1702 1	0	0.024000	S	178	0
cn101_cn102.cs.uwaterloo.ca_1712 1	0	0.024000	S	180	0
cn101_cn102.cs.uwaterloo.ca_1711 1	0	0.024000	S	179	0
cn102_cn102_694 0	0	0.000000	S	203	512
cn106_cn102_581 1	0	0.019500	S	201	2048
cn101_cn102.cs.uwaterloo.ca_1722 1	0	0.024000	S	183	0
cn101_cn102.cs.uwaterloo.ca_1734 1	0	0.024000	S	184	0
cn102_cn102_710 0	0	0.000000	S	210	512
cn101_cn102.cs.uwaterloo.ca_1738 1	0	0.024000	S	185	0
cn106_cn102_617 1	0	0.019500	S	209	2048
cn101_cn102.cs.uwaterloo.ca_1756 1	0	0.024000	S	187	0
cn101_cn102.cs.uwaterloo.ca_1758 1	0	0.024000	S	188	0
cn106_cn102_624 1	0	0.019500	S	214	2048
cn104_cn102.cs.uwaterloo.ca_754 2	0	0.043000	S	174	1024
cn105.cs.uwaterloo.ca_cn102.cs.uwaterloo.ca_488 1	0	0.021500	S	220	1536
cn106_cn102_631 1	0	0.019500	S	216	2048
cn106_cn102_635 1	0	0.019500	S	217	2048
cn101_cn102.cs.uwaterloo.ca_1775 1	0	0.024000	S	190	0
cn101_cn102.cs.uwaterloo.ca_1778 1	0	0.024000	S	191	0
cn106_cn102_645 1	0	0.019500	S	219	2048
cn101_cn102.cs.uwaterloo.ca_1781 1	0	0.024000	S	189	0
cn106_cn102_650 1	0	0.019500	S	221	2048
cn104_cn102.cs.uwaterloo.ca_762 2	0	0.043000	S	181	1024
cn102_cn102_748 0	0	0.000000	S	228	512
cn101_cn102.cs.uwaterloo.ca_1802 1	0	0.024000	S	192	0
cn101_cn102.cs.uwaterloo.ca_1813 1	0	0.024000	S	193	0
cn101_cn102.cs.uwaterloo.ca_1828 1	0	0.024000	S	194	0
cn101_cn102.cs.uwaterloo.ca_1835 1	0	0.024000	S	196	0
cn101_cn102.cs.uwaterloo.ca_1874 1	0	0.024000	S	200	0
cn101_cn102.cs.uwaterloo.ca_1888 1	0	0.024000	S	202	0
cn104_cn102.cs.uwaterloo.ca_789 2	0	0.043000	S	195	1024
cn104_cn102.cs.uwaterloo.ca_796 2	0	0.043000	S	197	1024
cn101_cn102.cs.uwaterloo.ca_1981 1	0	0.024000	S	204	0
cn101_cn102.cs.uwaterloo.ca_1992 1	0	0.024000	S	205	0
cn104_cn102.cs.uwaterloo.ca_800 2	0	0.043000	S	198	1024
cn101_cn102.cs.uwaterloo.ca_2003 1	0	0.024000	S	206	0
cn104_cn102.cs.uwaterloo.ca_808 2	0	0.043000	S	199	1024
cn101_cn102.cs.uwaterloo.ca_2008 1	0	0.024000	S	208	0
cn101_cn102.cs.uwaterloo.ca_2039 1	0	0.024000	S	211	0
cn101_cn102.cs.uwaterloo.ca_2046 1	0	0.024000	S	212	0
cn101_cn102.cs.uwaterloo.ca_2052 1	0	0.024000	S	213	0
cn101_cn102.cs.uwaterloo.ca_2076 1	0	0.024000	S	218	0
cn101_cn102.cs.uwaterloo.ca_2113 1	0	0.024000	S	222	0
cn101_cn102.cs.uwaterloo.ca_2124 1	0	0.024000	S	223	0
cn101_cn102.cs.uwaterloo.ca_2131 1	0	0.024000	S	224	0
cn101_cn102.cs.uwaterloo.ca_2150 1	0	0.024000	S	225	0
cn104_cn102.cs.uwaterloo.ca_869 2	0	0.043000	S	207	1024
cn101_cn102.cs.uwaterloo.ca_2214 1	0	0.024000	S	226	0
cn101_cn102.cs.uwaterloo.ca_2250 1	0	0.024000	S	227	0
cn101_cn102.cs.uwaterloo.ca_2340 1	0	0.024000	S	229	0
cn101_cn102.cs.uwaterloo.ca_2342 1	0	0.024000	S	232	0
cn102_cn102_774 0	0	0.000000	S	241	512
cn102_cn102_796 0	0	0.000000	S	255	512
cn106_cn102_706 1	0	0.019500	S	230	2048
cn101_cn102.cs.uwaterloo.ca_2350 1	0	0.024000	S	237	0
cn102_cn102_829 0	0	0.000000	S	279	512
cn101_cn102.cs.uwaterloo.ca_2355 1	0	0.024000	S	238	0
cn101_cn102.cs.uwaterloo.ca_2357 1	0	0.024000	S	239	0
cn101_cn102.cs.uwaterloo.ca_2377 1	0	0.024000	S	243	0
cn101_cn102.cs.uwaterloo.ca_2381 1	0	0.024000	S	245	0
cn101_cn102.cs.uwaterloo.ca_2413 1	0	0.024000	S	248	0
cn101_cn102.cs.uwaterloo.ca_2421 1	0	0.024000	S	250	0
cn101_cn102.cs.uwaterloo.ca_2422 1	0	0.024000	S	252	0
cn101_cn102.cs.uwaterloo.ca_2435 1	0	0.024000	S	253	0
cn101_cn102.cs.uwaterloo.ca_2446 1	0	0.024000	S	256	0
cn104_cn102.cs.uwaterloo.ca_897 2	0	0.043000	S	215	1024
cn101_cn102.cs.uwaterloo.ca_2504 1	0	0.024000	S	257	0
cn101_cn102.cs.uwaterloo.ca_2512 1	0	0.024000	S	258	0
cn101_cn102.cs.uwaterloo.ca_2517 1	0	0.024000	S	259	0
cn101_cn102.cs.uwaterloo.ca_2528 1	0	0.024000	S	260	0
cn101_cn102.cs.uwaterloo.ca_2545 1	0	0.024000	S	261	0
cn101_cn102.cs.uwaterloo.ca_2554 1	0	0.024000	S	262	0
cn101_cn102.cs.uwaterloo.ca_2557 1	0	0.024000	S	263	0
cn101_cn102.cs.uwaterloo.ca_2570 1	0	0.024000	S	235	0
cn101_cn102.cs.uwaterloo.ca_2573 1	0	0.024000	S	236	0
cn101_cn102.cs.uwaterloo.ca_2574 1	0	0.024000	S	233	0
cn101_cn102.cs.uwaterloo.ca_2576 1	0	0.024000	S	264	0
cn101_cn102.cs.uwaterloo.ca_2589 1	0	0.024000	S	234	0
cn101_cn102.cs.uwaterloo.ca_2595 1	0	0.024000	S	266	0
cn101_cn102.cs.uwaterloo.ca_2602 1	0	0.024000	S	268	0
cn101_cn102.cs.uwaterloo.ca_2609 1	0	0.024000	S	274	0
cn101_cn102.cs.uwaterloo.ca_2613 1	0	0.024000	S	275	0
cn101_cn102.cs.uwaterloo.ca_2618 1	0	0.024000	S	280	0
cn101_cn102.cs.uwaterloo.ca_2621 1	0	0.024000	S	286	0
cn101_cn102.cs.uwaterloo.ca_2622 1	0	0.024000	S	288	0
cn101_cn102.cs.uwaterloo.ca_2642 1	0	0.024000	S	282	0
cn102_cn102_846 0	0	0.000000	S	293	512
cn102_cn102_855 0	0	0.000000	S	299	512
cn102_cn102_869 0	0	0.000000	S	312	512
cn102_cn102_885 0	0	0.000000	S	327	512
cn106_cn102_892 1	0	0.019500	S	242	2048
cn106_cn102_895 1	0	0.019500	S	244	2048
cn106_cn102_896 1	0	0.019500	S	246	2048
cn106_cn102_900 1	0	0.019500	S	247	2048
cn106_cn102_902 1	0	0.019500	S	249	2048
cn106_cn102_904 1	0	0.019500	S	254	2048
cn106_cn102_918 1	0	0.019500	S	270	2048
cn106_cn102_925 1	0	0.019500	S	283	2048
cn106_cn102_989 1	0	0.019500	S	297	2048
cn106_cn102_992 1	0	0.019500	S	308	2048
cn106_cn102_1006 1	0	0.019500	S	325	2048
cn104_cn102.cs.uwaterloo.ca_988 2	0	0.043000	S	231	1024
cn101_cn102.cs.uwaterloo.ca_2756 1	0	0.024000	S	267	0
cn101_cn102.cs.uwaterloo.ca_2759 1	0	0.024000	S	271	0
cn101_cn102.cs.uwaterloo.ca_2761 1	0	0.024000	S	278	0
cn101_cn102.cs.uwaterloo.ca_2766 1	0	0.024000	S	276	0
cn101_cn102.cs.uwaterloo.ca_2769 1	0	0.024000	S	265	0
cn101_cn102.cs.uwaterloo.ca_2772 1	0	0.024000	S	272	0
cn101_cn102.cs.uwaterloo.ca_2774 1	0	0.024000	S	289	0
cn101_cn102.cs.uwaterloo.ca_2777 1	0	0.024000	S	273	0
cn101_cn102.cs.uwaterloo.ca_2786 1	0	0.024000	S	290	0
cn101_cn102.cs.uwaterloo.ca_2791 1	0	0.024000	S	292	0
cn101_cn102.cs.uwaterloo.ca_2796 1	0	0.024000	S	291	0
cn101_cn102.cs.uwaterloo.ca_2805 1	0	0.024000	S	294	0
cn101_cn102.cs.uwaterloo.ca_2824 1	0	0.024000	S	301	0
cn101_cn102.cs.uwaterloo.ca_2826 1	0	0.024000	S	300	0
cn101_cn102.cs.uwaterloo.ca_2829 1	0	0.024000	S	302	0
cn101_cn102.cs.uwaterloo.ca_2841 1	0	0.024000	S	304	0
cn101_cn102.cs.uwaterloo.ca_2844 1	0	0.024000	S	303	0
cn101_cn102.cs.uwaterloo.ca_2847 1	0	0.024000	S	296	0
cn101_cn102.cs.uwaterloo.ca_2862 1	0	0.024000	S	306	0
cn101_cn102.cs.uwaterloo.ca_2869 1	0	0.024000	S	309	0
cn101_cn102.cs.uwaterloo.ca_2880 1	0	0.024000	S	307	0
cn101_cn102.cs.uwaterloo.ca_2890 1	0	0.024000	S	313	0
cn101_cn102.cs.uwaterloo.ca_2888 1	0	0.024000	S	311	0
cn101_cn102.cs.uwaterloo.ca_2886 1	0	0.024000	S	310	0
cn101_cn102.cs.uwaterloo.ca_2895 1	0	0.024000	S	315	0
cn101_cn102.cs.uwaterloo.ca_2894 1	0	0.024000	S	316	0
cn101_cn102.cs.uwaterloo.ca_2898 1	0	0.024000	S	320	0
cn101_cn102.cs.uwaterloo.ca_2902 1	0	0.024000	S	323	0
cn101_cn102.cs.uwaterloo.ca_2907 1	0	0.024000	S	324	0
cn101_cn102.cs.uwaterloo.ca_2914 1	0	0.024000	S	319	0
cn101_cn102.cs.uwaterloo.ca_2915 1	0	0.024000	S	314	0
cn101_cn102.cs.uwaterloo.ca_2918 1	0	0.024000	S	321	0
cn101_cn102.cs.uwaterloo.ca_2924 1	0	0.024000	S	318	0
cn101_cn102.cs.uwaterloo.ca_2928 1	0	0.024000	S	322	0
cn107_cn102_624 1	0	0.021500	S	295	3072
cn101_cn102.cs.uwaterloo.ca_2967 1	0	0.024000	S	326	0
cn101_cn102.cs.uwaterloo.ca_2969 1	0	0.024000	S	305	0
cn101_cn102.cs.uwaterloo.ca_2971 1	0	0.024000	S	328	0
cn101_cn102.cs.uwaterloo.ca_2976 1	0	0.024000	S	330	0
cn101_cn102.cs.uwaterloo.ca_2979 1	0	0.024000	S	329	0
cn101_cn102.cs.uwaterloo.ca_2978 1	0	0.024000	S	331	0
cn104_cn102.cs.uwaterloo.ca_1118 2	0	0.043000	S	240	1024
cn104_cn102.cs.uwaterloo.ca_1135 2	0	0.043000	S	251	1024
cn104_cn102.cs.uwaterloo.ca_1173 2	0	0.043000	S	281	1024
cn104_cn102.cs.uwaterloo.ca_1177 2	0	0.043000	S	285	1024
cn104_cn102.cs.uwaterloo.ca_1169 2	0	0.043000	S	269	1024
cn104_cn102.cs.uwaterloo.ca_1165 2	0	0.043000	S	277	1024
cn104_cn102.cs.uwaterloo.ca_1175 2	0	0.043000	S	284	1024
cn104_cn102.cs.uwaterloo.ca_1179 2	0	0.043000	S	287	1024
cn104_cn102.cs.uwaterloo.ca_1283 2	0	0.043000	S	317	1024
cn104_cn102.cs.uwaterloo.ca_1270 2	0	0.043000	S	298	1024
