cn101_cn101_3 0	0	0.000000	0	0
cn101_cn101_5 0	0	0.000000	1	0
cn101_cn101_7 0	0	0.000000	2	0
cn101_cn101_10 0	0	0.000000	3	0
cn101_cn101_13 0	0	0.000000	4	0
cn101_cn101_18 0	0	0.000000	5	0
cn101_cn101_21 0	0	0.000000	6	0
cn101_cn101_27 0	0	0.000000	7	0
cn101_cn101_49 0	0	0.000000	8	0
cn101_cn101_51 0	0	0.000000	9	0
cn101_cn101_55 0	0	0.000000	10	0
cn101_cn101_59 0	0	0.000000	11	0
cn101_cn101_62 0	0	0.000000	12	0
cn101_cn101_67 0	0	0.000000	13	0
cn101_cn101_71 0	0	0.000000	14	0
cn101_cn101_74 0	0	0.000000	15	0
cn101_cn101_78 0	0	0.000000	16	0
cn101_cn101_82 0	0	0.000000	17	0
cn101_cn101_86 0	0	0.000000	18	0
cn101_cn101_88 0	0	0.000000	19	0
cn101_cn101_93 0	0	0.000000	20	0
cn101_cn101_97 0	0	0.000000	21	0
cn101_cn101_101 0	0	0.000000	22	0
cn101_cn101_108 0	0	0.000000	24	0
cn101_cn101_111 0	0	0.000000	25	0
cn101_cn101_114 0	0	0.000000	26	0
cn101_cn101_123 0	0	0.000000	28	0
cn106_cn101.cs.uwaterloo.ca_90 1	0	0.024500	23	2048
cn101_cn101_148 0	0	0.000000	30	0
cn101_cn101_154 0	0	0.000000	31	0
cn101_cn101_159 0	0	0.000000	32	0
cn101_cn101_180 0	0	0.000000	36	0
cn101_cn101_188 0	0	0.000000	38	0
cn101_cn101_198 0	0	0.000000	40	0
cn101_cn101_213 0	0	0.000000	42	0
cn101_cn101_217 0	0	0.000000	43	0
cn101_cn101_223 0	0	0.000000	44	0
cn101_cn101_227 0	0	0.000000	45	0
cn101_cn101_230 0	0	0.000000	46	0
cn101_cn101_234 0	0	0.000000	47	0
cn101_cn101_239 0	0	0.000000	48	0
cn101_cn101_244 0	0	0.000000	49	0
cn101_cn101_253 0	0	0.000000	50	0
cn101_cn101_256 0	0	0.000000	51	0
cn101_cn101_260 0	0	0.000000	52	0
cn101_cn101_264 0	0	0.000000	53	0
cn101_cn101_269 0	0	0.000000	55	0
cn101_cn101_276 0	0	0.000000	56	0
cn101_cn101_280 0	0	0.000000	57	0
cn101_cn101_288 0	0	0.000000	60	0
cn101_cn101_299 0	0	0.000000	62	0
cn101_cn101_305 0	0	0.000000	63	0
cn101_cn101_309 0	0	0.000000	64	0
cn101_cn101_314 0	0	0.000000	65	0
cn101_cn101_317 0	0	0.000000	66	0
cn101_cn101_322 0	0	0.000000	67	0
cn101_cn101_327 0	0	0.000000	68	0
cn101_cn101_332 0	0	0.000000	69	0
cn101_cn101_335 0	0	0.000000	70	0
cn101_cn101_342 0	0	0.000000	72	0
cn101_cn101_344 0	0	0.000000	73	0
cn101_cn101_350 0	0	0.000000	74	0
cn101_cn101_353 0	0	0.000000	75	0
cn101_cn101_357 0	0	0.000000	76	0
cn101_cn101_371 0	0	0.000000	78	0
cn101_cn101_379 0	0	0.000000	80	0
cn101_cn101_383 0	0	0.000000	81	0
cn101_cn101_387 0	0	0.000000	82	0
cn101_cn101_392 0	0	0.000000	83	0
cn101_cn101_398 0	0	0.000000	84	0
cn101_cn101_405 0	0	0.000000	85	0
cn101_cn101_437 0	0	0.000000	86	0
cn101_cn101_454 0	0	0.000000	88	0
cn101_cn101_459 0	0	0.000000	90	0
cn101_cn101_467 0	0	0.000000	92	0
cn101_cn101_470 0	0	0.000000	93	0
cn101_cn101_474 0	0	0.000000	94	0
cn101_cn101_480 0	0	0.000000	95	0
cn101_cn101_486 0	0	0.000000	96	0
cn101_cn101_492 0	0	0.000000	97	0
cn101_cn101_515 0	0	0.000000	98	0
cn101_cn101_519 0	0	0.000000	100	0
cn101_cn101_525 0	0	0.000000	101	0
cn101_cn101_530 0	0	0.000000	102	0
cn101_cn101_536 0	0	0.000000	103	0
cn101_cn101_543 0	0	0.000000	104	0
cn101_cn101_546 0	0	0.000000	105	0
cn101_cn101_550 0	0	0.000000	106	0
cn101_cn101_562 0	0	0.000000	109	0
cn101_cn101_568 0	0	0.000000	111	0
cn101_cn101_576 0	0	0.000000	112	0
cn101_cn101_580 0	0	0.000000	113	0
cn101_cn101_585 0	0	0.000000	114	0
cn101_cn101_591 0	0	0.000000	116	0
cn101_cn101_596 0	0	0.000000	117	0
cn101_cn101_604 0	0	0.000000	119	0
cn101_cn101_620 0	0	0.000000	124	0
cn101_cn101_626 0	0	0.000000	125	0
cn101_cn101_631 0	0	0.000000	126	0
cn101_cn101_637 0	0	0.000000	128	0
cn101_cn101_644 0	0	0.000000	129	0
cn101_cn101_649 0	0	0.000000	130	0
cn101_cn101_653 0	0	0.000000	131	0
cn101_cn101_657 0	0	0.000000	132	0
cn101_cn101_660 0	0	0.000000	133	0
cn101_cn101_665 0	0	0.000000	134	0
cn101_cn101_671 0	0	0.000000	136	0
cn101_cn101_677 0	0	0.000000	137	0
cn101_cn101_681 0	0	0.000000	138	0
cn101_cn101_687 0	0	0.000000	139	0
cn101_cn101_692 0	0	0.000000	140	0
cn101_cn101_695 0	0	0.000000	141	0
cn101_cn101_722 0	0	0.000000	143	0
cn101_cn101_728 0	0	0.000000	144	0
cn101_cn101_732 0	0	0.000000	145	0
cn101_cn101_734 0	0	0.000000	146	0
cn101_cn101_739 0	0	0.000000	147	0
cn101_cn101_743 0	0	0.000000	148	0
cn101_cn101_746 0	0	0.000000	150	0
cn101_cn101_748 0	0	0.000000	151	0
cn101_cn101_750 0	0	0.000000	152	0
cn101_cn101_754 0	0	0.000000	155	0
cn101_cn101_760 0	0	0.000000	156	0
cn101_cn101_763 0	0	0.000000	157	0
cn101_cn101_765 0	0	0.000000	158	0
cn101_cn101_773 0	0	0.000000	159	0
cn101_cn101_778 0	0	0.000000	160	0
cn101_cn101_780 0	0	0.000000	161	0
cn101_cn101_785 0	0	0.000000	162	0
cn101_cn101_788 0	0	0.000000	163	0
cn101_cn101_795 0	0	0.000000	164	0
cn101_cn101_164 0	0	0.000000	33	0
cn101_cn101_170 0	0	0.000000	34	0
cn102_cn101.cs.uwaterloo.ca_166 1	0	0.022000	27	512
cn104_cn101.cs.uwaterloo.ca_185 1	0	0.025500	29	1024
cn107_cn101.cs.uwaterloo.ca_237 1	0	0.022500	108	3072
cn106_cn101.cs.uwaterloo.ca_211 1	0	0.024500	58	2048
cn106_cn101.cs.uwaterloo.ca_228 1	0	0.024500	61	2048
cn104_cn101.cs.uwaterloo.ca_259 1	0	0.025500	59	1024
cn105.cs.uwaterloo.ca_cn101_234 2	0	0.046500	54	1536
cn106_cn101.cs.uwaterloo.ca_314 1	0	0.024500	79	2048
cn106_cn101.cs.uwaterloo.ca_337 1	0	0.024500	165	2048
cn106_cn101.cs.uwaterloo.ca_325 1	0	0.024500	99	2048
cn106_cn101.cs.uwaterloo.ca_333 1	0	0.024500	142	2048
cn106_cn101.cs.uwaterloo.ca_335 1	0	0.024500	153	2048
cn106_cn101.cs.uwaterloo.ca_330 1	0	0.024500	118	2048
cn102_cn101.cs.uwaterloo.ca_372 1	0	0.022000	77	512
cn102_cn101.cs.uwaterloo.ca_381 1	0	0.022000	87	512
cn102_cn101.cs.uwaterloo.ca_391 1	0	0.022000	110	512
cn102_cn101.cs.uwaterloo.ca_395 1	0	0.022000	120	512
cn102_cn101.cs.uwaterloo.ca_410 1	0	0.022000	149	512
cn101_cn101_184 0	0	0.000000	37	0
cn101_cn101_176 0	0	0.000000	35	0
cn101_cn101_194 0	0	0.000000	39	0
cn101_cn101_209 0	0	0.000000	41	0
cn104_cn101.cs.uwaterloo.ca_269 1	0	0.025500	71	1024
cn106_cn101.cs.uwaterloo.ca_319 1	0	0.024500	89	2048
cn104_cn101.cs.uwaterloo.ca_361 1	0	0.025500	115	1024
cn104_cn101.cs.uwaterloo.ca_342 1	0	0.025500	91	1024
cn104_cn101.cs.uwaterloo.ca_357 1	0	0.025500	107	1024
