cn102_cn102_24 0	0	0.000000	167	512
cn105.cs.uwaterloo.ca_cn102.cs.uwaterloo.ca_27 1	0	0.023000	169	1536
cn106_cn102_46 1	0	0.022500	171	2048
cn101_cn102.cs.uwaterloo.ca_65 1	0	0.020000	166	0
cn101_cn102.cs.uwaterloo.ca_67 1	0	0.020000	168	0
cn104_cn102_61 1	0	0.024000	174	1024
cn102_cn102_65 0	0	0.000000	186	512
cn106_cn102_75 1	0	0.022500	182	2048
cn104_cn102_86 1	0	0.024000	181	1024
cn101_cn102.cs.uwaterloo.ca_110 1	0	0.020000	170	0
cn101_cn102.cs.uwaterloo.ca_124 1	0	0.020000	172	0
cn101_cn102.cs.uwaterloo.ca_126 1	0	0.020000	173	0
cn102_cn102_105 0	0	0.000000	203	512
cn102_cn102_120 0	0	0.000000	210	512
cn105.cs.uwaterloo.ca_cn102.cs.uwaterloo.ca_164 1	0	0.023000	220	1536
cn101_cn102.cs.uwaterloo.ca_185 1	0	0.020000	175	0
cn106_cn102_162 1	0	0.022500	201	2048
cn104_cn102_176 1	0	0.024000	195	1024
cn102_cn102_158 0	0	0.000000	228	512
cn102_cn102_181 0	0	0.000000	241	512
cn104_cn102_199 1	0	0.024000	197	1024
cn106_cn102_204 1	0	0.022500	209	2048
cn102_cn102_202 0	0	0.000000	255	512
cn104_cn102_204 1	0	0.024000	198	1024
cn104_cn102_207 1	0	0.024000	199	1024
cn104_cn102_211 1	0	0.024000	207	1024
cn106_cn102_219 1	0	0.022500	214	2048
cn106_cn102_222 1	0	0.022500	216	2048
cn101_cn102.cs.uwaterloo.ca_204 1	0	0.020000	176	0
cn104_cn102_223 1	0	0.024000	215	1024
cn106_cn102_224 1	0	0.022500	217	2048
cn106_cn102_230 1	0	0.022500	219	2048
cn106_cn102_235 1	0	0.022500	221	2048
cn102_cn102_227 0	0	0.000000	279	512
cn101_cn102.cs.uwaterloo.ca_255 1	0	0.020000	177	0
cn101_cn102.cs.uwaterloo.ca_260 1	0	0.020000	178	0
cn102_cn102_242 0	0	0.000000	293	512
cn101_cn102.cs.uwaterloo.ca_277 1	0	0.020000	179	0
cn102_cn102_249 0	0	0.000000	299	512
cn101_cn102.cs.uwaterloo.ca_298 1	0	0.020000	180	0
cn102_cn102_263 0	0	0.000000	312	512
cn102_cn102_279 0	0	0.000000	327	512
cn104_cn102_327 1	0	0.024000	231	1024
cn104_cn102_330 1	0	0.024000	240	1024
cn104_cn102_340 1	0	0.024000	251	1024
cn106_cn102_330 1	0	0.022500	230	2048
cn106_cn102_347 1	0	0.022500	247	2048
cn106_cn102_345 1	0	0.022500	244	2048
cn106_cn102_339 1	0	0.022500	242	2048
cn104_cn102_363 1	0	0.024000	269	1024
cn107_cn102_249 1	0	0.023500	295	3072
cn104_cn102_369 1	0	0.024000	277	1024
cn106_cn102_346 1	0	0.022500	246	2048
cn106_cn102_348 1	0	0.022500	249	2048
cn104_cn102_382 1	0	0.024000	281	1024
cn106_cn102_366 1	0	0.022500	254	2048
cn106_cn102_376 1	0	0.022500	270	2048
cn104_cn102_389 1	0	0.024000	284	1024
cn104_cn102_392 1	0	0.024000	285	1024
cn106_cn102_389 1	0	0.022500	283	2048
cn106_cn102_392 1	0	0.022500	297	2048
cn101_cn102.cs.uwaterloo.ca_376 1	0	0.020000	183	0
cn106_cn102_396 1	0	0.022500	308	2048
cn104_cn102_407 1	0	0.024000	298	1024
cn106_cn102_398 1	0	0.022500	325	2048
cn101_cn102.cs.uwaterloo.ca_379 1	0	0.020000	184	0
cn104_cn102_405 1	0	0.024000	287	1024
cn101_cn102.cs.uwaterloo.ca_390 1	0	0.020000	185	0
cn101_cn102.cs.uwaterloo.ca_405 1	0	0.020000	187	0
cn101_cn102.cs.uwaterloo.ca_424 1	0	0.020000	188	0
cn101_cn102.cs.uwaterloo.ca_429 1	0	0.020000	189	0
cn104_cn102_428 1	0	0.024000	317	1024
cn101_cn102.cs.uwaterloo.ca_433 1	0	0.020000	190	0
cn101_cn102.cs.uwaterloo.ca_449 1	0	0.020000	191	0
cn101_cn102.cs.uwaterloo.ca_481 1	0	0.020000	193	0
cn101_cn102.cs.uwaterloo.ca_476 1	0	0.020000	192	0
cn101_cn102.cs.uwaterloo.ca_525 1	0	0.020000	194	0
cn101_cn102.cs.uwaterloo.ca_576 1	0	0.020000	196	0
cn101_cn102.cs.uwaterloo.ca_655 1	0	0.020000	200	0
cn101_cn102.cs.uwaterloo.ca_674 1	0	0.020000	202	0
cn101_cn102.cs.uwaterloo.ca_683 1	0	0.020000	208	0
cn101_cn102.cs.uwaterloo.ca_687 1	0	0.020000	211	0
cn101_cn102.cs.uwaterloo.ca_692 1	0	0.020000	218	0
cn101_cn102.cs.uwaterloo.ca_694 1	0	0.020000	223	0
cn101_cn102.cs.uwaterloo.ca_737 1	0	0.020000	205	0
cn101_cn102.cs.uwaterloo.ca_741 1	0	0.020000	204	0
cn101_cn102.cs.uwaterloo.ca_740 1	0	0.020000	206	0
cn101_cn102.cs.uwaterloo.ca_742 1	0	0.020000	227	0
cn101_cn102.cs.uwaterloo.ca_762 1	0	0.020000	226	0
cn101_cn102.cs.uwaterloo.ca_765 1	0	0.020000	229	0
cn101_cn102.cs.uwaterloo.ca_779 1	0	0.020000	233	0
cn101_cn102.cs.uwaterloo.ca_788 1	0	0.020000	236	0
cn101_cn102.cs.uwaterloo.ca_785 1	0	0.020000	234	0
cn101_cn102.cs.uwaterloo.ca_777 1	0	0.020000	232	0
cn101_cn102.cs.uwaterloo.ca_790 1	0	0.020000	235	0
cn101_cn102.cs.uwaterloo.ca_797 1	0	0.020000	239	0
cn101_cn102.cs.uwaterloo.ca_792 1	0	0.020000	237	0
cn101_cn102.cs.uwaterloo.ca_794 1	0	0.020000	238	0
cn101_cn102.cs.uwaterloo.ca_802 1	0	0.020000	243	0
cn101_cn102.cs.uwaterloo.ca_814 1	0	0.020000	245	0
cn101_cn102.cs.uwaterloo.ca_822 1	0	0.020000	248	0
cn101_cn102.cs.uwaterloo.ca_838 1	0	0.020000	252	0
cn101_cn102.cs.uwaterloo.ca_833 1	0	0.020000	250	0
cn101_cn102.cs.uwaterloo.ca_841 1	0	0.020000	253	0
cn101_cn102.cs.uwaterloo.ca_855 1	0	0.020000	256	0
cn101_cn102.cs.uwaterloo.ca_863 1	0	0.020000	257	0
cn101_cn102.cs.uwaterloo.ca_873 1	0	0.020000	259	0
cn101_cn102.cs.uwaterloo.ca_870 1	0	0.020000	258	0
cn101_cn102.cs.uwaterloo.ca_883 1	0	0.020000	262	0
cn101_cn102.cs.uwaterloo.ca_885 1	0	0.020000	261	0
cn101_cn102.cs.uwaterloo.ca_887 1	0	0.020000	260	0
cn101_cn102.cs.uwaterloo.ca_894 1	0	0.020000	264	0
cn101_cn102.cs.uwaterloo.ca_899 1	0	0.020000	263	0
cn101_cn102.cs.uwaterloo.ca_908 1	0	0.020000	266	0
cn101_cn102.cs.uwaterloo.ca_920 1	0	0.020000	267	0
cn101_cn102.cs.uwaterloo.ca_922 1	0	0.020000	265	0
cn101_cn102.cs.uwaterloo.ca_932 1	0	0.020000	268	0
cn101_cn102.cs.uwaterloo.ca_934 1	0	0.020000	271	0
cn101_cn102.cs.uwaterloo.ca_937 1	0	0.020000	272	0
cn101_cn102.cs.uwaterloo.ca_940 1	0	0.020000	274	0
cn101_cn102.cs.uwaterloo.ca_948 1	0	0.020000	275	0
cn101_cn102.cs.uwaterloo.ca_970 1	0	0.020000	276	0
cn101_cn102.cs.uwaterloo.ca_972 1	0	0.020000	273	0
cn101_cn102.cs.uwaterloo.ca_1101 1	0	0.020000	278	0
cn101_cn102.cs.uwaterloo.ca_1106 1	0	0.020000	282	0
cn101_cn102.cs.uwaterloo.ca_1113 1	0	0.020000	280	0
cn101_cn102.cs.uwaterloo.ca_1118 1	0	0.020000	286	0
cn101_cn102.cs.uwaterloo.ca_1126 1	0	0.020000	289	0
cn101_cn102.cs.uwaterloo.ca_1129 1	0	0.020000	290	0
cn101_cn102.cs.uwaterloo.ca_1131 1	0	0.020000	288	0
cn101_cn102.cs.uwaterloo.ca_1150 1	0	0.020000	224	0
cn101_cn102.cs.uwaterloo.ca_1151 1	0	0.020000	225	0
cn101_cn102.cs.uwaterloo.ca_1155 1	0	0.020000	302	0
cn101_cn102.cs.uwaterloo.ca_1156 1	0	0.020000	303	0
cn101_cn102.cs.uwaterloo.ca_1159 1	0	0.020000	304	0
cn101_cn102.cs.uwaterloo.ca_1161 1	0	0.020000	306	0
cn101_cn102.cs.uwaterloo.ca_1162 1	0	0.020000	307	0
cn101_cn102.cs.uwaterloo.ca_1164 1	0	0.020000	309	0
cn101_cn102.cs.uwaterloo.ca_1165 1	0	0.020000	310	0
cn101_cn102.cs.uwaterloo.ca_1167 1	0	0.020000	313	0
cn101_cn102.cs.uwaterloo.ca_1166 1	0	0.020000	311	0
cn101_cn102.cs.uwaterloo.ca_1169 1	0	0.020000	315	0
cn101_cn102.cs.uwaterloo.ca_1168 1	0	0.020000	314	0
cn101_cn102.cs.uwaterloo.ca_1170 1	0	0.020000	316	0
cn101_cn102.cs.uwaterloo.ca_1171 1	0	0.020000	318	0
cn101_cn102.cs.uwaterloo.ca_1174 1	0	0.020000	321	0
cn101_cn102.cs.uwaterloo.ca_1172 1	0	0.020000	319	0
cn101_cn102.cs.uwaterloo.ca_1173 1	0	0.020000	320	0
cn101_cn102.cs.uwaterloo.ca_1175 1	0	0.020000	322	0
cn101_cn102.cs.uwaterloo.ca_1176 1	0	0.020000	323	0
cn101_cn102.cs.uwaterloo.ca_1177 1	0	0.020000	324	0
cn101_cn102.cs.uwaterloo.ca_1179 1	0	0.020000	328	0
cn101_cn102.cs.uwaterloo.ca_1180 1	0	0.020000	329	0
cn101_cn102.cs.uwaterloo.ca_1182 1	0	0.020000	331	0
cn101_cn102.cs.uwaterloo.ca_1178 1	0	0.020000	326	0
cn101_cn102.cs.uwaterloo.ca_1181 1	0	0.020000	330	0
cn101_cn102.cs.uwaterloo.ca_1228 1	0	0.020000	292	0
cn101_cn102.cs.uwaterloo.ca_1229 1	0	0.020000	291	0
cn101_cn102.cs.uwaterloo.ca_1237 1	0	0.020000	294	0
cn101_cn102.cs.uwaterloo.ca_1231 1	0	0.020000	296	0
