cn101_cn101_74 0	0	0.000000	0	0
cn101_cn101_78 0	0	0.000000	2	0
cn101_cn101_76 0	0	0.000000	1	0
cn101_cn101_81 0	0	0.000000	3	0
cn101_cn101_84 0	0	0.000000	4	0
cn101_cn101_87 0	0	0.000000	5	0
cn101_cn101_89 0	0	0.000000	6	0
cn101_cn101_94 0	0	0.000000	7	0
cn101_cn101_97 0	0	0.000000	8	0
cn101_cn101_101 0	0	0.000000	9	0
cn101_cn101_106 0	0	0.000000	10	0
cn101_cn101_111 0	0	0.000000	11	0
cn101_cn101_116 0	0	0.000000	12	0
cn101_cn101_119 0	0	0.000000	13	0
cn101_cn101_123 0	0	0.000000	14	0
cn101_cn101_128 0	0	0.000000	15	0
cn101_cn101_130 0	0	0.000000	16	0
cn101_cn101_133 0	0	0.000000	17	0
cn101_cn101_139 0	0	0.000000	18	0
cn101_cn101_145 0	0	0.000000	19	0
cn101_cn101_148 0	0	0.000000	20	0
cn101_cn101_165 0	0	0.000000	24	0
cn101_cn101_180 0	0	0.000000	28	0
cn101_cn101_186 0	0	0.000000	30	0
cn101_cn101_190 0	0	0.000000	31	0
cn101_cn101_209 0	0	0.000000	35	0
cn101_cn101_215 0	0	0.000000	36	0
cn107_cn101.cs.uwaterloo.ca_177 1	0	0.026000	23	2048
cn101_cn101_219 0	0	0.000000	37	0
cn101_cn101_227 0	0	0.000000	38	0
cn101_cn101_232 0	0	0.000000	39	0
cn101_cn101_236 0	0	0.000000	40	0
cn101_cn101_241 0	0	0.000000	41	0
cn101_cn101_247 0	0	0.000000	42	0
cn101_cn101_249 0	0	0.000000	43	0
cn101_cn101_255 0	0	0.000000	44	0
cn101_cn101_259 0	0	0.000000	45	0
cn101_cn101_264 0	0	0.000000	46	0
cn101_cn101_273 0	0	0.000000	47	0
cn101_cn101_278 0	0	0.000000	48	0
cn101_cn101_282 0	0	0.000000	49	0
cn101_cn101_287 0	0	0.000000	50	0
cn101_cn101_292 0	0	0.000000	51	0
cn101_cn101_296 0	0	0.000000	52	0
cn101_cn101_302 0	0	0.000000	53	0
cn101_cn101_311 0	0	0.000000	56	0
cn101_cn101_316 0	0	0.000000	57	0
cn101_cn101_328 0	0	0.000000	62	0
cn101_cn101_335 0	0	0.000000	63	0
cn101_cn101_339 0	0	0.000000	64	0
cn101_cn101_344 0	0	0.000000	65	0
cn101_cn101_351 0	0	0.000000	66	0
cn101_cn101_355 0	0	0.000000	67	0
cn101_cn101_359 0	0	0.000000	68	0
cn101_cn101_365 0	0	0.000000	69	0
cn101_cn101_370 0	0	0.000000	70	0
cn101_cn101_381 0	0	0.000000	72	0
cn101_cn101_384 0	0	0.000000	73	0
cn101_cn101_389 0	0	0.000000	74	0
cn101_cn101_393 0	0	0.000000	75	0
cn101_cn101_398 0	0	0.000000	76	0
cn101_cn101_404 0	0	0.000000	78	0
cn101_cn101_410 0	0	0.000000	80	0
cn101_cn101_412 0	0	0.000000	81	0
cn101_cn101_417 0	0	0.000000	82	0
cn101_cn101_422 0	0	0.000000	83	0
cn101_cn101_425 0	0	0.000000	84	0
cn101_cn101_428 0	0	0.000000	85	0
cn101_cn101_432 0	0	0.000000	86	0
cn101_cn101_441 0	0	0.000000	88	0
cn101_cn101_448 0	0	0.000000	90	0
cn101_cn101_454 0	0	0.000000	92	0
cn101_cn101_462 0	0	0.000000	94	0
cn101_cn101_465 0	0	0.000000	95	0
cn101_cn101_470 0	0	0.000000	96	0
cn101_cn101_476 0	0	0.000000	97	0
cn101_cn101_479 0	0	0.000000	98	0
cn101_cn101_485 0	0	0.000000	100	0
cn101_cn101_489 0	0	0.000000	101	0
cn101_cn101_493 0	0	0.000000	102	0
cn101_cn101_499 0	0	0.000000	103	0
cn101_cn101_504 0	0	0.000000	104	0
cn101_cn101_511 0	0	0.000000	106	0
cn101_cn101_519 0	0	0.000000	109	0
cn101_cn101_527 0	0	0.000000	111	0
cn101_cn101_533 0	0	0.000000	112	0
cn101_cn101_539 0	0	0.000000	113	0
cn101_cn101_552 0	0	0.000000	116	0
cn101_cn101_556 0	0	0.000000	117	0
cn101_cn101_567 0	0	0.000000	119	0
cn101_cn101_583 0	0	0.000000	124	0
cn101_cn101_597 0	0	0.000000	125	0
cn101_cn101_601 0	0	0.000000	126	0
cn101_cn101_611 0	0	0.000000	128	0
cn101_cn101_616 0	0	0.000000	129	0
cn101_cn101_622 0	0	0.000000	130	0
cn101_cn101_626 0	0	0.000000	131	0
cn101_cn101_678 0	0	0.000000	132	0
cn101_cn101_682 0	0	0.000000	133	0
cn101_cn101_685 0	0	0.000000	134	0
cn101_cn101_701 0	0	0.000000	136	0
cn101_cn101_703 0	0	0.000000	137	0
cn101_cn101_707 0	0	0.000000	138	0
cn101_cn101_711 0	0	0.000000	139	0
cn101_cn101_714 0	0	0.000000	140	0
cn101_cn101_718 0	0	0.000000	141	0
cn101_cn101_721 0	0	0.000000	143	0
cn101_cn101_723 0	0	0.000000	144	0
cn101_cn101_725 0	0	0.000000	145	0
cn101_cn101_727 0	0	0.000000	146	0
cn101_cn101_729 0	0	0.000000	147	0
cn101_cn101_731 0	0	0.000000	148	0
cn101_cn101_734 0	0	0.000000	150	0
cn101_cn101_736 0	0	0.000000	151	0
cn101_cn101_738 0	0	0.000000	152	0
cn101_cn101_742 0	0	0.000000	155	0
cn101_cn101_752 0	0	0.000000	157	0
cn101_cn101_758 0	0	0.000000	158	0
cn101_cn101_760 0	0	0.000000	159	0
cn101_cn101_762 0	0	0.000000	160	0
cn101_cn101_764 0	0	0.000000	161	0
cn101_cn101_768 0	0	0.000000	162	0
cn101_cn101_772 0	0	0.000000	163	0
cn101_cn101_777 0	0	0.000000	164	0
cn101_cn101_784 0	0	0.000000	166	0
cn101_cn101_794 0	0	0.000000	168	0
cn101_cn101_799 0	0	0.000000	170	0
cn101_cn101_804 0	0	0.000000	173	0
cn101_cn101_810 0	0	0.000000	175	0
cn101_cn101_814 0	0	0.000000	176	0
cn101_cn101_816 0	0	0.000000	177	0
cn101_cn101_819 0	0	0.000000	178	0
cn101_cn101_821 0	0	0.000000	179	0
cn101_cn101_826 0	0	0.000000	183	0
cn101_cn101_832 0	0	0.000000	185	0
cn101_cn101_840 0	0	0.000000	187	0
cn101_cn101_849 0	0	0.000000	191	0
cn101_cn101_855 0	0	0.000000	192	0
cn101_cn101_858 0	0	0.000000	193	0
cn101_cn101_863 0	0	0.000000	194	0
cn101_cn101_868 0	0	0.000000	196	0
cn101_cn101_876 0	0	0.000000	200	0
cn101_cn101_880 0	0	0.000000	202	0
cn101_cn101_884 0	0	0.000000	204	0
cn101_cn101_886 0	0	0.000000	205	0
cn101_cn101_889 0	0	0.000000	206	0
cn101_cn101_894 0	0	0.000000	208	0
cn101_cn101_899 0	0	0.000000	211	0
cn101_cn101_901 0	0	0.000000	212	0
cn101_cn101_905 0	0	0.000000	213	0
cn101_cn101_916 0	0	0.000000	222	0
cn101_cn101_919 0	0	0.000000	223	0
cn101_cn101_921 0	0	0.000000	224	0
cn101_cn101_924 0	0	0.000000	225	0
cn101_cn101_927 0	0	0.000000	226	0
cn101_cn101_931 0	0	0.000000	227	0
cn101_cn101_935 0	0	0.000000	229	0
cn101_cn101_940 0	0	0.000000	232	0
cn101_cn101_943 0	0	0.000000	233	0
cn101_cn101_945 0	0	0.000000	234	0
cn101_cn101_948 0	0	0.000000	235	0
cn101_cn101_951 0	0	0.000000	236	0
cn101_cn101_953 0	0	0.000000	237	0
cn101_cn101_958 0	0	0.000000	238	0
cn101_cn101_961 0	0	0.000000	239	0
cn101_cn101_967 0	0	0.000000	243	0
cn101_cn101_971 0	0	0.000000	245	0
cn101_cn101_976 0	0	0.000000	248	0
cn101_cn101_980 0	0	0.000000	250	0
cn101_cn101_985 0	0	0.000000	253	0
cn101_cn101_990 0	0	0.000000	256	0
cn101_cn101_992 0	0	0.000000	257	0
cn101_cn101_995 0	0	0.000000	258	0
cn101_cn101_997 0	0	0.000000	259	0
cn101_cn101_999 0	0	0.000000	260	0
cn101_cn101_1004 0	0	0.000000	261	0
cn101_cn101_1007 0	0	0.000000	262	0
cn101_cn101_1011 0	0	0.000000	263	0
cn101_cn101_1013 0	0	0.000000	264	0
cn101_cn101_1016 0	0	0.000000	265	0
cn101_cn101_1019 0	0	0.000000	266	0
cn101_cn101_1022 0	0	0.000000	267	0
cn101_cn101_1026 0	0	0.000000	268	0
cn101_cn101_1033 0	0	0.000000	272	0
cn101_cn101_1035 0	0	0.000000	273	0
cn101_cn101_1037 0	0	0.000000	274	0
cn101_cn101_1039 0	0	0.000000	275	0
cn101_cn101_1041 0	0	0.000000	276	0
cn101_cn101_1051 0	0	0.000000	280	0
cn101_cn101_1055 0	0	0.000000	282	0
cn101_cn101_1064 0	0	0.000000	286	0
cn101_cn101_1069 0	0	0.000000	288	0
cn101_cn101_1071 0	0	0.000000	289	0
cn101_cn101_1076 0	0	0.000000	290	0
cn101_cn101_1080 0	0	0.000000	291	0
cn101_cn101_1082 0	0	0.000000	292	0
cn101_cn101_1087 0	0	0.000000	294	0
cn101_cn101_1090 0	0	0.000000	296	0
cn101_cn101_1097 0	0	0.000000	300	0
cn101_cn101_1099 0	0	0.000000	301	0
cn101_cn101_1103 0	0	0.000000	302	0
cn101_cn101_1105 0	0	0.000000	303	0
cn101_cn101_1109 0	0	0.000000	304	0
cn101_cn101_1111 0	0	0.000000	305	0
cn101_cn101_1113 0	0	0.000000	306	0
cn101_cn101_1118 0	0	0.000000	307	0
cn101_cn101_1124 0	0	0.000000	309	0
cn101_cn101_1126 0	0	0.000000	310	0
cn101_cn101_1128 0	0	0.000000	311	0
cn101_cn101_1135 0	0	0.000000	314	0
cn101_cn101_1139 0	0	0.000000	315	0
cn101_cn101_1142 0	0	0.000000	316	0
cn101_cn101_1147 0	0	0.000000	318	0
cn101_cn101_1149 0	0	0.000000	319	0
cn101_cn101_1151 0	0	0.000000	320	0
cn101_cn101_1154 0	0	0.000000	321	0
cn101_cn101_1158 0	0	0.000000	322	0
cn101_cn101_1162 0	0	0.000000	323	0
cn101_cn101_1166 0	0	0.000000	324	0
cn101_cn101_1171 0	0	0.000000	326	0
cn101_cn101_1176 0	0	0.000000	328	0
cn101_cn101_1178 0	0	0.000000	329	0
cn101_cn101_1181 0	0	0.000000	330	0
cn101_cn101_1184 0	0	0.000000	331	0
cn101_cn101_1188 0	0	0.000000	333	0
cn101_cn101_1193 0	0	0.000000	335	0
cn101_cn101_1195 0	0	0.000000	336	0
cn101_cn101_1202 0	0	0.000000	340	0
cn101_cn101_1209 0	0	0.000000	345	0
cn101_cn101_1212 0	0	0.000000	347	0
cn101_cn101_1217 0	0	0.000000	350	0
cn101_cn101_1220 0	0	0.000000	352	0
cn101_cn101_1223 0	0	0.000000	354	0
cn101_cn101_1226 0	0	0.000000	356	0
cn101_cn101_1228 0	0	0.000000	357	0
cn101_cn101_1230 0	0	0.000000	358	0
cn101_cn101_1233 0	0	0.000000	359	0
cn101_cn101_1239 0	0	0.000000	361	0
cn101_cn101_1243 0	0	0.000000	363	0
cn101_cn101_1248 0	0	0.000000	364	0
cn101_cn101_1250 0	0	0.000000	365	0
cn101_cn101_1252 0	0	0.000000	366	0
cn101_cn101_1256 0	0	0.000000	367	0
cn101_cn101_1261 0	0	0.000000	370	0
cn101_cn101_1263 0	0	0.000000	371	0
cn101_cn101_1269 0	0	0.000000	373	0
cn101_cn101_1271 0	0	0.000000	374	0
cn101_cn101_1279 0	0	0.000000	381	0
cn101_cn101_1285 0	0	0.000000	382	0
cn101_cn101_1288 0	0	0.000000	384	0
cn101_cn101_1290 0	0	0.000000	385	0
cn101_cn101_1292 0	0	0.000000	386	0
cn101_cn101_1294 0	0	0.000000	387	0
cn101_cn101_1296 0	0	0.000000	388	0
cn101_cn101_1298 0	0	0.000000	389	0
cn101_cn101_1301 0	0	0.000000	391	0
cn101_cn101_1303 0	0	0.000000	392	0
cn101_cn101_1312 0	0	0.000000	397	0
cn101_cn101_1323 0	0	0.000000	400	0
cn101_cn101_1325 0	0	0.000000	401	0
cn101_cn101_1327 0	0	0.000000	402	0
cn101_cn101_1329 0	0	0.000000	403	0
cn101_cn101_1331 0	0	0.000000	404	0
cn101_cn101_1335 0	0	0.000000	407	0
cn101_cn101_1337 0	0	0.000000	408	0
cn101_cn101_1342 0	0	0.000000	411	0
cn101_cn101_1344 0	0	0.000000	412	0
cn101_cn101_1348 0	0	0.000000	415	0
cn101_cn101_1350 0	0	0.000000	416	0
cn101_cn101_1352 0	0	0.000000	417	0
cn101_cn101_1356 0	0	0.000000	418	0
cn101_cn101_1358 0	0	0.000000	419	0
cn101_cn101_1364 0	0	0.000000	421	0
cn101_cn101_1367 0	0	0.000000	423	0
cn101_cn101_1371 0	0	0.000000	424	0
cn101_cn101_1373 0	0	0.000000	425	0
cn101_cn101_1375 0	0	0.000000	426	0
cn101_cn101_1377 0	0	0.000000	427	0
cn101_cn101_1381 0	0	0.000000	428	0
cn101_cn101_1383 0	0	0.000000	429	0
cn101_cn101_1386 0	0	0.000000	431	0
cn101_cn101_1388 0	0	0.000000	432	0
cn101_cn101_1390 0	0	0.000000	433	0
cn101_cn101_1392 0	0	0.000000	434	0
cn101_cn101_1394 0	0	0.000000	435	0
cn101_cn101_1400 0	0	0.000000	437	0
cn101_cn101_1403 0	0	0.000000	438	0
cn101_cn101_1407 0	0	0.000000	439	0
cn101_cn101_1417 0	0	0.000000	441	0
cn101_cn101_1420 0	0	0.000000	442	0
cn101_cn101_1423 0	0	0.000000	443	0
cn101_cn101_1428 0	0	0.000000	445	0
cn101_cn101_1430 0	0	0.000000	446	0
cn101_cn101_1436 0	0	0.000000	447	0
cn101_cn101_1438 0	0	0.000000	448	0
cn101_cn101_1441 0	0	0.000000	450	0
cn101_cn101_1444 0	0	0.000000	452	0
cn101_cn101_1446 0	0	0.000000	453	0
cn101_cn101_1448 0	0	0.000000	454	0
cn101_cn101_1454 0	0	0.000000	457	0
cn101_cn101_1457 0	0	0.000000	459	0
cn101_cn101_1463 0	0	0.000000	460	0
cn101_cn101_1465 0	0	0.000000	461	0
cn101_cn101_1468 0	0	0.000000	463	0
cn101_cn101_1476 0	0	0.000000	464	0
cn101_cn101_1485 0	0	0.000000	467	0
cn101_cn101_1487 0	0	0.000000	468	0
cn101_cn101_1490 0	0	0.000000	469	0
cn101_cn101_1492 0	0	0.000000	470	0
cn101_cn101_1502 0	0	0.000000	476	0
cn101_cn101_1504 0	0	0.000000	477	0
cn101_cn101_1507 0	0	0.000000	479	0
cn101_cn101_1513 0	0	0.000000	481	0
cn101_cn101_1516 0	0	0.000000	483	0
cn101_cn101_1518 0	0	0.000000	484	0
cn101_cn101_1520 0	0	0.000000	485	0
cn101_cn101_1522 0	0	0.000000	486	0
cn101_cn101_1524 0	0	0.000000	487	0
cn101_cn101_1526 0	0	0.000000	488	0
cn101_cn101_1528 0	0	0.000000	489	0
cn101_cn101_1530 0	0	0.000000	490	0
cn101_cn101_1532 0	0	0.000000	491	0
cn101_cn101_1535 0	0	0.000000	492	0
cn101_cn101_1537 0	0	0.000000	493	0
cn101_cn101_1539 0	0	0.000000	494	0
cn101_cn101_1545 0	0	0.000000	495	0
cn101_cn101_1553 0	0	0.000000	496	0
cn101_cn101_1556 0	0	0.000000	497	0
cn101_cn101_1558 0	0	0.000000	498	0
cn101_cn101_1565 0	0	0.000000	499	0
cn101_cn101_1567 0	0	0.000000	500	0
cn101_cn101_1569 0	0	0.000000	501	0
cn101_cn101_1575 0	0	0.000000	503	0
cn101_cn101_1578 0	0	0.000000	505	0
cn101_cn101_1581 0	0	0.000000	507	0
cn101_cn101_1583 0	0	0.000000	508	0
cn101_cn101_1586 0	0	0.000000	509	0
cn101_cn101_1590 0	0	0.000000	511	0
cn101_cn101_1592 0	0	0.000000	512	0
cn101_cn101_1594 0	0	0.000000	513	0
cn101_cn101_1596 0	0	0.000000	514	0
cn101_cn101_1598 0	0	0.000000	515	0
cn101_cn101_1601 0	0	0.000000	516	0
cn101_cn101_1610 0	0	0.000000	517	0
cn101_cn101_1612 0	0	0.000000	518	0
cn101_cn101_1617 0	0	0.000000	520	0
cn101_cn101_1619 0	0	0.000000	521	0
cn101_cn101_1621 0	0	0.000000	522	0
cn101_cn101_1623 0	0	0.000000	523	0
cn101_cn101_1625 0	0	0.000000	524	0
cn101_cn101_1631 0	0	0.000000	528	0
cn101_cn101_1633 0	0	0.000000	529	0
cn101_cn101_1635 0	0	0.000000	530	0
cn101_cn101_1637 0	0	0.000000	531	0
cn101_cn101_1639 0	0	0.000000	532	0
cn101_cn101_1642 0	0	0.000000	534	0
cn101_cn101_1645 0	0	0.000000	536	0
cn101_cn101_1654 0	0	0.000000	539	0
cn101_cn101_1660 0	0	0.000000	544	0
cn101_cn101_1662 0	0	0.000000	545	0
cn101_cn101_1664 0	0	0.000000	546	0
cn101_cn101_1669 0	0	0.000000	548	0
cn101_cn101_1672 0	0	0.000000	550	0
cn101_cn101_1678 0	0	0.000000	552	0
cn101_cn101_1684 0	0	0.000000	557	0
cn101_cn101_1688 0	0	0.000000	559	0
cn101_cn101_1690 0	0	0.000000	560	0
cn101_cn101_1696 0	0	0.000000	564	0
cn101_cn101_1703 0	0	0.000000	569	0
cn101_cn101_1707 0	0	0.000000	572	0
cn101_cn101_1715 0	0	0.000000	576	0
cn101_cn101_1717 0	0	0.000000	577	0
cn101_cn101_1719 0	0	0.000000	578	0
cn101_cn101_1722 0	0	0.000000	579	0
cn101_cn101_1724 0	0	0.000000	580	0
cn101_cn101_1727 0	0	0.000000	581	0
cn101_cn101_1729 0	0	0.000000	582	0
cn101_cn101_1733 0	0	0.000000	584	0
cn101_cn101_1738 0	0	0.000000	588	0
cn101_cn101_1743 0	0	0.000000	592	0
cn101_cn101_1745 0	0	0.000000	593	0
cn101_cn101_1747 0	0	0.000000	594	0
cn101_cn101_1750 0	0	0.000000	595	0
cn101_cn101_1756 0	0	0.000000	597	0
cn101_cn101_1759 0	0	0.000000	599	0
cn101_cn101_1761 0	0	0.000000	600	0
cn101_cn101_1765 0	0	0.000000	603	0
cn101_cn101_1768 0	0	0.000000	604	0
cn101_cn101_1772 0	0	0.000000	606	0
cn101_cn101_1775 0	0	0.000000	608	0
cn101_cn101_1778 0	0	0.000000	610	0
cn101_cn101_1780 0	0	0.000000	611	0
cn101_cn101_1786 0	0	0.000000	612	0
cn101_cn101_1793 0	0	0.000000	614	0
cn101_cn101_1795 0	0	0.000000	615	0
cn101_cn101_1800 0	0	0.000000	618	0
cn101_cn101_1803 0	0	0.000000	620	0
cn101_cn101_1807 0	0	0.000000	622	0
cn101_cn101_1822 0	0	0.000000	627	0
cn101_cn101_1824 0	0	0.000000	628	0
cn101_cn101_1826 0	0	0.000000	629	0
cn101_cn101_1828 0	0	0.000000	630	0
cn101_cn101_1836 0	0	0.000000	632	0
cn101_cn101_1848 0	0	0.000000	636	0
cn101_cn101_1852 0	0	0.000000	637	0
cn101_cn101_1855 0	0	0.000000	638	0
cn101_cn101_1860 0	0	0.000000	640	0
cn101_cn101_1862 0	0	0.000000	641	0
cn101_cn101_1865 0	0	0.000000	642	0
cn101_cn101_1868 0	0	0.000000	643	0
cn101_cn101_1871 0	0	0.000000	644	0
cn101_cn101_1876 0	0	0.000000	646	0
cn101_cn101_1879 0	0	0.000000	647	0
cn101_cn101_1881 0	0	0.000000	648	0
cn101_cn101_1884 0	0	0.000000	649	0
cn101_cn101_1886 0	0	0.000000	650	0
cn101_cn101_1889 0	0	0.000000	651	0
cn101_cn101_1893 0	0	0.000000	652	0
cn101_cn101_1899 0	0	0.000000	655	0
cn101_cn101_1901 0	0	0.000000	656	0
cn101_cn101_1906 0	0	0.000000	658	0
cn101_cn101_1909 0	0	0.000000	660	0
cn101_cn101_1912 0	0	0.000000	661	0
cn101_cn101_1916 0	0	0.000000	662	0
cn101_cn101_1918 0	0	0.000000	663	0
cn101_cn101_1922 0	0	0.000000	665	0
cn101_cn101_1927 0	0	0.000000	667	0
cn101_cn101_1932 0	0	0.000000	670	0
cn101_cn101_1934 0	0	0.000000	671	0
cn101_cn101_1938 0	0	0.000000	672	0
cn101_cn101_1943 0	0	0.000000	675	0
cn101_cn101_1950 0	0	0.000000	680	0
cn101_cn101_1952 0	0	0.000000	681	0
cn101_cn101_1957 0	0	0.000000	683	0
cn101_cn101_1965 0	0	0.000000	689	0
cn101_cn101_1967 0	0	0.000000	690	0
cn101_cn101_1971 0	0	0.000000	691	0
cn101_cn101_1976 0	0	0.000000	694	0
cn101_cn101_1979 0	0	0.000000	696	0
cn101_cn101_1982 0	0	0.000000	697	0
cn101_cn101_1987 0	0	0.000000	699	0
cn101_cn101_1991 0	0	0.000000	701	0
cn101_cn101_1996 0	0	0.000000	704	0
cn101_cn101_2000 0	0	0.000000	707	0
cn101_cn101_2003 0	0	0.000000	708	0
cn101_cn101_2007 0	0	0.000000	709	0
cn101_cn101_2012 0	0	0.000000	712	0
cn101_cn101_2017 0	0	0.000000	715	0
cn101_cn101_2019 0	0	0.000000	716	0
cn101_cn101_2023 0	0	0.000000	717	0
cn101_cn101_2025 0	0	0.000000	718	0
cn101_cn101_2031 0	0	0.000000	721	0
cn101_cn101_2035 0	0	0.000000	723	0
cn101_cn101_2037 0	0	0.000000	724	0
cn101_cn101_2041 0	0	0.000000	725	0
cn101_cn101_2043 0	0	0.000000	726	0
cn101_cn101_2046 0	0	0.000000	727	0
cn101_cn101_2053 0	0	0.000000	732	0
cn101_cn101_2056 0	0	0.000000	733	0
cn101_cn101_2063 0	0	0.000000	737	0
cn101_cn101_2065 0	0	0.000000	738	0
cn101_cn101_2068 0	0	0.000000	739	0
cn101_cn101_2074 0	0	0.000000	742	0
cn101_cn101_2076 0	0	0.000000	743	0
cn101_cn101_2082 0	0	0.000000	746	0
cn101_cn101_2084 0	0	0.000000	747	0
cn101_cn101_2088 0	0	0.000000	748	0
cn101_cn101_2090 0	0	0.000000	749	0
cn101_cn101_2099 0	0	0.000000	755	0
cn101_cn101_2102 0	0	0.000000	757	0
cn101_cn101_2109 0	0	0.000000	761	0
cn101_cn101_2114 0	0	0.000000	764	0
cn101_cn101_2120 0	0	0.000000	768	0
cn101_cn101_2122 0	0	0.000000	769	0
cn101_cn101_2126 0	0	0.000000	770	0
cn101_cn101_2130 0	0	0.000000	772	0
cn101_cn101_2134 0	0	0.000000	774	0
cn101_cn101_2136 0	0	0.000000	775	0
cn101_cn101_2139 0	0	0.000000	776	0
cn101_cn101_2143 0	0	0.000000	778	0
cn101_cn101_2150 0	0	0.000000	782	0
cn101_cn101_2154 0	0	0.000000	784	0
cn101_cn101_2159 0	0	0.000000	787	0
cn101_cn101_2174 0	0	0.000000	800	0
cn101_cn101_2176 0	0	0.000000	801	0
cn101_cn101_2178 0	0	0.000000	802	0
cn101_cn101_2183 0	0	0.000000	804	0
cn101_cn101_2187 0	0	0.000000	805	0
cn101_cn101_2189 0	0	0.000000	806	0
cn101_cn101_2192 0	0	0.000000	807	0
cn101_cn101_2196 0	0	0.000000	808	0
cn101_cn101_2204 0	0	0.000000	814	0
cn101_cn101_2211 0	0	0.000000	819	0
cn101_cn101_2215 0	0	0.000000	822	0
cn101_cn101_2219 0	0	0.000000	824	0
cn101_cn101_2228 0	0	0.000000	830	0
cn101_cn101_2232 0	0	0.000000	832	0
cn101_cn101_2236 0	0	0.000000	834	0
cn101_cn101_2240 0	0	0.000000	836	0
cn101_cn101_2244 0	0	0.000000	838	0
cn101_cn101_2246 0	0	0.000000	839	0
cn101_cn101_2251 0	0	0.000000	841	0
cn101_cn101_2255 0	0	0.000000	843	0
cn101_cn101_2260 0	0	0.000000	846	0
cn101_cn101_2264 0	0	0.000000	848	0
cn101_cn101_2269 0	0	0.000000	851	0
cn101_cn101_2271 0	0	0.000000	852	0
cn101_cn101_2276 0	0	0.000000	854	0
cn101_cn101_2288 0	0	0.000000	864	0
cn101_cn101_2292 0	0	0.000000	866	0
cn101_cn101_2294 0	0	0.000000	867	0
cn101_cn101_2297 0	0	0.000000	868	0
cn101_cn101_2300 0	0	0.000000	869	0
cn101_cn101_2303 0	0	0.000000	870	0
cn101_cn101_2306 0	0	0.000000	871	0
cn101_cn101_2312 0	0	0.000000	874	0
cn101_cn101_2316 0	0	0.000000	876	0
cn101_cn101_2318 0	0	0.000000	877	0
cn101_cn101_2321 0	0	0.000000	878	0
cn101_cn101_2324 0	0	0.000000	879	0
cn101_cn101_2330 0	0	0.000000	882	0
cn101_cn101_2334 0	0	0.000000	884	0
cn101_cn101_2338 0	0	0.000000	886	0
cn101_cn101_2340 0	0	0.000000	887	0
cn101_cn101_2347 0	0	0.000000	891	0
cn101_cn101_2349 0	0	0.000000	892	0
cn101_cn101_2354 0	0	0.000000	894	0
cn101_cn101_2356 0	0	0.000000	895	0
cn101_cn101_2359 0	0	0.000000	896	0
cn101_cn101_2365 0	0	0.000000	899	0
cn101_cn101_2368 0	0	0.000000	901	0
cn101_cn101_2371 0	0	0.000000	902	0
cn101_cn101_2374 0	0	0.000000	903	0
cn101_cn101_2377 0	0	0.000000	904	0
cn101_cn101_2383 0	0	0.000000	907	0
cn101_cn101_2385 0	0	0.000000	908	0
cn101_cn101_2391 0	0	0.000000	911	0
cn101_cn101_2395 0	0	0.000000	913	0
cn101_cn101_2398 0	0	0.000000	915	0
cn101_cn101_2404 0	0	0.000000	918	0
cn101_cn101_2406 0	0	0.000000	919	0
cn101_cn101_2418 0	0	0.000000	928	0
cn101_cn101_2423 0	0	0.000000	931	0
cn101_cn101_2427 0	0	0.000000	934	0
cn101_cn101_2430 0	0	0.000000	935	0
cn101_cn101_2432 0	0	0.000000	936	0
cn101_cn101_2435 0	0	0.000000	937	0
cn101_cn101_2438 0	0	0.000000	938	0
cn101_cn101_2444 0	0	0.000000	940	0
cn101_cn101_2447 0	0	0.000000	941	0
cn101_cn101_2452 0	0	0.000000	945	0
cn101_cn101_2456 0	0	0.000000	946	0
cn101_cn101_2458 0	0	0.000000	947	0
cn101_cn101_2464 0	0	0.000000	951	0
cn101_cn101_2466 0	0	0.000000	952	0
cn101_cn101_2468 0	0	0.000000	953	0
cn101_cn101_2472 0	0	0.000000	955	0
cn101_cn101_2480 0	0	0.000000	958	0
cn101_cn101_2490 0	0	0.000000	966	0
cn101_cn101_2492 0	0	0.000000	967	0
cn101_cn101_2500 0	0	0.000000	972	0
cn101_cn101_2502 0	0	0.000000	973	0
cn101_cn101_2507 0	0	0.000000	975	0
cn101_cn101_2514 0	0	0.000000	980	0
cn101_cn101_2516 0	0	0.000000	981	0
cn101_cn101_2530 0	0	0.000000	992	0
cn101_cn101_2533 0	0	0.000000	994	0
cn101_cn101_2535 0	0	0.000000	995	0
cn101_cn101_2539 0	0	0.000000	996	0
cn101_cn101_2543 0	0	0.000000	997	0
cn101_cn101_2545 0	0	0.000000	998	0
cn101_cn101_2548 0	0	0.000000	999	0
cn101_cn101_2551 0	0	0.000000	1000	0
cn101_cn101_2553 0	0	0.000000	1001	0
cn101_cn101_2560 0	0	0.000000	1004	0
cn101_cn101_2562 0	0	0.000000	1005	0
cn101_cn101_2566 0	0	0.000000	1006	0
cn101_cn101_2568 0	0	0.000000	1007	0
cn101_cn101_2575 0	0	0.000000	1011	0
cn101_cn101_2580 0	0	0.000000	1014	0
cn101_cn101_2585 0	0	0.000000	1017	0
cn101_cn101_2591 0	0	0.000000	1021	0
cn101_cn101_2596 0	0	0.000000	1024	0
cn101_cn101_2598 0	0	0.000000	1025	0
cn101_cn101_2602 0	0	0.000000	1026	0
cn101_cn101_2604 0	0	0.000000	1027	0
cn101_cn101_2608 0	0	0.000000	1028	0
cn101_cn101_2610 0	0	0.000000	1029	0
cn101_cn101_2614 0	0	0.000000	1030	0
cn101_cn101_2618 0	0	0.000000	1032	0
cn101_cn101_2620 0	0	0.000000	1033	0
cn101_cn101_2623 0	0	0.000000	1034	0
cn101_cn101_2627 0	0	0.000000	1035	0
cn101_cn101_2630 0	0	0.000000	1036	0
cn101_cn101_2635 0	0	0.000000	1039	0
cn101_cn101_2637 0	0	0.000000	1040	0
cn101_cn101_2641 0	0	0.000000	1041	0
cn101_cn101_2644 0	0	0.000000	1042	0
cn101_cn101_2648 0	0	0.000000	1044	0
cn101_cn101_2650 0	0	0.000000	1045	0
cn101_cn101_2655 0	0	0.000000	1047	0
cn101_cn101_2657 0	0	0.000000	1048	0
cn101_cn101_2661 0	0	0.000000	1049	0
cn101_cn101_2665 0	0	0.000000	1051	0
cn101_cn101_2669 0	0	0.000000	1053	0
cn101_cn101_2671 0	0	0.000000	1054	0
cn101_cn101_2674 0	0	0.000000	1055	0
cn101_cn101_2678 0	0	0.000000	1056	0
cn101_cn101_2680 0	0	0.000000	1057	0
cn101_cn101_2683 0	0	0.000000	1058	0
cn101_cn101_2688 0	0	0.000000	1060	0
cn101_cn101_2690 0	0	0.000000	1061	0
cn101_cn101_2693 0	0	0.000000	1062	0
cn101_cn101_2698 0	0	0.000000	1064	0
cn101_cn101_2703 0	0	0.000000	1067	0
cn101_cn101_2705 0	0	0.000000	1068	0
cn101_cn101_2707 0	0	0.000000	1069	0
cn101_cn101_2713 0	0	0.000000	1071	0
cn101_cn101_2715 0	0	0.000000	1072	0
cn101_cn101_2717 0	0	0.000000	1073	0
cn101_cn101_2724 0	0	0.000000	1076	0
cn101_cn101_2726 0	0	0.000000	1077	0
cn101_cn101_2728 0	0	0.000000	1078	0
cn101_cn101_2732 0	0	0.000000	1079	0
cn101_cn101_2741 0	0	0.000000	1085	0
cn101_cn101_2745 0	0	0.000000	1087	0
cn101_cn101_2747 0	0	0.000000	1088	0
cn101_cn101_2750 0	0	0.000000	1089	0
cn101_cn101_2753 0	0	0.000000	1090	0
cn101_cn101_2756 0	0	0.000000	1091	0
cn101_cn101_2759 0	0	0.000000	1092	0
cn101_cn101_2762 0	0	0.000000	1093	0
cn101_cn101_2767 0	0	0.000000	1095	0
cn101_cn101_2769 0	0	0.000000	1096	0
cn101_cn101_2773 0	0	0.000000	1097	0
cn101_cn101_2775 0	0	0.000000	1098	0
cn101_cn101_2777 0	0	0.000000	1099	0
cn101_cn101_2781 0	0	0.000000	1100	0
cn101_cn101_2787 0	0	0.000000	1103	0
cn101_cn101_2789 0	0	0.000000	1104	0
cn101_cn101_2791 0	0	0.000000	1105	0
cn101_cn101_2798 0	0	0.000000	1108	0
cn101_cn101_2800 0	0	0.000000	1109	0
cn101_cn101_168 0	0	0.000000	25	0
cn101_cn101_152 0	0	0.000000	21	0
cn101_cn101_157 0	0	0.000000	22	0
cn101_cn101_170 0	0	0.000000	26	0
cn101_cn101_195 0	0	0.000000	32	0
cn101_cn101_200 0	0	0.000000	33	0
cn104_cn101.cs.uwaterloo.ca_272 1	0	0.023000	27	512
cn108_cn101_358 1	0	0.021500	61	2560
cn108_cn101_722 1	0	0.021500	99	2560
cn108_cn101_1225 1	0	0.021500	142	2560
cn108_cn101_1234 1	0	0.021500	390	2560
cn108_cn101_1236 1	0	0.021500	394	2560
cn108_cn101_1231 1	0	0.021500	270	2560
cn108_cn101_1242 1	0	0.021500	399	2560
cn108_cn101_1240 1	0	0.021500	398	2560
cn108_cn101_1244 1	0	0.021500	414	2560
cn108_cn101_1238 1	0	0.021500	396	2560
cn108_cn101_1250 1	0	0.021500	596	2560
cn108_cn101_1248 1	0	0.021500	462	2560
cn108_cn101_1252 1	0	0.021500	744	2560
cn108_cn101_1254 1	0	0.021500	910	2560
cn108_cn101_1246 1	0	0.021500	430	2560
cn106_cn101_293 1	0	0.021000	54	1536
cn105.cs.uwaterloo.ca_cn101.cs.uwaterloo.ca_232 1	0	0.021500	29	1024
cn102_cn101.cs.uwaterloo.ca_519 1	0	0.025000	60	256
cn101_cn101_204 0	0	0.000000	34	0
cn107_cn101.cs.uwaterloo.ca_313 1	0	0.026000	58	2048
cn107_cn101.cs.uwaterloo.ca_440 1	0	0.026000	79	2048
cn102_cn101.cs.uwaterloo.ca_858 1	0	0.025000	93	256
cn102_cn101.cs.uwaterloo.ca_970 1	0	0.025000	105	256
cn102_cn101.cs.uwaterloo.ca_1065 1	0	0.025000	114	256
cn102_cn101.cs.uwaterloo.ca_1392 1	0	0.025000	156	256
cn102_cn101.cs.uwaterloo.ca_1397 1	0	0.025000	172	256
cn102_cn101.cs.uwaterloo.ca_1399 1	0	0.025000	180	256
cn102_cn101.cs.uwaterloo.ca_1401 1	0	0.025000	184	256
cn102_cn101.cs.uwaterloo.ca_1403 1	0	0.025000	188	256
cn102_cn101.cs.uwaterloo.ca_1405 1	0	0.025000	189	256
cn102_cn101.cs.uwaterloo.ca_1407 1	0	0.025000	190	256
cn102_cn101.cs.uwaterloo.ca_1409 1	0	0.025000	218	256
cn102_cn101.cs.uwaterloo.ca_1411 1	0	0.025000	252	256
cn102_cn101.cs.uwaterloo.ca_1413 1	0	0.025000	271	256
cn102_cn101.cs.uwaterloo.ca_1415 1	0	0.025000	278	256
cn102_cn101.cs.uwaterloo.ca_1418 1	0	0.025000	313	256
cn102_cn101.cs.uwaterloo.ca_1420 1	0	0.025000	332	256
cn102_cn101.cs.uwaterloo.ca_1422 1	0	0.025000	337	256
cn102_cn101.cs.uwaterloo.ca_1424 1	0	0.025000	346	256
cn102_cn101.cs.uwaterloo.ca_1426 1	0	0.025000	355	256
cn102_cn101.cs.uwaterloo.ca_1428 1	0	0.025000	393	256
cn102_cn101.cs.uwaterloo.ca_1430 1	0	0.025000	410	256
cn102_cn101.cs.uwaterloo.ca_1432 1	0	0.025000	422	256
cn102_cn101.cs.uwaterloo.ca_1434 1	0	0.025000	444	256
cn102_cn101.cs.uwaterloo.ca_1436 1	0	0.025000	458	256
cn102_cn101.cs.uwaterloo.ca_1438 1	0	0.025000	466	256
cn102_cn101.cs.uwaterloo.ca_1440 1	0	0.025000	472	256
cn102_cn101.cs.uwaterloo.ca_1442 1	0	0.025000	474	256
cn102_cn101.cs.uwaterloo.ca_1444 1	0	0.025000	475	256
cn102_cn101.cs.uwaterloo.ca_1446 1	0	0.025000	478	256
cn102_cn101.cs.uwaterloo.ca_1448 1	0	0.025000	506	256
cn102_cn101.cs.uwaterloo.ca_1450 1	0	0.025000	526	256
cn102_cn101.cs.uwaterloo.ca_1452 1	0	0.025000	535	256
cn102_cn101.cs.uwaterloo.ca_1454 1	0	0.025000	551	256
cn102_cn101.cs.uwaterloo.ca_1456 1	0	0.025000	553	256
cn102_cn101.cs.uwaterloo.ca_1458 1	0	0.025000	563	256
cn102_cn101.cs.uwaterloo.ca_1460 1	0	0.025000	565	256
cn102_cn101.cs.uwaterloo.ca_1463 1	0	0.025000	566	256
cn102_cn101.cs.uwaterloo.ca_1464 1	0	0.025000	567	256
cn102_cn101.cs.uwaterloo.ca_1467 1	0	0.025000	575	256
cn102_cn101.cs.uwaterloo.ca_1468 1	0	0.025000	585	256
cn102_cn101.cs.uwaterloo.ca_1470 1	0	0.025000	602	256
cn102_cn101.cs.uwaterloo.ca_1472 1	0	0.025000	609	256
cn102_cn101.cs.uwaterloo.ca_1474 1	0	0.025000	616	256
cn102_cn101.cs.uwaterloo.ca_1476 1	0	0.025000	617	256
cn102_cn101.cs.uwaterloo.ca_1478 1	0	0.025000	619	256
cn102_cn101.cs.uwaterloo.ca_1480 1	0	0.025000	621	256
cn102_cn101.cs.uwaterloo.ca_1482 1	0	0.025000	631	256
cn102_cn101.cs.uwaterloo.ca_1484 1	0	0.025000	633	256
cn102_cn101.cs.uwaterloo.ca_1486 1	0	0.025000	657	256
cn102_cn101.cs.uwaterloo.ca_1488 1	0	0.025000	666	256
cn102_cn101.cs.uwaterloo.ca_1490 1	0	0.025000	695	256
cn102_cn101.cs.uwaterloo.ca_1492 1	0	0.025000	700	256
cn102_cn101.cs.uwaterloo.ca_1494 1	0	0.025000	714	256
cn102_cn101.cs.uwaterloo.ca_1496 1	0	0.025000	722	256
cn102_cn101.cs.uwaterloo.ca_1498 1	0	0.025000	728	256
cn102_cn101.cs.uwaterloo.ca_1500 1	0	0.025000	730	256
cn102_cn101.cs.uwaterloo.ca_1502 1	0	0.025000	731	256
cn102_cn101.cs.uwaterloo.ca_1504 1	0	0.025000	734	256
cn102_cn101.cs.uwaterloo.ca_1506 1	0	0.025000	740	256
cn102_cn101.cs.uwaterloo.ca_1508 1	0	0.025000	745	256
cn102_cn101.cs.uwaterloo.ca_1510 1	0	0.025000	762	256
cn102_cn101.cs.uwaterloo.ca_1512 1	0	0.025000	794	256
cn102_cn101.cs.uwaterloo.ca_1514 1	0	0.025000	816	256
cn102_cn101.cs.uwaterloo.ca_1516 1	0	0.025000	823	256
cn102_cn101.cs.uwaterloo.ca_1518 1	0	0.025000	837	256
cn102_cn101.cs.uwaterloo.ca_1520 1	0	0.025000	842	256
cn102_cn101.cs.uwaterloo.ca_1522 1	0	0.025000	850	256
cn102_cn101.cs.uwaterloo.ca_1524 1	0	0.025000	856	256
cn102_cn101.cs.uwaterloo.ca_1527 1	0	0.025000	858	256
cn102_cn101.cs.uwaterloo.ca_1528 1	0	0.025000	859	256
cn102_cn101.cs.uwaterloo.ca_1530 1	0	0.025000	862	256
cn102_cn101.cs.uwaterloo.ca_1532 1	0	0.025000	873	256
cn102_cn101.cs.uwaterloo.ca_1534 1	0	0.025000	890	256
cn102_cn101.cs.uwaterloo.ca_1536 1	0	0.025000	900	256
cn102_cn101.cs.uwaterloo.ca_1538 1	0	0.025000	906	256
cn102_cn101.cs.uwaterloo.ca_1540 1	0	0.025000	914	256
cn102_cn101.cs.uwaterloo.ca_1542 1	0	0.025000	920	256
cn102_cn101.cs.uwaterloo.ca_1544 1	0	0.025000	922	256
cn102_cn101.cs.uwaterloo.ca_1547 1	0	0.025000	923	256
cn102_cn101.cs.uwaterloo.ca_1548 1	0	0.025000	926	256
cn102_cn101.cs.uwaterloo.ca_1550 1	0	0.025000	943	256
cn102_cn101.cs.uwaterloo.ca_1552 1	0	0.025000	954	256
cn102_cn101.cs.uwaterloo.ca_1554 1	0	0.025000	962	256
cn102_cn101.cs.uwaterloo.ca_1556 1	0	0.025000	968	256
cn102_cn101.cs.uwaterloo.ca_1559 1	0	0.025000	970	256
cn102_cn101.cs.uwaterloo.ca_1560 1	0	0.025000	971	256
cn102_cn101.cs.uwaterloo.ca_1562 1	0	0.025000	974	256
cn102_cn101.cs.uwaterloo.ca_1564 1	0	0.025000	976	256
cn102_cn101.cs.uwaterloo.ca_1566 1	0	0.025000	978	256
cn102_cn101.cs.uwaterloo.ca_1568 1	0	0.025000	979	256
cn102_cn101.cs.uwaterloo.ca_1570 1	0	0.025000	982	256
cn102_cn101.cs.uwaterloo.ca_1572 1	0	0.025000	984	256
cn102_cn101.cs.uwaterloo.ca_1577 1	0	0.025000	985	256
cn102_cn101.cs.uwaterloo.ca_1579 1	0	0.025000	986	256
cn102_cn101.cs.uwaterloo.ca_1580 1	0	0.025000	987	256
cn102_cn101.cs.uwaterloo.ca_1581 1	0	0.025000	988	256
cn102_cn101.cs.uwaterloo.ca_1582 1	0	0.025000	990	256
cn102_cn101.cs.uwaterloo.ca_1584 1	0	0.025000	991	256
cn102_cn101.cs.uwaterloo.ca_1586 1	0	0.025000	1002	256
cn102_cn101.cs.uwaterloo.ca_1588 1	0	0.025000	1010	256
cn102_cn101.cs.uwaterloo.ca_1590 1	0	0.025000	1013	256
cn102_cn101.cs.uwaterloo.ca_1592 1	0	0.025000	1016	256
cn102_cn101.cs.uwaterloo.ca_1594 1	0	0.025000	1018	256
cn102_cn101.cs.uwaterloo.ca_1596 1	0	0.025000	1019	256
cn102_cn101.cs.uwaterloo.ca_1598 1	0	0.025000	1022	256
cn102_cn101.cs.uwaterloo.ca_1600 1	0	0.025000	1046	256
cn102_cn101.cs.uwaterloo.ca_1602 1	0	0.025000	1059	256
cn102_cn101.cs.uwaterloo.ca_1604 1	0	0.025000	1081	256
cn105.cs.uwaterloo.ca_cn101.cs.uwaterloo.ca_305 1	0	0.021500	59	1024
cn105.cs.uwaterloo.ca_cn101.cs.uwaterloo.ca_372 1	0	0.021500	71	1024
cn107_cn101.cs.uwaterloo.ca_493 1	0	0.026000	89	2048
cn104_cn101.cs.uwaterloo.ca_441 1	0	0.023000	77	512
cn105.cs.uwaterloo.ca_cn101.cs.uwaterloo.ca_513 1	0	0.021500	91	1024
cn105.cs.uwaterloo.ca_cn101.cs.uwaterloo.ca_583 1	0	0.021500	107	1024
cn105.cs.uwaterloo.ca_cn101.cs.uwaterloo.ca_629 1	0	0.021500	115	1024
cn105.cs.uwaterloo.ca_cn101.cs.uwaterloo.ca_666 1	0	0.021500	121	1024
cn105.cs.uwaterloo.ca_cn101.cs.uwaterloo.ca_669 1	0	0.021500	122	1024
cn105.cs.uwaterloo.ca_cn101.cs.uwaterloo.ca_672 1	0	0.021500	123	1024
cn105.cs.uwaterloo.ca_cn101.cs.uwaterloo.ca_716 1	0	0.021500	127	1024
cn105.cs.uwaterloo.ca_cn101.cs.uwaterloo.ca_819 1	0	0.021500	135	1024
cn105.cs.uwaterloo.ca_cn101.cs.uwaterloo.ca_885 1	0	0.021500	154	1024
cn105.cs.uwaterloo.ca_cn101.cs.uwaterloo.ca_925 1	0	0.021500	174	1024
cn105.cs.uwaterloo.ca_cn101.cs.uwaterloo.ca_929 1	0	0.021500	181	1024
cn105.cs.uwaterloo.ca_cn101.cs.uwaterloo.ca_960 1	0	0.021500	195	1024
cn105.cs.uwaterloo.ca_cn101.cs.uwaterloo.ca_966 1	0	0.021500	197	1024
cn105.cs.uwaterloo.ca_cn101.cs.uwaterloo.ca_972 1	0	0.021500	198	1024
cn105.cs.uwaterloo.ca_cn101.cs.uwaterloo.ca_975 1	0	0.021500	199	1024
cn105.cs.uwaterloo.ca_cn101.cs.uwaterloo.ca_992 1	0	0.021500	207	1024
cn105.cs.uwaterloo.ca_cn101.cs.uwaterloo.ca_1015 1	0	0.021500	215	1024
cn105.cs.uwaterloo.ca_cn101.cs.uwaterloo.ca_1069 1	0	0.021500	231	1024
cn105.cs.uwaterloo.ca_cn101.cs.uwaterloo.ca_1112 1	0	0.021500	240	1024
cn105.cs.uwaterloo.ca_cn101.cs.uwaterloo.ca_1146 1	0	0.021500	251	1024
cn105.cs.uwaterloo.ca_cn101.cs.uwaterloo.ca_1276 1	0	0.021500	269	1024
cn105.cs.uwaterloo.ca_cn101.cs.uwaterloo.ca_1296 1	0	0.021500	277	1024
cn105.cs.uwaterloo.ca_cn101.cs.uwaterloo.ca_1307 1	0	0.021500	281	1024
cn105.cs.uwaterloo.ca_cn101.cs.uwaterloo.ca_1332 1	0	0.021500	284	1024
cn105.cs.uwaterloo.ca_cn101.cs.uwaterloo.ca_1337 1	0	0.021500	285	1024
cn105.cs.uwaterloo.ca_cn101.cs.uwaterloo.ca_1378 1	0	0.021500	287	1024
cn105.cs.uwaterloo.ca_cn101.cs.uwaterloo.ca_1454 1	0	0.021500	298	1024
cn105.cs.uwaterloo.ca_cn101.cs.uwaterloo.ca_1476 1	0	0.021500	317	1024
cn105.cs.uwaterloo.ca_cn101.cs.uwaterloo.ca_1478 1	0	0.021500	334	1024
cn105.cs.uwaterloo.ca_cn101.cs.uwaterloo.ca_1480 1	0	0.021500	349	1024
cn105.cs.uwaterloo.ca_cn101.cs.uwaterloo.ca_1482 1	0	0.021500	353	1024
cn105.cs.uwaterloo.ca_cn101.cs.uwaterloo.ca_1484 1	0	0.021500	372	1024
cn105.cs.uwaterloo.ca_cn101.cs.uwaterloo.ca_1486 1	0	0.021500	379	1024
cn105.cs.uwaterloo.ca_cn101.cs.uwaterloo.ca_1488 1	0	0.021500	395	1024
cn105.cs.uwaterloo.ca_cn101.cs.uwaterloo.ca_1490 1	0	0.021500	406	1024
cn105.cs.uwaterloo.ca_cn101.cs.uwaterloo.ca_1492 1	0	0.021500	413	1024
cn105.cs.uwaterloo.ca_cn101.cs.uwaterloo.ca_1494 1	0	0.021500	420	1024
cn105.cs.uwaterloo.ca_cn101.cs.uwaterloo.ca_1497 1	0	0.021500	455	1024
cn105.cs.uwaterloo.ca_cn101.cs.uwaterloo.ca_1498 1	0	0.021500	456	1024
cn105.cs.uwaterloo.ca_cn101.cs.uwaterloo.ca_1500 1	0	0.021500	465	1024
cn105.cs.uwaterloo.ca_cn101.cs.uwaterloo.ca_1502 1	0	0.021500	510	1024
cn105.cs.uwaterloo.ca_cn101.cs.uwaterloo.ca_1504 1	0	0.021500	525	1024
cn105.cs.uwaterloo.ca_cn101.cs.uwaterloo.ca_1506 1	0	0.021500	533	1024
cn105.cs.uwaterloo.ca_cn101.cs.uwaterloo.ca_1508 1	0	0.021500	537	1024
cn105.cs.uwaterloo.ca_cn101.cs.uwaterloo.ca_1510 1	0	0.021500	540	1024
cn105.cs.uwaterloo.ca_cn101.cs.uwaterloo.ca_1512 1	0	0.021500	541	1024
cn105.cs.uwaterloo.ca_cn101.cs.uwaterloo.ca_1514 1	0	0.021500	543	1024
cn105.cs.uwaterloo.ca_cn101.cs.uwaterloo.ca_1516 1	0	0.021500	547	1024
cn105.cs.uwaterloo.ca_cn101.cs.uwaterloo.ca_1518 1	0	0.021500	558	1024
cn105.cs.uwaterloo.ca_cn101.cs.uwaterloo.ca_1520 1	0	0.021500	573	1024
cn105.cs.uwaterloo.ca_cn101.cs.uwaterloo.ca_1522 1	0	0.021500	598	1024
cn105.cs.uwaterloo.ca_cn101.cs.uwaterloo.ca_1524 1	0	0.021500	605	1024
cn105.cs.uwaterloo.ca_cn101.cs.uwaterloo.ca_1526 1	0	0.021500	624	1024
cn105.cs.uwaterloo.ca_cn101.cs.uwaterloo.ca_1528 1	0	0.021500	635	1024
cn105.cs.uwaterloo.ca_cn101.cs.uwaterloo.ca_1530 1	0	0.021500	654	1024
cn105.cs.uwaterloo.ca_cn101.cs.uwaterloo.ca_1532 1	0	0.021500	669	1024
cn105.cs.uwaterloo.ca_cn101.cs.uwaterloo.ca_1534 1	0	0.021500	678	1024
cn105.cs.uwaterloo.ca_cn101.cs.uwaterloo.ca_1536 1	0	0.021500	682	1024
cn105.cs.uwaterloo.ca_cn101.cs.uwaterloo.ca_1538 1	0	0.021500	684	1024
cn105.cs.uwaterloo.ca_cn101.cs.uwaterloo.ca_1540 1	0	0.021500	686	1024
cn105.cs.uwaterloo.ca_cn101.cs.uwaterloo.ca_1543 1	0	0.021500	687	1024
cn105.cs.uwaterloo.ca_cn101.cs.uwaterloo.ca_1544 1	0	0.021500	688	1024
cn105.cs.uwaterloo.ca_cn101.cs.uwaterloo.ca_1546 1	0	0.021500	702	1024
cn105.cs.uwaterloo.ca_cn101.cs.uwaterloo.ca_1548 1	0	0.021500	711	1024
cn105.cs.uwaterloo.ca_cn101.cs.uwaterloo.ca_1550 1	0	0.021500	713	1024
cn105.cs.uwaterloo.ca_cn101.cs.uwaterloo.ca_1552 1	0	0.021500	720	1024
cn105.cs.uwaterloo.ca_cn101.cs.uwaterloo.ca_1554 1	0	0.021500	736	1024
cn105.cs.uwaterloo.ca_cn101.cs.uwaterloo.ca_1556 1	0	0.021500	750	1024
cn105.cs.uwaterloo.ca_cn101.cs.uwaterloo.ca_1559 1	0	0.021500	752	1024
cn105.cs.uwaterloo.ca_cn101.cs.uwaterloo.ca_1562 1	0	0.021500	753	1024
cn105.cs.uwaterloo.ca_cn101.cs.uwaterloo.ca_1563 1	0	0.021500	754	1024
cn105.cs.uwaterloo.ca_cn101.cs.uwaterloo.ca_1564 1	0	0.021500	756	1024
cn105.cs.uwaterloo.ca_cn101.cs.uwaterloo.ca_1566 1	0	0.021500	760	1024
cn105.cs.uwaterloo.ca_cn101.cs.uwaterloo.ca_1568 1	0	0.021500	773	1024
cn105.cs.uwaterloo.ca_cn101.cs.uwaterloo.ca_1570 1	0	0.021500	777	1024
cn105.cs.uwaterloo.ca_cn101.cs.uwaterloo.ca_1572 1	0	0.021500	780	1024
cn105.cs.uwaterloo.ca_cn101.cs.uwaterloo.ca_1575 1	0	0.021500	781	1024
cn105.cs.uwaterloo.ca_cn101.cs.uwaterloo.ca_1576 1	0	0.021500	783	1024
cn105.cs.uwaterloo.ca_cn101.cs.uwaterloo.ca_1578 1	0	0.021500	785	1024
cn105.cs.uwaterloo.ca_cn101.cs.uwaterloo.ca_1580 1	0	0.021500	788	1024
cn105.cs.uwaterloo.ca_cn101.cs.uwaterloo.ca_1582 1	0	0.021500	789	1024
cn105.cs.uwaterloo.ca_cn101.cs.uwaterloo.ca_1585 1	0	0.021500	791	1024
cn105.cs.uwaterloo.ca_cn101.cs.uwaterloo.ca_1587 1	0	0.021500	792	1024
cn105.cs.uwaterloo.ca_cn101.cs.uwaterloo.ca_1588 1	0	0.021500	793	1024
cn105.cs.uwaterloo.ca_cn101.cs.uwaterloo.ca_1591 1	0	0.021500	795	1024
cn105.cs.uwaterloo.ca_cn101.cs.uwaterloo.ca_1593 1	0	0.021500	796	1024
cn105.cs.uwaterloo.ca_cn101.cs.uwaterloo.ca_1594 1	0	0.021500	797	1024
cn105.cs.uwaterloo.ca_cn101.cs.uwaterloo.ca_1596 1	0	0.021500	798	1024
cn105.cs.uwaterloo.ca_cn101.cs.uwaterloo.ca_1598 1	0	0.021500	799	1024
cn105.cs.uwaterloo.ca_cn101.cs.uwaterloo.ca_1600 1	0	0.021500	813	1024
cn105.cs.uwaterloo.ca_cn101.cs.uwaterloo.ca_1602 1	0	0.021500	818	1024
cn105.cs.uwaterloo.ca_cn101.cs.uwaterloo.ca_1604 1	0	0.021500	821	1024
cn105.cs.uwaterloo.ca_cn101.cs.uwaterloo.ca_1606 1	0	0.021500	825	1024
cn105.cs.uwaterloo.ca_cn101.cs.uwaterloo.ca_1608 1	0	0.021500	828	1024
cn105.cs.uwaterloo.ca_cn101.cs.uwaterloo.ca_1610 1	0	0.021500	829	1024
cn105.cs.uwaterloo.ca_cn101.cs.uwaterloo.ca_1612 1	0	0.021500	831	1024
cn105.cs.uwaterloo.ca_cn101.cs.uwaterloo.ca_1614 1	0	0.021500	835	1024
cn105.cs.uwaterloo.ca_cn101.cs.uwaterloo.ca_1616 1	0	0.021500	845	1024
cn105.cs.uwaterloo.ca_cn101.cs.uwaterloo.ca_1618 1	0	0.021500	853	1024
cn105.cs.uwaterloo.ca_cn101.cs.uwaterloo.ca_1620 1	0	0.021500	857	1024
cn105.cs.uwaterloo.ca_cn101.cs.uwaterloo.ca_1623 1	0	0.021500	860	1024
cn105.cs.uwaterloo.ca_cn101.cs.uwaterloo.ca_1624 1	0	0.021500	861	1024
cn105.cs.uwaterloo.ca_cn101.cs.uwaterloo.ca_1626 1	0	0.021500	863	1024
cn105.cs.uwaterloo.ca_cn101.cs.uwaterloo.ca_1628 1	0	0.021500	872	1024
cn105.cs.uwaterloo.ca_cn101.cs.uwaterloo.ca_1630 1	0	0.021500	893	1024
cn105.cs.uwaterloo.ca_cn101.cs.uwaterloo.ca_1632 1	0	0.021500	898	1024
cn105.cs.uwaterloo.ca_cn101.cs.uwaterloo.ca_1634 1	0	0.021500	909	1024
cn105.cs.uwaterloo.ca_cn101.cs.uwaterloo.ca_1636 1	0	0.021500	917	1024
cn105.cs.uwaterloo.ca_cn101.cs.uwaterloo.ca_1638 1	0	0.021500	921	1024
cn105.cs.uwaterloo.ca_cn101.cs.uwaterloo.ca_1641 1	0	0.021500	924	1024
cn105.cs.uwaterloo.ca_cn101.cs.uwaterloo.ca_1643 1	0	0.021500	925	1024
cn105.cs.uwaterloo.ca_cn101.cs.uwaterloo.ca_1644 1	0	0.021500	927	1024
cn105.cs.uwaterloo.ca_cn101.cs.uwaterloo.ca_1646 1	0	0.021500	929	1024
cn105.cs.uwaterloo.ca_cn101.cs.uwaterloo.ca_1648 1	0	0.021500	942	1024
cn105.cs.uwaterloo.ca_cn101.cs.uwaterloo.ca_1650 1	0	0.021500	957	1024
cn105.cs.uwaterloo.ca_cn101.cs.uwaterloo.ca_1652 1	0	0.021500	989	1024
cn105.cs.uwaterloo.ca_cn101.cs.uwaterloo.ca_1654 1	0	0.021500	1008	1024
cn105.cs.uwaterloo.ca_cn101.cs.uwaterloo.ca_1656 1	0	0.021500	1015	1024
cn105.cs.uwaterloo.ca_cn101.cs.uwaterloo.ca_1658 1	0	0.021500	1038	1024
cn105.cs.uwaterloo.ca_cn101.cs.uwaterloo.ca_1660 1	0	0.021500	1043	1024
cn105.cs.uwaterloo.ca_cn101.cs.uwaterloo.ca_1662 1	0	0.021500	1084	1024
cn105.cs.uwaterloo.ca_cn101.cs.uwaterloo.ca_1664 1	0	0.021500	1101	1024
cn105.cs.uwaterloo.ca_cn101.cs.uwaterloo.ca_1666 1	0	0.021500	1110	1024
cn107_cn101.cs.uwaterloo.ca_743 1	0	0.026000	118	2048
cn110.cs.uwaterloo.ca_cn101.cs.uwaterloo.ca_1195 1	0	0.023000	659	3584
cn106_cn101_1219 1	0	0.021000	169	1536
cn106_cn101_1235 1	0	0.021000	220	1536
cn106_cn101_1239 1	0	0.021000	482	1536
cn106_cn101_1241 1	0	0.021000	586	1536
cn106_cn101_1243 1	0	0.021000	613	1536
cn106_cn101_1245 1	0	0.021000	1065	1536
cn109_cn101_775 1	0	0.026000	108	3072
cn109_cn101_1228 1	0	0.026000	295	3072
cn109_cn101_1236 1	0	0.026000	964	3072
cn109_cn101_1240 1	0	0.026000	1063	3072
cn109_cn101_1238 1	0	0.026000	1003	3072
cn109_cn101_1234 1	0	0.026000	440	3072
cn109_cn101_1232 1	0	0.026000	338	3072
cn107_cn101.cs.uwaterloo.ca_1144 1	0	0.026000	153	2048
cn107_cn101.cs.uwaterloo.ca_1179 1	0	0.026000	165	2048
cn107_cn101.cs.uwaterloo.ca_1207 1	0	0.026000	171	2048
cn107_cn101.cs.uwaterloo.ca_1225 1	0	0.026000	182	2048
cn107_cn101.cs.uwaterloo.ca_1317 1	0	0.026000	201	2048
cn107_cn101.cs.uwaterloo.ca_1355 1	0	0.026000	209	2048
cn107_cn101.cs.uwaterloo.ca_1381 1	0	0.026000	214	2048
cn107_cn101.cs.uwaterloo.ca_1386 1	0	0.026000	216	2048
cn107_cn101.cs.uwaterloo.ca_1390 1	0	0.026000	217	2048
cn107_cn101.cs.uwaterloo.ca_1393 1	0	0.026000	219	2048
cn107_cn101.cs.uwaterloo.ca_1395 1	0	0.026000	221	2048
cn107_cn101.cs.uwaterloo.ca_1397 1	0	0.026000	230	2048
cn107_cn101.cs.uwaterloo.ca_1399 1	0	0.026000	242	2048
cn107_cn101.cs.uwaterloo.ca_1401 1	0	0.026000	244	2048
cn107_cn101.cs.uwaterloo.ca_1403 1	0	0.026000	246	2048
cn107_cn101.cs.uwaterloo.ca_1405 1	0	0.026000	247	2048
cn107_cn101.cs.uwaterloo.ca_1407 1	0	0.026000	249	2048
cn107_cn101.cs.uwaterloo.ca_1409 1	0	0.026000	254	2048
cn107_cn101.cs.uwaterloo.ca_1411 1	0	0.026000	283	2048
cn107_cn101.cs.uwaterloo.ca_1413 1	0	0.026000	297	2048
cn107_cn101.cs.uwaterloo.ca_1415 1	0	0.026000	308	2048
cn107_cn101.cs.uwaterloo.ca_1417 1	0	0.026000	325	2048
cn107_cn101.cs.uwaterloo.ca_1419 1	0	0.026000	348	2048
cn107_cn101.cs.uwaterloo.ca_1421 1	0	0.026000	362	2048
cn107_cn101.cs.uwaterloo.ca_1423 1	0	0.026000	369	2048
cn107_cn101.cs.uwaterloo.ca_1425 1	0	0.026000	383	2048
cn107_cn101.cs.uwaterloo.ca_1427 1	0	0.026000	405	2048
cn107_cn101.cs.uwaterloo.ca_1429 1	0	0.026000	451	2048
cn107_cn101.cs.uwaterloo.ca_1431 1	0	0.026000	473	2048
cn107_cn101.cs.uwaterloo.ca_1433 1	0	0.026000	480	2048
cn107_cn101.cs.uwaterloo.ca_1435 1	0	0.026000	502	2048
cn107_cn101.cs.uwaterloo.ca_1437 1	0	0.026000	527	2048
cn107_cn101.cs.uwaterloo.ca_1439 1	0	0.026000	538	2048
cn107_cn101.cs.uwaterloo.ca_1441 1	0	0.026000	549	2048
cn107_cn101.cs.uwaterloo.ca_1443 1	0	0.026000	554	2048
cn107_cn101.cs.uwaterloo.ca_1445 1	0	0.026000	562	2048
cn107_cn101.cs.uwaterloo.ca_1447 1	0	0.026000	568	2048
cn107_cn101.cs.uwaterloo.ca_1449 1	0	0.026000	570	2048
cn107_cn101.cs.uwaterloo.ca_1451 1	0	0.026000	571	2048
cn107_cn101.cs.uwaterloo.ca_1453 1	0	0.026000	574	2048
cn107_cn101.cs.uwaterloo.ca_1455 1	0	0.026000	583	2048
cn107_cn101.cs.uwaterloo.ca_1457 1	0	0.026000	587	2048
cn107_cn101.cs.uwaterloo.ca_1460 1	0	0.026000	589	2048
cn107_cn101.cs.uwaterloo.ca_1461 1	0	0.026000	590	2048
cn107_cn101.cs.uwaterloo.ca_1463 1	0	0.026000	591	2048
cn107_cn101.cs.uwaterloo.ca_1465 1	0	0.026000	607	2048
cn107_cn101.cs.uwaterloo.ca_1467 1	0	0.026000	623	2048
cn107_cn101.cs.uwaterloo.ca_1469 1	0	0.026000	625	2048
cn107_cn101.cs.uwaterloo.ca_1471 1	0	0.026000	634	2048
cn107_cn101.cs.uwaterloo.ca_1473 1	0	0.026000	645	2048
cn107_cn101.cs.uwaterloo.ca_1475 1	0	0.026000	668	2048
cn107_cn101.cs.uwaterloo.ca_1477 1	0	0.026000	673	2048
cn107_cn101.cs.uwaterloo.ca_1479 1	0	0.026000	676	2048
cn107_cn101.cs.uwaterloo.ca_1481 1	0	0.026000	677	2048
cn107_cn101.cs.uwaterloo.ca_1483 1	0	0.026000	679	2048
cn107_cn101.cs.uwaterloo.ca_1485 1	0	0.026000	685	2048
cn107_cn101.cs.uwaterloo.ca_1487 1	0	0.026000	693	2048
cn107_cn101.cs.uwaterloo.ca_1489 1	0	0.026000	698	2048
cn107_cn101.cs.uwaterloo.ca_1491 1	0	0.026000	706	2048
cn107_cn101.cs.uwaterloo.ca_1493 1	0	0.026000	719	2048
cn107_cn101.cs.uwaterloo.ca_1495 1	0	0.026000	729	2048
cn107_cn101.cs.uwaterloo.ca_1497 1	0	0.026000	741	2048
cn107_cn101.cs.uwaterloo.ca_1499 1	0	0.026000	758	2048
cn107_cn101.cs.uwaterloo.ca_1501 1	0	0.026000	771	2048
cn107_cn101.cs.uwaterloo.ca_1503 1	0	0.026000	790	2048
cn107_cn101.cs.uwaterloo.ca_1505 1	0	0.026000	812	2048
cn107_cn101.cs.uwaterloo.ca_1507 1	0	0.026000	817	2048
cn107_cn101.cs.uwaterloo.ca_1509 1	0	0.026000	826	2048
cn107_cn101.cs.uwaterloo.ca_1511 1	0	0.026000	840	2048
cn107_cn101.cs.uwaterloo.ca_1513 1	0	0.026000	847	2048
cn107_cn101.cs.uwaterloo.ca_1515 1	0	0.026000	849	2048
cn107_cn101.cs.uwaterloo.ca_1517 1	0	0.026000	865	2048
cn107_cn101.cs.uwaterloo.ca_1519 1	0	0.026000	880	2048
cn107_cn101.cs.uwaterloo.ca_1521 1	0	0.026000	881	2048
cn107_cn101.cs.uwaterloo.ca_1523 1	0	0.026000	883	2048
cn107_cn101.cs.uwaterloo.ca_1525 1	0	0.026000	885	2048
cn107_cn101.cs.uwaterloo.ca_1527 1	0	0.026000	889	2048
cn107_cn101.cs.uwaterloo.ca_1529 1	0	0.026000	905	2048
cn107_cn101.cs.uwaterloo.ca_1531 1	0	0.026000	912	2048
cn107_cn101.cs.uwaterloo.ca_1533 1	0	0.026000	930	2048
cn107_cn101.cs.uwaterloo.ca_1535 1	0	0.026000	933	2048
cn107_cn101.cs.uwaterloo.ca_1537 1	0	0.026000	959	2048
cn107_cn101.cs.uwaterloo.ca_1539 1	0	0.026000	983	2048
cn107_cn101.cs.uwaterloo.ca_1541 1	0	0.026000	1009	2048
cn107_cn101.cs.uwaterloo.ca_1543 1	0	0.026000	1020	2048
cn107_cn101.cs.uwaterloo.ca_1545 1	0	0.026000	1037	2048
cn107_cn101.cs.uwaterloo.ca_1547 1	0	0.026000	1050	2048
cn107_cn101.cs.uwaterloo.ca_1549 1	0	0.026000	1066	2048
cn107_cn101.cs.uwaterloo.ca_1551 1	0	0.026000	1074	2048
cn107_cn101.cs.uwaterloo.ca_1553 1	0	0.026000	1080	2048
cn107_cn101.cs.uwaterloo.ca_1555 1	0	0.026000	1082	2048
cn107_cn101.cs.uwaterloo.ca_1557 1	0	0.026000	1083	2048
cn107_cn101.cs.uwaterloo.ca_1559 1	0	0.026000	1086	2048
cn107_cn101.cs.uwaterloo.ca_1561 1	0	0.026000	1094	2048
cn107_cn101.cs.uwaterloo.ca_1563 1	0	0.026000	1107	2048
cn104_cn101.cs.uwaterloo.ca_501 1	0	0.023000	87	512
cn104_cn101.cs.uwaterloo.ca_680 1	0	0.023000	110	512
cn104_cn101.cs.uwaterloo.ca_790 1	0	0.023000	120	512
cn104_cn101.cs.uwaterloo.ca_1131 1	0	0.023000	149	512
cn104_cn101.cs.uwaterloo.ca_1180 1	0	0.023000	167	512
cn104_cn101.cs.uwaterloo.ca_1206 1	0	0.023000	186	512
cn104_cn101.cs.uwaterloo.ca_1309 1	0	0.023000	203	512
cn104_cn101.cs.uwaterloo.ca_1347 1	0	0.023000	210	512
cn104_cn101.cs.uwaterloo.ca_1443 1	0	0.023000	228	512
cn104_cn101.cs.uwaterloo.ca_1464 1	0	0.023000	241	512
cn104_cn101.cs.uwaterloo.ca_1466 1	0	0.023000	255	512
cn104_cn101.cs.uwaterloo.ca_1468 1	0	0.023000	279	512
cn104_cn101.cs.uwaterloo.ca_1470 1	0	0.023000	293	512
cn104_cn101.cs.uwaterloo.ca_1472 1	0	0.023000	299	512
cn104_cn101.cs.uwaterloo.ca_1474 1	0	0.023000	312	512
cn104_cn101.cs.uwaterloo.ca_1476 1	0	0.023000	327	512
cn104_cn101.cs.uwaterloo.ca_1478 1	0	0.023000	339	512
cn104_cn101.cs.uwaterloo.ca_1480 1	0	0.023000	341	512
cn104_cn101.cs.uwaterloo.ca_1483 1	0	0.023000	342	512
cn104_cn101.cs.uwaterloo.ca_1484 1	0	0.023000	343	512
cn104_cn101.cs.uwaterloo.ca_1486 1	0	0.023000	344	512
cn104_cn101.cs.uwaterloo.ca_1488 1	0	0.023000	351	512
cn104_cn101.cs.uwaterloo.ca_1490 1	0	0.023000	360	512
cn104_cn101.cs.uwaterloo.ca_1492 1	0	0.023000	368	512
cn104_cn101.cs.uwaterloo.ca_1494 1	0	0.023000	375	512
cn104_cn101.cs.uwaterloo.ca_1496 1	0	0.023000	376	512
cn104_cn101.cs.uwaterloo.ca_1498 1	0	0.023000	377	512
cn104_cn101.cs.uwaterloo.ca_1500 1	0	0.023000	378	512
cn104_cn101.cs.uwaterloo.ca_1502 1	0	0.023000	380	512
cn104_cn101.cs.uwaterloo.ca_1504 1	0	0.023000	409	512
cn104_cn101.cs.uwaterloo.ca_1506 1	0	0.023000	436	512
cn104_cn101.cs.uwaterloo.ca_1508 1	0	0.023000	449	512
cn104_cn101.cs.uwaterloo.ca_1510 1	0	0.023000	471	512
cn104_cn101.cs.uwaterloo.ca_1512 1	0	0.023000	504	512
cn104_cn101.cs.uwaterloo.ca_1514 1	0	0.023000	519	512
cn104_cn101.cs.uwaterloo.ca_1516 1	0	0.023000	542	512
cn104_cn101.cs.uwaterloo.ca_1519 1	0	0.023000	555	512
cn104_cn101.cs.uwaterloo.ca_1520 1	0	0.023000	556	512
cn104_cn101.cs.uwaterloo.ca_1522 1	0	0.023000	561	512
cn104_cn101.cs.uwaterloo.ca_1524 1	0	0.023000	601	512
cn104_cn101.cs.uwaterloo.ca_1526 1	0	0.023000	626	512
cn104_cn101.cs.uwaterloo.ca_1528 1	0	0.023000	639	512
cn104_cn101.cs.uwaterloo.ca_1530 1	0	0.023000	653	512
cn104_cn101.cs.uwaterloo.ca_1532 1	0	0.023000	664	512
cn104_cn101.cs.uwaterloo.ca_1534 1	0	0.023000	674	512
cn104_cn101.cs.uwaterloo.ca_1536 1	0	0.023000	692	512
cn104_cn101.cs.uwaterloo.ca_1538 1	0	0.023000	703	512
cn104_cn101.cs.uwaterloo.ca_1540 1	0	0.023000	705	512
cn104_cn101.cs.uwaterloo.ca_1542 1	0	0.023000	710	512
cn104_cn101.cs.uwaterloo.ca_1544 1	0	0.023000	735	512
cn104_cn101.cs.uwaterloo.ca_1546 1	0	0.023000	751	512
cn104_cn101.cs.uwaterloo.ca_1548 1	0	0.023000	759	512
cn104_cn101.cs.uwaterloo.ca_1550 1	0	0.023000	763	512
cn104_cn101.cs.uwaterloo.ca_1553 1	0	0.023000	765	512
cn104_cn101.cs.uwaterloo.ca_1555 1	0	0.023000	766	512
cn104_cn101.cs.uwaterloo.ca_1556 1	0	0.023000	767	512
cn104_cn101.cs.uwaterloo.ca_1558 1	0	0.023000	779	512
cn104_cn101.cs.uwaterloo.ca_1560 1	0	0.023000	786	512
cn104_cn101.cs.uwaterloo.ca_1562 1	0	0.023000	803	512
cn104_cn101.cs.uwaterloo.ca_1564 1	0	0.023000	809	512
cn104_cn101.cs.uwaterloo.ca_1567 1	0	0.023000	810	512
cn104_cn101.cs.uwaterloo.ca_1568 1	0	0.023000	811	512
cn104_cn101.cs.uwaterloo.ca_1570 1	0	0.023000	815	512
cn104_cn101.cs.uwaterloo.ca_1572 1	0	0.023000	820	512
cn104_cn101.cs.uwaterloo.ca_1574 1	0	0.023000	827	512
cn104_cn101.cs.uwaterloo.ca_1576 1	0	0.023000	833	512
cn104_cn101.cs.uwaterloo.ca_1578 1	0	0.023000	844	512
cn104_cn101.cs.uwaterloo.ca_1580 1	0	0.023000	855	512
cn104_cn101.cs.uwaterloo.ca_1582 1	0	0.023000	875	512
cn104_cn101.cs.uwaterloo.ca_1584 1	0	0.023000	888	512
cn104_cn101.cs.uwaterloo.ca_1586 1	0	0.023000	897	512
cn104_cn101.cs.uwaterloo.ca_1588 1	0	0.023000	916	512
cn104_cn101.cs.uwaterloo.ca_1590 1	0	0.023000	932	512
cn104_cn101.cs.uwaterloo.ca_1592 1	0	0.023000	939	512
cn104_cn101.cs.uwaterloo.ca_1594 1	0	0.023000	944	512
cn104_cn101.cs.uwaterloo.ca_1597 1	0	0.023000	948	512
cn104_cn101.cs.uwaterloo.ca_1599 1	0	0.023000	949	512
cn104_cn101.cs.uwaterloo.ca_1600 1	0	0.023000	950	512
cn104_cn101.cs.uwaterloo.ca_1602 1	0	0.023000	956	512
cn104_cn101.cs.uwaterloo.ca_1604 1	0	0.023000	960	512
cn104_cn101.cs.uwaterloo.ca_1606 1	0	0.023000	961	512
cn104_cn101.cs.uwaterloo.ca_1608 1	0	0.023000	963	512
cn104_cn101.cs.uwaterloo.ca_1610 1	0	0.023000	965	512
cn104_cn101.cs.uwaterloo.ca_1612 1	0	0.023000	969	512
cn104_cn101.cs.uwaterloo.ca_1614 1	0	0.023000	977	512
cn104_cn101.cs.uwaterloo.ca_1616 1	0	0.023000	993	512
cn104_cn101.cs.uwaterloo.ca_1618 1	0	0.023000	1012	512
cn104_cn101.cs.uwaterloo.ca_1620 1	0	0.023000	1023	512
cn104_cn101.cs.uwaterloo.ca_1622 1	0	0.023000	1031	512
cn104_cn101.cs.uwaterloo.ca_1624 1	0	0.023000	1052	512
cn104_cn101.cs.uwaterloo.ca_1626 1	0	0.023000	1070	512
cn104_cn101.cs.uwaterloo.ca_1628 1	0	0.023000	1075	512
cn104_cn101.cs.uwaterloo.ca_1630 1	0	0.023000	1102	512
cn104_cn101.cs.uwaterloo.ca_1632 1	0	0.023000	1106	512
