cn107_cn109.cs.uwaterloo.ca_86 1	0	0.025000	7779	2048
cn102_cn109.cs.uwaterloo.ca_76 1	0	0.024000	7787	256
cn107_cn109.cs.uwaterloo.ca_100 1	0	0.025000	7788	2048
cn102_cn109.cs.uwaterloo.ca_85 1	0	0.024000	7795	256
cn107_cn109.cs.uwaterloo.ca_115 1	0	0.025000	7792	2048
cn102_cn109.cs.uwaterloo.ca_94 1	0	0.024000	7801	256
cn102_cn109.cs.uwaterloo.ca_99 1	0	0.024000	7802	256
cn102_cn109.cs.uwaterloo.ca_102 1	0	0.024000	7803	256
cn105.cs.uwaterloo.ca_cn109.cs.uwaterloo.ca_142 1	0	0.021000	7784	1024
cn105.cs.uwaterloo.ca_cn109.cs.uwaterloo.ca_152 1	0	0.021000	7791	1024
cn104_cn109.cs.uwaterloo.ca_177 1	0	0.025000	7789	512
cn102_cn109.cs.uwaterloo.ca_123 1	0	0.024000	7807	256
cn105.cs.uwaterloo.ca_cn109.cs.uwaterloo.ca_172 1	0	0.021000	7794	1024
cn109_cn109_146 0	0	0.000000	7851	3072
cn101_cn109_325 1	0	0.025000	7777	0
cn104_cn109.cs.uwaterloo.ca_208 1	0	0.025000	7806	512
cn102_cn109.cs.uwaterloo.ca_147 1	0	0.024000	7811	256
cn107_cn109.cs.uwaterloo.ca_182 1	0	0.025000	7808	2048
cn101_cn109_351 1	0	0.025000	7778	0
cn101_cn109_367 1	0	0.025000	7780	0
cn105.cs.uwaterloo.ca_cn109.cs.uwaterloo.ca_209 1	0	0.021000	7810	1024
cn105.cs.uwaterloo.ca_cn109.cs.uwaterloo.ca_217 1	0	0.021000	7813	1024
cn105.cs.uwaterloo.ca_cn109.cs.uwaterloo.ca_274 1	0	0.021000	7836	1024
cn104_cn109.cs.uwaterloo.ca_237 1	0	0.025000	7812	512
cn105.cs.uwaterloo.ca_cn109.cs.uwaterloo.ca_293 1	0	0.021000	7852	1024
cn105.cs.uwaterloo.ca_cn109.cs.uwaterloo.ca_308 1	0	0.021000	7860	1024
cn104_cn109.cs.uwaterloo.ca_276 1	0	0.025000	7818	512
cn105.cs.uwaterloo.ca_cn109.cs.uwaterloo.ca_313 1	0	0.021000	7864	1024
cn105.cs.uwaterloo.ca_cn109.cs.uwaterloo.ca_322 1	0	0.021000	7868	1024
cn105.cs.uwaterloo.ca_cn109.cs.uwaterloo.ca_324 1	0	0.021000	7869	1024
cn101_cn109_378 1	0	0.025000	7781	0
cn105.cs.uwaterloo.ca_cn109.cs.uwaterloo.ca_327 1	0	0.021000	7870	1024
cn104_cn109.cs.uwaterloo.ca_309 1	0	0.025000	7827	512
cn101_cn109_398 1	0	0.025000	7783	0
cn107_cn109.cs.uwaterloo.ca_219 1	0	0.025000	7824	2048
cn107_cn109.cs.uwaterloo.ca_215 1	0	0.025000	7822	2048
cn107_cn109.cs.uwaterloo.ca_225 1	0	0.025000	7825	2048
cn107_cn109.cs.uwaterloo.ca_240 1	0	0.025000	7826	2048
cn101_cn109_395 1	0	0.025000	7782	0
cn107_cn109.cs.uwaterloo.ca_242 1	0	0.025000	7828	2048
cn101_cn109_447 1	0	0.025000	7785	0
cn101_cn109_455 1	0	0.025000	7786	0
cn104_cn109.cs.uwaterloo.ca_384 1	0	0.025000	7843	512
cn101_cn109_486 1	0	0.025000	7790	0
cn107_cn109.cs.uwaterloo.ca_254 1	0	0.025000	7832	2048
cn104_cn109.cs.uwaterloo.ca_409 1	0	0.025000	7853	512
cn104_cn109.cs.uwaterloo.ca_419 1	0	0.025000	7857	512
cn104_cn109.cs.uwaterloo.ca_422 1	0	0.025000	7858	512
cn104_cn109.cs.uwaterloo.ca_426 1	0	0.025000	7859	512
cn104_cn109.cs.uwaterloo.ca_437 1	0	0.025000	7863	512
cn101_cn109_559 1	0	0.025000	7793	0
cn104_cn109.cs.uwaterloo.ca_447 1	0	0.025000	7867	512
cn101_cn109_585 1	0	0.025000	7796	0
cn101_cn109_596 1	0	0.025000	7797	0
cn101_cn109_611 1	0	0.025000	7798	0
cn101_cn109_616 1	0	0.025000	7799	0
cn101_cn109_632 1	0	0.025000	7800	0
cn101_cn109_682 1	0	0.025000	7804	0
cn101_cn109_699 1	0	0.025000	7805	0
cn101_cn109_717 1	0	0.025000	7809	0
cn107_cn109.cs.uwaterloo.ca_295 1	0	0.025000	7845	2048
cn107_cn109.cs.uwaterloo.ca_308 1	0	0.025000	7856	2048
cn107_cn109.cs.uwaterloo.ca_320 1	0	0.025000	7873	2048
cn107_cn109.cs.uwaterloo.ca_319 1	0	0.025000	7872	2048
cn107_cn109.cs.uwaterloo.ca_325 1	0	0.025000	7874	2048
cn107_cn109.cs.uwaterloo.ca_327 1	0	0.025000	7876	2048
cn107_cn109.cs.uwaterloo.ca_330 1	0	0.025000	7880	2048
cn101_cn109_765 1	0	0.025000	7814	0
cn101_cn109_771 1	0	0.025000	7815	0
cn101_cn109_781 1	0	0.025000	7816	0
cn101_cn109_790 1	0	0.025000	7817	0
cn101_cn109_803 1	0	0.025000	7819	0
cn101_cn109_807 1	0	0.025000	7820	0
cn101_cn109_817 1	0	0.025000	7821	0
cn101_cn109_841 1	0	0.025000	7823	0
cn102_cn109.cs.uwaterloo.ca_236 1	0	0.024000	7834	256
cn102_cn109.cs.uwaterloo.ca_267 1	0	0.024000	7848	256
cn102_cn109.cs.uwaterloo.ca_278 1	0	0.024000	7855	256
cn102_cn109.cs.uwaterloo.ca_290 1	0	0.024000	7861	256
cn101_cn109_900 1	0	0.025000	7829	0
cn101_cn109_910 1	0	0.025000	7830	0
cn101_cn109_915 1	0	0.025000	7831	0
cn101_cn109_931 1	0	0.025000	7833	0
cn101_cn109_936 1	0	0.025000	7835	0
cn101_cn109_953 1	0	0.025000	7837	0
cn101_cn109_958 1	0	0.025000	7838	0
cn101_cn109_965 1	0	0.025000	7839	0
cn101_cn109_972 1	0	0.025000	7840	0
cn101_cn109_976 1	0	0.025000	7841	0
cn101_cn109_978 1	0	0.025000	7842	0
cn101_cn109_1000 1	0	0.025000	7854	0
cn101_cn109_1055 1	0	0.025000	7875	0
cn101_cn109_1060 1	0	0.025000	7877	0
cn101_cn109_1063 1	0	0.025000	7878	0
cn101_cn109_1066 1	0	0.025000	7879	0
cn101_cn109_2241 1	0	0.025000	7846	0
cn101_cn109_2388 1	0	0.025000	7865	0
cn101_cn109_2805 1	0	0.025000	7850	0
cn101_cn109_2808 1	0	0.025000	7844	0
cn101_cn109_2809 1	0	0.025000	7849	0
cn101_cn109_2811 1	0	0.025000	7847	0
cn101_cn109_2813 1	0	0.025000	7882	0
cn101_cn109_2820 1	0	0.025000	7883	0
cn101_cn109_2844 1	0	0.025000	7887	0
cn101_cn109_2853 1	0	0.025000	7884	0
cn101_cn109_2910 1	0	0.025000	7895	0
cn101_cn109_2921 1	0	0.025000	7908	0
cn101_cn109_2923 1	0	0.025000	7910	0
cn101_cn109_3064 1	0	0.025000	7881	0
cn101_cn109_3065 1	0	0.025000	7871	0
cn101_cn109_3070 1	0	0.025000	7914	0
cn101_cn109_3067 1	0	0.025000	7912	0
cn101_cn109_3073 1	0	0.025000	7915	0
cn101_cn109_3079 1	0	0.025000	7918	0
cn101_cn109_3087 1	0	0.025000	7925	0
cn101_cn109_3088 1	0	0.025000	7929	0
cn101_cn109_3089 1	0	0.025000	7930	0
cn101_cn109_3092 1	0	0.025000	7934	0
cn101_cn109_3094 1	0	0.025000	7937	0
cn101_cn109_3097 1	0	0.025000	7942	0
cn101_cn109_3446 1	0	0.025000	7903	0
cn101_cn109_3448 1	0	0.025000	7911	0
cn101_cn109_3449 1	0	0.025000	7907	0
cn101_cn109_3450 1	0	0.025000	7906	0
cn101_cn109_3453 1	0	0.025000	7944	0
cn101_cn109_3469 1	0	0.025000	7945	0
cn101_cn109_3476 1	0	0.025000	7947	0
cn101_cn109_3500 1	0	0.025000	7948	0
cn101_cn109_3502 1	0	0.025000	7949	0
cn101_cn109_3504 1	0	0.025000	7953	0
cn101_cn109_3506 1	0	0.025000	7954	0
cn101_cn109_3511 1	0	0.025000	7955	0
cn101_cn109_3576 1	0	0.025000	7939	0
cn101_cn109_3577 1	0	0.025000	7943	0
cn101_cn109_3583 1	0	0.025000	7963	0
cn101_cn109_3589 1	0	0.025000	7969	0
cn101_cn109_3590 1	0	0.025000	7970	0
cn101_cn109_3597 1	0	0.025000	7972	0
cn101_cn109_3601 1	0	0.025000	7974	0
cn101_cn109_3602 1	0	0.025000	7977	0
cn101_cn109_5115 1	0	0.025000	7959	0
cn101_cn109_5116 1	0	0.025000	7961	0
cn101_cn109_5117 1	0	0.025000	7957	0
cn101_cn109_5118 1	0	0.025000	7960	0
cn101_cn109_5127 1	0	0.025000	7982	0
cn101_cn109_5138 1	0	0.025000	7987	0
cn101_cn109_5141 1	0	0.025000	7980	0
cn101_cn109_5148 1	0	0.025000	7990	0
cn101_cn109_5152 1	0	0.025000	7994	0
cn101_cn109_5154 1	0	0.025000	7991	0
cn101_cn109_5203 1	0	0.025000	8002	0
cn101_cn109_5204 1	0	0.025000	8011	0
cn101_cn109_5262 1	0	0.025000	8025	0
cn101_cn109_5305 1	0	0.025000	8038	0
cn101_cn109_5310 1	0	0.025000	8045	0
cn101_cn109_5313 1	0	0.025000	8047	0
cn101_cn109_5315 1	0	0.025000	8050	0
cn101_cn109_5317 1	0	0.025000	8052	0
cn101_cn109_5320 1	0	0.025000	8053	0
cn101_cn109_5335 1	0	0.025000	8057	0
cn101_cn109_5346 1	0	0.025000	8065	0
cn101_cn109_5356 1	0	0.025000	8068	0
cn101_cn109_5368 1	0	0.025000	8069	0
cn101_cn109_5874 1	0	0.025000	8000	0
cn101_cn109_5878 1	0	0.025000	8036	0
cn101_cn109_5961 1	0	0.025000	8009	0
cn101_cn109_5964 1	0	0.025000	8019	0
cn101_cn109_5970 1	0	0.025000	8075	0
cn101_cn109_5994 1	0	0.025000	8076	0
cn101_cn109_5995 1	0	0.025000	8077	0
cn101_cn109_6015 1	0	0.025000	8078	0
cn101_cn109_6022 1	0	0.025000	8081	0
cn101_cn109_6036 1	0	0.025000	8083	0
cn101_cn109_6063 1	0	0.025000	8084	0
cn101_cn109_6064 1	0	0.025000	8085	0
cn101_cn109_6081 1	0	0.025000	8087	0
cn101_cn109_6093 1	0	0.025000	8088	0
cn101_cn109_6108 1	0	0.025000	8090	0
cn101_cn109_6113 1	0	0.025000	8092	0
cn101_cn109_6116 1	0	0.025000	8093	0
cn101_cn109_6168 1	0	0.025000	8095	0
cn101_cn109_6173 1	0	0.025000	8096	0
cn101_cn109_6181 1	0	0.025000	8097	0
cn101_cn109_6196 1	0	0.025000	8099	0
cn101_cn109_6557 1	0	0.025000	8100	0
cn104_cn109.cs.uwaterloo.ca_1525 1	0	0.025000	7885	512
cn104_cn109.cs.uwaterloo.ca_1542 1	0	0.025000	7902	512
cn104_cn109.cs.uwaterloo.ca_1544 1	0	0.025000	7909	512
cn104_cn109.cs.uwaterloo.ca_1579 1	0	0.025000	7913	512
cn104_cn109.cs.uwaterloo.ca_1586 1	0	0.025000	7916	512
cn104_cn109.cs.uwaterloo.ca_1587 1	0	0.025000	7917	512
cn101_cn109_7337 1	0	0.025000	7866	0
cn101_cn109_7338 1	0	0.025000	8106	0
cn101_cn109_7339 1	0	0.025000	8108	0
cn104_cn109.cs.uwaterloo.ca_1591 1	0	0.025000	7919	512
cn104_cn109.cs.uwaterloo.ca_1598 1	0	0.025000	7923	512
cn101_cn109_7343 1	0	0.025000	8113	0
cn104_cn109.cs.uwaterloo.ca_1605 1	0	0.025000	7933	512
cn104_cn109.cs.uwaterloo.ca_1606 1	0	0.025000	7936	512
cn101_cn109_7345 1	0	0.025000	8114	0
cn101_cn109_7346 1	0	0.025000	8117	0
cn104_cn109.cs.uwaterloo.ca_1650 1	0	0.025000	7950	512
cn104_cn109.cs.uwaterloo.ca_1662 1	0	0.025000	7958	512
cn104_cn109.cs.uwaterloo.ca_1680 1	0	0.025000	7962	512
cn104_cn109.cs.uwaterloo.ca_1683 1	0	0.025000	7964	512
cn104_cn109.cs.uwaterloo.ca_1685 1	0	0.025000	7966	512
cn104_cn109.cs.uwaterloo.ca_1686 1	0	0.025000	7967	512
cn104_cn109.cs.uwaterloo.ca_1992 1	0	0.025000	7979	512
cn104_cn109.cs.uwaterloo.ca_2006 1	0	0.025000	7998	512
cn104_cn109.cs.uwaterloo.ca_2007 1	0	0.025000	8006	512
cn104_cn109.cs.uwaterloo.ca_2010 1	0	0.025000	8010	512
cn104_cn109.cs.uwaterloo.ca_2013 1	0	0.025000	8015	512
cn104_cn109.cs.uwaterloo.ca_2012 1	0	0.025000	8012	512
cn104_cn109.cs.uwaterloo.ca_2014 1	0	0.025000	8014	512
cn104_cn109.cs.uwaterloo.ca_2015 1	0	0.025000	8018	512
cn104_cn109.cs.uwaterloo.ca_2016 1	0	0.025000	8020	512
cn104_cn109.cs.uwaterloo.ca_2017 1	0	0.025000	8022	512
cn104_cn109.cs.uwaterloo.ca_2018 1	0	0.025000	8023	512
cn104_cn109.cs.uwaterloo.ca_2019 1	0	0.025000	8024	512
cn104_cn109.cs.uwaterloo.ca_2020 1	0	0.025000	8026	512
cn104_cn109.cs.uwaterloo.ca_2021 1	0	0.025000	8027	512
cn104_cn109.cs.uwaterloo.ca_2023 1	0	0.025000	8029	512
cn104_cn109.cs.uwaterloo.ca_2024 1	0	0.025000	8028	512
cn104_cn109.cs.uwaterloo.ca_2025 1	0	0.025000	8031	512
cn104_cn109.cs.uwaterloo.ca_2026 1	0	0.025000	8030	512
cn104_cn109.cs.uwaterloo.ca_2030 1	0	0.025000	8046	512
cn104_cn109.cs.uwaterloo.ca_2033 1	0	0.025000	8049	512
cn104_cn109.cs.uwaterloo.ca_2035 1	0	0.025000	8054	512
cn104_cn109.cs.uwaterloo.ca_2037 1	0	0.025000	8058	512
cn104_cn109.cs.uwaterloo.ca_2038 1	0	0.025000	8060	512
cn104_cn109.cs.uwaterloo.ca_2040 1	0	0.025000	8062	512
cn104_cn109.cs.uwaterloo.ca_2041 1	0	0.025000	8063	512
cn104_cn109.cs.uwaterloo.ca_2182 1	0	0.025000	8094	512
cn104_cn109.cs.uwaterloo.ca_2792 1	0	0.025000	8115	512
cn104_cn109.cs.uwaterloo.ca_2793 1	0	0.025000	8116	512
cn101_cn109_7830 1	0	0.025000	7862	0
cn101_cn109_7831 1	0	0.025000	8120	0
cn101_cn109_7829 1	0	0.025000	8102	0
cn109_cn109_459 0	0	0.000000	8141	3072
cn104_cn109.cs.uwaterloo.ca_3193 1	0	0.025000	8129	512
cn104_cn109.cs.uwaterloo.ca_3201 1	0	0.025000	8142	512
cn104_cn109.cs.uwaterloo.ca_3203 1	0	0.025000	8150	512
cn101_cn109_8252 1	0	0.025000	8072	0
cn101_cn109_8253 1	0	0.025000	8121	0
cn101_cn109_8254 1	0	0.025000	8073	0
cn101_cn109_8259 1	0	0.025000	8105	0
cn101_cn109_8260 1	0	0.025000	8122	0
cn101_cn109_8261 1	0	0.025000	8123	0
cn101_cn109_8265 1	0	0.025000	8126	0
cn101_cn109_8286 1	0	0.025000	8132	0
cn101_cn109_8291 1	0	0.025000	8135	0
cn101_cn109_8292 1	0	0.025000	8131	0
cn101_cn109_8293 1	0	0.025000	8134	0
cn101_cn109_8298 1	0	0.025000	8138	0
cn101_cn109_8299 1	0	0.025000	8137	0
cn104_cn109.cs.uwaterloo.ca_3237 1	0	0.025000	8154	512
cn104_cn109.cs.uwaterloo.ca_3243 1	0	0.025000	8156	512
cn104_cn109.cs.uwaterloo.ca_3245 1	0	0.025000	8158	512
cn104_cn109.cs.uwaterloo.ca_3249 1	0	0.025000	8162	512
cn104_cn109.cs.uwaterloo.ca_3256 1	0	0.025000	8159	512
cn104_cn109.cs.uwaterloo.ca_3260 1	0	0.025000	8173	512
cn104_cn109.cs.uwaterloo.ca_3282 1	0	0.025000	8190	512
cn109_cn109_555 0	0	0.000000	8236	3072
cn104_cn109.cs.uwaterloo.ca_3295 1	0	0.025000	8220	512
cn104_cn109.cs.uwaterloo.ca_3296 1	0	0.025000	8229	512
cn104_cn109.cs.uwaterloo.ca_3297 1	0	0.025000	8234	512
cn104_cn109.cs.uwaterloo.ca_3298 1	0	0.025000	8243	512
cn104_cn109.cs.uwaterloo.ca_3300 1	0	0.025000	8262	512
cn109_cn109_588 0	0	0.000000	8268	3072
cn109_cn109_613 0	0	0.000000	8292	3072
cn109_cn109_618 0	0	0.000000	8296	3072
cn109_cn109_623 0	0	0.000000	8300	3072
cn109_cn109_625 0	0	0.000000	8301	3072
cn104_cn109.cs.uwaterloo.ca_3302 1	0	0.025000	8297	512
cn109_cn109_627 0	0	0.000000	8302	3072
cn104_cn109.cs.uwaterloo.ca_3306 1	0	0.025000	8308	512
cn109_cn109_642 0	0	0.000000	8316	3072
cn104_cn109.cs.uwaterloo.ca_3309 1	0	0.025000	8319	512
cn104_cn109.cs.uwaterloo.ca_3312 1	0	0.025000	8323	512
cn101_cn109_8579 1	0	0.025000	7975	0
cn101_cn109_8581 1	0	0.025000	8139	0
cn101_cn109_8582 1	0	0.025000	8153	0
cn101_cn109_8593 1	0	0.025000	8101	0
cn101_cn109_8594 1	0	0.025000	8149	0
cn101_cn109_8595 1	0	0.025000	8140	0
cn101_cn109_8596 1	0	0.025000	7978	0
cn101_cn109_8597 1	0	0.025000	8143	0
cn101_cn109_8658 1	0	0.025000	8160	0
cn101_cn109_8659 1	0	0.025000	8155	0
cn101_cn109_8670 1	0	0.025000	8157	0
cn101_cn109_8675 1	0	0.025000	8165	0
cn101_cn109_8728 1	0	0.025000	8161	0
cn101_cn109_8736 1	0	0.025000	8171	0
cn101_cn109_8748 1	0	0.025000	8169	0
cn101_cn109_8757 1	0	0.025000	8170	0
cn101_cn109_8763 1	0	0.025000	8166	0
cn101_cn109_8765 1	0	0.025000	8177	0
cn101_cn109_8767 1	0	0.025000	8172	0
cn101_cn109_8770 1	0	0.025000	8164	0
cn101_cn109_8774 1	0	0.025000	8178	0
cn101_cn109_8776 1	0	0.025000	8186	0
cn101_cn109_8781 1	0	0.025000	8180	0
cn101_cn109_8786 1	0	0.025000	8184	0
cn101_cn109_8791 1	0	0.025000	8192	0
cn101_cn109_8793 1	0	0.025000	8194	0
cn101_cn109_8792 1	0	0.025000	8193	0
cn101_cn109_8796 1	0	0.025000	8189	0
cn101_cn109_8802 1	0	0.025000	8185	0
cn101_cn109_8805 1	0	0.025000	8196	0
cn101_cn109_8808 1	0	0.025000	8187	0
cn101_cn109_8809 1	0	0.025000	8200	0
cn101_cn109_8815 1	0	0.025000	8201	0
cn101_cn109_8821 1	0	0.025000	8197	0
cn101_cn109_8822 1	0	0.025000	8195	0
cn101_cn109_8833 1	0	0.025000	8198	0
cn101_cn109_8834 1	0	0.025000	8216	0
cn101_cn109_8837 1	0	0.025000	8217	0
cn101_cn109_8838 1	0	0.025000	8219	0
cn101_cn109_8839 1	0	0.025000	8222	0
cn101_cn109_8840 1	0	0.025000	8224	0
cn101_cn109_8841 1	0	0.025000	8225	0
cn101_cn109_8843 1	0	0.025000	8228	0
cn101_cn109_8842 1	0	0.025000	8226	0
cn101_cn109_8845 1	0	0.025000	8231	0
cn101_cn109_8844 1	0	0.025000	8230	0
cn101_cn109_8846 1	0	0.025000	8232	0
cn101_cn109_8847 1	0	0.025000	8233	0
cn101_cn109_8848 1	0	0.025000	8237	0
cn101_cn109_8849 1	0	0.025000	8238	0
cn101_cn109_8850 1	0	0.025000	8239	0
cn101_cn109_8851 1	0	0.025000	8240	0
cn101_cn109_8852 1	0	0.025000	8241	0
cn101_cn109_8853 1	0	0.025000	8244	0
cn101_cn109_8854 1	0	0.025000	8246	0
cn101_cn109_8855 1	0	0.025000	8248	0
cn101_cn109_8856 1	0	0.025000	8249	0
cn101_cn109_8857 1	0	0.025000	8250	0
cn101_cn109_8858 1	0	0.025000	8251	0
cn101_cn109_8859 1	0	0.025000	8252	0
cn101_cn109_8860 1	0	0.025000	8253	0
cn101_cn109_8861 1	0	0.025000	8254	0
cn101_cn109_8862 1	0	0.025000	8255	0
cn101_cn109_8863 1	0	0.025000	8256	0
cn101_cn109_8864 1	0	0.025000	8257	0
cn101_cn109_8865 1	0	0.025000	8258	0
cn101_cn109_8866 1	0	0.025000	8259	0
cn101_cn109_8867 1	0	0.025000	8260	0
cn101_cn109_8868 1	0	0.025000	8261	0
cn101_cn109_8869 1	0	0.025000	8263	0
cn101_cn109_8870 1	0	0.025000	8264	0
cn101_cn109_8871 1	0	0.025000	8265	0
cn101_cn109_8872 1	0	0.025000	8266	0
cn101_cn109_8873 1	0	0.025000	8267	0
cn101_cn109_8874 1	0	0.025000	8270	0
cn101_cn109_8875 1	0	0.025000	8271	0
cn101_cn109_8876 1	0	0.025000	8272	0
cn101_cn109_8877 1	0	0.025000	8275	0
cn101_cn109_8878 1	0	0.025000	8276	0
cn101_cn109_8879 1	0	0.025000	8280	0
cn101_cn109_8880 1	0	0.025000	8283	0
cn101_cn109_8881 1	0	0.025000	8286	0
cn101_cn109_8882 1	0	0.025000	8288	0
cn101_cn109_8883 1	0	0.025000	8289	0
cn101_cn109_8884 1	0	0.025000	8291	0
cn101_cn109_8885 1	0	0.025000	8293	0
cn101_cn109_8886 1	0	0.025000	8294	0
cn101_cn109_8887 1	0	0.025000	8295	0
cn101_cn109_8888 1	0	0.025000	8298	0
cn101_cn109_8890 1	0	0.025000	8299	0
cn101_cn109_8893 1	0	0.025000	8303	0
cn101_cn109_8896 1	0	0.025000	8309	0
cn101_cn109_8898 1	0	0.025000	8311	0
cn101_cn109_8899 1	0	0.025000	8312	0
cn101_cn109_8901 1	0	0.025000	8313	0
cn101_cn109_8905 1	0	0.025000	8318	0
cn101_cn109_8909 1	0	0.025000	8320	0
cn101_cn109_8910 1	0	0.025000	8321	0
cn101_cn109_8912 1	0	0.025000	8322	0
cn101_cn109_8915 1	0	0.025000	8324	0
cn101_cn109_8917 1	0	0.025000	8325	0
cn101_cn109_8921 1	0	0.025000	8326	0
cn101_cn109_8923 1	0	0.025000	8327	0
cn101_cn109_8927 1	0	0.025000	8205	0
cn104_cn109.cs.uwaterloo.ca_3325 1	0	0.025000	8342	512
cn104_cn109.cs.uwaterloo.ca_3326 1	0	0.025000	8345	512
cn104_cn109.cs.uwaterloo.ca_3345 1	0	0.025000	8364	512
cn104_cn109.cs.uwaterloo.ca_3387 1	0	0.025000	8383	512
cn104_cn109.cs.uwaterloo.ca_3401 1	0	0.025000	8392	512
cn101_cn109_9066 1	0	0.025000	8202	0
cn101_cn109_9068 1	0	0.025000	8203	0
cn101_cn109_9069 1	0	0.025000	8208	0
cn101_cn109_9070 1	0	0.025000	8209	0
cn101_cn109_9071 1	0	0.025000	8210	0
cn101_cn109_9072 1	0	0.025000	8212	0
cn101_cn109_9073 1	0	0.025000	8204	0
cn104_cn109.cs.uwaterloo.ca_3432 1	0	0.025000	8415	512
cn109_cn109_755 0	0	0.000000	8428	3072
cn101_cn109_9103 1	0	0.025000	8329	0
cn101_cn109_9105 1	0	0.025000	8333	0
cn104_cn109.cs.uwaterloo.ca_3436 1	0	0.025000	8431	512
cn101_cn109_9144 1	0	0.025000	8335	0
cn101_cn109_9145 1	0	0.025000	8340	0
cn101_cn109_9170 1	0	0.025000	8332	0
cn101_cn109_9261 1	0	0.025000	8339	0
cn101_cn109_9268 1	0	0.025000	8336	0
cn101_cn109_9271 1	0	0.025000	8334	0
cn101_cn109_9274 1	0	0.025000	8349	0
cn101_cn109_9281 1	0	0.025000	8351	0
cn101_cn109_9282 1	0	0.025000	8352	0
cn101_cn109_9284 1	0	0.025000	8353	0
cn101_cn109_9296 1	0	0.025000	8358	0
cn101_cn109_9299 1	0	0.025000	8359	0
cn101_cn109_9307 1	0	0.025000	8354	0
cn101_cn109_9310 1	0	0.025000	8356	0
cn101_cn109_9317 1	0	0.025000	8365	0
cn101_cn109_9319 1	0	0.025000	8371	0
cn101_cn109_9327 1	0	0.025000	8370	0
cn101_cn109_9338 1	0	0.025000	8360	0
cn101_cn109_9343 1	0	0.025000	8374	0
cn101_cn109_9344 1	0	0.025000	8377	0
cn101_cn109_9355 1	0	0.025000	8366	0
cn101_cn109_9361 1	0	0.025000	8382	0
cn101_cn109_9362 1	0	0.025000	8376	0
cn101_cn109_9396 1	0	0.025000	8328	0
cn101_cn109_9397 1	0	0.025000	8396	0
cn101_cn109_9398 1	0	0.025000	8397	0
cn101_cn109_9399 1	0	0.025000	8398	0
cn101_cn109_9400 1	0	0.025000	8399	0
cn101_cn109_9402 1	0	0.025000	8400	0
cn101_cn109_9403 1	0	0.025000	8401	0
cn101_cn109_9405 1	0	0.025000	8402	0
cn101_cn109_9407 1	0	0.025000	8403	0
cn101_cn109_9409 1	0	0.025000	8404	0
cn101_cn109_9411 1	0	0.025000	8405	0
cn101_cn109_9413 1	0	0.025000	8406	0
cn101_cn109_9415 1	0	0.025000	8407	0
cn101_cn109_9417 1	0	0.025000	8408	0
cn101_cn109_9421 1	0	0.025000	8411	0
cn101_cn109_9422 1	0	0.025000	8412	0
cn101_cn109_9425 1	0	0.025000	8414	0
cn101_cn109_9428 1	0	0.025000	8416	0
cn101_cn109_9430 1	0	0.025000	8417	0
cn101_cn109_9434 1	0	0.025000	8419	0
cn101_cn109_9436 1	0	0.025000	8421	0
cn101_cn109_9439 1	0	0.025000	8422	0
cn101_cn109_9441 1	0	0.025000	8423	0
cn101_cn109_9445 1	0	0.025000	8424	0
cn101_cn109_9447 1	0	0.025000	8425	0
cn101_cn109_9452 1	0	0.025000	8426	0
cn101_cn109_9458 1	0	0.025000	8429	0
cn101_cn109_9473 1	0	0.025000	8430	0
cn101_cn109_9483 1	0	0.025000	8387	0
cn101_cn109_9484 1	0	0.025000	8395	0
cn101_cn109_9486 1	0	0.025000	8388	0
cn104_cn109.cs.uwaterloo.ca_3438 1	0	0.025000	8439	512
cn104_cn109.cs.uwaterloo.ca_3444 1	0	0.025000	8443	512
cn104_cn109.cs.uwaterloo.ca_3447 1	0	0.025000	8447	512
cn101_cn109_9493 1	0	0.025000	8390	0
cn104_cn109.cs.uwaterloo.ca_3449 1	0	0.025000	8445	512
cn104_cn109.cs.uwaterloo.ca_3450 1	0	0.025000	8453	512
cn101_cn109_9495 1	0	0.025000	8394	0
cn101_cn109_9496 1	0	0.025000	8384	0
cn101_cn109_9494 1	0	0.025000	8385	0
cn104_cn109.cs.uwaterloo.ca_3457 1	0	0.025000	8446	512
cn101_cn109_9507 1	0	0.025000	8436	0
cn101_cn109_9508 1	0	0.025000	8433	0
cn104_cn109.cs.uwaterloo.ca_3486 1	0	0.025000	8473	512
cn104_cn109.cs.uwaterloo.ca_3489 1	0	0.025000	8481	512
cn104_cn109.cs.uwaterloo.ca_3491 1	0	0.025000	8466	512
cn104_cn109.cs.uwaterloo.ca_3497 1	0	0.025000	8485	512
cn104_cn109.cs.uwaterloo.ca_3499 1	0	0.025000	8487	512
cn104_cn109.cs.uwaterloo.ca_3500 1	0	0.025000	8484	512
cn104_cn109.cs.uwaterloo.ca_3503 1	0	0.025000	8493	512
cn104_cn109.cs.uwaterloo.ca_3504 1	0	0.025000	8501	512
cn101_cn109_9529 1	0	0.025000	8435	0
cn101_cn109_9537 1	0	0.025000	8440	0
cn104_cn109.cs.uwaterloo.ca_3508 1	0	0.025000	8524	512
cn104_cn109.cs.uwaterloo.ca_3516 1	0	0.025000	8535	512
cn101_cn109_9621 1	0	0.025000	8444	0
cn101_cn109_9661 1	0	0.025000	8448	0
cn101_cn109_9683 1	0	0.025000	8441	0
cn101_cn109_9684 1	0	0.025000	8450	0
cn101_cn109_9687 1	0	0.025000	8451	0
cn101_cn109_9691 1	0	0.025000	8452	0
cn101_cn109_9755 1	0	0.025000	8449	0
cn101_cn109_9759 1	0	0.025000	8455	0
cn101_cn109_9793 1	0	0.025000	8459	0
cn101_cn109_9795 1	0	0.025000	8457	0
cn101_cn109_9796 1	0	0.025000	8442	0
cn101_cn109_9801 1	0	0.025000	8458	0
cn101_cn109_9809 1	0	0.025000	8464	0
cn101_cn109_9811 1	0	0.025000	8463	0
cn101_cn109_9816 1	0	0.025000	8456	0
cn101_cn109_9821 1	0	0.025000	8468	0
cn101_cn109_9828 1	0	0.025000	8462	0
cn101_cn109_9835 1	0	0.025000	8460	0
cn101_cn109_9841 1	0	0.025000	8465	0
cn101_cn109_9845 1	0	0.025000	8474	0
cn101_cn109_9846 1	0	0.025000	8470	0
cn101_cn109_9850 1	0	0.025000	8476	0
cn101_cn109_9863 1	0	0.025000	8483	0
cn101_cn109_9864 1	0	0.025000	8492	0
cn101_cn109_9866 1	0	0.025000	8494	0
cn101_cn109_9867 1	0	0.025000	8495	0
cn101_cn109_9870 1	0	0.025000	8499	0
cn101_cn109_9871 1	0	0.025000	8500	0
cn101_cn109_9868 1	0	0.025000	8498	0
cn101_cn109_9875 1	0	0.025000	8432	0
cn101_cn109_9876 1	0	0.025000	8503	0
cn101_cn109_9877 1	0	0.025000	8504	0
cn101_cn109_9878 1	0	0.025000	8505	0
cn101_cn109_9879 1	0	0.025000	8506	0
cn101_cn109_9880 1	0	0.025000	8507	0
cn101_cn109_9882 1	0	0.025000	8508	0
cn101_cn109_9884 1	0	0.025000	8509	0
cn101_cn109_9886 1	0	0.025000	8510	0
cn101_cn109_9889 1	0	0.025000	8511	0
cn101_cn109_9891 1	0	0.025000	8512	0
cn101_cn109_9892 1	0	0.025000	8513	0
cn101_cn109_9894 1	0	0.025000	8514	0
cn101_cn109_9895 1	0	0.025000	8515	0
cn101_cn109_9898 1	0	0.025000	8516	0
cn101_cn109_9902 1	0	0.025000	8519	0
cn101_cn109_9905 1	0	0.025000	8520	0
cn101_cn109_9907 1	0	0.025000	8521	0
cn101_cn109_9908 1	0	0.025000	8522	0
cn101_cn109_9910 1	0	0.025000	8523	0
cn101_cn109_9914 1	0	0.025000	8525	0
cn101_cn109_9917 1	0	0.025000	8526	0
cn101_cn109_9921 1	0	0.025000	8527	0
cn101_cn109_9925 1	0	0.025000	8528	0
cn101_cn109_9929 1	0	0.025000	8530	0
cn101_cn109_9933 1	0	0.025000	8531	0
cn101_cn109_9936 1	0	0.025000	8532	0
cn101_cn109_9937 1	0	0.025000	8533	0
cn101_cn109_9940 1	0	0.025000	8534	0
cn101_cn109_9947 1	0	0.025000	8537	0
cn101_cn109_9954 1	0	0.025000	8538	0
cn101_cn109_9956 1	0	0.025000	8539	0
cn101_cn109_9961 1	0	0.025000	8480	0
cn101_cn109_9962 1	0	0.025000	8478	0
cn101_cn109_9963 1	0	0.025000	8475	0
cn101_cn109_10008 1	0	0.025000	8469	0
cn109_cn109_884 0	0	0.000000	8556	3072
cn109_cn109_906 0	0	0.000000	8577	3072
cn104_cn109.cs.uwaterloo.ca_3519 1	0	0.025000	8549	512
cn104_cn109.cs.uwaterloo.ca_3523 1	0	0.025000	8568	512
cn104_cn109.cs.uwaterloo.ca_3533 1	0	0.025000	8585	512
cn104_cn109.cs.uwaterloo.ca_3549 1	0	0.025000	8601	512
cn104_cn109.cs.uwaterloo.ca_3550 1	0	0.025000	8593	512
cn104_cn109.cs.uwaterloo.ca_3555 1	0	0.025000	8603	512
cn104_cn109.cs.uwaterloo.ca_3562 1	0	0.025000	8605	512
cn104_cn109.cs.uwaterloo.ca_3565 1	0	0.025000	8613	512
cn104_cn109.cs.uwaterloo.ca_3567 1	0	0.025000	8600	512
cn104_cn109.cs.uwaterloo.ca_3574 1	0	0.025000	8633	512
cn101_cn109_10010 1	0	0.025000	8479	0
cn101_cn109_10173 1	0	0.025000	8491	0
cn101_cn109_10174 1	0	0.025000	8486	0
cn104_cn109.cs.uwaterloo.ca_3585 1	0	0.025000	8665	512
cn101_cn109_10176 1	0	0.025000	8488	0
cn101_cn109_10179 1	0	0.025000	8502	0
cn109_cn109_1001 0	0	0.000000	8671	3072
cn101_cn109_10193 1	0	0.025000	8547	0
cn101_cn109_10192 1	0	0.025000	8548	0
cn101_cn109_10191 1	0	0.025000	8542	0
cn101_cn109_10189 1	0	0.025000	8490	0
cn101_cn109_10195 1	0	0.025000	8544	0
cn104_cn109.cs.uwaterloo.ca_3594 1	0	0.025000	8703	512
cn101_cn109_10229 1	0	0.025000	8551	0
cn101_cn109_10226 1	0	0.025000	8554	0
cn101_cn109_10233 1	0	0.025000	8550	0
cn101_cn109_10235 1	0	0.025000	8543	0
cn101_cn109_10269 1	0	0.025000	8553	0
cn101_cn109_10325 1	0	0.025000	8557	0
cn101_cn109_10329 1	0	0.025000	8559	0
cn101_cn109_10331 1	0	0.025000	8555	0
cn101_cn109_10336 1	0	0.025000	8558	0
cn101_cn109_10396 1	0	0.025000	8566	0
cn101_cn109_10398 1	0	0.025000	8564	0
cn101_cn109_10407 1	0	0.025000	8572	0
cn101_cn109_10409 1	0	0.025000	8574	0
cn101_cn109_10411 1	0	0.025000	8570	0
cn101_cn109_10415 1	0	0.025000	8571	0
cn101_cn109_10421 1	0	0.025000	8575	0
cn101_cn109_10426 1	0	0.025000	8573	0
cn101_cn109_10428 1	0	0.025000	8579	0
cn101_cn109_10433 1	0	0.025000	8581	0
cn101_cn109_10439 1	0	0.025000	8582	0
cn101_cn109_10444 1	0	0.025000	8580	0
cn101_cn109_10447 1	0	0.025000	8587	0
cn101_cn109_10450 1	0	0.025000	8583	0
cn101_cn109_10464 1	0	0.025000	8589	0
cn101_cn109_10466 1	0	0.025000	8592	0
cn101_cn109_10467 1	0	0.025000	8584	0
cn101_cn109_10474 1	0	0.025000	8576	0
cn101_cn109_10480 1	0	0.025000	8596	0
cn101_cn109_10492 1	0	0.025000	8591	0
cn101_cn109_10493 1	0	0.025000	8595	0
cn101_cn109_10507 1	0	0.025000	8598	0
cn101_cn109_10508 1	0	0.025000	8586	0
cn101_cn109_10509 1	0	0.025000	8597	0
cn101_cn109_10538 1	0	0.025000	8604	0
cn101_cn109_10547 1	0	0.025000	8608	0
cn101_cn109_10550 1	0	0.025000	8606	0
cn101_cn109_10552 1	0	0.025000	8618	0
cn101_cn109_10554 1	0	0.025000	8622	0
cn101_cn109_10558 1	0	0.025000	8625	0
cn101_cn109_10559 1	0	0.025000	8627	0
cn101_cn109_10560 1	0	0.025000	8628	0
cn101_cn109_10562 1	0	0.025000	8630	0
cn101_cn109_10566 1	0	0.025000	8631	0
cn101_cn109_10567 1	0	0.025000	8632	0
cn101_cn109_10571 1	0	0.025000	8634	0
cn101_cn109_10575 1	0	0.025000	8635	0
cn101_cn109_10577 1	0	0.025000	8636	0
cn101_cn109_10579 1	0	0.025000	8638	0
cn101_cn109_10580 1	0	0.025000	8639	0
cn101_cn109_10582 1	0	0.025000	8640	0
cn101_cn109_10585 1	0	0.025000	8643	0
cn101_cn109_10586 1	0	0.025000	8644	0
cn101_cn109_10588 1	0	0.025000	8645	0
cn101_cn109_10590 1	0	0.025000	8646	0
cn101_cn109_10591 1	0	0.025000	8647	0
cn101_cn109_10592 1	0	0.025000	8649	0
cn101_cn109_10593 1	0	0.025000	8650	0
cn101_cn109_10595 1	0	0.025000	8651	0
cn101_cn109_10597 1	0	0.025000	8652	0
cn101_cn109_10599 1	0	0.025000	8653	0
cn101_cn109_10600 1	0	0.025000	8654	0
cn101_cn109_10603 1	0	0.025000	8655	0
cn101_cn109_10604 1	0	0.025000	8656	0
cn101_cn109_10606 1	0	0.025000	8657	0
cn101_cn109_10607 1	0	0.025000	8658	0
cn101_cn109_10609 1	0	0.025000	8659	0
cn101_cn109_10610 1	0	0.025000	8660	0
cn101_cn109_10611 1	0	0.025000	8661	0
cn101_cn109_10612 1	0	0.025000	8662	0
cn101_cn109_10613 1	0	0.025000	8663	0
cn101_cn109_10614 1	0	0.025000	8664	0
cn101_cn109_10616 1	0	0.025000	8667	0
cn101_cn109_10618 1	0	0.025000	8668	0
cn101_cn109_10619 1	0	0.025000	8669	0
cn101_cn109_10620 1	0	0.025000	8670	0
cn101_cn109_10623 1	0	0.025000	8673	0
cn101_cn109_10624 1	0	0.025000	8540	0
cn101_cn109_10625 1	0	0.025000	8676	0
cn101_cn109_10626 1	0	0.025000	8677	0
cn101_cn109_10627 1	0	0.025000	8680	0
cn101_cn109_10628 1	0	0.025000	8681	0
cn101_cn109_10629 1	0	0.025000	8683	0
cn101_cn109_10632 1	0	0.025000	8684	0
cn101_cn109_10633 1	0	0.025000	8685	0
cn101_cn109_10634 1	0	0.025000	8687	0
cn101_cn109_10637 1	0	0.025000	8688	0
cn101_cn109_10640 1	0	0.025000	8692	0
cn101_cn109_10641 1	0	0.025000	8691	0
cn101_cn109_10644 1	0	0.025000	8693	0
cn101_cn109_10646 1	0	0.025000	8694	0
cn101_cn109_10649 1	0	0.025000	8696	0
cn101_cn109_10654 1	0	0.025000	8699	0
cn101_cn109_10655 1	0	0.025000	8700	0
cn101_cn109_10656 1	0	0.025000	8701	0
cn101_cn109_10658 1	0	0.025000	8704	0
cn101_cn109_10660 1	0	0.025000	8705	0
cn101_cn109_10666 1	0	0.025000	8609	0
cn101_cn109_10667 1	0	0.025000	8611	0
cn101_cn109_10668 1	0	0.025000	8614	0
cn101_cn109_10669 1	0	0.025000	8617	0
cn101_cn109_10716 1	0	0.025000	8616	0
cn101_cn109_10720 1	0	0.025000	8620	0
cn101_cn109_10717 1	0	0.025000	8615	0
cn101_cn109_10718 1	0	0.025000	8599	0
cn101_cn109_10719 1	0	0.025000	8621	0
cn101_cn109_10721 1	0	0.025000	8626	0
cn104_cn109.cs.uwaterloo.ca_3599 1	0	0.025000	8722	512
cn104_cn109.cs.uwaterloo.ca_3600 1	0	0.025000	8725	512
cn101_cn109_10731 1	0	0.025000	8711	0
cn101_cn109_10728 1	0	0.025000	8712	0
cn101_cn109_10730 1	0	0.025000	8709	0
cn101_cn109_10729 1	0	0.025000	8708	0
cn101_cn109_10770 1	0	0.025000	8715	0
cn101_cn109_10783 1	0	0.025000	8717	0
cn101_cn109_10794 1	0	0.025000	8723	0
cn104_cn109.cs.uwaterloo.ca_3624 1	0	0.025000	8767	512
cn104_cn109.cs.uwaterloo.ca_3626 1	0	0.025000	8771	512
cn104_cn109.cs.uwaterloo.ca_3628 1	0	0.025000	8780	512
cn104_cn109.cs.uwaterloo.ca_3632 1	0	0.025000	8799	512
cn104_cn109.cs.uwaterloo.ca_3634 1	0	0.025000	8800	512
cn109_cn109_1143 0	0	0.000000	8812	3072
cn104_cn109.cs.uwaterloo.ca_3643 1	0	0.025000	8815	512
cn104_cn109.cs.uwaterloo.ca_3647 1	0	0.025000	8823	512
cn104_cn109.cs.uwaterloo.ca_3649 1	0	0.025000	8827	512
cn101_cn109_10843 1	0	0.025000	8724	0
cn104_cn109.cs.uwaterloo.ca_3656 1	0	0.025000	8829	512
cn104_cn109.cs.uwaterloo.ca_3657 1	0	0.025000	8831	512
cn104_cn109.cs.uwaterloo.ca_3660 1	0	0.025000	8830	512
cn101_cn109_10849 1	0	0.025000	8720	0
cn104_cn109.cs.uwaterloo.ca_3669 1	0	0.025000	8842	512
cn101_cn109_10857 1	0	0.025000	8728	0
cn101_cn109_10858 1	0	0.025000	8729	0
cn101_cn109_10865 1	0	0.025000	8731	0
cn101_cn109_11067 1	0	0.025000	8735	0
cn101_cn109_11076 1	0	0.025000	8730	0
cn101_cn109_11077 1	0	0.025000	8736	0
cn101_cn109_11082 1	0	0.025000	8702	0
cn101_cn109_11083 1	0	0.025000	8706	0
cn101_cn109_11084 1	0	0.025000	8749	0
cn101_cn109_11085 1	0	0.025000	8751	0
cn101_cn109_11086 1	0	0.025000	8752	0
cn101_cn109_11087 1	0	0.025000	8754	0
cn101_cn109_11089 1	0	0.025000	8756	0
cn101_cn109_11090 1	0	0.025000	8757	0
cn101_cn109_11092 1	0	0.025000	8758	0
cn101_cn109_11094 1	0	0.025000	8761	0
cn101_cn109_11096 1	0	0.025000	8763	0
cn101_cn109_11097 1	0	0.025000	8765	0
cn101_cn109_11098 1	0	0.025000	8764	0
cn101_cn109_11100 1	0	0.025000	8768	0
cn101_cn109_11101 1	0	0.025000	8766	0
cn101_cn109_11103 1	0	0.025000	8769	0
cn101_cn109_11105 1	0	0.025000	8772	0
cn101_cn109_11108 1	0	0.025000	8773	0
cn101_cn109_11110 1	0	0.025000	8776	0
cn101_cn109_11112 1	0	0.025000	8775	0
cn101_cn109_11113 1	0	0.025000	8778	0
cn101_cn109_11114 1	0	0.025000	8779	0
cn101_cn109_11116 1	0	0.025000	8781	0
cn101_cn109_11121 1	0	0.025000	8784	0
cn101_cn109_11123 1	0	0.025000	8787	0
cn101_cn109_11125 1	0	0.025000	8789	0
cn101_cn109_11128 1	0	0.025000	8792	0
cn101_cn109_11130 1	0	0.025000	8795	0
cn101_cn109_11129 1	0	0.025000	8794	0
cn101_cn109_11131 1	0	0.025000	8796	0
cn101_cn109_11132 1	0	0.025000	8802	0
cn101_cn109_11133 1	0	0.025000	8805	0
cn101_cn109_11134 1	0	0.025000	8806	0
cn101_cn109_11135 1	0	0.025000	8808	0
cn101_cn109_11136 1	0	0.025000	8807	0
cn101_cn109_11139 1	0	0.025000	8810	0
cn101_cn109_11140 1	0	0.025000	8811	0
cn101_cn109_11141 1	0	0.025000	8813	0
cn101_cn109_11142 1	0	0.025000	8814	0
cn101_cn109_11145 1	0	0.025000	8820	0
cn101_cn109_11147 1	0	0.025000	8824	0
cn101_cn109_11148 1	0	0.025000	8826	0
cn101_cn109_11149 1	0	0.025000	8828	0
cn101_cn109_11150 1	0	0.025000	8832	0
cn101_cn109_11152 1	0	0.025000	8835	0
cn101_cn109_11156 1	0	0.025000	8838	0
cn101_cn109_11155 1	0	0.025000	8837	0
cn101_cn109_11158 1	0	0.025000	8839	0
cn101_cn109_11159 1	0	0.025000	8840	0
cn101_cn109_11161 1	0	0.025000	8843	0
cn101_cn109_11163 1	0	0.025000	8845	0
cn101_cn109_11166 1	0	0.025000	8847	0
cn101_cn109_11167 1	0	0.025000	8850	0
cn101_cn109_11179 1	0	0.025000	8793	0
cn101_cn109_11182 1	0	0.025000	8740	0
cn101_cn109_11186 1	0	0.025000	8744	0
cn101_cn109_11187 1	0	0.025000	8741	0
cn101_cn109_11188 1	0	0.025000	8746	0
cn101_cn109_11189 1	0	0.025000	8745	0
cn104_cn109.cs.uwaterloo.ca_3672 1	0	0.025000	8863	512
cn101_cn109_11191 1	0	0.025000	8748	0
cn104_cn109.cs.uwaterloo.ca_3674 1	0	0.025000	8865	512
cn104_cn109.cs.uwaterloo.ca_3688 1	0	0.025000	8879	512
cn102_cn109_1395 1	0	0.024000	7901	256
cn104_cn109.cs.uwaterloo.ca_3697 1	0	0.025000	8887	512
cn102_cn109_1435 1	0	0.024000	7926	256
cn102_cn109_1437 1	0	0.024000	7931	256
cn102_cn109_1445 1	0	0.024000	7941	256
cn101_cn109_11245 1	0	0.025000	8864	0
cn102_cn109_1498 1	0	0.024000	7952	256
cn102_cn109_1518 1	0	0.024000	7968	256
cn101_cn109_11268 1	0	0.025000	8859	0
cn101_cn109_11294 1	0	0.025000	8866	0
cn102_cn109_1715 1	0	0.024000	7983	256
cn102_cn109_1717 1	0	0.024000	7984	256
cn102_cn109_1720 1	0	0.024000	7986	256
cn102_cn109_1724 1	0	0.024000	7985	256
cn102_cn109_1727 1	0	0.024000	7988	256
cn102_cn109_1732 1	0	0.024000	7992	256
cn102_cn109_1756 1	0	0.024000	8001	256
cn102_cn109_1762 1	0	0.024000	8005	256
cn102_cn109_1758 1	0	0.024000	8004	256
cn102_cn109_1767 1	0	0.024000	8007	256
cn102_cn109_1773 1	0	0.024000	8013	256
cn102_cn109_1778 1	0	0.024000	8021	256
cn102_cn109_1785 1	0	0.024000	8037	256
cn102_cn109_1795 1	0	0.024000	8059	256
cn102_cn109_1790 1	0	0.024000	8048	256
cn101_cn109_11344 1	0	0.025000	8871	0
cn102_cn109_1963 1	0	0.024000	8079	256
cn102_cn109_1978 1	0	0.024000	8086	256
cn101_cn109_11376 1	0	0.025000	8870	0
cn101_cn109_11492 1	0	0.025000	8876	0
cn101_cn109_11498 1	0	0.025000	8874	0
cn101_cn109_11502 1	0	0.025000	8872	0
cn102_cn109_2597 1	0	0.024000	8103	256
cn102_cn109_2599 1	0	0.024000	8109	256
cn102_cn109_2600 1	0	0.024000	8110	256
cn102_cn109_2601 1	0	0.024000	8111	256
cn102_cn109_2598 1	0	0.024000	8107	256
cn102_cn109_2602 1	0	0.024000	8112	256
cn101_cn109_11509 1	0	0.025000	8873	0
cn101_cn109_11514 1	0	0.025000	8883	0
cn101_cn109_11515 1	0	0.025000	8884	0
cn101_cn109_11516 1	0	0.025000	8877	0
cn101_cn109_11523 1	0	0.025000	8886	0
cn101_cn109_11524 1	0	0.025000	8882	0
cn101_cn109_11537 1	0	0.025000	8880	0
cn102_cn109_2858 1	0	0.024000	8127	256
cn102_cn109_2870 1	0	0.024000	8136	256
cn102_cn109_2863 1	0	0.024000	8133	256
cn102_cn109_2878 1	0	0.024000	8147	256
cn102_cn109_3045 1	0	0.024000	8175	256
cn102_cn109_3049 1	0	0.024000	8188	256
cn102_cn109_3060 1	0	0.024000	8206	256
cn102_cn109_3066 1	0	0.024000	8221	256
cn102_cn109_3067 1	0	0.024000	8242	256
cn102_cn109_3069 1	0	0.024000	8269	256
cn102_cn109_3070 1	0	0.024000	8274	256
cn102_cn109_3074 1	0	0.024000	8284	256
cn102_cn109_3077 1	0	0.024000	8287	256
cn102_cn109_3072 1	0	0.024000	8277	256
cn102_cn109_3076 1	0	0.024000	8285	256
cn102_cn109_3073 1	0	0.024000	8281	256
cn102_cn109_3078 1	0	0.024000	8290	256
cn102_cn109_3079 1	0	0.024000	8304	256
cn102_cn109_3081 1	0	0.024000	8306	256
cn102_cn109_3082 1	0	0.024000	8307	256
cn102_cn109_3084 1	0	0.024000	8314	256
cn102_cn109_3083 1	0	0.024000	8310	256
cn102_cn109_3085 1	0	0.024000	8317	256
cn102_cn109_3137 1	0	0.024000	8337	256
cn102_cn109_3144 1	0	0.024000	8380	256
cn102_cn109_3218 1	0	0.024000	8413	256
cn102_cn109_3222 1	0	0.024000	8420	256
cn102_cn109_3271 1	0	0.024000	8434	256
cn102_cn109_3350 1	0	0.024000	8541	256
cn102_cn109_3351 1	0	0.024000	8552	256
cn102_cn109_3355 1	0	0.024000	8578	256
cn102_cn109_3362 1	0	0.024000	8562	256
cn102_cn109_3375 1	0	0.024000	8607	256
cn102_cn109_3387 1	0	0.024000	8624	256
cn102_cn109_3398 1	0	0.024000	8641	256
cn102_cn109_3402 1	0	0.024000	8666	256
cn102_cn109_3406 1	0	0.024000	8686	256
cn102_cn109_3408 1	0	0.024000	8695	256
cn102_cn109_3448 1	0	0.024000	8716	256
cn102_cn109_3445 1	0	0.024000	8710	256
cn102_cn109_3446 1	0	0.024000	8718	256
cn102_cn109_3450 1	0	0.024000	8721	256
cn102_cn109_3456 1	0	0.024000	8714	256
cn102_cn109_3453 1	0	0.024000	8719	256
cn102_cn109_3490 1	0	0.024000	8734	256
cn102_cn109_3494 1	0	0.024000	8750	256
cn102_cn109_3496 1	0	0.024000	8759	256
cn102_cn109_3502 1	0	0.024000	8782	256
cn102_cn109_3523 1	0	0.024000	8797	256
cn102_cn109_3528 1	0	0.024000	8804	256
cn102_cn109_3544 1	0	0.024000	8818	256
cn102_cn109_3540 1	0	0.024000	8809	256
cn102_cn109_3552 1	0	0.024000	8833	256
cn102_cn109_3555 1	0	0.024000	8849	256
cn102_cn109_3554 1	0	0.024000	8848	256
cn102_cn109_3553 1	0	0.024000	8846	256
cn102_cn109_3558 1	0	0.024000	8853	256
cn102_cn109_3557 1	0	0.024000	8851	256
cn102_cn109_3578 1	0	0.024000	8857	256
cn102_cn109_3584 1	0	0.024000	8868	256
cn102_cn109_3614 1	0	0.024000	8881	256
cn101_cn109_11756 1	0	0.025000	8854	0
cn101_cn109_11758 1	0	0.025000	8855	0
cn107_cn109.cs.uwaterloo.ca_1450 1	0	0.025000	7888	2048
cn107_cn109.cs.uwaterloo.ca_1457 1	0	0.025000	7892	2048
cn107_cn109.cs.uwaterloo.ca_1453 1	0	0.025000	7889	2048
cn107_cn109.cs.uwaterloo.ca_1461 1	0	0.025000	7893	2048
cn106_cn109_1246 1	0	0.021500	7973	1536
cn107_cn109.cs.uwaterloo.ca_1462 1	0	0.025000	7890	2048
cn107_cn109.cs.uwaterloo.ca_1472 1	0	0.025000	7891	2048
cn107_cn109.cs.uwaterloo.ca_1477 1	0	0.025000	7896	2048
cn106_cn109_1278 1	0	0.021500	8089	1536
cn107_cn109.cs.uwaterloo.ca_1483 1	0	0.025000	7898	2048
cn107_cn109.cs.uwaterloo.ca_1484 1	0	0.025000	7897	2048
cn107_cn109.cs.uwaterloo.ca_1488 1	0	0.025000	7900	2048
cn107_cn109.cs.uwaterloo.ca_1465 1	0	0.025000	7894	2048
cn107_cn109.cs.uwaterloo.ca_1495 1	0	0.025000	7904	2048
cn107_cn109.cs.uwaterloo.ca_1545 1	0	0.025000	7924	2048
cn107_cn109.cs.uwaterloo.ca_1542 1	0	0.025000	7921	2048
cn107_cn109.cs.uwaterloo.ca_1543 1	0	0.025000	7922	2048
cn106_cn109_1830 1	0	0.021500	8207	1536
cn106_cn109_1832 1	0	0.021500	8273	1536
cn107_cn109.cs.uwaterloo.ca_1552 1	0	0.025000	7928	2048
cn107_cn109.cs.uwaterloo.ca_1539 1	0	0.025000	7920	2048
cn107_cn109.cs.uwaterloo.ca_1564 1	0	0.025000	7940	2048
cn107_cn109.cs.uwaterloo.ca_1562 1	0	0.025000	7935	2048
cn106_cn109_1871 1	0	0.021500	8418	1536
cn106_cn109_1928 1	0	0.021500	8546	1536
cn106_cn109_1932 1	0	0.021500	8610	1536
cn106_cn109_1937 1	0	0.021500	8642	1536
cn107_cn109.cs.uwaterloo.ca_1638 1	0	0.025000	7946	2048
cn106_cn109_1939 1	0	0.021500	8672	1536
cn106_cn109_1941 1	0	0.021500	8675	1536
cn107_cn109.cs.uwaterloo.ca_1659 1	0	0.025000	7965	2048
cn107_cn109.cs.uwaterloo.ca_1661 1	0	0.025000	7971	2048
cn106_cn109_1943 1	0	0.021500	8674	1536
cn106_cn109_1945 1	0	0.021500	8678	1536
cn106_cn109_1947 1	0	0.021500	8682	1536
cn106_cn109_1949 1	0	0.021500	8690	1536
cn106_cn109_1977 1	0	0.021500	8760	1536
cn106_cn109_1979 1	0	0.021500	8836	1536
cn107_cn109.cs.uwaterloo.ca_1944 1	0	0.025000	7993	2048
cn107_cn109.cs.uwaterloo.ca_1949 1	0	0.025000	7999	2048
cn107_cn109.cs.uwaterloo.ca_1947 1	0	0.025000	7997	2048
cn107_cn109.cs.uwaterloo.ca_1933 1	0	0.025000	7981	2048
cn107_cn109.cs.uwaterloo.ca_1935 1	0	0.025000	7989	2048
cn107_cn109.cs.uwaterloo.ca_1951 1	0	0.025000	7996	2048
cn107_cn109.cs.uwaterloo.ca_1952 1	0	0.025000	8003	2048
cn107_cn109.cs.uwaterloo.ca_1986 1	0	0.025000	8016	2048
cn107_cn109.cs.uwaterloo.ca_2013 1	0	0.025000	8034	2048
cn107_cn109.cs.uwaterloo.ca_2015 1	0	0.025000	8035	2048
cn107_cn109.cs.uwaterloo.ca_2022 1	0	0.025000	8039	2048
cn107_cn109.cs.uwaterloo.ca_2027 1	0	0.025000	8043	2048
cn107_cn109.cs.uwaterloo.ca_2009 1	0	0.025000	8033	2048
cn107_cn109.cs.uwaterloo.ca_2036 1	0	0.025000	8051	2048
cn107_cn109.cs.uwaterloo.ca_2046 1	0	0.025000	8061	2048
cn107_cn109.cs.uwaterloo.ca_2197 1	0	0.025000	8080	2048
cn107_cn109.cs.uwaterloo.ca_2214 1	0	0.025000	8091	2048
cn107_cn109.cs.uwaterloo.ca_2636 1	0	0.025000	8118	2048
cn107_cn109.cs.uwaterloo.ca_2920 1	0	0.025000	8125	2048
cn107_cn109.cs.uwaterloo.ca_2921 1	0	0.025000	8128	2048
cn107_cn109.cs.uwaterloo.ca_2924 1	0	0.025000	8144	2048
cn107_cn109.cs.uwaterloo.ca_2925 1	0	0.025000	8145	2048
cn107_cn109.cs.uwaterloo.ca_2926 1	0	0.025000	8146	2048
cn107_cn109.cs.uwaterloo.ca_2927 1	0	0.025000	8148	2048
cn107_cn109.cs.uwaterloo.ca_2930 1	0	0.025000	8152	2048
cn107_cn109.cs.uwaterloo.ca_3010 1	0	0.025000	8176	2048
cn107_cn109.cs.uwaterloo.ca_3019 1	0	0.025000	8174	2048
cn107_cn109.cs.uwaterloo.ca_3026 1	0	0.025000	8163	2048
cn107_cn109.cs.uwaterloo.ca_3036 1	0	0.025000	8199	2048
cn107_cn109.cs.uwaterloo.ca_3038 1	0	0.025000	8211	2048
cn107_cn109.cs.uwaterloo.ca_3046 1	0	0.025000	8213	2048
cn107_cn109.cs.uwaterloo.ca_3049 1	0	0.025000	8214	2048
cn107_cn109.cs.uwaterloo.ca_3051 1	0	0.025000	8215	2048
cn107_cn109.cs.uwaterloo.ca_3056 1	0	0.025000	8223	2048
cn107_cn109.cs.uwaterloo.ca_3059 1	0	0.025000	8235	2048
cn107_cn109.cs.uwaterloo.ca_3063 1	0	0.025000	8247	2048
cn107_cn109.cs.uwaterloo.ca_3064 1	0	0.025000	8279	2048
cn107_cn109.cs.uwaterloo.ca_3068 1	0	0.025000	8305	2048
cn107_cn109.cs.uwaterloo.ca_3128 1	0	0.025000	8331	2048
cn107_cn109.cs.uwaterloo.ca_3148 1	0	0.025000	8355	2048
cn107_cn109.cs.uwaterloo.ca_3158 1	0	0.025000	8363	2048
cn107_cn109.cs.uwaterloo.ca_3159 1	0	0.025000	8348	2048
cn107_cn109.cs.uwaterloo.ca_3165 1	0	0.025000	8367	2048
cn107_cn109.cs.uwaterloo.ca_3156 1	0	0.025000	8361	2048
cn107_cn109.cs.uwaterloo.ca_3146 1	0	0.025000	8343	2048
cn107_cn109.cs.uwaterloo.ca_3175 1	0	0.025000	8362	2048
cn107_cn109.cs.uwaterloo.ca_3187 1	0	0.025000	8386	2048
cn107_cn109.cs.uwaterloo.ca_3191 1	0	0.025000	8379	2048
cn107_cn109.cs.uwaterloo.ca_3304 1	0	0.025000	8438	2048
cn107_cn109.cs.uwaterloo.ca_3241 1	0	0.025000	8427	2048
cn107_cn109.cs.uwaterloo.ca_3238 1	0	0.025000	8409	2048
cn107_cn109.cs.uwaterloo.ca_3330 1	0	0.025000	8472	2048
cn107_cn109.cs.uwaterloo.ca_3324 1	0	0.025000	8461	2048
cn107_cn109.cs.uwaterloo.ca_3325 1	0	0.025000	8471	2048
cn107_cn109.cs.uwaterloo.ca_3335 1	0	0.025000	8482	2048
cn107_cn109.cs.uwaterloo.ca_3342 1	0	0.025000	8497	2048
cn107_cn109.cs.uwaterloo.ca_3347 1	0	0.025000	8518	2048
cn107_cn109.cs.uwaterloo.ca_3353 1	0	0.025000	8529	2048
cn107_cn109.cs.uwaterloo.ca_3420 1	0	0.025000	8545	2048
cn107_cn109.cs.uwaterloo.ca_3422 1	0	0.025000	8560	2048
cn107_cn109.cs.uwaterloo.ca_3437 1	0	0.025000	8569	2048
cn107_cn109.cs.uwaterloo.ca_3433 1	0	0.025000	8563	2048
cn107_cn109.cs.uwaterloo.ca_3430 1	0	0.025000	8565	2048
cn107_cn109.cs.uwaterloo.ca_3456 1	0	0.025000	8594	2048
cn107_cn109.cs.uwaterloo.ca_3439 1	0	0.025000	8561	2048
cn107_cn109.cs.uwaterloo.ca_3481 1	0	0.025000	8612	2048
cn107_cn109.cs.uwaterloo.ca_3484 1	0	0.025000	8619	2048
cn107_cn109.cs.uwaterloo.ca_3496 1	0	0.025000	8637	2048
cn107_cn109.cs.uwaterloo.ca_3499 1	0	0.025000	8648	2048
cn107_cn109.cs.uwaterloo.ca_3511 1	0	0.025000	8698	2048
cn107_cn109.cs.uwaterloo.ca_3597 1	0	0.025000	8732	2048
cn107_cn109.cs.uwaterloo.ca_3508 1	0	0.025000	8689	2048
cn107_cn109.cs.uwaterloo.ca_3505 1	0	0.025000	8679	2048
cn107_cn109.cs.uwaterloo.ca_3625 1	0	0.025000	8762	2048
cn107_cn109.cs.uwaterloo.ca_3631 1	0	0.025000	8783	2048
cn107_cn109.cs.uwaterloo.ca_3632 1	0	0.025000	8785	2048
cn107_cn109.cs.uwaterloo.ca_3635 1	0	0.025000	8801	2048
cn107_cn109.cs.uwaterloo.ca_3622 1	0	0.025000	8753	2048
cn107_cn109.cs.uwaterloo.ca_3639 1	0	0.025000	8817	2048
cn107_cn109.cs.uwaterloo.ca_3641 1	0	0.025000	8816	2048
cn107_cn109.cs.uwaterloo.ca_3627 1	0	0.025000	8770	2048
cn107_cn109.cs.uwaterloo.ca_3579 1	0	0.025000	8727	2048
cn107_cn109.cs.uwaterloo.ca_3643 1	0	0.025000	8819	2048
cn107_cn109.cs.uwaterloo.ca_3644 1	0	0.025000	8821	2048
cn107_cn109.cs.uwaterloo.ca_3647 1	0	0.025000	8834	2048
cn107_cn109.cs.uwaterloo.ca_3645 1	0	0.025000	8825	2048
cn107_cn109.cs.uwaterloo.ca_3651 1	0	0.025000	8844	2048
cn107_cn109.cs.uwaterloo.ca_3698 1	0	0.025000	8862	2048
cn107_cn109.cs.uwaterloo.ca_3708 1	0	0.025000	8869	2048
cn107_cn109.cs.uwaterloo.ca_3704 1	0	0.025000	8856	2048
cn107_cn109.cs.uwaterloo.ca_3710 1	0	0.025000	8860	2048
cn107_cn109.cs.uwaterloo.ca_3656 1	0	0.025000	8852	2048
cn107_cn109.cs.uwaterloo.ca_3700 1	0	0.025000	8861	2048
cn107_cn109.cs.uwaterloo.ca_3713 1	0	0.025000	8875	2048
cn105.cs.uwaterloo.ca_cn109.cs.uwaterloo.ca_1474 1	0	0.021000	7886	1024
cn105.cs.uwaterloo.ca_cn109.cs.uwaterloo.ca_1487 1	0	0.021000	7899	1024
cn105.cs.uwaterloo.ca_cn109.cs.uwaterloo.ca_1492 1	0	0.021000	7905	1024
cn105.cs.uwaterloo.ca_cn109.cs.uwaterloo.ca_1527 1	0	0.021000	7927	1024
cn105.cs.uwaterloo.ca_cn109.cs.uwaterloo.ca_1532 1	0	0.021000	7932	1024
cn105.cs.uwaterloo.ca_cn109.cs.uwaterloo.ca_1536 1	0	0.021000	7938	1024
cn105.cs.uwaterloo.ca_cn109.cs.uwaterloo.ca_1575 1	0	0.021000	7951	1024
cn105.cs.uwaterloo.ca_cn109.cs.uwaterloo.ca_1578 1	0	0.021000	7956	1024
cn105.cs.uwaterloo.ca_cn109.cs.uwaterloo.ca_1601 1	0	0.021000	7976	1024
cn105.cs.uwaterloo.ca_cn109.cs.uwaterloo.ca_1840 1	0	0.021000	7995	1024
cn105.cs.uwaterloo.ca_cn109.cs.uwaterloo.ca_1852 1	0	0.021000	8008	1024
cn105.cs.uwaterloo.ca_cn109.cs.uwaterloo.ca_1868 1	0	0.021000	8017	1024
cn105.cs.uwaterloo.ca_cn109.cs.uwaterloo.ca_1888 1	0	0.021000	8032	1024
cn105.cs.uwaterloo.ca_cn109.cs.uwaterloo.ca_1893 1	0	0.021000	8040	1024
cn105.cs.uwaterloo.ca_cn109.cs.uwaterloo.ca_1897 1	0	0.021000	8041	1024
cn105.cs.uwaterloo.ca_cn109.cs.uwaterloo.ca_1900 1	0	0.021000	8042	1024
cn105.cs.uwaterloo.ca_cn109.cs.uwaterloo.ca_1904 1	0	0.021000	8044	1024
cn105.cs.uwaterloo.ca_cn109.cs.uwaterloo.ca_1906 1	0	0.021000	8055	1024
cn105.cs.uwaterloo.ca_cn109.cs.uwaterloo.ca_1908 1	0	0.021000	8056	1024
cn105.cs.uwaterloo.ca_cn109.cs.uwaterloo.ca_1910 1	0	0.021000	8064	1024
cn105.cs.uwaterloo.ca_cn109.cs.uwaterloo.ca_1914 1	0	0.021000	8066	1024
cn105.cs.uwaterloo.ca_cn109.cs.uwaterloo.ca_1915 1	0	0.021000	8067	1024
cn105.cs.uwaterloo.ca_cn109.cs.uwaterloo.ca_1917 1	0	0.021000	8070	1024
cn105.cs.uwaterloo.ca_cn109.cs.uwaterloo.ca_2073 1	0	0.021000	8074	1024
cn105.cs.uwaterloo.ca_cn109.cs.uwaterloo.ca_2088 1	0	0.021000	8082	1024
cn105.cs.uwaterloo.ca_cn109.cs.uwaterloo.ca_2111 1	0	0.021000	8098	1024
cn105.cs.uwaterloo.ca_cn109.cs.uwaterloo.ca_2678 1	0	0.021000	8119	1024
cn105.cs.uwaterloo.ca_cn109.cs.uwaterloo.ca_2864 1	0	0.021000	8124	1024
cn105.cs.uwaterloo.ca_cn109.cs.uwaterloo.ca_2881 1	0	0.021000	8130	1024
cn105.cs.uwaterloo.ca_cn109.cs.uwaterloo.ca_2922 1	0	0.021000	8151	1024
cn105.cs.uwaterloo.ca_cn109.cs.uwaterloo.ca_2974 1	0	0.021000	8168	1024
cn105.cs.uwaterloo.ca_cn109.cs.uwaterloo.ca_2994 1	0	0.021000	8167	1024
cn105.cs.uwaterloo.ca_cn109.cs.uwaterloo.ca_2997 1	0	0.021000	8179	1024
cn105.cs.uwaterloo.ca_cn109.cs.uwaterloo.ca_3009 1	0	0.021000	8181	1024
cn105.cs.uwaterloo.ca_cn109.cs.uwaterloo.ca_3012 1	0	0.021000	8182	1024
cn105.cs.uwaterloo.ca_cn109.cs.uwaterloo.ca_3028 1	0	0.021000	8191	1024
cn105.cs.uwaterloo.ca_cn109.cs.uwaterloo.ca_3031 1	0	0.021000	8183	1024
cn105.cs.uwaterloo.ca_cn109.cs.uwaterloo.ca_3047 1	0	0.021000	8218	1024
cn105.cs.uwaterloo.ca_cn109.cs.uwaterloo.ca_3048 1	0	0.021000	8227	1024
cn105.cs.uwaterloo.ca_cn109.cs.uwaterloo.ca_3049 1	0	0.021000	8245	1024
cn105.cs.uwaterloo.ca_cn109.cs.uwaterloo.ca_3051 1	0	0.021000	8278	1024
cn105.cs.uwaterloo.ca_cn109.cs.uwaterloo.ca_3055 1	0	0.021000	8315	1024
cn105.cs.uwaterloo.ca_cn109.cs.uwaterloo.ca_3090 1	0	0.021000	8330	1024
cn105.cs.uwaterloo.ca_cn109.cs.uwaterloo.ca_3092 1	0	0.021000	8338	1024
cn105.cs.uwaterloo.ca_cn109.cs.uwaterloo.ca_3096 1	0	0.021000	8341	1024
cn105.cs.uwaterloo.ca_cn109.cs.uwaterloo.ca_3098 1	0	0.021000	8344	1024
cn105.cs.uwaterloo.ca_cn109.cs.uwaterloo.ca_3101 1	0	0.021000	8346	1024
cn105.cs.uwaterloo.ca_cn109.cs.uwaterloo.ca_3105 1	0	0.021000	8347	1024
cn105.cs.uwaterloo.ca_cn109.cs.uwaterloo.ca_3108 1	0	0.021000	8350	1024
cn105.cs.uwaterloo.ca_cn109.cs.uwaterloo.ca_3114 1	0	0.021000	8357	1024
cn105.cs.uwaterloo.ca_cn109.cs.uwaterloo.ca_3128 1	0	0.021000	8369	1024
cn105.cs.uwaterloo.ca_cn109.cs.uwaterloo.ca_3133 1	0	0.021000	8375	1024
cn105.cs.uwaterloo.ca_cn109.cs.uwaterloo.ca_3135 1	0	0.021000	8373	1024
cn105.cs.uwaterloo.ca_cn109.cs.uwaterloo.ca_3141 1	0	0.021000	8378	1024
cn105.cs.uwaterloo.ca_cn109.cs.uwaterloo.ca_3146 1	0	0.021000	8372	1024
cn105.cs.uwaterloo.ca_cn109.cs.uwaterloo.ca_3150 1	0	0.021000	8381	1024
cn105.cs.uwaterloo.ca_cn109.cs.uwaterloo.ca_3156 1	0	0.021000	8391	1024
cn105.cs.uwaterloo.ca_cn109.cs.uwaterloo.ca_3163 1	0	0.021000	8393	1024
cn105.cs.uwaterloo.ca_cn109.cs.uwaterloo.ca_3178 1	0	0.021000	8410	1024
cn105.cs.uwaterloo.ca_cn109.cs.uwaterloo.ca_3215 1	0	0.021000	8454	1024
cn105.cs.uwaterloo.ca_cn109.cs.uwaterloo.ca_3220 1	0	0.021000	8437	1024
cn105.cs.uwaterloo.ca_cn109.cs.uwaterloo.ca_3222 1	0	0.021000	8467	1024
cn105.cs.uwaterloo.ca_cn109.cs.uwaterloo.ca_3242 1	0	0.021000	8477	1024
cn105.cs.uwaterloo.ca_cn109.cs.uwaterloo.ca_3251 1	0	0.021000	8489	1024
cn105.cs.uwaterloo.ca_cn109.cs.uwaterloo.ca_3257 1	0	0.021000	8496	1024
cn105.cs.uwaterloo.ca_cn109.cs.uwaterloo.ca_3263 1	0	0.021000	8517	1024
cn105.cs.uwaterloo.ca_cn109.cs.uwaterloo.ca_3271 1	0	0.021000	8536	1024
cn105.cs.uwaterloo.ca_cn109.cs.uwaterloo.ca_3296 1	0	0.021000	8567	1024
cn105.cs.uwaterloo.ca_cn109.cs.uwaterloo.ca_3306 1	0	0.021000	8588	1024
cn105.cs.uwaterloo.ca_cn109.cs.uwaterloo.ca_3316 1	0	0.021000	8602	1024
cn105.cs.uwaterloo.ca_cn109.cs.uwaterloo.ca_3322 1	0	0.021000	8623	1024
cn105.cs.uwaterloo.ca_cn109.cs.uwaterloo.ca_3330 1	0	0.021000	8629	1024
cn105.cs.uwaterloo.ca_cn109.cs.uwaterloo.ca_3363 1	0	0.021000	8697	1024
cn105.cs.uwaterloo.ca_cn109.cs.uwaterloo.ca_3428 1	0	0.021000	8707	1024
cn105.cs.uwaterloo.ca_cn109.cs.uwaterloo.ca_3432 1	0	0.021000	8726	1024
cn105.cs.uwaterloo.ca_cn109.cs.uwaterloo.ca_3456 1	0	0.021000	8733	1024
cn105.cs.uwaterloo.ca_cn109.cs.uwaterloo.ca_3458 1	0	0.021000	8737	1024
cn105.cs.uwaterloo.ca_cn109.cs.uwaterloo.ca_3460 1	0	0.021000	8738	1024
cn105.cs.uwaterloo.ca_cn109.cs.uwaterloo.ca_3464 1	0	0.021000	8743	1024
cn105.cs.uwaterloo.ca_cn109.cs.uwaterloo.ca_3466 1	0	0.021000	8739	1024
cn105.cs.uwaterloo.ca_cn109.cs.uwaterloo.ca_3474 1	0	0.021000	8747	1024
cn105.cs.uwaterloo.ca_cn109.cs.uwaterloo.ca_3486 1	0	0.021000	8755	1024
cn105.cs.uwaterloo.ca_cn109.cs.uwaterloo.ca_3490 1	0	0.021000	8774	1024
cn105.cs.uwaterloo.ca_cn109.cs.uwaterloo.ca_3492 1	0	0.021000	8777	1024
cn105.cs.uwaterloo.ca_cn109.cs.uwaterloo.ca_3495 1	0	0.021000	8786	1024
cn105.cs.uwaterloo.ca_cn109.cs.uwaterloo.ca_3496 1	0	0.021000	8788	1024
cn105.cs.uwaterloo.ca_cn109.cs.uwaterloo.ca_3499 1	0	0.021000	8790	1024
cn105.cs.uwaterloo.ca_cn109.cs.uwaterloo.ca_3501 1	0	0.021000	8791	1024
cn105.cs.uwaterloo.ca_cn109.cs.uwaterloo.ca_3505 1	0	0.021000	8798	1024
cn105.cs.uwaterloo.ca_cn109.cs.uwaterloo.ca_3507 1	0	0.021000	8803	1024
cn105.cs.uwaterloo.ca_cn109.cs.uwaterloo.ca_3510 1	0	0.021000	8822	1024
cn105.cs.uwaterloo.ca_cn109.cs.uwaterloo.ca_3516 1	0	0.021000	8841	1024
cn105.cs.uwaterloo.ca_cn109.cs.uwaterloo.ca_3560 1	0	0.021000	8858	1024
